2021000000022479 0.790 593.6 522.1 639.9 600.5 80
2021000000022479 0.783 59.7 71.3 305.5 342.9 80
2021000000022479 0.783 62.0 40.2 280.9 278.6 80
2021000000022479 0.780 60.0 42.0 308.9 300.6 80
2021000000022479 0.779 46.8 6.0 452.2 440.8 80
2021000000022479 0.776 32.7 1.2 463.0 464.6 18
2021000000022479 0.775 48.1 286.8 113.1 416.3 80
2021000000022479 0.774 101.3 219.5 454.3 449.0 80
2021000000022479 0.774 116.5 80.7 457.6 459.2 80
2021000000022479 0.773 47.4 176.3 422.2 456.3 80
2021000000022479 0.769 53.8 91.0 473.2 456.5 80
2021000000022479 0.767 3.6 135.0 638.2 458.9 80
2021000000022479 0.766 33.2 3.0 416.9 312.5 80
2021000000022479 0.766 38.5 4.0 418.9 428.2 80
2021000000022479 0.766 48.7 152.9 115.9 206.2 80
2021000000022479 0.766 57.5 229.0 347.2 453.2 80
2021000000022479 0.761 355.8 416.5 421.4 465.8 80
2021000000022479 0.760 33.5 149.4 95.6 205.6 80
2021000000022479 0.759 493.1 394.8 512.8 452.9 80
2021000000022479 0.759 16.0 88.7 48.5 105.7 80
2021000000022479 0.756 20.6 370.0 66.3 408.7 80
2021000000022479 0.752 583.1 373.1 638.0 442.8 80
2021000000022479 0.750 599.4 374.9 642.3 453.2 80
2021000000022479 0.748 440.7 369.7 476.9 390.8 80
2021000000022479 0.747 445.0 372.3 476.4 394.3 80
2021000000022479 0.745 521.5 400.8 552.3 446.8 80
2021000000022479 0.743 636.8 21.6 641.0 189.2 80
2021000000022479 0.742 461.2 385.7 486.4 418.6 80
2021000000022479 0.738 459.1 384.5 487.9 447.3 80
2021000000022479 0.731 528.9 369.8 584.3 414.4 80
2021000000022479 0.728 594.5 363.9 640.4 427.2 80
2021000000022479 0.724 360.1 359.0 477.9 468.8 80
2021000000022479 0.720 633.3 362.7 640.1 416.1 80
2021000000022479 0.718 1.0 310.8 2.6 539.3 80
2021000000022479 0.713 554.2 415.0 573.8 452.2 80
2021000000022479 0.701 356.9 375.9 484.2 476.8 80
2021000000022479 0.697 536.3 366.9 632.4 448.3 80
2021000000022479 0.670 579.5 369.4 593.4 412.7 80
2021000000022479 0.662 555.0 375.2 577.4 413.7 80
2021000000022479 0.652 557.4 377.1 578.5 412.5 80
2021000000022479 0.649 492.4 375.3 517.2 451.5 80
2021000000022479 0.635 522.6 406.8 552.6 450.8 80
2021000000022479 0.602 598.3 369.3 641.2 453.3 80
2021000000022479 0.180 62.3 203.2 235.8 375.2 80
2021000000022479 0.174 71.1 255.7 271.4 441.8 80
2021000000022479 0.137 67.3 195.8 187.3 295.3 80
2021000000022479 0.121 -71.8 591.5 124.3 607.1 80
2021000000022479 0.120 462.7 250.9 553.7 329.2 80
2021000000022479 0.118 55.2 152.0 143.7 222.0 80
2021000000022479 0.112 10.4 593.8 550.9 609.3 80
2021000000022479 0.111 279.6 338.9 384.2 425.0 80
2021000000022479 0.109 522.6 406.8 552.6 450.8 18
2021000000022479 0.107 147.4 276.5 274.9 397.5 80
2021000000022479 0.106 302.0 404.9 414.9 495.0 80
2021000000022479 0.105 373.8 0.7 484.3 10.5 80
2021000000022479 0.105 53.9 591.6 311.1 606.7 80
2021000000022479 0.105 269.0 227.7 377.5 329.6 80
2021000000022479 0.105 557.4 377.1 578.5 412.5 18
2021000000022479 0.104 338.2 352.3 434.2 430.7 80
2021000000022479 0.103 195.7 401.8 325.5 508.9 80
2021000000022479 0.102 598.3 369.3 641.2 453.3 18
2021000000022479 0.102 492.4 375.3 517.2 451.5 18
2021000000022479 0.101 391.8 274.9 486.6 358.3 80
2021000000022479 0.101 265.7 -0.3 370.9 7.2 80
2021000000022479 0.100 343.1 216.7 433.7 292.9 80
2021000000022479 0.099 152.5 408.3 295.5 546.2 80
2021000000022479 0.098 361.2 285.6 455.3 365.4 80
2021000000022479 0.098 544.9 170.9 642.6 289.2 80
2021000000022479 0.097 314.3 280.5 410.6 366.4 80
2021000000022479 0.093 -29.7 566.8 50.8 605.9 80
2021000000022479 0.093 483.2 151.8 579.2 253.2 80
2021000000022479 0.092 413.1 179.1 500.0 257.5 80
2021000000022479 0.091 63.6 310.8 156.0 407.1 80
2021000000022479 0.091 76.3 364.0 197.4 502.9 80
2021000000022479 0.088 16.5 318.3 106.1 416.3 80
2021000000022479 0.086 -23.3 295.0 61.7 399.0 80
2021000000022479 0.086 555.0 375.2 577.4 413.7 18
2021000000022479 0.083 579.5 369.4 593.4 412.7 18
2021000000022479 0.082 362.3 552.1 469.2 602.5 80
2021000000022479 0.081 311.3 0.5 394.2 2.7 80
2021000000022479 0.081 267.4 421.7 398.4 578.4 80
2021000000022479 0.081 -9.1 398.2 303.3 634.1 80
2021000000022479 0.078 279.7 534.3 379.1 589.8 80
2021000000022479 0.077 -4.6 520.4 112.2 582.4 80
2021000000022479 0.077 -1.8 1.2 75.2 3.4 80
2021000000022479 0.075 80.1 527.1 189.0 587.0 80
2021000000022479 0.075 233.4 516.0 340.2 576.6 80
2021000000022479 0.074 169.1 526.9 273.9 588.3 80
2021000000022479 0.074 47.0 510.0 163.6 573.4 80
2021000000022479 0.068 505.8 8.3 673.2 69.5 80
2021000000022479 0.068 383.5 7.8 539.2 67.0 80
2021000000022479 0.067 429.7 7.6 590.9 65.4 80
2021000000022479 0.067 260.3 3.7 412.2 60.9 80
2021000000022479 0.067 337.4 5.6 491.5 62.5 80
2021000000022479 0.066 227.6 5.8 350.7 61.0 80
2021000000022479 0.066 201.1 3.7 305.8 57.3 80
2021000000022479 0.066 -30.3 39.3 50.9 98.0 80
2021000000022479 0.066 -15.5 1.9 120.7 56.3 80
2021000000022479 0.066 161.9 1.3 249.2 52.0 80
2021000000022479 0.065 98.0 -2.1 163.2 43.2 80
2021000000022479 0.790 593.6 522.1 639.9 600.5 80
2021000000022479 0.783 59.7 71.3 305.5 342.9 80
2021000000022479 0.783 62.0 40.2 280.9 278.6 80
2021000000022479 0.780 60.0 42.0 308.9 300.6 80
2021000000022479 0.779 46.8 6.0 452.2 440.8 80
2021000000022479 0.776 32.7 1.2 463.0 464.6 18
2021000000022479 0.775 48.1 286.8 113.1 416.3 80
2021000000022479 0.774 101.3 219.5 454.3 449.0 80
2021000000022479 0.774 116.5 80.7 457.6 459.2 80
2021000000022479 0.773 47.4 176.3 422.2 456.3 80
2021000000022479 0.769 53.8 91.0 473.2 456.5 80
2021000000022479 0.767 3.6 135.0 638.2 458.9 80
2021000000022479 0.766 33.2 3.0 416.9 312.5 80
2021000000022479 0.766 38.5 4.0 418.9 428.2 80
2021000000022479 0.766 48.7 152.9 115.9 206.2 80
2021000000022479 0.766 57.5 229.0 347.2 453.2 80
2021000000022479 0.761 355.8 416.5 421.4 465.8 80
2021000000022479 0.760 33.5 149.4 95.6 205.6 80
2021000000022479 0.759 493.1 394.8 512.8 452.9 80
2021000000022479 0.759 16.0 88.7 48.5 105.7 80
2021000000022479 0.756 20.6 370.0 66.3 408.7 80
2021000000022479 0.752 583.1 373.1 638.0 442.8 80
2021000000022479 0.750 599.4 374.9 642.3 453.2 80
2021000000022479 0.748 440.7 369.7 476.9 390.8 80
2021000000022479 0.747 445.0 372.3 476.4 394.3 80
2021000000022479 0.745 521.5 400.8 552.3 446.8 80
2021000000022479 0.743 636.8 21.6 641.0 189.2 80
2021000000022479 0.742 461.2 385.7 486.4 418.6 80
2021000000022479 0.738 459.1 384.5 487.9 447.3 80
2021000000022479 0.731 528.9 369.8 584.3 414.4 80
2021000000022479 0.728 594.5 363.9 640.4 427.2 80
2021000000022479 0.724 360.1 359.0 477.9 468.8 80
2021000000022479 0.720 633.3 362.7 640.1 416.1 80
2021000000022479 0.718 1.0 310.8 2.6 539.3 80
2021000000022479 0.713 554.2 415.0 573.8 452.2 80
2021000000022479 0.701 356.9 375.9 484.2 476.8 80
2021000000022479 0.697 536.3 366.9 632.4 448.3 80
2021000000022479 0.670 579.5 369.4 593.4 412.7 80
2021000000022479 0.662 555.0 375.2 577.4 413.7 80
2021000000022479 0.652 557.4 377.1 578.5 412.5 80
2021000000022479 0.649 492.4 375.3 517.2 451.5 80
2021000000022479 0.635 522.6 406.8 552.6 450.8 80
2021000000022479 0.602 598.3 369.3 641.2 453.3 80
2021000000022479 0.180 62.3 203.2 235.8 375.2 80
2021000000022479 0.174 71.1 255.7 271.4 441.8 80
2021000000022479 0.137 67.3 195.8 187.3 295.3 80
2021000000022479 0.121 -71.8 591.5 124.3 607.1 80
2021000000022479 0.120 462.7 250.9 553.7 329.2 80
2021000000022479 0.118 55.2 152.0 143.7 222.0 80
2021000000022479 0.112 10.4 593.8 550.9 609.3 80
2021000000022479 0.111 279.6 338.9 384.2 425.0 80
2021000000022479 0.109 522.6 406.8 552.6 450.8 18
2021000000022479 0.107 147.4 276.5 274.9 397.5 80
2021000000022479 0.106 302.0 404.9 414.9 495.0 80
2021000000022479 0.105 373.8 0.7 484.3 10.5 80
2021000000022479 0.105 53.9 591.6 311.1 606.7 80
2021000000022479 0.105 269.0 227.7 377.5 329.6 80
2021000000022479 0.105 557.4 377.1 578.5 412.5 18
2021000000022479 0.104 338.2 352.3 434.2 430.7 80
2021000000022479 0.103 195.7 401.8 325.5 508.9 80
2021000000022479 0.102 598.3 369.3 641.2 453.3 18
2021000000022479 0.102 492.4 375.3 517.2 451.5 18
2021000000022479 0.101 391.8 274.9 486.6 358.3 80
2021000000022479 0.101 265.7 -0.3 370.9 7.2 80
2021000000022479 0.100 343.1 216.7 433.7 292.9 80
2021000000022479 0.099 152.5 408.3 295.5 546.2 80
2021000000022479 0.098 361.2 285.6 455.3 365.4 80
2021000000022479 0.098 544.9 170.9 642.6 289.2 80
2021000000022479 0.097 314.3 280.5 410.6 366.4 80
2021000000022479 0.093 -29.7 566.8 50.8 605.9 80
2021000000022479 0.093 483.2 151.8 579.2 253.2 80
2021000000022479 0.092 413.1 179.1 500.0 257.5 80
2021000000022479 0.091 63.6 310.8 156.0 407.1 80
2021000000022479 0.091 76.3 364.0 197.4 502.9 80
2021000000022479 0.088 16.5 318.3 106.1 416.3 80
2021000000022479 0.086 -23.3 295.0 61.7 399.0 80
2021000000022479 0.086 555.0 375.2 577.4 413.7 18
2021000000022479 0.083 579.5 369.4 593.4 412.7 18
2021000000022479 0.082 362.3 552.1 469.2 602.5 80
2021000000022479 0.081 311.3 0.5 394.2 2.7 80
2021000000022479 0.081 267.4 421.7 398.4 578.4 80
2021000000022479 0.081 -9.1 398.2 303.3 634.1 80
2021000000022479 0.078 279.7 534.3 379.1 589.8 80
2021000000022479 0.077 -4.6 520.4 112.2 582.4 80
2021000000022479 0.077 -1.8 1.2 75.2 3.4 80
2021000000022479 0.075 80.1 527.1 189.0 587.0 80
2021000000022479 0.075 233.4 516.0 340.2 576.6 80
2021000000022479 0.074 169.1 526.9 273.9 588.3 80
2021000000022479 0.074 47.0 510.0 163.6 573.4 80
2021000000022479 0.068 505.8 8.3 673.2 69.5 80
2021000000022479 0.068 383.5 7.8 539.2 67.0 80
2021000000022479 0.067 429.7 7.6 590.9 65.4 80
2021000000022479 0.067 260.3 3.7 412.2 60.9 80
2021000000022479 0.067 337.4 5.6 491.5 62.5 80
2021000000022479 0.066 227.6 5.8 350.7 61.0 80
2021000000022479 0.066 201.1 3.7 305.8 57.3 80
2021000000022479 0.066 -30.3 39.3 50.9 98.0 80
2021000000022479 0.066 -15.5 1.9 120.7 56.3 80
2021000000022479 0.066 161.9 1.3 249.2 52.0 80
2021000000022479 0.065 98.0 -2.1 163.2 43.2 80
