2021000000299355 0.794 470.7 338.6 499.7 373.6 80
2021000000299355 0.778 4.2 19.2 498.2 343.3 80
2021000000299355 0.769 139.3 1.7 205.2 61.3 80
2021000000299355 0.769 460.6 74.5 500.6 192.9 80
2021000000299355 0.766 45.9 163.7 103.7 254.4 80
2021000000299355 0.762 199.7 1.1 276.1 66.6 80
2021000000299355 0.759 130.7 163.4 164.6 190.1 80
2021000000299355 0.758 156.0 97.6 389.8 309.9 80
2021000000299355 0.756 287.8 99.4 333.9 130.9 80
2021000000299355 0.754 242.8 4.9 276.9 67.5 80
2021000000299355 0.754 7.7 2.0 117.4 29.8 80
2021000000299355 0.750 302.4 208.2 386.0 308.4 80
2021000000299355 0.749 232.7 97.2 337.8 139.1 80
2021000000299355 0.748 498.7 89.2 500.0 207.4 80
2021000000299355 0.747 162.2 88.0 312.0 176.8 80
2021000000299355 0.747 303.4 258.4 386.9 313.6 80
2021000000299355 0.743 164.8 91.9 267.8 138.9 80
2021000000299355 0.740 351.4 364.9 424.7 375.2 80
2021000000299355 0.736 71.6 0.7 113.7 15.6 80
2021000000299355 0.735 162.7 92.6 325.3 139.3 80
2021000000299355 0.735 498.7 26.1 499.9 90.0 80
2021000000299355 0.719 0.4 -12.2 8.6 200.9 80
2021000000299355 0.716 1.0 -2.9 4.9 47.7 80
2021000000299355 0.715 163.0 93.2 358.3 195.5 80
2021000000299355 0.712 305.1 187.8 395.6 314.3 80
2021000000299355 0.692 133.3 164.3 142.2 178.4 80
2021000000299355 0.680 163.7 93.1 394.0 310.7 80
2021000000299355 0.678 304.2 204.9 397.8 314.7 80
2021000000299355 0.665 171.1 92.8 329.3 136.7 80
2021000000299355 0.643 156.2 93.3 378.7 309.6 80
2021000000299355 0.620 165.2 90.2 298.0 135.6 80
2021000000299355 0.557 306.0 256.8 378.9 312.8 80
2021000000299355 0.402 470.3 45.6 502.3 400.8 80
2021000000299355 0.247 101.9 150.2 340.7 292.9 80
2021000000299355 0.159 355.0 364.4 597.9 377.2 80
2021000000299355 0.146 122.8 125.2 230.0 176.1 80
2021000000299355 0.139 255.8 146.6 376.4 234.2 80
2021000000299355 0.136 171.9 202.2 315.6 304.7 80
2021000000299355 0.135 156.2 93.3 378.7 309.6 14
2021000000299355 0.135 255.3 89.2 322.2 126.4 80
2021000000299355 0.134 306.0 256.8 378.9 312.8 6
2021000000299355 0.130 116.0 181.1 260.2 284.8 80
2021000000299355 0.125 278.7 129.0 403.2 232.3 80
2021000000299355 0.123 270.4 258.2 357.5 313.4 80
2021000000299355 0.121 361.9 118.2 440.1 161.9 80
2021000000299355 0.119 306.0 256.8 378.9 312.8 14
2021000000299355 0.115 159.2 171.6 241.2 219.5 80
2021000000299355 0.110 162.9 -0.1 254.7 6.9 80
2021000000299355 0.104 104.6 366.1 307.8 376.5 80
2021000000299355 0.103 426.1 174.7 512.5 279.5 80
2021000000299355 0.102 397.9 1.4 480.0 6.1 80
2021000000299355 0.100 341.7 187.7 431.1 258.8 80
2021000000299355 0.098 148.3 232.5 267.8 329.4 80
2021000000299355 0.098 326.2 132.8 416.9 201.4 80
2021000000299355 0.098 88.5 202.6 176.6 272.1 80
2021000000299355 0.096 304.2 204.9 397.8 314.7 6
2021000000299355 0.096 416.3 154.2 490.2 218.4 80
2021000000299355 0.095 163.7 93.1 394.0 310.7 14
2021000000299355 0.092 287.5 294.3 374.2 365.0 80
2021000000299355 0.091 385.7 173.8 459.1 236.8 80
2021000000299355 0.091 362.2 215.5 450.1 296.3 80
2021000000299355 0.090 109.8 231.0 201.6 312.0 80
2021000000299355 0.088 57.3 216.3 154.0 316.2 80
2021000000299355 0.087 396.8 177.3 486.1 292.6 80
2021000000299355 0.086 11.1 188.5 85.2 264.0 80
2021000000299355 0.085 326.9 0.6 396.6 2.0 80
2021000000299355 0.082 432.9 0.7 498.6 1.8 80
2021000000299355 0.081 -13.4 90.2 39.0 423.9 80
2021000000299355 0.081 -8.2 205.6 70.3 318.0 80
2021000000299355 0.081 405.6 86.1 508.8 399.2 80
2021000000299355 0.081 19.7 176.6 118.1 350.7 80
2021000000299355 0.080 87.0 1.5 151.8 2.6 80
2021000000299355 0.080 -19.1 329.1 38.5 362.4 80
2021000000299355 0.079 11.3 327.2 111.0 362.6 80
2021000000299355 0.078 133.1 223.3 368.7 392.3 80
2021000000299355 0.078 340.1 330.1 420.1 364.6 80
2021000000299355 0.078 88.5 326.6 192.4 362.6 80
2021000000299355 0.077 123.7 336.5 206.6 371.2 80
2021000000299355 0.076 399.7 311.4 474.5 349.3 80
2021000000299355 0.076 298.6 220.7 484.8 391.7 80
2021000000299355 0.075 -11.7 294.8 57.2 334.2 80
2021000000299355 0.074 2.4 301.3 85.5 341.9 80
2021000000299355 0.073 40.0 310.1 125.8 349.8 80
2021000000299355 0.073 101.8 224.7 236.3 375.0 80
2021000000299355 0.073 72.0 311.3 153.5 350.2 80
2021000000299355 0.073 361.9 170.6 488.1 383.2 80
2021000000299355 0.073 -14.6 10.8 37.7 48.6 80
2021000000299355 0.072 165.2 90.2 298.0 135.6 14
2021000000299355 0.072 133.3 164.3 142.2 178.4 2
2021000000299355 0.071 45.5 -1.1 98.5 26.2 80
2021000000299355 0.070 163.0 93.2 358.3 195.5 14
2021000000299355 0.069 -6.1 18.5 40.7 49.6 80
2021000000299355 0.069 394.6 7.2 526.3 45.5 80
2021000000299355 0.068 134.6 0.7 186.8 1.1 80
2021000000299355 0.068 281.8 3.0 450.0 39.4 80
2021000000299355 0.067 328.9 4.0 473.5 39.5 80
2021000000299355 0.067 221.0 1.1 292.6 34.8 80
2021000000299355 0.067 260.9 2.7 393.7 37.4 80
2021000000299355 0.065 39.1 1.2 88.4 1.6 80
2021000000299355 0.065 242.0 3.3 298.4 31.2 80
2021000000299355 0.794 470.7 338.6 499.7 373.6 80
2021000000299355 0.778 4.2 19.2 498.2 343.3 80
2021000000299355 0.769 139.3 1.7 205.2 61.3 80
2021000000299355 0.769 460.6 74.5 500.6 192.9 80
2021000000299355 0.766 45.9 163.7 103.7 254.4 80
2021000000299355 0.762 199.7 1.1 276.1 66.6 80
2021000000299355 0.759 130.7 163.4 164.6 190.1 80
2021000000299355 0.758 156.0 97.6 389.8 309.9 80
2021000000299355 0.756 287.8 99.4 333.9 130.9 80
2021000000299355 0.754 242.8 4.9 276.9 67.5 80
2021000000299355 0.754 7.7 2.0 117.4 29.8 80
2021000000299355 0.750 302.4 208.2 386.0 308.4 80
2021000000299355 0.749 232.7 97.2 337.8 139.1 80
2021000000299355 0.748 498.7 89.2 500.0 207.4 80
2021000000299355 0.747 162.2 88.0 312.0 176.8 80
2021000000299355 0.747 303.4 258.4 386.9 313.6 80
2021000000299355 0.743 164.8 91.9 267.8 138.9 80
2021000000299355 0.740 351.4 364.9 424.7 375.2 80
2021000000299355 0.736 71.6 0.7 113.7 15.6 80
2021000000299355 0.735 162.7 92.6 325.3 139.3 80
2021000000299355 0.735 498.7 26.1 499.9 90.0 80
2021000000299355 0.719 0.4 -12.2 8.6 200.9 80
2021000000299355 0.716 1.0 -2.9 4.9 47.7 80
2021000000299355 0.715 163.0 93.2 358.3 195.5 80
2021000000299355 0.712 305.1 187.8 395.6 314.3 80
2021000000299355 0.692 133.3 164.3 142.2 178.4 80
2021000000299355 0.680 163.7 93.1 394.0 310.7 80
2021000000299355 0.678 304.2 204.9 397.8 314.7 80
2021000000299355 0.665 171.1 92.8 329.3 136.7 80
2021000000299355 0.643 156.2 93.3 378.7 309.6 80
2021000000299355 0.620 165.2 90.2 298.0 135.6 80
2021000000299355 0.557 306.0 256.8 378.9 312.8 80
2021000000299355 0.402 470.3 45.6 502.3 400.8 80
2021000000299355 0.247 101.9 150.2 340.7 292.9 80
2021000000299355 0.159 355.0 364.4 597.9 377.2 80
2021000000299355 0.146 122.8 125.2 230.0 176.1 80
2021000000299355 0.139 255.8 146.6 376.4 234.2 80
2021000000299355 0.136 171.9 202.2 315.6 304.7 80
2021000000299355 0.135 156.2 93.3 378.7 309.6 14
2021000000299355 0.135 255.3 89.2 322.2 126.4 80
2021000000299355 0.134 306.0 256.8 378.9 312.8 6
2021000000299355 0.130 116.0 181.1 260.2 284.8 80
2021000000299355 0.125 278.7 129.0 403.2 232.3 80
2021000000299355 0.123 270.4 258.2 357.5 313.4 80
2021000000299355 0.121 361.9 118.2 440.1 161.9 80
2021000000299355 0.119 306.0 256.8 378.9 312.8 14
2021000000299355 0.115 159.2 171.6 241.2 219.5 80
2021000000299355 0.110 162.9 -0.1 254.7 6.9 80
2021000000299355 0.104 104.6 366.1 307.8 376.5 80
2021000000299355 0.103 426.1 174.7 512.5 279.5 80
2021000000299355 0.102 397.9 1.4 480.0 6.1 80
2021000000299355 0.100 341.7 187.7 431.1 258.8 80
2021000000299355 0.098 148.3 232.5 267.8 329.4 80
2021000000299355 0.098 326.2 132.8 416.9 201.4 80
2021000000299355 0.098 88.5 202.6 176.6 272.1 80
2021000000299355 0.096 304.2 204.9 397.8 314.7 6
2021000000299355 0.096 416.3 154.2 490.2 218.4 80
2021000000299355 0.095 163.7 93.1 394.0 310.7 14
2021000000299355 0.092 287.5 294.3 374.2 365.0 80
2021000000299355 0.091 385.7 173.8 459.1 236.8 80
2021000000299355 0.091 362.2 215.5 450.1 296.3 80
2021000000299355 0.090 109.8 231.0 201.6 312.0 80
2021000000299355 0.088 57.3 216.3 154.0 316.2 80
2021000000299355 0.087 396.8 177.3 486.1 292.6 80
2021000000299355 0.086 11.1 188.5 85.2 264.0 80
2021000000299355 0.085 326.9 0.6 396.6 2.0 80
2021000000299355 0.082 432.9 0.7 498.6 1.8 80
2021000000299355 0.081 -13.4 90.2 39.0 423.9 80
2021000000299355 0.081 -8.2 205.6 70.3 318.0 80
2021000000299355 0.081 405.6 86.1 508.8 399.2 80
2021000000299355 0.081 19.7 176.6 118.1 350.7 80
2021000000299355 0.080 87.0 1.5 151.8 2.6 80
2021000000299355 0.080 -19.1 329.1 38.5 362.4 80
2021000000299355 0.079 11.3 327.2 111.0 362.6 80
2021000000299355 0.078 133.1 223.3 368.7 392.3 80
2021000000299355 0.078 340.1 330.1 420.1 364.6 80
2021000000299355 0.078 88.5 326.6 192.4 362.6 80
2021000000299355 0.077 123.7 336.5 206.6 371.2 80
2021000000299355 0.076 399.7 311.4 474.5 349.3 80
2021000000299355 0.076 298.6 220.7 484.8 391.7 80
2021000000299355 0.075 -11.7 294.8 57.2 334.2 80
2021000000299355 0.074 2.4 301.3 85.5 341.9 80
2021000000299355 0.073 40.0 310.1 125.8 349.8 80
2021000000299355 0.073 101.8 224.7 236.3 375.0 80
2021000000299355 0.073 72.0 311.3 153.5 350.2 80
2021000000299355 0.073 361.9 170.6 488.1 383.2 80
2021000000299355 0.073 -14.6 10.8 37.7 48.6 80
2021000000299355 0.072 165.2 90.2 298.0 135.6 14
2021000000299355 0.072 133.3 164.3 142.2 178.4 2
2021000000299355 0.071 45.5 -1.1 98.5 26.2 80
2021000000299355 0.070 163.0 93.2 358.3 195.5 14
2021000000299355 0.069 -6.1 18.5 40.7 49.6 80
2021000000299355 0.069 394.6 7.2 526.3 45.5 80
2021000000299355 0.068 134.6 0.7 186.8 1.1 80
2021000000299355 0.068 281.8 3.0 450.0 39.4 80
2021000000299355 0.067 328.9 4.0 473.5 39.5 80
2021000000299355 0.067 221.0 1.1 292.6 34.8 80
2021000000299355 0.067 260.9 2.7 393.7 37.4 80
2021000000299355 0.065 39.1 1.2 88.4 1.6 80
2021000000299355 0.065 242.0 3.3 298.4 31.2 80
