2021000000179265 0.794 599.4 382.0 635.7 423.3 80
2021000000179265 0.771 43.9 130.4 597.0 268.1 80
2021000000179265 0.769 98.8 105.6 567.6 368.8 80
2021000000179265 0.754 301.2 184.9 332.4 225.8 80
2021000000179265 0.748 455.9 162.4 480.6 186.4 80
2021000000179265 0.745 228.8 161.7 251.2 178.3 80
2021000000179265 0.745 438.4 191.3 460.0 217.4 80
2021000000179265 0.743 618.7 175.1 625.7 185.8 80
2021000000179265 0.742 225.4 162.8 243.4 181.3 80
2021000000179265 0.740 76.0 145.0 87.2 150.5 80
2021000000179265 0.735 486.8 63.1 495.1 72.7 80
2021000000179265 0.734 94.5 143.7 106.2 152.1 80
2021000000179265 0.731 308.6 170.0 321.6 188.1 80
2021000000179265 0.730 225.0 163.6 270.1 190.4 80
2021000000179265 0.730 498.2 166.1 517.3 190.1 80
2021000000179265 0.730 381.9 184.6 394.9 195.2 80
2021000000179265 0.729 638.2 265.4 640.1 315.5 80
2021000000179265 0.729 461.2 160.5 513.0 189.9 80
2021000000179265 0.727 398.0 163.7 509.7 193.4 80
2021000000179265 0.726 276.4 171.2 285.5 185.2 80
2021000000179265 0.721 540.9 166.9 556.3 194.2 80
2021000000179265 0.719 330.4 178.5 339.9 193.1 80
2021000000179265 0.712 639.0 170.0 640.1 195.9 80
2021000000179265 0.705 401.9 182.8 411.0 190.0 80
2021000000179265 0.704 286.4 148.7 440.6 271.5 80
2021000000179265 0.704 564.7 68.9 575.5 78.9 80
2021000000179265 0.704 284.2 162.7 291.1 180.0 80
2021000000179265 0.703 389.7 104.3 394.6 116.4 80
2021000000179265 0.693 459.6 169.5 501.1 195.8 80
2021000000179265 0.692 541.7 169.6 557.6 197.0 80
2021000000179265 0.689 389.5 110.6 393.9 120.3 80
2021000000179265 0.687 253.7 167.5 266.7 177.1 80
2021000000179265 0.679 393.4 104.1 398.2 116.4 80
2021000000179265 0.676 286.5 149.4 440.2 264.4 4
2021000000179265 0.672 599.3 168.8 611.7 184.3 80
2021000000179265 0.668 539.7 170.7 550.1 198.0 80
2021000000179265 0.666 93.3 142.1 105.4 151.4 80
2021000000179265 0.657 289.1 150.6 442.0 265.1 80
2021000000179265 0.639 460.0 157.0 519.8 194.4 80
2021000000179265 0.637 389.3 103.9 394.5 113.2 80
2021000000179265 0.636 223.0 163.2 285.7 190.8 80
2021000000179265 0.589 222.3 162.5 284.7 190.1 80
2021000000179265 0.586 390.7 104.5 396.1 118.1 18
2021000000179265 0.583 459.0 156.8 518.3 196.4 80
2021000000179265 0.582 223.3 162.6 286.3 190.1 5
2021000000179265 0.575 578.5 157.2 591.2 175.0 80
2021000000179265 0.534 548.4 139.1 624.6 199.9 80
2021000000179265 0.492 540.0 138.9 620.8 200.7 17
2021000000179265 0.446 460.6 156.4 520.0 194.1 17
2021000000179265 0.199 460.6 156.4 520.0 194.1 5
2021000000179265 0.166 540.0 138.9 620.8 200.7 80
2021000000179265 0.156 578.5 157.2 591.2 175.0 18
2021000000179265 0.147 222.3 162.5 284.7 190.1 17
2021000000179265 0.141 460.6 156.4 520.0 194.1 4
2021000000179265 0.136 459.0 156.8 518.3 196.4 17
2021000000179265 0.136 223.3 162.6 286.3 190.1 17
2021000000179265 0.134 390.7 104.5 396.1 118.1 80
2021000000179265 0.132 58.0 137.7 158.9 176.9 80
2021000000179265 0.132 540.0 138.9 620.8 200.7 5
2021000000179265 0.128 140.0 151.4 229.0 195.0 80
2021000000179265 0.128 167.0 220.4 252.0 265.2 80
2021000000179265 0.125 548.4 139.1 624.6 199.9 17
2021000000179265 0.121 385.5 256.4 468.1 299.4 80
2021000000179265 0.117 96.6 13.3 211.2 26.8 80
2021000000179265 0.108 460.6 156.4 520.0 194.1 80
2021000000179265 0.108 354.4 299.1 443.5 347.8 80
2021000000179265 0.107 537.3 287.1 630.0 346.3 80
2021000000179265 0.104 400.7 304.1 491.3 354.9 80
2021000000179265 0.100 270.4 286.2 355.9 335.3 80
2021000000179265 0.099 123.8 244.1 213.9 298.9 80
2021000000179265 0.099 219.5 300.9 306.2 350.4 80
2021000000179265 0.099 223.0 163.2 285.7 190.8 17
2021000000179265 0.099 573.8 195.5 664.5 400.3 80
2021000000179265 0.094 149.7 277.9 246.5 340.1 80
2021000000179265 0.094 334.1 337.3 426.4 392.9 80
2021000000179265 0.092 30.7 404.7 130.6 427.6 80
2021000000179265 0.091 88.3 275.3 182.5 341.9 80
2021000000179265 0.090 -20.8 217.2 59.3 270.6 80
2021000000179265 0.090 177.0 307.9 274.4 372.6 80
2021000000179265 0.089 19.0 252.7 280.1 465.5 80
2021000000179265 0.089 501.7 294.1 591.7 357.9 80
2021000000179265 0.088 18.4 228.0 104.1 288.4 80
2021000000179265 0.085 453.5 304.9 556.7 389.6 80
2021000000179265 0.083 -6.0 262.2 86.3 344.6 80
2021000000179265 0.083 40.2 268.9 137.1 357.3 80
2021000000179265 0.082 147.0 394.6 243.3 428.4 80
2021000000179265 0.081 223.3 162.6 286.3 190.1 80
2021000000179265 0.080 460.0 157.0 519.8 194.4 17
2021000000179265 0.079 263.8 297.7 550.1 456.7 80
2021000000179265 0.079 548.4 139.1 624.6 199.9 5
2021000000179265 0.079 237.6 303.8 356.2 418.9 80
2021000000179265 0.077 508.5 362.8 604.8 404.5 80
2021000000179265 0.077 279.1 371.4 373.4 412.2 80
2021000000179265 0.076 80.3 369.1 173.2 410.4 80
2021000000179265 0.076 389.3 103.9 394.5 113.2 18
2021000000179265 0.075 599.3 168.8 611.7 184.3 18
2021000000179265 0.074 -23.0 347.0 48.6 390.0 80
2021000000179265 0.074 522.9 12.2 585.2 55.5 80
2021000000179265 0.074 442.7 350.2 532.5 395.5 80
2021000000179265 0.073 222.3 162.5 284.7 190.1 5
2021000000179265 0.794 599.4 382.0 635.7 423.3 80
2021000000179265 0.771 43.9 130.4 597.0 268.1 80
2021000000179265 0.769 98.8 105.6 567.6 368.8 80
2021000000179265 0.754 301.2 184.9 332.4 225.8 80
2021000000179265 0.748 455.9 162.4 480.6 186.4 80
2021000000179265 0.745 228.8 161.7 251.2 178.3 80
2021000000179265 0.745 438.4 191.3 460.0 217.4 80
2021000000179265 0.743 618.7 175.1 625.7 185.8 80
2021000000179265 0.742 225.4 162.8 243.4 181.3 80
2021000000179265 0.740 76.0 145.0 87.2 150.5 80
2021000000179265 0.735 486.8 63.1 495.1 72.7 80
2021000000179265 0.734 94.5 143.7 106.2 152.1 80
2021000000179265 0.731 308.6 170.0 321.6 188.1 80
2021000000179265 0.730 225.0 163.6 270.1 190.4 80
2021000000179265 0.730 498.2 166.1 517.3 190.1 80
2021000000179265 0.730 381.9 184.6 394.9 195.2 80
2021000000179265 0.729 638.2 265.4 640.1 315.5 80
2021000000179265 0.729 461.2 160.5 513.0 189.9 80
2021000000179265 0.727 398.0 163.7 509.7 193.4 80
2021000000179265 0.726 276.4 171.2 285.5 185.2 80
2021000000179265 0.721 540.9 166.9 556.3 194.2 80
2021000000179265 0.719 330.4 178.5 339.9 193.1 80
2021000000179265 0.712 639.0 170.0 640.1 195.9 80
2021000000179265 0.705 401.9 182.8 411.0 190.0 80
2021000000179265 0.704 286.4 148.7 440.6 271.5 80
2021000000179265 0.704 564.7 68.9 575.5 78.9 80
2021000000179265 0.704 284.2 162.7 291.1 180.0 80
2021000000179265 0.703 389.7 104.3 394.6 116.4 80
2021000000179265 0.693 459.6 169.5 501.1 195.8 80
2021000000179265 0.692 541.7 169.6 557.6 197.0 80
2021000000179265 0.689 389.5 110.6 393.9 120.3 80
2021000000179265 0.687 253.7 167.5 266.7 177.1 80
2021000000179265 0.679 393.4 104.1 398.2 116.4 80
2021000000179265 0.676 286.5 149.4 440.2 264.4 4
2021000000179265 0.672 599.3 168.8 611.7 184.3 80
2021000000179265 0.668 539.7 170.7 550.1 198.0 80
2021000000179265 0.666 93.3 142.1 105.4 151.4 80
2021000000179265 0.657 289.1 150.6 442.0 265.1 80
2021000000179265 0.639 460.0 157.0 519.8 194.4 80
2021000000179265 0.637 389.3 103.9 394.5 113.2 80
2021000000179265 0.636 223.0 163.2 285.7 190.8 80
2021000000179265 0.589 222.3 162.5 284.7 190.1 80
2021000000179265 0.586 390.7 104.5 396.1 118.1 18
2021000000179265 0.583 459.0 156.8 518.3 196.4 80
2021000000179265 0.582 223.3 162.6 286.3 190.1 5
2021000000179265 0.575 578.5 157.2 591.2 175.0 80
2021000000179265 0.534 548.4 139.1 624.6 199.9 80
2021000000179265 0.492 540.0 138.9 620.8 200.7 17
2021000000179265 0.446 460.6 156.4 520.0 194.1 17
2021000000179265 0.199 460.6 156.4 520.0 194.1 5
2021000000179265 0.166 540.0 138.9 620.8 200.7 80
2021000000179265 0.156 578.5 157.2 591.2 175.0 18
2021000000179265 0.147 222.3 162.5 284.7 190.1 17
2021000000179265 0.141 460.6 156.4 520.0 194.1 4
2021000000179265 0.136 459.0 156.8 518.3 196.4 17
2021000000179265 0.136 223.3 162.6 286.3 190.1 17
2021000000179265 0.134 390.7 104.5 396.1 118.1 80
2021000000179265 0.132 58.0 137.7 158.9 176.9 80
2021000000179265 0.132 540.0 138.9 620.8 200.7 5
2021000000179265 0.128 140.0 151.4 229.0 195.0 80
2021000000179265 0.128 167.0 220.4 252.0 265.2 80
2021000000179265 0.125 548.4 139.1 624.6 199.9 17
2021000000179265 0.121 385.5 256.4 468.1 299.4 80
2021000000179265 0.117 96.6 13.3 211.2 26.8 80
2021000000179265 0.108 460.6 156.4 520.0 194.1 80
2021000000179265 0.108 354.4 299.1 443.5 347.8 80
2021000000179265 0.107 537.3 287.1 630.0 346.3 80
2021000000179265 0.104 400.7 304.1 491.3 354.9 80
2021000000179265 0.100 270.4 286.2 355.9 335.3 80
2021000000179265 0.099 123.8 244.1 213.9 298.9 80
2021000000179265 0.099 219.5 300.9 306.2 350.4 80
2021000000179265 0.099 223.0 163.2 285.7 190.8 17
2021000000179265 0.099 573.8 195.5 664.5 400.3 80
2021000000179265 0.094 149.7 277.9 246.5 340.1 80
2021000000179265 0.094 334.1 337.3 426.4 392.9 80
2021000000179265 0.092 30.7 404.7 130.6 427.6 80
2021000000179265 0.091 88.3 275.3 182.5 341.9 80
2021000000179265 0.090 -20.8 217.2 59.3 270.6 80
2021000000179265 0.090 177.0 307.9 274.4 372.6 80
2021000000179265 0.089 19.0 252.7 280.1 465.5 80
2021000000179265 0.089 501.7 294.1 591.7 357.9 80
2021000000179265 0.088 18.4 228.0 104.1 288.4 80
2021000000179265 0.085 453.5 304.9 556.7 389.6 80
2021000000179265 0.083 -6.0 262.2 86.3 344.6 80
2021000000179265 0.083 40.2 268.9 137.1 357.3 80
2021000000179265 0.082 147.0 394.6 243.3 428.4 80
2021000000179265 0.081 223.3 162.6 286.3 190.1 80
2021000000179265 0.080 460.0 157.0 519.8 194.4 17
2021000000179265 0.079 263.8 297.7 550.1 456.7 80
2021000000179265 0.079 548.4 139.1 624.6 199.9 5
2021000000179265 0.079 237.6 303.8 356.2 418.9 80
2021000000179265 0.077 508.5 362.8 604.8 404.5 80
2021000000179265 0.077 279.1 371.4 373.4 412.2 80
2021000000179265 0.076 80.3 369.1 173.2 410.4 80
2021000000179265 0.076 389.3 103.9 394.5 113.2 18
2021000000179265 0.075 599.3 168.8 611.7 184.3 18
2021000000179265 0.074 -23.0 347.0 48.6 390.0 80
2021000000179265 0.074 522.9 12.2 585.2 55.5 80
2021000000179265 0.074 442.7 350.2 532.5 395.5 80
2021000000179265 0.073 222.3 162.5 284.7 190.1 5
