2021000000185409 0.789 598.7 368.5 641.3 422.0 80
2021000000185409 0.729 5.2 89.0 564.3 299.5 80
2021000000185409 0.729 37.5 90.9 649.6 271.2 80
2021000000185409 0.725 255.7 170.3 369.9 315.4 80
2021000000185409 0.723 0.4 76.7 631.9 270.0 80
2021000000185409 0.723 488.7 164.0 593.4 302.9 80
2021000000185409 0.722 142.3 81.8 236.0 175.1 80
2021000000185409 0.722 368.3 164.4 599.4 312.6 80
2021000000185409 0.721 438.9 117.7 593.4 250.1 80
2021000000185409 0.721 22.7 71.9 431.1 259.3 80
2021000000185409 0.720 151.7 104.8 270.6 313.1 80
2021000000185409 0.719 267.9 209.8 397.1 320.7 80
2021000000185409 0.717 268.3 140.5 417.6 321.1 80
2021000000185409 0.715 439.7 122.3 601.8 318.0 80
2021000000185409 0.712 360.0 157.6 527.6 319.5 80
2021000000185409 0.711 257.4 135.6 414.9 327.2 15
2021000000185409 0.710 50.1 101.7 535.3 319.9 80
2021000000185409 0.707 262.3 119.5 540.8 311.9 80
2021000000185409 0.707 39.7 96.9 497.3 288.4 80
2021000000185409 0.706 160.6 110.9 590.7 307.0 80
2021000000185409 0.706 69.1 105.5 455.7 306.3 80
2021000000185409 0.703 362.2 146.5 529.7 319.8 80
2021000000185409 0.700 237.6 134.2 529.6 312.3 80
2021000000185409 0.695 441.8 110.6 611.5 324.2 15
2021000000185409 0.693 635.3 150.3 640.3 297.2 80
2021000000185409 0.679 598.5 156.9 641.0 197.3 80
2021000000185409 0.670 144.1 100.6 267.4 319.7 15
2021000000185409 0.670 18.0 77.5 272.6 282.3 80
2021000000185409 0.660 17.0 88.5 339.7 329.0 80
2021000000185409 0.656 352.9 137.9 587.3 319.9 80
2021000000185409 0.655 359.1 130.9 516.4 297.2 80
2021000000185409 0.654 459.3 119.0 607.0 197.1 80
2021000000185409 0.652 488.0 126.1 601.4 270.4 80
2021000000185409 0.650 4.7 115.7 76.6 210.2 80
2021000000185409 0.649 25.8 91.0 179.3 247.2 80
2021000000185409 0.648 0.6 120.7 27.8 281.1 80
2021000000185409 0.644 597.2 156.0 642.6 235.3 80
2021000000185409 0.643 530.1 121.8 607.0 180.2 80
2021000000185409 0.643 507.0 136.9 642.5 299.1 80
2021000000185409 0.641 2.6 91.0 638.2 311.6 80
2021000000185409 0.612 600.8 157.7 641.8 292.8 80
2021000000185409 0.606 -1.7 97.6 158.3 304.6 15
2021000000185409 0.600 -2.5 87.1 162.4 204.7 80
2021000000185409 0.594 498.4 121.9 604.4 316.8 80
2021000000185409 0.562 361.5 108.4 595.1 310.9 80
2021000000185409 0.552 57.6 67.1 96.3 113.8 80
2021000000185409 0.547 108.4 78.3 180.1 218.2 80
2021000000185409 0.538 112.2 78.9 183.2 206.0 80
2021000000185409 0.535 146.7 78.0 183.5 111.3 80
2021000000185409 0.531 61.0 87.1 157.8 145.6 80
2021000000185409 0.529 524.6 122.0 605.4 175.1 80
2021000000185409 0.506 2.5 118.6 77.7 289.5 80
2021000000185409 0.505 528.6 129.8 641.4 297.0 80
2021000000185409 0.500 361.0 115.3 605.2 321.2 80
2021000000185409 0.498 147.9 76.5 184.8 112.7 80
2021000000185409 0.492 0.2 102.4 26.4 146.2 80
2021000000185409 0.454 58.2 68.6 126.5 112.7 80
2021000000185409 0.444 74.2 79.4 166.0 211.0 80
2021000000185409 0.435 -0.6 95.3 27.2 137.7 80
2021000000185409 0.431 1.4 115.9 75.5 161.1 15
2021000000185409 0.422 13.7 72.1 69.2 133.5 80
2021000000185409 0.409 0.5 74.1 50.5 134.7 15
2021000000185409 0.380 596.5 155.6 641.5 295.6 80
2021000000185409 0.373 56.6 64.7 96.4 111.7 80
2021000000185409 0.373 19.8 99.2 106.2 136.0 80
2021000000185409 0.367 596.5 155.6 641.5 295.6 15
2021000000185409 0.365 74.8 77.4 164.7 145.5 15
2021000000185409 0.362 357.6 152.1 525.9 318.0 80
2021000000185409 0.361 74.8 77.4 164.7 145.5 80
2021000000185409 0.360 357.6 152.1 525.9 318.0 15
2021000000185409 0.355 529.0 123.1 636.2 294.3 80
2021000000185409 0.345 529.0 123.1 636.2 294.3 15
2021000000185409 0.328 0.5 74.1 50.5 134.7 80
2021000000185409 0.324 19.8 99.2 106.2 136.0 15
2021000000185409 0.321 1.4 115.9 75.5 161.1 80
2021000000185409 0.316 56.6 64.7 96.4 111.7 15
2021000000185409 0.293 -0.6 95.3 27.2 137.7 15
2021000000185409 0.291 58.2 68.6 126.5 112.7 15
2021000000185409 0.291 13.7 72.1 69.2 133.5 15
2021000000185409 0.265 361.0 115.3 605.2 321.2 15
2021000000185409 0.262 74.2 79.4 166.0 211.0 15
2021000000185409 0.241 0.2 102.4 26.4 146.2 15
2021000000185409 0.237 2.5 118.6 77.7 289.5 15
2021000000185409 0.229 528.6 129.8 641.4 297.0 15
2021000000185409 0.196 112.2 78.9 183.2 206.0 15
2021000000185409 0.195 61.0 87.1 157.8 145.6 15
2021000000185409 0.192 146.7 78.0 183.5 111.3 15
2021000000185409 0.191 57.6 67.1 96.3 113.8 15
2021000000185409 0.186 361.5 108.4 595.1 310.9 15
2021000000185409 0.178 147.9 76.5 184.8 112.7 15
2021000000185409 0.172 108.4 78.3 180.1 218.2 15
2021000000185409 0.160 -1.7 97.6 158.3 304.6 80
2021000000185409 0.155 524.6 122.0 605.4 175.1 15
2021000000185409 0.151 -2.5 87.1 162.4 204.7 15
2021000000185409 0.143 498.4 121.9 604.4 316.8 15
2021000000185409 0.121 352.9 137.9 587.3 319.9 15
2021000000185409 0.121 144.1 100.6 267.4 319.7 80
2021000000185409 0.121 4.7 115.7 76.6 210.2 15
2021000000185409 0.120 597.2 156.0 642.6 235.3 15
2021000000185409 0.120 600.8 157.7 641.8 292.8 15
2021000000185409 0.789 598.7 368.5 641.3 422.0 80
2021000000185409 0.729 5.2 89.0 564.3 299.5 80
2021000000185409 0.729 37.5 90.9 649.6 271.2 80
2021000000185409 0.725 255.7 170.3 369.9 315.4 80
2021000000185409 0.723 0.4 76.7 631.9 270.0 80
2021000000185409 0.723 488.7 164.0 593.4 302.9 80
2021000000185409 0.722 142.3 81.8 236.0 175.1 80
2021000000185409 0.722 368.3 164.4 599.4 312.6 80
2021000000185409 0.721 438.9 117.7 593.4 250.1 80
2021000000185409 0.721 22.7 71.9 431.1 259.3 80
2021000000185409 0.720 151.7 104.8 270.6 313.1 80
2021000000185409 0.719 267.9 209.8 397.1 320.7 80
2021000000185409 0.717 268.3 140.5 417.6 321.1 80
2021000000185409 0.715 439.7 122.3 601.8 318.0 80
2021000000185409 0.712 360.0 157.6 527.6 319.5 80
2021000000185409 0.711 257.4 135.6 414.9 327.2 15
2021000000185409 0.710 50.1 101.7 535.3 319.9 80
2021000000185409 0.707 262.3 119.5 540.8 311.9 80
2021000000185409 0.707 39.7 96.9 497.3 288.4 80
2021000000185409 0.706 160.6 110.9 590.7 307.0 80
2021000000185409 0.706 69.1 105.5 455.7 306.3 80
2021000000185409 0.703 362.2 146.5 529.7 319.8 80
2021000000185409 0.700 237.6 134.2 529.6 312.3 80
2021000000185409 0.695 441.8 110.6 611.5 324.2 15
2021000000185409 0.693 635.3 150.3 640.3 297.2 80
2021000000185409 0.679 598.5 156.9 641.0 197.3 80
2021000000185409 0.670 144.1 100.6 267.4 319.7 15
2021000000185409 0.670 18.0 77.5 272.6 282.3 80
2021000000185409 0.660 17.0 88.5 339.7 329.0 80
2021000000185409 0.656 352.9 137.9 587.3 319.9 80
2021000000185409 0.655 359.1 130.9 516.4 297.2 80
2021000000185409 0.654 459.3 119.0 607.0 197.1 80
2021000000185409 0.652 488.0 126.1 601.4 270.4 80
2021000000185409 0.650 4.7 115.7 76.6 210.2 80
2021000000185409 0.649 25.8 91.0 179.3 247.2 80
2021000000185409 0.648 0.6 120.7 27.8 281.1 80
2021000000185409 0.644 597.2 156.0 642.6 235.3 80
2021000000185409 0.643 530.1 121.8 607.0 180.2 80
2021000000185409 0.643 507.0 136.9 642.5 299.1 80
2021000000185409 0.641 2.6 91.0 638.2 311.6 80
2021000000185409 0.612 600.8 157.7 641.8 292.8 80
2021000000185409 0.606 -1.7 97.6 158.3 304.6 15
2021000000185409 0.600 -2.5 87.1 162.4 204.7 80
2021000000185409 0.594 498.4 121.9 604.4 316.8 80
2021000000185409 0.562 361.5 108.4 595.1 310.9 80
2021000000185409 0.552 57.6 67.1 96.3 113.8 80
2021000000185409 0.547 108.4 78.3 180.1 218.2 80
2021000000185409 0.538 112.2 78.9 183.2 206.0 80
2021000000185409 0.535 146.7 78.0 183.5 111.3 80
2021000000185409 0.531 61.0 87.1 157.8 145.6 80
2021000000185409 0.529 524.6 122.0 605.4 175.1 80
2021000000185409 0.506 2.5 118.6 77.7 289.5 80
2021000000185409 0.505 528.6 129.8 641.4 297.0 80
2021000000185409 0.500 361.0 115.3 605.2 321.2 80
2021000000185409 0.498 147.9 76.5 184.8 112.7 80
2021000000185409 0.492 0.2 102.4 26.4 146.2 80
2021000000185409 0.454 58.2 68.6 126.5 112.7 80
2021000000185409 0.444 74.2 79.4 166.0 211.0 80
2021000000185409 0.435 -0.6 95.3 27.2 137.7 80
2021000000185409 0.431 1.4 115.9 75.5 161.1 15
2021000000185409 0.422 13.7 72.1 69.2 133.5 80
2021000000185409 0.409 0.5 74.1 50.5 134.7 15
2021000000185409 0.380 596.5 155.6 641.5 295.6 80
2021000000185409 0.373 56.6 64.7 96.4 111.7 80
2021000000185409 0.373 19.8 99.2 106.2 136.0 80
2021000000185409 0.367 596.5 155.6 641.5 295.6 15
2021000000185409 0.365 74.8 77.4 164.7 145.5 15
2021000000185409 0.362 357.6 152.1 525.9 318.0 80
2021000000185409 0.361 74.8 77.4 164.7 145.5 80
2021000000185409 0.360 357.6 152.1 525.9 318.0 15
2021000000185409 0.355 529.0 123.1 636.2 294.3 80
2021000000185409 0.345 529.0 123.1 636.2 294.3 15
2021000000185409 0.328 0.5 74.1 50.5 134.7 80
2021000000185409 0.324 19.8 99.2 106.2 136.0 15
2021000000185409 0.321 1.4 115.9 75.5 161.1 80
2021000000185409 0.316 56.6 64.7 96.4 111.7 15
2021000000185409 0.293 -0.6 95.3 27.2 137.7 15
2021000000185409 0.291 58.2 68.6 126.5 112.7 15
2021000000185409 0.291 13.7 72.1 69.2 133.5 15
2021000000185409 0.265 361.0 115.3 605.2 321.2 15
2021000000185409 0.262 74.2 79.4 166.0 211.0 15
2021000000185409 0.241 0.2 102.4 26.4 146.2 15
2021000000185409 0.237 2.5 118.6 77.7 289.5 15
2021000000185409 0.229 528.6 129.8 641.4 297.0 15
2021000000185409 0.196 112.2 78.9 183.2 206.0 15
2021000000185409 0.195 61.0 87.1 157.8 145.6 15
2021000000185409 0.192 146.7 78.0 183.5 111.3 15
2021000000185409 0.191 57.6 67.1 96.3 113.8 15
2021000000185409 0.186 361.5 108.4 595.1 310.9 15
2021000000185409 0.178 147.9 76.5 184.8 112.7 15
2021000000185409 0.172 108.4 78.3 180.1 218.2 15
2021000000185409 0.160 -1.7 97.6 158.3 304.6 80
2021000000185409 0.155 524.6 122.0 605.4 175.1 15
2021000000185409 0.151 -2.5 87.1 162.4 204.7 15
2021000000185409 0.143 498.4 121.9 604.4 316.8 15
2021000000185409 0.121 352.9 137.9 587.3 319.9 15
2021000000185409 0.121 144.1 100.6 267.4 319.7 80
2021000000185409 0.121 4.7 115.7 76.6 210.2 15
2021000000185409 0.120 597.2 156.0 642.6 235.3 15
2021000000185409 0.120 600.8 157.7 641.8 292.8 15
