2021000000192607 0.787 602.4 411.0 642.1 424.7 80
2021000000192607 0.780 51.5 223.1 451.5 425.8 80
2021000000192607 0.780 61.5 218.3 289.5 378.7 80
2021000000192607 0.775 140.7 209.7 321.1 317.8 80
2021000000192607 0.765 156.3 85.1 198.9 125.9 80
2021000000192607 0.763 2.9 23.4 637.8 425.4 80
2021000000192607 0.759 459.0 221.7 520.0 302.4 80
2021000000192607 0.741 4.1 211.9 435.4 417.9 80
2021000000192607 0.731 0.8 329.0 3.6 373.5 80
2021000000192607 0.729 11.3 216.5 461.7 421.9 80
2021000000192607 0.729 461.0 224.0 522.0 387.9 80
2021000000192607 0.711 85.9 61.6 113.3 91.4 80
2021000000192607 0.710 457.4 219.3 521.7 388.3 18
2021000000192607 0.699 492.3 264.1 527.5 348.7 80
2021000000192607 0.694 86.7 61.6 113.8 92.3 80
2021000000192607 0.671 217.8 232.2 247.1 273.8 80
2021000000192607 0.554 11.6 209.1 464.7 419.6 5
2021000000192607 0.184 11.6 209.1 464.7 419.6 17
2021000000192607 0.164 587.6 57.2 646.6 464.6 80
2021000000192607 0.163 157.2 213.8 257.5 270.8 80
2021000000192607 0.149 236.7 276.3 378.2 350.6 80
2021000000192607 0.141 -32.9 406.8 54.4 426.4 80
2021000000192607 0.137 66.7 270.1 195.9 345.1 80
2021000000192607 0.124 591.0 195.2 667.8 285.1 80
2021000000192607 0.123 469.5 378.8 767.9 436.6 80
2021000000192607 0.120 86.3 313.2 228.4 398.5 80
2021000000192607 0.119 -109.4 418.4 219.7 426.8 80
2021000000192607 0.117 415.6 235.6 507.2 293.9 80
2021000000192607 0.115 274.7 9.7 397.8 24.8 80
2021000000192607 0.108 236.8 149.2 325.5 198.6 80
2021000000192607 0.106 -32.0 193.5 141.6 475.2 80
2021000000192607 0.102 -13.0 2.8 89.6 8.6 80
2021000000192607 0.101 467.0 168.5 553.6 223.2 80
2021000000192607 0.101 432.3 167.1 522.3 228.8 80
2021000000192607 0.100 230.0 252.3 331.1 311.6 80
2021000000192607 0.100 366.1 197.3 454.8 250.7 80
2021000000192607 0.099 319.9 197.5 407.6 249.8 80
2021000000192607 0.099 403.5 302.9 492.8 358.0 80
2021000000192607 0.099 118.3 242.5 218.2 305.2 80
2021000000192607 0.099 147.8 413.3 348.3 426.5 80
2021000000192607 0.098 137.7 162.6 230.9 224.0 80
2021000000192607 0.098 565.3 1.6 664.2 5.6 80
2021000000192607 0.096 398.9 186.1 486.1 242.2 80
2021000000192607 0.095 383.6 249.5 479.2 312.9 80
2021000000192607 0.094 344.2 244.1 438.0 302.1 80
2021000000192607 0.094 100.2 193.3 197.0 262.1 80
2021000000192607 0.094 60.0 215.9 158.7 288.7 80
2021000000192607 0.094 296.2 243.6 382.9 295.2 80
2021000000192607 0.094 256.9 208.5 349.7 269.4 80
2021000000192607 0.094 186.0 149.5 278.5 213.2 80
2021000000192607 0.094 39.9 1.6 135.9 4.8 80
2021000000192607 0.094 278.7 323.4 382.3 384.8 80
2021000000192607 0.092 535.7 182.0 624.5 245.6 80
2021000000192607 0.092 494.2 203.0 585.3 267.4 80
2021000000192607 0.092 354.7 296.1 453.9 358.0 80
2021000000192607 0.090 550.9 212.8 650.5 309.8 80
2021000000192607 0.090 -23.1 212.4 61.0 281.4 80
2021000000192607 0.089 511.5 220.9 617.8 321.8 80
2021000000192607 0.089 14.5 221.4 108.1 295.1 80
2021000000192607 0.089 317.8 287.9 413.6 351.5 80
2021000000192607 0.088 -13.8 245.5 93.5 359.3 80
2021000000192607 0.088 30.4 246.2 148.0 376.5 80
2021000000192607 0.082 354.2 376.1 437.8 414.2 80
2021000000192607 0.080 518.9 108.9 649.7 454.1 80
2021000000192607 0.079 154.3 384.6 257.9 423.3 80
2021000000192607 0.079 217.8 232.2 247.1 273.8 18
2021000000192607 0.078 219.5 375.1 327.7 414.3 80
2021000000192607 0.077 11.6 209.1 464.7 419.6 80
2021000000192607 0.077 474.7 213.6 612.4 424.3 80
2021000000192607 0.077 511.0 357.7 607.8 399.3 80
2021000000192607 0.076 371.6 263.0 553.7 481.3 80
2021000000192607 0.075 441.8 356.5 535.4 399.3 80
2021000000192607 0.074 521.4 1.0 594.3 1.6 80
2021000000192607 0.073 54.0 293.0 311.8 462.0 80
2021000000192607 0.069 510.2 8.1 666.2 50.9 80
2021000000192607 0.069 375.1 7.1 551.3 49.8 80
2021000000192607 0.069 243.2 7.2 428.0 50.0 80
2021000000192607 0.068 204.6 9.5 378.3 51.7 80
2021000000192607 0.068 428.8 7.7 589.1 49.0 80
2021000000192607 0.068 166.7 7.9 349.0 50.0 80
2021000000192607 0.068 328.7 7.2 498.6 49.0 80
2021000000192607 0.068 127.8 7.4 305.8 49.2 80
2021000000192607 0.068 -23.3 5.0 127.5 46.5 80
2021000000192607 0.068 94.5 1.0 159.3 1.9 80
2021000000192607 0.067 -32.6 7.7 79.6 48.9 80
2021000000192607 0.067 358.2 1.0 423.2 1.6 80
2021000000192607 0.067 306.2 13.1 440.9 52.9 80
2021000000192607 0.067 569.7 23.4 662.6 64.1 80
2021000000192607 0.067 113.7 5.2 215.5 45.0 80
2021000000192607 0.067 -31.9 29.5 53.1 70.5 80
2021000000192607 0.067 77.9 2.5 172.3 40.9 80
2021000000192607 0.066 492.1 13.1 587.2 51.1 80
2021000000192607 0.065 262.9 16.9 351.4 53.8 80
2021000000192607 0.063 395.5 8.0 471.0 37.2 80
2021000000192607 0.062 457.4 219.3 521.7 388.3 80
2021000000192607 0.062 192.7 9.6 265.8 38.4 80
2021000000192607 0.062 147.0 7.6 218.4 35.1 80
2021000000192607 0.062 529.4 11.3 597.2 37.3 80
2021000000192607 0.061 115.4 0.7 176.2 1.7 80
2021000000192607 0.059 440.0 5.6 504.8 25.6 80
2021000000192607 0.787 602.4 411.0 642.1 424.7 80
2021000000192607 0.780 51.5 223.1 451.5 425.8 80
2021000000192607 0.780 61.5 218.3 289.5 378.7 80
2021000000192607 0.775 140.7 209.7 321.1 317.8 80
2021000000192607 0.765 156.3 85.1 198.9 125.9 80
2021000000192607 0.763 2.9 23.4 637.8 425.4 80
2021000000192607 0.759 459.0 221.7 520.0 302.4 80
2021000000192607 0.741 4.1 211.9 435.4 417.9 80
2021000000192607 0.731 0.8 329.0 3.6 373.5 80
2021000000192607 0.729 11.3 216.5 461.7 421.9 80
2021000000192607 0.729 461.0 224.0 522.0 387.9 80
2021000000192607 0.711 85.9 61.6 113.3 91.4 80
2021000000192607 0.710 457.4 219.3 521.7 388.3 18
2021000000192607 0.699 492.3 264.1 527.5 348.7 80
2021000000192607 0.694 86.7 61.6 113.8 92.3 80
2021000000192607 0.671 217.8 232.2 247.1 273.8 80
2021000000192607 0.554 11.6 209.1 464.7 419.6 5
2021000000192607 0.184 11.6 209.1 464.7 419.6 17
2021000000192607 0.164 587.6 57.2 646.6 464.6 80
2021000000192607 0.163 157.2 213.8 257.5 270.8 80
2021000000192607 0.149 236.7 276.3 378.2 350.6 80
2021000000192607 0.141 -32.9 406.8 54.4 426.4 80
2021000000192607 0.137 66.7 270.1 195.9 345.1 80
2021000000192607 0.124 591.0 195.2 667.8 285.1 80
2021000000192607 0.123 469.5 378.8 767.9 436.6 80
2021000000192607 0.120 86.3 313.2 228.4 398.5 80
2021000000192607 0.119 -109.4 418.4 219.7 426.8 80
2021000000192607 0.117 415.6 235.6 507.2 293.9 80
2021000000192607 0.115 274.7 9.7 397.8 24.8 80
2021000000192607 0.108 236.8 149.2 325.5 198.6 80
2021000000192607 0.106 -32.0 193.5 141.6 475.2 80
2021000000192607 0.102 -13.0 2.8 89.6 8.6 80
2021000000192607 0.101 467.0 168.5 553.6 223.2 80
2021000000192607 0.101 432.3 167.1 522.3 228.8 80
2021000000192607 0.100 230.0 252.3 331.1 311.6 80
2021000000192607 0.100 366.1 197.3 454.8 250.7 80
2021000000192607 0.099 319.9 197.5 407.6 249.8 80
2021000000192607 0.099 403.5 302.9 492.8 358.0 80
2021000000192607 0.099 118.3 242.5 218.2 305.2 80
2021000000192607 0.099 147.8 413.3 348.3 426.5 80
2021000000192607 0.098 137.7 162.6 230.9 224.0 80
2021000000192607 0.098 565.3 1.6 664.2 5.6 80
2021000000192607 0.096 398.9 186.1 486.1 242.2 80
2021000000192607 0.095 383.6 249.5 479.2 312.9 80
2021000000192607 0.094 344.2 244.1 438.0 302.1 80
2021000000192607 0.094 100.2 193.3 197.0 262.1 80
2021000000192607 0.094 60.0 215.9 158.7 288.7 80
2021000000192607 0.094 296.2 243.6 382.9 295.2 80
2021000000192607 0.094 256.9 208.5 349.7 269.4 80
2021000000192607 0.094 186.0 149.5 278.5 213.2 80
2021000000192607 0.094 39.9 1.6 135.9 4.8 80
2021000000192607 0.094 278.7 323.4 382.3 384.8 80
2021000000192607 0.092 535.7 182.0 624.5 245.6 80
2021000000192607 0.092 494.2 203.0 585.3 267.4 80
2021000000192607 0.092 354.7 296.1 453.9 358.0 80
2021000000192607 0.090 550.9 212.8 650.5 309.8 80
2021000000192607 0.090 -23.1 212.4 61.0 281.4 80
2021000000192607 0.089 511.5 220.9 617.8 321.8 80
2021000000192607 0.089 14.5 221.4 108.1 295.1 80
2021000000192607 0.089 317.8 287.9 413.6 351.5 80
2021000000192607 0.088 -13.8 245.5 93.5 359.3 80
2021000000192607 0.088 30.4 246.2 148.0 376.5 80
2021000000192607 0.082 354.2 376.1 437.8 414.2 80
2021000000192607 0.080 518.9 108.9 649.7 454.1 80
2021000000192607 0.079 154.3 384.6 257.9 423.3 80
2021000000192607 0.079 217.8 232.2 247.1 273.8 18
2021000000192607 0.078 219.5 375.1 327.7 414.3 80
2021000000192607 0.077 11.6 209.1 464.7 419.6 80
2021000000192607 0.077 474.7 213.6 612.4 424.3 80
2021000000192607 0.077 511.0 357.7 607.8 399.3 80
2021000000192607 0.076 371.6 263.0 553.7 481.3 80
2021000000192607 0.075 441.8 356.5 535.4 399.3 80
2021000000192607 0.074 521.4 1.0 594.3 1.6 80
2021000000192607 0.073 54.0 293.0 311.8 462.0 80
2021000000192607 0.069 510.2 8.1 666.2 50.9 80
2021000000192607 0.069 375.1 7.1 551.3 49.8 80
2021000000192607 0.069 243.2 7.2 428.0 50.0 80
2021000000192607 0.068 204.6 9.5 378.3 51.7 80
2021000000192607 0.068 428.8 7.7 589.1 49.0 80
2021000000192607 0.068 166.7 7.9 349.0 50.0 80
2021000000192607 0.068 328.7 7.2 498.6 49.0 80
2021000000192607 0.068 127.8 7.4 305.8 49.2 80
2021000000192607 0.068 -23.3 5.0 127.5 46.5 80
2021000000192607 0.068 94.5 1.0 159.3 1.9 80
2021000000192607 0.067 -32.6 7.7 79.6 48.9 80
2021000000192607 0.067 358.2 1.0 423.2 1.6 80
2021000000192607 0.067 306.2 13.1 440.9 52.9 80
2021000000192607 0.067 569.7 23.4 662.6 64.1 80
2021000000192607 0.067 113.7 5.2 215.5 45.0 80
2021000000192607 0.067 -31.9 29.5 53.1 70.5 80
2021000000192607 0.067 77.9 2.5 172.3 40.9 80
2021000000192607 0.066 492.1 13.1 587.2 51.1 80
2021000000192607 0.065 262.9 16.9 351.4 53.8 80
2021000000192607 0.063 395.5 8.0 471.0 37.2 80
2021000000192607 0.062 457.4 219.3 521.7 388.3 80
2021000000192607 0.062 192.7 9.6 265.8 38.4 80
2021000000192607 0.062 147.0 7.6 218.4 35.1 80
2021000000192607 0.062 529.4 11.3 597.2 37.3 80
2021000000192607 0.061 115.4 0.7 176.2 1.7 80
2021000000192607 0.059 440.0 5.6 504.8 25.6 80
