2021000000060886 0.787 470.5 292.5 499.1 331.1 80
2021000000060886 0.740 95.2 139.7 124.1 220.5 80
2021000000060886 0.729 499.2 133.2 499.9 236.0 80
2021000000060886 0.710 298.0 153.1 343.6 234.3 80
2021000000060886 0.709 476.2 37.8 497.7 101.4 80
2021000000060886 0.706 447.8 26.3 508.1 83.0 80
2021000000060886 0.706 15.1 -1.0 37.4 51.7 80
2021000000060886 0.698 98.2 137.7 131.5 218.2 80
2021000000060886 0.697 311.8 0.0 480.4 92.2 80
2021000000060886 0.692 7.7 8.8 235.1 209.8 80
2021000000060886 0.691 99.4 0.8 124.0 35.1 80
2021000000060886 0.685 94.3 138.5 130.4 219.7 18
2021000000060886 0.684 258.4 2.6 291.4 60.2 80
2021000000060886 0.678 497.5 33.2 500.1 79.3 80
2021000000060886 0.676 0.6 2.9 5.0 59.0 80
2021000000060886 0.671 409.4 4.0 451.9 30.1 80
2021000000060886 0.671 429.2 15.2 438.3 33.8 80
2021000000060886 0.669 13.2 6.2 149.1 65.4 80
2021000000060886 0.666 176.5 138.7 223.6 212.3 80
2021000000060886 0.665 61.0 5.8 274.0 241.5 80
2021000000060886 0.665 296.6 155.3 342.8 237.9 18
2021000000060886 0.661 0.7 0.3 16.4 12.6 80
2021000000060886 0.656 273.3 142.9 307.2 225.0 80
2021000000060886 0.653 54.2 -0.0 69.6 21.4 80
2021000000060886 0.652 17.7 2.2 287.9 138.1 80
2021000000060886 0.648 36.8 0.3 50.9 18.7 80
2021000000060886 0.648 200.0 -2.0 485.7 197.4 80
2021000000060886 0.645 279.0 145.9 309.5 230.8 80
2021000000060886 0.643 297.1 1.3 471.4 40.2 80
2021000000060886 0.641 229.5 1.1 238.7 19.7 80
2021000000060886 0.636 400.2 0.1 417.5 31.6 80
2021000000060886 0.633 32.9 2.2 368.7 56.4 80
2021000000060886 0.632 180.2 0.3 208.1 37.8 80
2021000000060886 0.630 173.7 -0.8 470.1 106.0 80
2021000000060886 0.630 173.5 1.8 485.8 280.3 80
2021000000060886 0.627 479.3 23.6 493.6 33.3 80
2021000000060886 0.626 32.1 3.0 307.0 243.3 80
2021000000060886 0.625 175.4 180.6 204.9 232.7 80
2021000000060886 0.618 125.4 -5.5 471.1 189.6 80
2021000000060886 0.616 356.1 2.2 370.4 28.2 80
2021000000060886 0.614 35.1 0.9 398.4 51.6 80
2021000000060886 0.614 42.4 -1.0 362.6 294.1 80
2021000000060886 0.614 115.9 0.6 472.0 83.3 80
2021000000060886 0.610 31.7 6.4 380.1 228.6 80
2021000000060886 0.609 294.9 -0.9 308.5 32.5 80
2021000000060886 0.608 163.6 -2.2 473.6 239.0 80
2021000000060886 0.604 155.1 0.7 171.8 23.4 80
2021000000060886 0.602 63.6 1.2 80.4 19.1 80
2021000000060886 0.600 93.9 0.1 105.6 25.3 80
2021000000060886 0.597 175.0 148.4 227.5 238.0 18
2021000000060886 0.595 158.7 -0.8 459.4 294.8 80
2021000000060886 0.583 173.0 149.5 205.6 228.3 80
2021000000060886 0.577 26.5 -4.3 355.5 245.3 80
2021000000060886 0.575 391.2 2.8 402.4 32.8 80
2021000000060886 0.572 342.1 0.6 351.6 30.5 80
2021000000060886 0.572 255.4 2.6 291.8 62.6 18
2021000000060886 0.571 445.0 1.5 460.2 33.3 80
2021000000060886 0.571 376.3 1.3 392.9 32.2 80
2021000000060886 0.571 274.4 148.2 310.0 233.1 18
2021000000060886 0.553 242.2 152.6 281.0 237.0 18
2021000000060886 0.551 51.8 13.6 382.7 253.8 80
2021000000060886 0.543 428.5 13.0 439.7 33.4 80
2021000000060886 0.533 120.9 5.9 467.6 274.4 80
2021000000060886 0.530 23.5 7.5 484.1 323.8 80
2021000000060886 0.503 227.0 145.8 242.4 167.1 80
2021000000060886 0.503 393.7 5.1 403.4 31.5 80
2021000000060886 0.503 92.3 0.9 107.1 20.7 80
2021000000060886 0.493 199.8 147.9 231.3 230.1 80
2021000000060886 0.484 235.7 150.9 259.5 227.6 80
2021000000060886 0.478 14.6 1.0 39.5 55.8 18
2021000000060886 0.472 52.0 0.9 67.1 19.8 80
2021000000060886 0.460 203.8 147.9 231.2 177.7 80
2021000000060886 0.458 205.1 154.7 248.8 237.3 18
2021000000060886 0.453 475.5 37.7 498.9 103.1 18
2021000000060886 0.448 475.2 42.8 504.8 352.5 80
2021000000060886 0.444 401.2 0.7 417.6 33.2 80
2021000000060886 0.431 203.8 148.2 230.4 176.6 80
2021000000060886 0.430 181.4 0.8 209.6 37.3 18
2021000000060886 0.413 23.8 7.6 483.0 255.8 80
2021000000060886 0.403 236.0 131.2 252.9 159.5 18
2021000000060886 0.401 358.2 0.9 373.4 30.5 80
2021000000060886 0.391 329.3 0.8 345.1 29.1 80
2021000000060886 0.390 292.9 0.9 306.4 29.4 80
2021000000060886 0.383 99.9 0.9 125.2 33.5 18
2021000000060886 0.373 263.8 138.4 279.2 157.7 80
2021000000060886 0.364 250.6 132.6 266.2 154.0 18
2021000000060886 0.356 200.7 149.3 231.5 231.8 80
2021000000060886 0.350 265.9 139.0 281.2 154.0 80
2021000000060886 0.347 244.3 134.1 267.8 169.5 80
2021000000060886 0.341 154.6 0.9 172.7 24.1 18
2021000000060886 0.335 267.7 147.4 290.3 229.3 80
2021000000060886 0.328 154.6 0.9 172.7 24.1 80
2021000000060886 0.327 250.6 132.6 266.2 154.0 80
2021000000060886 0.323 244.3 134.1 267.8 169.5 18
2021000000060886 0.320 267.7 147.4 290.3 229.3 18
2021000000060886 0.316 200.7 149.3 231.5 231.8 18
2021000000060886 0.314 265.9 139.0 281.2 154.0 18
2021000000060886 0.310 23.8 7.6 483.0 255.8 18
2021000000060886 0.305 263.8 138.4 279.2 157.7 18
2021000000060886 0.283 292.9 0.9 306.4 29.4 18
2021000000060886 0.787 470.5 292.5 499.1 331.1 80
2021000000060886 0.740 95.2 139.7 124.1 220.5 80
2021000000060886 0.729 499.2 133.2 499.9 236.0 80
2021000000060886 0.710 298.0 153.1 343.6 234.3 80
2021000000060886 0.709 476.2 37.8 497.7 101.4 80
2021000000060886 0.706 447.8 26.3 508.1 83.0 80
2021000000060886 0.706 15.1 -1.0 37.4 51.7 80
2021000000060886 0.698 98.2 137.7 131.5 218.2 80
2021000000060886 0.697 311.8 0.0 480.4 92.2 80
2021000000060886 0.692 7.7 8.8 235.1 209.8 80
2021000000060886 0.691 99.4 0.8 124.0 35.1 80
2021000000060886 0.685 94.3 138.5 130.4 219.7 18
2021000000060886 0.684 258.4 2.6 291.4 60.2 80
2021000000060886 0.678 497.5 33.2 500.1 79.3 80
2021000000060886 0.676 0.6 2.9 5.0 59.0 80
2021000000060886 0.671 409.4 4.0 451.9 30.1 80
2021000000060886 0.671 429.2 15.2 438.3 33.8 80
2021000000060886 0.669 13.2 6.2 149.1 65.4 80
2021000000060886 0.666 176.5 138.7 223.6 212.3 80
2021000000060886 0.665 61.0 5.8 274.0 241.5 80
2021000000060886 0.665 296.6 155.3 342.8 237.9 18
2021000000060886 0.661 0.7 0.3 16.4 12.6 80
2021000000060886 0.656 273.3 142.9 307.2 225.0 80
2021000000060886 0.653 54.2 -0.0 69.6 21.4 80
2021000000060886 0.652 17.7 2.2 287.9 138.1 80
2021000000060886 0.648 36.8 0.3 50.9 18.7 80
2021000000060886 0.648 200.0 -2.0 485.7 197.4 80
2021000000060886 0.645 279.0 145.9 309.5 230.8 80
2021000000060886 0.643 297.1 1.3 471.4 40.2 80
2021000000060886 0.641 229.5 1.1 238.7 19.7 80
2021000000060886 0.636 400.2 0.1 417.5 31.6 80
2021000000060886 0.633 32.9 2.2 368.7 56.4 80
2021000000060886 0.632 180.2 0.3 208.1 37.8 80
2021000000060886 0.630 173.7 -0.8 470.1 106.0 80
2021000000060886 0.630 173.5 1.8 485.8 280.3 80
2021000000060886 0.627 479.3 23.6 493.6 33.3 80
2021000000060886 0.626 32.1 3.0 307.0 243.3 80
2021000000060886 0.625 175.4 180.6 204.9 232.7 80
2021000000060886 0.618 125.4 -5.5 471.1 189.6 80
2021000000060886 0.616 356.1 2.2 370.4 28.2 80
2021000000060886 0.614 35.1 0.9 398.4 51.6 80
2021000000060886 0.614 42.4 -1.0 362.6 294.1 80
2021000000060886 0.614 115.9 0.6 472.0 83.3 80
2021000000060886 0.610 31.7 6.4 380.1 228.6 80
2021000000060886 0.609 294.9 -0.9 308.5 32.5 80
2021000000060886 0.608 163.6 -2.2 473.6 239.0 80
2021000000060886 0.604 155.1 0.7 171.8 23.4 80
2021000000060886 0.602 63.6 1.2 80.4 19.1 80
2021000000060886 0.600 93.9 0.1 105.6 25.3 80
2021000000060886 0.597 175.0 148.4 227.5 238.0 18
2021000000060886 0.595 158.7 -0.8 459.4 294.8 80
2021000000060886 0.583 173.0 149.5 205.6 228.3 80
2021000000060886 0.577 26.5 -4.3 355.5 245.3 80
2021000000060886 0.575 391.2 2.8 402.4 32.8 80
2021000000060886 0.572 342.1 0.6 351.6 30.5 80
2021000000060886 0.572 255.4 2.6 291.8 62.6 18
2021000000060886 0.571 445.0 1.5 460.2 33.3 80
2021000000060886 0.571 376.3 1.3 392.9 32.2 80
2021000000060886 0.571 274.4 148.2 310.0 233.1 18
2021000000060886 0.553 242.2 152.6 281.0 237.0 18
2021000000060886 0.551 51.8 13.6 382.7 253.8 80
2021000000060886 0.543 428.5 13.0 439.7 33.4 80
2021000000060886 0.533 120.9 5.9 467.6 274.4 80
2021000000060886 0.530 23.5 7.5 484.1 323.8 80
2021000000060886 0.503 227.0 145.8 242.4 167.1 80
2021000000060886 0.503 393.7 5.1 403.4 31.5 80
2021000000060886 0.503 92.3 0.9 107.1 20.7 80
2021000000060886 0.493 199.8 147.9 231.3 230.1 80
2021000000060886 0.484 235.7 150.9 259.5 227.6 80
2021000000060886 0.478 14.6 1.0 39.5 55.8 18
2021000000060886 0.472 52.0 0.9 67.1 19.8 80
2021000000060886 0.460 203.8 147.9 231.2 177.7 80
2021000000060886 0.458 205.1 154.7 248.8 237.3 18
2021000000060886 0.453 475.5 37.7 498.9 103.1 18
2021000000060886 0.448 475.2 42.8 504.8 352.5 80
2021000000060886 0.444 401.2 0.7 417.6 33.2 80
2021000000060886 0.431 203.8 148.2 230.4 176.6 80
2021000000060886 0.430 181.4 0.8 209.6 37.3 18
2021000000060886 0.413 23.8 7.6 483.0 255.8 80
2021000000060886 0.403 236.0 131.2 252.9 159.5 18
2021000000060886 0.401 358.2 0.9 373.4 30.5 80
2021000000060886 0.391 329.3 0.8 345.1 29.1 80
2021000000060886 0.390 292.9 0.9 306.4 29.4 80
2021000000060886 0.383 99.9 0.9 125.2 33.5 18
2021000000060886 0.373 263.8 138.4 279.2 157.7 80
2021000000060886 0.364 250.6 132.6 266.2 154.0 18
2021000000060886 0.356 200.7 149.3 231.5 231.8 80
2021000000060886 0.350 265.9 139.0 281.2 154.0 80
2021000000060886 0.347 244.3 134.1 267.8 169.5 80
2021000000060886 0.341 154.6 0.9 172.7 24.1 18
2021000000060886 0.335 267.7 147.4 290.3 229.3 80
2021000000060886 0.328 154.6 0.9 172.7 24.1 80
2021000000060886 0.327 250.6 132.6 266.2 154.0 80
2021000000060886 0.323 244.3 134.1 267.8 169.5 18
2021000000060886 0.320 267.7 147.4 290.3 229.3 18
2021000000060886 0.316 200.7 149.3 231.5 231.8 18
2021000000060886 0.314 265.9 139.0 281.2 154.0 18
2021000000060886 0.310 23.8 7.6 483.0 255.8 18
2021000000060886 0.305 263.8 138.4 279.2 157.7 18
2021000000060886 0.283 292.9 0.9 306.4 29.4 18
