2021000000302990 0.790 609.4 386.4 640.1 425.4 80
2021000000302990 0.772 28.0 57.7 614.8 340.5 80
2021000000302990 0.768 251.0 138.3 455.3 286.2 18
2021000000302990 0.767 290.2 160.1 443.8 293.3 80
2021000000302990 0.766 252.2 144.2 455.1 301.9 80
2021000000302990 0.753 392.0 66.9 423.5 82.3 80
2021000000302990 0.747 496.2 285.4 531.4 317.7 80
2021000000302990 0.740 477.9 40.1 523.2 82.7 80
2021000000302990 0.736 394.1 64.2 415.0 77.7 80
2021000000302990 0.736 639.2 105.6 640.0 184.7 80
2021000000302990 0.736 270.8 137.2 368.6 193.7 80
2021000000302990 0.729 274.8 200.4 362.2 284.7 80
2021000000302990 0.729 479.4 35.1 528.5 71.0 80
2021000000302990 0.725 639.1 286.0 640.0 403.9 80
2021000000302990 0.724 393.5 65.3 432.9 82.2 80
2021000000302990 0.705 639.0 43.7 640.0 69.7 80
2021000000302990 0.691 455.8 33.5 523.0 74.6 80
2021000000302990 0.628 478.1 33.4 528.2 74.3 18
2021000000302990 0.474 393.4 62.2 435.2 80.5 18
2021000000302990 0.190 393.4 62.2 435.2 80.5 80
2021000000302990 0.166 247.9 211.5 346.9 263.6 80
2021000000302990 0.160 422.5 159.9 524.6 210.1 80
2021000000302990 0.150 440.5 172.7 553.2 235.7 80
2021000000302990 0.136 228.7 249.1 329.8 302.2 80
2021000000302990 0.131 91.6 68.1 205.7 104.6 80
2021000000302990 0.130 223.9 18.5 344.1 45.2 80
2021000000302990 0.127 478.1 33.4 528.2 74.3 80
2021000000302990 0.126 362.2 201.9 448.7 246.0 80
2021000000302990 0.125 524.4 83.6 635.1 126.2 80
2021000000302990 0.119 397.8 217.6 518.2 285.6 80
2021000000302990 0.118 340.9 160.1 425.9 204.6 80
2021000000302990 0.108 572.0 130.6 666.3 446.3 80
2021000000302990 0.107 378.2 251.1 474.6 305.9 80
2021000000302990 0.106 297.0 124.1 389.4 178.0 80
2021000000302990 0.106 162.8 212.6 260.0 269.3 80
2021000000302990 0.104 211.5 198.3 305.0 253.5 80
2021000000302990 0.102 186.7 246.3 297.0 314.3 80
2021000000302990 0.100 415.5 256.7 544.7 349.8 80
2021000000302990 0.099 268.4 280.7 361.4 337.9 80
2021000000302990 0.098 355.1 295.5 449.6 352.4 80
2021000000302990 0.096 119.0 239.1 218.5 306.5 80
2021000000302990 0.093 63.9 221.9 153.9 283.7 80
2021000000302990 0.093 283.8 320.8 383.5 384.3 80
2021000000302990 0.093 391.8 288.3 505.6 371.3 80
2021000000302990 0.092 554.2 223.6 646.5 298.0 80
2021000000302990 0.091 146.0 273.8 251.5 347.6 80
2021000000302990 0.091 -22.1 215.1 60.4 273.5 80
2021000000302990 0.091 80.2 265.6 190.7 352.6 80
2021000000302990 0.091 210.3 287.6 323.8 365.0 80
2021000000302990 0.090 513.3 229.2 615.5 318.6 80
2021000000302990 0.087 15.8 221.8 107.1 294.7 80
2021000000302990 0.083 -10.3 249.9 90.1 352.7 80
2021000000302990 0.082 480.1 215.9 609.3 412.5 80
2021000000302990 0.081 12.9 379.9 142.7 418.4 80
2021000000302990 0.081 510.5 0.0 593.3 1.6 80
2021000000302990 0.081 150.3 392.7 252.0 428.5 80
2021000000302990 0.080 344.1 0.4 425.1 1.6 80
2021000000302990 0.080 223.5 384.3 334.3 422.5 80
2021000000302990 0.080 34.3 250.3 142.2 370.3 80
2021000000302990 0.079 503.7 1.5 579.9 2.9 80
2021000000302990 0.076 287.6 373.2 395.4 415.0 80
2021000000302990 0.076 81.0 374.2 185.4 415.6 80
2021000000302990 0.076 521.9 126.0 647.6 449.5 80
2021000000302990 0.075 512.1 351.6 613.3 396.4 80
2021000000302990 0.075 307.8 293.3 446.7 437.3 80
2021000000302990 0.075 -25.0 357.4 51.8 400.2 80
2021000000302990 0.075 45.2 367.1 155.0 410.6 80
2021000000302990 0.075 -16.7 336.5 77.4 382.6 80
2021000000302990 0.074 445.2 354.2 545.2 399.2 80
2021000000302990 0.074 416.8 232.3 579.7 446.5 80
2021000000302990 0.074 408.9 1.3 480.8 2.3 80
2021000000302990 0.074 3.4 345.1 108.9 391.9 80
2021000000302990 0.074 -27.7 152.5 61.8 472.0 80
2021000000302990 0.074 147.0 266.3 293.0 418.4 80
2021000000302990 0.073 577.8 1.1 648.8 1.9 80
2021000000302990 0.073 385.7 345.7 486.4 392.6 80
2021000000302990 0.072 191.9 273.6 379.0 450.8 80
2021000000302990 0.071 151.9 1.1 220.3 1.8 80
2021000000302990 0.070 522.9 10.3 649.8 54.8 80
2021000000302990 0.069 133.1 11.9 286.2 55.3 80
2021000000302990 0.069 -40.3 9.6 143.6 53.4 80
2021000000302990 0.069 37.0 11.4 215.2 55.0 80
2021000000302990 0.069 3.7 13.2 173.9 56.7 80
2021000000302990 0.069 216.8 11.2 352.4 54.0 80
2021000000302990 0.068 88.8 12.0 237.3 54.9 80
2021000000302990 0.068 455.8 33.5 523.0 74.6 18
2021000000302990 0.068 -35.4 41.6 56.3 85.8 80
2021000000302990 0.068 179.8 9.1 322.6 51.3 80
2021000000302990 0.068 -34.6 11.1 80.6 53.9 80
2021000000302990 0.067 -10.9 40.5 78.8 82.8 80
2021000000302990 0.067 19.3 29.8 113.4 70.8 80
2021000000302990 0.066 521.3 1.0 584.2 1.7 80
2021000000302990 0.066 436.7 0.3 500.6 1.1 80
2021000000302990 0.065 62.8 19.7 141.8 54.4 80
2021000000302990 0.065 99.4 17.0 177.2 51.6 80
2021000000302990 0.064 139.4 12.7 216.4 45.3 80
2021000000302990 0.063 193.0 1.0 254.4 1.6 80
2021000000302990 0.060 521.6 6.4 579.5 25.1 80
2021000000302990 0.059 463.5 -0.2 514.0 6.6 80
2021000000302990 0.059 45.4 1.5 104.2 2.7 80
2021000000302990 0.790 609.4 386.4 640.1 425.4 80
2021000000302990 0.772 28.0 57.7 614.8 340.5 80
2021000000302990 0.768 251.0 138.3 455.3 286.2 18
2021000000302990 0.767 290.2 160.1 443.8 293.3 80
2021000000302990 0.766 252.2 144.2 455.1 301.9 80
2021000000302990 0.753 392.0 66.9 423.5 82.3 80
2021000000302990 0.747 496.2 285.4 531.4 317.7 80
2021000000302990 0.740 477.9 40.1 523.2 82.7 80
2021000000302990 0.736 394.1 64.2 415.0 77.7 80
2021000000302990 0.736 639.2 105.6 640.0 184.7 80
2021000000302990 0.736 270.8 137.2 368.6 193.7 80
2021000000302990 0.729 274.8 200.4 362.2 284.7 80
2021000000302990 0.729 479.4 35.1 528.5 71.0 80
2021000000302990 0.725 639.1 286.0 640.0 403.9 80
2021000000302990 0.724 393.5 65.3 432.9 82.2 80
2021000000302990 0.705 639.0 43.7 640.0 69.7 80
2021000000302990 0.691 455.8 33.5 523.0 74.6 80
2021000000302990 0.628 478.1 33.4 528.2 74.3 18
2021000000302990 0.474 393.4 62.2 435.2 80.5 18
2021000000302990 0.190 393.4 62.2 435.2 80.5 80
2021000000302990 0.166 247.9 211.5 346.9 263.6 80
2021000000302990 0.160 422.5 159.9 524.6 210.1 80
2021000000302990 0.150 440.5 172.7 553.2 235.7 80
2021000000302990 0.136 228.7 249.1 329.8 302.2 80
2021000000302990 0.131 91.6 68.1 205.7 104.6 80
2021000000302990 0.130 223.9 18.5 344.1 45.2 80
2021000000302990 0.127 478.1 33.4 528.2 74.3 80
2021000000302990 0.126 362.2 201.9 448.7 246.0 80
2021000000302990 0.125 524.4 83.6 635.1 126.2 80
2021000000302990 0.119 397.8 217.6 518.2 285.6 80
2021000000302990 0.118 340.9 160.1 425.9 204.6 80
2021000000302990 0.108 572.0 130.6 666.3 446.3 80
2021000000302990 0.107 378.2 251.1 474.6 305.9 80
2021000000302990 0.106 297.0 124.1 389.4 178.0 80
2021000000302990 0.106 162.8 212.6 260.0 269.3 80
2021000000302990 0.104 211.5 198.3 305.0 253.5 80
2021000000302990 0.102 186.7 246.3 297.0 314.3 80
2021000000302990 0.100 415.5 256.7 544.7 349.8 80
2021000000302990 0.099 268.4 280.7 361.4 337.9 80
2021000000302990 0.098 355.1 295.5 449.6 352.4 80
2021000000302990 0.096 119.0 239.1 218.5 306.5 80
2021000000302990 0.093 63.9 221.9 153.9 283.7 80
2021000000302990 0.093 283.8 320.8 383.5 384.3 80
2021000000302990 0.093 391.8 288.3 505.6 371.3 80
2021000000302990 0.092 554.2 223.6 646.5 298.0 80
2021000000302990 0.091 146.0 273.8 251.5 347.6 80
2021000000302990 0.091 -22.1 215.1 60.4 273.5 80
2021000000302990 0.091 80.2 265.6 190.7 352.6 80
2021000000302990 0.091 210.3 287.6 323.8 365.0 80
2021000000302990 0.090 513.3 229.2 615.5 318.6 80
2021000000302990 0.087 15.8 221.8 107.1 294.7 80
2021000000302990 0.083 -10.3 249.9 90.1 352.7 80
2021000000302990 0.082 480.1 215.9 609.3 412.5 80
2021000000302990 0.081 12.9 379.9 142.7 418.4 80
2021000000302990 0.081 510.5 0.0 593.3 1.6 80
2021000000302990 0.081 150.3 392.7 252.0 428.5 80
2021000000302990 0.080 344.1 0.4 425.1 1.6 80
2021000000302990 0.080 223.5 384.3 334.3 422.5 80
2021000000302990 0.080 34.3 250.3 142.2 370.3 80
2021000000302990 0.079 503.7 1.5 579.9 2.9 80
2021000000302990 0.076 287.6 373.2 395.4 415.0 80
2021000000302990 0.076 81.0 374.2 185.4 415.6 80
2021000000302990 0.076 521.9 126.0 647.6 449.5 80
2021000000302990 0.075 512.1 351.6 613.3 396.4 80
2021000000302990 0.075 307.8 293.3 446.7 437.3 80
2021000000302990 0.075 -25.0 357.4 51.8 400.2 80
2021000000302990 0.075 45.2 367.1 155.0 410.6 80
2021000000302990 0.075 -16.7 336.5 77.4 382.6 80
2021000000302990 0.074 445.2 354.2 545.2 399.2 80
2021000000302990 0.074 416.8 232.3 579.7 446.5 80
2021000000302990 0.074 408.9 1.3 480.8 2.3 80
2021000000302990 0.074 3.4 345.1 108.9 391.9 80
2021000000302990 0.074 -27.7 152.5 61.8 472.0 80
2021000000302990 0.074 147.0 266.3 293.0 418.4 80
2021000000302990 0.073 577.8 1.1 648.8 1.9 80
2021000000302990 0.073 385.7 345.7 486.4 392.6 80
2021000000302990 0.072 191.9 273.6 379.0 450.8 80
2021000000302990 0.071 151.9 1.1 220.3 1.8 80
2021000000302990 0.070 522.9 10.3 649.8 54.8 80
2021000000302990 0.069 133.1 11.9 286.2 55.3 80
2021000000302990 0.069 -40.3 9.6 143.6 53.4 80
2021000000302990 0.069 37.0 11.4 215.2 55.0 80
2021000000302990 0.069 3.7 13.2 173.9 56.7 80
2021000000302990 0.069 216.8 11.2 352.4 54.0 80
2021000000302990 0.068 88.8 12.0 237.3 54.9 80
2021000000302990 0.068 455.8 33.5 523.0 74.6 18
2021000000302990 0.068 -35.4 41.6 56.3 85.8 80
2021000000302990 0.068 179.8 9.1 322.6 51.3 80
2021000000302990 0.068 -34.6 11.1 80.6 53.9 80
2021000000302990 0.067 -10.9 40.5 78.8 82.8 80
2021000000302990 0.067 19.3 29.8 113.4 70.8 80
2021000000302990 0.066 521.3 1.0 584.2 1.7 80
2021000000302990 0.066 436.7 0.3 500.6 1.1 80
2021000000302990 0.065 62.8 19.7 141.8 54.4 80
2021000000302990 0.065 99.4 17.0 177.2 51.6 80
2021000000302990 0.064 139.4 12.7 216.4 45.3 80
2021000000302990 0.063 193.0 1.0 254.4 1.6 80
2021000000302990 0.060 521.6 6.4 579.5 25.1 80
2021000000302990 0.059 463.5 -0.2 514.0 6.6 80
2021000000302990 0.059 45.4 1.5 104.2 2.7 80
