2021000000482800 0.792 604.9 403.2 641.9 454.2 80
2021000000482800 0.784 330.0 81.7 501.7 449.4 18
2021000000482800 0.771 64.6 105.8 576.4 357.7 80
2021000000482800 0.769 336.2 82.4 490.1 302.3 80
2021000000482800 0.767 131.0 108.3 196.8 236.6 80
2021000000482800 0.763 331.2 114.5 440.6 321.0 80
2021000000482800 0.757 337.6 95.1 498.3 448.8 80
2021000000482800 0.756 126.9 125.1 166.6 244.9 80
2021000000482800 0.754 307.9 102.1 394.0 336.5 80
2021000000482800 0.753 310.6 112.4 355.4 206.4 80
2021000000482800 0.751 339.8 178.2 392.2 321.3 80
2021000000482800 0.750 357.2 92.4 497.4 425.1 80
2021000000482800 0.749 267.0 101.8 398.9 331.4 80
2021000000482800 0.748 131.5 119.4 199.1 358.6 80
2021000000482800 0.748 329.6 101.0 387.5 168.8 80
2021000000482800 0.744 374.4 98.4 390.5 126.2 80
2021000000482800 0.742 307.5 90.2 389.7 223.5 80
2021000000482800 0.742 347.3 122.0 398.3 229.5 80
2021000000482800 0.739 639.2 123.7 640.0 202.5 80
2021000000482800 0.728 352.0 184.7 394.5 317.5 80
2021000000482800 0.728 373.6 92.8 389.1 122.8 80
2021000000482800 0.724 127.2 105.2 199.2 371.2 18
2021000000482800 0.724 638.5 118.5 639.9 147.0 80
2021000000482800 0.684 303.9 85.3 399.8 333.6 18
2021000000482800 0.196 584.4 73.4 653.6 507.7 80
2021000000482800 0.128 509.6 359.9 732.7 480.7 80
2021000000482800 0.123 569.2 164.4 657.4 213.4 80
2021000000482800 0.118 -6.7 182.3 77.7 229.7 80
2021000000482800 0.116 221.0 253.0 338.3 328.6 80
2021000000482800 0.113 78.7 5.5 193.2 17.5 80
2021000000482800 0.113 428.7 6.8 544.0 18.8 80
2021000000482800 0.113 114.4 124.3 195.1 172.9 80
2021000000482800 0.109 3.2 446.0 371.4 459.2 80
2021000000482800 0.109 -17.0 126.1 52.1 166.5 80
2021000000482800 0.107 412.6 1.0 521.5 8.8 80
2021000000482800 0.106 254.3 223.2 349.5 282.6 80
2021000000482800 0.103 164.7 230.6 254.8 291.6 80
2021000000482800 0.102 259.8 291.8 369.2 366.4 80
2021000000482800 0.099 88.8 297.2 180.1 362.5 80
2021000000482800 0.099 216.0 212.2 304.8 269.9 80
2021000000482800 0.097 496.3 221.3 582.7 277.7 80
2021000000482800 0.097 193.3 1.1 289.9 4.8 80
2021000000482800 0.097 193.2 266.9 291.1 336.8 80
2021000000482800 0.097 429.2 289.8 532.4 370.6 80
2021000000482800 0.096 536.7 198.6 622.6 259.9 80
2021000000482800 0.096 -21.1 232.2 59.6 286.7 80
2021000000482800 0.095 64.1 239.1 154.1 302.8 80
2021000000482800 0.095 279.6 338.7 386.0 413.8 80
2021000000482800 0.094 449.8 231.3 545.5 302.6 80
2021000000482800 0.094 303.9 85.3 399.8 333.6 80
2021000000482800 0.092 554.0 236.7 646.9 322.6 80
2021000000482800 0.089 211.8 306.1 321.8 393.3 80
2021000000482800 0.089 513.3 240.1 616.1 344.3 80
2021000000482800 0.089 17.9 241.8 105.0 310.2 80
2021000000482800 0.088 330.8 349.9 436.0 434.2 80
2021000000482800 0.088 466.8 263.3 573.2 356.6 80
2021000000482800 0.085 263.4 428.4 368.9 458.3 80
2021000000482800 0.083 -7.5 271.9 87.4 374.8 80
2021000000482800 0.083 36.2 276.2 141.0 389.0 80
2021000000482800 0.081 36.3 418.1 140.9 456.1 80
2021000000482800 0.080 247.0 0.9 328.6 2.2 80
2021000000482800 0.079 519.9 115.6 649.7 484.3 80
2021000000482800 0.078 155.2 415.0 262.8 456.8 80
2021000000482800 0.078 164.5 302.1 283.6 430.1 80
2021000000482800 0.077 -6.4 392.2 118.6 439.3 80
2021000000482800 0.077 75.3 259.3 235.1 491.3 80
2021000000482800 0.076 302.9 269.4 534.0 510.4 80
2021000000482800 0.076 -18.7 367.6 79.0 416.2 80
2021000000482800 0.075 -24.9 383.5 51.6 429.1 80
2021000000482800 0.075 511.6 378.0 614.3 425.6 80
2021000000482800 0.075 476.0 236.6 609.7 448.4 80
2021000000482800 0.075 478.8 1.1 552.3 1.9 80
2021000000482800 0.074 82.3 393.0 184.6 439.6 80
2021000000482800 0.074 -27.2 157.3 61.4 506.6 80
2021000000482800 0.073 449.6 365.8 547.8 414.9 80
2021000000482800 0.072 425.7 278.9 569.5 462.7 80
2021000000482800 0.070 509.0 10.4 667.2 57.9 80
2021000000482800 0.069 398.0 346.7 497.2 397.3 80
2021000000482800 0.069 127.2 105.2 199.2 371.2 80
2021000000482800 0.068 384.3 5.6 540.8 50.7 80
2021000000482800 0.068 -33.3 6.2 138.0 51.1 80
2021000000482800 0.068 429.6 7.7 588.9 52.3 80
2021000000482800 0.067 524.1 1.0 588.1 1.6 80
2021000000482800 0.067 138.0 6.2 290.6 49.7 80
2021000000482800 0.067 8.6 8.6 172.8 52.6 80
2021000000482800 0.067 179.5 5.2 334.4 48.1 80
2021000000482800 0.067 -30.7 8.0 77.5 52.5 80
2021000000482800 0.067 52.6 4.1 205.6 46.8 80
2021000000482800 0.067 351.2 3.3 473.5 46.1 80
2021000000482800 0.066 99.6 5.2 235.5 47.6 80
2021000000482800 0.066 491.7 15.6 585.6 57.0 80
2021000000482800 0.065 -6.0 24.3 60.0 63.0 80
2021000000482800 0.065 240.5 0.7 325.5 38.0 80
2021000000482800 0.065 49.5 1.3 112.4 2.0 80
2021000000482800 0.064 381.5 12.5 456.3 48.1 80
2021000000482800 0.064 26.1 16.4 107.6 52.6 80
2021000000482800 0.061 440.5 10.3 510.9 39.1 80
2021000000482800 0.061 139.3 5.8 206.6 31.3 80
2021000000482800 0.059 273.3 -1.0 327.4 13.2 80
2021000000482800 0.056 189.1 1.7 247.6 12.7 80
2021000000482800 0.792 604.9 403.2 641.9 454.2 80
2021000000482800 0.784 330.0 81.7 501.7 449.4 18
2021000000482800 0.771 64.6 105.8 576.4 357.7 80
2021000000482800 0.769 336.2 82.4 490.1 302.3 80
2021000000482800 0.767 131.0 108.3 196.8 236.6 80
2021000000482800 0.763 331.2 114.5 440.6 321.0 80
2021000000482800 0.757 337.6 95.1 498.3 448.8 80
2021000000482800 0.756 126.9 125.1 166.6 244.9 80
2021000000482800 0.754 307.9 102.1 394.0 336.5 80
2021000000482800 0.753 310.6 112.4 355.4 206.4 80
2021000000482800 0.751 339.8 178.2 392.2 321.3 80
2021000000482800 0.750 357.2 92.4 497.4 425.1 80
2021000000482800 0.749 267.0 101.8 398.9 331.4 80
2021000000482800 0.748 131.5 119.4 199.1 358.6 80
2021000000482800 0.748 329.6 101.0 387.5 168.8 80
2021000000482800 0.744 374.4 98.4 390.5 126.2 80
2021000000482800 0.742 307.5 90.2 389.7 223.5 80
2021000000482800 0.742 347.3 122.0 398.3 229.5 80
2021000000482800 0.739 639.2 123.7 640.0 202.5 80
2021000000482800 0.728 352.0 184.7 394.5 317.5 80
2021000000482800 0.728 373.6 92.8 389.1 122.8 80
2021000000482800 0.724 127.2 105.2 199.2 371.2 18
2021000000482800 0.724 638.5 118.5 639.9 147.0 80
2021000000482800 0.684 303.9 85.3 399.8 333.6 18
2021000000482800 0.196 584.4 73.4 653.6 507.7 80
2021000000482800 0.128 509.6 359.9 732.7 480.7 80
2021000000482800 0.123 569.2 164.4 657.4 213.4 80
2021000000482800 0.118 -6.7 182.3 77.7 229.7 80
2021000000482800 0.116 221.0 253.0 338.3 328.6 80
2021000000482800 0.113 78.7 5.5 193.2 17.5 80
2021000000482800 0.113 428.7 6.8 544.0 18.8 80
2021000000482800 0.113 114.4 124.3 195.1 172.9 80
2021000000482800 0.109 3.2 446.0 371.4 459.2 80
2021000000482800 0.109 -17.0 126.1 52.1 166.5 80
2021000000482800 0.107 412.6 1.0 521.5 8.8 80
2021000000482800 0.106 254.3 223.2 349.5 282.6 80
2021000000482800 0.103 164.7 230.6 254.8 291.6 80
2021000000482800 0.102 259.8 291.8 369.2 366.4 80
2021000000482800 0.099 88.8 297.2 180.1 362.5 80
2021000000482800 0.099 216.0 212.2 304.8 269.9 80
2021000000482800 0.097 496.3 221.3 582.7 277.7 80
2021000000482800 0.097 193.3 1.1 289.9 4.8 80
2021000000482800 0.097 193.2 266.9 291.1 336.8 80
2021000000482800 0.097 429.2 289.8 532.4 370.6 80
2021000000482800 0.096 536.7 198.6 622.6 259.9 80
2021000000482800 0.096 -21.1 232.2 59.6 286.7 80
2021000000482800 0.095 64.1 239.1 154.1 302.8 80
2021000000482800 0.095 279.6 338.7 386.0 413.8 80
2021000000482800 0.094 449.8 231.3 545.5 302.6 80
2021000000482800 0.094 303.9 85.3 399.8 333.6 80
2021000000482800 0.092 554.0 236.7 646.9 322.6 80
2021000000482800 0.089 211.8 306.1 321.8 393.3 80
2021000000482800 0.089 513.3 240.1 616.1 344.3 80
2021000000482800 0.089 17.9 241.8 105.0 310.2 80
2021000000482800 0.088 330.8 349.9 436.0 434.2 80
2021000000482800 0.088 466.8 263.3 573.2 356.6 80
2021000000482800 0.085 263.4 428.4 368.9 458.3 80
2021000000482800 0.083 -7.5 271.9 87.4 374.8 80
2021000000482800 0.083 36.2 276.2 141.0 389.0 80
2021000000482800 0.081 36.3 418.1 140.9 456.1 80
2021000000482800 0.080 247.0 0.9 328.6 2.2 80
2021000000482800 0.079 519.9 115.6 649.7 484.3 80
2021000000482800 0.078 155.2 415.0 262.8 456.8 80
2021000000482800 0.078 164.5 302.1 283.6 430.1 80
2021000000482800 0.077 -6.4 392.2 118.6 439.3 80
2021000000482800 0.077 75.3 259.3 235.1 491.3 80
2021000000482800 0.076 302.9 269.4 534.0 510.4 80
2021000000482800 0.076 -18.7 367.6 79.0 416.2 80
2021000000482800 0.075 -24.9 383.5 51.6 429.1 80
2021000000482800 0.075 511.6 378.0 614.3 425.6 80
2021000000482800 0.075 476.0 236.6 609.7 448.4 80
2021000000482800 0.075 478.8 1.1 552.3 1.9 80
2021000000482800 0.074 82.3 393.0 184.6 439.6 80
2021000000482800 0.074 -27.2 157.3 61.4 506.6 80
2021000000482800 0.073 449.6 365.8 547.8 414.9 80
2021000000482800 0.072 425.7 278.9 569.5 462.7 80
2021000000482800 0.070 509.0 10.4 667.2 57.9 80
2021000000482800 0.069 398.0 346.7 497.2 397.3 80
2021000000482800 0.069 127.2 105.2 199.2 371.2 80
2021000000482800 0.068 384.3 5.6 540.8 50.7 80
2021000000482800 0.068 -33.3 6.2 138.0 51.1 80
2021000000482800 0.068 429.6 7.7 588.9 52.3 80
2021000000482800 0.067 524.1 1.0 588.1 1.6 80
2021000000482800 0.067 138.0 6.2 290.6 49.7 80
2021000000482800 0.067 8.6 8.6 172.8 52.6 80
2021000000482800 0.067 179.5 5.2 334.4 48.1 80
2021000000482800 0.067 -30.7 8.0 77.5 52.5 80
2021000000482800 0.067 52.6 4.1 205.6 46.8 80
2021000000482800 0.067 351.2 3.3 473.5 46.1 80
2021000000482800 0.066 99.6 5.2 235.5 47.6 80
2021000000482800 0.066 491.7 15.6 585.6 57.0 80
2021000000482800 0.065 -6.0 24.3 60.0 63.0 80
2021000000482800 0.065 240.5 0.7 325.5 38.0 80
2021000000482800 0.065 49.5 1.3 112.4 2.0 80
2021000000482800 0.064 381.5 12.5 456.3 48.1 80
2021000000482800 0.064 26.1 16.4 107.6 52.6 80
2021000000482800 0.061 440.5 10.3 510.9 39.1 80
2021000000482800 0.061 139.3 5.8 206.6 31.3 80
2021000000482800 0.059 273.3 -1.0 327.4 13.2 80
2021000000482800 0.056 189.1 1.7 247.6 12.7 80
