2021000000357567 0.772 46.8 5.1 464.3 596.0 80
2021000000357567 0.768 456.6 568.1 482.4 640.8 80
2021000000357567 0.768 43.3 5.8 432.4 376.1 80
2021000000357567 0.768 34.2 -3.4 464.2 630.6 80
2021000000357567 0.754 475.5 402.7 480.1 574.1 80
2021000000357567 0.753 474.9 186.9 480.2 317.4 80
2021000000357567 0.752 80.3 22.6 366.7 458.0 80
2021000000357567 0.746 467.7 197.8 479.1 254.8 80
2021000000357567 0.737 477.2 117.7 480.5 541.7 80
2021000000357567 0.718 1.7 6.4 480.6 583.4 80
2021000000357567 0.718 464.8 223.8 480.5 247.6 80
2021000000357567 0.683 0.5 169.0 4.5 615.8 80
2021000000357567 0.671 41.6 4.9 468.5 487.9 80
2021000000357567 0.416 28.9 6.8 467.5 581.0 80
2021000000357567 0.337 36.3 1.7 469.8 516.7 80
2021000000357567 0.336 36.3 1.7 469.8 516.7 18
2021000000357567 0.279 28.9 6.8 467.5 581.0 18
2021000000357567 0.267 393.8 71.6 514.9 629.9 80
2021000000357567 0.136 242.0 112.2 322.2 188.9 80
2021000000357567 0.119 349.5 229.4 420.3 305.2 80
2021000000357567 0.114 192.6 152.9 261.8 231.3 80
2021000000357567 0.114 137.2 6.0 227.8 24.0 80
2021000000357567 0.112 179.5 378.1 288.5 527.0 80
2021000000357567 0.110 -12.4 8.5 69.8 24.4 80
2021000000357567 0.108 105.1 4.5 189.9 16.5 80
2021000000357567 0.108 -10.7 628.4 290.8 642.6 80
2021000000357567 0.107 407.7 1.0 489.7 13.1 80
2021000000357567 0.104 259.6 288.6 346.5 393.4 80
2021000000357567 0.103 319.5 236.4 396.3 333.2 80
2021000000357567 0.103 291.6 271.0 368.0 366.2 80
2021000000357567 0.103 10.1 339.5 79.9 437.4 80
2021000000357567 0.101 -12.7 366.6 72.5 541.2 80
2021000000357567 0.101 173.4 217.3 247.5 315.2 80
2021000000357567 0.101 393.7 100.3 485.0 688.1 80
2021000000357567 0.101 179.1 284.7 274.9 422.4 80
2021000000357567 0.100 331.7 312.9 414.8 426.1 80
2021000000357567 0.100 157.6 285.1 233.1 389.6 80
2021000000357567 0.098 -12.8 612.2 145.9 641.3 80
2021000000357567 0.098 122.2 310.3 198.2 415.8 80
2021000000357567 0.097 393.8 238.4 477.5 403.0 80
2021000000357567 0.097 175.4 364.6 250.8 468.6 80
2021000000357567 0.097 308.7 337.6 384.7 439.3 80
2021000000357567 0.095 145.6 369.9 220.5 475.1 80
2021000000357567 0.095 77.6 295.6 145.6 385.2 80
2021000000357567 0.095 284.7 369.9 359.9 472.8 80
2021000000357567 0.094 381.0 331.4 466.6 486.3 80
2021000000357567 0.094 369.7 300.6 440.4 402.3 80
2021000000357567 0.093 90.5 354.9 164.5 462.6 80
2021000000357567 0.092 385.0 220.3 450.3 311.3 80
2021000000357567 0.092 106.3 400.8 191.9 533.4 80
2021000000357567 0.091 -16.1 315.1 44.9 422.6 80
2021000000357567 0.090 154.8 424.7 245.9 558.9 80
2021000000357567 0.089 47.4 325.1 117.3 435.6 80
2021000000357567 0.089 283.9 0.2 353.3 3.7 80
2021000000357567 0.089 322.3 398.7 403.9 525.1 80
2021000000357567 0.087 351.6 367.2 430.5 499.8 80
2021000000357567 0.085 59.4 381.1 143.2 538.8 80
2021000000357567 0.085 253.0 414.9 351.2 563.5 80
2021000000357567 0.084 -18.9 573.7 59.9 628.1 80
2021000000357567 0.083 33.0 1.4 95.9 4.0 80
2021000000357567 0.082 25.9 375.5 105.6 554.2 80
2021000000357567 0.081 41.6 4.9 468.5 487.9 18
2021000000357567 0.080 129.5 574.9 242.1 632.0 80
2021000000357567 0.077 379.6 545.8 456.1 609.7 80
2021000000357567 0.076 114.0 441.2 359.6 652.5 80
2021000000357567 0.076 -19.7 542.9 40.0 607.8 80
2021000000357567 0.074 360.3 345.6 457.1 617.1 80
2021000000357567 0.074 0.4 511.8 85.0 583.0 80
2021000000357567 0.074 282.8 388.7 383.9 609.7 80
2021000000357567 0.073 338.1 513.9 421.7 584.5 80
2021000000357567 0.073 41.2 520.6 135.9 592.4 80
2021000000357567 0.072 234.3 517.3 326.2 588.1 80
2021000000357567 0.072 74.4 526.7 166.1 596.0 80
2021000000357567 0.072 71.5 1.0 124.7 2.6 80
2021000000357567 0.072 293.3 513.6 381.9 585.8 80
2021000000357567 0.072 88.1 387.0 232.9 645.0 80
2021000000357567 0.072 140.5 532.6 226.5 600.8 80
2021000000357567 0.072 192.6 505.4 285.4 577.3 80
2021000000357567 0.071 36.3 1.7 469.8 516.7 9
2021000000357567 0.070 314.8 392.3 429.9 649.1 80
2021000000357567 0.068 374.4 7.8 511.2 72.4 80
2021000000357567 0.068 318.1 0.7 367.2 2.1 80
2021000000357567 0.068 282.8 7.0 411.9 69.7 80
2021000000357567 0.068 22.0 9.9 171.9 72.5 80
2021000000357567 0.068 -28.3 7.4 107.3 70.1 80
2021000000357567 0.068 317.5 7.8 449.5 69.6 80
2021000000357567 0.068 5.3 11.9 129.9 73.7 80
2021000000357567 0.067 64.0 9.9 188.4 70.4 80
2021000000357567 0.067 -18.1 11.5 51.8 74.3 80
2021000000357567 0.067 1.7 6.4 480.6 583.4 18
2021000000357567 0.067 256.3 5.6 362.4 65.9 80
2021000000357567 0.067 210.9 1.5 282.0 60.3 80
2021000000357567 0.066 152.1 1.3 217.1 57.7 80
2021000000357567 0.066 118.3 2.4 201.1 58.6 80
2021000000357567 0.066 235.3 10.5 295.8 65.8 80
2021000000357567 0.066 171.0 0.5 229.5 54.8 80
2021000000357567 0.065 165.6 0.6 212.2 1.7 80
2021000000357567 0.064 -18.8 24.7 33.5 80.4 80
2021000000357567 0.063 373.1 7.0 431.2 52.7 80
2021000000357567 0.061 21.3 9.3 71.5 46.1 80
2021000000357567 0.772 46.8 5.1 464.3 596.0 80
2021000000357567 0.768 456.6 568.1 482.4 640.8 80
2021000000357567 0.768 43.3 5.8 432.4 376.1 80
2021000000357567 0.768 34.2 -3.4 464.2 630.6 80
2021000000357567 0.754 475.5 402.7 480.1 574.1 80
2021000000357567 0.753 474.9 186.9 480.2 317.4 80
2021000000357567 0.752 80.3 22.6 366.7 458.0 80
2021000000357567 0.746 467.7 197.8 479.1 254.8 80
2021000000357567 0.737 477.2 117.7 480.5 541.7 80
2021000000357567 0.718 1.7 6.4 480.6 583.4 80
2021000000357567 0.718 464.8 223.8 480.5 247.6 80
2021000000357567 0.683 0.5 169.0 4.5 615.8 80
2021000000357567 0.671 41.6 4.9 468.5 487.9 80
2021000000357567 0.416 28.9 6.8 467.5 581.0 80
2021000000357567 0.337 36.3 1.7 469.8 516.7 80
2021000000357567 0.336 36.3 1.7 469.8 516.7 18
2021000000357567 0.279 28.9 6.8 467.5 581.0 18
2021000000357567 0.267 393.8 71.6 514.9 629.9 80
2021000000357567 0.136 242.0 112.2 322.2 188.9 80
2021000000357567 0.119 349.5 229.4 420.3 305.2 80
2021000000357567 0.114 192.6 152.9 261.8 231.3 80
2021000000357567 0.114 137.2 6.0 227.8 24.0 80
2021000000357567 0.112 179.5 378.1 288.5 527.0 80
2021000000357567 0.110 -12.4 8.5 69.8 24.4 80
2021000000357567 0.108 105.1 4.5 189.9 16.5 80
2021000000357567 0.108 -10.7 628.4 290.8 642.6 80
2021000000357567 0.107 407.7 1.0 489.7 13.1 80
2021000000357567 0.104 259.6 288.6 346.5 393.4 80
2021000000357567 0.103 319.5 236.4 396.3 333.2 80
2021000000357567 0.103 291.6 271.0 368.0 366.2 80
2021000000357567 0.103 10.1 339.5 79.9 437.4 80
2021000000357567 0.101 -12.7 366.6 72.5 541.2 80
2021000000357567 0.101 173.4 217.3 247.5 315.2 80
2021000000357567 0.101 393.7 100.3 485.0 688.1 80
2021000000357567 0.101 179.1 284.7 274.9 422.4 80
2021000000357567 0.100 331.7 312.9 414.8 426.1 80
2021000000357567 0.100 157.6 285.1 233.1 389.6 80
2021000000357567 0.098 -12.8 612.2 145.9 641.3 80
2021000000357567 0.098 122.2 310.3 198.2 415.8 80
2021000000357567 0.097 393.8 238.4 477.5 403.0 80
2021000000357567 0.097 175.4 364.6 250.8 468.6 80
2021000000357567 0.097 308.7 337.6 384.7 439.3 80
2021000000357567 0.095 145.6 369.9 220.5 475.1 80
2021000000357567 0.095 77.6 295.6 145.6 385.2 80
2021000000357567 0.095 284.7 369.9 359.9 472.8 80
2021000000357567 0.094 381.0 331.4 466.6 486.3 80
2021000000357567 0.094 369.7 300.6 440.4 402.3 80
2021000000357567 0.093 90.5 354.9 164.5 462.6 80
2021000000357567 0.092 385.0 220.3 450.3 311.3 80
2021000000357567 0.092 106.3 400.8 191.9 533.4 80
2021000000357567 0.091 -16.1 315.1 44.9 422.6 80
2021000000357567 0.090 154.8 424.7 245.9 558.9 80
2021000000357567 0.089 47.4 325.1 117.3 435.6 80
2021000000357567 0.089 283.9 0.2 353.3 3.7 80
2021000000357567 0.089 322.3 398.7 403.9 525.1 80
2021000000357567 0.087 351.6 367.2 430.5 499.8 80
2021000000357567 0.085 59.4 381.1 143.2 538.8 80
2021000000357567 0.085 253.0 414.9 351.2 563.5 80
2021000000357567 0.084 -18.9 573.7 59.9 628.1 80
2021000000357567 0.083 33.0 1.4 95.9 4.0 80
2021000000357567 0.082 25.9 375.5 105.6 554.2 80
2021000000357567 0.081 41.6 4.9 468.5 487.9 18
2021000000357567 0.080 129.5 574.9 242.1 632.0 80
2021000000357567 0.077 379.6 545.8 456.1 609.7 80
2021000000357567 0.076 114.0 441.2 359.6 652.5 80
2021000000357567 0.076 -19.7 542.9 40.0 607.8 80
2021000000357567 0.074 360.3 345.6 457.1 617.1 80
2021000000357567 0.074 0.4 511.8 85.0 583.0 80
2021000000357567 0.074 282.8 388.7 383.9 609.7 80
2021000000357567 0.073 338.1 513.9 421.7 584.5 80
2021000000357567 0.073 41.2 520.6 135.9 592.4 80
2021000000357567 0.072 234.3 517.3 326.2 588.1 80
2021000000357567 0.072 74.4 526.7 166.1 596.0 80
2021000000357567 0.072 71.5 1.0 124.7 2.6 80
2021000000357567 0.072 293.3 513.6 381.9 585.8 80
2021000000357567 0.072 88.1 387.0 232.9 645.0 80
2021000000357567 0.072 140.5 532.6 226.5 600.8 80
2021000000357567 0.072 192.6 505.4 285.4 577.3 80
2021000000357567 0.071 36.3 1.7 469.8 516.7 9
2021000000357567 0.070 314.8 392.3 429.9 649.1 80
2021000000357567 0.068 374.4 7.8 511.2 72.4 80
2021000000357567 0.068 318.1 0.7 367.2 2.1 80
2021000000357567 0.068 282.8 7.0 411.9 69.7 80
2021000000357567 0.068 22.0 9.9 171.9 72.5 80
2021000000357567 0.068 -28.3 7.4 107.3 70.1 80
2021000000357567 0.068 317.5 7.8 449.5 69.6 80
2021000000357567 0.068 5.3 11.9 129.9 73.7 80
2021000000357567 0.067 64.0 9.9 188.4 70.4 80
2021000000357567 0.067 -18.1 11.5 51.8 74.3 80
2021000000357567 0.067 1.7 6.4 480.6 583.4 18
2021000000357567 0.067 256.3 5.6 362.4 65.9 80
2021000000357567 0.067 210.9 1.5 282.0 60.3 80
2021000000357567 0.066 152.1 1.3 217.1 57.7 80
2021000000357567 0.066 118.3 2.4 201.1 58.6 80
2021000000357567 0.066 235.3 10.5 295.8 65.8 80
2021000000357567 0.066 171.0 0.5 229.5 54.8 80
2021000000357567 0.065 165.6 0.6 212.2 1.7 80
2021000000357567 0.064 -18.8 24.7 33.5 80.4 80
2021000000357567 0.063 373.1 7.0 431.2 52.7 80
2021000000357567 0.061 21.3 9.3 71.5 46.1 80
