2021000000097278 0.785 81.9 82.0 333.2 572.1 18
2021000000097278 0.777 84.3 181.6 334.5 574.5 80
2021000000097278 0.775 427.6 589.1 462.8 637.8 80
2021000000097278 0.772 85.8 95.3 328.9 573.6 80
2021000000097278 0.767 3.5 113.7 455.2 533.0 80
2021000000097278 0.748 442.9 214.6 457.1 239.2 80
2021000000097278 0.746 130.4 116.8 318.5 573.1 80
2021000000097278 0.743 124.0 111.8 231.6 384.7 80
2021000000097278 0.737 455.6 355.9 457.2 550.3 80
2021000000097278 0.729 453.7 162.2 457.3 249.3 80
2021000000097278 0.725 98.9 113.4 234.3 503.9 80
2021000000097278 0.720 0.7 584.3 9.4 641.4 80
2021000000097278 0.719 407.0 220.1 426.3 237.9 80
2021000000097278 0.719 0.3 0.9 39.0 11.1 80
2021000000097278 0.714 405.9 216.9 457.5 239.2 80
2021000000097278 0.695 403.8 213.1 455.8 234.9 80
2021000000097278 0.614 0.7 234.0 2.0 637.8 80
2021000000097278 0.198 402.7 122.3 484.7 695.0 80
2021000000097278 0.164 172.8 215.4 283.0 352.8 80
2021000000097278 0.127 276.6 131.8 356.7 198.2 80
2021000000097278 0.126 128.4 126.7 205.0 196.4 80
2021000000097278 0.115 224.5 292.4 292.4 372.4 80
2021000000097278 0.112 74.5 293.6 137.8 367.7 80
2021000000097278 0.107 -15.0 609.4 334.0 648.2 80
2021000000097278 0.107 256.9 289.7 327.9 374.9 80
2021000000097278 0.102 365.3 218.4 430.4 306.0 80
2021000000097278 0.098 138.6 366.7 210.2 474.1 80
2021000000097278 0.098 394.0 325.2 463.8 451.7 80
2021000000097278 0.096 242.9 361.3 314.8 458.0 80
2021000000097278 0.096 118.1 313.3 187.9 419.6 80
2021000000097278 0.094 144.9 417.8 237.3 556.8 80
2021000000097278 0.094 296.2 341.3 365.4 439.5 80
2021000000097278 0.093 322.4 323.2 390.6 423.9 80
2021000000097278 0.093 353.8 302.7 418.2 398.4 80
2021000000097278 0.093 104.3 412.4 179.5 520.8 80
2021000000097278 0.093 87.2 358.3 156.6 462.4 80
2021000000097278 0.092 366.5 341.2 440.4 477.4 80
2021000000097278 0.092 223.6 428.8 296.0 529.4 80
2021000000097278 0.091 269.9 368.7 346.4 476.9 80
2021000000097278 0.091 -16.6 238.2 43.4 482.5 80
2021000000097278 0.090 45.3 325.6 111.9 434.1 80
2021000000097278 0.089 335.2 372.8 409.5 498.6 80
2021000000097278 0.088 11.4 329.8 76.5 449.1 80
2021000000097278 0.088 307.3 404.0 384.0 523.1 80
2021000000097278 0.087 59.1 401.8 134.7 527.8 80
2021000000097278 0.085 -14.9 582.0 50.1 629.4 80
2021000000097278 0.084 -3.4 1.3 56.5 4.3 80
2021000000097278 0.083 247.9 421.0 332.4 558.2 80
2021000000097278 0.082 26.4 391.6 99.7 547.4 80
2021000000097278 0.081 -9.9 313.5 64.8 580.3 80
2021000000097278 0.080 106.7 1.2 164.6 3.5 80
2021000000097278 0.080 340.1 1.2 398.5 3.3 80
2021000000097278 0.080 32.3 1.4 89.9 3.5 80
2021000000097278 0.077 359.7 248.5 473.0 655.7 80
2021000000097278 0.076 275.2 411.3 365.1 589.8 80
2021000000097278 0.076 141.8 541.5 234.4 606.9 80
2021000000097278 0.075 317.7 1.2 370.7 2.7 80
2021000000097278 0.074 341.4 372.1 436.5 606.2 80
2021000000097278 0.074 167.5 422.9 292.9 640.4 80
2021000000097278 0.073 366.9 505.1 440.0 575.6 80
2021000000097278 0.073 105.1 404.0 211.6 629.7 80
2021000000097278 0.073 3.7 493.3 74.2 562.9 80
2021000000097278 0.072 38.9 518.4 123.0 587.9 80
2021000000097278 0.072 224.5 512.4 307.7 582.5 80
2021000000097278 0.071 40.9 421.8 175.7 665.1 80
2021000000097278 0.071 279.7 503.8 357.1 575.2 80
2021000000097278 0.071 136.6 524.9 216.7 595.0 80
2021000000097278 0.071 75.8 509.1 157.5 580.2 80
2021000000097278 0.071 326.1 483.7 397.6 554.4 80
2021000000097278 0.071 256.2 1.0 305.2 2.4 80
2021000000097278 0.070 188.9 486.1 267.8 557.1 80
2021000000097278 0.070 281.8 404.4 423.5 645.2 80
2021000000097278 0.069 -19.4 58.1 31.3 129.4 80
2021000000097278 0.068 356.3 7.7 486.5 71.3 80
2021000000097278 0.068 258.2 7.5 405.5 70.4 80
2021000000097278 0.068 159.6 6.4 324.4 69.7 80
2021000000097278 0.068 23.2 9.2 161.2 71.1 80
2021000000097278 0.067 289.5 7.5 443.2 69.0 80
2021000000097278 0.067 233.1 6.7 360.7 67.3 80
2021000000097278 0.067 -5.4 4.7 78.0 60.0 80
2021000000097278 0.067 97.6 7.4 207.4 67.5 80
2021000000097278 0.067 8.5 10.2 120.4 70.5 80
2021000000097278 0.067 130.8 6.1 233.0 65.9 80
2021000000097278 0.067 63.8 9.2 174.9 68.8 80
2021000000097278 0.067 157.6 7.4 254.9 67.0 80
2021000000097278 0.067 195.2 0.6 240.8 1.7 80
2021000000097278 0.067 222.1 16.8 307.0 75.5 80
2021000000097278 0.066 174.9 28.4 231.9 87.0 80
2021000000097278 0.066 -4.5 35.2 46.0 91.6 80
2021000000097278 0.065 17.0 26.7 74.3 81.0 80
2021000000097278 0.065 277.4 23.7 338.8 78.1 80
2021000000097278 0.064 44.2 28.5 99.6 80.9 80
2021000000097278 0.064 96.1 19.4 149.6 69.6 80
2021000000097278 0.064 71.4 24.6 128.2 76.0 80
2021000000097278 0.061 357.2 3.0 408.8 41.2 80
2021000000097278 0.061 212.5 16.8 261.7 56.6 80
2021000000097278 0.060 243.8 15.6 292.0 52.5 80
2021000000097278 0.060 216.0 0.7 258.6 2.5 80
2021000000097278 0.058 315.0 5.0 359.8 27.9 80
2021000000097278 0.056 36.9 8.7 78.1 25.2 80
2021000000097278 0.785 81.9 82.0 333.2 572.1 18
2021000000097278 0.777 84.3 181.6 334.5 574.5 80
2021000000097278 0.775 427.6 589.1 462.8 637.8 80
2021000000097278 0.772 85.8 95.3 328.9 573.6 80
2021000000097278 0.767 3.5 113.7 455.2 533.0 80
2021000000097278 0.748 442.9 214.6 457.1 239.2 80
2021000000097278 0.746 130.4 116.8 318.5 573.1 80
2021000000097278 0.743 124.0 111.8 231.6 384.7 80
2021000000097278 0.737 455.6 355.9 457.2 550.3 80
2021000000097278 0.729 453.7 162.2 457.3 249.3 80
2021000000097278 0.725 98.9 113.4 234.3 503.9 80
2021000000097278 0.720 0.7 584.3 9.4 641.4 80
2021000000097278 0.719 407.0 220.1 426.3 237.9 80
2021000000097278 0.719 0.3 0.9 39.0 11.1 80
2021000000097278 0.714 405.9 216.9 457.5 239.2 80
2021000000097278 0.695 403.8 213.1 455.8 234.9 80
2021000000097278 0.614 0.7 234.0 2.0 637.8 80
2021000000097278 0.198 402.7 122.3 484.7 695.0 80
2021000000097278 0.164 172.8 215.4 283.0 352.8 80
2021000000097278 0.127 276.6 131.8 356.7 198.2 80
2021000000097278 0.126 128.4 126.7 205.0 196.4 80
2021000000097278 0.115 224.5 292.4 292.4 372.4 80
2021000000097278 0.112 74.5 293.6 137.8 367.7 80
2021000000097278 0.107 -15.0 609.4 334.0 648.2 80
2021000000097278 0.107 256.9 289.7 327.9 374.9 80
2021000000097278 0.102 365.3 218.4 430.4 306.0 80
2021000000097278 0.098 138.6 366.7 210.2 474.1 80
2021000000097278 0.098 394.0 325.2 463.8 451.7 80
2021000000097278 0.096 242.9 361.3 314.8 458.0 80
2021000000097278 0.096 118.1 313.3 187.9 419.6 80
2021000000097278 0.094 144.9 417.8 237.3 556.8 80
2021000000097278 0.094 296.2 341.3 365.4 439.5 80
2021000000097278 0.093 322.4 323.2 390.6 423.9 80
2021000000097278 0.093 353.8 302.7 418.2 398.4 80
2021000000097278 0.093 104.3 412.4 179.5 520.8 80
2021000000097278 0.093 87.2 358.3 156.6 462.4 80
2021000000097278 0.092 366.5 341.2 440.4 477.4 80
2021000000097278 0.092 223.6 428.8 296.0 529.4 80
2021000000097278 0.091 269.9 368.7 346.4 476.9 80
2021000000097278 0.091 -16.6 238.2 43.4 482.5 80
2021000000097278 0.090 45.3 325.6 111.9 434.1 80
2021000000097278 0.089 335.2 372.8 409.5 498.6 80
2021000000097278 0.088 11.4 329.8 76.5 449.1 80
2021000000097278 0.088 307.3 404.0 384.0 523.1 80
2021000000097278 0.087 59.1 401.8 134.7 527.8 80
2021000000097278 0.085 -14.9 582.0 50.1 629.4 80
2021000000097278 0.084 -3.4 1.3 56.5 4.3 80
2021000000097278 0.083 247.9 421.0 332.4 558.2 80
2021000000097278 0.082 26.4 391.6 99.7 547.4 80
2021000000097278 0.081 -9.9 313.5 64.8 580.3 80
2021000000097278 0.080 106.7 1.2 164.6 3.5 80
2021000000097278 0.080 340.1 1.2 398.5 3.3 80
2021000000097278 0.080 32.3 1.4 89.9 3.5 80
2021000000097278 0.077 359.7 248.5 473.0 655.7 80
2021000000097278 0.076 275.2 411.3 365.1 589.8 80
2021000000097278 0.076 141.8 541.5 234.4 606.9 80
2021000000097278 0.075 317.7 1.2 370.7 2.7 80
2021000000097278 0.074 341.4 372.1 436.5 606.2 80
2021000000097278 0.074 167.5 422.9 292.9 640.4 80
2021000000097278 0.073 366.9 505.1 440.0 575.6 80
2021000000097278 0.073 105.1 404.0 211.6 629.7 80
2021000000097278 0.073 3.7 493.3 74.2 562.9 80
2021000000097278 0.072 38.9 518.4 123.0 587.9 80
2021000000097278 0.072 224.5 512.4 307.7 582.5 80
2021000000097278 0.071 40.9 421.8 175.7 665.1 80
2021000000097278 0.071 279.7 503.8 357.1 575.2 80
2021000000097278 0.071 136.6 524.9 216.7 595.0 80
2021000000097278 0.071 75.8 509.1 157.5 580.2 80
2021000000097278 0.071 326.1 483.7 397.6 554.4 80
2021000000097278 0.071 256.2 1.0 305.2 2.4 80
2021000000097278 0.070 188.9 486.1 267.8 557.1 80
2021000000097278 0.070 281.8 404.4 423.5 645.2 80
2021000000097278 0.069 -19.4 58.1 31.3 129.4 80
2021000000097278 0.068 356.3 7.7 486.5 71.3 80
2021000000097278 0.068 258.2 7.5 405.5 70.4 80
2021000000097278 0.068 159.6 6.4 324.4 69.7 80
2021000000097278 0.068 23.2 9.2 161.2 71.1 80
2021000000097278 0.067 289.5 7.5 443.2 69.0 80
2021000000097278 0.067 233.1 6.7 360.7 67.3 80
2021000000097278 0.067 -5.4 4.7 78.0 60.0 80
2021000000097278 0.067 97.6 7.4 207.4 67.5 80
2021000000097278 0.067 8.5 10.2 120.4 70.5 80
2021000000097278 0.067 130.8 6.1 233.0 65.9 80
2021000000097278 0.067 63.8 9.2 174.9 68.8 80
2021000000097278 0.067 157.6 7.4 254.9 67.0 80
2021000000097278 0.067 195.2 0.6 240.8 1.7 80
2021000000097278 0.067 222.1 16.8 307.0 75.5 80
2021000000097278 0.066 174.9 28.4 231.9 87.0 80
2021000000097278 0.066 -4.5 35.2 46.0 91.6 80
2021000000097278 0.065 17.0 26.7 74.3 81.0 80
2021000000097278 0.065 277.4 23.7 338.8 78.1 80
2021000000097278 0.064 44.2 28.5 99.6 80.9 80
2021000000097278 0.064 96.1 19.4 149.6 69.6 80
2021000000097278 0.064 71.4 24.6 128.2 76.0 80
2021000000097278 0.061 357.2 3.0 408.8 41.2 80
2021000000097278 0.061 212.5 16.8 261.7 56.6 80
2021000000097278 0.060 243.8 15.6 292.0 52.5 80
2021000000097278 0.060 216.0 0.7 258.6 2.5 80
2021000000097278 0.058 315.0 5.0 359.8 27.9 80
2021000000097278 0.056 36.9 8.7 78.1 25.2 80
