2021000000418281 0.789 609.7 379.5 640.8 422.7 80
2021000000418281 0.765 74.7 208.6 567.5 360.6 80
2021000000418281 0.762 89.9 262.1 220.0 375.1 80
2021000000418281 0.759 189.0 260.6 277.3 331.3 80
2021000000418281 0.757 173.1 263.3 243.4 314.5 80
2021000000418281 0.757 132.9 259.5 237.3 340.8 80
2021000000418281 0.756 54.8 338.3 65.0 343.5 80
2021000000418281 0.756 231.4 252.7 260.2 268.5 80
2021000000418281 0.746 390.5 139.8 412.5 197.1 80
2021000000418281 0.740 407.3 344.0 413.8 352.7 80
2021000000418281 0.735 408.9 339.4 414.5 344.9 80
2021000000418281 0.735 103.5 258.7 278.9 379.8 80
2021000000418281 0.729 639.3 205.2 640.1 273.8 80
2021000000418281 0.727 434.6 213.8 442.7 225.1 80
2021000000418281 0.725 639.1 286.0 640.1 347.1 80
2021000000418281 0.722 99.4 249.9 282.6 385.3 80
2021000000418281 0.719 434.9 213.3 443.1 224.1 80
2021000000418281 0.717 324.0 308.1 358.1 323.1 80
2021000000418281 0.711 77.4 380.6 85.6 390.6 80
2021000000418281 0.708 480.5 341.8 496.4 346.0 80
2021000000418281 0.704 1.0 407.1 2.9 426.3 80
2021000000418281 0.704 486.4 343.3 497.7 347.5 80
2021000000418281 0.700 472.3 348.2 476.5 358.0 80
2021000000418281 0.689 329.8 307.0 364.6 321.5 80
2021000000418281 0.687 97.6 249.8 285.1 384.7 7
2021000000418281 0.681 424.1 206.4 443.7 226.3 80
2021000000418281 0.680 407.3 339.2 413.0 345.3 80
2021000000418281 0.672 323.6 312.0 376.1 355.2 80
2021000000418281 0.662 332.2 307.2 380.1 327.2 80
2021000000418281 0.661 474.8 349.9 479.3 359.5 80
2021000000418281 0.658 321.7 308.7 365.6 348.0 80
2021000000418281 0.620 324.9 311.0 395.6 354.0 80
2021000000418281 0.559 434.0 215.3 442.9 226.7 80
2021000000418281 0.551 323.7 311.0 396.9 356.2 7
2021000000418281 0.508 324.6 310.2 361.1 325.0 80
2021000000418281 0.198 -33.7 417.6 55.1 428.8 80
2021000000418281 0.165 323.7 311.0 396.9 356.2 11
2021000000418281 0.153 212.6 301.7 296.6 345.8 80
2021000000418281 0.150 324.6 310.2 361.1 325.0 11
2021000000418281 0.141 434.0 215.3 442.9 226.7 18
2021000000418281 0.139 323.7 311.0 396.9 356.2 9
2021000000418281 0.136 324.6 310.2 361.1 325.0 7
2021000000418281 0.135 227.8 161.7 311.0 207.2 80
2021000000418281 0.124 323.7 311.0 396.9 356.2 80
2021000000418281 0.124 299.0 132.6 377.6 178.7 80
2021000000418281 0.122 324.6 310.2 361.1 325.0 9
2021000000418281 0.120 82.6 281.7 183.2 342.0 80
2021000000418281 0.120 71.1 19.9 189.7 44.8 80
2021000000418281 0.114 261.6 288.8 359.6 340.5 80
2021000000418281 0.114 60.5 232.2 153.5 293.5 80
2021000000418281 0.113 578.9 126.6 660.2 462.3 80
2021000000418281 0.110 234.1 258.7 318.1 306.1 80
2021000000418281 0.107 342.0 154.0 433.1 213.6 80
2021000000418281 0.105 35.7 3.8 141.9 10.5 80
2021000000418281 0.105 279.4 167.0 373.9 226.8 80
2021000000418281 0.103 182.5 164.2 270.7 216.7 80
2021000000418281 0.100 470.7 1.8 570.2 6.1 80
2021000000418281 0.100 366.9 203.3 451.0 253.5 80
2021000000418281 0.099 164.7 0.2 264.1 4.3 80
2021000000418281 0.097 572.9 169.5 652.5 219.2 80
2021000000418281 0.096 137.4 170.3 229.4 233.2 80
2021000000418281 0.095 58.7 406.8 172.0 429.1 80
2021000000418281 0.095 469.3 263.9 566.0 332.2 80
2021000000418281 0.095 260.0 215.7 346.3 267.9 80
2021000000418281 0.093 511.6 121.2 652.4 462.9 80
2021000000418281 0.093 417.8 404.9 522.1 427.3 80
2021000000418281 0.093 450.7 219.3 545.0 284.7 80
2021000000418281 0.092 101.7 200.5 194.8 266.9 80
2021000000418281 0.091 536.0 185.3 623.5 248.1 80
2021000000418281 0.090 495.0 204.1 584.7 268.9 80
2021000000418281 0.089 553.0 221.1 648.3 307.5 80
2021000000418281 0.088 241.2 326.9 350.1 403.2 80
2021000000418281 0.088 499.2 396.6 592.5 423.8 80
2021000000418281 0.088 97.6 249.8 285.1 384.7 9
2021000000418281 0.087 515.2 232.1 613.7 320.9 80
2021000000418281 0.085 16.6 223.4 106.5 297.1 80
2021000000418281 0.085 -22.8 210.6 61.2 282.9 80
2021000000418281 0.082 324.9 311.0 395.6 354.0 7
2021000000418281 0.080 -9.1 246.0 88.9 362.1 80
2021000000418281 0.077 25.3 192.4 145.2 430.6 80
2021000000418281 0.077 407.3 339.2 413.0 345.3 2
2021000000418281 0.074 477.7 224.7 607.2 420.4 80
2021000000418281 0.073 522.1 1.0 592.8 1.6 80
2021000000418281 0.070 516.2 9.6 657.9 53.4 80
2021000000418281 0.070 -44.1 10.8 147.2 55.0 80
2021000000418281 0.069 375.5 9.3 545.1 53.3 80
2021000000418281 0.069 242.7 8.6 424.8 52.5 80
2021000000418281 0.069 -36.4 45.2 57.2 90.2 80
2021000000418281 0.069 200.5 11.9 376.6 55.5 80
2021000000418281 0.069 -36.1 13.0 81.9 56.6 80
2021000000418281 0.068 430.9 9.5 583.2 52.1 80
2021000000418281 0.068 319.1 8.2 510.1 51.3 80
2021000000418281 0.068 8.8 12.2 168.3 55.3 80
2021000000418281 0.068 132.7 8.4 292.6 51.0 80
2021000000418281 0.068 323.6 312.0 376.1 355.2 7
2021000000418281 0.068 175.1 7.8 334.1 50.2 80
2021000000418281 0.068 43.9 7.5 211.1 49.7 80
2021000000418281 0.067 102.4 7.9 224.6 49.6 80
2021000000418281 0.067 569.4 27.1 661.5 69.2 80
2021000000418281 0.067 -10.3 38.8 77.7 80.5 80
2021000000418281 0.789 609.7 379.5 640.8 422.7 80
2021000000418281 0.765 74.7 208.6 567.5 360.6 80
2021000000418281 0.762 89.9 262.1 220.0 375.1 80
2021000000418281 0.759 189.0 260.6 277.3 331.3 80
2021000000418281 0.757 173.1 263.3 243.4 314.5 80
2021000000418281 0.757 132.9 259.5 237.3 340.8 80
2021000000418281 0.756 54.8 338.3 65.0 343.5 80
2021000000418281 0.756 231.4 252.7 260.2 268.5 80
2021000000418281 0.746 390.5 139.8 412.5 197.1 80
2021000000418281 0.740 407.3 344.0 413.8 352.7 80
2021000000418281 0.735 408.9 339.4 414.5 344.9 80
2021000000418281 0.735 103.5 258.7 278.9 379.8 80
2021000000418281 0.729 639.3 205.2 640.1 273.8 80
2021000000418281 0.727 434.6 213.8 442.7 225.1 80
2021000000418281 0.725 639.1 286.0 640.1 347.1 80
2021000000418281 0.722 99.4 249.9 282.6 385.3 80
2021000000418281 0.719 434.9 213.3 443.1 224.1 80
2021000000418281 0.717 324.0 308.1 358.1 323.1 80
2021000000418281 0.711 77.4 380.6 85.6 390.6 80
2021000000418281 0.708 480.5 341.8 496.4 346.0 80
2021000000418281 0.704 1.0 407.1 2.9 426.3 80
2021000000418281 0.704 486.4 343.3 497.7 347.5 80
2021000000418281 0.700 472.3 348.2 476.5 358.0 80
2021000000418281 0.689 329.8 307.0 364.6 321.5 80
2021000000418281 0.687 97.6 249.8 285.1 384.7 7
2021000000418281 0.681 424.1 206.4 443.7 226.3 80
2021000000418281 0.680 407.3 339.2 413.0 345.3 80
2021000000418281 0.672 323.6 312.0 376.1 355.2 80
2021000000418281 0.662 332.2 307.2 380.1 327.2 80
2021000000418281 0.661 474.8 349.9 479.3 359.5 80
2021000000418281 0.658 321.7 308.7 365.6 348.0 80
2021000000418281 0.620 324.9 311.0 395.6 354.0 80
2021000000418281 0.559 434.0 215.3 442.9 226.7 80
2021000000418281 0.551 323.7 311.0 396.9 356.2 7
2021000000418281 0.508 324.6 310.2 361.1 325.0 80
2021000000418281 0.198 -33.7 417.6 55.1 428.8 80
2021000000418281 0.165 323.7 311.0 396.9 356.2 11
2021000000418281 0.153 212.6 301.7 296.6 345.8 80
2021000000418281 0.150 324.6 310.2 361.1 325.0 11
2021000000418281 0.141 434.0 215.3 442.9 226.7 18
2021000000418281 0.139 323.7 311.0 396.9 356.2 9
2021000000418281 0.136 324.6 310.2 361.1 325.0 7
2021000000418281 0.135 227.8 161.7 311.0 207.2 80
2021000000418281 0.124 323.7 311.0 396.9 356.2 80
2021000000418281 0.124 299.0 132.6 377.6 178.7 80
2021000000418281 0.122 324.6 310.2 361.1 325.0 9
2021000000418281 0.120 82.6 281.7 183.2 342.0 80
2021000000418281 0.120 71.1 19.9 189.7 44.8 80
2021000000418281 0.114 261.6 288.8 359.6 340.5 80
2021000000418281 0.114 60.5 232.2 153.5 293.5 80
2021000000418281 0.113 578.9 126.6 660.2 462.3 80
2021000000418281 0.110 234.1 258.7 318.1 306.1 80
2021000000418281 0.107 342.0 154.0 433.1 213.6 80
2021000000418281 0.105 35.7 3.8 141.9 10.5 80
2021000000418281 0.105 279.4 167.0 373.9 226.8 80
2021000000418281 0.103 182.5 164.2 270.7 216.7 80
2021000000418281 0.100 470.7 1.8 570.2 6.1 80
2021000000418281 0.100 366.9 203.3 451.0 253.5 80
2021000000418281 0.099 164.7 0.2 264.1 4.3 80
2021000000418281 0.097 572.9 169.5 652.5 219.2 80
2021000000418281 0.096 137.4 170.3 229.4 233.2 80
2021000000418281 0.095 58.7 406.8 172.0 429.1 80
2021000000418281 0.095 469.3 263.9 566.0 332.2 80
2021000000418281 0.095 260.0 215.7 346.3 267.9 80
2021000000418281 0.093 511.6 121.2 652.4 462.9 80
2021000000418281 0.093 417.8 404.9 522.1 427.3 80
2021000000418281 0.093 450.7 219.3 545.0 284.7 80
2021000000418281 0.092 101.7 200.5 194.8 266.9 80
2021000000418281 0.091 536.0 185.3 623.5 248.1 80
2021000000418281 0.090 495.0 204.1 584.7 268.9 80
2021000000418281 0.089 553.0 221.1 648.3 307.5 80
2021000000418281 0.088 241.2 326.9 350.1 403.2 80
2021000000418281 0.088 499.2 396.6 592.5 423.8 80
2021000000418281 0.088 97.6 249.8 285.1 384.7 9
2021000000418281 0.087 515.2 232.1 613.7 320.9 80
2021000000418281 0.085 16.6 223.4 106.5 297.1 80
2021000000418281 0.085 -22.8 210.6 61.2 282.9 80
2021000000418281 0.082 324.9 311.0 395.6 354.0 7
2021000000418281 0.080 -9.1 246.0 88.9 362.1 80
2021000000418281 0.077 25.3 192.4 145.2 430.6 80
2021000000418281 0.077 407.3 339.2 413.0 345.3 2
2021000000418281 0.074 477.7 224.7 607.2 420.4 80
2021000000418281 0.073 522.1 1.0 592.8 1.6 80
2021000000418281 0.070 516.2 9.6 657.9 53.4 80
2021000000418281 0.070 -44.1 10.8 147.2 55.0 80
2021000000418281 0.069 375.5 9.3 545.1 53.3 80
2021000000418281 0.069 242.7 8.6 424.8 52.5 80
2021000000418281 0.069 -36.4 45.2 57.2 90.2 80
2021000000418281 0.069 200.5 11.9 376.6 55.5 80
2021000000418281 0.069 -36.1 13.0 81.9 56.6 80
2021000000418281 0.068 430.9 9.5 583.2 52.1 80
2021000000418281 0.068 319.1 8.2 510.1 51.3 80
2021000000418281 0.068 8.8 12.2 168.3 55.3 80
2021000000418281 0.068 132.7 8.4 292.6 51.0 80
2021000000418281 0.068 323.6 312.0 376.1 355.2 7
2021000000418281 0.068 175.1 7.8 334.1 50.2 80
2021000000418281 0.068 43.9 7.5 211.1 49.7 80
2021000000418281 0.067 102.4 7.9 224.6 49.6 80
2021000000418281 0.067 569.4 27.1 661.5 69.2 80
2021000000418281 0.067 -10.3 38.8 77.7 80.5 80
