2021000000231549 0.788 606.9 447.7 638.7 477.3 80
2021000000231549 0.770 11.1 29.8 632.7 475.1 80
2021000000231549 0.760 309.4 390.4 349.1 445.3 80
2021000000231549 0.758 39.9 408.9 537.8 478.5 80
2021000000231549 0.755 284.3 394.3 331.4 454.5 80
2021000000231549 0.753 418.9 136.7 427.8 144.1 80
2021000000231549 0.748 2.8 458.0 28.8 481.5 80
2021000000231549 0.745 637.4 382.1 639.9 485.9 80
2021000000231549 0.743 551.5 449.8 636.3 480.5 80
2021000000231549 0.743 163.6 334.3 179.1 360.7 80
2021000000231549 0.740 503.9 464.3 577.1 479.7 80
2021000000231549 0.729 639.1 149.1 640.1 288.3 80
2021000000231549 0.725 307.5 202.2 319.4 219.8 80
2021000000231549 0.718 559.5 454.5 573.0 479.6 80
2021000000231549 0.710 0.9 359.6 2.5 485.2 80
2021000000231549 0.709 289.3 395.7 333.3 456.2 80
2021000000231549 0.688 240.5 394.0 333.1 458.6 80
2021000000231549 0.647 390.0 133.9 409.5 155.0 80
2021000000231549 0.639 307.1 202.5 320.9 229.4 80
2021000000231549 0.304 606.9 60.0 638.5 517.4 80
2021000000231549 0.225 361.0 469.8 647.6 480.9 80
2021000000231549 0.179 -107.1 474.7 418.2 482.9 80
2021000000231549 0.177 339.7 169.0 434.1 223.0 80
2021000000231549 0.148 342.1 324.0 705.2 495.6 80
2021000000231549 0.144 358.6 219.5 450.5 277.0 80
2021000000231549 0.123 307.1 202.5 320.9 229.4 2
2021000000231549 0.121 390.0 133.9 409.5 155.0 2
2021000000231549 0.117 238.0 168.6 323.2 220.7 80
2021000000231549 0.115 289.5 280.6 373.5 335.7 80
2021000000231549 0.113 461.6 8.0 575.8 21.7 80
2021000000231549 0.106 402.9 2.9 504.1 9.4 80
2021000000231549 0.104 212.5 338.1 312.5 409.8 80
2021000000231549 0.103 329.1 384.5 424.0 442.3 80
2021000000231549 0.103 25.9 462.0 138.5 482.3 80
2021000000231549 0.101 510.8 1.4 612.3 7.1 80
2021000000231549 0.100 254.2 464.0 378.8 482.1 80
2021000000231549 0.099 314.0 216.6 413.4 292.8 80
2021000000231549 0.098 234.2 288.4 329.7 359.0 80
2021000000231549 0.097 248.2 230.1 357.7 318.3 80
2021000000231549 0.097 119.4 271.2 218.2 353.2 80
2021000000231549 0.097 298.5 461.2 452.3 478.9 80
2021000000231549 0.096 572.9 188.7 652.6 247.0 80
2021000000231549 0.094 212.0 215.8 310.8 295.8 80
2021000000231549 0.094 340.5 273.0 441.7 349.6 80
2021000000231549 0.094 414.5 253.9 512.2 333.9 80
2021000000231549 0.094 -1.7 461.2 143.5 480.1 80
2021000000231549 0.092 163.5 234.1 264.5 318.0 80
2021000000231549 0.092 380.8 277.2 482.6 359.8 80
2021000000231549 0.092 439.4 1.2 532.8 4.2 80
2021000000231549 0.092 449.4 238.3 548.8 328.0 80
2021000000231549 0.091 192.8 280.8 295.6 363.3 80
2021000000231549 0.091 102.2 218.5 195.4 296.3 80
2021000000231549 0.090 533.3 199.5 627.1 292.3 80
2021000000231549 0.090 549.7 223.1 652.1 368.3 80
2021000000231549 0.090 146.1 1.2 238.7 4.0 80
2021000000231549 0.090 508.4 242.0 620.3 379.7 80
2021000000231549 0.089 494.4 226.5 586.2 307.1 80
2021000000231549 0.089 63.0 244.0 156.8 327.5 80
2021000000231549 0.088 467.8 272.1 574.9 387.3 80
2021000000231549 0.088 427.2 293.1 541.1 405.0 80
2021000000231549 0.086 197.1 450.3 303.9 480.2 80
2021000000231549 0.085 13.8 241.0 109.3 342.6 80
2021000000231549 0.085 -17.9 432.3 65.8 468.1 80
2021000000231549 0.084 -24.4 231.7 63.0 320.3 80
2021000000231549 0.084 72.6 268.0 197.6 422.2 80
2021000000231549 0.084 339.1 303.7 470.3 437.8 80
2021000000231549 0.080 -16.9 128.2 93.1 495.3 80
2021000000231549 0.077 143.3 287.3 299.4 487.1 80
2021000000231549 0.076 46.8 1.3 122.8 2.3 80
2021000000231549 0.076 1.6 402.6 99.1 450.3 80
2021000000231549 0.075 19.6 185.7 151.1 483.4 80
2021000000231549 0.074 357.8 252.0 524.4 489.8 80
2021000000231549 0.073 199.1 1.0 270.0 1.8 80
2021000000231549 0.070 503.8 11.5 672.4 61.5 80
2021000000231549 0.069 373.6 8.7 550.6 57.5 80
2021000000231549 0.069 41.5 10.7 211.6 58.9 80
2021000000231549 0.069 -38.1 9.2 142.0 57.5 80
2021000000231549 0.068 167.1 9.9 343.1 57.6 80
2021000000231549 0.068 422.0 10.3 596.0 58.5 80
2021000000231549 0.068 129.3 9.9 298.1 57.6 80
2021000000231549 0.068 -35.1 45.1 56.3 94.4 80
2021000000231549 0.068 269.8 6.0 384.0 52.7 80
2021000000231549 0.068 -27.3 11.9 72.7 60.0 80
2021000000231549 0.068 90.5 10.7 238.1 57.8 80
2021000000231549 0.068 205.9 10.3 374.5 57.8 80
2021000000231549 0.068 6.6 11.5 172.9 59.0 80
2021000000231549 0.067 349.0 6.2 469.0 52.8 80
2021000000231549 0.067 -9.7 41.3 78.3 87.8 80
2021000000231549 0.067 570.2 25.8 661.2 71.3 80
2021000000231549 0.066 487.4 17.0 591.3 61.0 80
2021000000231549 0.065 417.5 0.7 481.7 1.8 80
2021000000231549 0.065 23.5 23.5 111.2 65.4 80
2021000000231549 0.064 390.2 14.3 471.5 52.3 80
2021000000231549 0.064 104.3 15.4 182.2 51.7 80
2021000000231549 0.063 67.7 17.2 145.8 52.9 80
2021000000231549 0.063 145.6 11.2 222.7 45.0 80
2021000000231549 0.060 440.1 7.8 507.2 33.1 80
2021000000231549 0.059 187.3 4.6 252.5 26.3 80
2021000000231549 0.059 240.5 2.3 299.4 20.8 80
2021000000231549 0.059 531.3 6.4 594.1 26.2 80
2021000000231549 0.788 606.9 447.7 638.7 477.3 80
2021000000231549 0.770 11.1 29.8 632.7 475.1 80
2021000000231549 0.760 309.4 390.4 349.1 445.3 80
2021000000231549 0.758 39.9 408.9 537.8 478.5 80
2021000000231549 0.755 284.3 394.3 331.4 454.5 80
2021000000231549 0.753 418.9 136.7 427.8 144.1 80
2021000000231549 0.748 2.8 458.0 28.8 481.5 80
2021000000231549 0.745 637.4 382.1 639.9 485.9 80
2021000000231549 0.743 551.5 449.8 636.3 480.5 80
2021000000231549 0.743 163.6 334.3 179.1 360.7 80
2021000000231549 0.740 503.9 464.3 577.1 479.7 80
2021000000231549 0.729 639.1 149.1 640.1 288.3 80
2021000000231549 0.725 307.5 202.2 319.4 219.8 80
2021000000231549 0.718 559.5 454.5 573.0 479.6 80
2021000000231549 0.710 0.9 359.6 2.5 485.2 80
2021000000231549 0.709 289.3 395.7 333.3 456.2 80
2021000000231549 0.688 240.5 394.0 333.1 458.6 80
2021000000231549 0.647 390.0 133.9 409.5 155.0 80
2021000000231549 0.639 307.1 202.5 320.9 229.4 80
2021000000231549 0.304 606.9 60.0 638.5 517.4 80
2021000000231549 0.225 361.0 469.8 647.6 480.9 80
2021000000231549 0.179 -107.1 474.7 418.2 482.9 80
2021000000231549 0.177 339.7 169.0 434.1 223.0 80
2021000000231549 0.148 342.1 324.0 705.2 495.6 80
2021000000231549 0.144 358.6 219.5 450.5 277.0 80
2021000000231549 0.123 307.1 202.5 320.9 229.4 2
2021000000231549 0.121 390.0 133.9 409.5 155.0 2
2021000000231549 0.117 238.0 168.6 323.2 220.7 80
2021000000231549 0.115 289.5 280.6 373.5 335.7 80
2021000000231549 0.113 461.6 8.0 575.8 21.7 80
2021000000231549 0.106 402.9 2.9 504.1 9.4 80
2021000000231549 0.104 212.5 338.1 312.5 409.8 80
2021000000231549 0.103 329.1 384.5 424.0 442.3 80
2021000000231549 0.103 25.9 462.0 138.5 482.3 80
2021000000231549 0.101 510.8 1.4 612.3 7.1 80
2021000000231549 0.100 254.2 464.0 378.8 482.1 80
2021000000231549 0.099 314.0 216.6 413.4 292.8 80
2021000000231549 0.098 234.2 288.4 329.7 359.0 80
2021000000231549 0.097 248.2 230.1 357.7 318.3 80
2021000000231549 0.097 119.4 271.2 218.2 353.2 80
2021000000231549 0.097 298.5 461.2 452.3 478.9 80
2021000000231549 0.096 572.9 188.7 652.6 247.0 80
2021000000231549 0.094 212.0 215.8 310.8 295.8 80
2021000000231549 0.094 340.5 273.0 441.7 349.6 80
2021000000231549 0.094 414.5 253.9 512.2 333.9 80
2021000000231549 0.094 -1.7 461.2 143.5 480.1 80
2021000000231549 0.092 163.5 234.1 264.5 318.0 80
2021000000231549 0.092 380.8 277.2 482.6 359.8 80
2021000000231549 0.092 439.4 1.2 532.8 4.2 80
2021000000231549 0.092 449.4 238.3 548.8 328.0 80
2021000000231549 0.091 192.8 280.8 295.6 363.3 80
2021000000231549 0.091 102.2 218.5 195.4 296.3 80
2021000000231549 0.090 533.3 199.5 627.1 292.3 80
2021000000231549 0.090 549.7 223.1 652.1 368.3 80
2021000000231549 0.090 146.1 1.2 238.7 4.0 80
2021000000231549 0.090 508.4 242.0 620.3 379.7 80
2021000000231549 0.089 494.4 226.5 586.2 307.1 80
2021000000231549 0.089 63.0 244.0 156.8 327.5 80
2021000000231549 0.088 467.8 272.1 574.9 387.3 80
2021000000231549 0.088 427.2 293.1 541.1 405.0 80
2021000000231549 0.086 197.1 450.3 303.9 480.2 80
2021000000231549 0.085 13.8 241.0 109.3 342.6 80
2021000000231549 0.085 -17.9 432.3 65.8 468.1 80
2021000000231549 0.084 -24.4 231.7 63.0 320.3 80
2021000000231549 0.084 72.6 268.0 197.6 422.2 80
2021000000231549 0.084 339.1 303.7 470.3 437.8 80
2021000000231549 0.080 -16.9 128.2 93.1 495.3 80
2021000000231549 0.077 143.3 287.3 299.4 487.1 80
2021000000231549 0.076 46.8 1.3 122.8 2.3 80
2021000000231549 0.076 1.6 402.6 99.1 450.3 80
2021000000231549 0.075 19.6 185.7 151.1 483.4 80
2021000000231549 0.074 357.8 252.0 524.4 489.8 80
2021000000231549 0.073 199.1 1.0 270.0 1.8 80
2021000000231549 0.070 503.8 11.5 672.4 61.5 80
2021000000231549 0.069 373.6 8.7 550.6 57.5 80
2021000000231549 0.069 41.5 10.7 211.6 58.9 80
2021000000231549 0.069 -38.1 9.2 142.0 57.5 80
2021000000231549 0.068 167.1 9.9 343.1 57.6 80
2021000000231549 0.068 422.0 10.3 596.0 58.5 80
2021000000231549 0.068 129.3 9.9 298.1 57.6 80
2021000000231549 0.068 -35.1 45.1 56.3 94.4 80
2021000000231549 0.068 269.8 6.0 384.0 52.7 80
2021000000231549 0.068 -27.3 11.9 72.7 60.0 80
2021000000231549 0.068 90.5 10.7 238.1 57.8 80
2021000000231549 0.068 205.9 10.3 374.5 57.8 80
2021000000231549 0.068 6.6 11.5 172.9 59.0 80
2021000000231549 0.067 349.0 6.2 469.0 52.8 80
2021000000231549 0.067 -9.7 41.3 78.3 87.8 80
2021000000231549 0.067 570.2 25.8 661.2 71.3 80
2021000000231549 0.066 487.4 17.0 591.3 61.0 80
2021000000231549 0.065 417.5 0.7 481.7 1.8 80
2021000000231549 0.065 23.5 23.5 111.2 65.4 80
2021000000231549 0.064 390.2 14.3 471.5 52.3 80
2021000000231549 0.064 104.3 15.4 182.2 51.7 80
2021000000231549 0.063 67.7 17.2 145.8 52.9 80
2021000000231549 0.063 145.6 11.2 222.7 45.0 80
2021000000231549 0.060 440.1 7.8 507.2 33.1 80
2021000000231549 0.059 187.3 4.6 252.5 26.3 80
2021000000231549 0.059 240.5 2.3 299.4 20.8 80
2021000000231549 0.059 531.3 6.4 594.1 26.2 80
