2021000000424975 0.795 598.8 426.7 639.7 476.7 80
2021000000424975 0.767 8.7 203.6 631.5 409.4 80
2021000000424975 0.756 475.0 287.8 505.1 371.0 80
2021000000424975 0.753 449.4 140.6 456.3 145.0 80
2021000000424975 0.751 362.6 136.3 407.9 198.6 80
2021000000424975 0.749 379.1 332.3 491.7 388.4 80
2021000000424975 0.745 572.1 327.1 585.1 344.5 80
2021000000424975 0.743 370.9 136.4 408.9 192.2 80
2021000000424975 0.735 292.7 300.4 314.9 350.8 80
2021000000424975 0.735 447.5 282.1 478.0 356.2 80
2021000000424975 0.734 637.3 328.7 640.1 347.9 80
2021000000424975 0.733 188.9 309.7 224.1 360.0 80
2021000000424975 0.728 187.1 308.1 224.8 360.2 80
2021000000424975 0.724 636.8 323.6 640.4 343.3 80
2021000000424975 0.719 244.0 304.7 276.4 394.1 80
2021000000424975 0.719 630.3 329.0 639.4 344.5 80
2021000000424975 0.718 473.5 286.4 491.9 356.7 80
2021000000424975 0.715 297.3 303.3 316.4 373.4 80
2021000000424975 0.715 14.9 320.6 38.0 347.8 80
2021000000424975 0.713 5.2 291.0 21.8 323.8 80
2021000000424975 0.711 514.5 308.0 552.1 365.0 80
2021000000424975 0.710 542.7 315.2 559.6 344.9 80
2021000000424975 0.708 253.4 310.3 282.2 394.2 80
2021000000424975 0.707 28.3 321.7 52.5 348.4 80
2021000000424975 0.699 2.5 309.4 18.6 342.4 80
2021000000424975 0.696 1.3 320.2 20.5 389.3 80
2021000000424975 0.690 1.9 320.9 21.0 363.4 80
2021000000424975 0.685 547.4 314.8 575.1 336.8 80
2021000000424975 0.684 287.7 300.4 315.6 380.7 80
2021000000424975 0.680 544.8 313.2 562.5 329.2 80
2021000000424975 0.669 228.1 319.7 251.0 386.6 80
2021000000424975 0.666 229.3 323.0 250.6 376.0 80
2021000000424975 0.665 230.8 317.2 250.3 355.3 80
2021000000424975 0.658 545.1 313.4 581.2 350.5 80
2021000000424975 0.656 11.3 318.9 48.9 388.7 80
2021000000424975 0.654 543.1 314.4 579.2 350.1 80
2021000000424975 0.641 545.5 314.6 556.4 334.9 80
2021000000424975 0.633 242.4 304.8 275.6 395.8 18
2021000000424975 0.600 286.9 301.1 315.6 377.1 18
2021000000424975 0.598 229.2 322.1 250.5 360.7 80
2021000000424975 0.577 447.2 285.4 483.5 365.1 80
2021000000424975 0.570 274.2 300.4 297.2 377.8 80
2021000000424975 0.513 545.5 313.7 579.7 348.9 5
2021000000424975 0.188 340.8 340.6 458.4 393.4 80
2021000000424975 0.168 545.5 313.7 579.7 348.9 80
2021000000424975 0.155 545.5 313.7 579.7 348.9 17
2021000000424975 0.139 274.2 300.4 297.2 377.8 18
2021000000424975 0.138 447.2 285.4 483.5 365.1 18
2021000000424975 0.133 286.9 301.1 315.6 377.1 80
2021000000424975 0.132 229.2 322.1 250.5 360.7 18
2021000000424975 0.128 543.1 314.4 579.2 350.1 17
2021000000424975 0.118 381.3 291.2 475.8 354.7 80
2021000000424975 0.113 83.0 473.2 527.7 482.6 80
2021000000424975 0.112 242.4 304.8 275.6 395.8 80
2021000000424975 0.106 314.5 332.5 399.4 386.4 80
2021000000424975 0.101 545.1 313.4 581.2 350.5 17
2021000000424975 0.099 487.3 0.2 588.5 5.2 80
2021000000424975 0.099 141.4 190.7 227.9 247.8 80
2021000000424975 0.099 340.9 281.4 436.2 341.4 80
2021000000424975 0.099 188.7 173.8 276.0 231.1 80
2021000000424975 0.096 317.0 225.4 411.2 289.7 80
2021000000424975 0.096 122.8 276.1 214.8 341.9 80
2021000000424975 0.095 104.3 225.9 191.6 287.3 80
2021000000424975 0.094 367.5 224.0 456.8 286.3 80
2021000000424975 0.094 235.3 173.0 326.1 241.6 80
2021000000424975 0.093 434.6 187.1 522.9 253.3 80
2021000000424975 0.093 63.5 250.5 153.6 321.1 80
2021000000424975 0.093 570.3 194.2 655.2 259.2 80
2021000000424975 0.093 545.5 314.6 556.4 334.9 5
2021000000424975 0.092 258.0 455.8 371.0 481.5 80
2021000000424975 0.092 39.2 309.6 135.2 394.1 80
2021000000424975 0.092 397.7 209.5 489.1 278.1 80
2021000000424975 0.092 468.7 186.9 557.4 254.8 80
2021000000424975 0.091 550.9 138.7 637.3 203.6 80
2021000000424975 0.091 86.2 308.9 183.9 386.5 80
2021000000424975 0.091 39.9 199.0 125.9 266.2 80
2021000000424975 0.089 13.4 0.4 105.2 3.1 80
2021000000424975 0.089 230.8 317.2 250.3 355.3 18
2021000000424975 0.089 228.1 319.7 251.0 386.6 18
2021000000424975 0.087 142.4 450.1 237.3 483.7 80
2021000000424975 0.086 -23.6 115.7 60.4 191.8 80
2021000000424975 0.084 27.3 451.8 162.1 482.3 80
2021000000424975 0.084 -5.4 440.0 100.3 476.2 80
2021000000424975 0.083 -28.8 345.8 310.5 498.3 80
2021000000424975 0.081 544.8 313.2 562.5 329.2 5
2021000000424975 0.078 92.6 1.0 170.9 2.3 80
2021000000424975 0.077 547.4 314.8 575.1 336.8 5
2021000000424975 0.074 548.1 217.5 659.2 569.8 80
2021000000424975 0.073 294.2 319.6 452.6 506.5 80
2021000000424975 0.071 229.3 323.0 250.6 376.0 18
2021000000424975 0.071 465.6 308.2 587.9 540.4 80
2021000000424975 0.069 511.1 7.9 666.1 56.7 80
2021000000424975 0.068 170.9 10.3 335.9 58.4 80
2021000000424975 0.068 374.1 7.7 552.5 56.3 80
2021000000424975 0.068 133.2 9.6 291.6 57.5 80
2021000000424975 0.068 207.8 10.7 368.0 58.3 80
2021000000424975 0.068 243.1 5.9 430.5 53.6 80
2021000000424975 0.068 429.0 8.4 588.6 55.9 80
2021000000424975 0.068 41.1 8.0 215.5 55.3 80
2021000000424975 0.068 94.6 9.4 233.6 56.3 80
2021000000424975 0.795 598.8 426.7 639.7 476.7 80
2021000000424975 0.767 8.7 203.6 631.5 409.4 80
2021000000424975 0.756 475.0 287.8 505.1 371.0 80
2021000000424975 0.753 449.4 140.6 456.3 145.0 80
2021000000424975 0.751 362.6 136.3 407.9 198.6 80
2021000000424975 0.749 379.1 332.3 491.7 388.4 80
2021000000424975 0.745 572.1 327.1 585.1 344.5 80
2021000000424975 0.743 370.9 136.4 408.9 192.2 80
2021000000424975 0.735 292.7 300.4 314.9 350.8 80
2021000000424975 0.735 447.5 282.1 478.0 356.2 80
2021000000424975 0.734 637.3 328.7 640.1 347.9 80
2021000000424975 0.733 188.9 309.7 224.1 360.0 80
2021000000424975 0.728 187.1 308.1 224.8 360.2 80
2021000000424975 0.724 636.8 323.6 640.4 343.3 80
2021000000424975 0.719 244.0 304.7 276.4 394.1 80
2021000000424975 0.719 630.3 329.0 639.4 344.5 80
2021000000424975 0.718 473.5 286.4 491.9 356.7 80
2021000000424975 0.715 297.3 303.3 316.4 373.4 80
2021000000424975 0.715 14.9 320.6 38.0 347.8 80
2021000000424975 0.713 5.2 291.0 21.8 323.8 80
2021000000424975 0.711 514.5 308.0 552.1 365.0 80
2021000000424975 0.710 542.7 315.2 559.6 344.9 80
2021000000424975 0.708 253.4 310.3 282.2 394.2 80
2021000000424975 0.707 28.3 321.7 52.5 348.4 80
2021000000424975 0.699 2.5 309.4 18.6 342.4 80
2021000000424975 0.696 1.3 320.2 20.5 389.3 80
2021000000424975 0.690 1.9 320.9 21.0 363.4 80
2021000000424975 0.685 547.4 314.8 575.1 336.8 80
2021000000424975 0.684 287.7 300.4 315.6 380.7 80
2021000000424975 0.680 544.8 313.2 562.5 329.2 80
2021000000424975 0.669 228.1 319.7 251.0 386.6 80
2021000000424975 0.666 229.3 323.0 250.6 376.0 80
2021000000424975 0.665 230.8 317.2 250.3 355.3 80
2021000000424975 0.658 545.1 313.4 581.2 350.5 80
2021000000424975 0.656 11.3 318.9 48.9 388.7 80
2021000000424975 0.654 543.1 314.4 579.2 350.1 80
2021000000424975 0.641 545.5 314.6 556.4 334.9 80
2021000000424975 0.633 242.4 304.8 275.6 395.8 18
2021000000424975 0.600 286.9 301.1 315.6 377.1 18
2021000000424975 0.598 229.2 322.1 250.5 360.7 80
2021000000424975 0.577 447.2 285.4 483.5 365.1 80
2021000000424975 0.570 274.2 300.4 297.2 377.8 80
2021000000424975 0.513 545.5 313.7 579.7 348.9 5
2021000000424975 0.188 340.8 340.6 458.4 393.4 80
2021000000424975 0.168 545.5 313.7 579.7 348.9 80
2021000000424975 0.155 545.5 313.7 579.7 348.9 17
2021000000424975 0.139 274.2 300.4 297.2 377.8 18
2021000000424975 0.138 447.2 285.4 483.5 365.1 18
2021000000424975 0.133 286.9 301.1 315.6 377.1 80
2021000000424975 0.132 229.2 322.1 250.5 360.7 18
2021000000424975 0.128 543.1 314.4 579.2 350.1 17
2021000000424975 0.118 381.3 291.2 475.8 354.7 80
2021000000424975 0.113 83.0 473.2 527.7 482.6 80
2021000000424975 0.112 242.4 304.8 275.6 395.8 80
2021000000424975 0.106 314.5 332.5 399.4 386.4 80
2021000000424975 0.101 545.1 313.4 581.2 350.5 17
2021000000424975 0.099 487.3 0.2 588.5 5.2 80
2021000000424975 0.099 141.4 190.7 227.9 247.8 80
2021000000424975 0.099 340.9 281.4 436.2 341.4 80
2021000000424975 0.099 188.7 173.8 276.0 231.1 80
2021000000424975 0.096 317.0 225.4 411.2 289.7 80
2021000000424975 0.096 122.8 276.1 214.8 341.9 80
2021000000424975 0.095 104.3 225.9 191.6 287.3 80
2021000000424975 0.094 367.5 224.0 456.8 286.3 80
2021000000424975 0.094 235.3 173.0 326.1 241.6 80
2021000000424975 0.093 434.6 187.1 522.9 253.3 80
2021000000424975 0.093 63.5 250.5 153.6 321.1 80
2021000000424975 0.093 570.3 194.2 655.2 259.2 80
2021000000424975 0.093 545.5 314.6 556.4 334.9 5
2021000000424975 0.092 258.0 455.8 371.0 481.5 80
2021000000424975 0.092 39.2 309.6 135.2 394.1 80
2021000000424975 0.092 397.7 209.5 489.1 278.1 80
2021000000424975 0.092 468.7 186.9 557.4 254.8 80
2021000000424975 0.091 550.9 138.7 637.3 203.6 80
2021000000424975 0.091 86.2 308.9 183.9 386.5 80
2021000000424975 0.091 39.9 199.0 125.9 266.2 80
2021000000424975 0.089 13.4 0.4 105.2 3.1 80
2021000000424975 0.089 230.8 317.2 250.3 355.3 18
2021000000424975 0.089 228.1 319.7 251.0 386.6 18
2021000000424975 0.087 142.4 450.1 237.3 483.7 80
2021000000424975 0.086 -23.6 115.7 60.4 191.8 80
2021000000424975 0.084 27.3 451.8 162.1 482.3 80
2021000000424975 0.084 -5.4 440.0 100.3 476.2 80
2021000000424975 0.083 -28.8 345.8 310.5 498.3 80
2021000000424975 0.081 544.8 313.2 562.5 329.2 5
2021000000424975 0.078 92.6 1.0 170.9 2.3 80
2021000000424975 0.077 547.4 314.8 575.1 336.8 5
2021000000424975 0.074 548.1 217.5 659.2 569.8 80
2021000000424975 0.073 294.2 319.6 452.6 506.5 80
2021000000424975 0.071 229.3 323.0 250.6 376.0 18
2021000000424975 0.071 465.6 308.2 587.9 540.4 80
2021000000424975 0.069 511.1 7.9 666.1 56.7 80
2021000000424975 0.068 170.9 10.3 335.9 58.4 80
2021000000424975 0.068 374.1 7.7 552.5 56.3 80
2021000000424975 0.068 133.2 9.6 291.6 57.5 80
2021000000424975 0.068 207.8 10.7 368.0 58.3 80
2021000000424975 0.068 243.1 5.9 430.5 53.6 80
2021000000424975 0.068 429.0 8.4 588.6 55.9 80
2021000000424975 0.068 41.1 8.0 215.5 55.3 80
2021000000424975 0.068 94.6 9.4 233.6 56.3 80
