2021000000451435 0.788 605.1 339.4 639.7 384.0 80
2021000000451435 0.772 5.1 17.7 637.3 331.9 80
2021000000451435 0.752 46.3 70.4 81.0 158.1 80
2021000000451435 0.746 41.5 65.5 82.6 158.9 18
2021000000451435 0.737 47.2 73.7 65.8 120.9 80
2021000000451435 0.731 639.1 104.3 640.0 194.2 80
2021000000451435 0.730 638.7 196.6 640.0 357.4 80
2021000000451435 0.729 43.3 65.9 81.2 157.1 80
2021000000451435 0.714 29.9 0.6 56.6 5.4 80
2021000000451435 0.712 203.2 1.1 209.5 7.8 80
2021000000451435 0.698 107.3 0.6 115.9 12.6 80
2021000000451435 0.690 143.1 0.8 159.4 4.4 80
2021000000451435 0.668 148.8 0.8 162.4 2.4 80
2021000000451435 0.230 598.5 44.9 646.4 416.6 80
2021000000451435 0.166 202.5 155.2 316.9 208.0 80
2021000000451435 0.140 352.3 34.9 472.9 64.6 80
2021000000451435 0.132 234.0 170.3 361.7 236.5 80
2021000000451435 0.131 308.7 11.4 430.9 28.0 80
2021000000451435 0.126 151.6 181.9 268.4 240.9 80
2021000000451435 0.120 100.4 3.8 213.9 12.5 80
2021000000451435 0.114 394.9 5.5 508.6 14.6 80
2021000000451435 0.113 572.2 148.9 653.4 191.7 80
2021000000451435 0.111 274.7 198.1 397.2 270.6 80
2021000000451435 0.108 215.7 201.6 346.5 285.3 80
2021000000451435 0.108 174.0 204.4 306.9 288.8 80
2021000000451435 0.107 -8.0 74.0 35.5 434.7 80
2021000000451435 0.106 110.1 205.5 224.7 275.7 80
2021000000451435 0.103 329.8 204.0 448.6 278.5 80
2021000000451435 0.100 63.0 202.7 151.3 252.7 80
2021000000451435 0.099 408.4 196.5 516.0 267.5 80
2021000000451435 0.099 -24.2 353.8 46.3 382.3 80
2021000000451435 0.096 371.2 208.0 490.5 293.5 80
2021000000451435 0.095 -8.3 370.3 159.9 385.7 80
2021000000451435 0.095 536.6 166.0 623.0 219.7 80
2021000000451435 0.095 -32.2 360.8 86.7 383.4 80
2021000000451435 0.095 447.1 189.9 549.7 258.8 80
2021000000451435 0.094 252.6 233.4 380.0 320.8 80
2021000000451435 0.092 -22.7 193.4 60.7 247.2 80
2021000000451435 0.091 493.2 179.1 587.4 243.5 80
2021000000451435 0.091 137.2 232.7 259.9 321.4 80
2021000000451435 0.091 77.7 231.5 192.8 319.7 80
2021000000451435 0.091 551.8 192.2 649.9 278.9 80
2021000000451435 0.089 140.2 369.2 255.1 388.5 80
2021000000451435 0.088 298.4 232.7 431.2 334.3 80
2021000000451435 0.087 424.1 225.0 543.1 325.4 80
2021000000451435 0.086 72.1 312.6 534.1 393.7 80
2021000000451435 0.086 464.7 209.4 576.7 309.2 80
2021000000451435 0.086 314.9 267.7 649.3 391.7 80
2021000000451435 0.086 513.1 195.2 616.5 295.7 80
2021000000451435 0.086 -7.5 235.1 87.4 312.6 80
2021000000451435 0.086 37.7 239.2 138.8 323.7 80
2021000000451435 0.085 31.7 359.1 138.4 386.2 80
2021000000451435 0.084 97.0 355.0 231.1 382.4 80
2021000000451435 0.083 71.0 350.3 167.2 382.1 80
2021000000451435 0.083 332.4 223.9 476.8 352.5 80
2021000000451435 0.081 523.8 82.8 646.7 409.2 80
2021000000451435 0.080 -3.9 337.7 104.9 374.2 80
2021000000451435 0.080 178.2 346.6 305.9 379.8 80
2021000000451435 0.080 551.7 116.1 666.5 157.4 80
2021000000451435 0.080 476.2 1.1 557.6 2.0 80
2021000000451435 0.080 442.8 1.0 523.2 2.0 80
2021000000451435 0.079 159.7 186.2 355.7 380.3 80
2021000000451435 0.078 218.9 335.7 309.2 371.0 80
2021000000451435 0.078 507.9 330.8 608.4 367.6 80
2021000000451435 0.077 294.8 1.0 371.4 1.8 80
2021000000451435 0.076 285.6 332.3 382.6 369.8 80
2021000000451435 0.075 442.4 320.2 535.7 359.8 80
2021000000451435 0.074 361.6 197.9 520.4 387.7 80
2021000000451435 0.074 467.8 165.6 617.7 395.6 80
2021000000451435 0.073 121.6 211.3 313.9 394.7 80
2021000000451435 0.073 248.9 0.9 319.2 1.5 80
2021000000451435 0.072 151.8 1.1 220.1 1.7 80
2021000000451435 0.072 385.2 303.4 481.2 345.3 80
2021000000451435 0.070 523.3 1.0 590.7 1.4 80
2021000000451435 0.070 10.3 9.8 65.2 37.9 80
2021000000451435 0.070 525.0 9.2 646.3 48.0 80
2021000000451435 0.069 199.1 1.0 264.5 1.4 80
2021000000451435 0.069 151.1 6.8 249.3 42.8 80
2021000000451435 0.069 384.4 6.8 535.3 45.1 80
2021000000451435 0.069 218.1 10.3 348.4 48.5 80
2021000000451435 0.069 256.9 6.6 402.2 44.7 80
2021000000451435 0.069 2.4 -1.3 62.4 29.2 80
2021000000451435 0.069 187.8 7.5 308.9 44.9 80
2021000000451435 0.068 338.3 7.1 478.7 44.5 80
2021000000451435 0.068 441.0 5.8 571.7 42.1 80
2021000000451435 0.068 356.1 1.0 420.8 1.5 80
2021000000451435 0.067 316.6 12.8 416.4 48.8 80
2021000000451435 0.067 93.7 1.0 156.9 1.5 80
2021000000451435 0.066 249.5 15.5 330.6 48.7 80
2021000000451435 0.066 493.0 10.7 581.6 44.0 80
2021000000451435 0.064 387.8 10.3 465.8 39.6 80
2021000000451435 0.064 -22.0 11.0 38.7 39.5 80
2021000000451435 0.064 131.7 7.5 200.3 31.9 80
2021000000451435 0.063 73.7 1.7 127.7 12.8 80
2021000000451435 0.061 164.5 3.9 224.2 21.2 80
2021000000451435 0.059 433.8 3.8 494.5 18.7 80
2021000000451435 0.057 332.2 3.4 389.5 14.2 80
2021000000451435 0.057 288.4 2.3 344.8 11.0 80
2021000000451435 0.056 260.1 0.9 315.7 2.7 80
2021000000451435 0.056 536.0 2.0 592.6 9.4 80
2021000000451435 0.788 605.1 339.4 639.7 384.0 80
2021000000451435 0.772 5.1 17.7 637.3 331.9 80
2021000000451435 0.752 46.3 70.4 81.0 158.1 80
2021000000451435 0.746 41.5 65.5 82.6 158.9 18
2021000000451435 0.737 47.2 73.7 65.8 120.9 80
2021000000451435 0.731 639.1 104.3 640.0 194.2 80
2021000000451435 0.730 638.7 196.6 640.0 357.4 80
2021000000451435 0.729 43.3 65.9 81.2 157.1 80
2021000000451435 0.714 29.9 0.6 56.6 5.4 80
2021000000451435 0.712 203.2 1.1 209.5 7.8 80
2021000000451435 0.698 107.3 0.6 115.9 12.6 80
2021000000451435 0.690 143.1 0.8 159.4 4.4 80
2021000000451435 0.668 148.8 0.8 162.4 2.4 80
2021000000451435 0.230 598.5 44.9 646.4 416.6 80
2021000000451435 0.166 202.5 155.2 316.9 208.0 80
2021000000451435 0.140 352.3 34.9 472.9 64.6 80
2021000000451435 0.132 234.0 170.3 361.7 236.5 80
2021000000451435 0.131 308.7 11.4 430.9 28.0 80
2021000000451435 0.126 151.6 181.9 268.4 240.9 80
2021000000451435 0.120 100.4 3.8 213.9 12.5 80
2021000000451435 0.114 394.9 5.5 508.6 14.6 80
2021000000451435 0.113 572.2 148.9 653.4 191.7 80
2021000000451435 0.111 274.7 198.1 397.2 270.6 80
2021000000451435 0.108 215.7 201.6 346.5 285.3 80
2021000000451435 0.108 174.0 204.4 306.9 288.8 80
2021000000451435 0.107 -8.0 74.0 35.5 434.7 80
2021000000451435 0.106 110.1 205.5 224.7 275.7 80
2021000000451435 0.103 329.8 204.0 448.6 278.5 80
2021000000451435 0.100 63.0 202.7 151.3 252.7 80
2021000000451435 0.099 408.4 196.5 516.0 267.5 80
2021000000451435 0.099 -24.2 353.8 46.3 382.3 80
2021000000451435 0.096 371.2 208.0 490.5 293.5 80
2021000000451435 0.095 -8.3 370.3 159.9 385.7 80
2021000000451435 0.095 536.6 166.0 623.0 219.7 80
2021000000451435 0.095 -32.2 360.8 86.7 383.4 80
2021000000451435 0.095 447.1 189.9 549.7 258.8 80
2021000000451435 0.094 252.6 233.4 380.0 320.8 80
2021000000451435 0.092 -22.7 193.4 60.7 247.2 80
2021000000451435 0.091 493.2 179.1 587.4 243.5 80
2021000000451435 0.091 137.2 232.7 259.9 321.4 80
2021000000451435 0.091 77.7 231.5 192.8 319.7 80
2021000000451435 0.091 551.8 192.2 649.9 278.9 80
2021000000451435 0.089 140.2 369.2 255.1 388.5 80
2021000000451435 0.088 298.4 232.7 431.2 334.3 80
2021000000451435 0.087 424.1 225.0 543.1 325.4 80
2021000000451435 0.086 72.1 312.6 534.1 393.7 80
2021000000451435 0.086 464.7 209.4 576.7 309.2 80
2021000000451435 0.086 314.9 267.7 649.3 391.7 80
2021000000451435 0.086 513.1 195.2 616.5 295.7 80
2021000000451435 0.086 -7.5 235.1 87.4 312.6 80
2021000000451435 0.086 37.7 239.2 138.8 323.7 80
2021000000451435 0.085 31.7 359.1 138.4 386.2 80
2021000000451435 0.084 97.0 355.0 231.1 382.4 80
2021000000451435 0.083 71.0 350.3 167.2 382.1 80
2021000000451435 0.083 332.4 223.9 476.8 352.5 80
2021000000451435 0.081 523.8 82.8 646.7 409.2 80
2021000000451435 0.080 -3.9 337.7 104.9 374.2 80
2021000000451435 0.080 178.2 346.6 305.9 379.8 80
2021000000451435 0.080 551.7 116.1 666.5 157.4 80
2021000000451435 0.080 476.2 1.1 557.6 2.0 80
2021000000451435 0.080 442.8 1.0 523.2 2.0 80
2021000000451435 0.079 159.7 186.2 355.7 380.3 80
2021000000451435 0.078 218.9 335.7 309.2 371.0 80
2021000000451435 0.078 507.9 330.8 608.4 367.6 80
2021000000451435 0.077 294.8 1.0 371.4 1.8 80
2021000000451435 0.076 285.6 332.3 382.6 369.8 80
2021000000451435 0.075 442.4 320.2 535.7 359.8 80
2021000000451435 0.074 361.6 197.9 520.4 387.7 80
2021000000451435 0.074 467.8 165.6 617.7 395.6 80
2021000000451435 0.073 121.6 211.3 313.9 394.7 80
2021000000451435 0.073 248.9 0.9 319.2 1.5 80
2021000000451435 0.072 151.8 1.1 220.1 1.7 80
2021000000451435 0.072 385.2 303.4 481.2 345.3 80
2021000000451435 0.070 523.3 1.0 590.7 1.4 80
2021000000451435 0.070 10.3 9.8 65.2 37.9 80
2021000000451435 0.070 525.0 9.2 646.3 48.0 80
2021000000451435 0.069 199.1 1.0 264.5 1.4 80
2021000000451435 0.069 151.1 6.8 249.3 42.8 80
2021000000451435 0.069 384.4 6.8 535.3 45.1 80
2021000000451435 0.069 218.1 10.3 348.4 48.5 80
2021000000451435 0.069 256.9 6.6 402.2 44.7 80
2021000000451435 0.069 2.4 -1.3 62.4 29.2 80
2021000000451435 0.069 187.8 7.5 308.9 44.9 80
2021000000451435 0.068 338.3 7.1 478.7 44.5 80
2021000000451435 0.068 441.0 5.8 571.7 42.1 80
2021000000451435 0.068 356.1 1.0 420.8 1.5 80
2021000000451435 0.067 316.6 12.8 416.4 48.8 80
2021000000451435 0.067 93.7 1.0 156.9 1.5 80
2021000000451435 0.066 249.5 15.5 330.6 48.7 80
2021000000451435 0.066 493.0 10.7 581.6 44.0 80
2021000000451435 0.064 387.8 10.3 465.8 39.6 80
2021000000451435 0.064 -22.0 11.0 38.7 39.5 80
2021000000451435 0.064 131.7 7.5 200.3 31.9 80
2021000000451435 0.063 73.7 1.7 127.7 12.8 80
2021000000451435 0.061 164.5 3.9 224.2 21.2 80
2021000000451435 0.059 433.8 3.8 494.5 18.7 80
2021000000451435 0.057 332.2 3.4 389.5 14.2 80
2021000000451435 0.057 288.4 2.3 344.8 11.0 80
2021000000451435 0.056 260.1 0.9 315.7 2.7 80
2021000000451435 0.056 536.0 2.0 592.6 9.4 80
