2021000000206831 0.789 595.0 372.7 641.2 425.8 80
2021000000206831 0.776 22.3 166.3 392.8 422.9 80
2021000000206831 0.775 26.2 162.4 491.2 428.7 80
2021000000206831 0.774 61.4 60.5 267.3 273.7 80
2021000000206831 0.766 33.3 222.6 607.6 424.3 80
2021000000206831 0.766 28.0 46.7 558.9 430.2 80
2021000000206831 0.761 12.5 77.7 378.7 425.3 80
2021000000206831 0.755 28.4 62.4 285.6 427.6 80
2021000000206831 0.753 25.4 43.8 407.1 427.2 80
2021000000206831 0.750 636.5 185.3 640.3 398.0 80
2021000000206831 0.747 -1.4 353.9 26.3 421.3 80
2021000000206831 0.747 638.4 158.4 640.1 262.2 80
2021000000206831 0.746 -0.3 255.8 17.5 415.1 80
2021000000206831 0.743 411.4 219.1 638.9 409.4 80
2021000000206831 0.743 385.5 221.2 638.5 401.3 80
2021000000206831 0.742 24.1 44.0 637.4 423.7 80
2021000000206831 0.736 248.4 106.0 627.7 417.8 80
2021000000206831 0.722 117.0 46.5 635.0 424.5 80
2021000000206831 0.722 2.3 136.5 638.7 428.1 80
2021000000206831 0.705 199.9 62.8 631.1 420.4 80
2021000000206831 0.704 1.4 26.6 640.3 424.8 80
2021000000206831 0.694 118.2 207.0 632.9 420.9 80
2021000000206831 0.688 365.6 217.1 641.2 413.4 80
2021000000206831 0.684 162.5 220.8 629.5 421.2 80
2021000000206831 0.673 -2.5 23.8 20.7 414.7 80
2021000000206831 0.672 294.7 218.3 638.7 413.7 80
2021000000206831 0.643 243.2 217.7 631.4 417.6 80
2021000000206831 0.606 3.7 163.7 642.5 424.9 80
2021000000206831 0.598 615.3 64.3 640.7 444.9 80
2021000000206831 0.566 18.3 44.9 382.9 422.7 8
2021000000206831 0.564 33.4 214.6 633.9 422.3 80
2021000000206831 0.425 12.9 41.9 630.6 421.9 80
2021000000206831 0.272 12.9 41.9 630.6 421.9 8
2021000000206831 0.237 2.5 44.3 57.2 451.5 80
2021000000206831 0.195 18.3 44.9 382.9 422.7 80
2021000000206831 0.166 33.4 214.6 633.9 422.3 8
2021000000206831 0.129 311.7 156.2 498.5 288.2 80
2021000000206831 0.129 3.7 163.7 642.5 424.9 8
2021000000206831 0.122 153.7 56.8 258.5 98.7 80
2021000000206831 0.120 226.2 8.2 349.7 26.4 80
2021000000206831 0.116 -152.7 420.8 328.6 428.9 80
2021000000206831 0.112 283.4 179.2 433.3 272.2 80
2021000000206831 0.109 243.2 217.7 631.4 417.6 8
2021000000206831 0.109 361.3 152.0 516.2 274.9 80
2021000000206831 0.106 433.7 214.3 559.2 305.0 80
2021000000206831 0.105 272.6 162.3 379.3 226.6 80
2021000000206831 0.104 235.7 195.5 367.5 278.8 80
2021000000206831 0.103 -13.3 3.1 89.7 9.3 80
2021000000206831 0.101 513.9 150.1 598.6 199.5 80
2021000000206831 0.099 176.9 151.0 280.7 217.1 80
2021000000206831 0.099 209.6 196.3 307.7 261.2 80
2021000000206831 0.098 97.6 194.1 197.6 264.2 80
2021000000206831 0.096 345.0 151.3 435.2 208.5 80
2021000000206831 0.095 73.8 258.5 197.8 357.0 80
2021000000206831 0.094 570.6 164.6 655.3 228.1 80
2021000000206831 0.093 60.8 214.2 159.0 291.9 80
2021000000206831 0.092 432.3 162.2 525.8 228.0 80
2021000000206831 0.091 467.9 161.5 558.3 224.0 80
2021000000206831 0.091 552.1 219.2 649.3 307.9 80
2021000000206831 0.091 534.7 183.0 625.0 250.4 80
2021000000206831 0.091 492.3 204.1 587.4 274.0 80
2021000000206831 0.089 512.2 234.1 616.5 323.2 80
2021000000206831 0.088 -24.0 394.9 73.6 422.5 80
2021000000206831 0.088 250.0 408.4 385.4 428.8 80
2021000000206831 0.085 14.6 216.9 108.2 304.9 80
2021000000206831 0.084 57.5 404.9 195.9 429.7 80
2021000000206831 0.083 27.3 399.2 154.0 429.1 80
2021000000206831 0.082 162.5 220.8 629.5 421.2 8
2021000000206831 0.082 90.8 1.0 175.4 2.4 80
2021000000206831 0.081 148.7 392.3 282.3 428.8 80
2021000000206831 0.080 12.9 41.9 630.6 421.9 18
2021000000206831 0.079 434.0 381.7 544.5 420.5 80
2021000000206831 0.079 516.8 166.0 648.5 443.9 80
2021000000206831 0.077 359.0 380.1 465.0 420.0 80
2021000000206831 0.076 510.3 357.3 612.4 401.0 80
2021000000206831 0.076 118.2 207.0 632.9 420.9 8
2021000000206831 0.076 27.0 208.8 145.1 400.4 80
2021000000206831 0.075 0.3 352.9 114.8 398.4 80
2021000000206831 0.074 365.6 217.1 641.2 413.4 8
2021000000206831 0.073 294.7 218.3 638.7 413.7 8
2021000000206831 0.071 1.4 26.6 640.3 424.8 8
2021000000206831 0.069 514.8 8.6 660.4 51.9 80
2021000000206831 0.069 -47.4 8.1 151.8 51.1 80
2021000000206831 0.069 199.9 62.8 631.1 420.4 8
2021000000206831 0.068 374.9 7.0 551.2 49.7 80
2021000000206831 0.068 43.1 8.6 210.1 50.5 80
2021000000206831 0.068 245.8 7.2 423.4 50.2 80
2021000000206831 0.068 7.3 11.4 170.1 53.6 80
2021000000206831 0.068 213.1 9.0 361.9 50.9 80
2021000000206831 0.068 -34.3 37.0 55.3 80.0 80
2021000000206831 0.068 331.9 7.0 492.8 48.7 80
2021000000206831 0.068 -35.8 9.0 82.3 50.8 80
2021000000206831 0.068 180.5 6.3 329.5 47.9 80
2021000000206831 0.067 562.0 0.8 626.2 1.3 80
2021000000206831 0.067 124.8 0.8 190.0 1.2 80
2021000000206831 0.067 433.6 5.2 586.8 45.4 80
2021000000206831 0.067 149.4 4.4 276.1 44.1 80
2021000000206831 0.067 94.3 6.0 240.9 46.2 80
2021000000206831 0.067 310.1 13.0 431.3 52.7 80
2021000000206831 0.066 50.4 1.2 114.6 1.8 80
2021000000206831 0.789 595.0 372.7 641.2 425.8 80
2021000000206831 0.776 22.3 166.3 392.8 422.9 80
2021000000206831 0.775 26.2 162.4 491.2 428.7 80
2021000000206831 0.774 61.4 60.5 267.3 273.7 80
2021000000206831 0.766 33.3 222.6 607.6 424.3 80
2021000000206831 0.766 28.0 46.7 558.9 430.2 80
2021000000206831 0.761 12.5 77.7 378.7 425.3 80
2021000000206831 0.755 28.4 62.4 285.6 427.6 80
2021000000206831 0.753 25.4 43.8 407.1 427.2 80
2021000000206831 0.750 636.5 185.3 640.3 398.0 80
2021000000206831 0.747 -1.4 353.9 26.3 421.3 80
2021000000206831 0.747 638.4 158.4 640.1 262.2 80
2021000000206831 0.746 -0.3 255.8 17.5 415.1 80
2021000000206831 0.743 411.4 219.1 638.9 409.4 80
2021000000206831 0.743 385.5 221.2 638.5 401.3 80
2021000000206831 0.742 24.1 44.0 637.4 423.7 80
2021000000206831 0.736 248.4 106.0 627.7 417.8 80
2021000000206831 0.722 117.0 46.5 635.0 424.5 80
2021000000206831 0.722 2.3 136.5 638.7 428.1 80
2021000000206831 0.705 199.9 62.8 631.1 420.4 80
2021000000206831 0.704 1.4 26.6 640.3 424.8 80
2021000000206831 0.694 118.2 207.0 632.9 420.9 80
2021000000206831 0.688 365.6 217.1 641.2 413.4 80
2021000000206831 0.684 162.5 220.8 629.5 421.2 80
2021000000206831 0.673 -2.5 23.8 20.7 414.7 80
2021000000206831 0.672 294.7 218.3 638.7 413.7 80
2021000000206831 0.643 243.2 217.7 631.4 417.6 80
2021000000206831 0.606 3.7 163.7 642.5 424.9 80
2021000000206831 0.598 615.3 64.3 640.7 444.9 80
2021000000206831 0.566 18.3 44.9 382.9 422.7 8
2021000000206831 0.564 33.4 214.6 633.9 422.3 80
2021000000206831 0.425 12.9 41.9 630.6 421.9 80
2021000000206831 0.272 12.9 41.9 630.6 421.9 8
2021000000206831 0.237 2.5 44.3 57.2 451.5 80
2021000000206831 0.195 18.3 44.9 382.9 422.7 80
2021000000206831 0.166 33.4 214.6 633.9 422.3 8
2021000000206831 0.129 311.7 156.2 498.5 288.2 80
2021000000206831 0.129 3.7 163.7 642.5 424.9 8
2021000000206831 0.122 153.7 56.8 258.5 98.7 80
2021000000206831 0.120 226.2 8.2 349.7 26.4 80
2021000000206831 0.116 -152.7 420.8 328.6 428.9 80
2021000000206831 0.112 283.4 179.2 433.3 272.2 80
2021000000206831 0.109 243.2 217.7 631.4 417.6 8
2021000000206831 0.109 361.3 152.0 516.2 274.9 80
2021000000206831 0.106 433.7 214.3 559.2 305.0 80
2021000000206831 0.105 272.6 162.3 379.3 226.6 80
2021000000206831 0.104 235.7 195.5 367.5 278.8 80
2021000000206831 0.103 -13.3 3.1 89.7 9.3 80
2021000000206831 0.101 513.9 150.1 598.6 199.5 80
2021000000206831 0.099 176.9 151.0 280.7 217.1 80
2021000000206831 0.099 209.6 196.3 307.7 261.2 80
2021000000206831 0.098 97.6 194.1 197.6 264.2 80
2021000000206831 0.096 345.0 151.3 435.2 208.5 80
2021000000206831 0.095 73.8 258.5 197.8 357.0 80
2021000000206831 0.094 570.6 164.6 655.3 228.1 80
2021000000206831 0.093 60.8 214.2 159.0 291.9 80
2021000000206831 0.092 432.3 162.2 525.8 228.0 80
2021000000206831 0.091 467.9 161.5 558.3 224.0 80
2021000000206831 0.091 552.1 219.2 649.3 307.9 80
2021000000206831 0.091 534.7 183.0 625.0 250.4 80
2021000000206831 0.091 492.3 204.1 587.4 274.0 80
2021000000206831 0.089 512.2 234.1 616.5 323.2 80
2021000000206831 0.088 -24.0 394.9 73.6 422.5 80
2021000000206831 0.088 250.0 408.4 385.4 428.8 80
2021000000206831 0.085 14.6 216.9 108.2 304.9 80
2021000000206831 0.084 57.5 404.9 195.9 429.7 80
2021000000206831 0.083 27.3 399.2 154.0 429.1 80
2021000000206831 0.082 162.5 220.8 629.5 421.2 8
2021000000206831 0.082 90.8 1.0 175.4 2.4 80
2021000000206831 0.081 148.7 392.3 282.3 428.8 80
2021000000206831 0.080 12.9 41.9 630.6 421.9 18
2021000000206831 0.079 434.0 381.7 544.5 420.5 80
2021000000206831 0.079 516.8 166.0 648.5 443.9 80
2021000000206831 0.077 359.0 380.1 465.0 420.0 80
2021000000206831 0.076 510.3 357.3 612.4 401.0 80
2021000000206831 0.076 118.2 207.0 632.9 420.9 8
2021000000206831 0.076 27.0 208.8 145.1 400.4 80
2021000000206831 0.075 0.3 352.9 114.8 398.4 80
2021000000206831 0.074 365.6 217.1 641.2 413.4 8
2021000000206831 0.073 294.7 218.3 638.7 413.7 8
2021000000206831 0.071 1.4 26.6 640.3 424.8 8
2021000000206831 0.069 514.8 8.6 660.4 51.9 80
2021000000206831 0.069 -47.4 8.1 151.8 51.1 80
2021000000206831 0.069 199.9 62.8 631.1 420.4 8
2021000000206831 0.068 374.9 7.0 551.2 49.7 80
2021000000206831 0.068 43.1 8.6 210.1 50.5 80
2021000000206831 0.068 245.8 7.2 423.4 50.2 80
2021000000206831 0.068 7.3 11.4 170.1 53.6 80
2021000000206831 0.068 213.1 9.0 361.9 50.9 80
2021000000206831 0.068 -34.3 37.0 55.3 80.0 80
2021000000206831 0.068 331.9 7.0 492.8 48.7 80
2021000000206831 0.068 -35.8 9.0 82.3 50.8 80
2021000000206831 0.068 180.5 6.3 329.5 47.9 80
2021000000206831 0.067 562.0 0.8 626.2 1.3 80
2021000000206831 0.067 124.8 0.8 190.0 1.2 80
2021000000206831 0.067 433.6 5.2 586.8 45.4 80
2021000000206831 0.067 149.4 4.4 276.1 44.1 80
2021000000206831 0.067 94.3 6.0 240.9 46.2 80
2021000000206831 0.067 310.1 13.0 431.3 52.7 80
2021000000206831 0.066 50.4 1.2 114.6 1.8 80
