2021000000532129 0.788 606.8 374.9 641.1 425.0 80
2021000000532129 0.765 0.4 5.5 639.3 407.7 80
2021000000532129 0.759 9.4 405.3 36.1 428.0 80
2021000000532129 0.752 361.5 4.0 624.6 55.4 80
2021000000532129 0.752 248.0 2.2 605.8 30.2 80
2021000000532129 0.750 263.9 2.4 625.2 66.0 80
2021000000532129 0.750 -9.8 1.1 578.7 86.2 80
2021000000532129 0.750 612.0 2.3 638.3 83.9 80
2021000000532129 0.749 -6.9 -2.1 632.1 83.9 80
2021000000532129 0.748 598.1 14.3 639.8 241.1 80
2021000000532129 0.744 172.1 3.4 622.6 54.0 80
2021000000532129 0.742 -2.7 -0.0 501.9 88.2 80
2021000000532129 0.742 91.9 1.0 612.2 43.2 80
2021000000532129 0.741 5.2 -3.8 250.9 88.0 80
2021000000532129 0.739 20.4 -0.7 260.1 40.0 80
2021000000532129 0.738 638.3 186.5 640.0 401.1 80
2021000000532129 0.736 638.8 71.3 640.1 235.9 80
2021000000532129 0.735 43.2 -0.4 561.4 13.9 80
2021000000532129 0.735 40.8 -2.7 482.3 17.8 80
2021000000532129 0.732 8.6 0.3 585.9 49.7 80
2021000000532129 0.729 8.0 0.2 369.2 31.6 80
2021000000532129 0.728 10.1 2.0 623.0 62.8 80
2021000000532129 0.728 -4.9 2.4 497.7 28.2 80
2021000000532129 0.726 133.8 -0.8 556.5 13.2 80
2021000000532129 0.726 159.2 1.0 232.0 13.2 80
2021000000532129 0.723 14.5 0.7 265.8 21.4 80
2021000000532129 0.722 634.0 12.1 640.7 401.3 80
2021000000532129 0.693 598.7 0.9 641.0 6.0 80
2021000000532129 0.691 10.7 0.7 222.6 18.1 80
2021000000532129 0.690 0.8 -1.7 4.6 22.3 80
2021000000532129 0.689 25.1 1.0 140.4 3.5 80
2021000000532129 0.680 6.8 1.0 50.2 3.2 80
2021000000532129 0.650 14.8 1.1 239.0 16.9 80
2021000000532129 0.383 328.4 0.7 452.8 0.6 80
2021000000532129 0.344 0.4 67.5 14.6 456.2 80
2021000000532129 0.193 464.7 -2.7 598.4 14.6 80
2021000000532129 0.150 227.7 187.7 366.6 261.4 80
2021000000532129 0.134 166.9 1.9 283.2 7.7 80
2021000000532129 0.127 53.6 195.5 163.9 263.7 80
2021000000532129 0.124 155.0 203.3 322.6 328.3 80
2021000000532129 0.118 201.1 209.1 357.3 322.0 80
2021000000532129 0.117 265.1 212.4 403.8 304.6 80
2021000000532129 0.116 218.0 1.1 323.3 3.9 80
2021000000532129 0.112 318.8 216.2 455.1 310.9 80
2021000000532129 0.111 98.8 212.3 233.4 315.2 80
2021000000532129 0.111 -123.8 417.3 422.4 429.0 80
2021000000532129 0.104 399.2 207.8 522.8 301.1 80
2021000000532129 0.103 546.3 174.1 656.9 331.5 80
2021000000532129 0.103 534.2 177.3 625.5 244.2 80
2021000000532129 0.102 361.4 221.8 496.6 329.5 80
2021000000532129 0.100 49.8 184.7 217.8 389.7 80
2021000000532129 0.100 490.2 195.7 588.8 263.8 80
2021000000532129 0.099 441.8 203.7 553.5 286.8 80
2021000000532129 0.098 86.4 417.5 329.8 427.4 80
2021000000532129 0.096 244.6 255.0 384.9 359.0 80
2021000000532129 0.095 122.4 238.4 270.6 365.3 80
2021000000532129 0.090 -26.9 195.6 64.8 300.4 80
2021000000532129 0.088 507.2 195.0 622.5 337.1 80
2021000000532129 0.088 460.5 222.8 580.3 345.4 80
2021000000532129 0.088 419.0 242.7 546.6 362.4 80
2021000000532129 0.088 13.4 216.2 109.4 301.3 80
2021000000532129 0.087 552.9 0.3 640.5 2.7 80
2021000000532129 0.087 289.1 252.6 436.8 377.0 80
2021000000532129 0.085 522.1 77.3 649.1 450.3 80
2021000000532129 0.084 321.8 382.6 463.5 417.2 80
2021000000532129 0.084 -16.3 203.3 94.5 378.3 80
2021000000532129 0.083 327.7 1.2 410.2 2.4 80
2021000000532129 0.083 374.8 1.3 457.2 2.5 80
2021000000532129 0.082 10.8 385.4 136.8 420.7 80
2021000000532129 0.081 14.8 1.1 239.0 16.9 18
2021000000532129 0.080 112.7 199.5 399.7 429.4 80
2021000000532129 0.079 288.1 -0.4 356.6 26.2 80
2021000000532129 0.079 309.3 230.1 482.8 409.8 80
2021000000532129 0.078 21.5 116.7 154.2 438.4 80
2021000000532129 0.076 -13.6 341.8 65.9 383.9 80
2021000000532129 0.076 147.5 0.9 219.1 1.8 80
2021000000532129 0.076 510.3 355.4 609.8 399.0 80
2021000000532129 0.076 111.6 363.5 230.8 405.5 80
2021000000532129 0.076 1.5 356.7 97.4 399.4 80
2021000000532129 0.075 43.0 367.6 152.1 410.2 80
2021000000532129 0.074 84.2 364.3 188.8 406.5 80
2021000000532129 0.074 196.3 356.4 316.3 399.9 80
2021000000532129 0.074 360.5 229.6 520.1 424.9 80
2021000000532129 0.073 465.9 172.7 625.4 442.8 80
2021000000532129 0.073 170.2 366.9 272.2 409.8 80
2021000000532129 0.073 301.6 351.3 406.5 396.0 80
2021000000532129 0.073 447.0 341.7 541.4 387.0 80
2021000000532129 0.072 408.7 1.2 479.5 2.2 80
2021000000532129 0.071 257.2 335.4 369.6 382.3 80
2021000000532129 0.071 111.7 1.3 178.7 2.3 80
2021000000532129 0.071 363.5 -2.3 431.4 24.9 80
2021000000532129 0.071 392.1 330.2 490.1 376.7 80
2021000000532129 0.068 344.9 0.9 409.6 1.5 80
2021000000532129 0.068 -16.6 52.8 45.4 91.0 80
2021000000532129 0.066 446.0 -0.1 522.9 32.1 80
2021000000532129 0.066 481.0 7.6 552.9 40.2 80
2021000000532129 0.066 522.4 1.0 585.5 1.6 80
2021000000532129 0.065 438.8 1.1 502.0 1.7 80
2021000000532129 0.064 -3.6 11.1 55.4 37.1 80
2021000000532129 0.063 473.0 1.1 534.8 1.8 80
2021000000532129 0.788 606.8 374.9 641.1 425.0 80
2021000000532129 0.765 0.4 5.5 639.3 407.7 80
2021000000532129 0.759 9.4 405.3 36.1 428.0 80
2021000000532129 0.752 361.5 4.0 624.6 55.4 80
2021000000532129 0.752 248.0 2.2 605.8 30.2 80
2021000000532129 0.750 263.9 2.4 625.2 66.0 80
2021000000532129 0.750 -9.8 1.1 578.7 86.2 80
2021000000532129 0.750 612.0 2.3 638.3 83.9 80
2021000000532129 0.749 -6.9 -2.1 632.1 83.9 80
2021000000532129 0.748 598.1 14.3 639.8 241.1 80
2021000000532129 0.744 172.1 3.4 622.6 54.0 80
2021000000532129 0.742 -2.7 -0.0 501.9 88.2 80
2021000000532129 0.742 91.9 1.0 612.2 43.2 80
2021000000532129 0.741 5.2 -3.8 250.9 88.0 80
2021000000532129 0.739 20.4 -0.7 260.1 40.0 80
2021000000532129 0.738 638.3 186.5 640.0 401.1 80
2021000000532129 0.736 638.8 71.3 640.1 235.9 80
2021000000532129 0.735 43.2 -0.4 561.4 13.9 80
2021000000532129 0.735 40.8 -2.7 482.3 17.8 80
2021000000532129 0.732 8.6 0.3 585.9 49.7 80
2021000000532129 0.729 8.0 0.2 369.2 31.6 80
2021000000532129 0.728 10.1 2.0 623.0 62.8 80
2021000000532129 0.728 -4.9 2.4 497.7 28.2 80
2021000000532129 0.726 133.8 -0.8 556.5 13.2 80
2021000000532129 0.726 159.2 1.0 232.0 13.2 80
2021000000532129 0.723 14.5 0.7 265.8 21.4 80
2021000000532129 0.722 634.0 12.1 640.7 401.3 80
2021000000532129 0.693 598.7 0.9 641.0 6.0 80
2021000000532129 0.691 10.7 0.7 222.6 18.1 80
2021000000532129 0.690 0.8 -1.7 4.6 22.3 80
2021000000532129 0.689 25.1 1.0 140.4 3.5 80
2021000000532129 0.680 6.8 1.0 50.2 3.2 80
2021000000532129 0.650 14.8 1.1 239.0 16.9 80
2021000000532129 0.383 328.4 0.7 452.8 0.6 80
2021000000532129 0.344 0.4 67.5 14.6 456.2 80
2021000000532129 0.193 464.7 -2.7 598.4 14.6 80
2021000000532129 0.150 227.7 187.7 366.6 261.4 80
2021000000532129 0.134 166.9 1.9 283.2 7.7 80
2021000000532129 0.127 53.6 195.5 163.9 263.7 80
2021000000532129 0.124 155.0 203.3 322.6 328.3 80
2021000000532129 0.118 201.1 209.1 357.3 322.0 80
2021000000532129 0.117 265.1 212.4 403.8 304.6 80
2021000000532129 0.116 218.0 1.1 323.3 3.9 80
2021000000532129 0.112 318.8 216.2 455.1 310.9 80
2021000000532129 0.111 98.8 212.3 233.4 315.2 80
2021000000532129 0.111 -123.8 417.3 422.4 429.0 80
2021000000532129 0.104 399.2 207.8 522.8 301.1 80
2021000000532129 0.103 546.3 174.1 656.9 331.5 80
2021000000532129 0.103 534.2 177.3 625.5 244.2 80
2021000000532129 0.102 361.4 221.8 496.6 329.5 80
2021000000532129 0.100 49.8 184.7 217.8 389.7 80
2021000000532129 0.100 490.2 195.7 588.8 263.8 80
2021000000532129 0.099 441.8 203.7 553.5 286.8 80
2021000000532129 0.098 86.4 417.5 329.8 427.4 80
2021000000532129 0.096 244.6 255.0 384.9 359.0 80
2021000000532129 0.095 122.4 238.4 270.6 365.3 80
2021000000532129 0.090 -26.9 195.6 64.8 300.4 80
2021000000532129 0.088 507.2 195.0 622.5 337.1 80
2021000000532129 0.088 460.5 222.8 580.3 345.4 80
2021000000532129 0.088 419.0 242.7 546.6 362.4 80
2021000000532129 0.088 13.4 216.2 109.4 301.3 80
2021000000532129 0.087 552.9 0.3 640.5 2.7 80
2021000000532129 0.087 289.1 252.6 436.8 377.0 80
2021000000532129 0.085 522.1 77.3 649.1 450.3 80
2021000000532129 0.084 321.8 382.6 463.5 417.2 80
2021000000532129 0.084 -16.3 203.3 94.5 378.3 80
2021000000532129 0.083 327.7 1.2 410.2 2.4 80
2021000000532129 0.083 374.8 1.3 457.2 2.5 80
2021000000532129 0.082 10.8 385.4 136.8 420.7 80
2021000000532129 0.081 14.8 1.1 239.0 16.9 18
2021000000532129 0.080 112.7 199.5 399.7 429.4 80
2021000000532129 0.079 288.1 -0.4 356.6 26.2 80
2021000000532129 0.079 309.3 230.1 482.8 409.8 80
2021000000532129 0.078 21.5 116.7 154.2 438.4 80
2021000000532129 0.076 -13.6 341.8 65.9 383.9 80
2021000000532129 0.076 147.5 0.9 219.1 1.8 80
2021000000532129 0.076 510.3 355.4 609.8 399.0 80
2021000000532129 0.076 111.6 363.5 230.8 405.5 80
2021000000532129 0.076 1.5 356.7 97.4 399.4 80
2021000000532129 0.075 43.0 367.6 152.1 410.2 80
2021000000532129 0.074 84.2 364.3 188.8 406.5 80
2021000000532129 0.074 196.3 356.4 316.3 399.9 80
2021000000532129 0.074 360.5 229.6 520.1 424.9 80
2021000000532129 0.073 465.9 172.7 625.4 442.8 80
2021000000532129 0.073 170.2 366.9 272.2 409.8 80
2021000000532129 0.073 301.6 351.3 406.5 396.0 80
2021000000532129 0.073 447.0 341.7 541.4 387.0 80
2021000000532129 0.072 408.7 1.2 479.5 2.2 80
2021000000532129 0.071 257.2 335.4 369.6 382.3 80
2021000000532129 0.071 111.7 1.3 178.7 2.3 80
2021000000532129 0.071 363.5 -2.3 431.4 24.9 80
2021000000532129 0.071 392.1 330.2 490.1 376.7 80
2021000000532129 0.068 344.9 0.9 409.6 1.5 80
2021000000532129 0.068 -16.6 52.8 45.4 91.0 80
2021000000532129 0.066 446.0 -0.1 522.9 32.1 80
2021000000532129 0.066 481.0 7.6 552.9 40.2 80
2021000000532129 0.066 522.4 1.0 585.5 1.6 80
2021000000532129 0.065 438.8 1.1 502.0 1.7 80
2021000000532129 0.064 -3.6 11.1 55.4 37.1 80
2021000000532129 0.063 473.0 1.1 534.8 1.8 80
