2021000000482917 0.793 471.5 330.0 499.7 372.5 80
2021000000482917 0.778 19.0 67.9 432.8 336.5 80
2021000000482917 0.778 267.6 216.1 447.5 367.2 80
2021000000482917 0.774 137.4 80.4 256.3 309.3 80
2021000000482917 0.774 267.4 160.3 440.9 370.5 80
2021000000482917 0.771 160.7 80.2 262.2 220.6 80
2021000000482917 0.765 195.6 105.8 452.9 374.5 80
2021000000482917 0.763 2.4 137.2 135.1 365.6 80
2021000000482917 0.762 24.6 75.5 456.7 372.5 80
2021000000482917 0.760 23.2 72.9 265.3 352.7 80
2021000000482917 0.757 83.4 159.6 450.1 370.1 80
2021000000482917 0.756 3.2 143.7 126.2 364.2 80
2021000000482917 0.754 490.1 9.8 499.8 46.9 80
2021000000482917 0.751 379.5 236.5 406.5 274.2 80
2021000000482917 0.751 166.9 124.4 450.2 369.5 80
2021000000482917 0.747 497.7 235.7 499.8 375.1 80
2021000000482917 0.746 498.7 92.5 500.0 178.9 80
2021000000482917 0.746 255.8 131.6 443.7 365.2 80
2021000000482917 0.746 7.3 50.5 47.8 68.5 80
2021000000482917 0.743 326.9 1.5 351.2 24.9 80
2021000000482917 0.739 40.2 145.5 122.2 293.4 80
2021000000482917 0.737 270.0 2.3 294.2 45.9 80
2021000000482917 0.733 0.7 136.7 18.3 261.1 80
2021000000482917 0.730 1.2 49.7 499.2 374.2 80
2021000000482917 0.729 270.2 0.0 293.6 45.9 80
2021000000482917 0.729 0.2 130.7 455.9 370.2 80
2021000000482917 0.726 9.0 138.8 191.3 375.1 80
2021000000482917 0.725 0.8 174.9 10.2 346.3 80
2021000000482917 0.724 -2.4 51.2 48.8 312.2 80
2021000000482917 0.723 -2.5 167.9 267.4 370.6 80
2021000000482917 0.719 0.2 16.6 13.0 253.5 80
2021000000482917 0.713 -0.8 72.9 428.8 373.5 80
2021000000482917 0.712 0.7 60.4 9.7 285.7 80
2021000000482917 0.705 6.1 76.4 279.6 375.0 80
2021000000482917 0.705 -0.3 139.9 248.0 368.4 80
2021000000482917 0.704 0.1 121.8 458.3 372.2 80
2021000000482917 0.704 1.4 74.8 365.5 372.3 80
2021000000482917 0.704 65.9 76.9 465.0 374.7 80
2021000000482917 0.698 126.5 77.7 454.0 374.6 80
2021000000482917 0.696 344.2 0.9 354.4 30.1 80
2021000000482917 0.693 2.2 84.4 416.7 372.5 80
2021000000482917 0.674 0.2 42.4 15.6 250.0 80
2021000000482917 0.659 -6.2 79.3 323.8 374.2 80
2021000000482917 0.654 0.7 86.1 18.6 248.9 80
2021000000482917 0.517 270.3 -0.2 293.4 46.2 80
2021000000482917 0.480 4.3 74.7 451.6 371.9 8
2021000000482917 0.461 1.8 138.1 129.5 363.3 80
2021000000482917 0.455 254.3 161.4 448.8 373.3 80
2021000000482917 0.363 5.5 80.6 272.2 375.0 80
2021000000482917 0.349 472.9 46.1 500.4 402.4 80
2021000000482917 0.273 5.5 80.6 272.2 375.0 8
2021000000482917 0.241 1.8 138.1 129.5 363.3 18
2021000000482917 0.226 254.3 161.4 448.8 373.3 18
2021000000482917 0.223 4.3 74.7 451.6 371.9 80
2021000000482917 0.172 270.3 -0.2 293.4 46.2 18
2021000000482917 0.153 5.5 80.6 272.2 375.0 18
2021000000482917 0.150 4.3 74.7 451.6 371.9 18
2021000000482917 0.124 197.7 136.2 303.8 204.6 80
2021000000482917 0.119 79.5 118.4 206.0 233.5 80
2021000000482917 0.112 227.4 158.5 336.6 241.0 80
2021000000482917 0.112 64.2 161.8 164.0 249.9 80
2021000000482917 0.109 363.0 3.6 450.5 11.2 80
2021000000482917 0.106 -6.2 79.3 323.8 374.2 8
2021000000482917 0.105 54.7 125.8 144.7 216.1 80
2021000000482917 0.102 338.8 271.2 442.4 344.3 80
2021000000482917 0.099 138.6 130.6 221.2 194.7 80
2021000000482917 0.098 299.4 148.3 390.7 230.7 80
2021000000482917 0.097 272.7 154.5 369.5 243.2 80
2021000000482917 0.096 21.1 141.7 108.9 226.2 80
2021000000482917 0.096 446.7 145.2 511.1 195.3 80
2021000000482917 0.096 337.9 143.3 409.1 197.0 80
2021000000482917 0.093 342.9 180.2 434.9 264.7 80
2021000000482917 0.092 418.0 158.8 488.4 219.3 80
2021000000482917 0.091 43.5 360.8 146.6 377.1 80
2021000000482917 0.089 5.5 80.6 272.2 375.0 6
2021000000482917 0.089 384.4 171.8 460.4 241.3 80
2021000000482917 0.089 429.4 182.1 509.4 278.5 80
2021000000482917 0.089 6.1 76.4 279.6 375.0 8
2021000000482917 0.087 398.1 188.6 483.8 290.1 80
2021000000482917 0.085 277.1 0.9 345.3 2.2 80
2021000000482917 0.084 107.3 351.6 207.1 378.8 80
2021000000482917 0.079 95.0 0.7 157.7 1.4 80
2021000000482917 0.078 171.5 0.7 233.7 1.2 80
2021000000482917 0.078 2.2 84.4 416.7 372.5 8
2021000000482917 0.077 403.3 112.2 510.4 395.2 80
2021000000482917 0.076 399.6 312.7 475.9 350.2 80
2021000000482917 0.076 0.7 86.1 18.6 248.9 18
2021000000482917 0.074 347.5 310.9 422.4 349.7 80
2021000000482917 0.074 290.7 313.7 364.5 352.4 80
2021000000482917 0.073 407.8 1.0 463.8 1.4 80
2021000000482917 0.073 363.1 192.0 484.2 374.7 80
2021000000482917 0.073 246.4 250.5 402.7 407.5 80
2021000000482917 0.071 1.4 74.8 365.5 372.3 8
2021000000482917 0.070 -2.3 8.2 64.3 45.5 80
2021000000482917 0.070 410.5 9.6 505.6 48.5 80
2021000000482917 0.070 313.2 7.0 394.6 44.5 80
2021000000482917 0.069 254.3 161.4 448.8 373.3 8
2021000000482917 0.069 329.7 9.2 465.7 47.0 80
2021000000482917 0.068 139.8 8.4 259.8 46.4 80
2021000000482917 0.068 -0.8 72.9 428.8 373.5 8
2021000000482917 0.793 471.5 330.0 499.7 372.5 80
2021000000482917 0.778 19.0 67.9 432.8 336.5 80
2021000000482917 0.778 267.6 216.1 447.5 367.2 80
2021000000482917 0.774 137.4 80.4 256.3 309.3 80
2021000000482917 0.774 267.4 160.3 440.9 370.5 80
2021000000482917 0.771 160.7 80.2 262.2 220.6 80
2021000000482917 0.765 195.6 105.8 452.9 374.5 80
2021000000482917 0.763 2.4 137.2 135.1 365.6 80
2021000000482917 0.762 24.6 75.5 456.7 372.5 80
2021000000482917 0.760 23.2 72.9 265.3 352.7 80
2021000000482917 0.757 83.4 159.6 450.1 370.1 80
2021000000482917 0.756 3.2 143.7 126.2 364.2 80
2021000000482917 0.754 490.1 9.8 499.8 46.9 80
2021000000482917 0.751 379.5 236.5 406.5 274.2 80
2021000000482917 0.751 166.9 124.4 450.2 369.5 80
2021000000482917 0.747 497.7 235.7 499.8 375.1 80
2021000000482917 0.746 498.7 92.5 500.0 178.9 80
2021000000482917 0.746 255.8 131.6 443.7 365.2 80
2021000000482917 0.746 7.3 50.5 47.8 68.5 80
2021000000482917 0.743 326.9 1.5 351.2 24.9 80
2021000000482917 0.739 40.2 145.5 122.2 293.4 80
2021000000482917 0.737 270.0 2.3 294.2 45.9 80
2021000000482917 0.733 0.7 136.7 18.3 261.1 80
2021000000482917 0.730 1.2 49.7 499.2 374.2 80
2021000000482917 0.729 270.2 0.0 293.6 45.9 80
2021000000482917 0.729 0.2 130.7 455.9 370.2 80
2021000000482917 0.726 9.0 138.8 191.3 375.1 80
2021000000482917 0.725 0.8 174.9 10.2 346.3 80
2021000000482917 0.724 -2.4 51.2 48.8 312.2 80
2021000000482917 0.723 -2.5 167.9 267.4 370.6 80
2021000000482917 0.719 0.2 16.6 13.0 253.5 80
2021000000482917 0.713 -0.8 72.9 428.8 373.5 80
2021000000482917 0.712 0.7 60.4 9.7 285.7 80
2021000000482917 0.705 6.1 76.4 279.6 375.0 80
2021000000482917 0.705 -0.3 139.9 248.0 368.4 80
2021000000482917 0.704 0.1 121.8 458.3 372.2 80
2021000000482917 0.704 1.4 74.8 365.5 372.3 80
2021000000482917 0.704 65.9 76.9 465.0 374.7 80
2021000000482917 0.698 126.5 77.7 454.0 374.6 80
2021000000482917 0.696 344.2 0.9 354.4 30.1 80
2021000000482917 0.693 2.2 84.4 416.7 372.5 80
2021000000482917 0.674 0.2 42.4 15.6 250.0 80
2021000000482917 0.659 -6.2 79.3 323.8 374.2 80
2021000000482917 0.654 0.7 86.1 18.6 248.9 80
2021000000482917 0.517 270.3 -0.2 293.4 46.2 80
2021000000482917 0.480 4.3 74.7 451.6 371.9 8
2021000000482917 0.461 1.8 138.1 129.5 363.3 80
2021000000482917 0.455 254.3 161.4 448.8 373.3 80
2021000000482917 0.363 5.5 80.6 272.2 375.0 80
2021000000482917 0.349 472.9 46.1 500.4 402.4 80
2021000000482917 0.273 5.5 80.6 272.2 375.0 8
2021000000482917 0.241 1.8 138.1 129.5 363.3 18
2021000000482917 0.226 254.3 161.4 448.8 373.3 18
2021000000482917 0.223 4.3 74.7 451.6 371.9 80
2021000000482917 0.172 270.3 -0.2 293.4 46.2 18
2021000000482917 0.153 5.5 80.6 272.2 375.0 18
2021000000482917 0.150 4.3 74.7 451.6 371.9 18
2021000000482917 0.124 197.7 136.2 303.8 204.6 80
2021000000482917 0.119 79.5 118.4 206.0 233.5 80
2021000000482917 0.112 227.4 158.5 336.6 241.0 80
2021000000482917 0.112 64.2 161.8 164.0 249.9 80
2021000000482917 0.109 363.0 3.6 450.5 11.2 80
2021000000482917 0.106 -6.2 79.3 323.8 374.2 8
2021000000482917 0.105 54.7 125.8 144.7 216.1 80
2021000000482917 0.102 338.8 271.2 442.4 344.3 80
2021000000482917 0.099 138.6 130.6 221.2 194.7 80
2021000000482917 0.098 299.4 148.3 390.7 230.7 80
2021000000482917 0.097 272.7 154.5 369.5 243.2 80
2021000000482917 0.096 21.1 141.7 108.9 226.2 80
2021000000482917 0.096 446.7 145.2 511.1 195.3 80
2021000000482917 0.096 337.9 143.3 409.1 197.0 80
2021000000482917 0.093 342.9 180.2 434.9 264.7 80
2021000000482917 0.092 418.0 158.8 488.4 219.3 80
2021000000482917 0.091 43.5 360.8 146.6 377.1 80
2021000000482917 0.089 5.5 80.6 272.2 375.0 6
2021000000482917 0.089 384.4 171.8 460.4 241.3 80
2021000000482917 0.089 429.4 182.1 509.4 278.5 80
2021000000482917 0.089 6.1 76.4 279.6 375.0 8
2021000000482917 0.087 398.1 188.6 483.8 290.1 80
2021000000482917 0.085 277.1 0.9 345.3 2.2 80
2021000000482917 0.084 107.3 351.6 207.1 378.8 80
2021000000482917 0.079 95.0 0.7 157.7 1.4 80
2021000000482917 0.078 171.5 0.7 233.7 1.2 80
2021000000482917 0.078 2.2 84.4 416.7 372.5 8
2021000000482917 0.077 403.3 112.2 510.4 395.2 80
2021000000482917 0.076 399.6 312.7 475.9 350.2 80
2021000000482917 0.076 0.7 86.1 18.6 248.9 18
2021000000482917 0.074 347.5 310.9 422.4 349.7 80
2021000000482917 0.074 290.7 313.7 364.5 352.4 80
2021000000482917 0.073 407.8 1.0 463.8 1.4 80
2021000000482917 0.073 363.1 192.0 484.2 374.7 80
2021000000482917 0.073 246.4 250.5 402.7 407.5 80
2021000000482917 0.071 1.4 74.8 365.5 372.3 8
2021000000482917 0.070 -2.3 8.2 64.3 45.5 80
2021000000482917 0.070 410.5 9.6 505.6 48.5 80
2021000000482917 0.070 313.2 7.0 394.6 44.5 80
2021000000482917 0.069 254.3 161.4 448.8 373.3 8
2021000000482917 0.069 329.7 9.2 465.7 47.0 80
2021000000482917 0.068 139.8 8.4 259.8 46.4 80
2021000000482917 0.068 -0.8 72.9 428.8 373.5 8
