2021000000565153 0.781 355.0 461.5 383.5 498.8 80
2021000000565153 0.772 11.8 126.9 368.4 344.0 80
2021000000565153 0.758 203.1 197.6 328.8 271.4 80
2021000000565153 0.753 82.6 306.2 136.7 346.0 80
2021000000565153 0.748 373.5 224.5 379.5 257.6 80
2021000000565153 0.747 378.2 258.5 379.1 408.7 80
2021000000565153 0.740 376.6 215.4 379.0 280.9 80
2021000000565153 0.736 164.9 228.3 180.3 310.3 80
2021000000565153 0.732 77.7 55.1 85.3 62.7 80
2021000000565153 0.727 77.8 55.5 86.1 62.7 80
2021000000565153 0.726 354.9 224.4 380.5 252.4 80
2021000000565153 0.718 354.2 231.8 380.7 259.6 80
2021000000565153 0.715 253.3 200.5 316.7 245.2 80
2021000000565153 0.715 218.2 249.4 242.7 263.1 80
2021000000565153 0.707 287.6 201.5 319.5 244.3 80
2021000000565153 0.703 1.0 172.4 1.6 319.0 80
2021000000565153 0.702 1.0 206.0 1.4 409.4 80
2021000000565153 0.701 286.2 199.3 315.1 242.5 80
2021000000565153 0.691 160.0 230.0 176.9 310.1 80
2021000000565153 0.686 218.2 249.1 247.0 266.2 80
2021000000565153 0.658 166.9 236.7 174.8 259.0 80
2021000000565153 0.634 164.9 231.1 177.4 309.4 80
2021000000565153 0.622 253.0 200.6 312.8 243.3 80
2021000000565153 0.586 166.0 222.0 184.5 306.8 80
2021000000565153 0.565 219.7 247.7 243.1 259.6 80
2021000000565153 0.180 178.1 236.1 246.3 289.5 80
2021000000565153 0.169 219.7 247.7 243.1 259.6 5
2021000000565153 0.154 141.4 188.9 191.4 242.3 80
2021000000565153 0.151 200.8 192.4 254.9 244.1 80
2021000000565153 0.151 127.9 236.8 180.5 294.8 80
2021000000565153 0.145 228.3 222.4 287.5 280.8 80
2021000000565153 0.126 -25.9 489.4 38.4 503.0 80
2021000000565153 0.121 111.2 286.0 174.3 359.7 80
2021000000565153 0.120 283.6 57.5 347.2 107.8 80
2021000000565153 0.118 55.0 22.0 125.6 44.6 80
2021000000565153 0.117 46.2 178.3 103.7 243.5 80
2021000000565153 0.108 166.0 222.0 184.5 306.8 18
2021000000565153 0.108 181.6 144.2 231.3 197.5 80
2021000000565153 0.106 -7.9 4.5 53.5 13.4 80
2021000000565153 0.105 246.3 147.7 296.0 201.6 80
2021000000565153 0.100 347.2 109.2 394.3 171.9 80
2021000000565153 0.097 50.9 478.8 174.2 501.4 80
2021000000565153 0.096 253.0 200.6 312.8 243.3 1
2021000000565153 0.096 164.9 231.1 177.4 309.4 18
2021000000565153 0.096 316.7 211.7 371.0 289.4 80
2021000000565153 0.095 222.8 145.5 271.9 202.8 80
2021000000565153 0.095 -4.1 304.1 51.0 402.5 80
2021000000565153 0.094 305.1 177.5 354.4 237.6 80
2021000000565153 0.094 99.6 249.4 154.3 321.1 80
2021000000565153 0.093 38.7 258.5 91.3 331.1 80
2021000000565153 0.092 72.5 278.6 129.8 359.8 80
2021000000565153 0.092 -4.0 470.6 107.9 499.7 80
2021000000565153 0.091 304.4 270.2 364.9 371.7 80
2021000000565153 0.090 188.4 334.3 245.8 413.1 80
2021000000565153 0.090 -13.8 465.4 41.2 495.6 80
2021000000565153 0.090 279.1 295.1 338.5 384.7 80
2021000000565153 0.089 256.4 317.3 317.7 405.9 80
2021000000565153 0.089 129.0 343.0 188.6 425.0 80
2021000000565153 0.089 159.7 0.4 213.1 2.6 80
2021000000565153 0.088 211.4 339.7 271.2 423.6 80
2021000000565153 0.087 9.3 256.7 63.8 351.1 80
2021000000565153 0.087 327.3 0.6 379.6 2.8 80
2021000000565153 0.085 116.6 1.0 167.7 2.8 80
2021000000565153 0.085 48.6 303.5 112.5 417.7 80
2021000000565153 0.083 233.8 332.2 300.2 445.0 80
2021000000565153 0.081 21.8 298.8 82.8 429.8 80
2021000000565153 0.080 306.3 130.0 387.2 531.3 80
2021000000565153 0.079 27.0 1.3 74.4 2.7 80
2021000000565153 0.078 166.9 236.7 174.8 259.0 18
2021000000565153 0.077 162.5 348.2 233.8 482.4 80
2021000000565153 0.077 111.9 431.7 185.0 480.8 80
2021000000565153 0.075 302.0 413.5 360.7 465.4 80
2021000000565153 0.074 282.2 276.9 362.6 481.0 80
2021000000565153 0.073 88.1 320.4 174.1 485.0 80
2021000000565153 0.073 90.1 1.2 132.0 2.2 80
2021000000565153 0.073 2.9 388.2 63.7 443.6 80
2021000000565153 0.072 268.9 394.3 331.5 449.1 80
2021000000565153 0.072 185.9 402.7 254.6 456.7 80
2021000000565153 0.072 106.5 417.2 168.0 470.1 80
2021000000565153 0.072 233.2 396.2 299.1 451.5 80
2021000000565153 0.071 34.7 395.8 104.7 451.3 80
2021000000565153 0.071 62.2 396.2 130.7 451.3 80
2021000000565153 0.071 234.6 316.3 352.3 504.4 80
2021000000565153 0.071 156.1 381.7 222.2 437.7 80
2021000000565153 0.069 216.4 7.0 333.4 57.0 80
2021000000565153 0.068 145.4 6.3 252.2 55.7 80
2021000000565153 0.068 -16.7 7.2 78.3 56.7 80
2021000000565153 0.068 303.8 5.4 394.6 55.0 80
2021000000565153 0.068 192.8 7.1 298.4 56.0 80
2021000000565153 0.068 62.9 8.2 116.5 55.9 80
2021000000565153 0.068 247.1 6.7 359.3 55.5 80
2021000000565153 0.068 -14.0 10.4 40.3 59.7 80
2021000000565153 0.067 131.5 7.5 208.9 55.0 80
2021000000565153 0.067 85.8 6.1 166.0 53.4 80
2021000000565153 0.067 115.0 4.4 184.4 50.5 80
2021000000565153 0.067 218.2 249.1 247.0 266.2 5
2021000000565153 0.066 57.7 29.2 107.5 74.9 80
2021000000565153 0.066 188.1 11.0 252.6 55.7 80
2021000000565153 0.065 14.2 21.8 60.7 64.6 80
2021000000565153 0.065 293.6 11.0 345.2 52.7 80
2021000000565153 0.781 355.0 461.5 383.5 498.8 80
2021000000565153 0.772 11.8 126.9 368.4 344.0 80
2021000000565153 0.758 203.1 197.6 328.8 271.4 80
2021000000565153 0.753 82.6 306.2 136.7 346.0 80
2021000000565153 0.748 373.5 224.5 379.5 257.6 80
2021000000565153 0.747 378.2 258.5 379.1 408.7 80
2021000000565153 0.740 376.6 215.4 379.0 280.9 80
2021000000565153 0.736 164.9 228.3 180.3 310.3 80
2021000000565153 0.732 77.7 55.1 85.3 62.7 80
2021000000565153 0.727 77.8 55.5 86.1 62.7 80
2021000000565153 0.726 354.9 224.4 380.5 252.4 80
2021000000565153 0.718 354.2 231.8 380.7 259.6 80
2021000000565153 0.715 253.3 200.5 316.7 245.2 80
2021000000565153 0.715 218.2 249.4 242.7 263.1 80
2021000000565153 0.707 287.6 201.5 319.5 244.3 80
2021000000565153 0.703 1.0 172.4 1.6 319.0 80
2021000000565153 0.702 1.0 206.0 1.4 409.4 80
2021000000565153 0.701 286.2 199.3 315.1 242.5 80
2021000000565153 0.691 160.0 230.0 176.9 310.1 80
2021000000565153 0.686 218.2 249.1 247.0 266.2 80
2021000000565153 0.658 166.9 236.7 174.8 259.0 80
2021000000565153 0.634 164.9 231.1 177.4 309.4 80
2021000000565153 0.622 253.0 200.6 312.8 243.3 80
2021000000565153 0.586 166.0 222.0 184.5 306.8 80
2021000000565153 0.565 219.7 247.7 243.1 259.6 80
2021000000565153 0.180 178.1 236.1 246.3 289.5 80
2021000000565153 0.169 219.7 247.7 243.1 259.6 5
2021000000565153 0.154 141.4 188.9 191.4 242.3 80
2021000000565153 0.151 200.8 192.4 254.9 244.1 80
2021000000565153 0.151 127.9 236.8 180.5 294.8 80
2021000000565153 0.145 228.3 222.4 287.5 280.8 80
2021000000565153 0.126 -25.9 489.4 38.4 503.0 80
2021000000565153 0.121 111.2 286.0 174.3 359.7 80
2021000000565153 0.120 283.6 57.5 347.2 107.8 80
2021000000565153 0.118 55.0 22.0 125.6 44.6 80
2021000000565153 0.117 46.2 178.3 103.7 243.5 80
2021000000565153 0.108 166.0 222.0 184.5 306.8 18
2021000000565153 0.108 181.6 144.2 231.3 197.5 80
2021000000565153 0.106 -7.9 4.5 53.5 13.4 80
2021000000565153 0.105 246.3 147.7 296.0 201.6 80
2021000000565153 0.100 347.2 109.2 394.3 171.9 80
2021000000565153 0.097 50.9 478.8 174.2 501.4 80
2021000000565153 0.096 253.0 200.6 312.8 243.3 1
2021000000565153 0.096 164.9 231.1 177.4 309.4 18
2021000000565153 0.096 316.7 211.7 371.0 289.4 80
2021000000565153 0.095 222.8 145.5 271.9 202.8 80
2021000000565153 0.095 -4.1 304.1 51.0 402.5 80
2021000000565153 0.094 305.1 177.5 354.4 237.6 80
2021000000565153 0.094 99.6 249.4 154.3 321.1 80
2021000000565153 0.093 38.7 258.5 91.3 331.1 80
2021000000565153 0.092 72.5 278.6 129.8 359.8 80
2021000000565153 0.092 -4.0 470.6 107.9 499.7 80
2021000000565153 0.091 304.4 270.2 364.9 371.7 80
2021000000565153 0.090 188.4 334.3 245.8 413.1 80
2021000000565153 0.090 -13.8 465.4 41.2 495.6 80
2021000000565153 0.090 279.1 295.1 338.5 384.7 80
2021000000565153 0.089 256.4 317.3 317.7 405.9 80
2021000000565153 0.089 129.0 343.0 188.6 425.0 80
2021000000565153 0.089 159.7 0.4 213.1 2.6 80
2021000000565153 0.088 211.4 339.7 271.2 423.6 80
2021000000565153 0.087 9.3 256.7 63.8 351.1 80
2021000000565153 0.087 327.3 0.6 379.6 2.8 80
2021000000565153 0.085 116.6 1.0 167.7 2.8 80
2021000000565153 0.085 48.6 303.5 112.5 417.7 80
2021000000565153 0.083 233.8 332.2 300.2 445.0 80
2021000000565153 0.081 21.8 298.8 82.8 429.8 80
2021000000565153 0.080 306.3 130.0 387.2 531.3 80
2021000000565153 0.079 27.0 1.3 74.4 2.7 80
2021000000565153 0.078 166.9 236.7 174.8 259.0 18
2021000000565153 0.077 162.5 348.2 233.8 482.4 80
2021000000565153 0.077 111.9 431.7 185.0 480.8 80
2021000000565153 0.075 302.0 413.5 360.7 465.4 80
2021000000565153 0.074 282.2 276.9 362.6 481.0 80
2021000000565153 0.073 88.1 320.4 174.1 485.0 80
2021000000565153 0.073 90.1 1.2 132.0 2.2 80
2021000000565153 0.073 2.9 388.2 63.7 443.6 80
2021000000565153 0.072 268.9 394.3 331.5 449.1 80
2021000000565153 0.072 185.9 402.7 254.6 456.7 80
2021000000565153 0.072 106.5 417.2 168.0 470.1 80
2021000000565153 0.072 233.2 396.2 299.1 451.5 80
2021000000565153 0.071 34.7 395.8 104.7 451.3 80
2021000000565153 0.071 62.2 396.2 130.7 451.3 80
2021000000565153 0.071 234.6 316.3 352.3 504.4 80
2021000000565153 0.071 156.1 381.7 222.2 437.7 80
2021000000565153 0.069 216.4 7.0 333.4 57.0 80
2021000000565153 0.068 145.4 6.3 252.2 55.7 80
2021000000565153 0.068 -16.7 7.2 78.3 56.7 80
2021000000565153 0.068 303.8 5.4 394.6 55.0 80
2021000000565153 0.068 192.8 7.1 298.4 56.0 80
2021000000565153 0.068 62.9 8.2 116.5 55.9 80
2021000000565153 0.068 247.1 6.7 359.3 55.5 80
2021000000565153 0.068 -14.0 10.4 40.3 59.7 80
2021000000565153 0.067 131.5 7.5 208.9 55.0 80
2021000000565153 0.067 85.8 6.1 166.0 53.4 80
2021000000565153 0.067 115.0 4.4 184.4 50.5 80
2021000000565153 0.067 218.2 249.1 247.0 266.2 5
2021000000565153 0.066 57.7 29.2 107.5 74.9 80
2021000000565153 0.066 188.1 11.0 252.6 55.7 80
2021000000565153 0.065 14.2 21.8 60.7 64.6 80
2021000000565153 0.065 293.6 11.0 345.2 52.7 80
