2021000000007088 0.778 443.7 592.8 483.7 637.2 80
2021000000007088 0.771 11.2 171.8 469.6 359.5 80
2021000000007088 0.763 180.8 237.6 276.8 470.7 80
2021000000007088 0.755 178.4 207.2 275.4 461.9 18
2021000000007088 0.746 184.3 253.8 232.9 412.4 80
2021000000007088 0.745 166.7 177.2 183.3 184.3 80
2021000000007088 0.743 368.9 175.3 410.8 193.1 80
2021000000007088 0.740 477.1 373.4 478.2 553.2 80
2021000000007088 0.740 181.5 218.5 274.4 461.1 80
2021000000007088 0.740 367.9 177.1 437.6 213.1 80
2021000000007088 0.736 185.2 218.4 212.6 249.5 80
2021000000007088 0.735 477.8 199.2 478.3 265.2 80
2021000000007088 0.734 241.7 157.2 277.3 180.3 80
2021000000007088 0.731 85.2 185.9 102.7 193.9 80
2021000000007088 0.725 105.5 188.0 120.8 197.0 80
2021000000007088 0.721 267.1 159.3 299.9 181.2 80
2021000000007088 0.714 476.5 164.9 478.7 204.2 80
2021000000007088 0.713 474.6 177.5 478.4 219.4 80
2021000000007088 0.712 225.4 161.8 380.4 203.3 80
2021000000007088 0.709 109.2 191.1 125.2 198.9 80
2021000000007088 0.703 24.5 185.0 38.4 192.9 80
2021000000007088 0.686 316.1 166.9 372.4 189.7 80
2021000000007088 0.686 74.1 183.4 90.1 194.4 80
2021000000007088 0.683 231.5 158.5 303.3 183.0 80
2021000000007088 0.679 281.3 167.6 373.4 191.6 80
2021000000007088 0.679 0.2 179.8 13.6 188.3 80
2021000000007088 0.678 235.8 155.8 368.6 189.6 80
2021000000007088 0.675 114.3 188.3 129.4 195.4 80
2021000000007088 0.673 299.9 173.4 370.9 195.2 80
2021000000007088 0.666 24.3 184.9 38.6 192.6 80
2021000000007088 0.655 48.6 183.1 60.2 192.2 80
2021000000007088 0.654 66.2 183.9 87.9 194.1 80
2021000000007088 0.641 86.2 183.4 109.9 192.5 80
2021000000007088 0.628 71.5 186.7 87.5 195.5 80
2021000000007088 0.601 233.2 158.7 300.8 184.8 80
2021000000007088 0.523 48.3 182.6 61.2 192.4 80
2021000000007088 0.514 26.6 181.2 61.9 192.4 80
2021000000007088 0.471 232.3 154.8 302.8 179.2 80
2021000000007088 0.425 229.2 154.7 372.1 190.9 17
2021000000007088 0.188 229.2 154.7 372.1 190.9 80
2021000000007088 0.183 232.3 154.8 302.8 179.2 5
2021000000007088 0.175 48.3 182.6 61.2 192.4 5
2021000000007088 0.172 26.6 181.2 61.9 192.4 5
2021000000007088 0.152 426.4 169.5 501.2 686.3 80
2021000000007088 0.149 235.0 241.1 307.8 313.7 80
2021000000007088 0.133 254.6 347.4 327.6 423.8 80
2021000000007088 0.129 270.0 4.1 356.7 18.8 80
2021000000007088 0.129 160.3 304.2 223.9 374.6 80
2021000000007088 0.127 131.5 19.1 221.1 50.9 80
2021000000007088 0.126 229.2 154.7 372.1 190.9 5
2021000000007088 0.112 196.1 162.8 255.1 226.0 80
2021000000007088 0.111 71.5 186.7 87.5 195.5 5
2021000000007088 0.107 370.5 305.6 436.2 380.0 80
2021000000007088 0.106 209.7 611.2 414.6 639.2 80
2021000000007088 0.105 232.3 154.8 302.8 179.2 17
2021000000007088 0.104 124.4 323.9 192.0 400.5 80
2021000000007088 0.103 14.7 346.4 76.0 418.0 80
2021000000007088 0.103 86.2 183.4 109.9 192.5 5
2021000000007088 0.101 146.3 378.7 216.1 463.2 80
2021000000007088 0.100 338.2 330.9 405.6 410.2 80
2021000000007088 0.100 310.8 347.9 378.8 427.7 80
2021000000007088 0.098 92.8 366.0 159.6 448.5 80
2021000000007088 0.097 286.4 374.9 356.6 463.7 80
2021000000007088 0.096 229.2 154.7 372.1 190.9 4
2021000000007088 0.095 401.3 278.6 465.1 362.1 80
2021000000007088 0.095 414.0 331.0 483.5 446.6 80
2021000000007088 0.093 238.4 435.2 305.4 518.4 80
2021000000007088 0.092 50.6 3.5 119.8 8.1 80
2021000000007088 0.092 163.6 445.2 234.4 534.9 80
2021000000007088 0.092 112.2 416.6 185.3 515.1 80
2021000000007088 0.091 385.1 347.5 459.0 474.1 80
2021000000007088 0.091 48.6 183.1 60.2 192.2 5
2021000000007088 0.091 66.8 606.4 201.5 640.7 80
2021000000007088 0.090 -14.5 329.3 43.3 407.6 80
2021000000007088 0.090 267.4 439.0 339.7 537.0 80
2021000000007088 0.090 323.8 408.9 400.0 516.3 80
2021000000007088 0.090 233.2 158.7 300.8 184.8 17
2021000000007088 0.090 353.9 380.8 425.4 488.7 80
2021000000007088 0.088 65.7 408.9 138.2 519.1 80
2021000000007088 0.086 -3.3 395.6 63.5 513.1 80
2021000000007088 0.084 26.6 181.2 61.9 192.4 17
2021000000007088 0.084 30.4 404.9 102.3 534.1 80
2021000000007088 0.081 414.1 0.5 476.3 2.8 80
2021000000007088 0.081 233.2 158.7 300.8 184.8 5
2021000000007088 0.081 66.2 183.9 87.9 194.1 5
2021000000007088 0.081 291.9 419.4 380.5 575.4 80
2021000000007088 0.080 219.5 1.1 277.8 3.3 80
2021000000007088 0.080 208.4 462.9 292.7 598.8 80
2021000000007088 0.079 24.3 184.9 38.6 192.6 5
2021000000007088 0.076 15.9 528.6 111.5 596.7 80
2021000000007088 0.076 382.7 237.7 489.1 662.8 80
2021000000007088 0.074 112.0 418.4 219.4 614.0 80
2021000000007088 0.074 48.3 182.6 61.2 192.4 17
2021000000007088 0.074 147.9 521.3 228.5 588.8 80
2021000000007088 0.074 -18.4 215.8 44.0 709.9 80
2021000000007088 0.073 383.5 507.5 456.2 577.2 80
2021000000007088 0.073 354.4 357.6 457.6 615.6 80
2021000000007088 0.072 74.1 183.4 90.1 194.4 5
2021000000007088 0.072 -10.2 463.3 56.1 535.3 80
2021000000007088 0.071 339.8 489.0 414.1 559.6 80
2021000000007088 0.778 443.7 592.8 483.7 637.2 80
2021000000007088 0.771 11.2 171.8 469.6 359.5 80
2021000000007088 0.763 180.8 237.6 276.8 470.7 80
2021000000007088 0.755 178.4 207.2 275.4 461.9 18
2021000000007088 0.746 184.3 253.8 232.9 412.4 80
2021000000007088 0.745 166.7 177.2 183.3 184.3 80
2021000000007088 0.743 368.9 175.3 410.8 193.1 80
2021000000007088 0.740 477.1 373.4 478.2 553.2 80
2021000000007088 0.740 181.5 218.5 274.4 461.1 80
2021000000007088 0.740 367.9 177.1 437.6 213.1 80
2021000000007088 0.736 185.2 218.4 212.6 249.5 80
2021000000007088 0.735 477.8 199.2 478.3 265.2 80
2021000000007088 0.734 241.7 157.2 277.3 180.3 80
2021000000007088 0.731 85.2 185.9 102.7 193.9 80
2021000000007088 0.725 105.5 188.0 120.8 197.0 80
2021000000007088 0.721 267.1 159.3 299.9 181.2 80
2021000000007088 0.714 476.5 164.9 478.7 204.2 80
2021000000007088 0.713 474.6 177.5 478.4 219.4 80
2021000000007088 0.712 225.4 161.8 380.4 203.3 80
2021000000007088 0.709 109.2 191.1 125.2 198.9 80
2021000000007088 0.703 24.5 185.0 38.4 192.9 80
2021000000007088 0.686 316.1 166.9 372.4 189.7 80
2021000000007088 0.686 74.1 183.4 90.1 194.4 80
2021000000007088 0.683 231.5 158.5 303.3 183.0 80
2021000000007088 0.679 281.3 167.6 373.4 191.6 80
2021000000007088 0.679 0.2 179.8 13.6 188.3 80
2021000000007088 0.678 235.8 155.8 368.6 189.6 80
2021000000007088 0.675 114.3 188.3 129.4 195.4 80
2021000000007088 0.673 299.9 173.4 370.9 195.2 80
2021000000007088 0.666 24.3 184.9 38.6 192.6 80
2021000000007088 0.655 48.6 183.1 60.2 192.2 80
2021000000007088 0.654 66.2 183.9 87.9 194.1 80
2021000000007088 0.641 86.2 183.4 109.9 192.5 80
2021000000007088 0.628 71.5 186.7 87.5 195.5 80
2021000000007088 0.601 233.2 158.7 300.8 184.8 80
2021000000007088 0.523 48.3 182.6 61.2 192.4 80
2021000000007088 0.514 26.6 181.2 61.9 192.4 80
2021000000007088 0.471 232.3 154.8 302.8 179.2 80
2021000000007088 0.425 229.2 154.7 372.1 190.9 17
2021000000007088 0.188 229.2 154.7 372.1 190.9 80
2021000000007088 0.183 232.3 154.8 302.8 179.2 5
2021000000007088 0.175 48.3 182.6 61.2 192.4 5
2021000000007088 0.172 26.6 181.2 61.9 192.4 5
2021000000007088 0.152 426.4 169.5 501.2 686.3 80
2021000000007088 0.149 235.0 241.1 307.8 313.7 80
2021000000007088 0.133 254.6 347.4 327.6 423.8 80
2021000000007088 0.129 270.0 4.1 356.7 18.8 80
2021000000007088 0.129 160.3 304.2 223.9 374.6 80
2021000000007088 0.127 131.5 19.1 221.1 50.9 80
2021000000007088 0.126 229.2 154.7 372.1 190.9 5
2021000000007088 0.112 196.1 162.8 255.1 226.0 80
2021000000007088 0.111 71.5 186.7 87.5 195.5 5
2021000000007088 0.107 370.5 305.6 436.2 380.0 80
2021000000007088 0.106 209.7 611.2 414.6 639.2 80
2021000000007088 0.105 232.3 154.8 302.8 179.2 17
2021000000007088 0.104 124.4 323.9 192.0 400.5 80
2021000000007088 0.103 14.7 346.4 76.0 418.0 80
2021000000007088 0.103 86.2 183.4 109.9 192.5 5
2021000000007088 0.101 146.3 378.7 216.1 463.2 80
2021000000007088 0.100 338.2 330.9 405.6 410.2 80
2021000000007088 0.100 310.8 347.9 378.8 427.7 80
2021000000007088 0.098 92.8 366.0 159.6 448.5 80
2021000000007088 0.097 286.4 374.9 356.6 463.7 80
2021000000007088 0.096 229.2 154.7 372.1 190.9 4
2021000000007088 0.095 401.3 278.6 465.1 362.1 80
2021000000007088 0.095 414.0 331.0 483.5 446.6 80
2021000000007088 0.093 238.4 435.2 305.4 518.4 80
2021000000007088 0.092 50.6 3.5 119.8 8.1 80
2021000000007088 0.092 163.6 445.2 234.4 534.9 80
2021000000007088 0.092 112.2 416.6 185.3 515.1 80
2021000000007088 0.091 385.1 347.5 459.0 474.1 80
2021000000007088 0.091 48.6 183.1 60.2 192.2 5
2021000000007088 0.091 66.8 606.4 201.5 640.7 80
2021000000007088 0.090 -14.5 329.3 43.3 407.6 80
2021000000007088 0.090 267.4 439.0 339.7 537.0 80
2021000000007088 0.090 323.8 408.9 400.0 516.3 80
2021000000007088 0.090 233.2 158.7 300.8 184.8 17
2021000000007088 0.090 353.9 380.8 425.4 488.7 80
2021000000007088 0.088 65.7 408.9 138.2 519.1 80
2021000000007088 0.086 -3.3 395.6 63.5 513.1 80
2021000000007088 0.084 26.6 181.2 61.9 192.4 17
2021000000007088 0.084 30.4 404.9 102.3 534.1 80
2021000000007088 0.081 414.1 0.5 476.3 2.8 80
2021000000007088 0.081 233.2 158.7 300.8 184.8 5
2021000000007088 0.081 66.2 183.9 87.9 194.1 5
2021000000007088 0.081 291.9 419.4 380.5 575.4 80
2021000000007088 0.080 219.5 1.1 277.8 3.3 80
2021000000007088 0.080 208.4 462.9 292.7 598.8 80
2021000000007088 0.079 24.3 184.9 38.6 192.6 5
2021000000007088 0.076 15.9 528.6 111.5 596.7 80
2021000000007088 0.076 382.7 237.7 489.1 662.8 80
2021000000007088 0.074 112.0 418.4 219.4 614.0 80
2021000000007088 0.074 48.3 182.6 61.2 192.4 17
2021000000007088 0.074 147.9 521.3 228.5 588.8 80
2021000000007088 0.074 -18.4 215.8 44.0 709.9 80
2021000000007088 0.073 383.5 507.5 456.2 577.2 80
2021000000007088 0.073 354.4 357.6 457.6 615.6 80
2021000000007088 0.072 74.1 183.4 90.1 194.4 5
2021000000007088 0.072 -10.2 463.3 56.1 535.3 80
2021000000007088 0.071 339.8 489.0 414.1 559.6 80
