2021000000456394 0.768 4.8 129.1 117.9 175.7 80
2021000000456394 0.761 9.9 3.5 219.2 99.1 80
2021000000456394 0.759 113.3 116.8 122.7 129.4 80
2021000000456394 0.754 2.9 8.5 201.6 172.6 80
2021000000456394 0.752 6.8 15.9 148.1 101.3 80
2021000000456394 0.751 7.2 115.6 107.5 174.8 80
2021000000456394 0.746 -0.2 82.8 218.8 176.6 80
2021000000456394 0.745 61.2 161.9 103.2 175.6 80
2021000000456394 0.744 4.8 24.3 195.6 116.9 80
2021000000456394 0.738 10.0 9.5 191.5 108.9 80
2021000000456394 0.736 -4.9 6.8 213.9 162.4 80
2021000000456394 0.733 5.6 123.2 222.4 173.9 80
2021000000456394 0.732 8.0 27.5 196.1 117.0 80
2021000000456394 0.729 0.4 165.8 16.0 176.4 80
2021000000456394 0.727 9.1 16.9 128.2 104.6 80
2021000000456394 0.715 138.4 41.5 194.2 113.2 80
2021000000456394 0.714 219.9 6.8 220.1 76.6 80
2021000000456394 0.714 8.8 18.6 109.9 99.6 80
2021000000456394 0.713 30.5 26.2 118.4 87.7 80
2021000000456394 0.713 208.0 131.2 220.0 173.8 80
2021000000456394 0.711 175.3 0.6 205.8 20.9 80
2021000000456394 0.711 15.8 14.9 101.0 84.4 80
2021000000456394 0.710 192.2 126.5 220.9 166.4 80
2021000000456394 0.706 189.6 11.1 220.4 173.0 80
2021000000456394 0.701 1.2 100.3 220.2 175.6 80
2021000000456394 0.701 207.0 22.5 220.2 171.3 80
2021000000456394 0.700 2.4 117.9 221.4 176.8 80
2021000000456394 0.699 95.5 5.3 120.3 22.5 80
2021000000456394 0.697 0.7 6.0 219.7 141.4 80
2021000000456394 0.695 21.6 19.8 116.6 86.9 80
2021000000456394 0.692 1.0 21.5 220.0 180.8 80
2021000000456394 0.690 98.1 20.1 120.0 43.1 80
2021000000456394 0.683 2.0 -4.1 79.2 157.2 80
2021000000456394 0.676 176.9 2.1 192.2 18.7 80
2021000000456394 0.673 205.9 105.5 219.8 168.0 80
2021000000456394 0.671 82.0 0.1 187.6 18.2 80
2021000000456394 0.670 176.3 0.4 204.2 20.5 80
2021000000456394 0.667 190.6 135.4 220.6 172.3 80
2021000000456394 0.661 212.2 130.8 220.2 164.9 80
2021000000456394 0.659 6.2 14.4 194.3 115.7 10
2021000000456394 0.648 -12.8 0.2 204.0 16.7 80
2021000000456394 0.646 206.0 -1.4 220.1 29.8 80
2021000000456394 0.634 1.0 -2.6 76.4 29.2 80
2021000000456394 0.632 86.3 -0.0 205.3 25.2 80
2021000000456394 0.629 89.1 -1.8 207.4 25.6 80
2021000000456394 0.628 1.0 -8.4 23.3 157.7 80
2021000000456394 0.626 -0.8 -1.4 30.3 49.8 80
2021000000456394 0.625 2.4 1.7 57.2 80.1 80
2021000000456394 0.622 -1.7 0.2 25.8 15.6 80
2021000000456394 0.621 1.2 1.0 8.2 158.1 80
2021000000456394 0.614 196.4 0.4 220.4 16.0 80
2021000000456394 0.608 48.9 0.9 88.5 6.5 80
2021000000456394 0.600 120.5 0.7 205.8 21.0 80
2021000000456394 0.599 1.0 -5.1 11.8 168.0 80
2021000000456394 0.597 73.0 1.0 90.0 3.4 80
2021000000456394 0.596 58.5 1.0 83.6 4.1 80
2021000000456394 0.594 74.1 1.0 103.5 1.7 80
2021000000456394 0.581 1.7 1.0 62.3 16.0 80
2021000000456394 0.575 1.0 0.9 19.2 13.6 80
2021000000456394 0.574 48.2 1.0 62.1 6.8 80
2021000000456394 0.573 93.6 0.9 150.0 19.4 80
2021000000456394 0.567 143.4 0.8 204.8 20.7 80
2021000000456394 0.567 203.6 0.7 220.9 8.1 80
2021000000456394 0.563 1.5 2.0 15.3 133.8 80
2021000000456394 0.551 26.7 0.8 64.8 14.9 80
2021000000456394 0.547 -0.3 0.5 61.2 15.9 5
2021000000456394 0.547 1.0 0.6 17.1 108.9 80
2021000000456394 0.546 205.4 135.4 220.2 163.5 80
2021000000456394 0.542 207.9 0.4 220.4 15.3 80
2021000000456394 0.538 27.9 0.8 63.0 14.6 80
2021000000456394 0.525 176.6 0.8 205.1 20.6 80
2021000000456394 0.501 134.5 0.5 202.1 19.4 80
2021000000456394 0.491 1.6 6.6 15.0 112.4 80
2021000000456394 0.474 91.9 0.7 133.3 17.9 80
2021000000456394 0.464 0.5 7.2 14.6 80.0 80
2021000000456394 0.454 90.7 0.7 203.8 21.1 5
2021000000456394 0.397 0.8 7.9 13.5 62.3 5
2021000000456394 0.382 89.9 0.5 146.0 18.7 80
2021000000456394 0.284 0.8 7.9 13.5 62.3 80
2021000000456394 0.283 89.9 0.5 146.0 18.7 5
2021000000456394 0.219 0.5 7.2 14.6 80.0 5
2021000000456394 0.208 91.9 0.7 133.3 17.9 5
2021000000456394 0.207 106.6 66.2 171.0 106.2 80
2021000000456394 0.196 90.7 0.7 203.8 21.1 80
2021000000456394 0.193 88.2 169.8 243.1 176.5 80
2021000000456394 0.192 1.6 6.6 15.0 112.4 5
2021000000456394 0.187 176.6 0.8 205.1 20.6 5
2021000000456394 0.177 207.9 0.4 220.4 15.3 5
2021000000456394 0.164 205.4 135.4 220.2 163.5 18
2021000000456394 0.162 -0.3 0.5 61.2 15.9 17
2021000000456394 0.161 134.5 0.5 202.1 19.4 5
2021000000456394 0.156 27.9 0.8 63.0 14.6 5
2021000000456394 0.152 90.7 0.7 203.8 21.1 17
2021000000456394 0.150 130.9 83.2 183.6 118.5 80
2021000000456394 0.141 143.4 0.8 204.8 20.7 5
2021000000456394 0.140 203.6 0.7 220.9 8.1 5
2021000000456394 0.138 48.2 1.0 62.1 6.8 5
2021000000456394 0.135 -0.3 0.5 61.2 15.9 80
2021000000456394 0.134 1.0 0.9 19.2 13.6 5
2021000000456394 0.132 178.5 59.1 221.0 113.1 80
2021000000456394 0.768 4.8 129.1 117.9 175.7 80
2021000000456394 0.761 9.9 3.5 219.2 99.1 80
2021000000456394 0.759 113.3 116.8 122.7 129.4 80
2021000000456394 0.754 2.9 8.5 201.6 172.6 80
2021000000456394 0.752 6.8 15.9 148.1 101.3 80
2021000000456394 0.751 7.2 115.6 107.5 174.8 80
2021000000456394 0.746 -0.2 82.8 218.8 176.6 80
2021000000456394 0.745 61.2 161.9 103.2 175.6 80
2021000000456394 0.744 4.8 24.3 195.6 116.9 80
2021000000456394 0.738 10.0 9.5 191.5 108.9 80
2021000000456394 0.736 -4.9 6.8 213.9 162.4 80
2021000000456394 0.733 5.6 123.2 222.4 173.9 80
2021000000456394 0.732 8.0 27.5 196.1 117.0 80
2021000000456394 0.729 0.4 165.8 16.0 176.4 80
2021000000456394 0.727 9.1 16.9 128.2 104.6 80
2021000000456394 0.715 138.4 41.5 194.2 113.2 80
2021000000456394 0.714 219.9 6.8 220.1 76.6 80
2021000000456394 0.714 8.8 18.6 109.9 99.6 80
2021000000456394 0.713 30.5 26.2 118.4 87.7 80
2021000000456394 0.713 208.0 131.2 220.0 173.8 80
2021000000456394 0.711 175.3 0.6 205.8 20.9 80
2021000000456394 0.711 15.8 14.9 101.0 84.4 80
2021000000456394 0.710 192.2 126.5 220.9 166.4 80
2021000000456394 0.706 189.6 11.1 220.4 173.0 80
2021000000456394 0.701 1.2 100.3 220.2 175.6 80
2021000000456394 0.701 207.0 22.5 220.2 171.3 80
2021000000456394 0.700 2.4 117.9 221.4 176.8 80
2021000000456394 0.699 95.5 5.3 120.3 22.5 80
2021000000456394 0.697 0.7 6.0 219.7 141.4 80
2021000000456394 0.695 21.6 19.8 116.6 86.9 80
2021000000456394 0.692 1.0 21.5 220.0 180.8 80
2021000000456394 0.690 98.1 20.1 120.0 43.1 80
2021000000456394 0.683 2.0 -4.1 79.2 157.2 80
2021000000456394 0.676 176.9 2.1 192.2 18.7 80
2021000000456394 0.673 205.9 105.5 219.8 168.0 80
2021000000456394 0.671 82.0 0.1 187.6 18.2 80
2021000000456394 0.670 176.3 0.4 204.2 20.5 80
2021000000456394 0.667 190.6 135.4 220.6 172.3 80
2021000000456394 0.661 212.2 130.8 220.2 164.9 80
2021000000456394 0.659 6.2 14.4 194.3 115.7 10
2021000000456394 0.648 -12.8 0.2 204.0 16.7 80
2021000000456394 0.646 206.0 -1.4 220.1 29.8 80
2021000000456394 0.634 1.0 -2.6 76.4 29.2 80
2021000000456394 0.632 86.3 -0.0 205.3 25.2 80
2021000000456394 0.629 89.1 -1.8 207.4 25.6 80
2021000000456394 0.628 1.0 -8.4 23.3 157.7 80
2021000000456394 0.626 -0.8 -1.4 30.3 49.8 80
2021000000456394 0.625 2.4 1.7 57.2 80.1 80
2021000000456394 0.622 -1.7 0.2 25.8 15.6 80
2021000000456394 0.621 1.2 1.0 8.2 158.1 80
2021000000456394 0.614 196.4 0.4 220.4 16.0 80
2021000000456394 0.608 48.9 0.9 88.5 6.5 80
2021000000456394 0.600 120.5 0.7 205.8 21.0 80
2021000000456394 0.599 1.0 -5.1 11.8 168.0 80
2021000000456394 0.597 73.0 1.0 90.0 3.4 80
2021000000456394 0.596 58.5 1.0 83.6 4.1 80
2021000000456394 0.594 74.1 1.0 103.5 1.7 80
2021000000456394 0.581 1.7 1.0 62.3 16.0 80
2021000000456394 0.575 1.0 0.9 19.2 13.6 80
2021000000456394 0.574 48.2 1.0 62.1 6.8 80
2021000000456394 0.573 93.6 0.9 150.0 19.4 80
2021000000456394 0.567 143.4 0.8 204.8 20.7 80
2021000000456394 0.567 203.6 0.7 220.9 8.1 80
2021000000456394 0.563 1.5 2.0 15.3 133.8 80
2021000000456394 0.551 26.7 0.8 64.8 14.9 80
2021000000456394 0.547 -0.3 0.5 61.2 15.9 5
2021000000456394 0.547 1.0 0.6 17.1 108.9 80
2021000000456394 0.546 205.4 135.4 220.2 163.5 80
2021000000456394 0.542 207.9 0.4 220.4 15.3 80
2021000000456394 0.538 27.9 0.8 63.0 14.6 80
2021000000456394 0.525 176.6 0.8 205.1 20.6 80
2021000000456394 0.501 134.5 0.5 202.1 19.4 80
2021000000456394 0.491 1.6 6.6 15.0 112.4 80
2021000000456394 0.474 91.9 0.7 133.3 17.9 80
2021000000456394 0.464 0.5 7.2 14.6 80.0 80
2021000000456394 0.454 90.7 0.7 203.8 21.1 5
2021000000456394 0.397 0.8 7.9 13.5 62.3 5
2021000000456394 0.382 89.9 0.5 146.0 18.7 80
2021000000456394 0.284 0.8 7.9 13.5 62.3 80
2021000000456394 0.283 89.9 0.5 146.0 18.7 5
2021000000456394 0.219 0.5 7.2 14.6 80.0 5
2021000000456394 0.208 91.9 0.7 133.3 17.9 5
2021000000456394 0.207 106.6 66.2 171.0 106.2 80
2021000000456394 0.196 90.7 0.7 203.8 21.1 80
2021000000456394 0.193 88.2 169.8 243.1 176.5 80
2021000000456394 0.192 1.6 6.6 15.0 112.4 5
2021000000456394 0.187 176.6 0.8 205.1 20.6 5
2021000000456394 0.177 207.9 0.4 220.4 15.3 5
2021000000456394 0.164 205.4 135.4 220.2 163.5 18
2021000000456394 0.162 -0.3 0.5 61.2 15.9 17
2021000000456394 0.161 134.5 0.5 202.1 19.4 5
2021000000456394 0.156 27.9 0.8 63.0 14.6 5
2021000000456394 0.152 90.7 0.7 203.8 21.1 17
2021000000456394 0.150 130.9 83.2 183.6 118.5 80
2021000000456394 0.141 143.4 0.8 204.8 20.7 5
2021000000456394 0.140 203.6 0.7 220.9 8.1 5
2021000000456394 0.138 48.2 1.0 62.1 6.8 5
2021000000456394 0.135 -0.3 0.5 61.2 15.9 80
2021000000456394 0.134 1.0 0.9 19.2 13.6 5
2021000000456394 0.132 178.5 59.1 221.0 113.1 80
