2021000000017182 0.794 596.0 381.0 640.4 426.8 80
2021000000017182 0.776 5.8 15.1 638.7 425.4 80
2021000000017182 0.775 565.5 267.1 641.8 418.9 80
2021000000017182 0.765 265.1 74.4 317.2 135.5 80
2021000000017182 0.760 375.1 174.1 465.9 216.7 80
2021000000017182 0.757 199.1 217.2 227.3 231.8 80
2021000000017182 0.753 173.0 230.3 207.7 241.1 80
2021000000017182 0.753 359.3 174.4 462.1 216.6 80
2021000000017182 0.751 568.5 258.3 642.0 401.0 80
2021000000017182 0.749 94.3 231.6 104.6 247.1 80
2021000000017182 0.745 638.2 245.2 640.1 382.0 80
2021000000017182 0.738 638.6 190.0 640.0 292.9 80
2021000000017182 0.738 169.2 227.3 196.5 238.9 80
2021000000017182 0.737 164.3 227.2 192.5 240.4 80
2021000000017182 0.723 637.4 133.1 640.3 385.8 80
2021000000017182 0.721 173.1 227.2 232.5 241.4 80
2021000000017182 0.693 0.9 196.7 1.9 352.8 80
2021000000017182 0.691 500.6 48.0 507.6 65.9 80
2021000000017182 0.674 176.3 229.3 210.7 239.8 80
2021000000017182 0.661 500.1 49.1 506.6 66.6 80
2021000000017182 0.638 499.8 49.1 506.4 65.4 80
2021000000017182 0.582 505.4 37.7 532.1 65.3 80
2021000000017182 0.557 505.6 39.1 532.4 65.5 80
2021000000017182 0.161 539.2 162.0 661.9 353.3 80
2021000000017182 0.145 505.6 39.1 532.4 65.5 18
2021000000017182 0.136 505.4 37.7 532.1 65.3 18
2021000000017182 0.128 499.8 18.0 612.2 46.8 80
2021000000017182 0.116 -28.4 405.2 50.1 428.8 80
2021000000017182 0.114 279.8 6.9 397.1 18.8 80
2021000000017182 0.109 154.6 113.9 241.9 164.7 80
2021000000017182 0.107 347.4 154.2 431.5 201.7 80
2021000000017182 0.105 407.8 417.5 555.9 429.9 80
2021000000017182 0.105 318.6 198.1 407.8 250.1 80
2021000000017182 0.105 212.1 201.6 301.8 254.1 80
2021000000017182 0.104 499.8 49.1 506.4 65.4 18
2021000000017182 0.103 41.4 179.3 124.8 227.6 80
2021000000017182 0.102 256.4 212.1 346.6 266.0 80
2021000000017182 0.101 496.5 205.5 582.8 260.4 80
2021000000017182 0.100 291.7 240.0 385.1 297.3 80
2021000000017182 0.100 343.7 244.9 436.8 301.1 80
2021000000017182 0.099 414.5 226.8 509.5 290.6 80
2021000000017182 0.099 449.2 211.9 547.3 281.3 80
2021000000017182 0.098 237.0 251.4 328.4 307.3 80
2021000000017182 0.096 570.0 160.9 656.1 231.2 80
2021000000017182 0.096 102.0 199.6 192.8 259.0 80
2021000000017182 0.096 -13.3 411.9 167.0 428.9 80
2021000000017182 0.094 531.8 171.4 628.8 259.9 80
2021000000017182 0.093 385.5 251.9 476.9 311.6 80
2021000000017182 0.093 268.4 280.8 364.2 342.8 80
2021000000017182 0.093 85.2 157.6 171.8 214.1 80
2021000000017182 0.092 -22.5 214.8 60.3 279.4 80
2021000000017182 0.091 83.1 271.2 187.3 348.7 80
2021000000017182 0.091 505.2 148.9 628.5 367.2 80
2021000000017182 0.090 315.3 284.1 417.1 354.7 80
2021000000017182 0.089 91.5 406.1 250.1 428.1 80
2021000000017182 0.089 466.8 234.7 576.3 341.8 80
2021000000017182 0.088 176.3 229.3 210.7 239.8 5
2021000000017182 0.088 427.3 257.8 541.5 356.4 80
2021000000017182 0.087 212.5 287.9 321.7 370.2 80
2021000000017182 0.086 15.7 221.4 107.5 297.8 80
2021000000017182 0.086 349.6 281.4 463.3 372.3 80
2021000000017182 0.084 -10.1 248.3 89.8 356.4 80
2021000000017182 0.084 174.7 396.7 320.2 426.4 80
2021000000017182 0.082 -20.5 377.4 74.5 414.4 80
2021000000017182 0.080 152.6 392.5 258.1 429.0 80
2021000000017182 0.079 32.8 235.7 145.0 384.4 80
2021000000017182 0.079 163.4 285.9 469.7 441.2 80
2021000000017182 0.078 39.0 381.2 145.1 420.3 80
2021000000017182 0.077 79.1 377.3 183.9 417.5 80
2021000000017182 0.077 248.5 0.9 323.9 2.1 80
2021000000017182 0.077 285.2 373.5 389.5 414.4 80
2021000000017182 0.076 -2.6 362.3 110.8 406.1 80
2021000000017182 0.076 463.6 152.0 627.3 452.0 80
2021000000017182 0.075 -1.0 1.2 73.7 2.1 80
2021000000017182 0.075 374.4 245.5 514.4 414.4 80
2021000000017182 0.074 155.9 264.9 287.5 420.9 80
2021000000017182 0.073 241.6 349.5 346.3 394.3 80
2021000000017182 0.073 385.9 347.2 488.9 393.6 80
2021000000017182 0.071 410.0 252.5 585.3 440.7 80
2021000000017182 0.070 507.6 9.7 668.3 53.7 80
2021000000017182 0.069 447.3 1.1 512.8 1.7 80
2021000000017182 0.069 -50.0 8.2 155.0 51.6 80
2021000000017182 0.069 464.7 10.7 527.2 47.7 80
2021000000017182 0.069 19.3 8.5 240.5 51.6 80
2021000000017182 0.069 236.2 6.7 438.1 49.7 80
2021000000017182 0.068 -9.7 10.8 191.9 53.9 80
2021000000017182 0.068 -37.2 9.6 84.0 52.0 80
2021000000017182 0.068 199.3 7.7 388.5 49.5 80
2021000000017182 0.068 351.0 3.3 437.3 43.4 80
2021000000017182 0.068 82.8 7.3 257.0 49.2 80
2021000000017182 0.068 131.4 5.5 303.5 46.5 80
2021000000017182 0.067 -33.4 34.3 54.5 76.8 80
2021000000017182 0.067 500.1 49.1 506.6 66.6 18
2021000000017182 0.067 174.5 4.2 347.6 44.7 80
2021000000017182 0.067 573.1 19.0 650.9 58.1 80
2021000000017182 0.066 383.2 0.8 445.8 1.3 80
2021000000017182 0.065 323.5 5.8 405.5 41.0 80
2021000000017182 0.064 -3.9 19.4 72.2 53.4 80
2021000000017182 0.063 264.3 8.5 339.5 38.4 80
2021000000017182 0.062 30.5 7.8 102.4 34.0 80
2021000000017182 0.794 596.0 381.0 640.4 426.8 80
2021000000017182 0.776 5.8 15.1 638.7 425.4 80
2021000000017182 0.775 565.5 267.1 641.8 418.9 80
2021000000017182 0.765 265.1 74.4 317.2 135.5 80
2021000000017182 0.760 375.1 174.1 465.9 216.7 80
2021000000017182 0.757 199.1 217.2 227.3 231.8 80
2021000000017182 0.753 173.0 230.3 207.7 241.1 80
2021000000017182 0.753 359.3 174.4 462.1 216.6 80
2021000000017182 0.751 568.5 258.3 642.0 401.0 80
2021000000017182 0.749 94.3 231.6 104.6 247.1 80
2021000000017182 0.745 638.2 245.2 640.1 382.0 80
2021000000017182 0.738 638.6 190.0 640.0 292.9 80
2021000000017182 0.738 169.2 227.3 196.5 238.9 80
2021000000017182 0.737 164.3 227.2 192.5 240.4 80
2021000000017182 0.723 637.4 133.1 640.3 385.8 80
2021000000017182 0.721 173.1 227.2 232.5 241.4 80
2021000000017182 0.693 0.9 196.7 1.9 352.8 80
2021000000017182 0.691 500.6 48.0 507.6 65.9 80
2021000000017182 0.674 176.3 229.3 210.7 239.8 80
2021000000017182 0.661 500.1 49.1 506.6 66.6 80
2021000000017182 0.638 499.8 49.1 506.4 65.4 80
2021000000017182 0.582 505.4 37.7 532.1 65.3 80
2021000000017182 0.557 505.6 39.1 532.4 65.5 80
2021000000017182 0.161 539.2 162.0 661.9 353.3 80
2021000000017182 0.145 505.6 39.1 532.4 65.5 18
2021000000017182 0.136 505.4 37.7 532.1 65.3 18
2021000000017182 0.128 499.8 18.0 612.2 46.8 80
2021000000017182 0.116 -28.4 405.2 50.1 428.8 80
2021000000017182 0.114 279.8 6.9 397.1 18.8 80
2021000000017182 0.109 154.6 113.9 241.9 164.7 80
2021000000017182 0.107 347.4 154.2 431.5 201.7 80
2021000000017182 0.105 407.8 417.5 555.9 429.9 80
2021000000017182 0.105 318.6 198.1 407.8 250.1 80
2021000000017182 0.105 212.1 201.6 301.8 254.1 80
2021000000017182 0.104 499.8 49.1 506.4 65.4 18
2021000000017182 0.103 41.4 179.3 124.8 227.6 80
2021000000017182 0.102 256.4 212.1 346.6 266.0 80
2021000000017182 0.101 496.5 205.5 582.8 260.4 80
2021000000017182 0.100 291.7 240.0 385.1 297.3 80
2021000000017182 0.100 343.7 244.9 436.8 301.1 80
2021000000017182 0.099 414.5 226.8 509.5 290.6 80
2021000000017182 0.099 449.2 211.9 547.3 281.3 80
2021000000017182 0.098 237.0 251.4 328.4 307.3 80
2021000000017182 0.096 570.0 160.9 656.1 231.2 80
2021000000017182 0.096 102.0 199.6 192.8 259.0 80
2021000000017182 0.096 -13.3 411.9 167.0 428.9 80
2021000000017182 0.094 531.8 171.4 628.8 259.9 80
2021000000017182 0.093 385.5 251.9 476.9 311.6 80
2021000000017182 0.093 268.4 280.8 364.2 342.8 80
2021000000017182 0.093 85.2 157.6 171.8 214.1 80
2021000000017182 0.092 -22.5 214.8 60.3 279.4 80
2021000000017182 0.091 83.1 271.2 187.3 348.7 80
2021000000017182 0.091 505.2 148.9 628.5 367.2 80
2021000000017182 0.090 315.3 284.1 417.1 354.7 80
2021000000017182 0.089 91.5 406.1 250.1 428.1 80
2021000000017182 0.089 466.8 234.7 576.3 341.8 80
2021000000017182 0.088 176.3 229.3 210.7 239.8 5
2021000000017182 0.088 427.3 257.8 541.5 356.4 80
2021000000017182 0.087 212.5 287.9 321.7 370.2 80
2021000000017182 0.086 15.7 221.4 107.5 297.8 80
2021000000017182 0.086 349.6 281.4 463.3 372.3 80
2021000000017182 0.084 -10.1 248.3 89.8 356.4 80
2021000000017182 0.084 174.7 396.7 320.2 426.4 80
2021000000017182 0.082 -20.5 377.4 74.5 414.4 80
2021000000017182 0.080 152.6 392.5 258.1 429.0 80
2021000000017182 0.079 32.8 235.7 145.0 384.4 80
2021000000017182 0.079 163.4 285.9 469.7 441.2 80
2021000000017182 0.078 39.0 381.2 145.1 420.3 80
2021000000017182 0.077 79.1 377.3 183.9 417.5 80
2021000000017182 0.077 248.5 0.9 323.9 2.1 80
2021000000017182 0.077 285.2 373.5 389.5 414.4 80
2021000000017182 0.076 -2.6 362.3 110.8 406.1 80
2021000000017182 0.076 463.6 152.0 627.3 452.0 80
2021000000017182 0.075 -1.0 1.2 73.7 2.1 80
2021000000017182 0.075 374.4 245.5 514.4 414.4 80
2021000000017182 0.074 155.9 264.9 287.5 420.9 80
2021000000017182 0.073 241.6 349.5 346.3 394.3 80
2021000000017182 0.073 385.9 347.2 488.9 393.6 80
2021000000017182 0.071 410.0 252.5 585.3 440.7 80
2021000000017182 0.070 507.6 9.7 668.3 53.7 80
2021000000017182 0.069 447.3 1.1 512.8 1.7 80
2021000000017182 0.069 -50.0 8.2 155.0 51.6 80
2021000000017182 0.069 464.7 10.7 527.2 47.7 80
2021000000017182 0.069 19.3 8.5 240.5 51.6 80
2021000000017182 0.069 236.2 6.7 438.1 49.7 80
2021000000017182 0.068 -9.7 10.8 191.9 53.9 80
2021000000017182 0.068 -37.2 9.6 84.0 52.0 80
2021000000017182 0.068 199.3 7.7 388.5 49.5 80
2021000000017182 0.068 351.0 3.3 437.3 43.4 80
2021000000017182 0.068 82.8 7.3 257.0 49.2 80
2021000000017182 0.068 131.4 5.5 303.5 46.5 80
2021000000017182 0.067 -33.4 34.3 54.5 76.8 80
2021000000017182 0.067 500.1 49.1 506.6 66.6 18
2021000000017182 0.067 174.5 4.2 347.6 44.7 80
2021000000017182 0.067 573.1 19.0 650.9 58.1 80
2021000000017182 0.066 383.2 0.8 445.8 1.3 80
2021000000017182 0.065 323.5 5.8 405.5 41.0 80
2021000000017182 0.064 -3.9 19.4 72.2 53.4 80
2021000000017182 0.063 264.3 8.5 339.5 38.4 80
2021000000017182 0.062 30.5 7.8 102.4 34.0 80
