2021000000122217 0.769 388.2 593.1 434.8 639.1 80
2021000000122217 0.768 12.9 101.8 417.2 448.4 80
2021000000122217 0.757 2.9 247.6 426.2 610.7 80
2021000000122217 0.756 346.2 403.3 428.4 612.6 80
2021000000122217 0.753 345.7 400.7 429.1 616.6 80
2021000000122217 0.748 143.9 3.6 208.3 59.8 80
2021000000122217 0.744 346.8 393.9 425.7 585.3 80
2021000000122217 0.744 162.2 315.8 224.5 385.6 80
2021000000122217 0.739 84.9 277.0 140.2 375.2 18
2021000000122217 0.739 424.1 397.7 425.3 561.0 80
2021000000122217 0.738 96.3 258.8 134.6 312.5 80
2021000000122217 0.738 349.4 360.0 426.5 592.2 80
2021000000122217 0.737 93.7 266.2 148.0 371.5 80
2021000000122217 0.733 270.0 180.4 324.4 191.6 80
2021000000122217 0.730 162.7 301.5 219.8 375.8 80
2021000000122217 0.730 424.3 277.7 425.3 365.5 80
2021000000122217 0.729 85.9 277.3 139.2 365.4 80
2021000000122217 0.724 81.1 287.7 109.5 341.7 80
2021000000122217 0.722 168.9 297.6 198.5 343.2 80
2021000000122217 0.720 168.3 297.7 217.6 356.2 80
2021000000122217 0.717 161.7 293.9 226.8 372.3 18
2021000000122217 0.716 421.7 88.4 425.1 205.8 80
2021000000122217 0.703 211.7 1.9 277.2 52.2 80
2021000000122217 0.703 160.3 300.3 223.5 376.9 80
2021000000122217 0.693 216.1 2.5 261.2 25.8 80
2021000000122217 0.677 176.1 293.8 192.7 308.6 80
2021000000122217 0.658 309.5 0.9 400.5 5.0 80
2021000000122217 0.658 258.5 0.9 316.3 8.6 80
2021000000122217 0.646 305.5 0.9 348.1 3.2 80
2021000000122217 0.543 262.8 0.8 321.0 8.5 80
2021000000122217 0.479 212.7 -1.4 274.0 46.8 80
2021000000122217 0.365 213.6 -0.6 275.5 49.1 5
2021000000122217 0.275 213.6 -0.6 275.5 49.1 80
2021000000122217 0.185 212.7 -1.4 274.0 46.8 5
2021000000122217 0.150 262.8 0.8 321.0 8.5 5
2021000000122217 0.135 232.9 44.9 314.7 89.3 80
2021000000122217 0.126 206.5 38.3 283.0 72.4 80
2021000000122217 0.122 212.7 -1.4 274.0 46.8 17
2021000000122217 0.122 213.6 -0.6 275.5 49.1 17
2021000000122217 0.116 -14.4 25.5 63.4 58.4 80
2021000000122217 0.105 226.4 363.2 289.8 445.7 80
2021000000122217 0.105 377.9 369.5 443.3 529.6 80
2021000000122217 0.103 108.5 -0.1 179.0 8.4 80
2021000000122217 0.103 124.9 240.3 178.3 309.9 80
2021000000122217 0.102 336.3 327.5 413.6 499.2 80
2021000000122217 0.100 380.0 248.2 434.3 329.1 80
2021000000122217 0.096 131.7 383.5 190.3 463.5 80
2021000000122217 0.096 208.9 432.7 273.6 521.4 80
2021000000122217 0.095 57.8 237.7 113.4 315.9 80
2021000000122217 0.095 253.7 372.4 318.8 467.0 80
2021000000122217 0.095 367.3 334.1 430.3 447.7 80
2021000000122217 0.094 27.6 265.0 83.5 345.6 80
2021000000122217 0.093 233.7 440.3 303.3 536.1 80
2021000000122217 0.093 310.8 374.1 381.7 501.5 80
2021000000122217 0.093 277.0 344.0 339.1 437.3 80
2021000000122217 0.092 43.0 334.3 102.7 424.9 80
2021000000122217 0.092 59.6 417.1 121.0 508.9 80
2021000000122217 0.092 146.0 450.0 206.0 531.6 80
2021000000122217 0.092 355.0 271.2 415.7 372.6 80
2021000000122217 0.092 286.2 407.4 357.4 521.1 80
2021000000122217 0.092 78.9 0.3 140.5 4.2 80
2021000000122217 0.091 328.6 302.1 389.5 402.5 80
2021000000122217 0.091 -13.3 325.6 39.1 408.9 80
2021000000122217 0.090 300.6 324.5 363.3 426.6 80
2021000000122217 0.090 116.4 466.5 182.9 563.5 80
2021000000122217 0.087 11.0 332.4 71.3 441.5 80
2021000000122217 0.087 268.9 1.5 328.1 5.1 80
2021000000122217 0.086 263.0 440.8 335.9 559.3 80
2021000000122217 0.085 -4.0 391.2 57.8 517.8 80
2021000000122217 0.084 26.4 404.4 92.1 533.6 80
2021000000122217 0.082 -19.1 560.9 59.0 620.9 80
2021000000122217 0.076 245.1 555.8 322.7 621.3 80
2021000000122217 0.075 147.5 554.1 232.6 616.5 80
2021000000122217 0.074 53.5 553.2 133.5 617.1 80
2021000000122217 0.074 -0.8 519.7 76.8 589.6 80
2021000000122217 0.073 125.7 507.7 345.3 648.0 80
2021000000122217 0.073 31.2 532.2 110.7 599.3 80
2021000000122217 0.073 30.5 424.0 169.1 662.4 80
2021000000122217 0.073 201.3 523.4 280.6 591.5 80
2021000000122217 0.073 348.3 10.8 405.8 68.9 80
2021000000122217 0.072 -17.5 507.9 36.8 577.9 80
2021000000122217 0.072 -20.6 286.2 43.1 680.4 80
2021000000122217 0.072 274.3 383.6 389.3 661.4 80
2021000000122217 0.071 108.1 471.2 262.5 650.9 80
2021000000122217 0.071 119.2 532.0 188.3 599.3 80
2021000000122217 0.071 347.6 1.0 392.9 2.3 80
2021000000122217 0.071 296.5 1.2 341.5 2.4 80
2021000000122217 0.069 319.5 1.1 363.3 2.4 80
2021000000122217 0.067 -20.0 51.7 32.8 118.2 80
2021000000122217 0.067 -15.5 11.6 44.5 74.0 80
2021000000122217 0.067 36.1 6.8 133.1 67.2 80
2021000000122217 0.067 -9.6 5.3 77.8 65.7 80
2021000000122217 0.067 231.1 8.1 273.2 44.2 80
2021000000122217 0.066 21.7 7.3 95.9 66.0 80
2021000000122217 0.066 77.4 3.8 135.8 58.9 80
2021000000122217 0.066 326.3 12.1 380.8 59.7 80
2021000000122217 0.064 280.8 17.8 325.9 60.9 80
2021000000122217 0.063 -1.3 19.6 42.9 64.2 80
2021000000122217 0.062 211.7 1.9 277.2 52.2 17
2021000000122217 0.062 176.1 293.8 192.7 308.6 18
2021000000122217 0.769 388.2 593.1 434.8 639.1 80
2021000000122217 0.768 12.9 101.8 417.2 448.4 80
2021000000122217 0.757 2.9 247.6 426.2 610.7 80
2021000000122217 0.756 346.2 403.3 428.4 612.6 80
2021000000122217 0.753 345.7 400.7 429.1 616.6 80
2021000000122217 0.748 143.9 3.6 208.3 59.8 80
2021000000122217 0.744 346.8 393.9 425.7 585.3 80
2021000000122217 0.744 162.2 315.8 224.5 385.6 80
2021000000122217 0.739 84.9 277.0 140.2 375.2 18
2021000000122217 0.739 424.1 397.7 425.3 561.0 80
2021000000122217 0.738 96.3 258.8 134.6 312.5 80
2021000000122217 0.738 349.4 360.0 426.5 592.2 80
2021000000122217 0.737 93.7 266.2 148.0 371.5 80
2021000000122217 0.733 270.0 180.4 324.4 191.6 80
2021000000122217 0.730 162.7 301.5 219.8 375.8 80
2021000000122217 0.730 424.3 277.7 425.3 365.5 80
2021000000122217 0.729 85.9 277.3 139.2 365.4 80
2021000000122217 0.724 81.1 287.7 109.5 341.7 80
2021000000122217 0.722 168.9 297.6 198.5 343.2 80
2021000000122217 0.720 168.3 297.7 217.6 356.2 80
2021000000122217 0.717 161.7 293.9 226.8 372.3 18
2021000000122217 0.716 421.7 88.4 425.1 205.8 80
2021000000122217 0.703 211.7 1.9 277.2 52.2 80
2021000000122217 0.703 160.3 300.3 223.5 376.9 80
2021000000122217 0.693 216.1 2.5 261.2 25.8 80
2021000000122217 0.677 176.1 293.8 192.7 308.6 80
2021000000122217 0.658 309.5 0.9 400.5 5.0 80
2021000000122217 0.658 258.5 0.9 316.3 8.6 80
2021000000122217 0.646 305.5 0.9 348.1 3.2 80
2021000000122217 0.543 262.8 0.8 321.0 8.5 80
2021000000122217 0.479 212.7 -1.4 274.0 46.8 80
2021000000122217 0.365 213.6 -0.6 275.5 49.1 5
2021000000122217 0.275 213.6 -0.6 275.5 49.1 80
2021000000122217 0.185 212.7 -1.4 274.0 46.8 5
2021000000122217 0.150 262.8 0.8 321.0 8.5 5
2021000000122217 0.135 232.9 44.9 314.7 89.3 80
2021000000122217 0.126 206.5 38.3 283.0 72.4 80
2021000000122217 0.122 212.7 -1.4 274.0 46.8 17
2021000000122217 0.122 213.6 -0.6 275.5 49.1 17
2021000000122217 0.116 -14.4 25.5 63.4 58.4 80
2021000000122217 0.105 226.4 363.2 289.8 445.7 80
2021000000122217 0.105 377.9 369.5 443.3 529.6 80
2021000000122217 0.103 108.5 -0.1 179.0 8.4 80
2021000000122217 0.103 124.9 240.3 178.3 309.9 80
2021000000122217 0.102 336.3 327.5 413.6 499.2 80
2021000000122217 0.100 380.0 248.2 434.3 329.1 80
2021000000122217 0.096 131.7 383.5 190.3 463.5 80
2021000000122217 0.096 208.9 432.7 273.6 521.4 80
2021000000122217 0.095 57.8 237.7 113.4 315.9 80
2021000000122217 0.095 253.7 372.4 318.8 467.0 80
2021000000122217 0.095 367.3 334.1 430.3 447.7 80
2021000000122217 0.094 27.6 265.0 83.5 345.6 80
2021000000122217 0.093 233.7 440.3 303.3 536.1 80
2021000000122217 0.093 310.8 374.1 381.7 501.5 80
2021000000122217 0.093 277.0 344.0 339.1 437.3 80
2021000000122217 0.092 43.0 334.3 102.7 424.9 80
2021000000122217 0.092 59.6 417.1 121.0 508.9 80
2021000000122217 0.092 146.0 450.0 206.0 531.6 80
2021000000122217 0.092 355.0 271.2 415.7 372.6 80
2021000000122217 0.092 286.2 407.4 357.4 521.1 80
2021000000122217 0.092 78.9 0.3 140.5 4.2 80
2021000000122217 0.091 328.6 302.1 389.5 402.5 80
2021000000122217 0.091 -13.3 325.6 39.1 408.9 80
2021000000122217 0.090 300.6 324.5 363.3 426.6 80
2021000000122217 0.090 116.4 466.5 182.9 563.5 80
2021000000122217 0.087 11.0 332.4 71.3 441.5 80
2021000000122217 0.087 268.9 1.5 328.1 5.1 80
2021000000122217 0.086 263.0 440.8 335.9 559.3 80
2021000000122217 0.085 -4.0 391.2 57.8 517.8 80
2021000000122217 0.084 26.4 404.4 92.1 533.6 80
2021000000122217 0.082 -19.1 560.9 59.0 620.9 80
2021000000122217 0.076 245.1 555.8 322.7 621.3 80
2021000000122217 0.075 147.5 554.1 232.6 616.5 80
2021000000122217 0.074 53.5 553.2 133.5 617.1 80
2021000000122217 0.074 -0.8 519.7 76.8 589.6 80
2021000000122217 0.073 125.7 507.7 345.3 648.0 80
2021000000122217 0.073 31.2 532.2 110.7 599.3 80
2021000000122217 0.073 30.5 424.0 169.1 662.4 80
2021000000122217 0.073 201.3 523.4 280.6 591.5 80
2021000000122217 0.073 348.3 10.8 405.8 68.9 80
2021000000122217 0.072 -17.5 507.9 36.8 577.9 80
2021000000122217 0.072 -20.6 286.2 43.1 680.4 80
2021000000122217 0.072 274.3 383.6 389.3 661.4 80
2021000000122217 0.071 108.1 471.2 262.5 650.9 80
2021000000122217 0.071 119.2 532.0 188.3 599.3 80
2021000000122217 0.071 347.6 1.0 392.9 2.3 80
2021000000122217 0.071 296.5 1.2 341.5 2.4 80
2021000000122217 0.069 319.5 1.1 363.3 2.4 80
2021000000122217 0.067 -20.0 51.7 32.8 118.2 80
2021000000122217 0.067 -15.5 11.6 44.5 74.0 80
2021000000122217 0.067 36.1 6.8 133.1 67.2 80
2021000000122217 0.067 -9.6 5.3 77.8 65.7 80
2021000000122217 0.067 231.1 8.1 273.2 44.2 80
2021000000122217 0.066 21.7 7.3 95.9 66.0 80
2021000000122217 0.066 77.4 3.8 135.8 58.9 80
2021000000122217 0.066 326.3 12.1 380.8 59.7 80
2021000000122217 0.064 280.8 17.8 325.9 60.9 80
2021000000122217 0.063 -1.3 19.6 42.9 64.2 80
2021000000122217 0.062 211.7 1.9 277.2 52.2 17
2021000000122217 0.062 176.1 293.8 192.7 308.6 18
