2021000000084241 0.782 609.3 340.6 639.3 392.4 80
2021000000084241 0.768 42.8 35.4 598.3 306.1 80
2021000000084241 0.767 33.4 4.9 223.7 311.1 18
2021000000084241 0.767 38.7 85.4 217.0 308.7 80
2021000000084241 0.766 312.6 278.7 447.0 361.4 80
2021000000084241 0.765 273.2 36.1 449.5 139.4 80
2021000000084241 0.764 409.7 40.7 425.4 50.2 80
2021000000084241 0.759 475.1 62.5 487.2 96.2 80
2021000000084241 0.757 340.4 285.0 442.9 365.2 80
2021000000084241 0.756 212.0 290.0 291.3 335.1 80
2021000000084241 0.756 183.2 32.2 268.6 187.4 80
2021000000084241 0.754 519.4 258.0 568.9 283.8 80
2021000000084241 0.754 37.0 1.0 226.8 310.7 80
2021000000084241 0.754 50.0 27.0 302.4 291.5 80
2021000000084241 0.754 265.3 48.9 410.4 285.8 80
2021000000084241 0.753 210.7 123.7 278.6 277.3 80
2021000000084241 0.753 612.2 79.3 629.7 100.9 80
2021000000084241 0.753 265.5 33.1 421.2 286.6 18
2021000000084241 0.752 284.5 94.9 316.9 131.4 80
2021000000084241 0.752 214.0 288.4 305.5 333.8 80
2021000000084241 0.751 199.0 98.2 284.6 305.2 80
2021000000084241 0.751 482.9 251.0 565.9 280.8 80
2021000000084241 0.747 202.9 15.4 281.8 161.3 80
2021000000084241 0.745 192.6 46.2 279.8 293.0 80
2021000000084241 0.745 396.9 35.1 409.4 46.6 80
2021000000084241 0.743 636.6 212.7 640.2 390.5 80
2021000000084241 0.740 271.8 41.7 377.0 143.9 80
2021000000084241 0.738 208.9 29.4 287.6 167.7 80
2021000000084241 0.731 638.9 122.8 640.0 165.5 80
2021000000084241 0.726 634.5 48.0 640.5 386.2 80
2021000000084241 0.726 518.5 257.9 566.6 285.0 80
2021000000084241 0.718 284.9 2.5 321.2 40.8 80
2021000000084241 0.714 192.8 22.3 288.0 295.8 18
2021000000084241 0.712 638.5 63.5 640.0 78.5 80
2021000000084241 0.711 12.2 374.4 134.2 397.5 80
2021000000084241 0.704 0.4 81.4 6.6 245.7 80
2021000000084241 0.704 31.1 150.9 41.0 185.7 80
2021000000084241 0.695 6.7 371.6 116.8 397.3 80
2021000000084241 0.694 303.5 32.9 428.7 131.3 80
2021000000084241 0.690 0.7 32.8 7.9 81.7 80
2021000000084241 0.689 0.3 132.6 12.1 174.9 80
2021000000084241 0.616 367.1 38.5 431.3 130.7 80
2021000000084241 0.129 503.8 100.6 662.4 431.2 80
2021000000084241 0.123 325.3 212.2 438.8 278.2 80
2021000000084241 0.121 250.2 190.2 346.9 240.8 80
2021000000084241 0.119 104.2 216.8 217.7 284.5 80
2021000000084241 0.118 42.5 175.4 174.8 277.9 80
2021000000084241 0.117 367.1 38.5 431.3 130.7 18
2021000000084241 0.115 125.4 146.0 233.4 208.2 80
2021000000084241 0.115 300.0 253.7 412.9 324.8 80
2021000000084241 0.114 501.5 6.5 618.1 20.4 80
2021000000084241 0.110 52.5 0.3 165.4 9.2 80
2021000000084241 0.109 134.3 247.1 249.8 316.9 80
2021000000084241 0.106 103.9 101.6 201.5 158.4 80
2021000000084241 0.102 373.2 219.6 482.0 290.6 80
2021000000084241 0.100 373.9 1.5 467.3 5.9 80
2021000000084241 0.098 411.3 208.2 511.3 271.5 80
2021000000084241 0.098 265.6 257.9 361.6 314.9 80
2021000000084241 0.097 -18.4 371.7 66.4 392.2 80
2021000000084241 0.097 350.5 267.0 453.8 333.0 80
2021000000084241 0.096 534.0 165.5 625.6 233.6 80
2021000000084241 0.096 174.6 287.3 268.2 342.6 80
2021000000084241 0.095 551.4 192.6 650.6 291.3 80
2021000000084241 0.095 495.5 190.2 583.6 248.6 80
2021000000084241 0.094 16.6 211.6 103.6 266.3 80
2021000000084241 0.094 451.7 200.7 545.0 262.7 80
2021000000084241 0.089 274.9 286.8 391.7 367.1 80
2021000000084241 0.089 -16.1 109.7 94.8 408.8 80
2021000000084241 0.089 432.0 249.8 535.3 322.7 80
2021000000084241 0.088 -17.7 41.5 41.5 80.1 80
2021000000084241 0.082 43.8 1.2 127.9 2.6 80
2021000000084241 0.080 19.6 142.7 152.3 406.2 80
2021000000084241 0.080 25.9 212.0 285.2 431.2 80
2021000000084241 0.080 387.8 251.4 509.8 361.2 80
2021000000084241 0.078 37.3 352.9 137.2 389.0 80
2021000000084241 0.078 151.0 360.6 255.2 395.2 80
2021000000084241 0.075 171.1 0.6 245.6 1.4 80
2021000000084241 0.075 510.8 328.9 610.2 369.6 80
2021000000084241 0.075 174.4 17.2 248.2 55.6 80
2021000000084241 0.075 440.0 335.6 533.8 375.0 80
2021000000084241 0.073 301.1 326.1 403.4 367.7 80
2021000000084241 0.071 192.8 22.3 288.0 295.8 80
2021000000084241 0.071 410.8 236.1 583.8 406.4 80
2021000000084241 0.070 396.7 303.9 495.5 347.8 80
2021000000084241 0.070 326.7 8.1 411.6 47.0 80
2021000000084241 0.070 529.1 9.6 642.1 50.0 80
2021000000084241 0.069 388.6 8.1 527.9 48.5 80
2021000000084241 0.069 408.3 1.3 474.2 2.2 80
2021000000084241 0.068 434.8 9.1 577.5 48.2 80
2021000000084241 0.068 303.5 32.9 428.7 131.3 18
2021000000084241 0.068 98.6 -4.6 153.8 20.1 80
2021000000084241 0.068 -9.7 5.1 110.7 43.8 80
2021000000084241 0.067 481.1 1.1 543.9 1.5 80
2021000000084241 0.066 40.1 4.4 125.1 40.7 80
2021000000084241 0.066 492.7 12.5 583.9 47.6 80
2021000000084241 0.064 114.5 -0.9 186.4 28.5 80
2021000000084241 0.063 274.2 3.3 326.3 16.2 80
2021000000084241 0.062 440.7 1.2 501.0 1.7 80
2021000000084241 0.061 438.0 7.8 504.9 30.5 80
2021000000084241 0.060 72.4 -2.8 131.1 16.5 80
2021000000084241 0.782 609.3 340.6 639.3 392.4 80
2021000000084241 0.768 42.8 35.4 598.3 306.1 80
2021000000084241 0.767 33.4 4.9 223.7 311.1 18
2021000000084241 0.767 38.7 85.4 217.0 308.7 80
2021000000084241 0.766 312.6 278.7 447.0 361.4 80
2021000000084241 0.765 273.2 36.1 449.5 139.4 80
2021000000084241 0.764 409.7 40.7 425.4 50.2 80
2021000000084241 0.759 475.1 62.5 487.2 96.2 80
2021000000084241 0.757 340.4 285.0 442.9 365.2 80
2021000000084241 0.756 212.0 290.0 291.3 335.1 80
2021000000084241 0.756 183.2 32.2 268.6 187.4 80
2021000000084241 0.754 519.4 258.0 568.9 283.8 80
2021000000084241 0.754 37.0 1.0 226.8 310.7 80
2021000000084241 0.754 50.0 27.0 302.4 291.5 80
2021000000084241 0.754 265.3 48.9 410.4 285.8 80
2021000000084241 0.753 210.7 123.7 278.6 277.3 80
2021000000084241 0.753 612.2 79.3 629.7 100.9 80
2021000000084241 0.753 265.5 33.1 421.2 286.6 18
2021000000084241 0.752 284.5 94.9 316.9 131.4 80
2021000000084241 0.752 214.0 288.4 305.5 333.8 80
2021000000084241 0.751 199.0 98.2 284.6 305.2 80
2021000000084241 0.751 482.9 251.0 565.9 280.8 80
2021000000084241 0.747 202.9 15.4 281.8 161.3 80
2021000000084241 0.745 192.6 46.2 279.8 293.0 80
2021000000084241 0.745 396.9 35.1 409.4 46.6 80
2021000000084241 0.743 636.6 212.7 640.2 390.5 80
2021000000084241 0.740 271.8 41.7 377.0 143.9 80
2021000000084241 0.738 208.9 29.4 287.6 167.7 80
2021000000084241 0.731 638.9 122.8 640.0 165.5 80
2021000000084241 0.726 634.5 48.0 640.5 386.2 80
2021000000084241 0.726 518.5 257.9 566.6 285.0 80
2021000000084241 0.718 284.9 2.5 321.2 40.8 80
2021000000084241 0.714 192.8 22.3 288.0 295.8 18
2021000000084241 0.712 638.5 63.5 640.0 78.5 80
2021000000084241 0.711 12.2 374.4 134.2 397.5 80
2021000000084241 0.704 0.4 81.4 6.6 245.7 80
2021000000084241 0.704 31.1 150.9 41.0 185.7 80
2021000000084241 0.695 6.7 371.6 116.8 397.3 80
2021000000084241 0.694 303.5 32.9 428.7 131.3 80
2021000000084241 0.690 0.7 32.8 7.9 81.7 80
2021000000084241 0.689 0.3 132.6 12.1 174.9 80
2021000000084241 0.616 367.1 38.5 431.3 130.7 80
2021000000084241 0.129 503.8 100.6 662.4 431.2 80
2021000000084241 0.123 325.3 212.2 438.8 278.2 80
2021000000084241 0.121 250.2 190.2 346.9 240.8 80
2021000000084241 0.119 104.2 216.8 217.7 284.5 80
2021000000084241 0.118 42.5 175.4 174.8 277.9 80
2021000000084241 0.117 367.1 38.5 431.3 130.7 18
2021000000084241 0.115 125.4 146.0 233.4 208.2 80
2021000000084241 0.115 300.0 253.7 412.9 324.8 80
2021000000084241 0.114 501.5 6.5 618.1 20.4 80
2021000000084241 0.110 52.5 0.3 165.4 9.2 80
2021000000084241 0.109 134.3 247.1 249.8 316.9 80
2021000000084241 0.106 103.9 101.6 201.5 158.4 80
2021000000084241 0.102 373.2 219.6 482.0 290.6 80
2021000000084241 0.100 373.9 1.5 467.3 5.9 80
2021000000084241 0.098 411.3 208.2 511.3 271.5 80
2021000000084241 0.098 265.6 257.9 361.6 314.9 80
2021000000084241 0.097 -18.4 371.7 66.4 392.2 80
2021000000084241 0.097 350.5 267.0 453.8 333.0 80
2021000000084241 0.096 534.0 165.5 625.6 233.6 80
2021000000084241 0.096 174.6 287.3 268.2 342.6 80
2021000000084241 0.095 551.4 192.6 650.6 291.3 80
2021000000084241 0.095 495.5 190.2 583.6 248.6 80
2021000000084241 0.094 16.6 211.6 103.6 266.3 80
2021000000084241 0.094 451.7 200.7 545.0 262.7 80
2021000000084241 0.089 274.9 286.8 391.7 367.1 80
2021000000084241 0.089 -16.1 109.7 94.8 408.8 80
2021000000084241 0.089 432.0 249.8 535.3 322.7 80
2021000000084241 0.088 -17.7 41.5 41.5 80.1 80
2021000000084241 0.082 43.8 1.2 127.9 2.6 80
2021000000084241 0.080 19.6 142.7 152.3 406.2 80
2021000000084241 0.080 25.9 212.0 285.2 431.2 80
2021000000084241 0.080 387.8 251.4 509.8 361.2 80
2021000000084241 0.078 37.3 352.9 137.2 389.0 80
2021000000084241 0.078 151.0 360.6 255.2 395.2 80
2021000000084241 0.075 171.1 0.6 245.6 1.4 80
2021000000084241 0.075 510.8 328.9 610.2 369.6 80
2021000000084241 0.075 174.4 17.2 248.2 55.6 80
2021000000084241 0.075 440.0 335.6 533.8 375.0 80
2021000000084241 0.073 301.1 326.1 403.4 367.7 80
2021000000084241 0.071 192.8 22.3 288.0 295.8 80
2021000000084241 0.071 410.8 236.1 583.8 406.4 80
2021000000084241 0.070 396.7 303.9 495.5 347.8 80
2021000000084241 0.070 326.7 8.1 411.6 47.0 80
2021000000084241 0.070 529.1 9.6 642.1 50.0 80
2021000000084241 0.069 388.6 8.1 527.9 48.5 80
2021000000084241 0.069 408.3 1.3 474.2 2.2 80
2021000000084241 0.068 434.8 9.1 577.5 48.2 80
2021000000084241 0.068 303.5 32.9 428.7 131.3 18
2021000000084241 0.068 98.6 -4.6 153.8 20.1 80
2021000000084241 0.068 -9.7 5.1 110.7 43.8 80
2021000000084241 0.067 481.1 1.1 543.9 1.5 80
2021000000084241 0.066 40.1 4.4 125.1 40.7 80
2021000000084241 0.066 492.7 12.5 583.9 47.6 80
2021000000084241 0.064 114.5 -0.9 186.4 28.5 80
2021000000084241 0.063 274.2 3.3 326.3 16.2 80
2021000000084241 0.062 440.7 1.2 501.0 1.7 80
2021000000084241 0.061 438.0 7.8 504.9 30.5 80
2021000000084241 0.060 72.4 -2.8 131.1 16.5 80
2021000000084241 0.782 609.3 340.6 639.3 392.4 80
2021000000084241 0.768 42.8 35.4 598.3 306.1 80
2021000000084241 0.767 33.4 4.9 223.7 311.1 18
2021000000084241 0.767 38.7 85.4 217.0 308.7 80
2021000000084241 0.766 312.6 278.7 447.0 361.4 80
2021000000084241 0.765 273.2 36.1 449.5 139.4 80
2021000000084241 0.764 409.7 40.7 425.4 50.2 80
2021000000084241 0.759 475.1 62.5 487.2 96.2 80
2021000000084241 0.757 340.4 285.0 442.9 365.2 80
2021000000084241 0.756 212.0 290.0 291.3 335.1 80
2021000000084241 0.756 183.2 32.2 268.6 187.4 80
2021000000084241 0.754 519.4 258.0 568.9 283.8 80
2021000000084241 0.754 37.0 1.0 226.8 310.7 80
2021000000084241 0.754 50.0 27.0 302.4 291.5 80
2021000000084241 0.754 265.3 48.9 410.4 285.8 80
2021000000084241 0.753 210.7 123.7 278.6 277.3 80
2021000000084241 0.753 612.2 79.3 629.7 100.9 80
2021000000084241 0.753 265.5 33.1 421.2 286.6 18
2021000000084241 0.752 284.5 94.9 316.9 131.4 80
2021000000084241 0.752 214.0 288.4 305.5 333.8 80
2021000000084241 0.751 199.0 98.2 284.6 305.2 80
2021000000084241 0.751 482.9 251.0 565.9 280.8 80
2021000000084241 0.747 202.9 15.4 281.8 161.3 80
2021000000084241 0.745 192.6 46.2 279.8 293.0 80
2021000000084241 0.745 396.9 35.1 409.4 46.6 80
2021000000084241 0.743 636.6 212.7 640.2 390.5 80
2021000000084241 0.740 271.8 41.7 377.0 143.9 80
2021000000084241 0.738 208.9 29.4 287.6 167.7 80
2021000000084241 0.731 638.9 122.8 640.0 165.5 80
2021000000084241 0.726 634.5 48.0 640.5 386.2 80
2021000000084241 0.726 518.5 257.9 566.6 285.0 80
2021000000084241 0.718 284.9 2.5 321.2 40.8 80
2021000000084241 0.714 192.8 22.3 288.0 295.8 18
2021000000084241 0.712 638.5 63.5 640.0 78.5 80
2021000000084241 0.711 12.2 374.4 134.2 397.5 80
2021000000084241 0.704 0.4 81.4 6.6 245.7 80
2021000000084241 0.704 31.1 150.9 41.0 185.7 80
2021000000084241 0.695 6.7 371.6 116.8 397.3 80
2021000000084241 0.694 303.5 32.9 428.7 131.3 80
2021000000084241 0.690 0.7 32.8 7.9 81.7 80
2021000000084241 0.689 0.3 132.6 12.1 174.9 80
2021000000084241 0.616 367.1 38.5 431.3 130.7 80
2021000000084241 0.129 503.8 100.6 662.4 431.2 80
2021000000084241 0.123 325.3 212.2 438.8 278.2 80
2021000000084241 0.121 250.2 190.2 346.9 240.8 80
2021000000084241 0.119 104.2 216.8 217.7 284.5 80
2021000000084241 0.118 42.5 175.4 174.8 277.9 80
2021000000084241 0.117 367.1 38.5 431.3 130.7 18
2021000000084241 0.115 125.4 146.0 233.4 208.2 80
2021000000084241 0.115 300.0 253.7 412.9 324.8 80
2021000000084241 0.114 501.5 6.5 618.1 20.4 80
2021000000084241 0.110 52.5 0.3 165.4 9.2 80
2021000000084241 0.109 134.3 247.1 249.8 316.9 80
2021000000084241 0.106 103.9 101.6 201.5 158.4 80
2021000000084241 0.102 373.2 219.6 482.0 290.6 80
2021000000084241 0.100 373.9 1.5 467.3 5.9 80
2021000000084241 0.098 411.3 208.2 511.3 271.5 80
2021000000084241 0.098 265.6 257.9 361.6 314.9 80
2021000000084241 0.097 -18.4 371.7 66.4 392.2 80
2021000000084241 0.097 350.5 267.0 453.8 333.0 80
2021000000084241 0.096 534.0 165.5 625.6 233.6 80
2021000000084241 0.096 174.6 287.3 268.2 342.6 80
2021000000084241 0.095 551.4 192.6 650.6 291.3 80
2021000000084241 0.095 495.5 190.2 583.6 248.6 80
2021000000084241 0.094 16.6 211.6 103.6 266.3 80
2021000000084241 0.094 451.7 200.7 545.0 262.7 80
2021000000084241 0.089 274.9 286.8 391.7 367.1 80
2021000000084241 0.089 -16.1 109.7 94.8 408.8 80
2021000000084241 0.089 432.0 249.8 535.3 322.7 80
2021000000084241 0.088 -17.7 41.5 41.5 80.1 80
2021000000084241 0.082 43.8 1.2 127.9 2.6 80
2021000000084241 0.080 19.6 142.7 152.3 406.2 80
2021000000084241 0.080 25.9 212.0 285.2 431.2 80
2021000000084241 0.080 387.8 251.4 509.8 361.2 80
2021000000084241 0.078 37.3 352.9 137.2 389.0 80
2021000000084241 0.078 151.0 360.6 255.2 395.2 80
2021000000084241 0.075 171.1 0.6 245.6 1.4 80
2021000000084241 0.075 510.8 328.9 610.2 369.6 80
2021000000084241 0.075 174.4 17.2 248.2 55.6 80
2021000000084241 0.075 440.0 335.6 533.8 375.0 80
2021000000084241 0.073 301.1 326.1 403.4 367.7 80
2021000000084241 0.071 192.8 22.3 288.0 295.8 80
2021000000084241 0.071 410.8 236.1 583.8 406.4 80
2021000000084241 0.070 396.7 303.9 495.5 347.8 80
2021000000084241 0.070 326.7 8.1 411.6 47.0 80
2021000000084241 0.070 529.1 9.6 642.1 50.0 80
2021000000084241 0.069 388.6 8.1 527.9 48.5 80
2021000000084241 0.069 408.3 1.3 474.2 2.2 80
2021000000084241 0.068 434.8 9.1 577.5 48.2 80
2021000000084241 0.068 303.5 32.9 428.7 131.3 18
2021000000084241 0.068 98.6 -4.6 153.8 20.1 80
2021000000084241 0.068 -9.7 5.1 110.7 43.8 80
2021000000084241 0.067 481.1 1.1 543.9 1.5 80
2021000000084241 0.066 40.1 4.4 125.1 40.7 80
2021000000084241 0.066 492.7 12.5 583.9 47.6 80
2021000000084241 0.064 114.5 -0.9 186.4 28.5 80
2021000000084241 0.063 274.2 3.3 326.3 16.2 80
2021000000084241 0.062 440.7 1.2 501.0 1.7 80
2021000000084241 0.061 438.0 7.8 504.9 30.5 80
2021000000084241 0.060 72.4 -2.8 131.1 16.5 80
