2021000000512836 0.778 444.6 582.7 488.1 637.8 80
2021000000512836 0.771 58.3 165.9 439.5 490.4 80
2021000000512836 0.770 81.1 146.5 410.0 417.3 80
2021000000512836 0.766 3.9 138.8 476.3 412.2 80
2021000000512836 0.760 90.6 218.9 273.4 521.7 80
2021000000512836 0.758 69.2 102.0 119.1 304.7 80
2021000000512836 0.755 49.9 147.1 312.9 447.8 80
2021000000512836 0.754 256.1 268.1 379.2 373.5 80
2021000000512836 0.754 124.5 111.8 282.2 335.8 80
2021000000512836 0.752 140.1 165.9 289.6 529.7 80
2021000000512836 0.748 137.9 147.6 288.1 524.4 80
2021000000512836 0.747 396.0 131.9 410.6 144.8 80
2021000000512836 0.746 144.9 163.0 285.2 531.6 80
2021000000512836 0.745 30.7 78.5 191.0 375.3 80
2021000000512836 0.744 394.8 127.6 440.3 146.4 80
2021000000512836 0.744 1.8 109.1 90.4 286.6 80
2021000000512836 0.743 479.1 188.4 480.3 338.3 80
2021000000512836 0.743 1.5 96.2 135.5 294.6 80
2021000000512836 0.741 152.5 319.9 240.6 527.1 80
2021000000512836 0.741 63.4 81.1 120.4 280.8 80
2021000000512836 0.741 108.7 45.8 304.8 308.8 80
2021000000512836 0.740 166.6 264.0 423.1 417.3 80
2021000000512836 0.737 104.3 201.7 436.4 415.4 80
2021000000512836 0.736 478.5 331.1 480.0 481.4 80
2021000000512836 0.733 133.3 184.3 428.5 415.5 80
2021000000512836 0.731 104.4 43.6 295.9 263.5 80
2021000000512836 0.731 62.5 265.1 251.5 528.2 80
2021000000512836 0.729 56.9 74.2 112.7 144.0 80
2021000000512836 0.726 478.3 123.9 480.3 228.9 80
2021000000512836 0.724 29.8 89.3 87.3 200.6 80
2021000000512836 0.716 288.0 303.7 448.6 417.3 80
2021000000512836 0.710 72.7 269.8 229.8 388.4 80
2021000000512836 0.708 1.0 55.6 3.6 299.6 80
2021000000512836 0.708 1.0 185.4 3.2 321.6 80
2021000000512836 0.707 266.1 285.3 448.7 415.9 80
2021000000512836 0.699 206.6 155.6 284.2 295.9 80
2021000000512836 0.699 157.2 349.1 242.3 533.4 80
2021000000512836 0.698 54.5 280.3 184.2 411.5 80
2021000000512836 0.688 261.2 297.7 450.4 429.4 80
2021000000512836 0.675 255.3 273.4 448.1 421.5 8
2021000000512836 0.639 61.9 74.9 119.8 282.6 18
2021000000512836 0.625 39.3 268.5 188.4 417.6 80
2021000000512836 0.604 143.8 152.5 287.7 384.3 80
2021000000512836 0.578 59.4 256.9 251.9 523.3 8
2021000000512836 0.515 142.1 154.9 289.7 528.7 18
2021000000512836 0.199 142.1 154.9 289.7 528.7 80
2021000000512836 0.171 59.4 256.9 251.9 523.3 80
2021000000512836 0.151 431.1 200.0 500.1 664.3 80
2021000000512836 0.136 255.3 273.4 448.1 421.5 80
2021000000512836 0.131 365.7 322.6 435.8 393.6 80
2021000000512836 0.128 143.8 152.5 287.7 384.3 18
2021000000512836 0.125 121.5 202.0 221.7 316.1 80
2021000000512836 0.121 319.9 262.4 389.1 333.2 80
2021000000512836 0.110 61.9 74.9 119.8 282.6 80
2021000000512836 0.106 -11.1 243.0 65.5 355.3 80
2021000000512836 0.105 97.6 241.2 174.9 336.1 80
2021000000512836 0.105 380.2 2.5 462.1 13.5 80
2021000000512836 0.104 347.8 257.9 415.4 335.1 80
2021000000512836 0.103 253.8 227.2 326.4 311.8 80
2021000000512836 0.100 39.3 268.5 188.4 417.6 8
2021000000512836 0.100 427.6 241.7 492.5 338.0 80
2021000000512836 0.100 260.5 441.5 341.0 526.2 80
2021000000512836 0.098 298.5 451.8 372.5 536.3 80
2021000000512836 0.097 11.1 338.8 79.9 427.0 80
2021000000512836 0.095 416.7 339.4 484.1 440.5 80
2021000000512836 0.094 309.5 190.3 373.9 267.3 80
2021000000512836 0.094 59.4 256.9 251.9 523.3 6
2021000000512836 0.093 402.6 283.1 466.9 365.2 80
2021000000512836 0.093 387.5 366.9 457.5 457.5 80
2021000000512836 0.091 113.5 615.7 242.7 642.0 80
2021000000512836 0.091 412.7 0.3 482.7 4.5 80
2021000000512836 0.089 340.7 470.1 415.7 571.0 80
2021000000512836 0.087 29.6 409.1 104.4 527.4 80
2021000000512836 0.086 -4.2 390.7 64.5 517.2 80
2021000000512836 0.086 206.2 468.5 293.8 590.4 80
2021000000512836 0.082 126.6 0.2 190.6 2.9 80
2021000000512836 0.082 371.8 427.0 448.5 558.0 80
2021000000512836 0.081 -19.9 557.1 64.2 618.7 80
2021000000512836 0.080 -10.5 563.8 95.0 626.5 80
2021000000512836 0.080 261.2 297.7 450.4 429.4 8
2021000000512836 0.079 24.2 574.2 130.4 635.7 80
2021000000512836 0.079 287.2 0.6 346.6 2.5 80
2021000000512836 0.078 396.2 353.9 481.0 592.5 80
2021000000512836 0.078 56.0 574.2 144.8 634.2 80
2021000000512836 0.075 382.2 530.8 463.6 599.5 80
2021000000512836 0.075 43.6 390.7 185.0 669.3 80
2021000000512836 0.074 -21.6 257.3 47.1 690.6 80
2021000000512836 0.073 180.6 530.2 269.0 598.3 80
2021000000512836 0.073 -21.0 519.8 43.2 591.0 80
2021000000512836 0.073 130.3 544.7 209.8 611.4 80
2021000000512836 0.072 339.4 507.1 420.6 578.0 80
2021000000512836 0.072 260.0 0.4 312.7 1.9 80
2021000000512836 0.072 229.9 516.5 312.8 587.0 80
2021000000512836 0.071 293.7 506.1 376.8 578.2 80
2021000000512836 0.069 373.7 7.5 512.2 73.7 80
2021000000512836 0.068 266.5 5.9 433.3 69.6 80
2021000000512836 0.067 186.7 0.2 234.7 1.4 80
2021000000512836 0.067 247.8 5.4 377.1 67.5 80
2021000000512836 0.066 48.4 0.4 103.0 57.7 80
2021000000512836 0.066 207.8 0.3 294.7 59.6 80
2021000000512836 0.778 444.6 582.7 488.1 637.8 80
2021000000512836 0.771 58.3 165.9 439.5 490.4 80
2021000000512836 0.770 81.1 146.5 410.0 417.3 80
2021000000512836 0.766 3.9 138.8 476.3 412.2 80
2021000000512836 0.760 90.6 218.9 273.4 521.7 80
2021000000512836 0.758 69.2 102.0 119.1 304.7 80
2021000000512836 0.755 49.9 147.1 312.9 447.8 80
2021000000512836 0.754 256.1 268.1 379.2 373.5 80
2021000000512836 0.754 124.5 111.8 282.2 335.8 80
2021000000512836 0.752 140.1 165.9 289.6 529.7 80
2021000000512836 0.748 137.9 147.6 288.1 524.4 80
2021000000512836 0.747 396.0 131.9 410.6 144.8 80
2021000000512836 0.746 144.9 163.0 285.2 531.6 80
2021000000512836 0.745 30.7 78.5 191.0 375.3 80
2021000000512836 0.744 394.8 127.6 440.3 146.4 80
2021000000512836 0.744 1.8 109.1 90.4 286.6 80
2021000000512836 0.743 479.1 188.4 480.3 338.3 80
2021000000512836 0.743 1.5 96.2 135.5 294.6 80
2021000000512836 0.741 152.5 319.9 240.6 527.1 80
2021000000512836 0.741 63.4 81.1 120.4 280.8 80
2021000000512836 0.741 108.7 45.8 304.8 308.8 80
2021000000512836 0.740 166.6 264.0 423.1 417.3 80
2021000000512836 0.737 104.3 201.7 436.4 415.4 80
2021000000512836 0.736 478.5 331.1 480.0 481.4 80
2021000000512836 0.733 133.3 184.3 428.5 415.5 80
2021000000512836 0.731 104.4 43.6 295.9 263.5 80
2021000000512836 0.731 62.5 265.1 251.5 528.2 80
2021000000512836 0.729 56.9 74.2 112.7 144.0 80
2021000000512836 0.726 478.3 123.9 480.3 228.9 80
2021000000512836 0.724 29.8 89.3 87.3 200.6 80
2021000000512836 0.716 288.0 303.7 448.6 417.3 80
2021000000512836 0.710 72.7 269.8 229.8 388.4 80
2021000000512836 0.708 1.0 55.6 3.6 299.6 80
2021000000512836 0.708 1.0 185.4 3.2 321.6 80
2021000000512836 0.707 266.1 285.3 448.7 415.9 80
2021000000512836 0.699 206.6 155.6 284.2 295.9 80
2021000000512836 0.699 157.2 349.1 242.3 533.4 80
2021000000512836 0.698 54.5 280.3 184.2 411.5 80
2021000000512836 0.688 261.2 297.7 450.4 429.4 80
2021000000512836 0.675 255.3 273.4 448.1 421.5 8
2021000000512836 0.639 61.9 74.9 119.8 282.6 18
2021000000512836 0.625 39.3 268.5 188.4 417.6 80
2021000000512836 0.604 143.8 152.5 287.7 384.3 80
2021000000512836 0.578 59.4 256.9 251.9 523.3 8
2021000000512836 0.515 142.1 154.9 289.7 528.7 18
2021000000512836 0.199 142.1 154.9 289.7 528.7 80
2021000000512836 0.171 59.4 256.9 251.9 523.3 80
2021000000512836 0.151 431.1 200.0 500.1 664.3 80
2021000000512836 0.136 255.3 273.4 448.1 421.5 80
2021000000512836 0.131 365.7 322.6 435.8 393.6 80
2021000000512836 0.128 143.8 152.5 287.7 384.3 18
2021000000512836 0.125 121.5 202.0 221.7 316.1 80
2021000000512836 0.121 319.9 262.4 389.1 333.2 80
2021000000512836 0.110 61.9 74.9 119.8 282.6 80
2021000000512836 0.106 -11.1 243.0 65.5 355.3 80
2021000000512836 0.105 97.6 241.2 174.9 336.1 80
2021000000512836 0.105 380.2 2.5 462.1 13.5 80
2021000000512836 0.104 347.8 257.9 415.4 335.1 80
2021000000512836 0.103 253.8 227.2 326.4 311.8 80
2021000000512836 0.100 39.3 268.5 188.4 417.6 8
2021000000512836 0.100 427.6 241.7 492.5 338.0 80
2021000000512836 0.100 260.5 441.5 341.0 526.2 80
2021000000512836 0.098 298.5 451.8 372.5 536.3 80
2021000000512836 0.097 11.1 338.8 79.9 427.0 80
2021000000512836 0.095 416.7 339.4 484.1 440.5 80
2021000000512836 0.094 309.5 190.3 373.9 267.3 80
2021000000512836 0.094 59.4 256.9 251.9 523.3 6
2021000000512836 0.093 402.6 283.1 466.9 365.2 80
2021000000512836 0.093 387.5 366.9 457.5 457.5 80
2021000000512836 0.091 113.5 615.7 242.7 642.0 80
2021000000512836 0.091 412.7 0.3 482.7 4.5 80
2021000000512836 0.089 340.7 470.1 415.7 571.0 80
2021000000512836 0.087 29.6 409.1 104.4 527.4 80
2021000000512836 0.086 -4.2 390.7 64.5 517.2 80
2021000000512836 0.086 206.2 468.5 293.8 590.4 80
2021000000512836 0.082 126.6 0.2 190.6 2.9 80
2021000000512836 0.082 371.8 427.0 448.5 558.0 80
2021000000512836 0.081 -19.9 557.1 64.2 618.7 80
2021000000512836 0.080 -10.5 563.8 95.0 626.5 80
2021000000512836 0.080 261.2 297.7 450.4 429.4 8
2021000000512836 0.079 24.2 574.2 130.4 635.7 80
2021000000512836 0.079 287.2 0.6 346.6 2.5 80
2021000000512836 0.078 396.2 353.9 481.0 592.5 80
2021000000512836 0.078 56.0 574.2 144.8 634.2 80
2021000000512836 0.075 382.2 530.8 463.6 599.5 80
2021000000512836 0.075 43.6 390.7 185.0 669.3 80
2021000000512836 0.074 -21.6 257.3 47.1 690.6 80
2021000000512836 0.073 180.6 530.2 269.0 598.3 80
2021000000512836 0.073 -21.0 519.8 43.2 591.0 80
2021000000512836 0.073 130.3 544.7 209.8 611.4 80
2021000000512836 0.072 339.4 507.1 420.6 578.0 80
2021000000512836 0.072 260.0 0.4 312.7 1.9 80
2021000000512836 0.072 229.9 516.5 312.8 587.0 80
2021000000512836 0.071 293.7 506.1 376.8 578.2 80
2021000000512836 0.069 373.7 7.5 512.2 73.7 80
2021000000512836 0.068 266.5 5.9 433.3 69.6 80
2021000000512836 0.067 186.7 0.2 234.7 1.4 80
2021000000512836 0.067 247.8 5.4 377.1 67.5 80
2021000000512836 0.066 48.4 0.4 103.0 57.7 80
2021000000512836 0.066 207.8 0.3 294.7 59.6 80
