2021000000512985 0.802 597.2 422.3 640.3 475.8 80
2021000000512985 0.775 10.0 49.5 632.2 395.1 80
2021000000512985 0.769 104.6 56.4 133.2 66.9 80
2021000000512985 0.762 573.3 366.3 641.0 415.2 80
2021000000512985 0.760 432.0 142.6 479.0 239.1 80
2021000000512985 0.759 93.4 88.5 238.1 113.1 80
2021000000512985 0.758 180.4 221.9 229.5 253.6 80
2021000000512985 0.757 89.9 249.3 104.5 277.0 80
2021000000512985 0.754 432.6 135.8 495.4 329.6 80
2021000000512985 0.753 430.7 134.9 492.4 329.6 80
2021000000512985 0.753 440.3 142.7 493.2 327.4 80
2021000000512985 0.751 432.7 211.0 454.2 241.4 80
2021000000512985 0.750 622.6 205.9 639.7 211.8 80
2021000000512985 0.744 429.5 123.0 497.0 329.6 18
2021000000512985 0.743 528.9 204.9 546.6 215.6 80
2021000000512985 0.742 282.6 58.5 334.3 69.7 80
2021000000512985 0.739 638.8 204.0 640.0 360.6 80
2021000000512985 0.732 604.8 202.4 614.1 205.9 80
2021000000512985 0.727 102.4 86.3 246.2 111.7 80
2021000000512985 0.726 524.6 202.9 545.6 216.3 80
2021000000512985 0.722 492.4 13.4 497.9 18.4 80
2021000000512985 0.719 604.7 202.8 612.8 207.1 80
2021000000512985 0.409 526.7 203.2 546.9 216.6 80
2021000000512985 0.349 599.4 78.2 651.8 527.9 80
2021000000512985 0.194 480.9 134.5 576.4 191.9 80
2021000000512985 0.176 362.3 219.4 451.8 274.5 80
2021000000512985 0.169 526.7 203.2 546.9 216.6 18
2021000000512985 0.153 306.8 211.0 412.4 269.5 80
2021000000512985 0.133 334.3 27.9 451.3 60.2 80
2021000000512985 0.133 462.1 189.7 556.4 244.9 80
2021000000512985 0.128 212.7 207.6 308.0 263.5 80
2021000000512985 0.123 76.1 162.2 178.0 223.0 80
2021000000512985 0.123 380.2 277.6 480.9 347.3 80
2021000000512985 0.120 307.9 -2.6 419.4 13.5 80
2021000000512985 0.120 452.2 112.8 532.3 159.9 80
2021000000512985 0.111 91.1 210.5 199.7 281.5 80
2021000000512985 0.110 526.7 203.2 546.9 216.6 2
2021000000512985 0.110 246.1 226.6 355.3 296.0 80
2021000000512985 0.109 337.3 267.0 441.5 336.5 80
2021000000512985 0.101 287.3 264.8 389.2 334.0 80
2021000000512985 0.100 405.5 466.4 559.6 482.1 80
2021000000512985 0.099 552.8 140.3 635.6 195.5 80
2021000000512985 0.099 188.2 -0.5 283.8 2.6 80
2021000000512985 0.099 108.6 252.0 229.2 354.4 80
2021000000512985 0.099 578.5 98.6 673.8 199.9 80
2021000000512985 0.097 471.4 289.0 567.7 362.0 80
2021000000512985 0.096 532.8 204.5 627.4 279.4 80
2021000000512985 0.093 403.0 335.2 497.8 410.6 80
2021000000512985 0.092 233.3 272.3 338.0 353.8 80
2021000000512985 0.091 187.6 272.0 300.4 363.9 80
2021000000512985 0.091 130.8 283.4 266.4 407.4 80
2021000000512985 0.091 348.5 312.4 466.1 416.1 80
2021000000512985 0.090 261.7 306.1 374.0 393.5 80
2021000000512985 0.089 307.4 308.2 425.6 408.9 80
2021000000512985 0.089 75.7 284.2 194.9 402.0 80
2021000000512985 0.088 -23.7 236.1 62.2 312.1 80
2021000000512985 0.086 14.7 244.4 108.3 336.1 80
2021000000512985 0.086 5.4 445.0 151.2 476.7 80
2021000000512985 0.085 100.3 444.6 241.4 477.2 80
2021000000512985 0.084 519.2 103.5 650.6 514.3 80
2021000000512985 0.082 275.5 438.8 385.6 478.6 80
2021000000512985 0.082 148.9 446.7 263.9 484.1 80
2021000000512985 0.082 -12.1 262.3 91.4 408.1 80
2021000000512985 0.082 146.7 1.1 231.2 2.9 80
2021000000512985 0.080 180.7 429.9 312.6 472.8 80
2021000000512985 0.080 485.2 244.0 608.1 464.5 80
2021000000512985 0.079 -21.8 124.6 55.0 541.9 80
2021000000512985 0.079 -25.2 417.1 50.6 461.4 80
2021000000512985 0.079 294.4 1.1 374.2 2.3 80
2021000000512985 0.079 435.5 272.6 571.1 490.3 80
2021000000512985 0.078 30.8 254.3 143.7 432.2 80
2021000000512985 0.078 -18.6 402.0 76.5 449.5 80
2021000000512985 0.078 -3.8 413.6 109.9 461.7 80
2021000000512985 0.078 383.5 0.7 461.1 1.8 80
2021000000512985 0.077 178.7 261.3 339.8 461.6 80
2021000000512985 0.077 155.3 334.4 479.9 491.2 80
2021000000512985 0.076 40.8 419.5 160.3 467.1 80
2021000000512985 0.076 83.9 417.1 195.4 465.0 80
2021000000512985 0.075 378.2 408.7 484.7 459.6 80
2021000000512985 0.075 239.4 402.4 349.8 453.6 80
2021000000512985 0.074 48.2 1.2 120.3 2.1 80
2021000000512985 0.073 115.0 280.4 311.1 486.3 80
2021000000512985 0.070 437.0 10.8 523.9 58.7 80
2021000000512985 0.070 147.0 11.1 246.5 58.9 80
2021000000512985 0.070 244.7 9.8 422.0 59.3 80
2021000000512985 0.069 -32.7 10.0 135.5 59.2 80
2021000000512985 0.069 -27.4 12.8 72.2 61.6 80
2021000000512985 0.068 521.0 6.5 655.1 54.7 80
2021000000512985 0.068 -33.4 40.9 54.0 89.8 80
2021000000512985 0.067 196.8 1.0 260.8 1.8 80
2021000000512985 0.067 359.2 2.6 451.9 46.2 80
2021000000512985 0.067 -8.0 35.7 75.6 81.1 80
2021000000512985 0.066 239.2 17.2 313.2 58.8 80
2021000000512985 0.066 482.5 11.2 557.0 53.1 80
2021000000512985 0.066 244.9 1.0 308.0 1.8 80
2021000000512985 0.065 323.3 6.9 407.9 46.7 80
2021000000512985 0.064 26.1 17.2 106.1 55.8 80
2021000000512985 0.064 63.6 -3.7 122.3 24.1 80
2021000000512985 0.063 2.4 1.3 64.9 2.4 80
2021000000512985 0.061 526.7 203.2 546.9 216.6 8
2021000000512985 0.802 597.2 422.3 640.3 475.8 80
2021000000512985 0.775 10.0 49.5 632.2 395.1 80
2021000000512985 0.769 104.6 56.4 133.2 66.9 80
2021000000512985 0.762 573.3 366.3 641.0 415.2 80
2021000000512985 0.760 432.0 142.6 479.0 239.1 80
2021000000512985 0.759 93.4 88.5 238.1 113.1 80
2021000000512985 0.758 180.4 221.9 229.5 253.6 80
2021000000512985 0.757 89.9 249.3 104.5 277.0 80
2021000000512985 0.754 432.6 135.8 495.4 329.6 80
2021000000512985 0.753 430.7 134.9 492.4 329.6 80
2021000000512985 0.753 440.3 142.7 493.2 327.4 80
2021000000512985 0.751 432.7 211.0 454.2 241.4 80
2021000000512985 0.750 622.6 205.9 639.7 211.8 80
2021000000512985 0.744 429.5 123.0 497.0 329.6 18
2021000000512985 0.743 528.9 204.9 546.6 215.6 80
2021000000512985 0.742 282.6 58.5 334.3 69.7 80
2021000000512985 0.739 638.8 204.0 640.0 360.6 80
2021000000512985 0.732 604.8 202.4 614.1 205.9 80
2021000000512985 0.727 102.4 86.3 246.2 111.7 80
2021000000512985 0.726 524.6 202.9 545.6 216.3 80
2021000000512985 0.722 492.4 13.4 497.9 18.4 80
2021000000512985 0.719 604.7 202.8 612.8 207.1 80
2021000000512985 0.409 526.7 203.2 546.9 216.6 80
2021000000512985 0.349 599.4 78.2 651.8 527.9 80
2021000000512985 0.194 480.9 134.5 576.4 191.9 80
2021000000512985 0.176 362.3 219.4 451.8 274.5 80
2021000000512985 0.169 526.7 203.2 546.9 216.6 18
2021000000512985 0.153 306.8 211.0 412.4 269.5 80
2021000000512985 0.133 334.3 27.9 451.3 60.2 80
2021000000512985 0.133 462.1 189.7 556.4 244.9 80
2021000000512985 0.128 212.7 207.6 308.0 263.5 80
2021000000512985 0.123 76.1 162.2 178.0 223.0 80
2021000000512985 0.123 380.2 277.6 480.9 347.3 80
2021000000512985 0.120 307.9 -2.6 419.4 13.5 80
2021000000512985 0.120 452.2 112.8 532.3 159.9 80
2021000000512985 0.111 91.1 210.5 199.7 281.5 80
2021000000512985 0.110 526.7 203.2 546.9 216.6 2
2021000000512985 0.110 246.1 226.6 355.3 296.0 80
2021000000512985 0.109 337.3 267.0 441.5 336.5 80
2021000000512985 0.101 287.3 264.8 389.2 334.0 80
2021000000512985 0.100 405.5 466.4 559.6 482.1 80
2021000000512985 0.099 552.8 140.3 635.6 195.5 80
2021000000512985 0.099 188.2 -0.5 283.8 2.6 80
2021000000512985 0.099 108.6 252.0 229.2 354.4 80
2021000000512985 0.099 578.5 98.6 673.8 199.9 80
2021000000512985 0.097 471.4 289.0 567.7 362.0 80
2021000000512985 0.096 532.8 204.5 627.4 279.4 80
2021000000512985 0.093 403.0 335.2 497.8 410.6 80
2021000000512985 0.092 233.3 272.3 338.0 353.8 80
2021000000512985 0.091 187.6 272.0 300.4 363.9 80
2021000000512985 0.091 130.8 283.4 266.4 407.4 80
2021000000512985 0.091 348.5 312.4 466.1 416.1 80
2021000000512985 0.090 261.7 306.1 374.0 393.5 80
2021000000512985 0.089 307.4 308.2 425.6 408.9 80
2021000000512985 0.089 75.7 284.2 194.9 402.0 80
2021000000512985 0.088 -23.7 236.1 62.2 312.1 80
2021000000512985 0.086 14.7 244.4 108.3 336.1 80
2021000000512985 0.086 5.4 445.0 151.2 476.7 80
2021000000512985 0.085 100.3 444.6 241.4 477.2 80
2021000000512985 0.084 519.2 103.5 650.6 514.3 80
2021000000512985 0.082 275.5 438.8 385.6 478.6 80
2021000000512985 0.082 148.9 446.7 263.9 484.1 80
2021000000512985 0.082 -12.1 262.3 91.4 408.1 80
2021000000512985 0.082 146.7 1.1 231.2 2.9 80
2021000000512985 0.080 180.7 429.9 312.6 472.8 80
2021000000512985 0.080 485.2 244.0 608.1 464.5 80
2021000000512985 0.079 -21.8 124.6 55.0 541.9 80
2021000000512985 0.079 -25.2 417.1 50.6 461.4 80
2021000000512985 0.079 294.4 1.1 374.2 2.3 80
2021000000512985 0.079 435.5 272.6 571.1 490.3 80
2021000000512985 0.078 30.8 254.3 143.7 432.2 80
2021000000512985 0.078 -18.6 402.0 76.5 449.5 80
2021000000512985 0.078 -3.8 413.6 109.9 461.7 80
2021000000512985 0.078 383.5 0.7 461.1 1.8 80
2021000000512985 0.077 178.7 261.3 339.8 461.6 80
2021000000512985 0.077 155.3 334.4 479.9 491.2 80
2021000000512985 0.076 40.8 419.5 160.3 467.1 80
2021000000512985 0.076 83.9 417.1 195.4 465.0 80
2021000000512985 0.075 378.2 408.7 484.7 459.6 80
2021000000512985 0.075 239.4 402.4 349.8 453.6 80
2021000000512985 0.074 48.2 1.2 120.3 2.1 80
2021000000512985 0.073 115.0 280.4 311.1 486.3 80
2021000000512985 0.070 437.0 10.8 523.9 58.7 80
2021000000512985 0.070 147.0 11.1 246.5 58.9 80
2021000000512985 0.070 244.7 9.8 422.0 59.3 80
2021000000512985 0.069 -32.7 10.0 135.5 59.2 80
2021000000512985 0.069 -27.4 12.8 72.2 61.6 80
2021000000512985 0.068 521.0 6.5 655.1 54.7 80
2021000000512985 0.068 -33.4 40.9 54.0 89.8 80
2021000000512985 0.067 196.8 1.0 260.8 1.8 80
2021000000512985 0.067 359.2 2.6 451.9 46.2 80
2021000000512985 0.067 -8.0 35.7 75.6 81.1 80
2021000000512985 0.066 239.2 17.2 313.2 58.8 80
2021000000512985 0.066 482.5 11.2 557.0 53.1 80
2021000000512985 0.066 244.9 1.0 308.0 1.8 80
2021000000512985 0.065 323.3 6.9 407.9 46.7 80
2021000000512985 0.064 26.1 17.2 106.1 55.8 80
2021000000512985 0.064 63.6 -3.7 122.3 24.1 80
2021000000512985 0.063 2.4 1.3 64.9 2.4 80
2021000000512985 0.061 526.7 203.2 546.9 216.6 8
