2021000000423798 0.790 603.0 281.8 636.6 319.9 80
2021000000423798 0.764 5.5 130.3 642.3 295.5 80
2021000000423798 0.761 221.6 259.4 596.5 288.4 80
2021000000423798 0.760 -1.5 237.8 51.6 269.2 80
2021000000423798 0.759 199.8 253.8 474.8 281.3 80
2021000000423798 0.757 80.5 248.0 101.3 257.8 80
2021000000423798 0.757 633.2 134.8 640.0 184.4 80
2021000000423798 0.756 -3.8 237.2 102.6 264.6 80
2021000000423798 0.756 417.9 254.9 427.6 259.9 80
2021000000423798 0.754 0.6 241.2 20.7 263.3 80
2021000000423798 0.753 350.5 269.4 357.5 275.8 80
2021000000423798 0.752 258.1 257.9 302.4 274.5 80
2021000000423798 0.750 0.6 236.4 56.6 259.3 80
2021000000423798 0.749 351.4 270.7 358.7 277.4 80
2021000000423798 0.746 636.8 264.4 640.2 311.9 80
2021000000423798 0.746 42.7 145.8 75.2 175.8 80
2021000000423798 0.745 237.1 238.7 633.5 283.4 80
2021000000423798 0.744 77.3 243.9 128.2 257.2 80
2021000000423798 0.742 0.7 252.0 9.9 267.8 80
2021000000423798 0.735 138.1 259.6 161.5 272.0 80
2021000000423798 0.730 152.0 259.9 172.5 272.7 80
2021000000423798 0.729 234.0 234.7 626.8 280.9 80
2021000000423798 0.729 51.2 145.8 76.3 175.0 80
2021000000423798 0.728 224.2 247.2 613.5 284.7 80
2021000000423798 0.722 234.6 237.1 639.1 285.8 80
2021000000423798 0.722 277.7 236.7 643.2 283.3 80
2021000000423798 0.696 248.0 261.8 320.4 277.5 80
2021000000423798 0.688 79.0 247.0 166.4 266.4 80
2021000000423798 0.676 246.9 264.7 275.8 276.8 80
2021000000423798 0.671 76.8 245.0 165.9 268.2 80
2021000000423798 0.666 191.7 262.8 206.6 269.1 80
2021000000423798 0.658 244.2 261.7 370.2 279.7 80
2021000000423798 0.657 213.8 241.8 275.3 280.3 80
2021000000423798 0.620 222.2 259.4 266.2 279.3 80
2021000000423798 0.612 213.5 248.3 264.4 280.5 80
2021000000423798 0.607 250.3 268.3 277.3 278.5 80
2021000000423798 0.587 172.8 261.0 192.1 270.4 80
2021000000423798 0.569 179.2 260.6 193.1 269.4 80
2021000000423798 0.550 222.4 262.1 256.1 278.6 80
2021000000423798 0.542 220.2 238.0 640.8 286.4 80
2021000000423798 0.474 192.6 263.6 208.3 269.7 80
2021000000423798 0.244 192.6 263.6 208.3 269.7 5
2021000000423798 0.175 222.4 262.1 256.1 278.6 5
2021000000423798 0.163 179.2 260.6 193.1 269.4 5
2021000000423798 0.151 172.8 261.0 192.1 270.4 5
2021000000423798 0.137 220.2 238.0 640.8 286.4 5
2021000000423798 0.129 250.3 268.3 277.3 278.5 5
2021000000423798 0.126 587.3 37.7 645.1 341.9 80
2021000000423798 0.125 283.0 192.2 376.7 226.8 80
2021000000423798 0.119 222.2 259.4 266.2 279.3 5
2021000000423798 0.116 508.6 97.2 605.2 133.3 80
2021000000423798 0.111 336.4 141.1 480.3 212.0 80
2021000000423798 0.110 395.0 173.9 523.4 233.3 80
2021000000423798 0.110 259.0 116.5 388.9 187.7 80
2021000000423798 0.109 213.5 248.3 264.4 280.5 5
2021000000423798 0.106 217.7 110.1 337.4 175.2 80
2021000000423798 0.105 300.5 144.0 422.2 208.0 80
2021000000423798 0.103 375.7 131.3 504.7 203.0 80
2021000000423798 0.102 95.1 157.3 193.9 204.8 80
2021000000423798 0.100 341.1 109.3 438.2 160.3 80
2021000000423798 0.099 464.2 200.7 569.8 247.5 80
2021000000423798 0.098 437.2 158.8 556.9 225.5 80
2021000000423798 0.096 175.6 114.4 286.3 173.0 80
2021000000423798 0.095 498.5 228.3 591.1 268.1 80
2021000000423798 0.094 431.1 120.4 526.4 171.5 80
2021000000423798 0.093 132.6 126.7 236.4 179.9 80
2021000000423798 0.093 466.9 119.9 559.1 169.9 80
2021000000423798 0.091 571.2 124.9 654.7 170.2 80
2021000000423798 0.091 470.0 262.7 577.4 307.4 80
2021000000423798 0.091 488.9 147.5 591.1 209.7 80
2021000000423798 0.091 533.7 134.9 626.1 190.0 80
2021000000423798 0.089 82.4 114.6 176.7 166.4 80
2021000000423798 0.088 551.4 164.8 649.6 232.3 80
2021000000423798 0.087 426.8 298.0 524.3 319.3 80
2021000000423798 0.087 510.7 170.1 617.6 245.3 80
2021000000423798 0.086 -9.6 127.7 82.0 182.7 80
2021000000423798 0.081 244.2 261.7 370.2 279.7 5
2021000000423798 0.081 246.9 264.7 275.8 276.8 5
2021000000423798 0.081 311.8 0.7 394.5 1.5 80
2021000000423798 0.079 191.7 262.8 206.6 269.1 5
2021000000423798 0.079 509.1 276.8 602.9 306.2 80
2021000000423798 0.078 516.3 97.8 652.1 339.4 80
2021000000423798 0.075 76.8 245.0 165.9 268.2 5
2021000000423798 0.070 512.4 9.2 661.1 42.3 80
2021000000423798 0.070 375.9 8.3 542.9 41.4 80
2021000000423798 0.069 -58.2 7.0 163.5 39.9 80
2021000000423798 0.069 38.0 8.5 213.9 40.8 80
2021000000423798 0.069 7.9 10.2 168.5 42.5 80
2021000000423798 0.069 427.7 8.7 586.3 40.8 80
2021000000423798 0.068 330.7 7.7 489.2 39.7 80
2021000000423798 0.068 -41.6 8.3 88.5 40.3 80
2021000000423798 0.068 252.4 5.5 413.8 37.1 80
2021000000423798 0.068 136.8 6.6 287.9 37.8 80
2021000000423798 0.068 91.0 7.6 237.6 38.8 80
2021000000423798 0.068 176.9 6.4 331.5 37.5 80
2021000000423798 0.068 223.4 6.9 345.2 37.4 80
2021000000423798 0.067 -33.2 25.0 54.3 56.0 80
2021000000423798 0.067 213.5 248.3 264.4 280.5 17
2021000000423798 0.067 79.0 247.0 166.4 266.4 5
2021000000423798 0.067 569.9 19.5 660.8 50.5 80
2021000000423798 0.790 603.0 281.8 636.6 319.9 80
2021000000423798 0.764 5.5 130.3 642.3 295.5 80
2021000000423798 0.761 221.6 259.4 596.5 288.4 80
2021000000423798 0.760 -1.5 237.8 51.6 269.2 80
2021000000423798 0.759 199.8 253.8 474.8 281.3 80
2021000000423798 0.757 80.5 248.0 101.3 257.8 80
2021000000423798 0.757 633.2 134.8 640.0 184.4 80
2021000000423798 0.756 -3.8 237.2 102.6 264.6 80
2021000000423798 0.756 417.9 254.9 427.6 259.9 80
2021000000423798 0.754 0.6 241.2 20.7 263.3 80
2021000000423798 0.753 350.5 269.4 357.5 275.8 80
2021000000423798 0.752 258.1 257.9 302.4 274.5 80
2021000000423798 0.750 0.6 236.4 56.6 259.3 80
2021000000423798 0.749 351.4 270.7 358.7 277.4 80
2021000000423798 0.746 636.8 264.4 640.2 311.9 80
2021000000423798 0.746 42.7 145.8 75.2 175.8 80
2021000000423798 0.745 237.1 238.7 633.5 283.4 80
2021000000423798 0.744 77.3 243.9 128.2 257.2 80
2021000000423798 0.742 0.7 252.0 9.9 267.8 80
2021000000423798 0.735 138.1 259.6 161.5 272.0 80
2021000000423798 0.730 152.0 259.9 172.5 272.7 80
2021000000423798 0.729 234.0 234.7 626.8 280.9 80
2021000000423798 0.729 51.2 145.8 76.3 175.0 80
2021000000423798 0.728 224.2 247.2 613.5 284.7 80
2021000000423798 0.722 234.6 237.1 639.1 285.8 80
2021000000423798 0.722 277.7 236.7 643.2 283.3 80
2021000000423798 0.696 248.0 261.8 320.4 277.5 80
2021000000423798 0.688 79.0 247.0 166.4 266.4 80
2021000000423798 0.676 246.9 264.7 275.8 276.8 80
2021000000423798 0.671 76.8 245.0 165.9 268.2 80
2021000000423798 0.666 191.7 262.8 206.6 269.1 80
2021000000423798 0.658 244.2 261.7 370.2 279.7 80
2021000000423798 0.657 213.8 241.8 275.3 280.3 80
2021000000423798 0.620 222.2 259.4 266.2 279.3 80
2021000000423798 0.612 213.5 248.3 264.4 280.5 80
2021000000423798 0.607 250.3 268.3 277.3 278.5 80
2021000000423798 0.587 172.8 261.0 192.1 270.4 80
2021000000423798 0.569 179.2 260.6 193.1 269.4 80
2021000000423798 0.550 222.4 262.1 256.1 278.6 80
2021000000423798 0.542 220.2 238.0 640.8 286.4 80
2021000000423798 0.474 192.6 263.6 208.3 269.7 80
2021000000423798 0.244 192.6 263.6 208.3 269.7 5
2021000000423798 0.175 222.4 262.1 256.1 278.6 5
2021000000423798 0.163 179.2 260.6 193.1 269.4 5
2021000000423798 0.151 172.8 261.0 192.1 270.4 5
2021000000423798 0.137 220.2 238.0 640.8 286.4 5
2021000000423798 0.129 250.3 268.3 277.3 278.5 5
2021000000423798 0.126 587.3 37.7 645.1 341.9 80
2021000000423798 0.125 283.0 192.2 376.7 226.8 80
2021000000423798 0.119 222.2 259.4 266.2 279.3 5
2021000000423798 0.116 508.6 97.2 605.2 133.3 80
2021000000423798 0.111 336.4 141.1 480.3 212.0 80
2021000000423798 0.110 395.0 173.9 523.4 233.3 80
2021000000423798 0.110 259.0 116.5 388.9 187.7 80
2021000000423798 0.109 213.5 248.3 264.4 280.5 5
2021000000423798 0.106 217.7 110.1 337.4 175.2 80
2021000000423798 0.105 300.5 144.0 422.2 208.0 80
2021000000423798 0.103 375.7 131.3 504.7 203.0 80
2021000000423798 0.102 95.1 157.3 193.9 204.8 80
2021000000423798 0.100 341.1 109.3 438.2 160.3 80
2021000000423798 0.099 464.2 200.7 569.8 247.5 80
2021000000423798 0.098 437.2 158.8 556.9 225.5 80
2021000000423798 0.096 175.6 114.4 286.3 173.0 80
2021000000423798 0.095 498.5 228.3 591.1 268.1 80
2021000000423798 0.094 431.1 120.4 526.4 171.5 80
2021000000423798 0.093 132.6 126.7 236.4 179.9 80
2021000000423798 0.093 466.9 119.9 559.1 169.9 80
2021000000423798 0.091 571.2 124.9 654.7 170.2 80
2021000000423798 0.091 470.0 262.7 577.4 307.4 80
2021000000423798 0.091 488.9 147.5 591.1 209.7 80
2021000000423798 0.091 533.7 134.9 626.1 190.0 80
2021000000423798 0.089 82.4 114.6 176.7 166.4 80
2021000000423798 0.088 551.4 164.8 649.6 232.3 80
2021000000423798 0.087 426.8 298.0 524.3 319.3 80
2021000000423798 0.087 510.7 170.1 617.6 245.3 80
2021000000423798 0.086 -9.6 127.7 82.0 182.7 80
2021000000423798 0.081 244.2 261.7 370.2 279.7 5
2021000000423798 0.081 246.9 264.7 275.8 276.8 5
2021000000423798 0.081 311.8 0.7 394.5 1.5 80
2021000000423798 0.079 191.7 262.8 206.6 269.1 5
2021000000423798 0.079 509.1 276.8 602.9 306.2 80
2021000000423798 0.078 516.3 97.8 652.1 339.4 80
2021000000423798 0.075 76.8 245.0 165.9 268.2 5
2021000000423798 0.070 512.4 9.2 661.1 42.3 80
2021000000423798 0.070 375.9 8.3 542.9 41.4 80
2021000000423798 0.069 -58.2 7.0 163.5 39.9 80
2021000000423798 0.069 38.0 8.5 213.9 40.8 80
2021000000423798 0.069 7.9 10.2 168.5 42.5 80
2021000000423798 0.069 427.7 8.7 586.3 40.8 80
2021000000423798 0.068 330.7 7.7 489.2 39.7 80
2021000000423798 0.068 -41.6 8.3 88.5 40.3 80
2021000000423798 0.068 252.4 5.5 413.8 37.1 80
2021000000423798 0.068 136.8 6.6 287.9 37.8 80
2021000000423798 0.068 91.0 7.6 237.6 38.8 80
2021000000423798 0.068 176.9 6.4 331.5 37.5 80
2021000000423798 0.068 223.4 6.9 345.2 37.4 80
2021000000423798 0.067 -33.2 25.0 54.3 56.0 80
2021000000423798 0.067 213.5 248.3 264.4 280.5 17
2021000000423798 0.067 79.0 247.0 166.4 266.4 5
2021000000423798 0.067 569.9 19.5 660.8 50.5 80
