2021000000416269 0.789 605.3 378.3 639.1 425.6 80
2021000000416269 0.782 275.4 139.7 497.5 322.9 80
2021000000416269 0.776 187.0 201.7 228.6 257.9 80
2021000000416269 0.773 202.7 180.1 293.3 272.0 80
2021000000416269 0.773 113.3 120.7 527.6 313.6 80
2021000000416269 0.762 24.9 266.6 43.1 279.7 80
2021000000416269 0.761 72.3 273.6 90.2 287.8 80
2021000000416269 0.755 204.6 233.3 214.7 243.9 80
2021000000416269 0.752 48.3 109.6 556.8 342.9 12
2021000000416269 0.752 13.1 253.3 34.8 279.4 80
2021000000416269 0.751 466.4 158.3 490.1 181.1 80
2021000000416269 0.748 76.6 136.3 499.7 344.2 80
2021000000416269 0.746 58.0 125.5 564.4 343.0 80
2021000000416269 0.737 48.2 102.4 570.2 347.1 80
2021000000416269 0.736 638.9 247.6 640.1 371.5 80
2021000000416269 0.728 434.0 162.3 455.1 180.0 80
2021000000416269 0.723 418.9 291.0 432.9 319.9 80
2021000000416269 0.722 639.1 137.8 640.0 244.5 80
2021000000416269 0.720 47.8 262.0 54.8 275.1 80
2021000000416269 0.712 376.0 158.8 387.3 190.2 80
2021000000416269 0.707 0.8 240.3 3.2 278.6 80
2021000000416269 0.699 0.9 246.6 2.1 288.1 80
2021000000416269 0.680 371.0 163.6 382.3 191.7 80
2021000000416269 0.677 433.7 166.6 450.5 181.2 80
2021000000416269 0.393 436.5 161.3 467.0 180.5 80
2021000000416269 0.328 106.5 215.6 176.3 255.3 80
2021000000416269 0.271 436.5 161.3 467.0 180.5 18
2021000000416269 0.157 58.3 234.2 150.4 283.3 80
2021000000416269 0.140 580.0 86.0 658.0 477.4 80
2021000000416269 0.139 80.6 279.7 179.4 334.5 80
2021000000416269 0.132 365.1 202.7 444.8 245.0 80
2021000000416269 0.121 118.8 248.2 210.3 299.4 80
2021000000416269 0.120 298.8 92.7 398.2 138.8 80
2021000000416269 0.118 569.7 160.4 656.0 205.3 80
2021000000416269 0.118 -152.9 414.9 274.0 432.1 80
2021000000416269 0.117 513.6 155.8 594.7 201.6 80
2021000000416269 0.116 -135.7 413.2 330.6 432.4 80
2021000000416269 0.115 412.8 239.4 499.6 286.5 80
2021000000416269 0.112 263.9 166.5 380.0 233.0 80
2021000000416269 0.110 186.9 253.0 291.0 311.9 80
2021000000416269 0.109 451.5 226.2 536.7 275.1 80
2021000000416269 0.107 299.9 292.8 408.8 347.3 80
2021000000416269 0.106 134.3 171.6 228.4 228.9 80
2021000000416269 0.105 433.8 280.2 524.1 341.1 80
2021000000416269 0.103 226.7 147.7 331.5 213.8 80
2021000000416269 0.103 315.0 203.6 405.1 254.9 80
2021000000416269 0.100 383.1 256.4 472.5 309.2 80
2021000000416269 0.099 39.5 185.8 123.4 236.0 80
2021000000416269 0.099 341.0 0.0 440.7 4.1 80
2021000000416269 0.098 149.7 283.0 241.9 340.3 80
2021000000416269 0.095 497.1 209.3 581.7 263.1 80
2021000000416269 0.093 85.1 160.1 171.3 214.6 80
2021000000416269 0.093 536.2 185.5 623.5 247.2 80
2021000000416269 0.091 209.4 292.0 323.2 363.1 80
2021000000416269 0.091 553.4 222.3 647.7 305.1 80
2021000000416269 0.090 516.1 238.0 612.3 316.3 80
2021000000416269 0.089 260.6 314.4 400.7 397.9 80
2021000000416269 0.088 473.7 258.7 567.0 327.3 80
2021000000416269 0.085 173.8 306.8 277.1 382.2 80
2021000000416269 0.084 -25.9 386.0 49.2 421.2 80
2021000000416269 0.084 495.7 283.2 598.0 375.4 80
2021000000416269 0.084 15.6 0.6 101.8 2.1 80
2021000000416269 0.083 348.9 286.7 458.0 374.3 80
2021000000416269 0.078 13.1 301.7 121.0 415.5 80
2021000000416269 0.078 458.1 0.5 536.6 1.5 80
2021000000416269 0.077 516.5 139.6 651.7 451.0 80
2021000000416269 0.076 510.3 359.7 608.7 402.1 80
2021000000416269 0.076 208.8 310.3 522.9 445.8 80
2021000000416269 0.076 47.0 367.8 150.9 411.3 80
2021000000416269 0.075 162.0 378.2 266.2 419.5 80
2021000000416269 0.075 89.0 368.1 199.6 412.0 80
2021000000416269 0.075 288.6 361.0 381.3 404.2 80
2021000000416269 0.074 441.7 355.7 533.5 399.5 80
2021000000416269 0.074 244.6 349.1 345.1 394.9 80
2021000000416269 0.073 371.0 163.6 382.3 191.7 18
2021000000416269 0.072 190.8 293.0 379.2 440.0 80
2021000000416269 0.072 381.5 339.0 474.7 385.2 80
2021000000416269 0.072 423.9 261.8 568.6 438.6 80
2021000000416269 0.072 433.7 166.6 450.5 181.2 18
2021000000416269 0.069 521.3 8.5 652.5 51.4 80
2021000000416269 0.068 405.1 3.9 499.2 45.4 80
2021000000416269 0.068 23.5 5.8 238.2 47.3 80
2021000000416269 0.068 433.1 6.1 585.9 47.2 80
2021000000416269 0.067 2.8 8.1 179.9 49.7 80
2021000000416269 0.067 -30.1 4.7 134.8 46.2 80
2021000000416269 0.067 175.3 5.8 338.1 47.2 80
2021000000416269 0.067 206.9 6.8 377.4 48.3 80
2021000000416269 0.067 137.9 5.6 291.0 46.6 80
2021000000416269 0.067 263.6 2.9 406.2 44.1 80
2021000000416269 0.067 -24.2 7.4 69.3 48.4 80
2021000000416269 0.067 568.4 25.0 663.8 66.1 80
2021000000416269 0.067 93.5 5.0 244.1 44.7 80
2021000000416269 0.066 493.6 12.3 585.5 49.8 80
2021000000416269 0.065 -24.9 17.2 43.3 53.8 80
2021000000416269 0.061 529.4 11.1 596.9 36.9 80
2021000000416269 0.061 308.8 -0.3 370.3 20.9 80
2021000000416269 0.061 357.0 -3.2 420.3 17.8 80
2021000000416269 0.058 257.1 0.7 316.0 1.8 80
2021000000416269 0.058 33.7 3.5 100.0 20.8 80
2021000000416269 0.058 419.0 2.2 473.5 13.5 80
2021000000416269 0.789 605.3 378.3 639.1 425.6 80
2021000000416269 0.782 275.4 139.7 497.5 322.9 80
2021000000416269 0.776 187.0 201.7 228.6 257.9 80
2021000000416269 0.773 202.7 180.1 293.3 272.0 80
2021000000416269 0.773 113.3 120.7 527.6 313.6 80
2021000000416269 0.762 24.9 266.6 43.1 279.7 80
2021000000416269 0.761 72.3 273.6 90.2 287.8 80
2021000000416269 0.755 204.6 233.3 214.7 243.9 80
2021000000416269 0.752 48.3 109.6 556.8 342.9 12
2021000000416269 0.752 13.1 253.3 34.8 279.4 80
2021000000416269 0.751 466.4 158.3 490.1 181.1 80
2021000000416269 0.748 76.6 136.3 499.7 344.2 80
2021000000416269 0.746 58.0 125.5 564.4 343.0 80
2021000000416269 0.737 48.2 102.4 570.2 347.1 80
2021000000416269 0.736 638.9 247.6 640.1 371.5 80
2021000000416269 0.728 434.0 162.3 455.1 180.0 80
2021000000416269 0.723 418.9 291.0 432.9 319.9 80
2021000000416269 0.722 639.1 137.8 640.0 244.5 80
2021000000416269 0.720 47.8 262.0 54.8 275.1 80
2021000000416269 0.712 376.0 158.8 387.3 190.2 80
2021000000416269 0.707 0.8 240.3 3.2 278.6 80
2021000000416269 0.699 0.9 246.6 2.1 288.1 80
2021000000416269 0.680 371.0 163.6 382.3 191.7 80
2021000000416269 0.677 433.7 166.6 450.5 181.2 80
2021000000416269 0.393 436.5 161.3 467.0 180.5 80
2021000000416269 0.328 106.5 215.6 176.3 255.3 80
2021000000416269 0.271 436.5 161.3 467.0 180.5 18
2021000000416269 0.157 58.3 234.2 150.4 283.3 80
2021000000416269 0.140 580.0 86.0 658.0 477.4 80
2021000000416269 0.139 80.6 279.7 179.4 334.5 80
2021000000416269 0.132 365.1 202.7 444.8 245.0 80
2021000000416269 0.121 118.8 248.2 210.3 299.4 80
2021000000416269 0.120 298.8 92.7 398.2 138.8 80
2021000000416269 0.118 569.7 160.4 656.0 205.3 80
2021000000416269 0.118 -152.9 414.9 274.0 432.1 80
2021000000416269 0.117 513.6 155.8 594.7 201.6 80
2021000000416269 0.116 -135.7 413.2 330.6 432.4 80
2021000000416269 0.115 412.8 239.4 499.6 286.5 80
2021000000416269 0.112 263.9 166.5 380.0 233.0 80
2021000000416269 0.110 186.9 253.0 291.0 311.9 80
2021000000416269 0.109 451.5 226.2 536.7 275.1 80
2021000000416269 0.107 299.9 292.8 408.8 347.3 80
2021000000416269 0.106 134.3 171.6 228.4 228.9 80
2021000000416269 0.105 433.8 280.2 524.1 341.1 80
2021000000416269 0.103 226.7 147.7 331.5 213.8 80
2021000000416269 0.103 315.0 203.6 405.1 254.9 80
2021000000416269 0.100 383.1 256.4 472.5 309.2 80
2021000000416269 0.099 39.5 185.8 123.4 236.0 80
2021000000416269 0.099 341.0 0.0 440.7 4.1 80
2021000000416269 0.098 149.7 283.0 241.9 340.3 80
2021000000416269 0.095 497.1 209.3 581.7 263.1 80
2021000000416269 0.093 85.1 160.1 171.3 214.6 80
2021000000416269 0.093 536.2 185.5 623.5 247.2 80
2021000000416269 0.091 209.4 292.0 323.2 363.1 80
2021000000416269 0.091 553.4 222.3 647.7 305.1 80
2021000000416269 0.090 516.1 238.0 612.3 316.3 80
2021000000416269 0.089 260.6 314.4 400.7 397.9 80
2021000000416269 0.088 473.7 258.7 567.0 327.3 80
2021000000416269 0.085 173.8 306.8 277.1 382.2 80
2021000000416269 0.084 -25.9 386.0 49.2 421.2 80
2021000000416269 0.084 495.7 283.2 598.0 375.4 80
2021000000416269 0.084 15.6 0.6 101.8 2.1 80
2021000000416269 0.083 348.9 286.7 458.0 374.3 80
2021000000416269 0.078 13.1 301.7 121.0 415.5 80
2021000000416269 0.078 458.1 0.5 536.6 1.5 80
2021000000416269 0.077 516.5 139.6 651.7 451.0 80
2021000000416269 0.076 510.3 359.7 608.7 402.1 80
2021000000416269 0.076 208.8 310.3 522.9 445.8 80
2021000000416269 0.076 47.0 367.8 150.9 411.3 80
2021000000416269 0.075 162.0 378.2 266.2 419.5 80
2021000000416269 0.075 89.0 368.1 199.6 412.0 80
2021000000416269 0.075 288.6 361.0 381.3 404.2 80
2021000000416269 0.074 441.7 355.7 533.5 399.5 80
2021000000416269 0.074 244.6 349.1 345.1 394.9 80
2021000000416269 0.073 371.0 163.6 382.3 191.7 18
2021000000416269 0.072 190.8 293.0 379.2 440.0 80
2021000000416269 0.072 381.5 339.0 474.7 385.2 80
2021000000416269 0.072 423.9 261.8 568.6 438.6 80
2021000000416269 0.072 433.7 166.6 450.5 181.2 18
2021000000416269 0.069 521.3 8.5 652.5 51.4 80
2021000000416269 0.068 405.1 3.9 499.2 45.4 80
2021000000416269 0.068 23.5 5.8 238.2 47.3 80
2021000000416269 0.068 433.1 6.1 585.9 47.2 80
2021000000416269 0.067 2.8 8.1 179.9 49.7 80
2021000000416269 0.067 -30.1 4.7 134.8 46.2 80
2021000000416269 0.067 175.3 5.8 338.1 47.2 80
2021000000416269 0.067 206.9 6.8 377.4 48.3 80
2021000000416269 0.067 137.9 5.6 291.0 46.6 80
2021000000416269 0.067 263.6 2.9 406.2 44.1 80
2021000000416269 0.067 -24.2 7.4 69.3 48.4 80
2021000000416269 0.067 568.4 25.0 663.8 66.1 80
2021000000416269 0.067 93.5 5.0 244.1 44.7 80
2021000000416269 0.066 493.6 12.3 585.5 49.8 80
2021000000416269 0.065 -24.9 17.2 43.3 53.8 80
2021000000416269 0.061 529.4 11.1 596.9 36.9 80
2021000000416269 0.061 308.8 -0.3 370.3 20.9 80
2021000000416269 0.061 357.0 -3.2 420.3 17.8 80
2021000000416269 0.058 257.1 0.7 316.0 1.8 80
2021000000416269 0.058 33.7 3.5 100.0 20.8 80
2021000000416269 0.058 419.0 2.2 473.5 13.5 80
