2021000000308430 0.790 606.5 424.9 640.2 477.2 80
2021000000308430 0.767 518.5 0.6 636.2 141.3 80
2021000000308430 0.758 325.9 7.2 640.0 89.6 80
2021000000308430 0.747 637.6 208.3 640.0 413.6 80
2021000000308430 0.744 637.5 60.2 639.9 195.8 80
2021000000308430 0.738 506.6 3.1 626.8 43.4 80
2021000000308430 0.737 1.8 451.9 62.0 479.3 80
2021000000308430 0.736 17.7 168.5 303.3 483.2 80
2021000000308430 0.728 632.4 -15.3 640.6 238.0 80
2021000000308430 0.728 635.4 26.0 640.5 445.1 80
2021000000308430 0.726 379.5 0.0 629.6 28.2 80
2021000000308430 0.723 16.0 155.4 630.7 471.6 80
2021000000308430 0.721 638.0 20.7 639.9 71.9 80
2021000000308430 0.721 15.3 141.7 445.4 473.8 80
2021000000308430 0.718 0.9 298.4 3.0 408.0 80
2021000000308430 0.714 10.5 340.9 200.7 479.1 80
2021000000308430 0.714 1.6 1.2 640.6 479.6 80
2021000000308430 0.712 35.0 346.9 230.8 480.8 80
2021000000308430 0.711 19.0 174.0 655.0 476.1 80
2021000000308430 0.702 30.2 252.6 337.2 480.4 80
2021000000308430 0.701 35.4 244.9 481.5 479.6 80
2021000000308430 0.700 19.7 363.8 644.8 476.4 80
2021000000308430 0.695 508.7 0.5 638.1 77.4 80
2021000000308430 0.686 50.6 328.6 369.1 478.4 80
2021000000308430 0.679 53.2 336.5 530.0 475.9 80
2021000000308430 0.679 31.6 256.7 657.1 481.3 80
2021000000308430 0.672 34.9 315.2 646.5 478.2 80
2021000000308430 0.651 7.4 434.8 196.9 478.2 80
2021000000308430 0.648 42.3 378.4 431.6 477.8 80
2021000000308430 0.645 47.9 365.3 637.3 477.0 80
2021000000308430 0.628 50.4 406.4 309.0 479.9 80
2021000000308430 0.593 46.8 412.1 224.4 479.9 80
2021000000308430 0.578 39.8 417.3 213.3 480.0 80
2021000000308430 0.236 -18.8 22.1 243.6 482.7 80
2021000000308430 0.233 -6.1 62.8 75.9 522.1 80
2021000000308430 0.171 39.8 417.3 213.3 480.0 10
2021000000308430 0.161 46.8 412.1 224.4 479.9 10
2021000000308430 0.156 142.9 199.5 431.4 413.9 80
2021000000308430 0.120 50.4 406.4 309.0 479.9 10
2021000000308430 0.119 351.8 202.8 466.4 277.0 80
2021000000308430 0.113 120.5 166.7 308.2 362.4 80
2021000000308430 0.113 180.5 466.7 674.3 483.1 80
2021000000308430 0.109 309.9 208.8 415.3 282.4 80
2021000000308430 0.106 110.0 331.9 617.6 480.3 80
2021000000308430 0.104 71.5 158.0 225.3 339.0 80
2021000000308430 0.101 266.3 239.9 412.7 364.0 80
2021000000308430 0.101 238.2 209.8 368.6 318.7 80
2021000000308430 0.099 480.6 198.8 599.8 313.8 80
2021000000308430 0.098 200.8 200.9 322.2 302.6 80
2021000000308430 0.098 145.7 1.4 245.8 5.4 80
2021000000308430 0.097 323.9 248.2 457.7 364.0 80
2021000000308430 0.096 438.2 216.8 560.0 331.8 80
2021000000308430 0.096 404.5 234.9 522.9 341.7 80
2021000000308430 0.094 42.3 378.4 431.6 477.8 10
2021000000308430 0.093 536.7 1.3 629.3 5.6 80
2021000000308430 0.093 496.6 164.5 634.3 404.6 80
2021000000308430 0.093 7.4 434.8 196.9 478.2 10
2021000000308430 0.093 367.4 254.5 495.8 372.8 80
2021000000308430 0.092 546.3 202.2 656.5 368.6 80
2021000000308430 0.092 403.8 1.5 499.6 5.1 80
2021000000308430 0.092 519.5 75.0 650.2 507.4 80
2021000000308430 0.090 50.6 328.6 369.1 478.4 10
2021000000308430 0.090 37.7 189.8 130.1 270.9 80
2021000000308430 0.089 -7.6 1.3 82.5 4.0 80
2021000000308430 0.089 -28.0 224.0 66.6 331.1 80
2021000000308430 0.089 1.3 187.6 122.6 377.2 80
2021000000308430 0.088 454.6 221.2 587.3 402.7 80
2021000000308430 0.085 515.9 59.9 592.6 105.7 80
2021000000308430 0.084 440.5 0.9 528.1 3.1 80
2021000000308430 0.084 418.1 259.6 549.4 418.2 80
2021000000308430 0.081 503.8 425.8 606.1 468.2 80
2021000000308430 0.081 47.9 365.3 637.3 477.0 1
2021000000308430 0.078 456.7 138.7 637.6 506.0 80
2021000000308430 0.077 436.7 417.8 537.4 463.4 80
2021000000308430 0.077 30.2 252.6 337.2 480.4 10
2021000000308430 0.077 274.0 417.2 379.9 462.8 80
2021000000308430 0.075 35.0 346.9 230.8 480.8 10
2021000000308430 0.074 53.2 336.5 530.0 475.9 10
2021000000308430 0.073 478.9 1.0 550.7 2.2 80
2021000000308430 0.073 381.4 386.5 480.1 437.9 80
2021000000308430 0.072 35.4 244.9 481.5 479.6 10
2021000000308430 0.072 343.7 276.4 536.3 475.5 80
2021000000308430 0.072 95.4 1.0 166.1 1.9 80
2021000000308430 0.072 523.7 0.8 591.5 2.1 80
2021000000308430 0.071 297.0 1.1 366.1 1.8 80
2021000000308430 0.071 31.6 256.7 657.1 481.3 10
2021000000308430 0.069 123.5 11.5 304.2 58.8 80
2021000000308430 0.069 254.5 7.1 410.0 52.0 80
2021000000308430 0.069 174.1 11.5 330.7 58.5 80
2021000000308430 0.069 19.0 174.0 655.0 476.1 10
2021000000308430 0.069 -45.6 8.6 150.4 56.5 80
2021000000308430 0.069 3.9 12.1 175.9 59.6 80
2021000000308430 0.068 31.6 9.0 226.2 56.0 80
2021000000308430 0.068 211.0 10.1 365.9 55.5 80
2021000000308430 0.068 83.0 10.5 250.2 56.8 80
2021000000308430 0.068 -26.1 10.7 70.8 57.8 80
2021000000308430 0.068 248.7 1.0 314.2 1.6 80
2021000000308430 0.067 47.9 365.3 637.3 477.0 10
2021000000308430 0.067 -32.6 36.1 53.4 83.1 80
2021000000308430 0.067 34.9 315.2 646.5 478.2 1
2021000000308430 0.790 606.5 424.9 640.2 477.2 80
2021000000308430 0.767 518.5 0.6 636.2 141.3 80
2021000000308430 0.758 325.9 7.2 640.0 89.6 80
2021000000308430 0.747 637.6 208.3 640.0 413.6 80
2021000000308430 0.744 637.5 60.2 639.9 195.8 80
2021000000308430 0.738 506.6 3.1 626.8 43.4 80
2021000000308430 0.737 1.8 451.9 62.0 479.3 80
2021000000308430 0.736 17.7 168.5 303.3 483.2 80
2021000000308430 0.728 632.4 -15.3 640.6 238.0 80
2021000000308430 0.728 635.4 26.0 640.5 445.1 80
2021000000308430 0.726 379.5 0.0 629.6 28.2 80
2021000000308430 0.723 16.0 155.4 630.7 471.6 80
2021000000308430 0.721 638.0 20.7 639.9 71.9 80
2021000000308430 0.721 15.3 141.7 445.4 473.8 80
2021000000308430 0.718 0.9 298.4 3.0 408.0 80
2021000000308430 0.714 10.5 340.9 200.7 479.1 80
2021000000308430 0.714 1.6 1.2 640.6 479.6 80
2021000000308430 0.712 35.0 346.9 230.8 480.8 80
2021000000308430 0.711 19.0 174.0 655.0 476.1 80
2021000000308430 0.702 30.2 252.6 337.2 480.4 80
2021000000308430 0.701 35.4 244.9 481.5 479.6 80
2021000000308430 0.700 19.7 363.8 644.8 476.4 80
2021000000308430 0.695 508.7 0.5 638.1 77.4 80
2021000000308430 0.686 50.6 328.6 369.1 478.4 80
2021000000308430 0.679 53.2 336.5 530.0 475.9 80
2021000000308430 0.679 31.6 256.7 657.1 481.3 80
2021000000308430 0.672 34.9 315.2 646.5 478.2 80
2021000000308430 0.651 7.4 434.8 196.9 478.2 80
2021000000308430 0.648 42.3 378.4 431.6 477.8 80
2021000000308430 0.645 47.9 365.3 637.3 477.0 80
2021000000308430 0.628 50.4 406.4 309.0 479.9 80
2021000000308430 0.593 46.8 412.1 224.4 479.9 80
2021000000308430 0.578 39.8 417.3 213.3 480.0 80
2021000000308430 0.236 -18.8 22.1 243.6 482.7 80
2021000000308430 0.233 -6.1 62.8 75.9 522.1 80
2021000000308430 0.171 39.8 417.3 213.3 480.0 10
2021000000308430 0.161 46.8 412.1 224.4 479.9 10
2021000000308430 0.156 142.9 199.5 431.4 413.9 80
2021000000308430 0.120 50.4 406.4 309.0 479.9 10
2021000000308430 0.119 351.8 202.8 466.4 277.0 80
2021000000308430 0.113 120.5 166.7 308.2 362.4 80
2021000000308430 0.113 180.5 466.7 674.3 483.1 80
2021000000308430 0.109 309.9 208.8 415.3 282.4 80
2021000000308430 0.106 110.0 331.9 617.6 480.3 80
2021000000308430 0.104 71.5 158.0 225.3 339.0 80
2021000000308430 0.101 266.3 239.9 412.7 364.0 80
2021000000308430 0.101 238.2 209.8 368.6 318.7 80
2021000000308430 0.099 480.6 198.8 599.8 313.8 80
2021000000308430 0.098 200.8 200.9 322.2 302.6 80
2021000000308430 0.098 145.7 1.4 245.8 5.4 80
2021000000308430 0.097 323.9 248.2 457.7 364.0 80
2021000000308430 0.096 438.2 216.8 560.0 331.8 80
2021000000308430 0.096 404.5 234.9 522.9 341.7 80
2021000000308430 0.094 42.3 378.4 431.6 477.8 10
2021000000308430 0.093 536.7 1.3 629.3 5.6 80
2021000000308430 0.093 496.6 164.5 634.3 404.6 80
2021000000308430 0.093 7.4 434.8 196.9 478.2 10
2021000000308430 0.093 367.4 254.5 495.8 372.8 80
2021000000308430 0.092 546.3 202.2 656.5 368.6 80
2021000000308430 0.092 403.8 1.5 499.6 5.1 80
2021000000308430 0.092 519.5 75.0 650.2 507.4 80
2021000000308430 0.090 50.6 328.6 369.1 478.4 10
2021000000308430 0.090 37.7 189.8 130.1 270.9 80
2021000000308430 0.089 -7.6 1.3 82.5 4.0 80
2021000000308430 0.089 -28.0 224.0 66.6 331.1 80
2021000000308430 0.089 1.3 187.6 122.6 377.2 80
2021000000308430 0.088 454.6 221.2 587.3 402.7 80
2021000000308430 0.085 515.9 59.9 592.6 105.7 80
2021000000308430 0.084 440.5 0.9 528.1 3.1 80
2021000000308430 0.084 418.1 259.6 549.4 418.2 80
2021000000308430 0.081 503.8 425.8 606.1 468.2 80
2021000000308430 0.081 47.9 365.3 637.3 477.0 1
2021000000308430 0.078 456.7 138.7 637.6 506.0 80
2021000000308430 0.077 436.7 417.8 537.4 463.4 80
2021000000308430 0.077 30.2 252.6 337.2 480.4 10
2021000000308430 0.077 274.0 417.2 379.9 462.8 80
2021000000308430 0.075 35.0 346.9 230.8 480.8 10
2021000000308430 0.074 53.2 336.5 530.0 475.9 10
2021000000308430 0.073 478.9 1.0 550.7 2.2 80
2021000000308430 0.073 381.4 386.5 480.1 437.9 80
2021000000308430 0.072 35.4 244.9 481.5 479.6 10
2021000000308430 0.072 343.7 276.4 536.3 475.5 80
2021000000308430 0.072 95.4 1.0 166.1 1.9 80
2021000000308430 0.072 523.7 0.8 591.5 2.1 80
2021000000308430 0.071 297.0 1.1 366.1 1.8 80
2021000000308430 0.071 31.6 256.7 657.1 481.3 10
2021000000308430 0.069 123.5 11.5 304.2 58.8 80
2021000000308430 0.069 254.5 7.1 410.0 52.0 80
2021000000308430 0.069 174.1 11.5 330.7 58.5 80
2021000000308430 0.069 19.0 174.0 655.0 476.1 10
2021000000308430 0.069 -45.6 8.6 150.4 56.5 80
2021000000308430 0.069 3.9 12.1 175.9 59.6 80
2021000000308430 0.068 31.6 9.0 226.2 56.0 80
2021000000308430 0.068 211.0 10.1 365.9 55.5 80
2021000000308430 0.068 83.0 10.5 250.2 56.8 80
2021000000308430 0.068 -26.1 10.7 70.8 57.8 80
2021000000308430 0.068 248.7 1.0 314.2 1.6 80
2021000000308430 0.067 47.9 365.3 637.3 477.0 10
2021000000308430 0.067 -32.6 36.1 53.4 83.1 80
2021000000308430 0.067 34.9 315.2 646.5 478.2 1
