2021000000524280 0.780 594.4 559.5 647.2 637.1 80
2021000000524280 0.771 59.8 185.5 646.9 638.3 80
2021000000524280 0.765 61.2 11.9 637.4 639.6 80
2021000000524280 0.763 69.9 32.1 626.3 643.6 80
2021000000524280 0.761 58.8 238.7 110.8 358.9 80
2021000000524280 0.760 60.1 251.9 114.0 370.3 80
2021000000524280 0.759 182.7 62.1 425.9 428.1 80
2021000000524280 0.755 3.1 5.6 640.4 640.9 80
2021000000524280 0.746 635.7 311.0 640.9 480.0 80
2021000000524280 0.746 637.0 336.5 640.5 567.4 80
2021000000524280 0.737 634.4 227.9 640.7 524.8 80
2021000000524280 0.701 59.7 6.4 636.9 634.0 6
2021000000524280 0.165 59.7 6.4 636.9 634.0 16
2021000000524280 0.139 125.7 83.2 246.1 148.3 80
2021000000524280 0.123 257.3 128.9 354.9 199.7 80
2021000000524280 0.118 166.3 322.5 315.6 495.1 80
2021000000524280 0.110 280.1 170.7 403.0 279.3 80
2021000000524280 0.110 231.4 222.5 327.3 304.1 80
2021000000524280 0.105 200.2 270.7 318.3 397.1 80
2021000000524280 0.103 152.5 290.3 272.9 423.8 80
2021000000524280 0.102 224.6 354.0 338.8 473.9 80
2021000000524280 0.100 98.9 289.5 196.3 385.2 80
2021000000524280 0.099 571.4 244.7 654.7 336.7 80
2021000000524280 0.098 336.9 227.8 436.1 320.2 80
2021000000524280 0.097 393.3 273.4 488.8 369.4 80
2021000000524280 0.096 344.0 448.3 456.2 544.2 80
2021000000524280 0.096 376.3 374.5 479.9 477.9 80
2021000000524280 0.095 144.3 622.7 368.2 642.4 80
2021000000524280 0.095 112.7 340.0 227.1 474.9 80
2021000000524280 0.095 360.1 297.3 456.5 391.9 80
2021000000524280 0.095 261.4 415.3 370.8 519.5 80
2021000000524280 0.094 545.9 269.4 656.3 489.5 80
2021000000524280 0.094 304.9 605.2 475.1 637.7 80
2021000000524280 0.093 254.9 306.9 352.5 412.9 80
2021000000524280 0.093 410.0 332.1 515.4 451.5 80
2021000000524280 0.093 445.6 308.7 551.0 432.0 80
2021000000524280 0.092 139.5 393.4 259.1 534.7 80
2021000000524280 0.092 -9.5 130.1 39.0 720.4 80
2021000000524280 0.091 492.3 293.8 587.7 405.0 80
2021000000524280 0.090 -8.8 1.5 84.1 5.9 80
2021000000524280 0.090 533.1 264.2 627.0 381.0 80
2021000000524280 0.088 504.9 305.9 623.6 498.1 80
2021000000524280 0.088 -23.8 306.6 62.0 431.7 80
2021000000524280 0.087 464.6 354.5 575.9 506.9 80
2021000000524280 0.087 14.9 323.9 107.3 452.6 80
2021000000524280 0.087 59.7 6.4 636.9 634.0 15
2021000000524280 0.085 511.9 133.8 658.5 683.6 80
2021000000524280 0.085 426.6 390.8 539.0 536.7 80
2021000000524280 0.084 516.3 0.9 602.3 3.4 80
2021000000524280 0.084 -18.8 207.5 91.9 633.3 80
2021000000524280 0.084 441.3 1.2 526.5 3.5 80
2021000000524280 0.083 74.9 362.9 192.7 553.5 80
2021000000524280 0.081 -26.2 569.2 49.9 625.1 80
2021000000524280 0.080 196.4 1.0 279.1 3.1 80
2021000000524280 0.079 16.3 550.9 154.2 615.9 80
2021000000524280 0.078 112.4 557.8 249.6 619.8 80
2021000000524280 0.077 173.6 345.1 346.8 623.6 80
2021000000524280 0.077 26.1 208.4 147.5 660.8 80
2021000000524280 0.076 -17.0 521.1 72.6 585.8 80
2021000000524280 0.076 477.6 1.2 553.8 2.7 80
2021000000524280 0.075 509.9 530.3 611.0 597.3 80
2021000000524280 0.074 195.6 451.9 451.3 640.3 80
2021000000524280 0.074 445.7 525.4 545.2 593.1 80
2021000000524280 0.074 171.2 551.1 283.6 616.0 80
2021000000524280 0.074 3.9 507.0 110.8 578.8 80
2021000000524280 0.073 51.2 531.2 158.1 598.9 80
2021000000524280 0.073 239.2 530.2 352.9 597.2 80
2021000000524280 0.072 465.2 283.2 624.8 656.5 80
2021000000524280 0.072 101.1 514.9 206.1 583.6 80
2021000000524280 0.072 97.6 405.2 333.1 638.7 80
2021000000524280 0.072 363.3 378.1 515.0 632.1 80
2021000000524280 0.072 311.4 505.3 415.3 574.5 80
2021000000524280 0.071 385.8 494.6 481.4 564.1 80
2021000000524280 0.069 95.7 1.0 163.0 2.5 80
2021000000524280 0.069 484.8 11.5 695.5 78.5 80
2021000000524280 0.069 367.0 9.0 561.2 73.8 80
2021000000524280 0.069 407.8 12.4 614.1 77.3 80
2021000000524280 0.068 0.8 10.1 262.3 74.4 80
2021000000524280 0.068 -54.9 8.7 161.3 72.8 80
2021000000524280 0.068 -15.1 13.2 198.7 77.1 80
2021000000524280 0.068 -25.5 14.7 69.8 78.6 80
2021000000524280 0.068 127.0 8.3 304.7 70.3 80
2021000000524280 0.068 333.0 8.4 493.2 71.2 80
2021000000524280 0.068 80.5 10.7 256.3 73.3 80
2021000000524280 0.067 260.9 3.9 409.7 66.1 80
2021000000524280 0.067 -32.5 49.8 53.3 113.9 80
2021000000524280 0.067 385.0 0.7 449.1 1.8 80
2021000000524280 0.067 186.5 5.1 323.8 65.1 80
2021000000524280 0.067 230.3 6.6 343.2 66.6 80
2021000000524280 0.067 319.5 16.1 409.4 76.1 80
2021000000524280 0.066 572.5 27.6 658.7 86.3 80
2021000000524280 0.066 488.6 17.1 592.3 73.2 80
2021000000524280 0.064 389.2 17.9 469.2 68.8 80
2021000000524280 0.064 -4.1 28.5 70.6 79.6 80
2021000000524280 0.064 343.3 0.5 406.1 1.8 80
2021000000524280 0.061 442.0 11.0 511.7 47.5 80
2021000000524280 0.060 321.1 9.9 379.6 38.9 80
2021000000524280 0.059 533.3 10.3 600.9 41.6 80
2021000000524280 0.059 104.6 5.7 169.1 34.1 80
2021000000524280 0.058 64.5 4.7 123.9 26.6 80
2021000000524280 0.780 594.4 559.5 647.2 637.1 80
2021000000524280 0.771 59.8 185.5 646.9 638.3 80
2021000000524280 0.765 61.2 11.9 637.4 639.6 80
2021000000524280 0.763 69.9 32.1 626.3 643.6 80
2021000000524280 0.761 58.8 238.7 110.8 358.9 80
2021000000524280 0.760 60.1 251.9 114.0 370.3 80
2021000000524280 0.759 182.7 62.1 425.9 428.1 80
2021000000524280 0.755 3.1 5.6 640.4 640.9 80
2021000000524280 0.746 635.7 311.0 640.9 480.0 80
2021000000524280 0.746 637.0 336.5 640.5 567.4 80
2021000000524280 0.737 634.4 227.9 640.7 524.8 80
2021000000524280 0.701 59.7 6.4 636.9 634.0 6
2021000000524280 0.165 59.7 6.4 636.9 634.0 16
2021000000524280 0.139 125.7 83.2 246.1 148.3 80
2021000000524280 0.123 257.3 128.9 354.9 199.7 80
2021000000524280 0.118 166.3 322.5 315.6 495.1 80
2021000000524280 0.110 280.1 170.7 403.0 279.3 80
2021000000524280 0.110 231.4 222.5 327.3 304.1 80
2021000000524280 0.105 200.2 270.7 318.3 397.1 80
2021000000524280 0.103 152.5 290.3 272.9 423.8 80
2021000000524280 0.102 224.6 354.0 338.8 473.9 80
2021000000524280 0.100 98.9 289.5 196.3 385.2 80
2021000000524280 0.099 571.4 244.7 654.7 336.7 80
2021000000524280 0.098 336.9 227.8 436.1 320.2 80
2021000000524280 0.097 393.3 273.4 488.8 369.4 80
2021000000524280 0.096 344.0 448.3 456.2 544.2 80
2021000000524280 0.096 376.3 374.5 479.9 477.9 80
2021000000524280 0.095 144.3 622.7 368.2 642.4 80
2021000000524280 0.095 112.7 340.0 227.1 474.9 80
2021000000524280 0.095 360.1 297.3 456.5 391.9 80
2021000000524280 0.095 261.4 415.3 370.8 519.5 80
2021000000524280 0.094 545.9 269.4 656.3 489.5 80
2021000000524280 0.094 304.9 605.2 475.1 637.7 80
2021000000524280 0.093 254.9 306.9 352.5 412.9 80
2021000000524280 0.093 410.0 332.1 515.4 451.5 80
2021000000524280 0.093 445.6 308.7 551.0 432.0 80
2021000000524280 0.092 139.5 393.4 259.1 534.7 80
2021000000524280 0.092 -9.5 130.1 39.0 720.4 80
2021000000524280 0.091 492.3 293.8 587.7 405.0 80
2021000000524280 0.090 -8.8 1.5 84.1 5.9 80
2021000000524280 0.090 533.1 264.2 627.0 381.0 80
2021000000524280 0.088 504.9 305.9 623.6 498.1 80
2021000000524280 0.088 -23.8 306.6 62.0 431.7 80
2021000000524280 0.087 464.6 354.5 575.9 506.9 80
2021000000524280 0.087 14.9 323.9 107.3 452.6 80
2021000000524280 0.087 59.7 6.4 636.9 634.0 15
2021000000524280 0.085 511.9 133.8 658.5 683.6 80
2021000000524280 0.085 426.6 390.8 539.0 536.7 80
2021000000524280 0.084 516.3 0.9 602.3 3.4 80
2021000000524280 0.084 -18.8 207.5 91.9 633.3 80
2021000000524280 0.084 441.3 1.2 526.5 3.5 80
2021000000524280 0.083 74.9 362.9 192.7 553.5 80
2021000000524280 0.081 -26.2 569.2 49.9 625.1 80
2021000000524280 0.080 196.4 1.0 279.1 3.1 80
2021000000524280 0.079 16.3 550.9 154.2 615.9 80
2021000000524280 0.078 112.4 557.8 249.6 619.8 80
2021000000524280 0.077 173.6 345.1 346.8 623.6 80
2021000000524280 0.077 26.1 208.4 147.5 660.8 80
2021000000524280 0.076 -17.0 521.1 72.6 585.8 80
2021000000524280 0.076 477.6 1.2 553.8 2.7 80
2021000000524280 0.075 509.9 530.3 611.0 597.3 80
2021000000524280 0.074 195.6 451.9 451.3 640.3 80
2021000000524280 0.074 445.7 525.4 545.2 593.1 80
2021000000524280 0.074 171.2 551.1 283.6 616.0 80
2021000000524280 0.074 3.9 507.0 110.8 578.8 80
2021000000524280 0.073 51.2 531.2 158.1 598.9 80
2021000000524280 0.073 239.2 530.2 352.9 597.2 80
2021000000524280 0.072 465.2 283.2 624.8 656.5 80
2021000000524280 0.072 101.1 514.9 206.1 583.6 80
2021000000524280 0.072 97.6 405.2 333.1 638.7 80
2021000000524280 0.072 363.3 378.1 515.0 632.1 80
2021000000524280 0.072 311.4 505.3 415.3 574.5 80
2021000000524280 0.071 385.8 494.6 481.4 564.1 80
2021000000524280 0.069 95.7 1.0 163.0 2.5 80
2021000000524280 0.069 484.8 11.5 695.5 78.5 80
2021000000524280 0.069 367.0 9.0 561.2 73.8 80
2021000000524280 0.069 407.8 12.4 614.1 77.3 80
2021000000524280 0.068 0.8 10.1 262.3 74.4 80
2021000000524280 0.068 -54.9 8.7 161.3 72.8 80
2021000000524280 0.068 -15.1 13.2 198.7 77.1 80
2021000000524280 0.068 -25.5 14.7 69.8 78.6 80
2021000000524280 0.068 127.0 8.3 304.7 70.3 80
2021000000524280 0.068 333.0 8.4 493.2 71.2 80
2021000000524280 0.068 80.5 10.7 256.3 73.3 80
2021000000524280 0.067 260.9 3.9 409.7 66.1 80
2021000000524280 0.067 -32.5 49.8 53.3 113.9 80
2021000000524280 0.067 385.0 0.7 449.1 1.8 80
2021000000524280 0.067 186.5 5.1 323.8 65.1 80
2021000000524280 0.067 230.3 6.6 343.2 66.6 80
2021000000524280 0.067 319.5 16.1 409.4 76.1 80
2021000000524280 0.066 572.5 27.6 658.7 86.3 80
2021000000524280 0.066 488.6 17.1 592.3 73.2 80
2021000000524280 0.064 389.2 17.9 469.2 68.8 80
2021000000524280 0.064 -4.1 28.5 70.6 79.6 80
2021000000524280 0.064 343.3 0.5 406.1 1.8 80
2021000000524280 0.061 442.0 11.0 511.7 47.5 80
2021000000524280 0.060 321.1 9.9 379.6 38.9 80
2021000000524280 0.059 533.3 10.3 600.9 41.6 80
2021000000524280 0.059 104.6 5.7 169.1 34.1 80
2021000000524280 0.058 64.5 4.7 123.9 26.6 80
