2021000000261888 0.793 603.0 375.5 637.8 423.5 80
2021000000261888 0.780 357.0 144.1 478.5 394.1 18
2021000000261888 0.772 108.0 151.2 533.1 360.1 80
2021000000261888 0.765 363.9 145.1 463.1 258.2 80
2021000000261888 0.750 372.3 233.7 411.9 276.4 80
2021000000261888 0.746 238.5 227.3 265.9 273.1 80
2021000000261888 0.743 229.9 234.2 251.1 274.1 80
2021000000261888 0.740 363.3 274.6 514.1 378.8 80
2021000000261888 0.738 393.2 199.4 471.3 385.5 80
2021000000261888 0.732 256.9 30.1 262.4 33.9 80
2021000000261888 0.732 349.1 255.9 366.7 279.1 80
2021000000261888 0.728 355.0 256.3 382.0 278.8 80
2021000000261888 0.728 248.4 229.7 271.6 261.4 80
2021000000261888 0.726 279.0 235.7 295.5 263.4 80
2021000000261888 0.726 639.2 266.6 640.0 371.4 80
2021000000261888 0.721 639.6 120.3 639.9 196.7 80
2021000000261888 0.714 444.2 260.8 487.6 282.4 80
2021000000261888 0.712 349.9 257.1 374.1 283.3 80
2021000000261888 0.709 450.3 267.5 527.4 378.6 80
2021000000261888 0.706 358.4 265.0 453.0 379.8 80
2021000000261888 0.702 287.0 232.9 314.1 262.3 80
2021000000261888 0.699 339.2 251.9 528.0 390.2 1
2021000000261888 0.692 459.0 258.8 489.2 280.0 80
2021000000261888 0.688 350.2 250.2 518.5 391.1 80
2021000000261888 0.682 281.1 250.4 287.3 265.4 80
2021000000261888 0.665 287.0 232.3 315.0 287.9 80
2021000000261888 0.658 287.6 234.3 315.0 291.2 80
2021000000261888 0.649 329.9 267.7 519.1 377.8 80
2021000000261888 0.638 239.5 230.7 269.6 294.5 80
2021000000261888 0.605 240.8 231.4 271.0 292.7 7
2021000000261888 0.556 346.8 268.1 456.6 381.2 80
2021000000261888 0.520 286.6 235.4 314.2 292.7 9
2021000000261888 0.296 351.0 256.3 379.2 283.6 80
2021000000261888 0.267 286.6 235.4 314.2 292.7 7
2021000000261888 0.247 351.0 256.3 379.2 283.6 8
2021000000261888 0.220 351.0 256.3 379.2 283.6 7
2021000000261888 0.136 351.0 256.3 379.2 283.6 9
2021000000261888 0.131 346.8 268.1 456.6 381.2 1
2021000000261888 0.123 255.5 114.9 340.5 163.9 80
2021000000261888 0.120 240.8 231.4 271.0 292.7 9
2021000000261888 0.118 363.5 126.3 461.5 193.4 80
2021000000261888 0.111 -92.6 416.7 265.8 427.6 80
2021000000261888 0.105 103.2 200.1 190.2 250.7 80
2021000000261888 0.103 468.8 265.6 563.1 323.2 80
2021000000261888 0.103 351.0 256.3 379.2 283.6 18
2021000000261888 0.101 144.6 2.1 246.8 7.0 80
2021000000261888 0.097 149.1 278.2 246.2 340.7 80
2021000000261888 0.097 166.3 215.4 260.1 277.9 80
2021000000261888 0.096 177.8 311.8 270.6 370.0 80
2021000000261888 0.096 301.1 128.4 387.9 180.7 80
2021000000261888 0.096 121.9 241.5 216.4 304.1 80
2021000000261888 0.096 188.4 155.9 274.2 209.4 80
2021000000261888 0.096 412.5 127.4 498.2 181.9 80
2021000000261888 0.095 57.4 411.2 198.3 428.8 80
2021000000261888 0.094 240.8 231.4 271.0 292.7 80
2021000000261888 0.093 571.7 170.6 665.5 418.7 80
2021000000261888 0.093 138.0 410.1 267.7 430.0 80
2021000000261888 0.093 469.8 168.8 554.2 221.0 80
2021000000261888 0.093 286.6 235.4 314.2 292.7 80
2021000000261888 0.093 537.0 186.3 622.5 244.4 80
2021000000261888 0.092 64.5 222.0 153.5 283.6 80
2021000000261888 0.091 239.5 230.7 269.6 294.5 7
2021000000261888 0.090 553.5 222.7 647.5 303.6 80
2021000000261888 0.090 81.2 265.5 190.3 352.9 80
2021000000261888 0.089 350.2 250.2 518.5 391.1 1
2021000000261888 0.089 493.8 202.2 586.6 270.0 80
2021000000261888 0.088 515.8 233.0 613.3 318.9 80
2021000000261888 0.087 570.0 1.1 658.3 2.9 80
2021000000261888 0.087 -22.8 211.2 61.4 276.6 80
2021000000261888 0.086 15.9 220.6 107.1 296.3 80
2021000000261888 0.085 343.6 0.4 430.2 1.8 80
2021000000261888 0.083 -28.3 388.1 52.4 421.7 80
2021000000261888 0.081 36.5 255.8 140.3 366.1 80
2021000000261888 0.080 -21.0 125.2 54.0 484.8 80
2021000000261888 0.080 -10.8 240.3 90.4 361.2 80
2021000000261888 0.079 -21.4 364.1 80.8 405.0 80
2021000000261888 0.079 506.4 372.0 614.2 412.1 80
2021000000261888 0.079 36.1 382.1 161.4 421.9 80
2021000000261888 0.079 -6.1 370.6 115.9 412.6 80
2021000000261888 0.077 486.7 252.3 603.8 397.2 80
2021000000261888 0.077 351.0 256.3 379.2 283.6 5
2021000000261888 0.076 523.1 137.9 645.4 451.0 80
2021000000261888 0.076 440.9 362.8 540.2 405.2 80
2021000000261888 0.076 366.4 364.1 456.1 406.1 80
2021000000261888 0.074 287.6 234.3 315.0 291.2 9
2021000000261888 0.072 522.4 1.0 592.3 1.5 80
2021000000261888 0.070 506.4 11.1 668.9 55.6 80
2021000000261888 0.069 368.0 9.1 556.2 53.1 80
2021000000261888 0.069 0.9 14.3 176.6 58.2 80
2021000000261888 0.069 37.3 11.5 214.9 55.1 80
2021000000261888 0.069 -39.4 9.3 142.8 52.9 80
2021000000261888 0.069 -36.4 43.8 57.5 88.5 80
2021000000261888 0.068 425.4 9.6 591.1 52.4 80
2021000000261888 0.068 249.7 6.4 418.4 49.4 80
2021000000261888 0.068 -35.5 11.9 81.5 55.0 80
2021000000261888 0.068 316.8 6.5 516.1 49.4 80
2021000000261888 0.068 567.5 30.8 662.1 73.6 80
2021000000261888 0.068 94.5 10.4 232.3 52.7 80
2021000000261888 0.068 218.3 8.9 353.3 51.1 80
2021000000261888 0.068 193.2 6.5 303.3 47.8 80
2021000000261888 0.793 603.0 375.5 637.8 423.5 80
2021000000261888 0.780 357.0 144.1 478.5 394.1 18
2021000000261888 0.772 108.0 151.2 533.1 360.1 80
2021000000261888 0.765 363.9 145.1 463.1 258.2 80
2021000000261888 0.750 372.3 233.7 411.9 276.4 80
2021000000261888 0.746 238.5 227.3 265.9 273.1 80
2021000000261888 0.743 229.9 234.2 251.1 274.1 80
2021000000261888 0.740 363.3 274.6 514.1 378.8 80
2021000000261888 0.738 393.2 199.4 471.3 385.5 80
2021000000261888 0.732 256.9 30.1 262.4 33.9 80
2021000000261888 0.732 349.1 255.9 366.7 279.1 80
2021000000261888 0.728 355.0 256.3 382.0 278.8 80
2021000000261888 0.728 248.4 229.7 271.6 261.4 80
2021000000261888 0.726 279.0 235.7 295.5 263.4 80
2021000000261888 0.726 639.2 266.6 640.0 371.4 80
2021000000261888 0.721 639.6 120.3 639.9 196.7 80
2021000000261888 0.714 444.2 260.8 487.6 282.4 80
2021000000261888 0.712 349.9 257.1 374.1 283.3 80
2021000000261888 0.709 450.3 267.5 527.4 378.6 80
2021000000261888 0.706 358.4 265.0 453.0 379.8 80
2021000000261888 0.702 287.0 232.9 314.1 262.3 80
2021000000261888 0.699 339.2 251.9 528.0 390.2 1
2021000000261888 0.692 459.0 258.8 489.2 280.0 80
2021000000261888 0.688 350.2 250.2 518.5 391.1 80
2021000000261888 0.682 281.1 250.4 287.3 265.4 80
2021000000261888 0.665 287.0 232.3 315.0 287.9 80
2021000000261888 0.658 287.6 234.3 315.0 291.2 80
2021000000261888 0.649 329.9 267.7 519.1 377.8 80
2021000000261888 0.638 239.5 230.7 269.6 294.5 80
2021000000261888 0.605 240.8 231.4 271.0 292.7 7
2021000000261888 0.556 346.8 268.1 456.6 381.2 80
2021000000261888 0.520 286.6 235.4 314.2 292.7 9
2021000000261888 0.296 351.0 256.3 379.2 283.6 80
2021000000261888 0.267 286.6 235.4 314.2 292.7 7
2021000000261888 0.247 351.0 256.3 379.2 283.6 8
2021000000261888 0.220 351.0 256.3 379.2 283.6 7
2021000000261888 0.136 351.0 256.3 379.2 283.6 9
2021000000261888 0.131 346.8 268.1 456.6 381.2 1
2021000000261888 0.123 255.5 114.9 340.5 163.9 80
2021000000261888 0.120 240.8 231.4 271.0 292.7 9
2021000000261888 0.118 363.5 126.3 461.5 193.4 80
2021000000261888 0.111 -92.6 416.7 265.8 427.6 80
2021000000261888 0.105 103.2 200.1 190.2 250.7 80
2021000000261888 0.103 468.8 265.6 563.1 323.2 80
2021000000261888 0.103 351.0 256.3 379.2 283.6 18
2021000000261888 0.101 144.6 2.1 246.8 7.0 80
2021000000261888 0.097 149.1 278.2 246.2 340.7 80
2021000000261888 0.097 166.3 215.4 260.1 277.9 80
2021000000261888 0.096 177.8 311.8 270.6 370.0 80
2021000000261888 0.096 301.1 128.4 387.9 180.7 80
2021000000261888 0.096 121.9 241.5 216.4 304.1 80
2021000000261888 0.096 188.4 155.9 274.2 209.4 80
2021000000261888 0.096 412.5 127.4 498.2 181.9 80
2021000000261888 0.095 57.4 411.2 198.3 428.8 80
2021000000261888 0.094 240.8 231.4 271.0 292.7 80
2021000000261888 0.093 571.7 170.6 665.5 418.7 80
2021000000261888 0.093 138.0 410.1 267.7 430.0 80
2021000000261888 0.093 469.8 168.8 554.2 221.0 80
2021000000261888 0.093 286.6 235.4 314.2 292.7 80
2021000000261888 0.093 537.0 186.3 622.5 244.4 80
2021000000261888 0.092 64.5 222.0 153.5 283.6 80
2021000000261888 0.091 239.5 230.7 269.6 294.5 7
2021000000261888 0.090 553.5 222.7 647.5 303.6 80
2021000000261888 0.090 81.2 265.5 190.3 352.9 80
2021000000261888 0.089 350.2 250.2 518.5 391.1 1
2021000000261888 0.089 493.8 202.2 586.6 270.0 80
2021000000261888 0.088 515.8 233.0 613.3 318.9 80
2021000000261888 0.087 570.0 1.1 658.3 2.9 80
2021000000261888 0.087 -22.8 211.2 61.4 276.6 80
2021000000261888 0.086 15.9 220.6 107.1 296.3 80
2021000000261888 0.085 343.6 0.4 430.2 1.8 80
2021000000261888 0.083 -28.3 388.1 52.4 421.7 80
2021000000261888 0.081 36.5 255.8 140.3 366.1 80
2021000000261888 0.080 -21.0 125.2 54.0 484.8 80
2021000000261888 0.080 -10.8 240.3 90.4 361.2 80
2021000000261888 0.079 -21.4 364.1 80.8 405.0 80
2021000000261888 0.079 506.4 372.0 614.2 412.1 80
2021000000261888 0.079 36.1 382.1 161.4 421.9 80
2021000000261888 0.079 -6.1 370.6 115.9 412.6 80
2021000000261888 0.077 486.7 252.3 603.8 397.2 80
2021000000261888 0.077 351.0 256.3 379.2 283.6 5
2021000000261888 0.076 523.1 137.9 645.4 451.0 80
2021000000261888 0.076 440.9 362.8 540.2 405.2 80
2021000000261888 0.076 366.4 364.1 456.1 406.1 80
2021000000261888 0.074 287.6 234.3 315.0 291.2 9
2021000000261888 0.072 522.4 1.0 592.3 1.5 80
2021000000261888 0.070 506.4 11.1 668.9 55.6 80
2021000000261888 0.069 368.0 9.1 556.2 53.1 80
2021000000261888 0.069 0.9 14.3 176.6 58.2 80
2021000000261888 0.069 37.3 11.5 214.9 55.1 80
2021000000261888 0.069 -39.4 9.3 142.8 52.9 80
2021000000261888 0.069 -36.4 43.8 57.5 88.5 80
2021000000261888 0.068 425.4 9.6 591.1 52.4 80
2021000000261888 0.068 249.7 6.4 418.4 49.4 80
2021000000261888 0.068 -35.5 11.9 81.5 55.0 80
2021000000261888 0.068 316.8 6.5 516.1 49.4 80
2021000000261888 0.068 567.5 30.8 662.1 73.6 80
2021000000261888 0.068 94.5 10.4 232.3 52.7 80
2021000000261888 0.068 218.3 8.9 353.3 51.1 80
2021000000261888 0.068 193.2 6.5 303.3 47.8 80
2021000000261888 0.793 603.0 375.5 637.8 423.5 80
2021000000261888 0.780 357.0 144.1 478.5 394.1 18
2021000000261888 0.772 108.0 151.2 533.1 360.1 80
2021000000261888 0.765 363.9 145.1 463.1 258.2 80
2021000000261888 0.750 372.3 233.7 411.9 276.4 80
2021000000261888 0.746 238.5 227.3 265.9 273.1 80
2021000000261888 0.743 229.9 234.2 251.1 274.1 80
2021000000261888 0.740 363.3 274.6 514.1 378.8 80
2021000000261888 0.738 393.2 199.4 471.3 385.5 80
2021000000261888 0.732 256.9 30.1 262.4 33.9 80
2021000000261888 0.732 349.1 255.9 366.7 279.1 80
2021000000261888 0.728 355.0 256.3 382.0 278.8 80
2021000000261888 0.728 248.4 229.7 271.6 261.4 80
2021000000261888 0.726 279.0 235.7 295.5 263.4 80
2021000000261888 0.726 639.2 266.6 640.0 371.4 80
2021000000261888 0.721 639.6 120.3 639.9 196.7 80
2021000000261888 0.714 444.2 260.8 487.6 282.4 80
2021000000261888 0.712 349.9 257.1 374.1 283.3 80
2021000000261888 0.709 450.3 267.5 527.4 378.6 80
2021000000261888 0.706 358.4 265.0 453.0 379.8 80
2021000000261888 0.702 287.0 232.9 314.1 262.3 80
2021000000261888 0.699 339.2 251.9 528.0 390.2 1
2021000000261888 0.692 459.0 258.8 489.2 280.0 80
2021000000261888 0.688 350.2 250.2 518.5 391.1 80
2021000000261888 0.682 281.1 250.4 287.3 265.4 80
2021000000261888 0.665 287.0 232.3 315.0 287.9 80
2021000000261888 0.658 287.6 234.3 315.0 291.2 80
2021000000261888 0.649 329.9 267.7 519.1 377.8 80
2021000000261888 0.638 239.5 230.7 269.6 294.5 80
2021000000261888 0.605 240.8 231.4 271.0 292.7 7
2021000000261888 0.556 346.8 268.1 456.6 381.2 80
2021000000261888 0.520 286.6 235.4 314.2 292.7 9
2021000000261888 0.296 351.0 256.3 379.2 283.6 80
2021000000261888 0.267 286.6 235.4 314.2 292.7 7
2021000000261888 0.247 351.0 256.3 379.2 283.6 8
2021000000261888 0.220 351.0 256.3 379.2 283.6 7
2021000000261888 0.136 351.0 256.3 379.2 283.6 9
2021000000261888 0.131 346.8 268.1 456.6 381.2 1
2021000000261888 0.123 255.5 114.9 340.5 163.9 80
2021000000261888 0.120 240.8 231.4 271.0 292.7 9
2021000000261888 0.118 363.5 126.3 461.5 193.4 80
2021000000261888 0.111 -92.6 416.7 265.8 427.6 80
2021000000261888 0.105 103.2 200.1 190.2 250.7 80
2021000000261888 0.103 468.8 265.6 563.1 323.2 80
2021000000261888 0.103 351.0 256.3 379.2 283.6 18
2021000000261888 0.101 144.6 2.1 246.8 7.0 80
2021000000261888 0.097 149.1 278.2 246.2 340.7 80
2021000000261888 0.097 166.3 215.4 260.1 277.9 80
2021000000261888 0.096 177.8 311.8 270.6 370.0 80
2021000000261888 0.096 301.1 128.4 387.9 180.7 80
2021000000261888 0.096 121.9 241.5 216.4 304.1 80
2021000000261888 0.096 188.4 155.9 274.2 209.4 80
2021000000261888 0.096 412.5 127.4 498.2 181.9 80
2021000000261888 0.095 57.4 411.2 198.3 428.8 80
2021000000261888 0.094 240.8 231.4 271.0 292.7 80
2021000000261888 0.093 571.7 170.6 665.5 418.7 80
2021000000261888 0.093 138.0 410.1 267.7 430.0 80
2021000000261888 0.093 469.8 168.8 554.2 221.0 80
2021000000261888 0.093 286.6 235.4 314.2 292.7 80
2021000000261888 0.093 537.0 186.3 622.5 244.4 80
2021000000261888 0.092 64.5 222.0 153.5 283.6 80
2021000000261888 0.091 239.5 230.7 269.6 294.5 7
2021000000261888 0.090 553.5 222.7 647.5 303.6 80
2021000000261888 0.090 81.2 265.5 190.3 352.9 80
2021000000261888 0.089 350.2 250.2 518.5 391.1 1
2021000000261888 0.089 493.8 202.2 586.6 270.0 80
2021000000261888 0.088 515.8 233.0 613.3 318.9 80
2021000000261888 0.087 570.0 1.1 658.3 2.9 80
2021000000261888 0.087 -22.8 211.2 61.4 276.6 80
2021000000261888 0.086 15.9 220.6 107.1 296.3 80
2021000000261888 0.085 343.6 0.4 430.2 1.8 80
2021000000261888 0.083 -28.3 388.1 52.4 421.7 80
2021000000261888 0.081 36.5 255.8 140.3 366.1 80
2021000000261888 0.080 -21.0 125.2 54.0 484.8 80
2021000000261888 0.080 -10.8 240.3 90.4 361.2 80
2021000000261888 0.079 -21.4 364.1 80.8 405.0 80
2021000000261888 0.079 506.4 372.0 614.2 412.1 80
2021000000261888 0.079 36.1 382.1 161.4 421.9 80
2021000000261888 0.079 -6.1 370.6 115.9 412.6 80
2021000000261888 0.077 486.7 252.3 603.8 397.2 80
2021000000261888 0.077 351.0 256.3 379.2 283.6 5
2021000000261888 0.076 523.1 137.9 645.4 451.0 80
2021000000261888 0.076 440.9 362.8 540.2 405.2 80
2021000000261888 0.076 366.4 364.1 456.1 406.1 80
2021000000261888 0.074 287.6 234.3 315.0 291.2 9
2021000000261888 0.072 522.4 1.0 592.3 1.5 80
2021000000261888 0.070 506.4 11.1 668.9 55.6 80
2021000000261888 0.069 368.0 9.1 556.2 53.1 80
2021000000261888 0.069 0.9 14.3 176.6 58.2 80
2021000000261888 0.069 37.3 11.5 214.9 55.1 80
2021000000261888 0.069 -39.4 9.3 142.8 52.9 80
2021000000261888 0.069 -36.4 43.8 57.5 88.5 80
2021000000261888 0.068 425.4 9.6 591.1 52.4 80
2021000000261888 0.068 249.7 6.4 418.4 49.4 80
2021000000261888 0.068 -35.5 11.9 81.5 55.0 80
2021000000261888 0.068 316.8 6.5 516.1 49.4 80
2021000000261888 0.068 567.5 30.8 662.1 73.6 80
2021000000261888 0.068 94.5 10.4 232.3 52.7 80
2021000000261888 0.068 218.3 8.9 353.3 51.1 80
2021000000261888 0.068 193.2 6.5 303.3 47.8 80
