2021000000264335 0.779 76.1 31.2 340.7 438.0 80
2021000000264335 0.775 450.2 593.6 484.5 635.7 80
2021000000264335 0.767 71.8 41.4 349.2 585.4 80
2021000000264335 0.767 123.5 123.5 209.4 336.3 80
2021000000264335 0.764 159.6 382.0 303.2 568.2 80
2021000000264335 0.762 74.5 254.7 336.5 604.7 80
2021000000264335 0.761 11.4 54.0 473.4 593.9 80
2021000000264335 0.756 69.3 61.3 356.3 593.2 80
2021000000264335 0.738 156.1 140.2 340.8 565.9 80
2021000000264335 0.725 477.8 428.1 480.6 574.0 80
2021000000264335 0.691 67.6 47.4 349.2 592.6 2
2021000000264335 0.132 292.4 199.5 371.6 279.1 80
2021000000264335 0.125 186.2 149.4 263.5 231.5 80
2021000000264335 0.117 -106.0 619.5 246.1 645.7 80
2021000000264335 0.116 141.9 133.6 233.9 245.5 80
2021000000264335 0.111 198.9 242.1 285.0 350.0 80
2021000000264335 0.109 101.2 246.2 174.4 333.8 80
2021000000264335 0.107 263.5 281.4 348.4 385.2 80
2021000000264335 0.106 134.1 345.1 232.5 493.9 80
2021000000264335 0.105 230.7 286.0 311.7 393.4 80
2021000000264335 0.104 422.8 338.9 504.8 553.5 80
2021000000264335 0.104 438.4 299.3 505.3 408.1 80
2021000000264335 0.100 232.1 431.6 310.2 530.0 80
2021000000264335 0.099 243.8 346.5 339.4 474.8 80
2021000000264335 0.099 121.0 310.0 198.6 421.2 80
2021000000264335 0.097 74.3 288.9 148.8 389.7 80
2021000000264335 0.096 402.0 276.0 467.8 365.6 80
2021000000264335 0.095 305.6 332.7 388.4 450.4 80
2021000000264335 0.095 87.7 349.8 169.3 470.0 80
2021000000264335 0.095 274.7 361.1 368.9 490.4 80
2021000000264335 0.094 413.8 330.7 486.8 457.0 80
2021000000264335 0.094 370.3 301.6 439.7 400.3 80
2021000000264335 0.092 335.2 315.1 413.7 434.5 80
2021000000264335 0.091 108.8 407.6 190.6 528.7 80
2021000000264335 0.090 383.4 336.9 463.9 482.7 80
2021000000264335 0.090 45.4 322.5 120.0 439.8 80
2021000000264335 0.087 -16.8 316.8 45.9 418.4 80
2021000000264335 0.087 350.2 364.5 431.6 504.9 80
2021000000264335 0.087 320.6 401.1 404.9 529.4 80
2021000000264335 0.086 12.0 330.1 80.2 449.3 80
2021000000264335 0.086 59.9 389.0 144.7 535.0 80
2021000000264335 0.086 57.1 509.7 333.6 659.7 80
2021000000264335 0.085 251.0 407.5 356.4 578.5 80
2021000000264335 0.084 233.5 0.3 298.3 3.3 80
2021000000264335 0.084 126.9 0.3 191.2 2.7 80
2021000000264335 0.083 -5.7 376.1 65.3 533.2 80
2021000000264335 0.082 134.4 578.9 235.3 633.7 80
2021000000264335 0.081 27.7 387.4 105.1 548.2 80
2021000000264335 0.079 267.1 0.9 327.3 3.1 80
2021000000264335 0.079 -2.1 1.3 57.3 3.5 80
2021000000264335 0.077 332.8 1.2 390.9 3.0 80
2021000000264335 0.077 150.1 394.0 333.5 665.4 80
2021000000264335 0.077 380.5 252.6 494.1 657.5 80
2021000000264335 0.076 -18.1 227.6 43.5 713.3 80
2021000000264335 0.076 -14.3 515.1 59.8 584.0 80
2021000000264335 0.076 63.6 559.8 150.9 624.2 80
2021000000264335 0.076 91.7 342.6 238.8 663.8 80
2021000000264335 0.074 37.2 534.6 136.1 605.8 80
2021000000264335 0.074 36.2 1.3 90.7 3.0 80
2021000000264335 0.073 351.3 354.4 462.8 622.0 80
2021000000264335 0.073 1.4 501.8 87.9 573.6 80
2021000000264335 0.073 279.2 393.1 386.2 614.3 80
2021000000264335 0.073 230.4 523.1 317.9 592.0 80
2021000000264335 0.073 -18.7 512.5 39.9 581.8 80
2021000000264335 0.073 291.1 517.0 375.4 587.6 80
2021000000264335 0.072 187.0 511.7 268.3 581.6 80
2021000000264335 0.072 140.4 536.0 225.6 605.6 80
2021000000264335 0.072 386.7 494.4 462.9 565.4 80
2021000000264335 0.072 341.5 494.9 419.3 565.5 80
2021000000264335 0.071 291.8 405.6 448.9 644.8 80
2021000000264335 0.071 360.3 1.2 411.6 2.6 80
2021000000264335 0.068 375.7 8.3 509.4 72.6 80
2021000000264335 0.068 288.4 7.2 402.9 69.9 80
2021000000264335 0.068 320.8 9.8 443.3 72.2 80
2021000000264335 0.068 192.4 5.4 307.8 67.8 80
2021000000264335 0.068 -24.5 55.1 40.0 121.6 80
2021000000264335 0.067 30.3 6.8 163.7 67.4 80
2021000000264335 0.067 -21.4 5.7 99.9 66.5 80
2021000000264335 0.067 265.3 5.4 346.6 65.3 80
2021000000264335 0.067 435.5 1.2 483.7 2.6 80
2021000000264335 0.067 -17.8 10.9 51.4 73.0 80
2021000000264335 0.067 172.9 7.9 253.4 68.7 80
2021000000264335 0.067 14.2 9.8 119.9 70.7 80
2021000000264335 0.067 235.9 16.5 301.5 76.7 80
2021000000264335 0.067 146.7 4.6 229.7 64.3 80
2021000000264335 0.067 78.5 8.5 166.3 68.3 80
2021000000264335 0.067 116.9 4.6 196.9 63.3 80
2021000000264335 0.066 425.8 35.0 499.1 96.1 80
2021000000264335 0.066 367.8 20.8 440.0 78.4 80
2021000000264335 0.066 287.2 29.6 351.8 87.7 80
2021000000264335 0.066 393.2 1.0 440.0 2.3 80
2021000000264335 0.065 71.8 1.1 119.1 2.5 80
2021000000264335 0.065 -4.3 36.2 53.1 92.3 80
2021000000264335 0.065 169.7 14.7 217.6 63.4 80
2021000000264335 0.064 395.0 32.8 455.5 84.8 80
2021000000264335 0.064 327.0 26.4 385.0 78.4 80
2021000000264335 0.063 19.9 15.9 74.0 61.4 80
2021000000264335 0.062 197.9 14.6 240.6 51.7 80
2021000000264335 0.060 245.5 11.6 290.6 42.8 80
2021000000264335 0.056 57.7 2.2 102.0 15.7 80
2021000000264335 0.779 76.1 31.2 340.7 438.0 80
2021000000264335 0.775 450.2 593.6 484.5 635.7 80
2021000000264335 0.767 71.8 41.4 349.2 585.4 80
2021000000264335 0.767 123.5 123.5 209.4 336.3 80
2021000000264335 0.764 159.6 382.0 303.2 568.2 80
2021000000264335 0.762 74.5 254.7 336.5 604.7 80
2021000000264335 0.761 11.4 54.0 473.4 593.9 80
2021000000264335 0.756 69.3 61.3 356.3 593.2 80
2021000000264335 0.738 156.1 140.2 340.8 565.9 80
2021000000264335 0.725 477.8 428.1 480.6 574.0 80
2021000000264335 0.691 67.6 47.4 349.2 592.6 2
2021000000264335 0.132 292.4 199.5 371.6 279.1 80
2021000000264335 0.125 186.2 149.4 263.5 231.5 80
2021000000264335 0.117 -106.0 619.5 246.1 645.7 80
2021000000264335 0.116 141.9 133.6 233.9 245.5 80
2021000000264335 0.111 198.9 242.1 285.0 350.0 80
2021000000264335 0.109 101.2 246.2 174.4 333.8 80
2021000000264335 0.107 263.5 281.4 348.4 385.2 80
2021000000264335 0.106 134.1 345.1 232.5 493.9 80
2021000000264335 0.105 230.7 286.0 311.7 393.4 80
2021000000264335 0.104 422.8 338.9 504.8 553.5 80
2021000000264335 0.104 438.4 299.3 505.3 408.1 80
2021000000264335 0.100 232.1 431.6 310.2 530.0 80
2021000000264335 0.099 243.8 346.5 339.4 474.8 80
2021000000264335 0.099 121.0 310.0 198.6 421.2 80
2021000000264335 0.097 74.3 288.9 148.8 389.7 80
2021000000264335 0.096 402.0 276.0 467.8 365.6 80
2021000000264335 0.095 305.6 332.7 388.4 450.4 80
2021000000264335 0.095 87.7 349.8 169.3 470.0 80
2021000000264335 0.095 274.7 361.1 368.9 490.4 80
2021000000264335 0.094 413.8 330.7 486.8 457.0 80
2021000000264335 0.094 370.3 301.6 439.7 400.3 80
2021000000264335 0.092 335.2 315.1 413.7 434.5 80
2021000000264335 0.091 108.8 407.6 190.6 528.7 80
2021000000264335 0.090 383.4 336.9 463.9 482.7 80
2021000000264335 0.090 45.4 322.5 120.0 439.8 80
2021000000264335 0.087 -16.8 316.8 45.9 418.4 80
2021000000264335 0.087 350.2 364.5 431.6 504.9 80
2021000000264335 0.087 320.6 401.1 404.9 529.4 80
2021000000264335 0.086 12.0 330.1 80.2 449.3 80
2021000000264335 0.086 59.9 389.0 144.7 535.0 80
2021000000264335 0.086 57.1 509.7 333.6 659.7 80
2021000000264335 0.085 251.0 407.5 356.4 578.5 80
2021000000264335 0.084 233.5 0.3 298.3 3.3 80
2021000000264335 0.084 126.9 0.3 191.2 2.7 80
2021000000264335 0.083 -5.7 376.1 65.3 533.2 80
2021000000264335 0.082 134.4 578.9 235.3 633.7 80
2021000000264335 0.081 27.7 387.4 105.1 548.2 80
2021000000264335 0.079 267.1 0.9 327.3 3.1 80
2021000000264335 0.079 -2.1 1.3 57.3 3.5 80
2021000000264335 0.077 332.8 1.2 390.9 3.0 80
2021000000264335 0.077 150.1 394.0 333.5 665.4 80
2021000000264335 0.077 380.5 252.6 494.1 657.5 80
2021000000264335 0.076 -18.1 227.6 43.5 713.3 80
2021000000264335 0.076 -14.3 515.1 59.8 584.0 80
2021000000264335 0.076 63.6 559.8 150.9 624.2 80
2021000000264335 0.076 91.7 342.6 238.8 663.8 80
2021000000264335 0.074 37.2 534.6 136.1 605.8 80
2021000000264335 0.074 36.2 1.3 90.7 3.0 80
2021000000264335 0.073 351.3 354.4 462.8 622.0 80
2021000000264335 0.073 1.4 501.8 87.9 573.6 80
2021000000264335 0.073 279.2 393.1 386.2 614.3 80
2021000000264335 0.073 230.4 523.1 317.9 592.0 80
2021000000264335 0.073 -18.7 512.5 39.9 581.8 80
2021000000264335 0.073 291.1 517.0 375.4 587.6 80
2021000000264335 0.072 187.0 511.7 268.3 581.6 80
2021000000264335 0.072 140.4 536.0 225.6 605.6 80
2021000000264335 0.072 386.7 494.4 462.9 565.4 80
2021000000264335 0.072 341.5 494.9 419.3 565.5 80
2021000000264335 0.071 291.8 405.6 448.9 644.8 80
2021000000264335 0.071 360.3 1.2 411.6 2.6 80
2021000000264335 0.068 375.7 8.3 509.4 72.6 80
2021000000264335 0.068 288.4 7.2 402.9 69.9 80
2021000000264335 0.068 320.8 9.8 443.3 72.2 80
2021000000264335 0.068 192.4 5.4 307.8 67.8 80
2021000000264335 0.068 -24.5 55.1 40.0 121.6 80
2021000000264335 0.067 30.3 6.8 163.7 67.4 80
2021000000264335 0.067 -21.4 5.7 99.9 66.5 80
2021000000264335 0.067 265.3 5.4 346.6 65.3 80
2021000000264335 0.067 435.5 1.2 483.7 2.6 80
2021000000264335 0.067 -17.8 10.9 51.4 73.0 80
2021000000264335 0.067 172.9 7.9 253.4 68.7 80
2021000000264335 0.067 14.2 9.8 119.9 70.7 80
2021000000264335 0.067 235.9 16.5 301.5 76.7 80
2021000000264335 0.067 146.7 4.6 229.7 64.3 80
2021000000264335 0.067 78.5 8.5 166.3 68.3 80
2021000000264335 0.067 116.9 4.6 196.9 63.3 80
2021000000264335 0.066 425.8 35.0 499.1 96.1 80
2021000000264335 0.066 367.8 20.8 440.0 78.4 80
2021000000264335 0.066 287.2 29.6 351.8 87.7 80
2021000000264335 0.066 393.2 1.0 440.0 2.3 80
2021000000264335 0.065 71.8 1.1 119.1 2.5 80
2021000000264335 0.065 -4.3 36.2 53.1 92.3 80
2021000000264335 0.065 169.7 14.7 217.6 63.4 80
2021000000264335 0.064 395.0 32.8 455.5 84.8 80
2021000000264335 0.064 327.0 26.4 385.0 78.4 80
2021000000264335 0.063 19.9 15.9 74.0 61.4 80
2021000000264335 0.062 197.9 14.6 240.6 51.7 80
2021000000264335 0.060 245.5 11.6 290.6 42.8 80
2021000000264335 0.056 57.7 2.2 102.0 15.7 80
