2021000000222825 0.780 398.7 595.5 431.2 639.3 80
2021000000222825 0.770 7.8 131.9 423.4 430.4 80
2021000000222825 0.743 425.9 273.9 427.0 459.6 80
2021000000222825 0.728 188.5 369.1 218.1 380.6 80
2021000000222825 0.726 426.5 190.8 427.3 299.9 80
2021000000222825 0.709 9.3 604.2 240.4 640.6 80
2021000000222825 0.709 425.2 274.2 427.0 337.7 80
2021000000222825 0.706 15.9 610.2 168.9 642.0 80
2021000000222825 0.692 15.9 609.8 183.4 638.2 80
2021000000222825 0.683 425.4 279.7 427.1 330.2 80
2021000000222825 0.676 426.0 283.5 427.0 310.0 80
2021000000222825 0.657 426.4 268.9 426.9 296.4 80
2021000000222825 0.652 16.9 608.2 190.7 640.8 80
2021000000222825 0.272 384.5 92.8 420.8 708.1 80
2021000000222825 0.208 -0.6 106.7 8.1 684.5 80
2021000000222825 0.129 207.4 283.8 273.6 362.1 80
2021000000222825 0.127 238.6 284.0 305.2 364.2 80
2021000000222825 0.127 284.6 119.9 355.4 181.7 80
2021000000222825 0.124 -42.2 632.4 353.6 642.7 80
2021000000222825 0.119 313.1 229.6 372.4 298.5 80
2021000000222825 0.117 -31.5 626.8 46.5 643.5 80
2021000000222825 0.114 38.8 625.7 166.3 641.1 80
2021000000222825 0.111 262.8 274.5 324.4 353.5 80
2021000000222825 0.107 82.5 386.0 180.2 545.2 80
2021000000222825 0.104 227.3 361.2 292.3 448.0 80
2021000000222825 0.103 168.8 310.0 234.1 397.6 80
2021000000222825 0.100 143.6 296.1 203.6 376.7 80
2021000000222825 0.099 354.1 254.4 421.4 391.3 80
2021000000222825 0.097 152.3 357.1 228.7 471.3 80
2021000000222825 0.097 111.0 316.4 173.7 408.2 80
2021000000222825 0.096 277.5 341.6 340.5 436.2 80
2021000000222825 0.095 301.0 324.2 364.5 422.7 80
2021000000222825 0.095 -61.8 589.3 295.9 644.4 80
2021000000222825 0.095 75.9 341.1 151.5 473.4 80
2021000000222825 0.095 69.4 297.2 128.3 382.6 80
2021000000222825 0.095 341.9 220.6 401.5 313.7 80
2021000000222825 0.094 369.8 179.4 424.3 263.9 80
2021000000222825 0.094 255.1 370.2 321.2 470.3 80
2021000000222825 0.093 125.9 362.4 200.7 481.6 80
2021000000222825 0.093 330.3 302.5 391.2 401.4 80
2021000000222825 0.092 174.9 410.8 249.4 523.2 80
2021000000222825 0.091 341.7 326.2 413.5 492.9 80
2021000000222825 0.090 287.8 404.8 358.7 523.0 80
2021000000222825 0.090 313.6 372.2 382.7 499.7 80
2021000000222825 0.090 40.7 318.5 106.4 441.3 80
2021000000222825 0.090 -4.7 1.5 55.0 5.6 80
2021000000222825 0.087 83.3 608.6 166.6 646.4 80
2021000000222825 0.087 204.8 411.1 283.9 547.6 80
2021000000222825 0.086 10.3 327.4 72.4 451.6 80
2021000000222825 0.086 332.4 593.0 402.3 635.9 80
2021000000222825 0.085 -16.0 306.8 42.1 426.5 80
2021000000222825 0.084 29.5 1.4 85.3 4.0 80
2021000000222825 0.082 127.9 398.1 227.7 585.2 80
2021000000222825 0.081 -12.2 557.2 47.6 614.2 80
2021000000222825 0.081 28.9 252.0 146.1 632.9 80
2021000000222825 0.080 196.5 1.1 250.8 3.5 80
2021000000222825 0.080 114.3 575.0 201.0 629.8 80
2021000000222825 0.080 -11.1 276.2 62.3 596.1 80
2021000000222825 0.079 224.7 399.1 314.3 580.0 80
2021000000222825 0.078 256.9 409.9 342.7 588.5 80
2021000000222825 0.075 313.8 305.8 412.4 640.4 80
2021000000222825 0.075 297.0 531.2 368.2 598.8 80
2021000000222825 0.074 12.8 275.0 99.7 631.8 80
2021000000222825 0.074 203.6 526.3 286.5 595.1 80
2021000000222825 0.073 256.8 522.0 331.9 591.6 80
2021000000222825 0.072 165.9 502.4 241.7 572.5 80
2021000000222825 0.071 269.2 410.8 391.8 642.0 80
2021000000222825 0.070 101.8 1.2 146.5 2.7 80
2021000000222825 0.069 166.8 1.0 210.0 2.3 80
2021000000222825 0.068 -21.5 60.0 34.8 128.4 80
2021000000222825 0.068 341.6 5.6 445.6 69.1 80
2021000000222825 0.068 253.5 5.4 364.4 67.0 80
2021000000222825 0.068 90.3 8.4 194.8 69.5 80
2021000000222825 0.068 169.8 5.2 276.5 66.3 80
2021000000222825 0.068 -12.2 6.7 80.4 68.6 80
2021000000222825 0.068 -15.5 11.9 44.4 74.9 80
2021000000222825 0.068 238.0 1.0 280.6 2.5 80
2021000000222825 0.068 33.2 7.8 137.0 69.2 80
2021000000222825 0.068 18.0 11.2 98.9 73.2 80
2021000000222825 0.067 147.6 9.4 235.4 69.6 80
2021000000222825 0.067 227.8 5.3 322.2 64.8 80
2021000000222825 0.067 122.8 6.2 217.4 65.8 80
2021000000222825 0.067 161.8 32.6 216.7 92.3 80
2021000000222825 0.067 292.3 5.3 387.7 64.9 80
2021000000222825 0.067 65.1 7.5 157.5 66.7 80
2021000000222825 0.067 211.6 16.4 272.3 75.6 80
2021000000222825 0.066 88.2 32.7 143.8 91.3 80
2021000000222825 0.066 115.4 35.8 169.6 94.3 80
2021000000222825 0.065 63.2 26.0 113.9 79.8 80
2021000000222825 0.065 -3.3 31.5 44.7 85.6 80
2021000000222825 0.064 254.0 18.3 304.7 70.0 80
2021000000222825 0.064 40.2 22.2 87.5 70.0 80
2021000000222825 0.064 16.2 16.5 62.4 62.8 80
2021000000222825 0.063 330.5 7.5 381.5 54.0 80
2021000000222825 0.061 60.8 1.2 101.0 3.0 80
2021000000222825 0.060 125.2 1.2 164.6 2.9 80
2021000000222825 0.058 16.9 608.2 190.7 640.8 10
2021000000222825 0.056 293.8 2.4 331.6 16.8 80
2021000000222825 0.055 151.9 1.8 188.1 10.9 80
2021000000222825 0.055 16.9 608.2 190.7 640.8 1
2021000000222825 0.780 398.7 595.5 431.2 639.3 80
2021000000222825 0.770 7.8 131.9 423.4 430.4 80
2021000000222825 0.743 425.9 273.9 427.0 459.6 80
2021000000222825 0.728 188.5 369.1 218.1 380.6 80
2021000000222825 0.726 426.5 190.8 427.3 299.9 80
2021000000222825 0.709 9.3 604.2 240.4 640.6 80
2021000000222825 0.709 425.2 274.2 427.0 337.7 80
2021000000222825 0.706 15.9 610.2 168.9 642.0 80
2021000000222825 0.692 15.9 609.8 183.4 638.2 80
2021000000222825 0.683 425.4 279.7 427.1 330.2 80
2021000000222825 0.676 426.0 283.5 427.0 310.0 80
2021000000222825 0.657 426.4 268.9 426.9 296.4 80
2021000000222825 0.652 16.9 608.2 190.7 640.8 80
2021000000222825 0.272 384.5 92.8 420.8 708.1 80
2021000000222825 0.208 -0.6 106.7 8.1 684.5 80
2021000000222825 0.129 207.4 283.8 273.6 362.1 80
2021000000222825 0.127 238.6 284.0 305.2 364.2 80
2021000000222825 0.127 284.6 119.9 355.4 181.7 80
2021000000222825 0.124 -42.2 632.4 353.6 642.7 80
2021000000222825 0.119 313.1 229.6 372.4 298.5 80
2021000000222825 0.117 -31.5 626.8 46.5 643.5 80
2021000000222825 0.114 38.8 625.7 166.3 641.1 80
2021000000222825 0.111 262.8 274.5 324.4 353.5 80
2021000000222825 0.107 82.5 386.0 180.2 545.2 80
2021000000222825 0.104 227.3 361.2 292.3 448.0 80
2021000000222825 0.103 168.8 310.0 234.1 397.6 80
2021000000222825 0.100 143.6 296.1 203.6 376.7 80
2021000000222825 0.099 354.1 254.4 421.4 391.3 80
2021000000222825 0.097 152.3 357.1 228.7 471.3 80
2021000000222825 0.097 111.0 316.4 173.7 408.2 80
2021000000222825 0.096 277.5 341.6 340.5 436.2 80
2021000000222825 0.095 301.0 324.2 364.5 422.7 80
2021000000222825 0.095 -61.8 589.3 295.9 644.4 80
2021000000222825 0.095 75.9 341.1 151.5 473.4 80
2021000000222825 0.095 69.4 297.2 128.3 382.6 80
2021000000222825 0.095 341.9 220.6 401.5 313.7 80
2021000000222825 0.094 369.8 179.4 424.3 263.9 80
2021000000222825 0.094 255.1 370.2 321.2 470.3 80
2021000000222825 0.093 125.9 362.4 200.7 481.6 80
2021000000222825 0.093 330.3 302.5 391.2 401.4 80
2021000000222825 0.092 174.9 410.8 249.4 523.2 80
2021000000222825 0.091 341.7 326.2 413.5 492.9 80
2021000000222825 0.090 287.8 404.8 358.7 523.0 80
2021000000222825 0.090 313.6 372.2 382.7 499.7 80
2021000000222825 0.090 40.7 318.5 106.4 441.3 80
2021000000222825 0.090 -4.7 1.5 55.0 5.6 80
2021000000222825 0.087 83.3 608.6 166.6 646.4 80
2021000000222825 0.087 204.8 411.1 283.9 547.6 80
2021000000222825 0.086 10.3 327.4 72.4 451.6 80
2021000000222825 0.086 332.4 593.0 402.3 635.9 80
2021000000222825 0.085 -16.0 306.8 42.1 426.5 80
2021000000222825 0.084 29.5 1.4 85.3 4.0 80
2021000000222825 0.082 127.9 398.1 227.7 585.2 80
2021000000222825 0.081 -12.2 557.2 47.6 614.2 80
2021000000222825 0.081 28.9 252.0 146.1 632.9 80
2021000000222825 0.080 196.5 1.1 250.8 3.5 80
2021000000222825 0.080 114.3 575.0 201.0 629.8 80
2021000000222825 0.080 -11.1 276.2 62.3 596.1 80
2021000000222825 0.079 224.7 399.1 314.3 580.0 80
2021000000222825 0.078 256.9 409.9 342.7 588.5 80
2021000000222825 0.075 313.8 305.8 412.4 640.4 80
2021000000222825 0.075 297.0 531.2 368.2 598.8 80
2021000000222825 0.074 12.8 275.0 99.7 631.8 80
2021000000222825 0.074 203.6 526.3 286.5 595.1 80
2021000000222825 0.073 256.8 522.0 331.9 591.6 80
2021000000222825 0.072 165.9 502.4 241.7 572.5 80
2021000000222825 0.071 269.2 410.8 391.8 642.0 80
2021000000222825 0.070 101.8 1.2 146.5 2.7 80
2021000000222825 0.069 166.8 1.0 210.0 2.3 80
2021000000222825 0.068 -21.5 60.0 34.8 128.4 80
2021000000222825 0.068 341.6 5.6 445.6 69.1 80
2021000000222825 0.068 253.5 5.4 364.4 67.0 80
2021000000222825 0.068 90.3 8.4 194.8 69.5 80
2021000000222825 0.068 169.8 5.2 276.5 66.3 80
2021000000222825 0.068 -12.2 6.7 80.4 68.6 80
2021000000222825 0.068 -15.5 11.9 44.4 74.9 80
2021000000222825 0.068 238.0 1.0 280.6 2.5 80
2021000000222825 0.068 33.2 7.8 137.0 69.2 80
2021000000222825 0.068 18.0 11.2 98.9 73.2 80
2021000000222825 0.067 147.6 9.4 235.4 69.6 80
2021000000222825 0.067 227.8 5.3 322.2 64.8 80
2021000000222825 0.067 122.8 6.2 217.4 65.8 80
2021000000222825 0.067 161.8 32.6 216.7 92.3 80
2021000000222825 0.067 292.3 5.3 387.7 64.9 80
2021000000222825 0.067 65.1 7.5 157.5 66.7 80
2021000000222825 0.067 211.6 16.4 272.3 75.6 80
2021000000222825 0.066 88.2 32.7 143.8 91.3 80
2021000000222825 0.066 115.4 35.8 169.6 94.3 80
2021000000222825 0.065 63.2 26.0 113.9 79.8 80
2021000000222825 0.065 -3.3 31.5 44.7 85.6 80
2021000000222825 0.064 254.0 18.3 304.7 70.0 80
2021000000222825 0.064 40.2 22.2 87.5 70.0 80
2021000000222825 0.064 16.2 16.5 62.4 62.8 80
2021000000222825 0.063 330.5 7.5 381.5 54.0 80
2021000000222825 0.061 60.8 1.2 101.0 3.0 80
2021000000222825 0.060 125.2 1.2 164.6 2.9 80
2021000000222825 0.058 16.9 608.2 190.7 640.8 10
2021000000222825 0.056 293.8 2.4 331.6 16.8 80
2021000000222825 0.055 151.9 1.8 188.1 10.9 80
2021000000222825 0.055 16.9 608.2 190.7 640.8 1
2021000000222825 0.780 398.7 595.5 431.2 639.3 80
2021000000222825 0.770 7.8 131.9 423.4 430.4 80
2021000000222825 0.743 425.9 273.9 427.0 459.6 80
2021000000222825 0.728 188.5 369.1 218.1 380.6 80
2021000000222825 0.726 426.5 190.8 427.3 299.9 80
2021000000222825 0.709 9.3 604.2 240.4 640.6 80
2021000000222825 0.709 425.2 274.2 427.0 337.7 80
2021000000222825 0.706 15.9 610.2 168.9 642.0 80
2021000000222825 0.692 15.9 609.8 183.4 638.2 80
2021000000222825 0.683 425.4 279.7 427.1 330.2 80
2021000000222825 0.676 426.0 283.5 427.0 310.0 80
2021000000222825 0.657 426.4 268.9 426.9 296.4 80
2021000000222825 0.652 16.9 608.2 190.7 640.8 80
2021000000222825 0.272 384.5 92.8 420.8 708.1 80
2021000000222825 0.208 -0.6 106.7 8.1 684.5 80
2021000000222825 0.129 207.4 283.8 273.6 362.1 80
2021000000222825 0.127 238.6 284.0 305.2 364.2 80
2021000000222825 0.127 284.6 119.9 355.4 181.7 80
2021000000222825 0.124 -42.2 632.4 353.6 642.7 80
2021000000222825 0.119 313.1 229.6 372.4 298.5 80
2021000000222825 0.117 -31.5 626.8 46.5 643.5 80
2021000000222825 0.114 38.8 625.7 166.3 641.1 80
2021000000222825 0.111 262.8 274.5 324.4 353.5 80
2021000000222825 0.107 82.5 386.0 180.2 545.2 80
2021000000222825 0.104 227.3 361.2 292.3 448.0 80
2021000000222825 0.103 168.8 310.0 234.1 397.6 80
2021000000222825 0.100 143.6 296.1 203.6 376.7 80
2021000000222825 0.099 354.1 254.4 421.4 391.3 80
2021000000222825 0.097 152.3 357.1 228.7 471.3 80
2021000000222825 0.097 111.0 316.4 173.7 408.2 80
2021000000222825 0.096 277.5 341.6 340.5 436.2 80
2021000000222825 0.095 301.0 324.2 364.5 422.7 80
2021000000222825 0.095 -61.8 589.3 295.9 644.4 80
2021000000222825 0.095 75.9 341.1 151.5 473.4 80
2021000000222825 0.095 69.4 297.2 128.3 382.6 80
2021000000222825 0.095 341.9 220.6 401.5 313.7 80
2021000000222825 0.094 369.8 179.4 424.3 263.9 80
2021000000222825 0.094 255.1 370.2 321.2 470.3 80
2021000000222825 0.093 125.9 362.4 200.7 481.6 80
2021000000222825 0.093 330.3 302.5 391.2 401.4 80
2021000000222825 0.092 174.9 410.8 249.4 523.2 80
2021000000222825 0.091 341.7 326.2 413.5 492.9 80
2021000000222825 0.090 287.8 404.8 358.7 523.0 80
2021000000222825 0.090 313.6 372.2 382.7 499.7 80
2021000000222825 0.090 40.7 318.5 106.4 441.3 80
2021000000222825 0.090 -4.7 1.5 55.0 5.6 80
2021000000222825 0.087 83.3 608.6 166.6 646.4 80
2021000000222825 0.087 204.8 411.1 283.9 547.6 80
2021000000222825 0.086 10.3 327.4 72.4 451.6 80
2021000000222825 0.086 332.4 593.0 402.3 635.9 80
2021000000222825 0.085 -16.0 306.8 42.1 426.5 80
2021000000222825 0.084 29.5 1.4 85.3 4.0 80
2021000000222825 0.082 127.9 398.1 227.7 585.2 80
2021000000222825 0.081 -12.2 557.2 47.6 614.2 80
2021000000222825 0.081 28.9 252.0 146.1 632.9 80
2021000000222825 0.080 196.5 1.1 250.8 3.5 80
2021000000222825 0.080 114.3 575.0 201.0 629.8 80
2021000000222825 0.080 -11.1 276.2 62.3 596.1 80
2021000000222825 0.079 224.7 399.1 314.3 580.0 80
2021000000222825 0.078 256.9 409.9 342.7 588.5 80
2021000000222825 0.075 313.8 305.8 412.4 640.4 80
2021000000222825 0.075 297.0 531.2 368.2 598.8 80
2021000000222825 0.074 12.8 275.0 99.7 631.8 80
2021000000222825 0.074 203.6 526.3 286.5 595.1 80
2021000000222825 0.073 256.8 522.0 331.9 591.6 80
2021000000222825 0.072 165.9 502.4 241.7 572.5 80
2021000000222825 0.071 269.2 410.8 391.8 642.0 80
2021000000222825 0.070 101.8 1.2 146.5 2.7 80
2021000000222825 0.069 166.8 1.0 210.0 2.3 80
2021000000222825 0.068 -21.5 60.0 34.8 128.4 80
2021000000222825 0.068 341.6 5.6 445.6 69.1 80
2021000000222825 0.068 253.5 5.4 364.4 67.0 80
2021000000222825 0.068 90.3 8.4 194.8 69.5 80
2021000000222825 0.068 169.8 5.2 276.5 66.3 80
2021000000222825 0.068 -12.2 6.7 80.4 68.6 80
2021000000222825 0.068 -15.5 11.9 44.4 74.9 80
2021000000222825 0.068 238.0 1.0 280.6 2.5 80
2021000000222825 0.068 33.2 7.8 137.0 69.2 80
2021000000222825 0.068 18.0 11.2 98.9 73.2 80
2021000000222825 0.067 147.6 9.4 235.4 69.6 80
2021000000222825 0.067 227.8 5.3 322.2 64.8 80
2021000000222825 0.067 122.8 6.2 217.4 65.8 80
2021000000222825 0.067 161.8 32.6 216.7 92.3 80
2021000000222825 0.067 292.3 5.3 387.7 64.9 80
2021000000222825 0.067 65.1 7.5 157.5 66.7 80
2021000000222825 0.067 211.6 16.4 272.3 75.6 80
2021000000222825 0.066 88.2 32.7 143.8 91.3 80
2021000000222825 0.066 115.4 35.8 169.6 94.3 80
2021000000222825 0.065 63.2 26.0 113.9 79.8 80
2021000000222825 0.065 -3.3 31.5 44.7 85.6 80
2021000000222825 0.064 254.0 18.3 304.7 70.0 80
2021000000222825 0.064 40.2 22.2 87.5 70.0 80
2021000000222825 0.064 16.2 16.5 62.4 62.8 80
2021000000222825 0.063 330.5 7.5 381.5 54.0 80
2021000000222825 0.061 60.8 1.2 101.0 3.0 80
2021000000222825 0.060 125.2 1.2 164.6 2.9 80
2021000000222825 0.058 16.9 608.2 190.7 640.8 10
2021000000222825 0.056 293.8 2.4 331.6 16.8 80
2021000000222825 0.055 151.9 1.8 188.1 10.9 80
2021000000222825 0.055 16.9 608.2 190.7 640.8 1
