2021000000047585 0.778 186.3 124.9 358.5 596.5 18
2021000000047585 0.772 53.9 183.3 249.6 602.1 18
2021000000047585 0.765 387.5 582.2 432.4 634.3 80
2021000000047585 0.759 55.6 235.0 247.7 593.1 80
2021000000047585 0.758 68.2 232.2 242.5 594.5 80
2021000000047585 0.754 271.2 196.6 335.1 562.6 80
2021000000047585 0.754 6.0 188.2 419.0 430.7 80
2021000000047585 0.753 246.1 154.4 344.2 565.5 80
2021000000047585 0.752 189.1 126.8 351.1 537.4 80
2021000000047585 0.748 13.1 197.2 418.8 582.4 80
2021000000047585 0.747 52.3 198.0 209.6 433.8 80
2021000000047585 0.745 264.4 426.4 321.9 564.1 80
2021000000047585 0.741 182.3 232.0 336.3 581.7 80
2021000000047585 0.740 356.6 197.8 424.0 439.1 80
2021000000047585 0.740 186.5 201.2 394.4 416.8 80
2021000000047585 0.735 106.1 180.0 176.4 255.3 80
2021000000047585 0.735 208.3 179.7 285.6 330.7 80
2021000000047585 0.732 187.9 185.2 300.2 515.4 80
2021000000047585 0.732 64.2 239.4 178.0 571.6 80
2021000000047585 0.726 188.1 232.9 247.0 305.0 80
2021000000047585 0.716 341.8 218.7 365.2 274.1 80
2021000000047585 0.715 337.2 210.7 376.8 405.4 80
2021000000047585 0.694 400.4 208.0 425.2 255.6 80
2021000000047585 0.693 350.9 198.5 388.6 415.2 80
2021000000047585 0.691 420.0 215.8 424.2 403.6 80
2021000000047585 0.687 339.6 186.0 365.5 205.6 80
2021000000047585 0.686 0.8 113.3 2.7 452.5 80
2021000000047585 0.686 397.2 211.3 409.4 227.1 80
2021000000047585 0.679 340.7 184.0 380.3 266.3 80
2021000000047585 0.674 358.8 192.7 424.1 423.0 80
2021000000047585 0.658 351.8 278.2 376.7 411.6 80
2021000000047585 0.649 398.4 215.6 406.9 224.5 80
2021000000047585 0.627 405.2 191.3 424.9 382.9 80
2021000000047585 0.612 353.8 187.8 424.3 422.7 18
2021000000047585 0.556 356.0 188.2 384.6 235.4 80
2021000000047585 0.511 344.6 189.3 383.3 273.8 80
2021000000047585 0.509 403.8 198.6 424.9 233.4 18
2021000000047585 0.492 404.6 197.6 424.9 288.3 80
2021000000047585 0.365 345.4 189.6 385.6 412.0 18
2021000000047585 0.305 345.4 189.6 385.6 412.0 80
2021000000047585 0.278 231.0 217.9 343.8 352.4 80
2021000000047585 0.204 404.6 197.6 424.9 288.3 18
2021000000047585 0.197 403.8 198.6 424.9 233.4 80
2021000000047585 0.189 344.6 189.3 383.3 273.8 18
2021000000047585 0.173 100.2 169.0 167.9 242.3 80
2021000000047585 0.165 356.0 188.2 384.6 235.4 18
2021000000047585 0.129 353.8 187.8 424.3 422.7 80
2021000000047585 0.121 303.5 625.2 437.7 642.6 80
2021000000047585 0.119 211.3 297.0 268.3 367.3 80
2021000000047585 0.115 275.4 190.5 329.5 255.2 80
2021000000047585 0.114 203.6 184.2 257.8 250.7 80
2021000000047585 0.113 192.4 362.7 251.8 443.6 80
2021000000047585 0.109 158.4 227.2 215.5 297.2 80
2021000000047585 0.109 243.8 187.3 303.3 263.1 80
2021000000047585 0.109 277.6 245.3 350.7 340.1 80
2021000000047585 0.106 137.1 298.7 202.4 386.5 80
2021000000047585 0.105 -8.7 4.9 59.8 16.1 80
2021000000047585 0.103 80.9 360.5 142.8 454.4 80
2021000000047585 0.101 153.7 376.1 216.2 465.0 80
2021000000047585 0.101 299.8 151.8 354.4 222.8 80
2021000000047585 0.101 169.7 316.7 230.7 397.8 80
2021000000047585 0.099 211.1 430.8 270.5 517.7 80
2021000000047585 0.099 176.1 423.0 238.7 509.8 80
2021000000047585 0.097 91.9 252.3 152.3 342.0 80
2021000000047585 0.097 67.5 298.7 129.0 390.6 80
2021000000047585 0.095 58.4 1.2 122.5 6.3 80
2021000000047585 0.093 56.9 409.8 123.8 519.1 80
2021000000047585 0.093 43.8 338.0 101.2 423.8 80
2021000000047585 0.091 300.7 471.7 366.2 570.0 80
2021000000047585 0.091 405.2 191.3 424.9 382.9 18
2021000000047585 0.088 12.2 339.9 69.5 438.4 80
2021000000047585 0.087 -3.2 391.7 56.3 521.0 80
2021000000047585 0.086 -19.1 580.2 56.9 631.1 80
2021000000047585 0.086 27.9 412.5 90.2 528.7 80
2021000000047585 0.084 28.8 1.4 85.5 4.4 80
2021000000047585 0.083 138.3 504.4 381.1 668.4 80
2021000000047585 0.083 351.8 278.2 376.7 411.6 18
2021000000047585 0.083 -9.6 169.6 31.1 727.0 80
2021000000047585 0.081 -20.3 575.8 37.8 633.0 80
2021000000047585 0.079 145.1 0.4 198.8 2.3 80
2021000000047585 0.079 -2.1 434.9 197.3 663.8 80
2021000000047585 0.078 47.6 578.7 129.0 636.4 80
2021000000047585 0.076 189.5 557.7 259.2 620.2 80
2021000000047585 0.076 288.6 546.1 354.7 611.5 80
2021000000047585 0.076 28.2 557.2 103.9 621.7 80
2021000000047585 0.073 1.2 501.2 77.3 572.5 80
2021000000047585 0.073 253.7 512.9 318.7 582.4 80
2021000000047585 0.072 358.8 192.7 424.1 423.0 18
2021000000047585 0.071 124.1 530.6 196.2 599.0 80
2021000000047585 0.071 339.6 186.0 365.5 205.6 18
2021000000047585 0.071 167.8 449.5 325.0 662.3 80
2021000000047585 0.070 135.9 423.9 241.6 665.2 80
2021000000047585 0.067 -15.1 10.0 44.3 71.7 80
2021000000047585 0.067 120.6 4.4 222.2 62.8 80
2021000000047585 0.067 -8.9 3.6 77.4 62.4 80
2021000000047585 0.066 87.4 3.7 204.7 61.9 80
2021000000047585 0.066 178.4 1.4 264.7 59.4 80
2021000000047585 0.066 152.0 5.2 229.9 62.7 80
2021000000047585 0.066 39.3 3.2 131.7 60.8 80
2021000000047585 0.066 22.6 6.4 95.1 64.6 80
2021000000047585 0.778 186.3 124.9 358.5 596.5 18
2021000000047585 0.772 53.9 183.3 249.6 602.1 18
2021000000047585 0.765 387.5 582.2 432.4 634.3 80
2021000000047585 0.759 55.6 235.0 247.7 593.1 80
2021000000047585 0.758 68.2 232.2 242.5 594.5 80
2021000000047585 0.754 271.2 196.6 335.1 562.6 80
2021000000047585 0.754 6.0 188.2 419.0 430.7 80
2021000000047585 0.753 246.1 154.4 344.2 565.5 80
2021000000047585 0.752 189.1 126.8 351.1 537.4 80
2021000000047585 0.748 13.1 197.2 418.8 582.4 80
2021000000047585 0.747 52.3 198.0 209.6 433.8 80
2021000000047585 0.745 264.4 426.4 321.9 564.1 80
2021000000047585 0.741 182.3 232.0 336.3 581.7 80
2021000000047585 0.740 356.6 197.8 424.0 439.1 80
2021000000047585 0.740 186.5 201.2 394.4 416.8 80
2021000000047585 0.735 106.1 180.0 176.4 255.3 80
2021000000047585 0.735 208.3 179.7 285.6 330.7 80
2021000000047585 0.732 187.9 185.2 300.2 515.4 80
2021000000047585 0.732 64.2 239.4 178.0 571.6 80
2021000000047585 0.726 188.1 232.9 247.0 305.0 80
2021000000047585 0.716 341.8 218.7 365.2 274.1 80
2021000000047585 0.715 337.2 210.7 376.8 405.4 80
2021000000047585 0.694 400.4 208.0 425.2 255.6 80
2021000000047585 0.693 350.9 198.5 388.6 415.2 80
2021000000047585 0.691 420.0 215.8 424.2 403.6 80
2021000000047585 0.687 339.6 186.0 365.5 205.6 80
2021000000047585 0.686 0.8 113.3 2.7 452.5 80
2021000000047585 0.686 397.2 211.3 409.4 227.1 80
2021000000047585 0.679 340.7 184.0 380.3 266.3 80
2021000000047585 0.674 358.8 192.7 424.1 423.0 80
2021000000047585 0.658 351.8 278.2 376.7 411.6 80
2021000000047585 0.649 398.4 215.6 406.9 224.5 80
2021000000047585 0.627 405.2 191.3 424.9 382.9 80
2021000000047585 0.612 353.8 187.8 424.3 422.7 18
2021000000047585 0.556 356.0 188.2 384.6 235.4 80
2021000000047585 0.511 344.6 189.3 383.3 273.8 80
2021000000047585 0.509 403.8 198.6 424.9 233.4 18
2021000000047585 0.492 404.6 197.6 424.9 288.3 80
2021000000047585 0.365 345.4 189.6 385.6 412.0 18
2021000000047585 0.305 345.4 189.6 385.6 412.0 80
2021000000047585 0.278 231.0 217.9 343.8 352.4 80
2021000000047585 0.204 404.6 197.6 424.9 288.3 18
2021000000047585 0.197 403.8 198.6 424.9 233.4 80
2021000000047585 0.189 344.6 189.3 383.3 273.8 18
2021000000047585 0.173 100.2 169.0 167.9 242.3 80
2021000000047585 0.165 356.0 188.2 384.6 235.4 18
2021000000047585 0.129 353.8 187.8 424.3 422.7 80
2021000000047585 0.121 303.5 625.2 437.7 642.6 80
2021000000047585 0.119 211.3 297.0 268.3 367.3 80
2021000000047585 0.115 275.4 190.5 329.5 255.2 80
2021000000047585 0.114 203.6 184.2 257.8 250.7 80
2021000000047585 0.113 192.4 362.7 251.8 443.6 80
2021000000047585 0.109 158.4 227.2 215.5 297.2 80
2021000000047585 0.109 243.8 187.3 303.3 263.1 80
2021000000047585 0.109 277.6 245.3 350.7 340.1 80
2021000000047585 0.106 137.1 298.7 202.4 386.5 80
2021000000047585 0.105 -8.7 4.9 59.8 16.1 80
2021000000047585 0.103 80.9 360.5 142.8 454.4 80
2021000000047585 0.101 153.7 376.1 216.2 465.0 80
2021000000047585 0.101 299.8 151.8 354.4 222.8 80
2021000000047585 0.101 169.7 316.7 230.7 397.8 80
2021000000047585 0.099 211.1 430.8 270.5 517.7 80
2021000000047585 0.099 176.1 423.0 238.7 509.8 80
2021000000047585 0.097 91.9 252.3 152.3 342.0 80
2021000000047585 0.097 67.5 298.7 129.0 390.6 80
2021000000047585 0.095 58.4 1.2 122.5 6.3 80
2021000000047585 0.093 56.9 409.8 123.8 519.1 80
2021000000047585 0.093 43.8 338.0 101.2 423.8 80
2021000000047585 0.091 300.7 471.7 366.2 570.0 80
2021000000047585 0.091 405.2 191.3 424.9 382.9 18
2021000000047585 0.088 12.2 339.9 69.5 438.4 80
2021000000047585 0.087 -3.2 391.7 56.3 521.0 80
2021000000047585 0.086 -19.1 580.2 56.9 631.1 80
2021000000047585 0.086 27.9 412.5 90.2 528.7 80
2021000000047585 0.084 28.8 1.4 85.5 4.4 80
2021000000047585 0.083 138.3 504.4 381.1 668.4 80
2021000000047585 0.083 351.8 278.2 376.7 411.6 18
2021000000047585 0.083 -9.6 169.6 31.1 727.0 80
2021000000047585 0.081 -20.3 575.8 37.8 633.0 80
2021000000047585 0.079 145.1 0.4 198.8 2.3 80
2021000000047585 0.079 -2.1 434.9 197.3 663.8 80
2021000000047585 0.078 47.6 578.7 129.0 636.4 80
2021000000047585 0.076 189.5 557.7 259.2 620.2 80
2021000000047585 0.076 288.6 546.1 354.7 611.5 80
2021000000047585 0.076 28.2 557.2 103.9 621.7 80
2021000000047585 0.073 1.2 501.2 77.3 572.5 80
2021000000047585 0.073 253.7 512.9 318.7 582.4 80
2021000000047585 0.072 358.8 192.7 424.1 423.0 18
2021000000047585 0.071 124.1 530.6 196.2 599.0 80
2021000000047585 0.071 339.6 186.0 365.5 205.6 18
2021000000047585 0.071 167.8 449.5 325.0 662.3 80
2021000000047585 0.070 135.9 423.9 241.6 665.2 80
2021000000047585 0.067 -15.1 10.0 44.3 71.7 80
2021000000047585 0.067 120.6 4.4 222.2 62.8 80
2021000000047585 0.067 -8.9 3.6 77.4 62.4 80
2021000000047585 0.066 87.4 3.7 204.7 61.9 80
2021000000047585 0.066 178.4 1.4 264.7 59.4 80
2021000000047585 0.066 152.0 5.2 229.9 62.7 80
2021000000047585 0.066 39.3 3.2 131.7 60.8 80
2021000000047585 0.066 22.6 6.4 95.1 64.6 80
