2021000000449603 0.788 607.6 376.1 638.2 423.4 80
2021000000449603 0.775 41.5 116.4 601.5 323.3 80
2021000000449603 0.765 588.9 86.3 597.0 90.9 80
2021000000449603 0.764 172.7 194.5 291.0 272.9 18
2021000000449603 0.759 197.8 202.1 232.4 237.4 80
2021000000449603 0.756 552.9 91.2 559.0 94.9 80
2021000000449603 0.749 187.2 204.0 292.0 267.8 80
2021000000449603 0.749 174.9 195.7 222.5 246.7 80
2021000000449603 0.746 193.2 189.4 277.6 254.9 80
2021000000449603 0.745 250.0 241.0 289.3 265.2 80
2021000000449603 0.742 228.9 234.5 277.3 265.7 80
2021000000449603 0.731 638.8 268.4 640.2 349.9 80
2021000000449603 0.725 639.3 136.2 639.9 200.8 80
2021000000449603 0.127 396.7 179.0 485.7 226.1 80
2021000000449603 0.126 280.7 237.8 383.0 293.2 80
2021000000449603 0.117 112.7 241.3 220.6 303.1 80
2021000000449603 0.115 147.9 280.2 240.6 334.0 80
2021000000449603 0.114 134.4 174.1 229.3 232.4 80
2021000000449603 0.113 283.3 168.5 370.5 214.9 80
2021000000449603 0.112 361.0 196.1 454.9 248.4 80
2021000000449603 0.109 332.6 238.6 440.8 301.3 80
2021000000449603 0.107 313.0 194.6 410.2 250.6 80
2021000000449603 0.101 577.4 155.9 661.3 432.8 80
2021000000449603 0.100 232.1 154.8 322.8 209.7 80
2021000000449603 0.099 266.5 281.9 359.1 338.5 80
2021000000449603 0.098 96.8 195.0 198.7 261.9 80
2021000000449603 0.098 308.1 282.1 417.7 351.8 80
2021000000449603 0.097 584.5 86.5 668.3 166.1 80
2021000000449603 0.097 175.2 310.5 270.3 370.7 80
2021000000449603 0.097 414.5 228.6 509.7 290.4 80
2021000000449603 0.096 377.3 245.7 482.5 314.6 80
2021000000449603 0.095 537.5 186.9 621.7 242.3 80
2021000000449603 0.094 75.2 259.3 196.1 353.6 80
2021000000449603 0.094 451.3 217.5 545.2 281.8 80
2021000000449603 0.093 62.7 220.0 155.9 284.5 80
2021000000449603 0.092 495.2 203.6 584.9 266.2 80
2021000000449603 0.092 349.6 287.4 460.5 361.8 80
2021000000449603 0.092 161.3 408.6 329.3 427.5 80
2021000000449603 0.091 -21.5 215.5 59.6 273.6 80
2021000000449603 0.090 554.1 221.9 647.3 301.9 80
2021000000449603 0.088 430.7 267.7 537.8 350.1 80
2021000000449603 0.088 471.3 250.3 571.1 331.8 80
2021000000449603 0.088 515.5 229.9 614.4 319.4 80
2021000000449603 0.087 15.6 221.8 107.5 294.1 80
2021000000449603 0.085 68.6 399.6 180.4 427.9 80
2021000000449603 0.084 -9.1 250.9 89.0 350.7 80
2021000000449603 0.082 517.5 0.9 600.6 2.1 80
2021000000449603 0.082 35.3 253.0 141.9 365.0 80
2021000000449603 0.081 390.8 275.0 508.7 385.3 80
2021000000449603 0.081 442.2 1.1 524.2 2.3 80
2021000000449603 0.081 34.6 387.9 153.8 424.9 80
2021000000449603 0.081 -23.4 368.8 83.1 409.3 80
2021000000449603 0.080 573.1 1.1 654.4 2.3 80
2021000000449603 0.080 221.6 242.8 423.4 449.2 80
2021000000449603 0.080 506.6 373.9 607.2 412.8 80
2021000000449603 0.079 527.7 107.5 641.5 457.8 80
2021000000449603 0.078 155.5 386.9 259.3 424.8 80
2021000000449603 0.078 -5.8 367.4 114.3 410.5 80
2021000000449603 0.077 477.6 1.1 555.2 1.9 80
2021000000449603 0.077 484.2 219.3 607.2 414.3 80
2021000000449603 0.077 133.7 292.3 428.9 445.9 80
2021000000449603 0.077 287.3 373.4 394.1 414.2 80
2021000000449603 0.076 441.2 361.0 537.4 403.7 80
2021000000449603 0.075 -23.9 352.9 50.3 395.8 80
2021000000449603 0.075 46.2 241.0 261.1 460.0 80
2021000000449603 0.075 236.2 360.2 343.9 404.2 80
2021000000449603 0.075 -27.4 148.1 61.3 471.3 80
2021000000449603 0.074 382.6 351.1 484.2 396.9 80
2021000000449603 0.073 420.0 243.1 573.9 442.5 80
2021000000449603 0.072 172.3 0.7 242.0 1.3 80
2021000000449603 0.071 358.5 0.9 427.7 1.7 80
2021000000449603 0.071 49.6 1.2 117.9 1.9 80
2021000000449603 0.070 1.8 1.2 70.1 1.9 80
2021000000449603 0.069 381.4 9.1 536.6 52.6 80
2021000000449603 0.069 245.3 8.8 419.2 52.1 80
2021000000449603 0.069 224.8 10.7 340.6 52.9 80
2021000000449603 0.069 96.2 1.0 162.3 1.7 80
2021000000449603 0.068 334.7 8.8 483.1 50.9 80
2021000000449603 0.068 437.5 8.3 574.9 49.8 80
2021000000449603 0.068 189.5 7.8 308.2 49.6 80
2021000000449603 0.068 12.0 10.2 166.1 52.3 80
2021000000449603 0.068 -30.1 6.4 133.7 48.3 80
2021000000449603 0.068 48.4 7.4 204.8 48.9 80
2021000000449603 0.068 535.6 3.9 624.7 44.4 80
2021000000449603 0.068 146.8 6.0 275.2 46.7 80
2021000000449603 0.068 -30.3 8.3 76.7 49.8 80
2021000000449603 0.068 313.1 15.7 419.6 56.5 80
2021000000449603 0.067 -32.3 33.9 52.7 76.5 80
2021000000449603 0.067 102.2 6.4 228.0 46.4 80
2021000000449603 0.067 -8.7 33.5 75.0 73.9 80
2021000000449603 0.066 255.5 19.0 340.3 56.8 80
2021000000449603 0.065 23.7 20.2 108.4 57.0 80
2021000000449603 0.064 217.6 0.7 279.7 1.2 80
2021000000449603 0.061 429.2 6.8 491.5 28.8 80
2021000000449603 0.060 384.9 2.9 449.5 21.9 80
2021000000449603 0.059 172.7 3.2 231.7 20.1 80
2021000000449603 0.059 284.8 5.0 343.8 21.2 80
2021000000449603 0.058 330.6 4.7 389.0 19.1 80
2021000000449603 0.056 73.3 2.2 133.0 12.6 80
2021000000449603 0.055 232.3 1.5 287.0 7.4 80
2021000000449603 0.788 607.6 376.1 638.2 423.4 80
2021000000449603 0.775 41.5 116.4 601.5 323.3 80
2021000000449603 0.765 588.9 86.3 597.0 90.9 80
2021000000449603 0.764 172.7 194.5 291.0 272.9 18
2021000000449603 0.759 197.8 202.1 232.4 237.4 80
2021000000449603 0.756 552.9 91.2 559.0 94.9 80
2021000000449603 0.749 187.2 204.0 292.0 267.8 80
2021000000449603 0.749 174.9 195.7 222.5 246.7 80
2021000000449603 0.746 193.2 189.4 277.6 254.9 80
2021000000449603 0.745 250.0 241.0 289.3 265.2 80
2021000000449603 0.742 228.9 234.5 277.3 265.7 80
2021000000449603 0.731 638.8 268.4 640.2 349.9 80
2021000000449603 0.725 639.3 136.2 639.9 200.8 80
2021000000449603 0.127 396.7 179.0 485.7 226.1 80
2021000000449603 0.126 280.7 237.8 383.0 293.2 80
2021000000449603 0.117 112.7 241.3 220.6 303.1 80
2021000000449603 0.115 147.9 280.2 240.6 334.0 80
2021000000449603 0.114 134.4 174.1 229.3 232.4 80
2021000000449603 0.113 283.3 168.5 370.5 214.9 80
2021000000449603 0.112 361.0 196.1 454.9 248.4 80
2021000000449603 0.109 332.6 238.6 440.8 301.3 80
2021000000449603 0.107 313.0 194.6 410.2 250.6 80
2021000000449603 0.101 577.4 155.9 661.3 432.8 80
2021000000449603 0.100 232.1 154.8 322.8 209.7 80
2021000000449603 0.099 266.5 281.9 359.1 338.5 80
2021000000449603 0.098 96.8 195.0 198.7 261.9 80
2021000000449603 0.098 308.1 282.1 417.7 351.8 80
2021000000449603 0.097 584.5 86.5 668.3 166.1 80
2021000000449603 0.097 175.2 310.5 270.3 370.7 80
2021000000449603 0.097 414.5 228.6 509.7 290.4 80
2021000000449603 0.096 377.3 245.7 482.5 314.6 80
2021000000449603 0.095 537.5 186.9 621.7 242.3 80
2021000000449603 0.094 75.2 259.3 196.1 353.6 80
2021000000449603 0.094 451.3 217.5 545.2 281.8 80
2021000000449603 0.093 62.7 220.0 155.9 284.5 80
2021000000449603 0.092 495.2 203.6 584.9 266.2 80
2021000000449603 0.092 349.6 287.4 460.5 361.8 80
2021000000449603 0.092 161.3 408.6 329.3 427.5 80
2021000000449603 0.091 -21.5 215.5 59.6 273.6 80
2021000000449603 0.090 554.1 221.9 647.3 301.9 80
2021000000449603 0.088 430.7 267.7 537.8 350.1 80
2021000000449603 0.088 471.3 250.3 571.1 331.8 80
2021000000449603 0.088 515.5 229.9 614.4 319.4 80
2021000000449603 0.087 15.6 221.8 107.5 294.1 80
2021000000449603 0.085 68.6 399.6 180.4 427.9 80
2021000000449603 0.084 -9.1 250.9 89.0 350.7 80
2021000000449603 0.082 517.5 0.9 600.6 2.1 80
2021000000449603 0.082 35.3 253.0 141.9 365.0 80
2021000000449603 0.081 390.8 275.0 508.7 385.3 80
2021000000449603 0.081 442.2 1.1 524.2 2.3 80
2021000000449603 0.081 34.6 387.9 153.8 424.9 80
2021000000449603 0.081 -23.4 368.8 83.1 409.3 80
2021000000449603 0.080 573.1 1.1 654.4 2.3 80
2021000000449603 0.080 221.6 242.8 423.4 449.2 80
2021000000449603 0.080 506.6 373.9 607.2 412.8 80
2021000000449603 0.079 527.7 107.5 641.5 457.8 80
2021000000449603 0.078 155.5 386.9 259.3 424.8 80
2021000000449603 0.078 -5.8 367.4 114.3 410.5 80
2021000000449603 0.077 477.6 1.1 555.2 1.9 80
2021000000449603 0.077 484.2 219.3 607.2 414.3 80
2021000000449603 0.077 133.7 292.3 428.9 445.9 80
2021000000449603 0.077 287.3 373.4 394.1 414.2 80
2021000000449603 0.076 441.2 361.0 537.4 403.7 80
2021000000449603 0.075 -23.9 352.9 50.3 395.8 80
2021000000449603 0.075 46.2 241.0 261.1 460.0 80
2021000000449603 0.075 236.2 360.2 343.9 404.2 80
2021000000449603 0.075 -27.4 148.1 61.3 471.3 80
2021000000449603 0.074 382.6 351.1 484.2 396.9 80
2021000000449603 0.073 420.0 243.1 573.9 442.5 80
2021000000449603 0.072 172.3 0.7 242.0 1.3 80
2021000000449603 0.071 358.5 0.9 427.7 1.7 80
2021000000449603 0.071 49.6 1.2 117.9 1.9 80
2021000000449603 0.070 1.8 1.2 70.1 1.9 80
2021000000449603 0.069 381.4 9.1 536.6 52.6 80
2021000000449603 0.069 245.3 8.8 419.2 52.1 80
2021000000449603 0.069 224.8 10.7 340.6 52.9 80
2021000000449603 0.069 96.2 1.0 162.3 1.7 80
2021000000449603 0.068 334.7 8.8 483.1 50.9 80
2021000000449603 0.068 437.5 8.3 574.9 49.8 80
2021000000449603 0.068 189.5 7.8 308.2 49.6 80
2021000000449603 0.068 12.0 10.2 166.1 52.3 80
2021000000449603 0.068 -30.1 6.4 133.7 48.3 80
2021000000449603 0.068 48.4 7.4 204.8 48.9 80
2021000000449603 0.068 535.6 3.9 624.7 44.4 80
2021000000449603 0.068 146.8 6.0 275.2 46.7 80
2021000000449603 0.068 -30.3 8.3 76.7 49.8 80
2021000000449603 0.068 313.1 15.7 419.6 56.5 80
2021000000449603 0.067 -32.3 33.9 52.7 76.5 80
2021000000449603 0.067 102.2 6.4 228.0 46.4 80
2021000000449603 0.067 -8.7 33.5 75.0 73.9 80
2021000000449603 0.066 255.5 19.0 340.3 56.8 80
2021000000449603 0.065 23.7 20.2 108.4 57.0 80
2021000000449603 0.064 217.6 0.7 279.7 1.2 80
2021000000449603 0.061 429.2 6.8 491.5 28.8 80
2021000000449603 0.060 384.9 2.9 449.5 21.9 80
2021000000449603 0.059 172.7 3.2 231.7 20.1 80
2021000000449603 0.059 284.8 5.0 343.8 21.2 80
2021000000449603 0.058 330.6 4.7 389.0 19.1 80
2021000000449603 0.056 73.3 2.2 133.0 12.6 80
2021000000449603 0.055 232.3 1.5 287.0 7.4 80
