2021000000419096 0.784 573.7 517.4 615.0 608.8 80
2021000000419096 0.756 3.1 239.4 448.1 422.1 80
2021000000419096 0.756 396.4 283.5 413.8 317.2 80
2021000000419096 0.754 381.3 293.1 394.8 321.2 80
2021000000419096 0.754 431.2 276.2 451.9 304.0 80
2021000000419096 0.752 25.3 238.1 391.4 404.1 80
2021000000419096 0.751 -0.5 247.2 610.4 491.8 80
2021000000419096 0.749 7.6 226.9 307.8 385.6 80
2021000000419096 0.747 467.9 277.1 489.8 305.7 80
2021000000419096 0.746 125.0 240.0 186.1 333.5 80
2021000000419096 0.745 515.6 265.8 533.4 284.9 80
2021000000419096 0.744 539.8 279.7 552.8 290.6 80
2021000000419096 0.742 3.2 227.6 531.3 393.0 80
2021000000419096 0.739 116.6 221.1 603.7 457.6 80
2021000000419096 0.739 64.7 257.5 427.3 444.8 80
2021000000419096 0.738 465.9 287.9 485.3 319.2 80
2021000000419096 0.737 20.2 272.7 35.8 325.0 80
2021000000419096 0.737 216.3 227.9 554.1 300.5 80
2021000000419096 0.735 40.1 232.9 57.0 243.1 80
2021000000419096 0.735 401.4 270.5 417.6 301.2 80
2021000000419096 0.729 215.4 223.9 607.2 461.2 80
2021000000419096 0.728 15.2 224.2 196.3 419.9 80
2021000000419096 0.725 587.4 293.6 611.9 325.6 80
2021000000419096 0.721 30.2 211.4 229.2 246.3 80
2021000000419096 0.717 242.6 226.9 431.6 271.9 80
2021000000419096 0.713 58.4 221.8 128.2 241.4 80
2021000000419096 0.712 36.7 270.2 57.7 318.9 80
2021000000419096 0.710 170.3 226.8 375.6 274.3 80
2021000000419096 0.710 -2.7 229.8 602.3 468.3 80
2021000000419096 0.707 0.8 228.8 6.8 261.3 80
2021000000419096 0.707 2.6 223.1 609.8 374.6 80
2021000000419096 0.706 9.0 218.2 601.5 468.8 12
2021000000419096 0.705 126.2 223.4 606.1 466.1 80
2021000000419096 0.705 603.8 314.5 612.0 390.1 80
2021000000419096 0.703 38.6 221.0 134.2 243.6 80
2021000000419096 0.703 0.9 260.7 3.7 331.4 80
2021000000419096 0.702 0.8 274.8 12.4 324.3 80
2021000000419096 0.700 34.0 223.6 133.0 247.4 80
2021000000419096 0.700 7.1 219.5 616.9 469.4 80
2021000000419096 0.692 45.7 226.5 185.0 361.3 80
2021000000419096 0.692 5.5 228.3 173.8 402.0 80
2021000000419096 0.686 530.8 278.9 611.0 456.0 80
2021000000419096 0.685 597.8 313.1 612.1 440.0 80
2021000000419096 0.678 571.2 292.2 612.4 376.5 80
2021000000419096 0.672 213.8 223.3 343.6 243.3 80
2021000000419096 0.668 26.5 213.0 362.5 253.2 80
2021000000419096 0.662 159.3 225.3 505.7 284.1 80
2021000000419096 0.658 579.1 290.0 611.6 465.6 80
2021000000419096 0.654 29.0 221.6 385.3 279.6 80
2021000000419096 0.651 393.2 278.2 405.1 301.2 80
2021000000419096 0.641 177.2 217.2 537.1 283.4 80
2021000000419096 0.633 431.6 267.5 450.3 294.2 80
2021000000419096 0.627 12.6 224.2 186.8 397.8 80
2021000000419096 0.625 183.6 220.1 456.0 273.3 80
2021000000419096 0.613 18.8 267.9 35.2 320.6 80
2021000000419096 0.610 567.7 291.2 609.6 392.9 80
2021000000419096 0.602 572.7 292.0 611.7 407.7 80
2021000000419096 0.598 198.3 222.6 597.0 464.8 80
2021000000419096 0.583 180.7 228.8 339.0 276.6 80
2021000000419096 0.567 176.9 225.1 429.7 281.0 80
2021000000419096 0.138 484.2 339.7 590.2 435.6 80
2021000000419096 0.136 473.4 296.9 554.0 357.9 80
2021000000419096 0.127 12.6 224.2 186.8 397.8 12
2021000000419096 0.126 176.9 225.1 429.7 281.0 12
2021000000419096 0.122 399.5 395.6 509.8 478.7 80
2021000000419096 0.117 180.7 228.8 339.0 276.6 12
2021000000419096 0.117 192.0 162.1 275.4 220.2 80
2021000000419096 0.116 18.8 267.9 35.2 320.6 18
2021000000419096 0.115 499.2 71.1 596.9 137.8 80
2021000000419096 0.113 444.7 371.8 539.9 450.5 80
2021000000419096 0.111 572.7 292.0 611.7 407.7 12
2021000000419096 0.110 -37.9 591.2 142.6 614.7 80
2021000000419096 0.110 198.3 222.6 597.0 464.8 12
2021000000419096 0.109 426.2 151.5 505.9 220.1 80
2021000000419096 0.106 431.6 267.5 450.3 294.2 18
2021000000419096 0.103 -30.3 579.2 49.9 614.0 80
2021000000419096 0.103 -3.1 81.2 73.2 143.5 80
2021000000419096 0.103 525.7 188.1 607.9 262.3 80
2021000000419096 0.100 567.7 291.2 609.6 392.9 12
2021000000419096 0.100 143.5 407.5 229.7 482.3 80
2021000000419096 0.097 183.6 220.1 456.0 273.3 12
2021000000419096 0.091 170.3 451.1 257.3 528.2 80
2021000000419096 0.090 204.5 426.2 303.9 514.0 80
2021000000419096 0.090 393.2 278.2 405.1 301.2 18
2021000000419096 0.088 479.2 421.9 566.4 515.2 80
2021000000419096 0.086 434.7 446.3 529.6 554.1 80
2021000000419096 0.084 177.2 217.2 537.1 283.4 12
2021000000419096 0.083 9.0 218.2 601.5 468.8 80
2021000000419096 0.082 310.0 474.6 417.5 582.9 80
2021000000419096 0.081 87.7 0.0 166.2 1.8 80
2021000000419096 0.079 8.9 216.5 113.9 713.0 80
2021000000419096 0.079 213.0 544.5 325.1 600.0 80
2021000000419096 0.076 426.7 518.3 525.0 581.7 80
2021000000419096 0.075 209.5 437.6 351.8 611.0 80
2021000000419096 0.074 83.8 523.2 186.1 585.9 80
2021000000419096 0.074 159.3 225.3 505.7 284.1 12
2021000000419096 0.074 29.0 221.6 385.3 279.6 12
2021000000419096 0.074 65.8 337.6 224.9 672.2 80
2021000000419096 0.073 163.0 526.7 257.6 589.1 80
2021000000419096 0.073 50.6 504.0 148.3 570.4 80
2021000000419096 0.784 573.7 517.4 615.0 608.8 80
2021000000419096 0.756 3.1 239.4 448.1 422.1 80
2021000000419096 0.756 396.4 283.5 413.8 317.2 80
2021000000419096 0.754 381.3 293.1 394.8 321.2 80
2021000000419096 0.754 431.2 276.2 451.9 304.0 80
2021000000419096 0.752 25.3 238.1 391.4 404.1 80
2021000000419096 0.751 -0.5 247.2 610.4 491.8 80
2021000000419096 0.749 7.6 226.9 307.8 385.6 80
2021000000419096 0.747 467.9 277.1 489.8 305.7 80
2021000000419096 0.746 125.0 240.0 186.1 333.5 80
2021000000419096 0.745 515.6 265.8 533.4 284.9 80
2021000000419096 0.744 539.8 279.7 552.8 290.6 80
2021000000419096 0.742 3.2 227.6 531.3 393.0 80
2021000000419096 0.739 116.6 221.1 603.7 457.6 80
2021000000419096 0.739 64.7 257.5 427.3 444.8 80
2021000000419096 0.738 465.9 287.9 485.3 319.2 80
2021000000419096 0.737 20.2 272.7 35.8 325.0 80
2021000000419096 0.737 216.3 227.9 554.1 300.5 80
2021000000419096 0.735 40.1 232.9 57.0 243.1 80
2021000000419096 0.735 401.4 270.5 417.6 301.2 80
2021000000419096 0.729 215.4 223.9 607.2 461.2 80
2021000000419096 0.728 15.2 224.2 196.3 419.9 80
2021000000419096 0.725 587.4 293.6 611.9 325.6 80
2021000000419096 0.721 30.2 211.4 229.2 246.3 80
2021000000419096 0.717 242.6 226.9 431.6 271.9 80
2021000000419096 0.713 58.4 221.8 128.2 241.4 80
2021000000419096 0.712 36.7 270.2 57.7 318.9 80
2021000000419096 0.710 170.3 226.8 375.6 274.3 80
2021000000419096 0.710 -2.7 229.8 602.3 468.3 80
2021000000419096 0.707 0.8 228.8 6.8 261.3 80
2021000000419096 0.707 2.6 223.1 609.8 374.6 80
2021000000419096 0.706 9.0 218.2 601.5 468.8 12
2021000000419096 0.705 126.2 223.4 606.1 466.1 80
2021000000419096 0.705 603.8 314.5 612.0 390.1 80
2021000000419096 0.703 38.6 221.0 134.2 243.6 80
2021000000419096 0.703 0.9 260.7 3.7 331.4 80
2021000000419096 0.702 0.8 274.8 12.4 324.3 80
2021000000419096 0.700 34.0 223.6 133.0 247.4 80
2021000000419096 0.700 7.1 219.5 616.9 469.4 80
2021000000419096 0.692 45.7 226.5 185.0 361.3 80
2021000000419096 0.692 5.5 228.3 173.8 402.0 80
2021000000419096 0.686 530.8 278.9 611.0 456.0 80
2021000000419096 0.685 597.8 313.1 612.1 440.0 80
2021000000419096 0.678 571.2 292.2 612.4 376.5 80
2021000000419096 0.672 213.8 223.3 343.6 243.3 80
2021000000419096 0.668 26.5 213.0 362.5 253.2 80
2021000000419096 0.662 159.3 225.3 505.7 284.1 80
2021000000419096 0.658 579.1 290.0 611.6 465.6 80
2021000000419096 0.654 29.0 221.6 385.3 279.6 80
2021000000419096 0.651 393.2 278.2 405.1 301.2 80
2021000000419096 0.641 177.2 217.2 537.1 283.4 80
2021000000419096 0.633 431.6 267.5 450.3 294.2 80
2021000000419096 0.627 12.6 224.2 186.8 397.8 80
2021000000419096 0.625 183.6 220.1 456.0 273.3 80
2021000000419096 0.613 18.8 267.9 35.2 320.6 80
2021000000419096 0.610 567.7 291.2 609.6 392.9 80
2021000000419096 0.602 572.7 292.0 611.7 407.7 80
2021000000419096 0.598 198.3 222.6 597.0 464.8 80
2021000000419096 0.583 180.7 228.8 339.0 276.6 80
2021000000419096 0.567 176.9 225.1 429.7 281.0 80
2021000000419096 0.138 484.2 339.7 590.2 435.6 80
2021000000419096 0.136 473.4 296.9 554.0 357.9 80
2021000000419096 0.127 12.6 224.2 186.8 397.8 12
2021000000419096 0.126 176.9 225.1 429.7 281.0 12
2021000000419096 0.122 399.5 395.6 509.8 478.7 80
2021000000419096 0.117 180.7 228.8 339.0 276.6 12
2021000000419096 0.117 192.0 162.1 275.4 220.2 80
2021000000419096 0.116 18.8 267.9 35.2 320.6 18
2021000000419096 0.115 499.2 71.1 596.9 137.8 80
2021000000419096 0.113 444.7 371.8 539.9 450.5 80
2021000000419096 0.111 572.7 292.0 611.7 407.7 12
2021000000419096 0.110 -37.9 591.2 142.6 614.7 80
2021000000419096 0.110 198.3 222.6 597.0 464.8 12
2021000000419096 0.109 426.2 151.5 505.9 220.1 80
2021000000419096 0.106 431.6 267.5 450.3 294.2 18
2021000000419096 0.103 -30.3 579.2 49.9 614.0 80
2021000000419096 0.103 -3.1 81.2 73.2 143.5 80
2021000000419096 0.103 525.7 188.1 607.9 262.3 80
2021000000419096 0.100 567.7 291.2 609.6 392.9 12
2021000000419096 0.100 143.5 407.5 229.7 482.3 80
2021000000419096 0.097 183.6 220.1 456.0 273.3 12
2021000000419096 0.091 170.3 451.1 257.3 528.2 80
2021000000419096 0.090 204.5 426.2 303.9 514.0 80
2021000000419096 0.090 393.2 278.2 405.1 301.2 18
2021000000419096 0.088 479.2 421.9 566.4 515.2 80
2021000000419096 0.086 434.7 446.3 529.6 554.1 80
2021000000419096 0.084 177.2 217.2 537.1 283.4 12
2021000000419096 0.083 9.0 218.2 601.5 468.8 80
2021000000419096 0.082 310.0 474.6 417.5 582.9 80
2021000000419096 0.081 87.7 0.0 166.2 1.8 80
2021000000419096 0.079 8.9 216.5 113.9 713.0 80
2021000000419096 0.079 213.0 544.5 325.1 600.0 80
2021000000419096 0.076 426.7 518.3 525.0 581.7 80
2021000000419096 0.075 209.5 437.6 351.8 611.0 80
2021000000419096 0.074 83.8 523.2 186.1 585.9 80
2021000000419096 0.074 159.3 225.3 505.7 284.1 12
2021000000419096 0.074 29.0 221.6 385.3 279.6 12
2021000000419096 0.074 65.8 337.6 224.9 672.2 80
2021000000419096 0.073 163.0 526.7 257.6 589.1 80
2021000000419096 0.073 50.6 504.0 148.3 570.4 80
