2021000000118367 0.789 610.3 391.4 641.8 425.3 80
2021000000118367 0.787 7.1 69.2 422.6 407.9 80
2021000000118367 0.783 8.7 65.3 261.8 302.5 80
2021000000118367 0.781 8.0 66.1 229.4 390.4 80
2021000000118367 0.780 7.6 120.1 421.8 416.2 80
2021000000118367 0.775 3.2 68.2 351.2 370.2 80
2021000000118367 0.768 2.6 116.8 379.2 412.2 80
2021000000118367 0.764 287.3 236.5 407.1 328.7 80
2021000000118367 0.762 0.4 30.7 639.3 415.4 80
2021000000118367 0.759 272.4 285.5 325.5 330.9 80
2021000000118367 0.757 298.9 2.3 379.5 84.1 80
2021000000118367 0.745 317.3 189.6 418.0 299.4 80
2021000000118367 0.736 638.9 105.0 640.1 288.2 80
2021000000118367 0.730 373.8 190.8 421.3 230.9 80
2021000000118367 0.691 -0.8 413.6 125.2 427.2 80
2021000000118367 0.689 5.0 63.7 302.0 399.9 80
2021000000118367 0.684 61.0 424.9 121.7 427.2 80
2021000000118367 0.673 3.2 408.4 108.0 428.4 80
2021000000118367 0.660 1.6 63.0 285.4 403.7 80
2021000000118367 0.647 4.3 67.4 288.3 374.9 80
2021000000118367 0.638 4.5 59.2 419.4 401.0 18
2021000000118367 0.575 0.7 114.6 22.5 473.5 80
2021000000118367 0.414 279.9 172.9 440.0 271.8 80
2021000000118367 0.190 587.6 45.1 647.2 456.8 80
2021000000118367 0.128 0.1 50.5 74.8 456.4 80
2021000000118367 0.127 8.9 70.8 153.7 460.1 80
2021000000118367 0.125 274.8 234.9 393.0 304.2 80
2021000000118367 0.121 422.8 147.2 531.6 208.3 80
2021000000118367 0.120 389.0 173.8 492.9 231.8 80
2021000000118367 0.118 197.3 296.4 312.7 358.0 80
2021000000118367 0.117 154.4 139.4 296.3 228.9 80
2021000000118367 0.112 333.9 150.8 434.9 215.3 80
2021000000118367 0.112 4.3 67.4 288.3 374.9 18
2021000000118367 0.108 4.5 59.2 419.4 401.0 80
2021000000118367 0.107 375.6 249.4 474.3 310.4 80
2021000000118367 0.106 45.6 419.9 300.0 427.9 80
2021000000118367 0.106 571.6 166.6 653.8 215.8 80
2021000000118367 0.105 1.6 63.0 285.4 403.7 18
2021000000118367 0.105 240.3 201.6 358.2 275.1 80
2021000000118367 0.105 276.1 161.9 376.1 225.0 80
2021000000118367 0.103 226.9 247.2 332.1 315.6 80
2021000000118367 0.102 204.0 197.9 306.5 259.9 80
2021000000118367 0.100 548.4 407.6 667.9 424.9 80
2021000000118367 0.098 398.8 202.9 526.8 307.4 80
2021000000118367 0.097 231.5 147.8 328.8 209.9 80
2021000000118367 0.096 471.0 1.4 568.9 4.9 80
2021000000118367 0.096 105.8 106.9 207.6 177.7 80
2021000000118367 0.095 -10.7 1.6 86.6 5.2 80
2021000000118367 0.095 35.2 169.7 131.6 240.5 80
2021000000118367 0.094 9.2 415.0 166.6 429.5 80
2021000000118367 0.094 533.0 177.3 626.6 250.4 80
2021000000118367 0.093 436.9 189.7 560.6 300.0 80
2021000000118367 0.091 486.3 185.3 594.6 279.2 80
2021000000118367 0.091 -24.0 208.1 62.2 287.6 80
2021000000118367 0.091 548.5 206.2 652.8 314.8 80
2021000000118367 0.090 6.4 203.2 117.3 316.1 80
2021000000118367 0.089 315.7 396.6 488.8 422.9 80
2021000000118367 0.088 505.8 204.8 622.8 332.6 80
2021000000118367 0.087 380.2 0.6 470.0 2.4 80
2021000000118367 0.087 5.0 63.7 302.0 399.9 18
2021000000118367 0.087 350.1 287.9 460.3 369.2 80
2021000000118367 0.086 461.3 229.3 579.2 345.8 80
2021000000118367 0.085 260.2 398.7 367.5 428.0 80
2021000000118367 0.085 267.9 302.2 401.0 409.1 80
2021000000118367 0.084 57.4 403.7 188.7 429.2 80
2021000000118367 0.083 168.7 395.8 300.7 425.1 80
2021000000118367 0.080 505.5 377.8 601.8 415.2 80
2021000000118367 0.080 16.5 252.0 290.1 459.9 80
2021000000118367 0.080 432.2 381.7 528.8 419.1 80
2021000000118367 0.078 406.5 225.9 552.1 386.9 80
2021000000118367 0.077 516.9 119.1 652.9 451.4 80
2021000000118367 0.076 229.8 367.6 336.2 409.8 80
2021000000118367 0.076 520.3 1.0 595.8 1.7 80
2021000000118367 0.076 160.7 375.5 259.2 417.3 80
2021000000118367 0.073 368.9 350.5 458.2 394.1 80
2021000000118367 0.073 358.9 256.1 524.7 415.0 80
2021000000118367 0.073 460.3 209.5 626.8 430.9 80
2021000000118367 0.073 172.2 0.7 243.3 1.3 80
2021000000118367 0.072 423.6 0.8 494.2 1.4 80
2021000000118367 0.070 502.5 10.6 673.6 54.6 80
2021000000118367 0.069 366.0 7.9 562.2 50.8 80
2021000000118367 0.068 426.7 8.6 591.4 49.7 80
2021000000118367 0.068 310.6 7.2 522.1 49.2 80
2021000000118367 0.068 265.8 4.9 397.2 45.3 80
2021000000118367 0.068 130.7 6.6 300.1 48.2 80
2021000000118367 0.068 -39.5 4.4 145.5 45.7 80
2021000000118367 0.068 181.9 6.8 324.7 48.5 80
2021000000118367 0.067 -29.9 7.6 76.4 49.1 80
2021000000118367 0.067 46.9 3.8 212.0 43.5 80
2021000000118367 0.067 16.1 6.6 164.0 46.6 80
2021000000118367 0.067 101.3 5.5 229.5 45.5 80
2021000000118367 0.066 570.8 21.8 660.5 61.8 80
2021000000118367 0.066 315.4 9.7 432.7 47.7 80
2021000000118367 0.066 -28.1 23.8 47.2 63.7 80
2021000000118367 0.065 486.6 11.4 595.6 48.1 80
2021000000118367 0.062 309.8 0.8 371.3 1.4 80
2021000000118367 0.061 399.0 5.0 471.8 29.3 80
2021000000118367 0.061 260.2 4.2 327.4 26.8 80
2021000000118367 0.059 1.8 5.1 64.2 22.3 80
2021000000118367 0.058 187.2 2.8 249.2 18.2 80
2021000000118367 0.789 610.3 391.4 641.8 425.3 80
2021000000118367 0.787 7.1 69.2 422.6 407.9 80
2021000000118367 0.783 8.7 65.3 261.8 302.5 80
2021000000118367 0.781 8.0 66.1 229.4 390.4 80
2021000000118367 0.780 7.6 120.1 421.8 416.2 80
2021000000118367 0.775 3.2 68.2 351.2 370.2 80
2021000000118367 0.768 2.6 116.8 379.2 412.2 80
2021000000118367 0.764 287.3 236.5 407.1 328.7 80
2021000000118367 0.762 0.4 30.7 639.3 415.4 80
2021000000118367 0.759 272.4 285.5 325.5 330.9 80
2021000000118367 0.757 298.9 2.3 379.5 84.1 80
2021000000118367 0.745 317.3 189.6 418.0 299.4 80
2021000000118367 0.736 638.9 105.0 640.1 288.2 80
2021000000118367 0.730 373.8 190.8 421.3 230.9 80
2021000000118367 0.691 -0.8 413.6 125.2 427.2 80
2021000000118367 0.689 5.0 63.7 302.0 399.9 80
2021000000118367 0.684 61.0 424.9 121.7 427.2 80
2021000000118367 0.673 3.2 408.4 108.0 428.4 80
2021000000118367 0.660 1.6 63.0 285.4 403.7 80
2021000000118367 0.647 4.3 67.4 288.3 374.9 80
2021000000118367 0.638 4.5 59.2 419.4 401.0 18
2021000000118367 0.575 0.7 114.6 22.5 473.5 80
2021000000118367 0.414 279.9 172.9 440.0 271.8 80
2021000000118367 0.190 587.6 45.1 647.2 456.8 80
2021000000118367 0.128 0.1 50.5 74.8 456.4 80
2021000000118367 0.127 8.9 70.8 153.7 460.1 80
2021000000118367 0.125 274.8 234.9 393.0 304.2 80
2021000000118367 0.121 422.8 147.2 531.6 208.3 80
2021000000118367 0.120 389.0 173.8 492.9 231.8 80
2021000000118367 0.118 197.3 296.4 312.7 358.0 80
2021000000118367 0.117 154.4 139.4 296.3 228.9 80
2021000000118367 0.112 333.9 150.8 434.9 215.3 80
2021000000118367 0.112 4.3 67.4 288.3 374.9 18
2021000000118367 0.108 4.5 59.2 419.4 401.0 80
2021000000118367 0.107 375.6 249.4 474.3 310.4 80
2021000000118367 0.106 45.6 419.9 300.0 427.9 80
2021000000118367 0.106 571.6 166.6 653.8 215.8 80
2021000000118367 0.105 1.6 63.0 285.4 403.7 18
2021000000118367 0.105 240.3 201.6 358.2 275.1 80
2021000000118367 0.105 276.1 161.9 376.1 225.0 80
2021000000118367 0.103 226.9 247.2 332.1 315.6 80
2021000000118367 0.102 204.0 197.9 306.5 259.9 80
2021000000118367 0.100 548.4 407.6 667.9 424.9 80
2021000000118367 0.098 398.8 202.9 526.8 307.4 80
2021000000118367 0.097 231.5 147.8 328.8 209.9 80
2021000000118367 0.096 471.0 1.4 568.9 4.9 80
2021000000118367 0.096 105.8 106.9 207.6 177.7 80
2021000000118367 0.095 -10.7 1.6 86.6 5.2 80
2021000000118367 0.095 35.2 169.7 131.6 240.5 80
2021000000118367 0.094 9.2 415.0 166.6 429.5 80
2021000000118367 0.094 533.0 177.3 626.6 250.4 80
2021000000118367 0.093 436.9 189.7 560.6 300.0 80
2021000000118367 0.091 486.3 185.3 594.6 279.2 80
2021000000118367 0.091 -24.0 208.1 62.2 287.6 80
2021000000118367 0.091 548.5 206.2 652.8 314.8 80
2021000000118367 0.090 6.4 203.2 117.3 316.1 80
2021000000118367 0.089 315.7 396.6 488.8 422.9 80
2021000000118367 0.088 505.8 204.8 622.8 332.6 80
2021000000118367 0.087 380.2 0.6 470.0 2.4 80
2021000000118367 0.087 5.0 63.7 302.0 399.9 18
2021000000118367 0.087 350.1 287.9 460.3 369.2 80
2021000000118367 0.086 461.3 229.3 579.2 345.8 80
2021000000118367 0.085 260.2 398.7 367.5 428.0 80
2021000000118367 0.085 267.9 302.2 401.0 409.1 80
2021000000118367 0.084 57.4 403.7 188.7 429.2 80
2021000000118367 0.083 168.7 395.8 300.7 425.1 80
2021000000118367 0.080 505.5 377.8 601.8 415.2 80
2021000000118367 0.080 16.5 252.0 290.1 459.9 80
2021000000118367 0.080 432.2 381.7 528.8 419.1 80
2021000000118367 0.078 406.5 225.9 552.1 386.9 80
2021000000118367 0.077 516.9 119.1 652.9 451.4 80
2021000000118367 0.076 229.8 367.6 336.2 409.8 80
2021000000118367 0.076 520.3 1.0 595.8 1.7 80
2021000000118367 0.076 160.7 375.5 259.2 417.3 80
2021000000118367 0.073 368.9 350.5 458.2 394.1 80
2021000000118367 0.073 358.9 256.1 524.7 415.0 80
2021000000118367 0.073 460.3 209.5 626.8 430.9 80
2021000000118367 0.073 172.2 0.7 243.3 1.3 80
2021000000118367 0.072 423.6 0.8 494.2 1.4 80
2021000000118367 0.070 502.5 10.6 673.6 54.6 80
2021000000118367 0.069 366.0 7.9 562.2 50.8 80
2021000000118367 0.068 426.7 8.6 591.4 49.7 80
2021000000118367 0.068 310.6 7.2 522.1 49.2 80
2021000000118367 0.068 265.8 4.9 397.2 45.3 80
2021000000118367 0.068 130.7 6.6 300.1 48.2 80
2021000000118367 0.068 -39.5 4.4 145.5 45.7 80
2021000000118367 0.068 181.9 6.8 324.7 48.5 80
2021000000118367 0.067 -29.9 7.6 76.4 49.1 80
2021000000118367 0.067 46.9 3.8 212.0 43.5 80
2021000000118367 0.067 16.1 6.6 164.0 46.6 80
2021000000118367 0.067 101.3 5.5 229.5 45.5 80
2021000000118367 0.066 570.8 21.8 660.5 61.8 80
2021000000118367 0.066 315.4 9.7 432.7 47.7 80
2021000000118367 0.066 -28.1 23.8 47.2 63.7 80
2021000000118367 0.065 486.6 11.4 595.6 48.1 80
2021000000118367 0.062 309.8 0.8 371.3 1.4 80
2021000000118367 0.061 399.0 5.0 471.8 29.3 80
2021000000118367 0.061 260.2 4.2 327.4 26.8 80
2021000000118367 0.059 1.8 5.1 64.2 22.3 80
2021000000118367 0.058 187.2 2.8 249.2 18.2 80
