2021000000255401 0.784 388.2 400.6 417.7 467.8 80
2021000000255401 0.770 1.8 29.0 416.7 475.3 80
2021000000255401 0.770 400.2 147.6 416.6 474.6 80
2021000000255401 0.766 356.1 393.8 411.3 450.2 80
2021000000255401 0.751 415.0 99.7 416.1 277.9 80
2021000000255401 0.736 414.7 24.0 416.0 112.8 80
2021000000255401 0.734 388.0 408.0 417.3 453.6 80
2021000000255401 0.719 383.1 57.9 391.9 62.7 80
2021000000255401 0.707 1.0 71.1 2.7 338.4 80
2021000000255401 0.703 119.5 1.1 166.6 5.3 80
2021000000255401 0.700 28.8 0.9 59.6 3.7 80
2021000000255401 0.700 150.1 1.0 292.4 12.3 80
2021000000255401 0.699 355.8 427.8 392.8 454.0 80
2021000000255401 0.697 0.9 171.6 2.0 487.7 80
2021000000255401 0.695 155.4 0.7 321.6 10.5 80
2021000000255401 0.688 37.5 1.0 170.0 4.8 80
2021000000255401 0.682 160.4 0.8 188.0 12.7 80
2021000000255401 0.676 26.4 1.0 134.6 4.1 80
2021000000255401 0.666 157.8 0.6 181.5 14.3 80
2021000000255401 0.578 388.5 406.0 417.4 454.1 80
2021000000255401 0.414 335.2 24.1 451.2 513.8 80
2021000000255401 0.232 297.4 75.8 441.3 476.7 80
2021000000255401 0.223 359.2 63.0 441.6 363.3 80
2021000000255401 0.156 325.6 123.8 427.4 331.9 80
2021000000255401 0.118 296.2 13.3 376.0 37.0 80
2021000000255401 0.114 324.6 152.9 399.0 249.4 80
2021000000255401 0.105 145.0 3.5 213.0 10.2 80
2021000000255401 0.105 -3.8 202.3 50.5 262.5 80
2021000000255401 0.104 166.0 240.8 228.3 307.7 80
2021000000255401 0.104 213.6 2.5 279.2 9.3 80
2021000000255401 0.100 -21.1 476.0 35.2 502.2 80
2021000000255401 0.100 262.2 2.7 327.4 8.3 80
2021000000255401 0.099 313.0 202.9 390.7 329.9 80
2021000000255401 0.098 107.5 244.0 170.5 319.6 80
2021000000255401 0.096 267.1 256.8 336.3 347.2 80
2021000000255401 0.096 289.2 241.5 359.5 337.1 80
2021000000255401 0.095 118.9 273.5 198.5 383.1 80
2021000000255401 0.095 191.8 277.2 251.7 348.2 80
2021000000255401 0.095 243.2 2.0 304.9 6.2 80
2021000000255401 0.094 223.5 279.0 287.3 357.8 80
2021000000255401 0.093 150.4 278.4 221.2 370.1 80
2021000000255401 0.091 75.7 268.2 146.4 370.6 80
2021000000255401 0.091 -17.8 468.7 50.3 496.4 80
2021000000255401 0.091 246.4 280.0 316.8 376.4 80
2021000000255401 0.091 168.2 313.7 245.3 415.6 80
2021000000255401 0.090 -11.1 239.3 62.2 445.2 80
2021000000255401 0.090 299.1 263.7 378.8 402.8 80
2021000000255401 0.089 38.4 241.3 105.1 348.5 80
2021000000255401 0.089 86.4 298.9 172.0 427.7 80
2021000000255401 0.088 7.4 240.9 72.7 361.4 80
2021000000255401 0.086 273.8 292.6 355.3 425.5 80
2021000000255401 0.086 286.5 1.1 344.0 3.5 80
2021000000255401 0.086 89.3 469.2 163.3 505.1 80
2021000000255401 0.084 359.9 0.5 415.4 2.5 80
2021000000255401 0.084 195.9 306.1 280.0 436.4 80
2021000000255401 0.083 -7.0 458.2 67.7 496.4 80
2021000000255401 0.083 3.1 450.1 102.1 493.0 80
2021000000255401 0.082 265.8 242.4 441.0 499.8 80
2021000000255401 0.081 72.7 1.7 125.6 3.5 80
2021000000255401 0.081 388.5 406.0 417.4 454.1 14
2021000000255401 0.079 70.9 436.4 167.6 484.6 80
2021000000255401 0.078 9.6 191.1 100.2 499.3 80
2021000000255401 0.078 125.4 433.8 221.3 484.2 80
2021000000255401 0.077 39.9 239.2 129.5 466.7 80
2021000000255401 0.077 243.6 435.7 328.4 486.8 80
2021000000255401 0.077 104.4 294.6 230.7 475.3 80
2021000000255401 0.076 31.0 1.3 79.3 2.4 80
2021000000255401 0.076 205.4 293.8 314.3 471.5 80
2021000000255401 0.075 106.9 361.4 306.5 506.8 80
2021000000255401 0.075 193.6 1.1 240.3 2.5 80
2021000000255401 0.074 157.8 0.6 181.5 14.3 2
2021000000255401 0.074 198.2 416.7 279.2 468.9 80
2021000000255401 0.073 33.4 409.4 114.5 462.5 80
2021000000255401 0.073 235.1 290.8 340.0 487.3 80
2021000000255401 0.072 167.7 398.6 250.3 454.0 80
2021000000255401 0.072 74.5 328.3 203.1 490.8 80
2021000000255401 0.072 65.9 404.0 147.1 457.7 80
2021000000255401 0.071 257.3 305.6 388.0 511.8 80
2021000000255401 0.069 232.6 8.0 371.8 58.1 80
2021000000255401 0.069 270.5 9.0 393.7 58.9 80
2021000000255401 0.069 -14.9 9.2 42.6 56.6 80
2021000000255401 0.068 211.9 7.1 328.6 54.2 80
2021000000255401 0.067 203.8 12.8 280.7 57.0 80
2021000000255401 0.067 91.8 14.3 141.6 51.1 80
2021000000255401 0.066 65.7 24.0 120.5 66.5 80
2021000000255401 0.066 115.5 15.2 163.9 51.8 80
2021000000255401 0.066 40.4 24.4 91.2 66.6 80
2021000000255401 0.066 169.2 15.0 221.3 54.8 80
2021000000255401 0.066 -16.9 25.0 29.5 71.5 80
2021000000255401 0.065 16.5 19.3 68.8 60.4 80
2021000000255401 0.065 -2.7 23.0 43.1 63.7 80
2021000000255401 0.063 229.2 1.0 268.8 2.0 80
2021000000255401 0.062 388.5 406.0 417.4 454.1 5
2021000000255401 0.062 257.5 6.5 304.9 36.9 80
2021000000255401 0.061 188.7 10.8 229.8 38.4 80
2021000000255401 0.059 90.8 1.4 128.3 2.9 80
2021000000255401 0.058 221.9 6.2 261.6 25.1 80
2021000000255401 0.057 318.8 -0.1 354.1 8.8 80
2021000000255401 0.056 288.1 2.1 325.6 13.4 80
2021000000255401 0.056 108.1 3.5 143.6 11.5 80
2021000000255401 0.784 388.2 400.6 417.7 467.8 80
2021000000255401 0.770 1.8 29.0 416.7 475.3 80
2021000000255401 0.770 400.2 147.6 416.6 474.6 80
2021000000255401 0.766 356.1 393.8 411.3 450.2 80
2021000000255401 0.751 415.0 99.7 416.1 277.9 80
2021000000255401 0.736 414.7 24.0 416.0 112.8 80
2021000000255401 0.734 388.0 408.0 417.3 453.6 80
2021000000255401 0.719 383.1 57.9 391.9 62.7 80
2021000000255401 0.707 1.0 71.1 2.7 338.4 80
2021000000255401 0.703 119.5 1.1 166.6 5.3 80
2021000000255401 0.700 28.8 0.9 59.6 3.7 80
2021000000255401 0.700 150.1 1.0 292.4 12.3 80
2021000000255401 0.699 355.8 427.8 392.8 454.0 80
2021000000255401 0.697 0.9 171.6 2.0 487.7 80
2021000000255401 0.695 155.4 0.7 321.6 10.5 80
2021000000255401 0.688 37.5 1.0 170.0 4.8 80
2021000000255401 0.682 160.4 0.8 188.0 12.7 80
2021000000255401 0.676 26.4 1.0 134.6 4.1 80
2021000000255401 0.666 157.8 0.6 181.5 14.3 80
2021000000255401 0.578 388.5 406.0 417.4 454.1 80
2021000000255401 0.414 335.2 24.1 451.2 513.8 80
2021000000255401 0.232 297.4 75.8 441.3 476.7 80
2021000000255401 0.223 359.2 63.0 441.6 363.3 80
2021000000255401 0.156 325.6 123.8 427.4 331.9 80
2021000000255401 0.118 296.2 13.3 376.0 37.0 80
2021000000255401 0.114 324.6 152.9 399.0 249.4 80
2021000000255401 0.105 145.0 3.5 213.0 10.2 80
2021000000255401 0.105 -3.8 202.3 50.5 262.5 80
2021000000255401 0.104 166.0 240.8 228.3 307.7 80
2021000000255401 0.104 213.6 2.5 279.2 9.3 80
2021000000255401 0.100 -21.1 476.0 35.2 502.2 80
2021000000255401 0.100 262.2 2.7 327.4 8.3 80
2021000000255401 0.099 313.0 202.9 390.7 329.9 80
2021000000255401 0.098 107.5 244.0 170.5 319.6 80
2021000000255401 0.096 267.1 256.8 336.3 347.2 80
2021000000255401 0.096 289.2 241.5 359.5 337.1 80
2021000000255401 0.095 118.9 273.5 198.5 383.1 80
2021000000255401 0.095 191.8 277.2 251.7 348.2 80
2021000000255401 0.095 243.2 2.0 304.9 6.2 80
2021000000255401 0.094 223.5 279.0 287.3 357.8 80
2021000000255401 0.093 150.4 278.4 221.2 370.1 80
2021000000255401 0.091 75.7 268.2 146.4 370.6 80
2021000000255401 0.091 -17.8 468.7 50.3 496.4 80
2021000000255401 0.091 246.4 280.0 316.8 376.4 80
2021000000255401 0.091 168.2 313.7 245.3 415.6 80
2021000000255401 0.090 -11.1 239.3 62.2 445.2 80
2021000000255401 0.090 299.1 263.7 378.8 402.8 80
2021000000255401 0.089 38.4 241.3 105.1 348.5 80
2021000000255401 0.089 86.4 298.9 172.0 427.7 80
2021000000255401 0.088 7.4 240.9 72.7 361.4 80
2021000000255401 0.086 273.8 292.6 355.3 425.5 80
2021000000255401 0.086 286.5 1.1 344.0 3.5 80
2021000000255401 0.086 89.3 469.2 163.3 505.1 80
2021000000255401 0.084 359.9 0.5 415.4 2.5 80
2021000000255401 0.084 195.9 306.1 280.0 436.4 80
2021000000255401 0.083 -7.0 458.2 67.7 496.4 80
2021000000255401 0.083 3.1 450.1 102.1 493.0 80
2021000000255401 0.082 265.8 242.4 441.0 499.8 80
2021000000255401 0.081 72.7 1.7 125.6 3.5 80
2021000000255401 0.081 388.5 406.0 417.4 454.1 14
2021000000255401 0.079 70.9 436.4 167.6 484.6 80
2021000000255401 0.078 9.6 191.1 100.2 499.3 80
2021000000255401 0.078 125.4 433.8 221.3 484.2 80
2021000000255401 0.077 39.9 239.2 129.5 466.7 80
2021000000255401 0.077 243.6 435.7 328.4 486.8 80
2021000000255401 0.077 104.4 294.6 230.7 475.3 80
2021000000255401 0.076 31.0 1.3 79.3 2.4 80
2021000000255401 0.076 205.4 293.8 314.3 471.5 80
2021000000255401 0.075 106.9 361.4 306.5 506.8 80
2021000000255401 0.075 193.6 1.1 240.3 2.5 80
2021000000255401 0.074 157.8 0.6 181.5 14.3 2
2021000000255401 0.074 198.2 416.7 279.2 468.9 80
2021000000255401 0.073 33.4 409.4 114.5 462.5 80
2021000000255401 0.073 235.1 290.8 340.0 487.3 80
2021000000255401 0.072 167.7 398.6 250.3 454.0 80
2021000000255401 0.072 74.5 328.3 203.1 490.8 80
2021000000255401 0.072 65.9 404.0 147.1 457.7 80
2021000000255401 0.071 257.3 305.6 388.0 511.8 80
2021000000255401 0.069 232.6 8.0 371.8 58.1 80
2021000000255401 0.069 270.5 9.0 393.7 58.9 80
2021000000255401 0.069 -14.9 9.2 42.6 56.6 80
2021000000255401 0.068 211.9 7.1 328.6 54.2 80
2021000000255401 0.067 203.8 12.8 280.7 57.0 80
2021000000255401 0.067 91.8 14.3 141.6 51.1 80
2021000000255401 0.066 65.7 24.0 120.5 66.5 80
2021000000255401 0.066 115.5 15.2 163.9 51.8 80
2021000000255401 0.066 40.4 24.4 91.2 66.6 80
2021000000255401 0.066 169.2 15.0 221.3 54.8 80
2021000000255401 0.066 -16.9 25.0 29.5 71.5 80
2021000000255401 0.065 16.5 19.3 68.8 60.4 80
2021000000255401 0.065 -2.7 23.0 43.1 63.7 80
2021000000255401 0.063 229.2 1.0 268.8 2.0 80
2021000000255401 0.062 388.5 406.0 417.4 454.1 5
2021000000255401 0.062 257.5 6.5 304.9 36.9 80
2021000000255401 0.061 188.7 10.8 229.8 38.4 80
2021000000255401 0.059 90.8 1.4 128.3 2.9 80
2021000000255401 0.058 221.9 6.2 261.6 25.1 80
2021000000255401 0.057 318.8 -0.1 354.1 8.8 80
2021000000255401 0.056 288.1 2.1 325.6 13.4 80
2021000000255401 0.056 108.1 3.5 143.6 11.5 80
