2021000000121506 0.799 574.6 567.2 616.3 608.6 80
2021000000121506 0.764 48.0 266.6 563.0 328.1 80
2021000000121506 0.764 188.0 277.1 211.6 297.2 80
2021000000121506 0.760 101.3 282.5 112.8 294.3 80
2021000000121506 0.759 102.5 282.1 114.4 295.4 80
2021000000121506 0.753 187.5 281.4 210.2 304.5 80
2021000000121506 0.753 29.8 520.5 101.2 566.9 80
2021000000121506 0.751 245.4 270.2 291.9 285.6 80
2021000000121506 0.749 141.7 278.5 160.4 302.8 80
2021000000121506 0.738 129.9 278.4 160.7 299.7 80
2021000000121506 0.738 26.4 272.1 50.1 290.2 80
2021000000121506 0.733 525.6 267.2 593.2 320.7 80
2021000000121506 0.731 539.4 263.0 590.3 303.3 80
2021000000121506 0.731 24.1 268.1 44.2 287.6 80
2021000000121506 0.726 611.5 243.6 612.6 291.0 80
2021000000121506 0.725 334.7 261.0 355.9 286.8 80
2021000000121506 0.722 276.5 280.1 288.2 291.3 80
2021000000121506 0.713 160.1 285.5 186.0 299.5 80
2021000000121506 0.712 336.7 249.8 361.1 262.6 80
2021000000121506 0.711 611.9 360.5 612.4 537.4 80
2021000000121506 0.710 223.5 271.6 234.6 280.3 80
2021000000121506 0.710 496.2 256.8 532.3 289.4 80
2021000000121506 0.708 144.8 275.9 161.6 300.0 80
2021000000121506 0.695 276.9 278.8 288.4 288.5 80
2021000000121506 0.691 344.2 258.6 384.2 290.2 80
2021000000121506 0.689 445.6 252.1 517.8 292.7 80
2021000000121506 0.683 222.8 272.4 235.2 281.5 80
2021000000121506 0.678 341.4 252.5 374.5 270.9 80
2021000000121506 0.675 379.5 271.8 392.0 300.2 80
2021000000121506 0.671 338.3 259.5 386.7 294.5 80
2021000000121506 0.655 372.0 265.2 389.8 290.0 80
2021000000121506 0.645 499.9 259.7 527.9 284.4 80
2021000000121506 0.633 435.9 248.7 525.8 299.9 80
2021000000121506 0.629 403.9 269.1 421.8 308.0 80
2021000000121506 0.617 488.5 261.3 529.7 301.3 80
2021000000121506 0.588 390.2 255.5 424.6 286.1 80
2021000000121506 0.586 393.7 246.9 530.4 304.0 80
2021000000121506 0.580 405.6 252.7 507.4 295.8 80
2021000000121506 0.573 277.5 276.9 289.7 287.3 80
2021000000121506 0.560 414.8 260.5 459.3 309.3 80
2021000000121506 0.494 388.6 255.5 424.4 301.6 80
2021000000121506 0.485 392.0 265.8 413.2 310.7 80
2021000000121506 0.474 409.2 266.8 422.3 291.3 80
2021000000121506 0.461 412.2 261.3 459.0 302.6 80
2021000000121506 0.394 398.6 251.1 528.8 305.0 5
2021000000121506 0.370 440.4 252.1 528.6 303.8 80
2021000000121506 0.368 410.2 267.3 423.9 298.4 80
2021000000121506 0.305 410.2 267.3 423.9 298.4 18
2021000000121506 0.302 338.6 255.2 384.9 290.2 18
2021000000121506 0.280 398.6 251.1 528.8 305.0 17
2021000000121506 0.259 440.4 252.1 528.6 303.8 5
2021000000121506 0.218 392.0 265.8 413.2 310.7 18
2021000000121506 0.213 409.2 266.8 422.3 291.3 18
2021000000121506 0.202 338.6 255.2 384.9 290.2 80
2021000000121506 0.169 398.6 251.1 528.8 305.0 80
2021000000121506 0.157 412.2 261.3 459.0 302.6 5
2021000000121506 0.153 393.7 246.9 530.4 304.0 17
2021000000121506 0.148 -24.7 597.9 105.4 613.1 80
2021000000121506 0.148 412.2 261.3 459.0 302.6 18
2021000000121506 0.144 414.8 260.5 459.3 309.3 18
2021000000121506 0.136 338.6 255.2 384.9 290.2 5
2021000000121506 0.132 440.4 252.1 528.6 303.8 17
2021000000121506 0.131 405.6 252.7 507.4 295.8 5
2021000000121506 0.128 388.6 255.5 424.4 301.6 17
2021000000121506 0.126 390.2 255.5 424.6 286.1 5
2021000000121506 0.118 97.0 16.3 207.2 48.0 80
2021000000121506 0.117 388.6 255.5 424.4 301.6 18
2021000000121506 0.116 338.6 255.2 384.9 290.2 3
2021000000121506 0.114 488.5 261.3 529.7 301.3 5
2021000000121506 0.111 244.2 163.6 325.6 228.6 80
2021000000121506 0.110 525.2 188.9 606.8 256.5 80
2021000000121506 0.109 403.9 269.1 421.8 308.0 18
2021000000121506 0.105 388.6 255.5 424.4 301.6 5
2021000000121506 0.103 499.9 259.7 527.9 284.4 5
2021000000121506 0.103 198.4 155.0 275.5 219.6 80
2021000000121506 0.099 153.2 163.2 229.2 228.5 80
2021000000121506 0.099 257.1 407.9 342.7 480.7 80
2021000000121506 0.098 409.2 266.8 422.3 291.3 5
2021000000121506 0.098 372.0 265.2 389.8 290.0 18
2021000000121506 0.097 390.2 255.5 424.6 286.1 17
2021000000121506 0.096 508.1 121.5 584.1 188.0 80
2021000000121506 0.096 305.2 419.0 390.8 493.9 80
2021000000121506 0.095 39.8 259.0 118.2 328.8 80
2021000000121506 0.093 145.5 406.1 231.4 485.2 80
2021000000121506 0.092 410.2 267.3 423.9 298.4 5
2021000000121506 0.092 -20.1 313.5 56.7 390.8 80
2021000000121506 0.092 11.8 0.2 102.4 4.5 80
2021000000121506 0.092 277.5 276.9 289.7 287.3 5
2021000000121506 0.091 435.9 248.7 525.8 299.9 17
2021000000121506 0.091 209.8 424.8 300.4 509.9 80
2021000000121506 0.090 436.4 453.6 526.4 543.7 80
2021000000121506 0.089 479.3 426.0 564.9 512.8 80
2021000000121506 0.089 546.7 367.7 635.1 488.3 80
2021000000121506 0.088 -29.7 571.3 52.4 613.1 80
2021000000121506 0.087 435.9 248.7 525.8 299.9 5
2021000000121506 0.087 273.0 457.6 369.8 556.1 80
2021000000121506 0.087 84.8 392.7 175.9 495.0 80
2021000000121506 0.085 393.7 246.9 530.4 304.0 5
2021000000121506 0.085 502.7 295.1 617.6 600.8 80
2021000000121506 0.083 -6.4 364.4 82.9 504.2 80
2021000000121506 0.799 574.6 567.2 616.3 608.6 80
2021000000121506 0.764 48.0 266.6 563.0 328.1 80
2021000000121506 0.764 188.0 277.1 211.6 297.2 80
2021000000121506 0.760 101.3 282.5 112.8 294.3 80
2021000000121506 0.759 102.5 282.1 114.4 295.4 80
2021000000121506 0.753 187.5 281.4 210.2 304.5 80
2021000000121506 0.753 29.8 520.5 101.2 566.9 80
2021000000121506 0.751 245.4 270.2 291.9 285.6 80
2021000000121506 0.749 141.7 278.5 160.4 302.8 80
2021000000121506 0.738 129.9 278.4 160.7 299.7 80
2021000000121506 0.738 26.4 272.1 50.1 290.2 80
2021000000121506 0.733 525.6 267.2 593.2 320.7 80
2021000000121506 0.731 539.4 263.0 590.3 303.3 80
2021000000121506 0.731 24.1 268.1 44.2 287.6 80
2021000000121506 0.726 611.5 243.6 612.6 291.0 80
2021000000121506 0.725 334.7 261.0 355.9 286.8 80
2021000000121506 0.722 276.5 280.1 288.2 291.3 80
2021000000121506 0.713 160.1 285.5 186.0 299.5 80
2021000000121506 0.712 336.7 249.8 361.1 262.6 80
2021000000121506 0.711 611.9 360.5 612.4 537.4 80
2021000000121506 0.710 223.5 271.6 234.6 280.3 80
2021000000121506 0.710 496.2 256.8 532.3 289.4 80
2021000000121506 0.708 144.8 275.9 161.6 300.0 80
2021000000121506 0.695 276.9 278.8 288.4 288.5 80
2021000000121506 0.691 344.2 258.6 384.2 290.2 80
2021000000121506 0.689 445.6 252.1 517.8 292.7 80
2021000000121506 0.683 222.8 272.4 235.2 281.5 80
2021000000121506 0.678 341.4 252.5 374.5 270.9 80
2021000000121506 0.675 379.5 271.8 392.0 300.2 80
2021000000121506 0.671 338.3 259.5 386.7 294.5 80
2021000000121506 0.655 372.0 265.2 389.8 290.0 80
2021000000121506 0.645 499.9 259.7 527.9 284.4 80
2021000000121506 0.633 435.9 248.7 525.8 299.9 80
2021000000121506 0.629 403.9 269.1 421.8 308.0 80
2021000000121506 0.617 488.5 261.3 529.7 301.3 80
2021000000121506 0.588 390.2 255.5 424.6 286.1 80
2021000000121506 0.586 393.7 246.9 530.4 304.0 80
2021000000121506 0.580 405.6 252.7 507.4 295.8 80
2021000000121506 0.573 277.5 276.9 289.7 287.3 80
2021000000121506 0.560 414.8 260.5 459.3 309.3 80
2021000000121506 0.494 388.6 255.5 424.4 301.6 80
2021000000121506 0.485 392.0 265.8 413.2 310.7 80
2021000000121506 0.474 409.2 266.8 422.3 291.3 80
2021000000121506 0.461 412.2 261.3 459.0 302.6 80
2021000000121506 0.394 398.6 251.1 528.8 305.0 5
2021000000121506 0.370 440.4 252.1 528.6 303.8 80
2021000000121506 0.368 410.2 267.3 423.9 298.4 80
2021000000121506 0.305 410.2 267.3 423.9 298.4 18
2021000000121506 0.302 338.6 255.2 384.9 290.2 18
2021000000121506 0.280 398.6 251.1 528.8 305.0 17
2021000000121506 0.259 440.4 252.1 528.6 303.8 5
2021000000121506 0.218 392.0 265.8 413.2 310.7 18
2021000000121506 0.213 409.2 266.8 422.3 291.3 18
2021000000121506 0.202 338.6 255.2 384.9 290.2 80
2021000000121506 0.169 398.6 251.1 528.8 305.0 80
2021000000121506 0.157 412.2 261.3 459.0 302.6 5
2021000000121506 0.153 393.7 246.9 530.4 304.0 17
2021000000121506 0.148 -24.7 597.9 105.4 613.1 80
2021000000121506 0.148 412.2 261.3 459.0 302.6 18
2021000000121506 0.144 414.8 260.5 459.3 309.3 18
2021000000121506 0.136 338.6 255.2 384.9 290.2 5
2021000000121506 0.132 440.4 252.1 528.6 303.8 17
2021000000121506 0.131 405.6 252.7 507.4 295.8 5
2021000000121506 0.128 388.6 255.5 424.4 301.6 17
2021000000121506 0.126 390.2 255.5 424.6 286.1 5
2021000000121506 0.118 97.0 16.3 207.2 48.0 80
2021000000121506 0.117 388.6 255.5 424.4 301.6 18
2021000000121506 0.116 338.6 255.2 384.9 290.2 3
2021000000121506 0.114 488.5 261.3 529.7 301.3 5
2021000000121506 0.111 244.2 163.6 325.6 228.6 80
2021000000121506 0.110 525.2 188.9 606.8 256.5 80
2021000000121506 0.109 403.9 269.1 421.8 308.0 18
2021000000121506 0.105 388.6 255.5 424.4 301.6 5
2021000000121506 0.103 499.9 259.7 527.9 284.4 5
2021000000121506 0.103 198.4 155.0 275.5 219.6 80
2021000000121506 0.099 153.2 163.2 229.2 228.5 80
2021000000121506 0.099 257.1 407.9 342.7 480.7 80
2021000000121506 0.098 409.2 266.8 422.3 291.3 5
2021000000121506 0.098 372.0 265.2 389.8 290.0 18
2021000000121506 0.097 390.2 255.5 424.6 286.1 17
2021000000121506 0.096 508.1 121.5 584.1 188.0 80
2021000000121506 0.096 305.2 419.0 390.8 493.9 80
2021000000121506 0.095 39.8 259.0 118.2 328.8 80
2021000000121506 0.093 145.5 406.1 231.4 485.2 80
2021000000121506 0.092 410.2 267.3 423.9 298.4 5
2021000000121506 0.092 -20.1 313.5 56.7 390.8 80
2021000000121506 0.092 11.8 0.2 102.4 4.5 80
2021000000121506 0.092 277.5 276.9 289.7 287.3 5
2021000000121506 0.091 435.9 248.7 525.8 299.9 17
2021000000121506 0.091 209.8 424.8 300.4 509.9 80
2021000000121506 0.090 436.4 453.6 526.4 543.7 80
2021000000121506 0.089 479.3 426.0 564.9 512.8 80
2021000000121506 0.089 546.7 367.7 635.1 488.3 80
2021000000121506 0.088 -29.7 571.3 52.4 613.1 80
2021000000121506 0.087 435.9 248.7 525.8 299.9 5
2021000000121506 0.087 273.0 457.6 369.8 556.1 80
2021000000121506 0.087 84.8 392.7 175.9 495.0 80
2021000000121506 0.085 393.7 246.9 530.4 304.0 5
2021000000121506 0.085 502.7 295.1 617.6 600.8 80
2021000000121506 0.083 -6.4 364.4 82.9 504.2 80
