2021000000006614 0.797 467.1 342.7 500.3 394.5 80
2021000000006614 0.786 109.2 59.9 485.1 291.2 80
2021000000006614 0.784 129.1 44.0 343.4 240.4 80
2021000000006614 0.779 110.9 64.5 371.9 270.5 80
2021000000006614 0.770 100.8 42.4 486.2 249.6 80
2021000000006614 0.765 119.8 58.4 301.8 196.7 80
2021000000006614 0.765 108.3 62.2 311.9 250.6 80
2021000000006614 0.761 1.1 31.5 499.9 365.8 80
2021000000006614 0.759 466.7 203.1 501.7 306.8 80
2021000000006614 0.759 19.4 60.7 192.9 207.6 80
2021000000006614 0.753 497.8 183.8 500.0 329.2 80
2021000000006614 0.751 125.3 75.4 312.8 267.9 80
2021000000006614 0.750 15.7 27.3 211.7 206.7 80
2021000000006614 0.749 498.7 133.4 500.0 270.3 80
2021000000006614 0.749 49.3 51.2 70.8 73.6 80
2021000000006614 0.746 101.5 53.1 458.8 252.3 80
2021000000006614 0.741 126.2 48.6 489.0 257.8 80
2021000000006614 0.738 17.8 49.7 163.4 206.3 80
2021000000006614 0.725 17.2 28.5 281.5 199.0 80
2021000000006614 0.722 19.2 67.2 140.4 206.1 80
2021000000006614 0.701 17.4 40.1 306.2 246.9 80
2021000000006614 0.692 18.5 35.8 305.4 212.0 80
2021000000006614 0.680 16.4 32.6 271.7 208.3 80
2021000000006614 0.580 126.5 64.8 313.7 253.1 80
2021000000006614 0.322 -0.5 59.6 13.6 426.5 80
2021000000006614 0.230 171.8 91.1 288.1 148.3 80
2021000000006614 0.200 425.5 158.6 515.1 304.2 80
2021000000006614 0.195 240.2 122.1 435.5 230.6 80
2021000000006614 0.191 212.4 142.4 448.5 319.8 80
2021000000006614 0.154 111.5 190.0 258.4 299.4 80
2021000000006614 0.141 77.4 199.1 223.2 339.9 80
2021000000006614 0.129 442.5 125.4 516.9 251.7 80
2021000000006614 0.123 67.5 189.1 190.3 294.8 80
2021000000006614 0.119 39.4 195.1 127.7 257.1 80
2021000000006614 0.118 36.5 91.5 121.6 157.9 80
2021000000006614 0.116 151.1 89.7 239.8 146.2 80
2021000000006614 0.111 187.3 234.3 298.8 325.8 80
2021000000006614 0.110 219.5 384.1 415.4 396.1 80
2021000000006614 0.110 221.9 236.2 341.7 335.4 80
2021000000006614 0.107 227.8 111.6 309.0 163.7 80
2021000000006614 0.106 142.2 243.6 267.6 346.9 80
2021000000006614 0.105 250.6 240.6 378.6 344.6 80
2021000000006614 0.102 340.8 1.9 421.9 6.4 80
2021000000006614 0.102 50.3 219.3 159.8 336.1 80
2021000000006614 0.101 310.5 197.1 408.8 274.4 80
2021000000006614 0.097 405.7 72.1 506.8 426.2 80
2021000000006614 0.095 346.6 189.9 433.5 266.3 80
2021000000006614 0.095 400.9 1.0 475.7 3.7 80
2021000000006614 0.093 416.5 162.3 490.7 238.9 80
2021000000006614 0.090 386.3 184.8 458.8 249.3 80
2021000000006614 0.090 331.8 237.9 425.0 328.9 80
2021000000006614 0.089 -17.8 195.1 47.8 259.9 80
2021000000006614 0.089 363.6 221.1 451.1 312.3 80
2021000000006614 0.089 369.9 1.2 441.5 3.0 80
2021000000006614 0.088 398.8 195.3 484.8 307.0 80
2021000000006614 0.086 12.2 204.3 84.3 276.8 80
2021000000006614 0.086 47.0 308.8 430.7 406.2 80
2021000000006614 0.086 -21.2 364.1 39.3 393.9 80
2021000000006614 0.085 126.5 64.8 313.7 253.1 8
2021000000006614 0.085 -8.7 221.0 70.4 333.1 80
2021000000006614 0.085 6.2 365.8 111.8 392.9 80
2021000000006614 0.083 23.6 214.4 114.1 351.1 80
2021000000006614 0.081 80.2 358.1 182.4 391.4 80
2021000000006614 0.078 395.8 342.5 472.0 379.9 80
2021000000006614 0.078 -13.0 332.3 55.5 370.6 80
2021000000006614 0.077 81.4 214.4 254.0 404.2 80
2021000000006614 0.077 289.5 234.8 404.5 374.9 80
2021000000006614 0.077 142.2 348.0 241.2 385.7 80
2021000000006614 0.076 299.3 0.8 359.0 1.4 80
2021000000006614 0.075 62.5 345.1 147.1 384.1 80
2021000000006614 0.075 343.2 335.1 418.3 374.7 80
2021000000006614 0.075 0.6 328.3 83.1 370.7 80
2021000000006614 0.075 34.6 339.6 120.8 379.7 80
2021000000006614 0.074 128.9 347.4 211.9 386.4 80
2021000000006614 0.074 232.0 331.1 315.1 372.1 80
2021000000006614 0.073 365.6 181.1 484.2 403.5 80
2021000000006614 0.072 299.0 318.6 376.1 361.5 80
2021000000006614 0.071 1.4 1.2 55.1 1.8 80
2021000000006614 0.070 202.0 307.5 288.1 351.3 80
2021000000006614 0.069 395.5 6.6 525.4 46.5 80
2021000000006614 0.069 289.9 6.0 436.2 45.6 80
2021000000006614 0.068 197.4 4.1 328.6 42.3 80
2021000000006614 0.067 251.3 4.9 400.4 43.1 80
2021000000006614 0.067 -19.2 7.9 54.2 46.3 80
2021000000006614 0.067 335.3 5.0 463.6 43.0 80
2021000000006614 0.067 -25.3 31.0 41.7 70.5 80
2021000000006614 0.067 28.7 4.7 94.5 40.5 80
2021000000006614 0.067 180.0 4.0 270.4 39.7 80
2021000000006614 0.066 155.8 2.4 239.9 37.6 80
2021000000006614 0.066 127.7 1.7 204.6 35.9 80
2021000000006614 0.066 62.0 1.2 133.3 34.6 80
2021000000006614 0.066 449.8 13.7 507.9 48.2 80
2021000000006614 0.066 439.3 0.8 488.5 1.3 80
2021000000006614 0.065 254.5 7.6 327.0 41.5 80
2021000000006614 0.065 93.3 1.3 161.7 34.0 80
2021000000006614 0.064 -3.4 19.0 55.5 51.2 80
2021000000006614 0.064 388.4 7.0 452.7 38.1 80
2021000000006614 0.061 309.3 4.7 364.7 27.7 80
2021000000006614 0.061 325.7 0.9 373.2 1.5 80
2021000000006614 0.058 18.5 35.8 305.4 212.0 1
2021000000006614 0.797 467.1 342.7 500.3 394.5 80
2021000000006614 0.786 109.2 59.9 485.1 291.2 80
2021000000006614 0.784 129.1 44.0 343.4 240.4 80
2021000000006614 0.779 110.9 64.5 371.9 270.5 80
2021000000006614 0.770 100.8 42.4 486.2 249.6 80
2021000000006614 0.765 119.8 58.4 301.8 196.7 80
2021000000006614 0.765 108.3 62.2 311.9 250.6 80
2021000000006614 0.761 1.1 31.5 499.9 365.8 80
2021000000006614 0.759 466.7 203.1 501.7 306.8 80
2021000000006614 0.759 19.4 60.7 192.9 207.6 80
2021000000006614 0.753 497.8 183.8 500.0 329.2 80
2021000000006614 0.751 125.3 75.4 312.8 267.9 80
2021000000006614 0.750 15.7 27.3 211.7 206.7 80
2021000000006614 0.749 498.7 133.4 500.0 270.3 80
2021000000006614 0.749 49.3 51.2 70.8 73.6 80
2021000000006614 0.746 101.5 53.1 458.8 252.3 80
2021000000006614 0.741 126.2 48.6 489.0 257.8 80
2021000000006614 0.738 17.8 49.7 163.4 206.3 80
2021000000006614 0.725 17.2 28.5 281.5 199.0 80
2021000000006614 0.722 19.2 67.2 140.4 206.1 80
2021000000006614 0.701 17.4 40.1 306.2 246.9 80
2021000000006614 0.692 18.5 35.8 305.4 212.0 80
2021000000006614 0.680 16.4 32.6 271.7 208.3 80
2021000000006614 0.580 126.5 64.8 313.7 253.1 80
2021000000006614 0.322 -0.5 59.6 13.6 426.5 80
2021000000006614 0.230 171.8 91.1 288.1 148.3 80
2021000000006614 0.200 425.5 158.6 515.1 304.2 80
2021000000006614 0.195 240.2 122.1 435.5 230.6 80
2021000000006614 0.191 212.4 142.4 448.5 319.8 80
2021000000006614 0.154 111.5 190.0 258.4 299.4 80
2021000000006614 0.141 77.4 199.1 223.2 339.9 80
2021000000006614 0.129 442.5 125.4 516.9 251.7 80
2021000000006614 0.123 67.5 189.1 190.3 294.8 80
2021000000006614 0.119 39.4 195.1 127.7 257.1 80
2021000000006614 0.118 36.5 91.5 121.6 157.9 80
2021000000006614 0.116 151.1 89.7 239.8 146.2 80
2021000000006614 0.111 187.3 234.3 298.8 325.8 80
2021000000006614 0.110 219.5 384.1 415.4 396.1 80
2021000000006614 0.110 221.9 236.2 341.7 335.4 80
2021000000006614 0.107 227.8 111.6 309.0 163.7 80
2021000000006614 0.106 142.2 243.6 267.6 346.9 80
2021000000006614 0.105 250.6 240.6 378.6 344.6 80
2021000000006614 0.102 340.8 1.9 421.9 6.4 80
2021000000006614 0.102 50.3 219.3 159.8 336.1 80
2021000000006614 0.101 310.5 197.1 408.8 274.4 80
2021000000006614 0.097 405.7 72.1 506.8 426.2 80
2021000000006614 0.095 346.6 189.9 433.5 266.3 80
2021000000006614 0.095 400.9 1.0 475.7 3.7 80
2021000000006614 0.093 416.5 162.3 490.7 238.9 80
2021000000006614 0.090 386.3 184.8 458.8 249.3 80
2021000000006614 0.090 331.8 237.9 425.0 328.9 80
2021000000006614 0.089 -17.8 195.1 47.8 259.9 80
2021000000006614 0.089 363.6 221.1 451.1 312.3 80
2021000000006614 0.089 369.9 1.2 441.5 3.0 80
2021000000006614 0.088 398.8 195.3 484.8 307.0 80
2021000000006614 0.086 12.2 204.3 84.3 276.8 80
2021000000006614 0.086 47.0 308.8 430.7 406.2 80
2021000000006614 0.086 -21.2 364.1 39.3 393.9 80
2021000000006614 0.085 126.5 64.8 313.7 253.1 8
2021000000006614 0.085 -8.7 221.0 70.4 333.1 80
2021000000006614 0.085 6.2 365.8 111.8 392.9 80
2021000000006614 0.083 23.6 214.4 114.1 351.1 80
2021000000006614 0.081 80.2 358.1 182.4 391.4 80
2021000000006614 0.078 395.8 342.5 472.0 379.9 80
2021000000006614 0.078 -13.0 332.3 55.5 370.6 80
2021000000006614 0.077 81.4 214.4 254.0 404.2 80
2021000000006614 0.077 289.5 234.8 404.5 374.9 80
2021000000006614 0.077 142.2 348.0 241.2 385.7 80
2021000000006614 0.076 299.3 0.8 359.0 1.4 80
2021000000006614 0.075 62.5 345.1 147.1 384.1 80
2021000000006614 0.075 343.2 335.1 418.3 374.7 80
2021000000006614 0.075 0.6 328.3 83.1 370.7 80
2021000000006614 0.075 34.6 339.6 120.8 379.7 80
2021000000006614 0.074 128.9 347.4 211.9 386.4 80
2021000000006614 0.074 232.0 331.1 315.1 372.1 80
2021000000006614 0.073 365.6 181.1 484.2 403.5 80
2021000000006614 0.072 299.0 318.6 376.1 361.5 80
2021000000006614 0.071 1.4 1.2 55.1 1.8 80
2021000000006614 0.070 202.0 307.5 288.1 351.3 80
2021000000006614 0.069 395.5 6.6 525.4 46.5 80
2021000000006614 0.069 289.9 6.0 436.2 45.6 80
2021000000006614 0.068 197.4 4.1 328.6 42.3 80
2021000000006614 0.067 251.3 4.9 400.4 43.1 80
2021000000006614 0.067 -19.2 7.9 54.2 46.3 80
2021000000006614 0.067 335.3 5.0 463.6 43.0 80
2021000000006614 0.067 -25.3 31.0 41.7 70.5 80
2021000000006614 0.067 28.7 4.7 94.5 40.5 80
2021000000006614 0.067 180.0 4.0 270.4 39.7 80
2021000000006614 0.066 155.8 2.4 239.9 37.6 80
2021000000006614 0.066 127.7 1.7 204.6 35.9 80
2021000000006614 0.066 62.0 1.2 133.3 34.6 80
2021000000006614 0.066 449.8 13.7 507.9 48.2 80
2021000000006614 0.066 439.3 0.8 488.5 1.3 80
2021000000006614 0.065 254.5 7.6 327.0 41.5 80
2021000000006614 0.065 93.3 1.3 161.7 34.0 80
2021000000006614 0.064 -3.4 19.0 55.5 51.2 80
2021000000006614 0.064 388.4 7.0 452.7 38.1 80
2021000000006614 0.061 309.3 4.7 364.7 27.7 80
2021000000006614 0.061 325.7 0.9 373.2 1.5 80
2021000000006614 0.058 18.5 35.8 305.4 212.0 1
