2021000000343706 0.786 601.7 444.5 643.6 493.8 80
2021000000343706 0.783 11.8 147.8 425.7 478.4 80
2021000000343706 0.783 5.6 86.1 393.2 484.8 80
2021000000343706 0.769 346.6 3.0 633.6 489.2 80
2021000000343706 0.768 10.3 22.6 645.3 486.5 80
2021000000343706 0.761 5.9 11.3 323.8 440.4 80
2021000000343706 0.756 22.3 8.6 625.5 401.5 80
2021000000343706 0.750 5.1 5.2 331.3 299.5 80
2021000000343706 0.750 1.1 -2.1 469.4 491.2 80
2021000000343706 0.750 -4.8 9.7 508.8 465.8 80
2021000000343706 0.745 637.7 63.8 640.5 374.9 80
2021000000343706 0.745 2.5 0.5 347.9 381.1 80
2021000000343706 0.744 4.6 -2.8 637.0 329.8 80
2021000000343706 0.741 83.0 2.2 628.5 494.6 80
2021000000343706 0.737 -0.0 0.7 76.6 32.5 80
2021000000343706 0.735 11.1 12.0 575.4 402.2 80
2021000000343706 0.735 228.2 1.4 628.3 488.3 80
2021000000343706 0.733 194.4 11.6 626.3 478.6 80
2021000000343706 0.730 3.4 6.4 642.0 489.4 80
2021000000343706 0.728 21.0 17.4 446.7 317.0 80
2021000000343706 0.719 4.0 7.3 382.5 309.3 80
2021000000343706 0.716 -5.8 5.8 631.8 443.4 80
2021000000343706 0.710 137.2 8.7 629.0 488.0 80
2021000000343706 0.706 -2.3 1.4 636.1 350.3 80
2021000000343706 0.706 -2.4 3.2 635.5 431.2 80
2021000000343706 0.693 194.9 129.9 403.7 379.6 80
2021000000343706 0.691 345.8 284.5 415.8 353.5 80
2021000000343706 0.681 5.1 0.9 411.8 369.8 80
2021000000343706 0.681 3.4 2.3 359.9 493.9 80
2021000000343706 0.671 178.5 1.7 633.0 487.8 80
2021000000343706 0.630 201.9 166.6 410.3 384.3 80
2021000000343706 0.625 206.7 150.2 416.3 386.7 80
2021000000343706 0.505 -1.9 -0.1 418.4 491.7 80
2021000000343706 0.481 1.3 0.1 640.2 494.2 18
2021000000343706 0.259 402.1 129.1 632.5 457.7 80
2021000000343706 0.242 1.3 0.1 640.2 494.2 80
2021000000343706 0.214 -1.9 -0.1 418.4 491.7 18
2021000000343706 0.141 452.5 131.5 619.6 373.9 80
2021000000343706 0.140 49.0 131.5 208.0 258.5 80
2021000000343706 0.136 200.3 332.4 316.8 406.7 80
2021000000343706 0.123 353.1 139.0 464.3 210.0 80
2021000000343706 0.118 490.2 188.4 634.9 402.9 80
2021000000343706 0.116 165.7 486.1 656.4 498.2 80
2021000000343706 0.114 318.2 110.8 423.7 178.3 80
2021000000343706 0.113 501.1 7.6 619.2 24.4 80
2021000000343706 0.111 418.0 313.0 535.2 400.3 80
2021000000343706 0.106 214.4 265.2 346.8 368.2 80
2021000000343706 0.106 523.5 184.5 634.7 308.2 80
2021000000343706 0.106 571.9 194.3 653.2 250.8 80
2021000000343706 0.105 122.6 488.6 371.1 497.3 80
2021000000343706 0.104 418.0 179.5 530.8 272.1 80
2021000000343706 0.103 178.5 1.7 633.0 487.8 18
2021000000343706 0.103 456.6 173.4 564.8 269.7 80
2021000000343706 0.100 562.3 143.9 673.9 505.5 80
2021000000343706 0.100 548.0 237.2 651.5 357.5 80
2021000000343706 0.100 410.4 146.5 497.6 206.5 80
2021000000343706 0.099 201.9 166.6 410.3 384.3 8
2021000000343706 0.098 373.8 330.8 514.5 440.9 80
2021000000343706 0.095 -14.0 478.0 172.8 497.0 80
2021000000343706 0.095 3.4 2.3 359.9 493.9 18
2021000000343706 0.093 5.1 0.9 411.8 369.8 18
2021000000343706 0.093 74.5 296.8 198.2 414.0 80
2021000000343706 0.093 550.5 464.0 666.8 490.5 80
2021000000343706 0.092 63.6 253.4 156.2 332.1 80
2021000000343706 0.088 -21.7 247.1 60.2 320.2 80
2021000000343706 0.087 16.8 259.5 106.2 340.6 80
2021000000343706 0.084 61.6 466.1 188.6 498.6 80
2021000000343706 0.083 -7.9 292.0 87.3 407.5 80
2021000000343706 0.081 37.6 300.9 139.3 421.6 80
2021000000343706 0.081 511.9 123.4 656.9 523.9 80
2021000000343706 0.080 206.7 150.2 416.3 386.7 8
2021000000343706 0.079 211.6 452.2 332.0 493.7 80
2021000000343706 0.079 -2.4 3.2 635.5 431.2 18
2021000000343706 0.079 -20.8 421.0 78.5 469.7 80
2021000000343706 0.079 33.7 448.7 152.4 492.8 80
2021000000343706 0.079 206.7 150.2 416.3 386.7 18
2021000000343706 0.078 155.0 450.6 264.2 495.1 80
2021000000343706 0.078 -20.5 125.2 53.7 555.6 80
2021000000343706 0.077 212.1 343.3 370.5 503.0 80
2021000000343706 0.077 439.1 428.7 540.5 476.6 80
2021000000343706 0.076 -3.1 415.6 117.9 469.3 80
2021000000343706 0.076 511.2 412.0 614.5 463.4 80
2021000000343706 0.075 -24.8 414.2 51.5 464.5 80
2021000000343706 0.075 466.3 229.0 622.8 504.5 80
2021000000343706 0.075 -9.3 26.6 77.0 77.2 80
2021000000343706 0.074 301.1 417.6 412.3 469.2 80
2021000000343706 0.072 137.2 8.7 629.0 488.0 18
2021000000343706 0.071 391.4 390.8 489.1 444.9 80
2021000000343706 0.071 49.3 1.2 118.6 2.2 80
2021000000343706 0.069 511.4 10.7 664.8 61.7 80
2021000000343706 0.069 -27.6 36.5 44.8 87.5 80
2021000000343706 0.068 -2.3 1.4 636.1 350.3 18
2021000000343706 0.068 384.6 6.1 540.0 54.9 80
2021000000343706 0.067 434.3 7.3 583.8 55.3 80
2021000000343706 0.067 4.0 7.3 382.5 309.3 18
2021000000343706 0.067 37.1 6.8 137.3 51.1 80
2021000000343706 0.067 571.3 26.0 658.1 72.7 80
2021000000343706 0.067 339.8 4.0 489.7 50.4 80
2021000000343706 0.066 274.0 1.6 390.9 46.8 80
2021000000343706 0.066 -5.8 5.8 631.8 443.4 18
2021000000343706 0.786 601.7 444.5 643.6 493.8 80
2021000000343706 0.783 11.8 147.8 425.7 478.4 80
2021000000343706 0.783 5.6 86.1 393.2 484.8 80
2021000000343706 0.769 346.6 3.0 633.6 489.2 80
2021000000343706 0.768 10.3 22.6 645.3 486.5 80
2021000000343706 0.761 5.9 11.3 323.8 440.4 80
2021000000343706 0.756 22.3 8.6 625.5 401.5 80
2021000000343706 0.750 5.1 5.2 331.3 299.5 80
2021000000343706 0.750 1.1 -2.1 469.4 491.2 80
2021000000343706 0.750 -4.8 9.7 508.8 465.8 80
2021000000343706 0.745 637.7 63.8 640.5 374.9 80
2021000000343706 0.745 2.5 0.5 347.9 381.1 80
2021000000343706 0.744 4.6 -2.8 637.0 329.8 80
2021000000343706 0.741 83.0 2.2 628.5 494.6 80
2021000000343706 0.737 -0.0 0.7 76.6 32.5 80
2021000000343706 0.735 11.1 12.0 575.4 402.2 80
2021000000343706 0.735 228.2 1.4 628.3 488.3 80
2021000000343706 0.733 194.4 11.6 626.3 478.6 80
2021000000343706 0.730 3.4 6.4 642.0 489.4 80
2021000000343706 0.728 21.0 17.4 446.7 317.0 80
2021000000343706 0.719 4.0 7.3 382.5 309.3 80
2021000000343706 0.716 -5.8 5.8 631.8 443.4 80
2021000000343706 0.710 137.2 8.7 629.0 488.0 80
2021000000343706 0.706 -2.3 1.4 636.1 350.3 80
2021000000343706 0.706 -2.4 3.2 635.5 431.2 80
2021000000343706 0.693 194.9 129.9 403.7 379.6 80
2021000000343706 0.691 345.8 284.5 415.8 353.5 80
2021000000343706 0.681 5.1 0.9 411.8 369.8 80
2021000000343706 0.681 3.4 2.3 359.9 493.9 80
2021000000343706 0.671 178.5 1.7 633.0 487.8 80
2021000000343706 0.630 201.9 166.6 410.3 384.3 80
2021000000343706 0.625 206.7 150.2 416.3 386.7 80
2021000000343706 0.505 -1.9 -0.1 418.4 491.7 80
2021000000343706 0.481 1.3 0.1 640.2 494.2 18
2021000000343706 0.259 402.1 129.1 632.5 457.7 80
2021000000343706 0.242 1.3 0.1 640.2 494.2 80
2021000000343706 0.214 -1.9 -0.1 418.4 491.7 18
2021000000343706 0.141 452.5 131.5 619.6 373.9 80
2021000000343706 0.140 49.0 131.5 208.0 258.5 80
2021000000343706 0.136 200.3 332.4 316.8 406.7 80
2021000000343706 0.123 353.1 139.0 464.3 210.0 80
2021000000343706 0.118 490.2 188.4 634.9 402.9 80
2021000000343706 0.116 165.7 486.1 656.4 498.2 80
2021000000343706 0.114 318.2 110.8 423.7 178.3 80
2021000000343706 0.113 501.1 7.6 619.2 24.4 80
2021000000343706 0.111 418.0 313.0 535.2 400.3 80
2021000000343706 0.106 214.4 265.2 346.8 368.2 80
2021000000343706 0.106 523.5 184.5 634.7 308.2 80
2021000000343706 0.106 571.9 194.3 653.2 250.8 80
2021000000343706 0.105 122.6 488.6 371.1 497.3 80
2021000000343706 0.104 418.0 179.5 530.8 272.1 80
2021000000343706 0.103 178.5 1.7 633.0 487.8 18
2021000000343706 0.103 456.6 173.4 564.8 269.7 80
2021000000343706 0.100 562.3 143.9 673.9 505.5 80
2021000000343706 0.100 548.0 237.2 651.5 357.5 80
2021000000343706 0.100 410.4 146.5 497.6 206.5 80
2021000000343706 0.099 201.9 166.6 410.3 384.3 8
2021000000343706 0.098 373.8 330.8 514.5 440.9 80
2021000000343706 0.095 -14.0 478.0 172.8 497.0 80
2021000000343706 0.095 3.4 2.3 359.9 493.9 18
2021000000343706 0.093 5.1 0.9 411.8 369.8 18
2021000000343706 0.093 74.5 296.8 198.2 414.0 80
2021000000343706 0.093 550.5 464.0 666.8 490.5 80
2021000000343706 0.092 63.6 253.4 156.2 332.1 80
2021000000343706 0.088 -21.7 247.1 60.2 320.2 80
2021000000343706 0.087 16.8 259.5 106.2 340.6 80
2021000000343706 0.084 61.6 466.1 188.6 498.6 80
2021000000343706 0.083 -7.9 292.0 87.3 407.5 80
2021000000343706 0.081 37.6 300.9 139.3 421.6 80
2021000000343706 0.081 511.9 123.4 656.9 523.9 80
2021000000343706 0.080 206.7 150.2 416.3 386.7 8
2021000000343706 0.079 211.6 452.2 332.0 493.7 80
2021000000343706 0.079 -2.4 3.2 635.5 431.2 18
2021000000343706 0.079 -20.8 421.0 78.5 469.7 80
2021000000343706 0.079 33.7 448.7 152.4 492.8 80
2021000000343706 0.079 206.7 150.2 416.3 386.7 18
2021000000343706 0.078 155.0 450.6 264.2 495.1 80
2021000000343706 0.078 -20.5 125.2 53.7 555.6 80
2021000000343706 0.077 212.1 343.3 370.5 503.0 80
2021000000343706 0.077 439.1 428.7 540.5 476.6 80
2021000000343706 0.076 -3.1 415.6 117.9 469.3 80
2021000000343706 0.076 511.2 412.0 614.5 463.4 80
2021000000343706 0.075 -24.8 414.2 51.5 464.5 80
2021000000343706 0.075 466.3 229.0 622.8 504.5 80
2021000000343706 0.075 -9.3 26.6 77.0 77.2 80
2021000000343706 0.074 301.1 417.6 412.3 469.2 80
2021000000343706 0.072 137.2 8.7 629.0 488.0 18
2021000000343706 0.071 391.4 390.8 489.1 444.9 80
2021000000343706 0.071 49.3 1.2 118.6 2.2 80
2021000000343706 0.069 511.4 10.7 664.8 61.7 80
2021000000343706 0.069 -27.6 36.5 44.8 87.5 80
2021000000343706 0.068 -2.3 1.4 636.1 350.3 18
2021000000343706 0.068 384.6 6.1 540.0 54.9 80
2021000000343706 0.067 434.3 7.3 583.8 55.3 80
2021000000343706 0.067 4.0 7.3 382.5 309.3 18
2021000000343706 0.067 37.1 6.8 137.3 51.1 80
2021000000343706 0.067 571.3 26.0 658.1 72.7 80
2021000000343706 0.067 339.8 4.0 489.7 50.4 80
2021000000343706 0.066 274.0 1.6 390.9 46.8 80
2021000000343706 0.066 -5.8 5.8 631.8 443.4 18
