2021000000351609 0.783 474.7 280.3 499.5 331.2 80
2021000000351609 0.773 1.4 7.3 500.2 306.0 80
2021000000351609 0.766 11.1 2.2 285.3 90.9 80
2021000000351609 0.763 383.3 36.1 506.1 259.0 80
2021000000351609 0.757 385.3 51.7 503.1 151.7 80
2021000000351609 0.756 2.4 3.3 263.6 109.0 80
2021000000351609 0.751 139.1 91.9 214.5 128.6 80
2021000000351609 0.749 -0.6 44.6 67.2 157.9 80
2021000000351609 0.745 179.8 1.3 353.2 30.7 80
2021000000351609 0.743 0.7 26.6 14.3 168.8 80
2021000000351609 0.741 76.6 0.4 280.9 11.5 80
2021000000351609 0.736 498.6 150.7 500.0 280.6 80
2021000000351609 0.735 0.8 0.9 4.8 112.6 80
2021000000351609 0.735 -2.1 29.3 60.8 302.3 80
2021000000351609 0.735 0.5 38.3 70.9 198.7 80
2021000000351609 0.728 497.2 92.4 500.2 274.6 80
2021000000351609 0.728 498.1 103.2 500.0 211.5 80
2021000000351609 0.725 197.6 1.4 260.8 37.3 80
2021000000351609 0.716 142.6 0.8 266.6 43.9 80
2021000000351609 0.707 387.7 39.3 500.2 209.8 80
2021000000351609 0.704 119.4 1.4 269.9 66.5 80
2021000000351609 0.704 194.0 -0.8 264.2 67.0 80
2021000000351609 0.703 1.1 44.1 67.2 113.8 80
2021000000351609 0.493 0.5 53.9 15.4 349.9 80
2021000000351609 0.156 151.0 10.4 261.4 30.2 80
2021000000351609 0.155 360.6 113.9 485.1 215.4 80
2021000000351609 0.149 275.6 93.1 367.0 137.7 80
2021000000351609 0.148 102.4 136.4 225.6 210.4 80
2021000000351609 0.133 178.6 144.1 285.7 205.0 80
2021000000351609 0.132 240.1 144.1 323.7 187.9 80
2021000000351609 0.131 317.7 108.8 423.3 166.7 80
2021000000351609 0.130 76.3 2.4 167.6 10.5 80
2021000000351609 0.128 345.7 101.6 453.3 177.2 80
2021000000351609 0.125 20.0 121.4 106.1 174.5 80
2021000000351609 0.118 -21.8 312.9 38.0 333.2 80
2021000000351609 0.116 374.6 80.9 453.5 127.1 80
2021000000351609 0.116 442.8 113.7 516.4 193.7 80
2021000000351609 0.115 149.9 319.9 516.3 335.7 80
2021000000351609 0.114 124.2 162.3 250.2 254.3 80
2021000000351609 0.113 161.2 165.7 276.4 247.0 80
2021000000351609 0.111 74.1 157.7 185.6 245.8 80
2021000000351609 0.110 212.8 168.7 312.9 235.8 80
2021000000351609 0.109 411.2 42.5 498.6 351.9 80
2021000000351609 0.106 425.6 0.8 508.3 6.0 80
2021000000351609 0.105 252.8 169.5 355.3 243.0 80
2021000000351609 0.102 454.7 64.8 524.0 140.1 80
2021000000351609 0.102 342.9 154.7 435.4 222.3 80
2021000000351609 0.101 -16.5 321.3 424.1 336.0 80
2021000000351609 0.101 314.1 162.6 408.3 231.5 80
2021000000351609 0.100 37.1 143.7 170.9 306.0 80
2021000000351609 0.100 314.6 1.4 392.6 4.4 80
2021000000351609 0.099 90.2 181.4 215.8 285.5 80
2021000000351609 0.099 42.2 159.8 126.7 225.7 80
2021000000351609 0.098 424.9 145.5 514.6 252.9 80
2021000000351609 0.097 192.5 199.5 300.3 278.9 80
2021000000351609 0.096 412.4 -0.2 488.9 2.8 80
2021000000351609 0.096 286.9 175.3 386.7 254.8 80
2021000000351609 0.089 359.9 171.8 455.1 269.9 80
2021000000351609 0.088 -17.5 305.8 55.4 328.3 80
2021000000351609 0.086 222.8 189.4 345.6 297.5 80
2021000000351609 0.086 328.5 187.1 427.4 284.7 80
2021000000351609 0.085 391.0 305.7 475.3 330.0 80
2021000000351609 0.085 15.4 66.0 122.3 345.0 80
2021000000351609 0.084 6.0 306.9 110.6 329.9 80
2021000000351609 0.084 51.8 307.9 134.7 333.2 80
2021000000351609 0.084 73.7 308.7 179.0 331.0 80
2021000000351609 0.083 87.0 147.4 307.4 336.2 80
2021000000351609 0.082 26.9 303.8 109.9 331.1 80
2021000000351609 0.079 120.3 301.6 201.1 331.1 80
2021000000351609 0.079 363.9 90.7 490.6 354.2 80
2021000000351609 0.077 221.6 162.0 392.1 330.0 80
2021000000351609 0.076 115.6 0.9 174.2 1.8 80
2021000000351609 0.076 -0.4 280.5 81.9 314.7 80
2021000000351609 0.076 147.5 288.2 248.5 321.0 80
2021000000351609 0.074 345.7 277.3 419.1 311.6 80
2021000000351609 0.074 229.6 1.0 284.8 1.5 80
2021000000351609 0.073 278.2 174.1 409.4 334.3 80
2021000000351609 0.073 233.3 274.2 314.7 308.8 80
2021000000351609 0.072 76.5 207.4 258.9 333.4 80
2021000000351609 0.072 52.6 0.6 107.9 1.3 80
2021000000351609 0.072 300.8 264.5 377.5 300.7 80
2021000000351609 0.071 330.9 0.8 385.6 1.2 80
2021000000351609 0.071 200.5 259.4 287.3 296.0 80
2021000000351609 0.070 46.3 -0.5 102.4 21.9 80
2021000000351609 0.070 278.8 0.9 332.4 1.4 80
2021000000351609 0.069 187.2 0.9 239.3 1.4 80
2021000000351609 0.069 297.1 5.0 426.3 37.7 80
2021000000351609 0.068 409.3 4.4 509.5 36.7 80
2021000000351609 0.068 2.2 -0.0 56.5 30.1 80
2021000000351609 0.068 260.6 4.4 386.5 35.6 80
2021000000351609 0.067 209.4 -0.7 271.9 24.8 80
2021000000351609 0.067 31.7 3.4 101.8 32.8 80
2021000000351609 0.066 360.8 1.3 433.3 29.3 80
2021000000351609 0.065 247.2 3.2 306.5 27.4 80
2021000000351609 0.064 294.2 0.8 343.7 1.2 80
2021000000351609 0.064 387.7 39.3 500.2 209.8 18
2021000000351609 0.063 67.5 1.0 116.5 1.7 80
2021000000351609 0.062 -8.9 -1.8 34.6 14.6 80
2021000000351609 0.062 231.1 0.8 279.7 1.3 80
2021000000351609 0.058 353.3 0.7 398.6 1.3 80
2021000000351609 0.783 474.7 280.3 499.5 331.2 80
2021000000351609 0.773 1.4 7.3 500.2 306.0 80
2021000000351609 0.766 11.1 2.2 285.3 90.9 80
2021000000351609 0.763 383.3 36.1 506.1 259.0 80
2021000000351609 0.757 385.3 51.7 503.1 151.7 80
2021000000351609 0.756 2.4 3.3 263.6 109.0 80
2021000000351609 0.751 139.1 91.9 214.5 128.6 80
2021000000351609 0.749 -0.6 44.6 67.2 157.9 80
2021000000351609 0.745 179.8 1.3 353.2 30.7 80
2021000000351609 0.743 0.7 26.6 14.3 168.8 80
2021000000351609 0.741 76.6 0.4 280.9 11.5 80
2021000000351609 0.736 498.6 150.7 500.0 280.6 80
2021000000351609 0.735 0.8 0.9 4.8 112.6 80
2021000000351609 0.735 -2.1 29.3 60.8 302.3 80
2021000000351609 0.735 0.5 38.3 70.9 198.7 80
2021000000351609 0.728 497.2 92.4 500.2 274.6 80
2021000000351609 0.728 498.1 103.2 500.0 211.5 80
2021000000351609 0.725 197.6 1.4 260.8 37.3 80
2021000000351609 0.716 142.6 0.8 266.6 43.9 80
2021000000351609 0.707 387.7 39.3 500.2 209.8 80
2021000000351609 0.704 119.4 1.4 269.9 66.5 80
2021000000351609 0.704 194.0 -0.8 264.2 67.0 80
2021000000351609 0.703 1.1 44.1 67.2 113.8 80
2021000000351609 0.493 0.5 53.9 15.4 349.9 80
2021000000351609 0.156 151.0 10.4 261.4 30.2 80
2021000000351609 0.155 360.6 113.9 485.1 215.4 80
2021000000351609 0.149 275.6 93.1 367.0 137.7 80
2021000000351609 0.148 102.4 136.4 225.6 210.4 80
2021000000351609 0.133 178.6 144.1 285.7 205.0 80
2021000000351609 0.132 240.1 144.1 323.7 187.9 80
2021000000351609 0.131 317.7 108.8 423.3 166.7 80
2021000000351609 0.130 76.3 2.4 167.6 10.5 80
2021000000351609 0.128 345.7 101.6 453.3 177.2 80
2021000000351609 0.125 20.0 121.4 106.1 174.5 80
2021000000351609 0.118 -21.8 312.9 38.0 333.2 80
2021000000351609 0.116 374.6 80.9 453.5 127.1 80
2021000000351609 0.116 442.8 113.7 516.4 193.7 80
2021000000351609 0.115 149.9 319.9 516.3 335.7 80
2021000000351609 0.114 124.2 162.3 250.2 254.3 80
2021000000351609 0.113 161.2 165.7 276.4 247.0 80
2021000000351609 0.111 74.1 157.7 185.6 245.8 80
2021000000351609 0.110 212.8 168.7 312.9 235.8 80
2021000000351609 0.109 411.2 42.5 498.6 351.9 80
2021000000351609 0.106 425.6 0.8 508.3 6.0 80
2021000000351609 0.105 252.8 169.5 355.3 243.0 80
2021000000351609 0.102 454.7 64.8 524.0 140.1 80
2021000000351609 0.102 342.9 154.7 435.4 222.3 80
2021000000351609 0.101 -16.5 321.3 424.1 336.0 80
2021000000351609 0.101 314.1 162.6 408.3 231.5 80
2021000000351609 0.100 37.1 143.7 170.9 306.0 80
2021000000351609 0.100 314.6 1.4 392.6 4.4 80
2021000000351609 0.099 90.2 181.4 215.8 285.5 80
2021000000351609 0.099 42.2 159.8 126.7 225.7 80
2021000000351609 0.098 424.9 145.5 514.6 252.9 80
2021000000351609 0.097 192.5 199.5 300.3 278.9 80
2021000000351609 0.096 412.4 -0.2 488.9 2.8 80
2021000000351609 0.096 286.9 175.3 386.7 254.8 80
2021000000351609 0.089 359.9 171.8 455.1 269.9 80
2021000000351609 0.088 -17.5 305.8 55.4 328.3 80
2021000000351609 0.086 222.8 189.4 345.6 297.5 80
2021000000351609 0.086 328.5 187.1 427.4 284.7 80
2021000000351609 0.085 391.0 305.7 475.3 330.0 80
2021000000351609 0.085 15.4 66.0 122.3 345.0 80
2021000000351609 0.084 6.0 306.9 110.6 329.9 80
2021000000351609 0.084 51.8 307.9 134.7 333.2 80
2021000000351609 0.084 73.7 308.7 179.0 331.0 80
2021000000351609 0.083 87.0 147.4 307.4 336.2 80
2021000000351609 0.082 26.9 303.8 109.9 331.1 80
2021000000351609 0.079 120.3 301.6 201.1 331.1 80
2021000000351609 0.079 363.9 90.7 490.6 354.2 80
2021000000351609 0.077 221.6 162.0 392.1 330.0 80
2021000000351609 0.076 115.6 0.9 174.2 1.8 80
2021000000351609 0.076 -0.4 280.5 81.9 314.7 80
2021000000351609 0.076 147.5 288.2 248.5 321.0 80
2021000000351609 0.074 345.7 277.3 419.1 311.6 80
2021000000351609 0.074 229.6 1.0 284.8 1.5 80
2021000000351609 0.073 278.2 174.1 409.4 334.3 80
2021000000351609 0.073 233.3 274.2 314.7 308.8 80
2021000000351609 0.072 76.5 207.4 258.9 333.4 80
2021000000351609 0.072 52.6 0.6 107.9 1.3 80
2021000000351609 0.072 300.8 264.5 377.5 300.7 80
2021000000351609 0.071 330.9 0.8 385.6 1.2 80
2021000000351609 0.071 200.5 259.4 287.3 296.0 80
2021000000351609 0.070 46.3 -0.5 102.4 21.9 80
2021000000351609 0.070 278.8 0.9 332.4 1.4 80
2021000000351609 0.069 187.2 0.9 239.3 1.4 80
2021000000351609 0.069 297.1 5.0 426.3 37.7 80
2021000000351609 0.068 409.3 4.4 509.5 36.7 80
2021000000351609 0.068 2.2 -0.0 56.5 30.1 80
2021000000351609 0.068 260.6 4.4 386.5 35.6 80
2021000000351609 0.067 209.4 -0.7 271.9 24.8 80
2021000000351609 0.067 31.7 3.4 101.8 32.8 80
2021000000351609 0.066 360.8 1.3 433.3 29.3 80
2021000000351609 0.065 247.2 3.2 306.5 27.4 80
2021000000351609 0.064 294.2 0.8 343.7 1.2 80
2021000000351609 0.064 387.7 39.3 500.2 209.8 18
2021000000351609 0.063 67.5 1.0 116.5 1.7 80
2021000000351609 0.062 -8.9 -1.8 34.6 14.6 80
2021000000351609 0.062 231.1 0.8 279.7 1.3 80
2021000000351609 0.058 353.3 0.7 398.6 1.3 80
