2021000000167240 0.792 603.1 364.4 641.0 425.9 80
2021000000167240 0.771 3.2 32.7 639.7 420.6 80
2021000000167240 0.766 471.9 216.6 638.3 387.8 80
2021000000167240 0.764 147.3 115.0 357.4 419.5 80
2021000000167240 0.760 -0.8 205.8 31.5 322.8 80
2021000000167240 0.758 549.7 218.2 639.2 383.9 80
2021000000167240 0.758 138.9 124.2 353.1 418.5 80
2021000000167240 0.757 610.5 164.9 640.6 378.3 80
2021000000167240 0.755 597.0 153.6 641.6 403.5 80
2021000000167240 0.754 -0.4 83.9 40.3 138.2 80
2021000000167240 0.753 605.8 224.1 641.5 393.7 80
2021000000167240 0.746 0.5 174.8 55.7 305.6 80
2021000000167240 0.730 258.7 171.0 284.3 196.3 80
2021000000167240 0.729 -0.2 165.7 54.0 276.6 80
2021000000167240 0.717 604.3 226.3 641.1 395.2 80
2021000000167240 0.708 1.2 177.2 52.6 280.9 80
2021000000167240 0.281 136.6 118.3 350.8 424.9 14
2021000000167240 0.246 136.6 118.3 350.8 424.9 80
2021000000167240 0.228 136.6 118.3 350.8 424.9 2
2021000000167240 0.210 420.9 202.1 618.1 361.4 80
2021000000167240 0.175 488.3 188.8 637.9 350.3 80
2021000000167240 0.167 446.8 112.9 631.6 326.9 80
2021000000167240 0.166 136.6 118.3 350.8 424.9 13
2021000000167240 0.144 572.2 133.5 641.9 519.3 80
2021000000167240 0.138 -27.8 406.2 48.9 427.8 80
2021000000167240 0.137 565.7 118.4 661.0 301.7 80
2021000000167240 0.132 31.2 172.2 182.2 310.4 80
2021000000167240 0.125 -64.5 422.9 422.1 428.6 80
2021000000167240 0.121 136.6 118.3 350.8 424.9 15
2021000000167240 0.121 125.3 259.6 263.6 356.4 80
2021000000167240 0.117 3.1 129.2 172.8 441.5 80
2021000000167240 0.117 247.9 270.3 373.6 349.7 80
2021000000167240 0.117 -109.2 421.6 273.3 428.3 80
2021000000167240 0.115 418.7 168.1 576.9 308.8 80
2021000000167240 0.113 518.3 136.2 642.4 290.3 80
2021000000167240 0.113 23.6 415.4 150.3 429.1 80
2021000000167240 0.110 198.2 197.2 308.5 264.2 80
2021000000167240 0.109 61.3 415.7 187.7 429.5 80
2021000000167240 0.109 20.6 144.8 147.4 257.9 80
2021000000167240 0.106 136.6 118.3 350.8 424.9 11
2021000000167240 0.101 163.8 211.0 262.0 280.9 80
2021000000167240 0.100 113.9 233.8 223.0 311.4 80
2021000000167240 0.100 283.5 233.1 394.4 308.0 80
2021000000167240 0.099 320.1 195.6 410.0 252.2 80
2021000000167240 0.099 186.5 151.8 275.6 210.3 80
2021000000167240 0.098 366.5 196.0 456.6 252.8 80
2021000000167240 0.098 140.1 167.4 228.4 223.3 80
2021000000167240 0.098 79.2 148.1 177.7 215.0 80
2021000000167240 0.098 290.9 1.7 391.0 5.7 80
2021000000167240 0.098 257.3 212.3 346.3 269.5 80
2021000000167240 0.097 398.3 183.3 488.3 242.2 80
2021000000167240 0.097 332.8 236.3 449.1 311.9 80
2021000000167240 0.096 462.4 151.1 564.5 234.0 80
2021000000167240 0.096 297.3 278.0 431.8 364.9 80
2021000000167240 0.096 -26.8 403.3 76.4 424.8 80
2021000000167240 0.096 100.5 196.4 194.1 258.2 80
2021000000167240 0.095 408.8 219.6 518.8 299.2 80
2021000000167240 0.094 373.2 241.9 488.8 321.5 80
2021000000167240 0.094 13.4 218.9 107.7 296.1 80
2021000000167240 0.094 414.1 409.3 534.0 428.2 80
2021000000167240 0.093 509.3 139.3 604.5 217.3 80
2021000000167240 0.093 434.3 161.8 524.7 224.8 80
2021000000167240 0.093 135.0 411.3 250.5 430.8 80
2021000000167240 0.092 80.9 304.8 525.9 445.6 80
2021000000167240 0.092 69.3 245.1 199.7 369.1 80
2021000000167240 0.086 161.2 282.9 291.0 403.8 80
2021000000167240 0.086 166.7 402.7 297.7 426.5 80
2021000000167240 0.085 408.7 227.4 558.7 389.7 80
2021000000167240 0.085 218.5 244.5 552.3 425.5 80
2021000000167240 0.083 -7.0 391.2 103.7 423.7 80
2021000000167240 0.079 555.6 0.7 635.7 1.7 80
2021000000167240 0.076 228.5 366.7 332.4 408.0 80
2021000000167240 0.075 289.6 363.9 390.7 406.2 80
2021000000167240 0.074 375.1 358.4 474.0 402.6 80
2021000000167240 0.074 412.6 247.4 583.1 447.3 80
2021000000167240 0.072 136.6 118.3 350.8 424.9 18
2021000000167240 0.072 354.4 250.0 525.1 422.8 80
2021000000167240 0.070 508.4 9.9 667.2 53.7 80
2021000000167240 0.069 358.3 8.3 570.1 52.0 80
2021000000167240 0.069 228.7 7.3 444.9 50.4 80
2021000000167240 0.068 136.6 118.3 350.8 424.9 16
2021000000167240 0.068 151.1 7.0 369.6 49.2 80
2021000000167240 0.068 426.1 7.6 592.2 49.1 80
2021000000167240 0.068 198.9 9.2 384.7 51.2 80
2021000000167240 0.068 -42.7 5.6 148.7 47.7 80
2021000000167240 0.068 109.0 6.6 329.8 48.5 80
2021000000167240 0.068 323.9 7.3 504.6 49.2 80
2021000000167240 0.068 16.4 6.3 246.5 48.1 80
2021000000167240 0.068 -19.5 6.9 206.7 48.6 80
2021000000167240 0.067 -28.6 7.2 75.6 48.7 80
2021000000167240 0.067 83.0 6.5 256.9 46.7 80
2021000000167240 0.067 305.9 13.1 439.9 52.9 80
2021000000167240 0.066 136.6 118.3 350.8 424.9 7
2021000000167240 0.065 259.0 16.1 343.2 52.3 80
2021000000167240 0.065 577.5 10.7 643.3 43.7 80
2021000000167240 0.064 497.9 6.1 579.7 38.1 80
2021000000167240 0.063 22.9 0.8 85.0 1.6 80
2021000000167240 0.061 397.1 5.4 469.2 30.7 80
2021000000167240 0.060 293.1 8.5 356.6 30.6 80
2021000000167240 0.059 215.8 5.7 274.7 22.9 80
2021000000167240 0.792 603.1 364.4 641.0 425.9 80
2021000000167240 0.771 3.2 32.7 639.7 420.6 80
2021000000167240 0.766 471.9 216.6 638.3 387.8 80
2021000000167240 0.764 147.3 115.0 357.4 419.5 80
2021000000167240 0.760 -0.8 205.8 31.5 322.8 80
2021000000167240 0.758 549.7 218.2 639.2 383.9 80
2021000000167240 0.758 138.9 124.2 353.1 418.5 80
2021000000167240 0.757 610.5 164.9 640.6 378.3 80
2021000000167240 0.755 597.0 153.6 641.6 403.5 80
2021000000167240 0.754 -0.4 83.9 40.3 138.2 80
2021000000167240 0.753 605.8 224.1 641.5 393.7 80
2021000000167240 0.746 0.5 174.8 55.7 305.6 80
2021000000167240 0.730 258.7 171.0 284.3 196.3 80
2021000000167240 0.729 -0.2 165.7 54.0 276.6 80
2021000000167240 0.717 604.3 226.3 641.1 395.2 80
2021000000167240 0.708 1.2 177.2 52.6 280.9 80
2021000000167240 0.281 136.6 118.3 350.8 424.9 14
2021000000167240 0.246 136.6 118.3 350.8 424.9 80
2021000000167240 0.228 136.6 118.3 350.8 424.9 2
2021000000167240 0.210 420.9 202.1 618.1 361.4 80
2021000000167240 0.175 488.3 188.8 637.9 350.3 80
2021000000167240 0.167 446.8 112.9 631.6 326.9 80
2021000000167240 0.166 136.6 118.3 350.8 424.9 13
2021000000167240 0.144 572.2 133.5 641.9 519.3 80
2021000000167240 0.138 -27.8 406.2 48.9 427.8 80
2021000000167240 0.137 565.7 118.4 661.0 301.7 80
2021000000167240 0.132 31.2 172.2 182.2 310.4 80
2021000000167240 0.125 -64.5 422.9 422.1 428.6 80
2021000000167240 0.121 136.6 118.3 350.8 424.9 15
2021000000167240 0.121 125.3 259.6 263.6 356.4 80
2021000000167240 0.117 3.1 129.2 172.8 441.5 80
2021000000167240 0.117 247.9 270.3 373.6 349.7 80
2021000000167240 0.117 -109.2 421.6 273.3 428.3 80
2021000000167240 0.115 418.7 168.1 576.9 308.8 80
2021000000167240 0.113 518.3 136.2 642.4 290.3 80
2021000000167240 0.113 23.6 415.4 150.3 429.1 80
2021000000167240 0.110 198.2 197.2 308.5 264.2 80
2021000000167240 0.109 61.3 415.7 187.7 429.5 80
2021000000167240 0.109 20.6 144.8 147.4 257.9 80
2021000000167240 0.106 136.6 118.3 350.8 424.9 11
2021000000167240 0.101 163.8 211.0 262.0 280.9 80
2021000000167240 0.100 113.9 233.8 223.0 311.4 80
2021000000167240 0.100 283.5 233.1 394.4 308.0 80
2021000000167240 0.099 320.1 195.6 410.0 252.2 80
2021000000167240 0.099 186.5 151.8 275.6 210.3 80
2021000000167240 0.098 366.5 196.0 456.6 252.8 80
2021000000167240 0.098 140.1 167.4 228.4 223.3 80
2021000000167240 0.098 79.2 148.1 177.7 215.0 80
2021000000167240 0.098 290.9 1.7 391.0 5.7 80
2021000000167240 0.098 257.3 212.3 346.3 269.5 80
2021000000167240 0.097 398.3 183.3 488.3 242.2 80
2021000000167240 0.097 332.8 236.3 449.1 311.9 80
2021000000167240 0.096 462.4 151.1 564.5 234.0 80
2021000000167240 0.096 297.3 278.0 431.8 364.9 80
2021000000167240 0.096 -26.8 403.3 76.4 424.8 80
2021000000167240 0.096 100.5 196.4 194.1 258.2 80
2021000000167240 0.095 408.8 219.6 518.8 299.2 80
2021000000167240 0.094 373.2 241.9 488.8 321.5 80
2021000000167240 0.094 13.4 218.9 107.7 296.1 80
2021000000167240 0.094 414.1 409.3 534.0 428.2 80
2021000000167240 0.093 509.3 139.3 604.5 217.3 80
2021000000167240 0.093 434.3 161.8 524.7 224.8 80
2021000000167240 0.093 135.0 411.3 250.5 430.8 80
2021000000167240 0.092 80.9 304.8 525.9 445.6 80
2021000000167240 0.092 69.3 245.1 199.7 369.1 80
2021000000167240 0.086 161.2 282.9 291.0 403.8 80
2021000000167240 0.086 166.7 402.7 297.7 426.5 80
2021000000167240 0.085 408.7 227.4 558.7 389.7 80
2021000000167240 0.085 218.5 244.5 552.3 425.5 80
2021000000167240 0.083 -7.0 391.2 103.7 423.7 80
2021000000167240 0.079 555.6 0.7 635.7 1.7 80
2021000000167240 0.076 228.5 366.7 332.4 408.0 80
2021000000167240 0.075 289.6 363.9 390.7 406.2 80
2021000000167240 0.074 375.1 358.4 474.0 402.6 80
2021000000167240 0.074 412.6 247.4 583.1 447.3 80
2021000000167240 0.072 136.6 118.3 350.8 424.9 18
2021000000167240 0.072 354.4 250.0 525.1 422.8 80
2021000000167240 0.070 508.4 9.9 667.2 53.7 80
2021000000167240 0.069 358.3 8.3 570.1 52.0 80
2021000000167240 0.069 228.7 7.3 444.9 50.4 80
2021000000167240 0.068 136.6 118.3 350.8 424.9 16
2021000000167240 0.068 151.1 7.0 369.6 49.2 80
2021000000167240 0.068 426.1 7.6 592.2 49.1 80
2021000000167240 0.068 198.9 9.2 384.7 51.2 80
2021000000167240 0.068 -42.7 5.6 148.7 47.7 80
2021000000167240 0.068 109.0 6.6 329.8 48.5 80
2021000000167240 0.068 323.9 7.3 504.6 49.2 80
2021000000167240 0.068 16.4 6.3 246.5 48.1 80
2021000000167240 0.068 -19.5 6.9 206.7 48.6 80
2021000000167240 0.067 -28.6 7.2 75.6 48.7 80
2021000000167240 0.067 83.0 6.5 256.9 46.7 80
2021000000167240 0.067 305.9 13.1 439.9 52.9 80
2021000000167240 0.066 136.6 118.3 350.8 424.9 7
2021000000167240 0.065 259.0 16.1 343.2 52.3 80
2021000000167240 0.065 577.5 10.7 643.3 43.7 80
2021000000167240 0.064 497.9 6.1 579.7 38.1 80
2021000000167240 0.063 22.9 0.8 85.0 1.6 80
2021000000167240 0.061 397.1 5.4 469.2 30.7 80
2021000000167240 0.060 293.1 8.5 356.6 30.6 80
2021000000167240 0.059 215.8 5.7 274.7 22.9 80
