2021000000406570 0.764 390.0 580.5 434.6 639.0 80
2021000000406570 0.762 0.9 165.8 253.4 632.3 80
2021000000406570 0.754 2.0 323.5 289.1 629.6 80
2021000000406570 0.752 297.8 278.3 425.3 622.7 80
2021000000406570 0.751 230.9 106.9 426.5 620.6 80
2021000000406570 0.750 6.3 67.0 412.6 631.0 80
2021000000406570 0.749 4.0 64.7 313.2 638.7 80
2021000000406570 0.749 9.1 473.1 315.0 636.7 80
2021000000406570 0.743 394.4 20.6 427.9 290.9 80
2021000000406570 0.739 416.3 8.4 428.0 447.8 80
2021000000406570 0.737 155.0 362.4 423.1 629.0 80
2021000000406570 0.737 424.9 333.3 426.9 581.0 80
2021000000406570 0.737 425.4 240.7 427.0 403.1 80
2021000000406570 0.737 1.5 487.1 57.5 632.2 80
2021000000406570 0.735 0.9 -17.7 6.6 272.2 80
2021000000406570 0.734 -0.9 438.0 60.2 607.2 80
2021000000406570 0.733 386.6 112.9 427.2 609.4 80
2021000000406570 0.732 0.4 154.4 33.2 588.9 80
2021000000406570 0.732 289.6 12.4 423.2 627.7 80
2021000000406570 0.731 417.0 1.8 427.6 604.6 80
2021000000406570 0.731 424.5 193.1 427.0 543.9 80
2021000000406570 0.728 284.2 451.4 423.6 631.7 80
2021000000406570 0.726 191.4 571.0 432.8 637.7 80
2021000000406570 0.726 424.6 4.7 427.6 164.5 80
2021000000406570 0.725 2.2 19.0 428.2 644.0 80
2021000000406570 0.721 -2.7 250.9 342.4 638.9 80
2021000000406570 0.721 350.5 1.7 430.9 636.6 80
2021000000406570 0.717 1.0 148.8 5.0 601.2 80
2021000000406570 0.716 390.9 22.9 427.7 61.4 80
2021000000406570 0.715 2.0 77.6 42.1 612.5 80
2021000000406570 0.712 85.9 474.0 414.7 640.9 80
2021000000406570 0.710 57.1 344.9 423.1 637.7 80
2021000000406570 0.710 -0.6 1.4 48.6 46.3 80
2021000000406570 0.709 -6.3 562.9 117.2 636.9 80
2021000000406570 0.708 -1.4 395.6 394.1 635.8 80
2021000000406570 0.706 2.8 -40.8 49.1 544.1 80
2021000000406570 0.705 0.0 231.4 30.0 382.0 80
2021000000406570 0.705 -0.5 228.3 30.4 321.9 80
2021000000406570 0.703 3.4 -0.3 156.2 191.7 80
2021000000406570 0.700 -15.7 2.8 362.7 37.7 80
2021000000406570 0.699 6.8 -16.6 78.4 616.0 80
2021000000406570 0.698 4.6 -4.9 109.2 232.4 80
2021000000406570 0.691 294.1 512.9 425.6 637.8 80
2021000000406570 0.689 0.4 169.4 25.7 429.8 80
2021000000406570 0.680 292.0 517.2 425.9 640.0 80
2021000000406570 0.665 -1.8 441.0 424.2 639.9 80
2021000000406570 0.662 6.4 0.9 288.1 50.2 80
2021000000406570 0.642 1.7 0.4 427.7 639.3 80
2021000000406570 0.642 -1.7 232.6 424.2 640.0 80
2021000000406570 0.636 -0.6 393.1 424.6 640.5 80
2021000000406570 0.630 0.8 296.0 426.8 635.1 80
2021000000406570 0.628 2.5 -2.4 127.8 170.7 80
2021000000406570 0.595 -1.6 -1.2 208.2 56.7 80
2021000000406570 0.557 -0.4 -0.4 125.2 53.1 80
2021000000406570 0.520 1.3 -0.5 122.8 51.7 80
2021000000406570 0.402 -0.7 371.9 425.3 642.9 80
2021000000406570 0.261 -0.7 371.9 425.3 642.9 18
2021000000406570 0.180 -105.8 616.3 246.8 647.3 80
2021000000406570 0.177 1.3 -0.5 122.8 51.7 18
2021000000406570 0.172 -92.0 633.8 229.6 643.0 80
2021000000406570 0.146 41.9 137.8 180.8 579.1 80
2021000000406570 0.143 -0.4 -0.4 125.2 53.1 18
2021000000406570 0.139 336.7 98.7 440.3 492.7 80
2021000000406570 0.132 52.3 -0.6 128.2 20.9 80
2021000000406570 0.129 318.3 619.7 404.8 640.9 80
2021000000406570 0.120 -1.6 -1.2 208.2 56.7 18
2021000000406570 0.119 17.8 91.1 125.2 586.3 80
2021000000406570 0.117 78.0 171.7 207.0 496.4 80
2021000000406570 0.113 2.5 -2.4 127.8 170.7 18
2021000000406570 0.111 83.1 218.8 160.7 334.0 80
2021000000406570 0.111 -1.7 232.6 424.2 640.0 18
2021000000406570 0.108 232.2 313.7 342.2 520.4 80
2021000000406570 0.106 47.5 189.1 147.2 449.2 80
2021000000406570 0.105 0.8 296.0 426.8 635.1 18
2021000000406570 0.104 194.4 1.2 263.1 8.2 80
2021000000406570 0.103 -0.6 393.1 424.6 640.5 18
2021000000406570 0.101 312.5 237.9 372.9 325.7 80
2021000000406570 0.099 157.6 276.5 248.8 435.0 80
2021000000406570 0.099 128.9 252.0 220.9 418.4 80
2021000000406570 0.098 288.5 241.1 350.6 330.1 80
2021000000406570 0.098 205.7 281.1 279.4 395.7 80
2021000000406570 0.097 337.5 199.8 406.3 330.2 80
2021000000406570 0.095 217.6 345.2 304.0 485.2 80
2021000000406570 0.095 238.6 281.4 310.2 396.0 80
2021000000406570 0.094 261.7 267.0 329.4 375.7 80
2021000000406570 0.094 318.3 206.6 405.4 469.5 80
2021000000406570 0.093 263.7 284.4 357.3 491.5 80
2021000000406570 0.092 287.9 242.8 380.6 488.5 80
2021000000406570 0.092 1.7 0.4 427.7 639.3 18
2021000000406570 0.086 -1.8 441.0 424.2 639.9 18
2021000000406570 0.082 102.9 7.1 161.5 57.1 80
2021000000406570 0.080 131.9 0.9 185.4 2.9 80
2021000000406570 0.075 6.4 0.9 288.1 50.2 18
2021000000406570 0.074 167.1 0.9 215.9 2.5 80
2021000000406570 0.071 38.0 6.8 76.8 42.9 80
2021000000406570 0.071 292.0 517.2 425.9 640.0 18
2021000000406570 0.070 68.6 9.9 110.8 50.3 80
2021000000406570 0.070 239.1 1.0 283.6 2.5 80
2021000000406570 0.068 242.5 5.8 378.6 66.6 80
2021000000406570 0.068 216.6 6.4 339.2 65.9 80
2021000000406570 0.764 390.0 580.5 434.6 639.0 80
2021000000406570 0.762 0.9 165.8 253.4 632.3 80
2021000000406570 0.754 2.0 323.5 289.1 629.6 80
2021000000406570 0.752 297.8 278.3 425.3 622.7 80
2021000000406570 0.751 230.9 106.9 426.5 620.6 80
2021000000406570 0.750 6.3 67.0 412.6 631.0 80
2021000000406570 0.749 4.0 64.7 313.2 638.7 80
2021000000406570 0.749 9.1 473.1 315.0 636.7 80
2021000000406570 0.743 394.4 20.6 427.9 290.9 80
2021000000406570 0.739 416.3 8.4 428.0 447.8 80
2021000000406570 0.737 155.0 362.4 423.1 629.0 80
2021000000406570 0.737 424.9 333.3 426.9 581.0 80
2021000000406570 0.737 425.4 240.7 427.0 403.1 80
2021000000406570 0.737 1.5 487.1 57.5 632.2 80
2021000000406570 0.735 0.9 -17.7 6.6 272.2 80
2021000000406570 0.734 -0.9 438.0 60.2 607.2 80
2021000000406570 0.733 386.6 112.9 427.2 609.4 80
2021000000406570 0.732 0.4 154.4 33.2 588.9 80
2021000000406570 0.732 289.6 12.4 423.2 627.7 80
2021000000406570 0.731 417.0 1.8 427.6 604.6 80
2021000000406570 0.731 424.5 193.1 427.0 543.9 80
2021000000406570 0.728 284.2 451.4 423.6 631.7 80
2021000000406570 0.726 191.4 571.0 432.8 637.7 80
2021000000406570 0.726 424.6 4.7 427.6 164.5 80
2021000000406570 0.725 2.2 19.0 428.2 644.0 80
2021000000406570 0.721 -2.7 250.9 342.4 638.9 80
2021000000406570 0.721 350.5 1.7 430.9 636.6 80
2021000000406570 0.717 1.0 148.8 5.0 601.2 80
2021000000406570 0.716 390.9 22.9 427.7 61.4 80
2021000000406570 0.715 2.0 77.6 42.1 612.5 80
2021000000406570 0.712 85.9 474.0 414.7 640.9 80
2021000000406570 0.710 57.1 344.9 423.1 637.7 80
2021000000406570 0.710 -0.6 1.4 48.6 46.3 80
2021000000406570 0.709 -6.3 562.9 117.2 636.9 80
2021000000406570 0.708 -1.4 395.6 394.1 635.8 80
2021000000406570 0.706 2.8 -40.8 49.1 544.1 80
2021000000406570 0.705 0.0 231.4 30.0 382.0 80
2021000000406570 0.705 -0.5 228.3 30.4 321.9 80
2021000000406570 0.703 3.4 -0.3 156.2 191.7 80
2021000000406570 0.700 -15.7 2.8 362.7 37.7 80
2021000000406570 0.699 6.8 -16.6 78.4 616.0 80
2021000000406570 0.698 4.6 -4.9 109.2 232.4 80
2021000000406570 0.691 294.1 512.9 425.6 637.8 80
2021000000406570 0.689 0.4 169.4 25.7 429.8 80
2021000000406570 0.680 292.0 517.2 425.9 640.0 80
2021000000406570 0.665 -1.8 441.0 424.2 639.9 80
2021000000406570 0.662 6.4 0.9 288.1 50.2 80
2021000000406570 0.642 1.7 0.4 427.7 639.3 80
2021000000406570 0.642 -1.7 232.6 424.2 640.0 80
2021000000406570 0.636 -0.6 393.1 424.6 640.5 80
2021000000406570 0.630 0.8 296.0 426.8 635.1 80
2021000000406570 0.628 2.5 -2.4 127.8 170.7 80
2021000000406570 0.595 -1.6 -1.2 208.2 56.7 80
2021000000406570 0.557 -0.4 -0.4 125.2 53.1 80
2021000000406570 0.520 1.3 -0.5 122.8 51.7 80
2021000000406570 0.402 -0.7 371.9 425.3 642.9 80
2021000000406570 0.261 -0.7 371.9 425.3 642.9 18
2021000000406570 0.180 -105.8 616.3 246.8 647.3 80
2021000000406570 0.177 1.3 -0.5 122.8 51.7 18
2021000000406570 0.172 -92.0 633.8 229.6 643.0 80
2021000000406570 0.146 41.9 137.8 180.8 579.1 80
2021000000406570 0.143 -0.4 -0.4 125.2 53.1 18
2021000000406570 0.139 336.7 98.7 440.3 492.7 80
2021000000406570 0.132 52.3 -0.6 128.2 20.9 80
2021000000406570 0.129 318.3 619.7 404.8 640.9 80
2021000000406570 0.120 -1.6 -1.2 208.2 56.7 18
2021000000406570 0.119 17.8 91.1 125.2 586.3 80
2021000000406570 0.117 78.0 171.7 207.0 496.4 80
2021000000406570 0.113 2.5 -2.4 127.8 170.7 18
2021000000406570 0.111 83.1 218.8 160.7 334.0 80
2021000000406570 0.111 -1.7 232.6 424.2 640.0 18
2021000000406570 0.108 232.2 313.7 342.2 520.4 80
2021000000406570 0.106 47.5 189.1 147.2 449.2 80
2021000000406570 0.105 0.8 296.0 426.8 635.1 18
2021000000406570 0.104 194.4 1.2 263.1 8.2 80
2021000000406570 0.103 -0.6 393.1 424.6 640.5 18
2021000000406570 0.101 312.5 237.9 372.9 325.7 80
2021000000406570 0.099 157.6 276.5 248.8 435.0 80
2021000000406570 0.099 128.9 252.0 220.9 418.4 80
2021000000406570 0.098 288.5 241.1 350.6 330.1 80
2021000000406570 0.098 205.7 281.1 279.4 395.7 80
2021000000406570 0.097 337.5 199.8 406.3 330.2 80
2021000000406570 0.095 217.6 345.2 304.0 485.2 80
2021000000406570 0.095 238.6 281.4 310.2 396.0 80
2021000000406570 0.094 261.7 267.0 329.4 375.7 80
2021000000406570 0.094 318.3 206.6 405.4 469.5 80
2021000000406570 0.093 263.7 284.4 357.3 491.5 80
2021000000406570 0.092 287.9 242.8 380.6 488.5 80
2021000000406570 0.092 1.7 0.4 427.7 639.3 18
2021000000406570 0.086 -1.8 441.0 424.2 639.9 18
2021000000406570 0.082 102.9 7.1 161.5 57.1 80
2021000000406570 0.080 131.9 0.9 185.4 2.9 80
2021000000406570 0.075 6.4 0.9 288.1 50.2 18
2021000000406570 0.074 167.1 0.9 215.9 2.5 80
2021000000406570 0.071 38.0 6.8 76.8 42.9 80
2021000000406570 0.071 292.0 517.2 425.9 640.0 18
2021000000406570 0.070 68.6 9.9 110.8 50.3 80
2021000000406570 0.070 239.1 1.0 283.6 2.5 80
2021000000406570 0.068 242.5 5.8 378.6 66.6 80
2021000000406570 0.068 216.6 6.4 339.2 65.9 80
