2021000000484893 0.784 19.3 111.4 185.1 333.5 80
2021000000484893 0.782 600.8 356.3 638.2 421.8 80
2021000000484893 0.766 32.9 112.1 357.6 339.1 80
2021000000484893 0.765 450.1 293.0 532.1 361.1 80
2021000000484893 0.763 15.7 54.3 432.8 423.1 80
2021000000484893 0.756 38.8 9.9 566.9 303.6 80
2021000000484893 0.756 191.5 9.7 284.7 153.5 80
2021000000484893 0.748 224.1 63.4 512.6 224.6 80
2021000000484893 0.747 -1.7 292.5 43.0 422.5 80
2021000000484893 0.745 74.2 43.1 477.7 324.2 80
2021000000484893 0.744 10.5 8.8 483.5 364.9 80
2021000000484893 0.743 -3.2 235.4 380.8 422.4 80
2021000000484893 0.743 420.8 4.6 530.1 116.9 80
2021000000484893 0.742 0.9 100.3 439.9 423.0 80
2021000000484893 0.742 383.4 0.7 523.0 58.2 80
2021000000484893 0.741 4.1 103.3 250.4 424.4 80
2021000000484893 0.740 2.7 100.9 395.7 426.0 80
2021000000484893 0.734 350.1 0.3 515.6 54.3 80
2021000000484893 0.734 377.7 10.6 549.3 142.2 80
2021000000484893 0.719 201.5 6.6 349.7 163.8 80
2021000000484893 0.718 0.8 228.3 5.9 268.6 80
2021000000484893 0.717 248.8 236.1 291.9 283.2 80
2021000000484893 0.714 437.7 266.5 528.2 357.4 80
2021000000484893 0.714 0.1 35.0 27.1 407.3 80
2021000000484893 0.713 249.0 204.0 381.2 307.5 80
2021000000484893 0.712 201.7 1.9 355.1 159.1 80
2021000000484893 0.711 1.2 8.1 637.9 424.6 80
2021000000484893 0.709 287.0 119.2 435.3 305.7 80
2021000000484893 0.707 285.1 251.3 517.2 426.3 80
2021000000484893 0.706 0.9 216.6 5.6 349.0 80
2021000000484893 0.705 559.7 1.6 642.6 411.0 80
2021000000484893 0.698 256.3 181.2 420.1 307.5 80
2021000000484893 0.694 599.8 129.1 632.1 155.0 80
2021000000484893 0.689 275.5 101.9 520.8 358.5 80
2021000000484893 0.687 601.5 122.7 641.9 159.9 80
2021000000484893 0.686 587.8 11.3 640.1 114.2 80
2021000000484893 0.679 599.0 141.1 640.6 385.9 80
2021000000484893 0.678 143.2 220.3 507.3 425.3 80
2021000000484893 0.677 0.7 0.6 11.8 7.0 80
2021000000484893 0.669 607.2 112.5 640.6 395.4 80
2021000000484893 0.667 173.6 247.3 508.2 424.4 80
2021000000484893 0.663 478.5 286.8 533.4 358.7 80
2021000000484893 0.662 2.4 189.0 531.0 425.0 80
2021000000484893 0.660 590.0 131.9 640.6 409.9 80
2021000000484893 0.659 595.7 17.8 640.1 133.9 80
2021000000484893 0.657 595.9 25.3 639.8 150.7 80
2021000000484893 0.649 594.4 127.8 641.6 309.1 80
2021000000484893 0.649 286.9 216.3 522.1 421.0 80
2021000000484893 0.648 267.3 145.1 521.6 419.6 80
2021000000484893 0.638 1.5 180.7 538.8 424.6 80
2021000000484893 0.625 243.7 116.6 488.4 417.4 80
2021000000484893 0.618 1.6 105.2 371.7 423.7 18
2021000000484893 0.588 -3.5 102.9 526.4 423.8 80
2021000000484893 0.574 278.0 123.4 525.4 365.9 80
2021000000484893 0.553 366.6 -0.6 549.6 141.0 11
2021000000484893 0.463 199.5 0.1 351.0 155.3 11
2021000000484893 0.454 271.0 251.7 513.3 426.9 18
2021000000484893 0.429 596.7 145.3 641.3 320.6 80
2021000000484893 0.419 285.7 117.7 429.3 280.5 11
2021000000484893 0.371 590.8 17.1 641.4 123.7 80
2021000000484893 0.333 285.7 117.7 429.3 280.5 80
2021000000484893 0.330 596.2 121.7 642.3 153.9 11
2021000000484893 0.312 596.2 121.7 642.3 153.9 80
2021000000484893 0.299 590.8 17.1 641.4 123.7 11
2021000000484893 0.247 596.7 145.3 641.3 320.6 11
2021000000484893 0.238 271.0 251.7 513.3 426.9 80
2021000000484893 0.180 278.0 123.4 525.4 365.9 11
2021000000484893 0.180 459.9 93.6 593.8 157.4 80
2021000000484893 0.170 199.5 0.1 351.0 155.3 7
2021000000484893 0.160 199.5 0.1 351.0 155.3 8
2021000000484893 0.140 492.9 123.6 618.7 219.5 80
2021000000484893 0.132 366.6 -0.6 549.6 141.0 7
2021000000484893 0.132 -43.7 418.7 91.5 428.5 80
2021000000484893 0.127 365.5 117.3 461.9 166.5 80
2021000000484893 0.125 463.6 147.1 614.0 298.5 80
2021000000484893 0.121 110.5 417.8 658.5 433.3 80
2021000000484893 0.120 1.6 105.2 371.7 423.7 80
2021000000484893 0.119 395.5 219.1 518.4 302.9 80
2021000000484893 0.118 465.8 73.1 620.2 463.4 80
2021000000484893 0.118 102.0 99.2 213.8 162.4 80
2021000000484893 0.117 20.3 249.5 155.3 369.7 80
2021000000484893 0.117 288.6 118.7 393.7 180.8 80
2021000000484893 0.115 322.0 94.6 423.9 153.0 80
2021000000484893 0.110 386.4 181.2 490.8 246.8 80
2021000000484893 0.109 366.6 -0.6 549.6 141.0 80
2021000000484893 0.106 176.8 150.6 281.2 210.9 80
2021000000484893 0.103 118.8 149.0 249.6 248.8 80
2021000000484893 0.103 165.3 -0.2 273.0 5.1 80
2021000000484893 0.100 440.2 206.8 552.7 290.5 80
2021000000484893 0.097 185.6 249.8 297.7 321.6 80
2021000000484893 0.097 77.6 148.1 181.7 222.1 80
2021000000484893 0.095 33.9 171.0 132.2 241.6 80
2021000000484893 0.095 13.1 223.9 108.3 297.3 80
2021000000484893 0.094 243.7 116.6 488.4 417.4 11
2021000000484893 0.093 199.5 0.1 351.0 155.3 80
2021000000484893 0.092 -5.8 176.1 76.9 234.4 80
2021000000484893 0.090 596.2 121.7 642.3 153.9 7
2021000000484893 0.090 419.2 406.5 526.0 428.7 80
2021000000484893 0.088 472.7 0.9 562.7 3.3 80
2021000000484893 0.087 -11.3 401.3 109.0 426.9 80
2021000000484893 0.784 19.3 111.4 185.1 333.5 80
2021000000484893 0.782 600.8 356.3 638.2 421.8 80
2021000000484893 0.766 32.9 112.1 357.6 339.1 80
2021000000484893 0.765 450.1 293.0 532.1 361.1 80
2021000000484893 0.763 15.7 54.3 432.8 423.1 80
2021000000484893 0.756 38.8 9.9 566.9 303.6 80
2021000000484893 0.756 191.5 9.7 284.7 153.5 80
2021000000484893 0.748 224.1 63.4 512.6 224.6 80
2021000000484893 0.747 -1.7 292.5 43.0 422.5 80
2021000000484893 0.745 74.2 43.1 477.7 324.2 80
2021000000484893 0.744 10.5 8.8 483.5 364.9 80
2021000000484893 0.743 -3.2 235.4 380.8 422.4 80
2021000000484893 0.743 420.8 4.6 530.1 116.9 80
2021000000484893 0.742 0.9 100.3 439.9 423.0 80
2021000000484893 0.742 383.4 0.7 523.0 58.2 80
2021000000484893 0.741 4.1 103.3 250.4 424.4 80
2021000000484893 0.740 2.7 100.9 395.7 426.0 80
2021000000484893 0.734 350.1 0.3 515.6 54.3 80
2021000000484893 0.734 377.7 10.6 549.3 142.2 80
2021000000484893 0.719 201.5 6.6 349.7 163.8 80
2021000000484893 0.718 0.8 228.3 5.9 268.6 80
2021000000484893 0.717 248.8 236.1 291.9 283.2 80
2021000000484893 0.714 437.7 266.5 528.2 357.4 80
2021000000484893 0.714 0.1 35.0 27.1 407.3 80
2021000000484893 0.713 249.0 204.0 381.2 307.5 80
2021000000484893 0.712 201.7 1.9 355.1 159.1 80
2021000000484893 0.711 1.2 8.1 637.9 424.6 80
2021000000484893 0.709 287.0 119.2 435.3 305.7 80
2021000000484893 0.707 285.1 251.3 517.2 426.3 80
2021000000484893 0.706 0.9 216.6 5.6 349.0 80
2021000000484893 0.705 559.7 1.6 642.6 411.0 80
2021000000484893 0.698 256.3 181.2 420.1 307.5 80
2021000000484893 0.694 599.8 129.1 632.1 155.0 80
2021000000484893 0.689 275.5 101.9 520.8 358.5 80
2021000000484893 0.687 601.5 122.7 641.9 159.9 80
2021000000484893 0.686 587.8 11.3 640.1 114.2 80
2021000000484893 0.679 599.0 141.1 640.6 385.9 80
2021000000484893 0.678 143.2 220.3 507.3 425.3 80
2021000000484893 0.677 0.7 0.6 11.8 7.0 80
2021000000484893 0.669 607.2 112.5 640.6 395.4 80
2021000000484893 0.667 173.6 247.3 508.2 424.4 80
2021000000484893 0.663 478.5 286.8 533.4 358.7 80
2021000000484893 0.662 2.4 189.0 531.0 425.0 80
2021000000484893 0.660 590.0 131.9 640.6 409.9 80
2021000000484893 0.659 595.7 17.8 640.1 133.9 80
2021000000484893 0.657 595.9 25.3 639.8 150.7 80
2021000000484893 0.649 594.4 127.8 641.6 309.1 80
2021000000484893 0.649 286.9 216.3 522.1 421.0 80
2021000000484893 0.648 267.3 145.1 521.6 419.6 80
2021000000484893 0.638 1.5 180.7 538.8 424.6 80
2021000000484893 0.625 243.7 116.6 488.4 417.4 80
2021000000484893 0.618 1.6 105.2 371.7 423.7 18
2021000000484893 0.588 -3.5 102.9 526.4 423.8 80
2021000000484893 0.574 278.0 123.4 525.4 365.9 80
2021000000484893 0.553 366.6 -0.6 549.6 141.0 11
2021000000484893 0.463 199.5 0.1 351.0 155.3 11
2021000000484893 0.454 271.0 251.7 513.3 426.9 18
2021000000484893 0.429 596.7 145.3 641.3 320.6 80
2021000000484893 0.419 285.7 117.7 429.3 280.5 11
2021000000484893 0.371 590.8 17.1 641.4 123.7 80
2021000000484893 0.333 285.7 117.7 429.3 280.5 80
2021000000484893 0.330 596.2 121.7 642.3 153.9 11
2021000000484893 0.312 596.2 121.7 642.3 153.9 80
2021000000484893 0.299 590.8 17.1 641.4 123.7 11
2021000000484893 0.247 596.7 145.3 641.3 320.6 11
2021000000484893 0.238 271.0 251.7 513.3 426.9 80
2021000000484893 0.180 278.0 123.4 525.4 365.9 11
2021000000484893 0.180 459.9 93.6 593.8 157.4 80
2021000000484893 0.170 199.5 0.1 351.0 155.3 7
2021000000484893 0.160 199.5 0.1 351.0 155.3 8
2021000000484893 0.140 492.9 123.6 618.7 219.5 80
2021000000484893 0.132 366.6 -0.6 549.6 141.0 7
2021000000484893 0.132 -43.7 418.7 91.5 428.5 80
2021000000484893 0.127 365.5 117.3 461.9 166.5 80
2021000000484893 0.125 463.6 147.1 614.0 298.5 80
2021000000484893 0.121 110.5 417.8 658.5 433.3 80
2021000000484893 0.120 1.6 105.2 371.7 423.7 80
2021000000484893 0.119 395.5 219.1 518.4 302.9 80
2021000000484893 0.118 465.8 73.1 620.2 463.4 80
2021000000484893 0.118 102.0 99.2 213.8 162.4 80
2021000000484893 0.117 20.3 249.5 155.3 369.7 80
2021000000484893 0.117 288.6 118.7 393.7 180.8 80
2021000000484893 0.115 322.0 94.6 423.9 153.0 80
2021000000484893 0.110 386.4 181.2 490.8 246.8 80
2021000000484893 0.109 366.6 -0.6 549.6 141.0 80
2021000000484893 0.106 176.8 150.6 281.2 210.9 80
2021000000484893 0.103 118.8 149.0 249.6 248.8 80
2021000000484893 0.103 165.3 -0.2 273.0 5.1 80
2021000000484893 0.100 440.2 206.8 552.7 290.5 80
2021000000484893 0.097 185.6 249.8 297.7 321.6 80
2021000000484893 0.097 77.6 148.1 181.7 222.1 80
2021000000484893 0.095 33.9 171.0 132.2 241.6 80
2021000000484893 0.095 13.1 223.9 108.3 297.3 80
2021000000484893 0.094 243.7 116.6 488.4 417.4 11
2021000000484893 0.093 199.5 0.1 351.0 155.3 80
2021000000484893 0.092 -5.8 176.1 76.9 234.4 80
2021000000484893 0.090 596.2 121.7 642.3 153.9 7
2021000000484893 0.090 419.2 406.5 526.0 428.7 80
2021000000484893 0.088 472.7 0.9 562.7 3.3 80
2021000000484893 0.087 -11.3 401.3 109.0 426.9 80
