2021000000569972 0.800 600.5 511.2 641.3 567.4 80
2021000000569972 0.781 20.0 131.4 627.4 432.7 80
2021000000569972 0.763 368.1 164.2 387.7 169.1 80
2021000000569972 0.762 226.7 159.3 234.7 164.5 80
2021000000569972 0.761 91.5 221.9 209.1 368.0 18
2021000000569972 0.759 116.7 333.7 525.0 407.6 80
2021000000569972 0.759 111.1 326.5 175.1 386.8 80
2021000000569972 0.755 147.8 264.1 190.6 332.5 80
2021000000569972 0.753 93.3 233.5 212.8 369.0 80
2021000000569972 0.753 383.6 165.4 392.7 169.5 80
2021000000569972 0.750 581.7 173.0 589.3 176.8 80
2021000000569972 0.749 92.7 340.3 422.9 390.8 80
2021000000569972 0.747 223.5 333.2 527.2 388.7 80
2021000000569972 0.746 361.8 168.2 378.7 173.3 80
2021000000569972 0.737 280.7 335.8 530.2 386.5 80
2021000000569972 0.736 639.1 306.8 639.9 452.9 80
2021000000569972 0.734 638.8 244.0 640.3 278.1 80
2021000000569972 0.734 30.3 227.4 41.8 233.6 80
2021000000569972 0.729 107.6 359.6 240.4 397.5 80
2021000000569972 0.727 129.5 358.0 163.9 381.1 80
2021000000569972 0.722 234.6 326.2 526.3 386.8 80
2021000000569972 0.718 152.7 331.4 519.0 391.6 80
2021000000569972 0.710 118.3 325.5 521.8 389.4 80
2021000000569972 0.706 80.3 241.3 146.0 342.8 80
2021000000569972 0.665 113.0 331.6 515.8 394.4 80
2021000000569972 0.650 112.5 356.2 233.0 391.8 80
2021000000569972 0.216 597.3 99.0 654.7 654.5 80
2021000000569972 0.200 184.7 343.2 377.1 410.2 80
2021000000569972 0.128 461.1 216.5 561.2 293.9 80
2021000000569972 0.128 252.5 294.4 342.5 358.7 80
2021000000569972 0.124 390.1 116.8 497.4 168.6 80
2021000000569972 0.119 285.5 226.0 368.8 285.8 80
2021000000569972 0.117 112.5 356.2 233.0 391.8 3
2021000000569972 0.115 115.3 157.2 195.8 215.4 80
2021000000569972 0.115 190.4 349.8 283.3 413.2 80
2021000000569972 0.112 83.0 220.4 169.6 286.0 80
2021000000569972 0.111 187.4 4.9 298.4 17.2 80
2021000000569972 0.109 42.0 240.9 124.7 301.1 80
2021000000569972 0.104 116.9 562.0 397.6 575.9 80
2021000000569972 0.104 164.6 297.7 252.6 365.7 80
2021000000569972 0.102 436.8 2.7 539.1 9.7 80
2021000000569972 0.101 497.3 280.4 581.0 346.0 80
2021000000569972 0.101 366.6 270.2 452.4 338.1 80
2021000000569972 0.099 113.0 331.6 515.8 394.4 3
2021000000569972 0.099 535.9 252.2 623.0 326.7 80
2021000000569972 0.099 20.4 313.5 99.3 378.0 80
2021000000569972 0.097 319.7 268.6 408.1 340.3 80
2021000000569972 0.097 -68.8 530.0 356.8 590.1 80
2021000000569972 0.097 571.2 226.1 654.3 296.5 80
2021000000569972 0.097 214.4 266.5 306.3 345.0 80
2021000000569972 0.094 419.2 317.1 505.8 388.2 80
2021000000569972 0.094 -19.9 294.4 58.1 361.5 80
2021000000569972 0.094 454.8 298.2 542.1 373.8 80
2021000000569972 0.094 556.4 304.7 644.9 394.7 80
2021000000569972 0.093 517.2 321.1 611.1 415.5 80
2021000000569972 0.092 513.7 0.9 608.0 4.8 80
2021000000569972 0.091 245.0 0.9 338.8 4.4 80
2021000000569972 0.090 437.6 374.2 529.9 456.6 80
2021000000569972 0.088 474.3 343.3 568.2 438.9 80
2021000000569972 0.088 402.7 403.7 497.1 488.4 80
2021000000569972 0.085 41.1 368.7 137.7 475.4 80
2021000000569972 0.084 -25.5 512.3 83.1 562.4 80
2021000000569972 0.084 -5.8 347.4 85.8 466.3 80
2021000000569972 0.077 523.2 164.4 645.0 611.0 80
2021000000569972 0.076 219.1 403.1 369.4 575.9 80
2021000000569972 0.076 486.3 311.2 605.1 549.9 80
2021000000569972 0.076 79.8 499.6 178.3 554.7 80
2021000000569972 0.075 511.7 472.3 606.3 531.4 80
2021000000569972 0.074 -29.0 218.2 61.8 629.0 80
2021000000569972 0.074 -22.2 465.7 47.9 524.4 80
2021000000569972 0.073 445.6 465.0 540.8 525.6 80
2021000000569972 0.073 168.5 487.6 265.8 546.6 80
2021000000569972 0.072 301.8 465.0 401.4 526.1 80
2021000000569972 0.071 420.3 343.3 572.3 589.0 80
2021000000569972 0.071 27.0 346.1 189.4 622.8 80
2021000000569972 0.071 385.0 449.4 480.9 511.7 80
2021000000569972 0.071 253.6 446.7 357.0 510.0 80
2021000000569972 0.068 375.2 7.8 552.0 65.2 80
2021000000569972 0.068 205.4 10.4 379.0 66.9 80
2021000000569972 0.068 169.9 7.7 347.8 64.1 80
2021000000569972 0.067 -33.2 5.9 138.8 61.9 80
2021000000569972 0.067 524.3 4.3 652.5 60.4 80
2021000000569972 0.067 259.4 5.1 408.5 60.7 80
2021000000569972 0.067 307.1 18.4 394.4 73.9 80
2021000000569972 0.067 425.1 7.3 597.4 62.8 80
2021000000569972 0.067 330.6 6.2 501.3 61.5 80
2021000000569972 0.067 132.8 5.2 304.9 59.5 80
2021000000569972 0.067 41.7 4.0 221.6 57.8 80
2021000000569972 0.067 -24.1 9.0 69.7 64.6 80
2021000000569972 0.067 15.5 6.7 167.1 60.1 80
2021000000569972 0.066 569.5 12.3 625.7 55.6 80
2021000000569972 0.066 98.9 4.4 240.1 56.9 80
2021000000569972 0.065 -24.9 22.6 43.2 71.3 80
2021000000569972 0.063 394.9 12.1 473.4 54.0 80
2021000000569972 0.060 165.4 6.1 224.9 34.5 80
2021000000569972 0.059 494.5 0.7 554.5 2.2 80
2021000000569972 0.058 31.8 4.3 96.7 27.7 80
2021000000569972 0.058 535.3 0.3 592.6 2.4 80
2021000000569972 0.057 328.2 4.0 383.4 19.0 80
2021000000569972 0.056 141.9 0.5 198.5 3.7 80
2021000000569972 0.800 600.5 511.2 641.3 567.4 80
2021000000569972 0.781 20.0 131.4 627.4 432.7 80
2021000000569972 0.763 368.1 164.2 387.7 169.1 80
2021000000569972 0.762 226.7 159.3 234.7 164.5 80
2021000000569972 0.761 91.5 221.9 209.1 368.0 18
2021000000569972 0.759 116.7 333.7 525.0 407.6 80
2021000000569972 0.759 111.1 326.5 175.1 386.8 80
2021000000569972 0.755 147.8 264.1 190.6 332.5 80
2021000000569972 0.753 93.3 233.5 212.8 369.0 80
2021000000569972 0.753 383.6 165.4 392.7 169.5 80
2021000000569972 0.750 581.7 173.0 589.3 176.8 80
2021000000569972 0.749 92.7 340.3 422.9 390.8 80
2021000000569972 0.747 223.5 333.2 527.2 388.7 80
2021000000569972 0.746 361.8 168.2 378.7 173.3 80
2021000000569972 0.737 280.7 335.8 530.2 386.5 80
2021000000569972 0.736 639.1 306.8 639.9 452.9 80
2021000000569972 0.734 638.8 244.0 640.3 278.1 80
2021000000569972 0.734 30.3 227.4 41.8 233.6 80
2021000000569972 0.729 107.6 359.6 240.4 397.5 80
2021000000569972 0.727 129.5 358.0 163.9 381.1 80
2021000000569972 0.722 234.6 326.2 526.3 386.8 80
2021000000569972 0.718 152.7 331.4 519.0 391.6 80
2021000000569972 0.710 118.3 325.5 521.8 389.4 80
2021000000569972 0.706 80.3 241.3 146.0 342.8 80
2021000000569972 0.665 113.0 331.6 515.8 394.4 80
2021000000569972 0.650 112.5 356.2 233.0 391.8 80
2021000000569972 0.216 597.3 99.0 654.7 654.5 80
2021000000569972 0.200 184.7 343.2 377.1 410.2 80
2021000000569972 0.128 461.1 216.5 561.2 293.9 80
2021000000569972 0.128 252.5 294.4 342.5 358.7 80
2021000000569972 0.124 390.1 116.8 497.4 168.6 80
2021000000569972 0.119 285.5 226.0 368.8 285.8 80
2021000000569972 0.117 112.5 356.2 233.0 391.8 3
2021000000569972 0.115 115.3 157.2 195.8 215.4 80
2021000000569972 0.115 190.4 349.8 283.3 413.2 80
2021000000569972 0.112 83.0 220.4 169.6 286.0 80
2021000000569972 0.111 187.4 4.9 298.4 17.2 80
2021000000569972 0.109 42.0 240.9 124.7 301.1 80
2021000000569972 0.104 116.9 562.0 397.6 575.9 80
2021000000569972 0.104 164.6 297.7 252.6 365.7 80
2021000000569972 0.102 436.8 2.7 539.1 9.7 80
2021000000569972 0.101 497.3 280.4 581.0 346.0 80
2021000000569972 0.101 366.6 270.2 452.4 338.1 80
2021000000569972 0.099 113.0 331.6 515.8 394.4 3
2021000000569972 0.099 535.9 252.2 623.0 326.7 80
2021000000569972 0.099 20.4 313.5 99.3 378.0 80
2021000000569972 0.097 319.7 268.6 408.1 340.3 80
2021000000569972 0.097 -68.8 530.0 356.8 590.1 80
2021000000569972 0.097 571.2 226.1 654.3 296.5 80
2021000000569972 0.097 214.4 266.5 306.3 345.0 80
2021000000569972 0.094 419.2 317.1 505.8 388.2 80
2021000000569972 0.094 -19.9 294.4 58.1 361.5 80
2021000000569972 0.094 454.8 298.2 542.1 373.8 80
2021000000569972 0.094 556.4 304.7 644.9 394.7 80
2021000000569972 0.093 517.2 321.1 611.1 415.5 80
2021000000569972 0.092 513.7 0.9 608.0 4.8 80
2021000000569972 0.091 245.0 0.9 338.8 4.4 80
2021000000569972 0.090 437.6 374.2 529.9 456.6 80
2021000000569972 0.088 474.3 343.3 568.2 438.9 80
2021000000569972 0.088 402.7 403.7 497.1 488.4 80
2021000000569972 0.085 41.1 368.7 137.7 475.4 80
2021000000569972 0.084 -25.5 512.3 83.1 562.4 80
2021000000569972 0.084 -5.8 347.4 85.8 466.3 80
2021000000569972 0.077 523.2 164.4 645.0 611.0 80
2021000000569972 0.076 219.1 403.1 369.4 575.9 80
2021000000569972 0.076 486.3 311.2 605.1 549.9 80
2021000000569972 0.076 79.8 499.6 178.3 554.7 80
2021000000569972 0.075 511.7 472.3 606.3 531.4 80
2021000000569972 0.074 -29.0 218.2 61.8 629.0 80
2021000000569972 0.074 -22.2 465.7 47.9 524.4 80
2021000000569972 0.073 445.6 465.0 540.8 525.6 80
2021000000569972 0.073 168.5 487.6 265.8 546.6 80
2021000000569972 0.072 301.8 465.0 401.4 526.1 80
2021000000569972 0.071 420.3 343.3 572.3 589.0 80
2021000000569972 0.071 27.0 346.1 189.4 622.8 80
2021000000569972 0.071 385.0 449.4 480.9 511.7 80
2021000000569972 0.071 253.6 446.7 357.0 510.0 80
2021000000569972 0.068 375.2 7.8 552.0 65.2 80
2021000000569972 0.068 205.4 10.4 379.0 66.9 80
2021000000569972 0.068 169.9 7.7 347.8 64.1 80
2021000000569972 0.067 -33.2 5.9 138.8 61.9 80
2021000000569972 0.067 524.3 4.3 652.5 60.4 80
2021000000569972 0.067 259.4 5.1 408.5 60.7 80
2021000000569972 0.067 307.1 18.4 394.4 73.9 80
2021000000569972 0.067 425.1 7.3 597.4 62.8 80
2021000000569972 0.067 330.6 6.2 501.3 61.5 80
2021000000569972 0.067 132.8 5.2 304.9 59.5 80
2021000000569972 0.067 41.7 4.0 221.6 57.8 80
2021000000569972 0.067 -24.1 9.0 69.7 64.6 80
2021000000569972 0.067 15.5 6.7 167.1 60.1 80
2021000000569972 0.066 569.5 12.3 625.7 55.6 80
2021000000569972 0.066 98.9 4.4 240.1 56.9 80
2021000000569972 0.065 -24.9 22.6 43.2 71.3 80
2021000000569972 0.063 394.9 12.1 473.4 54.0 80
2021000000569972 0.060 165.4 6.1 224.9 34.5 80
2021000000569972 0.059 494.5 0.7 554.5 2.2 80
2021000000569972 0.058 31.8 4.3 96.7 27.7 80
2021000000569972 0.058 535.3 0.3 592.6 2.4 80
2021000000569972 0.057 328.2 4.0 383.4 19.0 80
2021000000569972 0.056 141.9 0.5 198.5 3.7 80
