2021000000015335 0.776 14.2 70.7 208.1 335.0 80
2021000000015335 0.774 173.3 260.5 383.5 458.1 80
2021000000015335 0.773 51.4 86.3 220.3 388.8 80
2021000000015335 0.770 598.0 424.2 639.2 480.6 80
2021000000015335 0.769 352.6 138.7 627.3 479.2 80
2021000000015335 0.768 79.4 59.1 587.4 479.6 80
2021000000015335 0.766 190.6 55.0 338.4 155.6 80
2021000000015335 0.765 346.9 194.7 646.0 478.5 80
2021000000015335 0.764 421.3 37.0 615.4 188.0 80
2021000000015335 0.760 4.4 26.9 630.2 259.1 80
2021000000015335 0.759 181.4 138.9 393.8 476.6 80
2021000000015335 0.756 137.7 21.1 600.9 489.8 80
2021000000015335 0.755 177.2 24.7 569.0 416.6 80
2021000000015335 0.755 137.0 42.0 420.0 272.8 80
2021000000015335 0.753 621.0 220.3 639.3 469.8 80
2021000000015335 0.752 8.8 73.2 128.2 318.6 80
2021000000015335 0.752 7.7 37.1 409.0 457.0 80
2021000000015335 0.751 21.0 351.1 390.0 478.2 80
2021000000015335 0.748 353.5 9.4 635.4 476.0 80
2021000000015335 0.746 9.6 62.6 303.9 486.8 80
2021000000015335 0.746 3.4 71.2 248.0 488.9 80
2021000000015335 0.746 344.3 21.3 593.6 351.3 80
2021000000015335 0.744 355.4 31.2 578.9 364.1 80
2021000000015335 0.743 482.9 18.3 641.9 477.2 80
2021000000015335 0.742 225.1 42.3 508.3 192.8 80
2021000000015335 0.742 50.3 105.9 588.0 471.5 80
2021000000015335 0.740 340.2 36.3 553.9 350.0 80
2021000000015335 0.737 351.1 14.4 639.3 477.3 18
2021000000015335 0.737 347.0 41.6 522.6 170.9 80
2021000000015335 0.736 1.9 55.7 640.6 474.5 80
2021000000015335 0.736 -0.3 190.1 133.3 474.1 80
2021000000015335 0.735 482.2 18.5 572.3 99.3 80
2021000000015335 0.735 89.5 -1.9 486.7 64.2 80
2021000000015335 0.733 39.9 117.3 398.1 473.3 80
2021000000015335 0.732 637.9 53.4 639.9 206.9 80
2021000000015335 0.731 240.2 32.1 540.4 349.9 80
2021000000015335 0.730 439.3 35.7 479.7 112.9 80
2021000000015335 0.728 4.0 420.0 104.3 479.3 80
2021000000015335 0.728 -0.9 189.5 35.3 390.2 80
2021000000015335 0.724 363.1 52.1 439.5 126.1 80
2021000000015335 0.724 2.1 220.4 38.4 438.4 80
2021000000015335 0.721 248.7 44.4 381.2 149.9 80
2021000000015335 0.716 7.9 430.3 95.6 479.1 80
2021000000015335 0.716 -0.3 87.4 36.3 320.6 80
2021000000015335 0.715 149.0 43.3 338.3 279.8 80
2021000000015335 0.714 325.8 53.1 383.6 113.7 80
2021000000015335 0.712 176.7 40.5 255.8 90.1 80
2021000000015335 0.712 168.9 30.8 533.8 355.5 80
2021000000015335 0.711 361.1 41.6 485.1 126.4 80
2021000000015335 0.711 0.0 250.1 40.4 312.8 80
2021000000015335 0.710 11.7 102.4 342.7 478.6 80
2021000000015335 0.710 0.6 101.6 10.2 150.2 80
2021000000015335 0.708 636.7 1.5 640.1 50.0 80
2021000000015335 0.707 1.1 8.4 639.5 479.0 80
2021000000015335 0.700 153.9 39.7 248.4 150.1 80
2021000000015335 0.679 552.4 25.4 600.2 81.9 80
2021000000015335 0.679 268.6 44.1 357.9 104.8 80
2021000000015335 0.668 281.5 42.5 379.4 107.0 80
2021000000015335 0.664 160.9 48.4 340.9 281.5 80
2021000000015335 0.648 345.8 44.4 496.1 168.1 80
2021000000015335 0.645 506.0 26.6 563.6 100.2 80
2021000000015335 0.620 551.1 29.6 607.9 162.5 80
2021000000015335 0.613 14.7 394.8 255.1 479.1 80
2021000000015335 0.602 42.0 397.2 256.4 478.7 80
2021000000015335 0.596 -1.1 69.6 218.3 451.7 18
2021000000015335 0.578 55.1 141.0 394.6 476.6 80
2021000000015335 0.572 542.5 23.6 568.3 79.1 80
2021000000015335 0.554 157.7 41.2 341.0 155.6 80
2021000000015335 0.535 170.5 137.9 390.4 476.7 18
2021000000015335 0.518 29.7 393.8 256.5 479.8 80
2021000000015335 0.485 556.2 24.1 606.0 113.5 80
2021000000015335 0.483 500.7 20.1 561.3 164.4 18
2021000000015335 0.436 228.3 49.1 341.2 156.8 80
2021000000015335 0.424 19.0 138.0 387.9 478.5 80
2021000000015335 0.380 539.4 24.3 563.6 61.1 80
2021000000015335 0.354 556.6 24.3 604.6 86.8 18
2021000000015335 0.327 556.6 24.3 604.6 86.8 80
2021000000015335 0.312 539.4 24.3 563.6 61.1 18
2021000000015335 0.289 19.0 138.0 387.9 478.5 18
2021000000015335 0.283 562.1 67.5 672.7 527.8 80
2021000000015335 0.240 228.3 49.1 341.2 156.8 18
2021000000015335 0.219 556.2 24.1 606.0 113.5 18
2021000000015335 0.213 500.7 20.1 561.3 164.4 80
2021000000015335 0.179 170.5 137.9 390.4 476.7 80
2021000000015335 0.178 232.3 207.5 429.0 348.6 80
2021000000015335 0.175 29.7 393.8 256.5 479.8 18
2021000000015335 0.160 55.1 141.0 394.6 476.6 18
2021000000015335 0.149 -1.1 69.6 218.3 451.7 80
2021000000015335 0.140 558.5 62.1 666.8 117.2 80
2021000000015335 0.135 542.5 23.6 568.3 79.1 18
2021000000015335 0.132 112.1 164.8 248.3 255.7 80
2021000000015335 0.128 157.7 41.2 341.0 155.6 18
2021000000015335 0.120 42.0 397.2 256.4 478.7 18
2021000000015335 0.118 362.9 249.9 493.5 360.5 80
2021000000015335 0.117 546.1 229.5 651.3 341.4 80
2021000000015335 0.114 14.7 394.8 255.1 479.1 18
2021000000015335 0.109 517.0 67.3 644.6 509.6 80
2021000000015335 0.108 551.1 29.6 607.9 162.5 18
2021000000015335 0.100 6.7 229.8 113.4 356.5 80
2021000000015335 0.099 160.9 48.4 340.9 281.5 18
2021000000015335 0.776 14.2 70.7 208.1 335.0 80
2021000000015335 0.774 173.3 260.5 383.5 458.1 80
2021000000015335 0.773 51.4 86.3 220.3 388.8 80
2021000000015335 0.770 598.0 424.2 639.2 480.6 80
2021000000015335 0.769 352.6 138.7 627.3 479.2 80
2021000000015335 0.768 79.4 59.1 587.4 479.6 80
2021000000015335 0.766 190.6 55.0 338.4 155.6 80
2021000000015335 0.765 346.9 194.7 646.0 478.5 80
2021000000015335 0.764 421.3 37.0 615.4 188.0 80
2021000000015335 0.760 4.4 26.9 630.2 259.1 80
2021000000015335 0.759 181.4 138.9 393.8 476.6 80
2021000000015335 0.756 137.7 21.1 600.9 489.8 80
2021000000015335 0.755 177.2 24.7 569.0 416.6 80
2021000000015335 0.755 137.0 42.0 420.0 272.8 80
2021000000015335 0.753 621.0 220.3 639.3 469.8 80
2021000000015335 0.752 8.8 73.2 128.2 318.6 80
2021000000015335 0.752 7.7 37.1 409.0 457.0 80
2021000000015335 0.751 21.0 351.1 390.0 478.2 80
2021000000015335 0.748 353.5 9.4 635.4 476.0 80
2021000000015335 0.746 9.6 62.6 303.9 486.8 80
2021000000015335 0.746 3.4 71.2 248.0 488.9 80
2021000000015335 0.746 344.3 21.3 593.6 351.3 80
2021000000015335 0.744 355.4 31.2 578.9 364.1 80
2021000000015335 0.743 482.9 18.3 641.9 477.2 80
2021000000015335 0.742 225.1 42.3 508.3 192.8 80
2021000000015335 0.742 50.3 105.9 588.0 471.5 80
2021000000015335 0.740 340.2 36.3 553.9 350.0 80
2021000000015335 0.737 351.1 14.4 639.3 477.3 18
2021000000015335 0.737 347.0 41.6 522.6 170.9 80
2021000000015335 0.736 1.9 55.7 640.6 474.5 80
2021000000015335 0.736 -0.3 190.1 133.3 474.1 80
2021000000015335 0.735 482.2 18.5 572.3 99.3 80
2021000000015335 0.735 89.5 -1.9 486.7 64.2 80
2021000000015335 0.733 39.9 117.3 398.1 473.3 80
2021000000015335 0.732 637.9 53.4 639.9 206.9 80
2021000000015335 0.731 240.2 32.1 540.4 349.9 80
2021000000015335 0.730 439.3 35.7 479.7 112.9 80
2021000000015335 0.728 4.0 420.0 104.3 479.3 80
2021000000015335 0.728 -0.9 189.5 35.3 390.2 80
2021000000015335 0.724 363.1 52.1 439.5 126.1 80
2021000000015335 0.724 2.1 220.4 38.4 438.4 80
2021000000015335 0.721 248.7 44.4 381.2 149.9 80
2021000000015335 0.716 7.9 430.3 95.6 479.1 80
2021000000015335 0.716 -0.3 87.4 36.3 320.6 80
2021000000015335 0.715 149.0 43.3 338.3 279.8 80
2021000000015335 0.714 325.8 53.1 383.6 113.7 80
2021000000015335 0.712 176.7 40.5 255.8 90.1 80
2021000000015335 0.712 168.9 30.8 533.8 355.5 80
2021000000015335 0.711 361.1 41.6 485.1 126.4 80
2021000000015335 0.711 0.0 250.1 40.4 312.8 80
2021000000015335 0.710 11.7 102.4 342.7 478.6 80
2021000000015335 0.710 0.6 101.6 10.2 150.2 80
2021000000015335 0.708 636.7 1.5 640.1 50.0 80
2021000000015335 0.707 1.1 8.4 639.5 479.0 80
2021000000015335 0.700 153.9 39.7 248.4 150.1 80
2021000000015335 0.679 552.4 25.4 600.2 81.9 80
2021000000015335 0.679 268.6 44.1 357.9 104.8 80
2021000000015335 0.668 281.5 42.5 379.4 107.0 80
2021000000015335 0.664 160.9 48.4 340.9 281.5 80
2021000000015335 0.648 345.8 44.4 496.1 168.1 80
2021000000015335 0.645 506.0 26.6 563.6 100.2 80
2021000000015335 0.620 551.1 29.6 607.9 162.5 80
2021000000015335 0.613 14.7 394.8 255.1 479.1 80
2021000000015335 0.602 42.0 397.2 256.4 478.7 80
2021000000015335 0.596 -1.1 69.6 218.3 451.7 18
2021000000015335 0.578 55.1 141.0 394.6 476.6 80
2021000000015335 0.572 542.5 23.6 568.3 79.1 80
2021000000015335 0.554 157.7 41.2 341.0 155.6 80
2021000000015335 0.535 170.5 137.9 390.4 476.7 18
2021000000015335 0.518 29.7 393.8 256.5 479.8 80
2021000000015335 0.485 556.2 24.1 606.0 113.5 80
2021000000015335 0.483 500.7 20.1 561.3 164.4 18
2021000000015335 0.436 228.3 49.1 341.2 156.8 80
2021000000015335 0.424 19.0 138.0 387.9 478.5 80
2021000000015335 0.380 539.4 24.3 563.6 61.1 80
2021000000015335 0.354 556.6 24.3 604.6 86.8 18
2021000000015335 0.327 556.6 24.3 604.6 86.8 80
2021000000015335 0.312 539.4 24.3 563.6 61.1 18
2021000000015335 0.289 19.0 138.0 387.9 478.5 18
2021000000015335 0.283 562.1 67.5 672.7 527.8 80
2021000000015335 0.240 228.3 49.1 341.2 156.8 18
2021000000015335 0.219 556.2 24.1 606.0 113.5 18
2021000000015335 0.213 500.7 20.1 561.3 164.4 80
2021000000015335 0.179 170.5 137.9 390.4 476.7 80
2021000000015335 0.178 232.3 207.5 429.0 348.6 80
2021000000015335 0.175 29.7 393.8 256.5 479.8 18
2021000000015335 0.160 55.1 141.0 394.6 476.6 18
2021000000015335 0.149 -1.1 69.6 218.3 451.7 80
2021000000015335 0.140 558.5 62.1 666.8 117.2 80
2021000000015335 0.135 542.5 23.6 568.3 79.1 18
2021000000015335 0.132 112.1 164.8 248.3 255.7 80
2021000000015335 0.128 157.7 41.2 341.0 155.6 18
2021000000015335 0.120 42.0 397.2 256.4 478.7 18
2021000000015335 0.118 362.9 249.9 493.5 360.5 80
2021000000015335 0.117 546.1 229.5 651.3 341.4 80
2021000000015335 0.114 14.7 394.8 255.1 479.1 18
2021000000015335 0.109 517.0 67.3 644.6 509.6 80
2021000000015335 0.108 551.1 29.6 607.9 162.5 18
2021000000015335 0.100 6.7 229.8 113.4 356.5 80
2021000000015335 0.099 160.9 48.4 340.9 281.5 18
