2021000000376112 0.766 389.6 588.9 431.6 638.0 80
2021000000376112 0.764 108.6 184.7 258.1 550.8 18
2021000000376112 0.744 108.9 203.4 250.0 536.7 80
2021000000376112 0.716 40.5 132.2 336.3 335.4 80
2021000000376112 0.716 325.4 292.2 387.1 461.2 18
2021000000376112 0.712 203.6 214.8 259.3 477.7 80
2021000000376112 0.709 424.2 203.5 426.4 263.4 80
2021000000376112 0.700 388.1 230.2 397.1 246.8 80
2021000000376112 0.699 41.6 118.3 338.5 335.6 80
2021000000376112 0.693 1.0 279.8 2.4 408.2 80
2021000000376112 0.693 44.5 78.2 337.5 403.6 80
2021000000376112 0.693 0.9 80.7 2.2 217.2 80
2021000000376112 0.682 1.2 338.9 4.4 532.9 80
2021000000376112 0.676 42.9 114.5 313.6 301.0 80
2021000000376112 0.674 326.1 294.0 387.0 461.7 80
2021000000376112 0.671 100.2 151.2 162.6 219.3 80
2021000000376112 0.669 37.7 110.7 398.5 418.4 80
2021000000376112 0.663 323.2 132.7 421.7 290.6 80
2021000000376112 0.654 0.4 95.7 424.5 563.8 80
2021000000376112 0.648 44.0 108.3 305.0 245.4 80
2021000000376112 0.647 9.0 68.2 432.3 451.8 80
2021000000376112 0.646 243.7 242.3 273.4 314.9 80
2021000000376112 0.644 422.8 382.5 426.4 422.5 80
2021000000376112 0.639 90.0 131.2 292.6 215.8 80
2021000000376112 0.639 102.2 67.1 390.9 380.8 80
2021000000376112 0.629 71.5 58.9 371.8 404.5 80
2021000000376112 0.626 71.0 112.1 362.1 230.8 80
2021000000376112 0.626 57.7 100.9 352.8 254.1 80
2021000000376112 0.619 137.5 132.2 148.2 148.9 80
2021000000376112 0.616 263.6 218.3 287.2 278.1 80
2021000000376112 0.613 313.1 239.3 326.0 280.6 80
2021000000376112 0.608 417.8 393.1 426.1 431.4 80
2021000000376112 0.608 94.2 153.0 122.1 201.8 80
2021000000376112 0.607 109.5 121.2 362.9 282.6 80
2021000000376112 0.602 248.1 193.4 262.6 233.6 80
2021000000376112 0.602 209.9 153.4 390.8 285.1 80
2021000000376112 0.593 153.9 125.7 395.3 264.9 80
2021000000376112 0.592 358.4 226.2 369.8 249.8 80
2021000000376112 0.588 265.3 208.4 289.1 265.7 18
2021000000376112 0.574 226.8 177.2 244.3 226.5 80
2021000000376112 0.571 184.3 171.1 201.6 207.8 80
2021000000376112 0.564 155.2 160.5 171.4 192.2 80
2021000000376112 0.563 419.8 395.1 426.4 432.3 80
2021000000376112 0.556 348.3 216.3 358.4 238.8 80
2021000000376112 0.541 149.1 150.8 160.2 177.6 80
2021000000376112 0.533 150.9 145.3 163.7 166.9 80
2021000000376112 0.519 295.9 258.3 377.1 408.2 80
2021000000376112 0.519 175.8 126.5 187.9 144.6 80
2021000000376112 0.512 176.0 175.7 192.6 203.5 80
2021000000376112 0.504 269.6 188.5 283.6 208.6 80
2021000000376112 0.494 315.9 224.6 336.1 277.0 80
2021000000376112 0.493 316.5 225.8 335.5 275.8 18
2021000000376112 0.484 295.2 216.9 308.8 252.3 80
2021000000376112 0.480 40.6 120.3 396.5 298.1 80
2021000000376112 0.479 205.7 169.1 224.1 205.9 80
2021000000376112 0.469 220.3 141.4 232.6 167.5 80
2021000000376112 0.466 303.0 198.9 315.0 229.3 80
2021000000376112 0.451 334.5 202.6 345.7 225.2 80
2021000000376112 0.444 332.8 221.7 344.8 262.3 18
2021000000376112 0.431 321.6 202.7 333.2 226.6 80
2021000000376112 0.429 159.3 156.5 174.7 188.4 80
2021000000376112 0.425 246.7 172.0 264.4 209.9 80
2021000000376112 0.424 201.7 137.8 216.8 162.6 80
2021000000376112 0.422 243.0 240.8 276.7 316.1 18
2021000000376112 0.408 345.1 218.7 354.8 245.1 18
2021000000376112 0.401 301.3 216.1 314.4 244.8 80
2021000000376112 0.397 323.9 264.1 345.0 314.0 80
2021000000376112 0.389 207.5 165.6 225.1 202.1 80
2021000000376112 0.388 362.4 227.5 373.0 252.0 18
2021000000376112 0.386 327.3 258.6 344.3 305.8 18
2021000000376112 0.385 254.0 204.5 270.5 247.2 18
2021000000376112 0.378 185.8 148.4 198.3 188.1 18
2021000000376112 0.377 228.0 177.0 245.8 221.5 18
2021000000376112 0.373 194.5 202.8 262.1 479.4 18
2021000000376112 0.371 310.2 211.9 325.4 242.8 80
2021000000376112 0.363 287.6 202.2 302.5 244.4 18
2021000000376112 0.315 310.2 211.9 325.4 242.8 18
2021000000376112 0.312 287.6 202.2 302.5 244.4 80
2021000000376112 0.311 194.5 202.8 262.1 479.4 80
2021000000376112 0.297 185.8 148.4 198.3 188.1 80
2021000000376112 0.291 228.0 177.0 245.8 221.5 80
2021000000376112 0.291 254.0 204.5 270.5 247.2 80
2021000000376112 0.290 323.9 264.1 345.0 314.0 18
2021000000376112 0.290 207.5 165.6 225.1 202.1 18
2021000000376112 0.280 301.3 216.1 314.4 244.8 18
2021000000376112 0.274 201.7 137.8 216.8 162.6 18
2021000000376112 0.261 362.4 227.5 373.0 252.0 80
2021000000376112 0.261 321.6 202.7 333.2 226.6 18
2021000000376112 0.259 327.3 258.6 344.3 305.8 80
2021000000376112 0.255 246.7 172.0 264.4 209.9 18
2021000000376112 0.254 243.0 240.8 276.7 316.1 80
2021000000376112 0.247 159.3 156.5 174.7 188.4 18
2021000000376112 0.242 40.6 120.3 396.5 298.1 18
2021000000376112 0.238 332.8 221.7 344.8 262.3 80
2021000000376112 0.235 220.3 141.4 232.6 167.5 18
2021000000376112 0.233 345.1 218.7 354.8 245.1 80
2021000000376112 0.225 303.0 198.9 315.0 229.3 18
2021000000376112 0.219 295.2 216.9 308.8 252.3 18
2021000000376112 0.218 205.7 169.1 224.1 205.9 18
2021000000376112 0.210 334.5 202.6 345.7 225.2 18
2021000000376112 0.766 389.6 588.9 431.6 638.0 80
2021000000376112 0.764 108.6 184.7 258.1 550.8 18
2021000000376112 0.744 108.9 203.4 250.0 536.7 80
2021000000376112 0.716 40.5 132.2 336.3 335.4 80
2021000000376112 0.716 325.4 292.2 387.1 461.2 18
2021000000376112 0.712 203.6 214.8 259.3 477.7 80
2021000000376112 0.709 424.2 203.5 426.4 263.4 80
2021000000376112 0.700 388.1 230.2 397.1 246.8 80
2021000000376112 0.699 41.6 118.3 338.5 335.6 80
2021000000376112 0.693 1.0 279.8 2.4 408.2 80
2021000000376112 0.693 44.5 78.2 337.5 403.6 80
2021000000376112 0.693 0.9 80.7 2.2 217.2 80
2021000000376112 0.682 1.2 338.9 4.4 532.9 80
2021000000376112 0.676 42.9 114.5 313.6 301.0 80
2021000000376112 0.674 326.1 294.0 387.0 461.7 80
2021000000376112 0.671 100.2 151.2 162.6 219.3 80
2021000000376112 0.669 37.7 110.7 398.5 418.4 80
2021000000376112 0.663 323.2 132.7 421.7 290.6 80
2021000000376112 0.654 0.4 95.7 424.5 563.8 80
2021000000376112 0.648 44.0 108.3 305.0 245.4 80
2021000000376112 0.647 9.0 68.2 432.3 451.8 80
2021000000376112 0.646 243.7 242.3 273.4 314.9 80
2021000000376112 0.644 422.8 382.5 426.4 422.5 80
2021000000376112 0.639 90.0 131.2 292.6 215.8 80
2021000000376112 0.639 102.2 67.1 390.9 380.8 80
2021000000376112 0.629 71.5 58.9 371.8 404.5 80
2021000000376112 0.626 71.0 112.1 362.1 230.8 80
2021000000376112 0.626 57.7 100.9 352.8 254.1 80
2021000000376112 0.619 137.5 132.2 148.2 148.9 80
2021000000376112 0.616 263.6 218.3 287.2 278.1 80
2021000000376112 0.613 313.1 239.3 326.0 280.6 80
2021000000376112 0.608 417.8 393.1 426.1 431.4 80
2021000000376112 0.608 94.2 153.0 122.1 201.8 80
2021000000376112 0.607 109.5 121.2 362.9 282.6 80
2021000000376112 0.602 248.1 193.4 262.6 233.6 80
2021000000376112 0.602 209.9 153.4 390.8 285.1 80
2021000000376112 0.593 153.9 125.7 395.3 264.9 80
2021000000376112 0.592 358.4 226.2 369.8 249.8 80
2021000000376112 0.588 265.3 208.4 289.1 265.7 18
2021000000376112 0.574 226.8 177.2 244.3 226.5 80
2021000000376112 0.571 184.3 171.1 201.6 207.8 80
2021000000376112 0.564 155.2 160.5 171.4 192.2 80
2021000000376112 0.563 419.8 395.1 426.4 432.3 80
2021000000376112 0.556 348.3 216.3 358.4 238.8 80
2021000000376112 0.541 149.1 150.8 160.2 177.6 80
2021000000376112 0.533 150.9 145.3 163.7 166.9 80
2021000000376112 0.519 295.9 258.3 377.1 408.2 80
2021000000376112 0.519 175.8 126.5 187.9 144.6 80
2021000000376112 0.512 176.0 175.7 192.6 203.5 80
2021000000376112 0.504 269.6 188.5 283.6 208.6 80
2021000000376112 0.494 315.9 224.6 336.1 277.0 80
2021000000376112 0.493 316.5 225.8 335.5 275.8 18
2021000000376112 0.484 295.2 216.9 308.8 252.3 80
2021000000376112 0.480 40.6 120.3 396.5 298.1 80
2021000000376112 0.479 205.7 169.1 224.1 205.9 80
2021000000376112 0.469 220.3 141.4 232.6 167.5 80
2021000000376112 0.466 303.0 198.9 315.0 229.3 80
2021000000376112 0.451 334.5 202.6 345.7 225.2 80
2021000000376112 0.444 332.8 221.7 344.8 262.3 18
2021000000376112 0.431 321.6 202.7 333.2 226.6 80
2021000000376112 0.429 159.3 156.5 174.7 188.4 80
2021000000376112 0.425 246.7 172.0 264.4 209.9 80
2021000000376112 0.424 201.7 137.8 216.8 162.6 80
2021000000376112 0.422 243.0 240.8 276.7 316.1 18
2021000000376112 0.408 345.1 218.7 354.8 245.1 18
2021000000376112 0.401 301.3 216.1 314.4 244.8 80
2021000000376112 0.397 323.9 264.1 345.0 314.0 80
2021000000376112 0.389 207.5 165.6 225.1 202.1 80
2021000000376112 0.388 362.4 227.5 373.0 252.0 18
2021000000376112 0.386 327.3 258.6 344.3 305.8 18
2021000000376112 0.385 254.0 204.5 270.5 247.2 18
2021000000376112 0.378 185.8 148.4 198.3 188.1 18
2021000000376112 0.377 228.0 177.0 245.8 221.5 18
2021000000376112 0.373 194.5 202.8 262.1 479.4 18
2021000000376112 0.371 310.2 211.9 325.4 242.8 80
2021000000376112 0.363 287.6 202.2 302.5 244.4 18
2021000000376112 0.315 310.2 211.9 325.4 242.8 18
2021000000376112 0.312 287.6 202.2 302.5 244.4 80
2021000000376112 0.311 194.5 202.8 262.1 479.4 80
2021000000376112 0.297 185.8 148.4 198.3 188.1 80
2021000000376112 0.291 228.0 177.0 245.8 221.5 80
2021000000376112 0.291 254.0 204.5 270.5 247.2 80
2021000000376112 0.290 323.9 264.1 345.0 314.0 18
2021000000376112 0.290 207.5 165.6 225.1 202.1 18
2021000000376112 0.280 301.3 216.1 314.4 244.8 18
2021000000376112 0.274 201.7 137.8 216.8 162.6 18
2021000000376112 0.261 362.4 227.5 373.0 252.0 80
2021000000376112 0.261 321.6 202.7 333.2 226.6 18
2021000000376112 0.259 327.3 258.6 344.3 305.8 80
2021000000376112 0.255 246.7 172.0 264.4 209.9 18
2021000000376112 0.254 243.0 240.8 276.7 316.1 80
2021000000376112 0.247 159.3 156.5 174.7 188.4 18
2021000000376112 0.242 40.6 120.3 396.5 298.1 18
2021000000376112 0.238 332.8 221.7 344.8 262.3 80
2021000000376112 0.235 220.3 141.4 232.6 167.5 18
2021000000376112 0.233 345.1 218.7 354.8 245.1 80
2021000000376112 0.225 303.0 198.9 315.0 229.3 18
2021000000376112 0.219 295.2 216.9 308.8 252.3 18
2021000000376112 0.218 205.7 169.1 224.1 205.9 18
2021000000376112 0.210 334.5 202.6 345.7 225.2 18
