2021000000410878 0.794 601.4 378.1 642.5 423.1 80
2021000000410878 0.780 82.1 73.2 266.7 239.4 80
2021000000410878 0.773 9.5 48.7 632.4 417.5 80
2021000000410878 0.766 36.7 122.8 134.4 197.4 80
2021000000410878 0.763 54.6 34.8 317.8 400.6 80
2021000000410878 0.761 360.7 118.1 388.1 130.8 80
2021000000410878 0.760 25.7 100.6 165.0 280.2 80
2021000000410878 0.759 474.2 136.1 483.0 148.2 80
2021000000410878 0.758 360.8 117.7 378.2 128.0 80
2021000000410878 0.755 292.5 169.7 335.7 196.9 80
2021000000410878 0.751 40.1 90.1 150.2 181.8 80
2021000000410878 0.751 374.4 117.8 400.0 130.7 80
2021000000410878 0.750 40.2 132.3 67.8 183.0 80
2021000000410878 0.746 122.0 45.0 321.3 421.3 80
2021000000410878 0.740 638.2 234.0 640.0 412.6 80
2021000000410878 0.738 639.0 135.0 640.1 188.0 80
2021000000410878 0.735 0.6 61.0 33.9 226.3 80
2021000000410878 0.730 0.9 41.1 36.2 354.1 80
2021000000410878 0.719 2.0 60.0 33.1 174.7 80
2021000000410878 0.718 0.7 116.0 4.4 368.1 80
2021000000410878 0.715 28.0 34.8 332.8 427.4 80
2021000000410878 0.697 22.9 36.0 329.6 427.4 10
2021000000410878 0.329 603.0 53.5 644.1 461.5 80
2021000000410878 0.146 190.7 176.6 315.7 256.4 80
2021000000410878 0.139 142.9 106.2 251.7 160.5 80
2021000000410878 0.139 253.0 187.9 353.6 239.0 80
2021000000410878 0.133 227.1 153.2 317.7 200.9 80
2021000000410878 0.133 165.1 143.7 283.2 210.2 80
2021000000410878 0.131 66.2 142.0 184.3 212.7 80
2021000000410878 0.129 78.0 176.7 210.7 265.6 80
2021000000410878 0.126 -23.9 95.9 99.6 445.9 80
2021000000410878 0.125 550.8 302.9 642.7 328.1 80
2021000000410878 0.123 102.3 112.0 205.2 167.0 80
2021000000410878 0.113 369.0 3.5 472.0 10.1 80
2021000000410878 0.111 157.1 307.2 274.0 376.0 80
2021000000410878 0.110 -27.6 399.9 48.5 426.9 80
2021000000410878 0.109 67.8 244.2 201.0 360.0 80
2021000000410878 0.104 282.2 229.8 391.5 297.4 80
2021000000410878 0.104 308.8 408.0 517.1 426.1 80
2021000000410878 0.102 216.2 -0.3 316.5 3.9 80
2021000000410878 0.102 19.4 226.3 156.0 377.2 80
2021000000410878 0.102 203.2 286.8 316.3 363.0 80
2021000000410878 0.101 6.5 215.8 113.8 302.5 80
2021000000410878 0.101 571.0 167.1 654.5 220.9 80
2021000000410878 0.100 548.9 217.5 651.5 300.4 80
2021000000410878 0.099 532.7 181.7 626.7 249.9 80
2021000000410878 0.098 -33.0 407.2 84.7 426.5 80
2021000000410878 0.097 229.9 242.0 333.9 315.8 80
2021000000410878 0.096 248.7 259.9 381.9 357.8 80
2021000000410878 0.094 414.5 224.8 512.4 295.2 80
2021000000410878 0.094 342.0 240.5 440.6 306.3 80
2021000000410878 0.094 16.8 413.5 157.1 429.6 80
2021000000410878 0.094 493.9 201.9 585.7 266.9 80
2021000000410878 0.092 449.3 212.5 548.5 287.3 80
2021000000410878 0.092 379.9 242.2 484.2 319.5 80
2021000000410878 0.092 -18.0 403.3 119.1 427.7 80
2021000000410878 0.091 22.9 36.0 329.6 427.4 80
2021000000410878 0.089 300.7 267.6 428.9 368.2 80
2021000000410878 0.088 511.8 219.6 617.7 326.6 80
2021000000410878 0.087 425.7 255.6 542.2 358.1 80
2021000000410878 0.087 58.8 349.4 547.6 436.3 80
2021000000410878 0.087 464.5 235.6 576.8 342.1 80
2021000000410878 0.084 99.8 396.2 224.5 424.3 80
2021000000410878 0.083 310.8 0.5 395.5 2.1 80
2021000000410878 0.082 337.8 264.3 471.8 384.9 80
2021000000410878 0.081 515.1 106.5 654.3 452.9 80
2021000000410878 0.080 69.7 391.1 173.2 426.3 80
2021000000410878 0.080 329.6 1.5 410.4 2.8 80
2021000000410878 0.079 518.7 0.9 598.8 1.8 80
2021000000410878 0.079 54.2 245.3 253.8 459.2 80
2021000000410878 0.077 408.3 1.3 485.0 2.5 80
2021000000410878 0.076 377.3 252.7 514.5 409.0 80
2021000000410878 0.075 185.9 363.8 294.0 406.1 80
2021000000410878 0.075 465.7 204.0 619.0 430.4 80
2021000000410878 0.074 445.8 1.1 517.2 1.9 80
2021000000410878 0.074 514.1 338.9 608.6 384.5 80
2021000000410878 0.072 168.5 358.0 261.1 402.1 80
2021000000410878 0.072 296.6 344.5 391.3 389.4 80
2021000000410878 0.071 447.3 331.4 536.2 377.1 80
2021000000410878 0.071 480.4 1.1 548.4 1.7 80
2021000000410878 0.070 252.2 324.7 349.5 371.1 80
2021000000410878 0.069 387.8 317.3 475.0 362.7 80
2021000000410878 0.068 531.7 5.4 642.3 46.9 80
2021000000410878 0.068 390.5 5.3 529.9 46.9 80
2021000000410878 0.068 343.4 6.7 474.6 48.0 80
2021000000410878 0.067 444.8 5.9 568.0 46.0 80
2021000000410878 0.067 303.7 11.2 386.7 51.1 80
2021000000410878 0.067 222.7 7.2 350.9 47.8 80
2021000000410878 0.067 278.3 3.0 377.8 42.8 80
2021000000410878 0.067 200.7 3.3 301.6 42.5 80
2021000000410878 0.066 65.2 1.5 193.5 38.9 80
2021000000410878 0.066 -10.1 0.2 115.7 37.3 80
2021000000410878 0.065 33.6 1.9 148.8 38.0 80
2021000000410878 0.065 494.6 10.1 581.0 45.7 80
2021000000410878 0.064 -14.8 -0.1 53.0 34.3 80
2021000000410878 0.064 166.2 -0.9 248.4 33.3 80
2021000000410878 0.063 119.8 -1.3 195.4 29.4 80
2021000000410878 0.062 326.5 12.1 388.9 38.2 80
2021000000410878 0.061 430.5 7.2 493.7 29.9 80
2021000000410878 0.058 208.6 0.5 265.1 2.7 80
2021000000410878 0.794 601.4 378.1 642.5 423.1 80
2021000000410878 0.780 82.1 73.2 266.7 239.4 80
2021000000410878 0.773 9.5 48.7 632.4 417.5 80
2021000000410878 0.766 36.7 122.8 134.4 197.4 80
2021000000410878 0.763 54.6 34.8 317.8 400.6 80
2021000000410878 0.761 360.7 118.1 388.1 130.8 80
2021000000410878 0.760 25.7 100.6 165.0 280.2 80
2021000000410878 0.759 474.2 136.1 483.0 148.2 80
2021000000410878 0.758 360.8 117.7 378.2 128.0 80
2021000000410878 0.755 292.5 169.7 335.7 196.9 80
2021000000410878 0.751 40.1 90.1 150.2 181.8 80
2021000000410878 0.751 374.4 117.8 400.0 130.7 80
2021000000410878 0.750 40.2 132.3 67.8 183.0 80
2021000000410878 0.746 122.0 45.0 321.3 421.3 80
2021000000410878 0.740 638.2 234.0 640.0 412.6 80
2021000000410878 0.738 639.0 135.0 640.1 188.0 80
2021000000410878 0.735 0.6 61.0 33.9 226.3 80
2021000000410878 0.730 0.9 41.1 36.2 354.1 80
2021000000410878 0.719 2.0 60.0 33.1 174.7 80
2021000000410878 0.718 0.7 116.0 4.4 368.1 80
2021000000410878 0.715 28.0 34.8 332.8 427.4 80
2021000000410878 0.697 22.9 36.0 329.6 427.4 10
2021000000410878 0.329 603.0 53.5 644.1 461.5 80
2021000000410878 0.146 190.7 176.6 315.7 256.4 80
2021000000410878 0.139 142.9 106.2 251.7 160.5 80
2021000000410878 0.139 253.0 187.9 353.6 239.0 80
2021000000410878 0.133 227.1 153.2 317.7 200.9 80
2021000000410878 0.133 165.1 143.7 283.2 210.2 80
2021000000410878 0.131 66.2 142.0 184.3 212.7 80
2021000000410878 0.129 78.0 176.7 210.7 265.6 80
2021000000410878 0.126 -23.9 95.9 99.6 445.9 80
2021000000410878 0.125 550.8 302.9 642.7 328.1 80
2021000000410878 0.123 102.3 112.0 205.2 167.0 80
2021000000410878 0.113 369.0 3.5 472.0 10.1 80
2021000000410878 0.111 157.1 307.2 274.0 376.0 80
2021000000410878 0.110 -27.6 399.9 48.5 426.9 80
2021000000410878 0.109 67.8 244.2 201.0 360.0 80
2021000000410878 0.104 282.2 229.8 391.5 297.4 80
2021000000410878 0.104 308.8 408.0 517.1 426.1 80
2021000000410878 0.102 216.2 -0.3 316.5 3.9 80
2021000000410878 0.102 19.4 226.3 156.0 377.2 80
2021000000410878 0.102 203.2 286.8 316.3 363.0 80
2021000000410878 0.101 6.5 215.8 113.8 302.5 80
2021000000410878 0.101 571.0 167.1 654.5 220.9 80
2021000000410878 0.100 548.9 217.5 651.5 300.4 80
2021000000410878 0.099 532.7 181.7 626.7 249.9 80
2021000000410878 0.098 -33.0 407.2 84.7 426.5 80
2021000000410878 0.097 229.9 242.0 333.9 315.8 80
2021000000410878 0.096 248.7 259.9 381.9 357.8 80
2021000000410878 0.094 414.5 224.8 512.4 295.2 80
2021000000410878 0.094 342.0 240.5 440.6 306.3 80
2021000000410878 0.094 16.8 413.5 157.1 429.6 80
2021000000410878 0.094 493.9 201.9 585.7 266.9 80
2021000000410878 0.092 449.3 212.5 548.5 287.3 80
2021000000410878 0.092 379.9 242.2 484.2 319.5 80
2021000000410878 0.092 -18.0 403.3 119.1 427.7 80
2021000000410878 0.091 22.9 36.0 329.6 427.4 80
2021000000410878 0.089 300.7 267.6 428.9 368.2 80
2021000000410878 0.088 511.8 219.6 617.7 326.6 80
2021000000410878 0.087 425.7 255.6 542.2 358.1 80
2021000000410878 0.087 58.8 349.4 547.6 436.3 80
2021000000410878 0.087 464.5 235.6 576.8 342.1 80
2021000000410878 0.084 99.8 396.2 224.5 424.3 80
2021000000410878 0.083 310.8 0.5 395.5 2.1 80
2021000000410878 0.082 337.8 264.3 471.8 384.9 80
2021000000410878 0.081 515.1 106.5 654.3 452.9 80
2021000000410878 0.080 69.7 391.1 173.2 426.3 80
2021000000410878 0.080 329.6 1.5 410.4 2.8 80
2021000000410878 0.079 518.7 0.9 598.8 1.8 80
2021000000410878 0.079 54.2 245.3 253.8 459.2 80
2021000000410878 0.077 408.3 1.3 485.0 2.5 80
2021000000410878 0.076 377.3 252.7 514.5 409.0 80
2021000000410878 0.075 185.9 363.8 294.0 406.1 80
2021000000410878 0.075 465.7 204.0 619.0 430.4 80
2021000000410878 0.074 445.8 1.1 517.2 1.9 80
2021000000410878 0.074 514.1 338.9 608.6 384.5 80
2021000000410878 0.072 168.5 358.0 261.1 402.1 80
2021000000410878 0.072 296.6 344.5 391.3 389.4 80
2021000000410878 0.071 447.3 331.4 536.2 377.1 80
2021000000410878 0.071 480.4 1.1 548.4 1.7 80
2021000000410878 0.070 252.2 324.7 349.5 371.1 80
2021000000410878 0.069 387.8 317.3 475.0 362.7 80
2021000000410878 0.068 531.7 5.4 642.3 46.9 80
2021000000410878 0.068 390.5 5.3 529.9 46.9 80
2021000000410878 0.068 343.4 6.7 474.6 48.0 80
2021000000410878 0.067 444.8 5.9 568.0 46.0 80
2021000000410878 0.067 303.7 11.2 386.7 51.1 80
2021000000410878 0.067 222.7 7.2 350.9 47.8 80
2021000000410878 0.067 278.3 3.0 377.8 42.8 80
2021000000410878 0.067 200.7 3.3 301.6 42.5 80
2021000000410878 0.066 65.2 1.5 193.5 38.9 80
2021000000410878 0.066 -10.1 0.2 115.7 37.3 80
2021000000410878 0.065 33.6 1.9 148.8 38.0 80
2021000000410878 0.065 494.6 10.1 581.0 45.7 80
2021000000410878 0.064 -14.8 -0.1 53.0 34.3 80
2021000000410878 0.064 166.2 -0.9 248.4 33.3 80
2021000000410878 0.063 119.8 -1.3 195.4 29.4 80
2021000000410878 0.062 326.5 12.1 388.9 38.2 80
2021000000410878 0.061 430.5 7.2 493.7 29.9 80
2021000000410878 0.058 208.6 0.5 265.1 2.7 80
