2021000000314182 0.780 343.1 450.1 381.0 497.6 80
2021000000314182 0.770 1.1 41.3 375.0 340.0 80
2021000000314182 0.764 161.8 93.6 263.1 158.6 80
2021000000314182 0.756 166.0 85.1 308.2 154.7 80
2021000000314182 0.747 163.9 95.8 253.1 150.3 80
2021000000314182 0.744 -1.1 140.3 23.2 306.9 80
2021000000314182 0.741 374.0 197.3 374.9 431.4 80
2021000000314182 0.737 373.0 118.4 375.4 201.3 80
2021000000314182 0.733 373.3 61.8 375.0 197.4 80
2021000000314182 0.732 1.0 44.6 4.3 224.4 80
2021000000314182 0.731 0.8 111.5 6.4 271.6 80
2021000000314182 0.730 371.3 91.4 375.4 326.9 80
2021000000314182 0.725 369.1 97.4 375.4 205.2 80
2021000000314182 0.722 367.4 45.9 375.7 334.1 80
2021000000314182 0.718 0.7 42.1 6.4 263.5 80
2021000000314182 0.711 107.5 76.3 266.0 150.0 80
2021000000314182 0.690 0.7 83.6 3.1 477.5 80
2021000000314182 0.650 165.3 82.2 259.1 150.0 80
2021000000314182 0.125 52.2 62.8 123.3 107.2 80
2021000000314182 0.123 305.9 170.1 375.2 316.5 80
2021000000314182 0.116 268.8 8.3 339.0 27.1 80
2021000000314182 0.113 117.8 218.7 184.1 290.2 80
2021000000314182 0.111 321.4 126.6 375.9 211.1 80
2021000000314182 0.111 140.8 228.8 210.8 308.3 80
2021000000314182 0.109 90.4 234.8 157.6 312.8 80
2021000000314182 0.105 309.2 64.0 377.2 526.8 80
2021000000314182 0.103 166.9 270.0 229.6 347.9 80
2021000000314182 0.102 218.2 2.0 275.9 7.3 80
2021000000314182 0.101 297.0 161.8 355.6 249.6 80
2021000000314182 0.100 255.8 1.4 315.3 6.6 80
2021000000314182 0.099 197.9 276.1 260.2 356.3 80
2021000000314182 0.097 132.8 277.0 201.0 367.4 80
2021000000314182 0.096 289.7 229.8 344.6 312.9 80
2021000000314182 0.095 298.0 234.2 366.0 389.4 80
2021000000314182 0.095 263.2 248.5 321.7 330.7 80
2021000000314182 0.094 242.4 262.4 301.1 342.7 80
2021000000314182 0.094 236.3 1.6 292.7 5.9 80
2021000000314182 0.094 107.3 273.6 179.2 379.6 80
2021000000314182 0.092 150.8 311.8 221.6 414.4 80
2021000000314182 0.092 67.8 265.6 132.1 367.6 80
2021000000314182 0.091 221.7 280.8 285.6 374.2 80
2021000000314182 0.091 34.8 241.3 93.9 344.2 80
2021000000314182 0.090 5.6 232.1 65.8 362.8 80
2021000000314182 0.090 243.6 0.2 299.7 3.4 80
2021000000314182 0.089 80.2 300.5 152.8 419.6 80
2021000000314182 0.087 273.5 274.1 338.4 398.5 80
2021000000314182 0.086 -0.3 458.5 98.7 495.7 80
2021000000314182 0.086 249.8 299.4 318.0 417.4 80
2021000000314182 0.086 192.1 1.5 244.1 4.1 80
2021000000314182 0.085 178.2 310.9 250.8 430.3 80
2021000000314182 0.083 115.0 0.9 166.3 2.7 80
2021000000314182 0.083 165.3 82.2 259.1 150.0 18
2021000000314182 0.083 -12.3 442.8 43.0 486.4 80
2021000000314182 0.082 46.2 282.0 112.4 429.5 80
2021000000314182 0.081 59.9 448.2 153.6 492.9 80
2021000000314182 0.080 19.2 268.6 82.0 446.4 80
2021000000314182 0.079 27.2 1.3 73.0 2.8 80
2021000000314182 0.078 106.5 302.0 201.4 461.9 80
2021000000314182 0.076 114.1 425.7 191.1 476.3 80
2021000000314182 0.076 -14.2 420.8 29.8 471.4 80
2021000000314182 0.076 192.7 300.0 277.2 462.5 80
2021000000314182 0.075 175.4 427.3 246.0 478.3 80
2021000000314182 0.075 145.9 0.9 189.6 2.0 80
2021000000314182 0.075 299.1 408.4 357.2 461.6 80
2021000000314182 0.074 148.2 409.1 226.8 464.8 80
2021000000314182 0.074 270.2 234.1 365.3 501.4 80
2021000000314182 0.074 1.4 393.2 64.5 448.7 80
2021000000314182 0.073 264.4 399.5 327.2 454.1 80
2021000000314182 0.073 216.4 293.0 303.7 482.0 80
2021000000314182 0.073 227.9 405.2 296.9 460.5 80
2021000000314182 0.073 110.0 356.4 262.4 502.6 80
2021000000314182 0.072 73.8 317.0 178.7 490.0 80
2021000000314182 0.072 33.0 399.4 106.0 455.0 80
2021000000314182 0.072 109.7 412.7 174.7 466.0 80
2021000000314182 0.072 89.8 1.1 130.2 2.1 80
2021000000314182 0.071 61.2 398.2 131.7 453.4 80
2021000000314182 0.071 173.2 1.1 212.5 2.0 80
2021000000314182 0.071 233.6 304.2 346.0 507.3 80
2021000000314182 0.071 142.8 3.7 179.4 39.9 80
2021000000314182 0.070 292.6 0.7 331.6 1.5 80
2021000000314182 0.068 210.2 4.5 336.2 53.1 80
2021000000314182 0.068 288.8 3.9 404.2 53.6 80
2021000000314182 0.068 72.4 6.3 182.4 53.3 80
2021000000314182 0.068 -13.1 9.1 38.7 58.0 80
2021000000314182 0.068 -16.7 4.1 78.6 51.9 80
2021000000314182 0.068 13.2 8.0 91.4 55.6 80
2021000000314182 0.067 245.2 4.5 355.9 51.7 80
2021000000314182 0.067 29.6 4.8 121.6 51.2 80
2021000000314182 0.067 137.4 5.2 192.5 49.3 80
2021000000314182 0.067 160.0 2.5 227.0 47.9 80
2021000000314182 0.067 112.3 4.0 183.9 48.0 80
2021000000314182 0.067 196.0 2.9 292.6 48.5 80
2021000000314182 0.067 55.0 6.0 142.3 51.3 80
2021000000314182 0.066 56.0 1.0 92.6 1.9 80
2021000000314182 0.061 16.4 7.1 54.4 34.9 80
2021000000314182 0.058 293.4 0.0 329.4 16.1 80
2021000000314182 0.058 39.2 3.2 73.6 18.4 80
2021000000314182 0.056 8.1 0.9 40.5 5.2 80
2021000000314182 0.055 240.6 0.4 272.6 4.2 80
2021000000314182 0.055 72.1 0.7 105.1 6.4 80
2021000000314182 0.780 343.1 450.1 381.0 497.6 80
2021000000314182 0.770 1.1 41.3 375.0 340.0 80
2021000000314182 0.764 161.8 93.6 263.1 158.6 80
2021000000314182 0.756 166.0 85.1 308.2 154.7 80
2021000000314182 0.747 163.9 95.8 253.1 150.3 80
2021000000314182 0.744 -1.1 140.3 23.2 306.9 80
2021000000314182 0.741 374.0 197.3 374.9 431.4 80
2021000000314182 0.737 373.0 118.4 375.4 201.3 80
2021000000314182 0.733 373.3 61.8 375.0 197.4 80
2021000000314182 0.732 1.0 44.6 4.3 224.4 80
2021000000314182 0.731 0.8 111.5 6.4 271.6 80
2021000000314182 0.730 371.3 91.4 375.4 326.9 80
2021000000314182 0.725 369.1 97.4 375.4 205.2 80
2021000000314182 0.722 367.4 45.9 375.7 334.1 80
2021000000314182 0.718 0.7 42.1 6.4 263.5 80
2021000000314182 0.711 107.5 76.3 266.0 150.0 80
2021000000314182 0.690 0.7 83.6 3.1 477.5 80
2021000000314182 0.650 165.3 82.2 259.1 150.0 80
2021000000314182 0.125 52.2 62.8 123.3 107.2 80
2021000000314182 0.123 305.9 170.1 375.2 316.5 80
2021000000314182 0.116 268.8 8.3 339.0 27.1 80
2021000000314182 0.113 117.8 218.7 184.1 290.2 80
2021000000314182 0.111 321.4 126.6 375.9 211.1 80
2021000000314182 0.111 140.8 228.8 210.8 308.3 80
2021000000314182 0.109 90.4 234.8 157.6 312.8 80
2021000000314182 0.105 309.2 64.0 377.2 526.8 80
2021000000314182 0.103 166.9 270.0 229.6 347.9 80
2021000000314182 0.102 218.2 2.0 275.9 7.3 80
2021000000314182 0.101 297.0 161.8 355.6 249.6 80
2021000000314182 0.100 255.8 1.4 315.3 6.6 80
2021000000314182 0.099 197.9 276.1 260.2 356.3 80
2021000000314182 0.097 132.8 277.0 201.0 367.4 80
2021000000314182 0.096 289.7 229.8 344.6 312.9 80
2021000000314182 0.095 298.0 234.2 366.0 389.4 80
2021000000314182 0.095 263.2 248.5 321.7 330.7 80
2021000000314182 0.094 242.4 262.4 301.1 342.7 80
2021000000314182 0.094 236.3 1.6 292.7 5.9 80
2021000000314182 0.094 107.3 273.6 179.2 379.6 80
2021000000314182 0.092 150.8 311.8 221.6 414.4 80
2021000000314182 0.092 67.8 265.6 132.1 367.6 80
2021000000314182 0.091 221.7 280.8 285.6 374.2 80
2021000000314182 0.091 34.8 241.3 93.9 344.2 80
2021000000314182 0.090 5.6 232.1 65.8 362.8 80
2021000000314182 0.090 243.6 0.2 299.7 3.4 80
2021000000314182 0.089 80.2 300.5 152.8 419.6 80
2021000000314182 0.087 273.5 274.1 338.4 398.5 80
2021000000314182 0.086 -0.3 458.5 98.7 495.7 80
2021000000314182 0.086 249.8 299.4 318.0 417.4 80
2021000000314182 0.086 192.1 1.5 244.1 4.1 80
2021000000314182 0.085 178.2 310.9 250.8 430.3 80
2021000000314182 0.083 115.0 0.9 166.3 2.7 80
2021000000314182 0.083 165.3 82.2 259.1 150.0 18
2021000000314182 0.083 -12.3 442.8 43.0 486.4 80
2021000000314182 0.082 46.2 282.0 112.4 429.5 80
2021000000314182 0.081 59.9 448.2 153.6 492.9 80
2021000000314182 0.080 19.2 268.6 82.0 446.4 80
2021000000314182 0.079 27.2 1.3 73.0 2.8 80
2021000000314182 0.078 106.5 302.0 201.4 461.9 80
2021000000314182 0.076 114.1 425.7 191.1 476.3 80
2021000000314182 0.076 -14.2 420.8 29.8 471.4 80
2021000000314182 0.076 192.7 300.0 277.2 462.5 80
2021000000314182 0.075 175.4 427.3 246.0 478.3 80
2021000000314182 0.075 145.9 0.9 189.6 2.0 80
2021000000314182 0.075 299.1 408.4 357.2 461.6 80
2021000000314182 0.074 148.2 409.1 226.8 464.8 80
2021000000314182 0.074 270.2 234.1 365.3 501.4 80
2021000000314182 0.074 1.4 393.2 64.5 448.7 80
2021000000314182 0.073 264.4 399.5 327.2 454.1 80
2021000000314182 0.073 216.4 293.0 303.7 482.0 80
2021000000314182 0.073 227.9 405.2 296.9 460.5 80
2021000000314182 0.073 110.0 356.4 262.4 502.6 80
2021000000314182 0.072 73.8 317.0 178.7 490.0 80
2021000000314182 0.072 33.0 399.4 106.0 455.0 80
2021000000314182 0.072 109.7 412.7 174.7 466.0 80
2021000000314182 0.072 89.8 1.1 130.2 2.1 80
2021000000314182 0.071 61.2 398.2 131.7 453.4 80
2021000000314182 0.071 173.2 1.1 212.5 2.0 80
2021000000314182 0.071 233.6 304.2 346.0 507.3 80
2021000000314182 0.071 142.8 3.7 179.4 39.9 80
2021000000314182 0.070 292.6 0.7 331.6 1.5 80
2021000000314182 0.068 210.2 4.5 336.2 53.1 80
2021000000314182 0.068 288.8 3.9 404.2 53.6 80
2021000000314182 0.068 72.4 6.3 182.4 53.3 80
2021000000314182 0.068 -13.1 9.1 38.7 58.0 80
2021000000314182 0.068 -16.7 4.1 78.6 51.9 80
2021000000314182 0.068 13.2 8.0 91.4 55.6 80
2021000000314182 0.067 245.2 4.5 355.9 51.7 80
2021000000314182 0.067 29.6 4.8 121.6 51.2 80
2021000000314182 0.067 137.4 5.2 192.5 49.3 80
2021000000314182 0.067 160.0 2.5 227.0 47.9 80
2021000000314182 0.067 112.3 4.0 183.9 48.0 80
2021000000314182 0.067 196.0 2.9 292.6 48.5 80
2021000000314182 0.067 55.0 6.0 142.3 51.3 80
2021000000314182 0.066 56.0 1.0 92.6 1.9 80
2021000000314182 0.061 16.4 7.1 54.4 34.9 80
2021000000314182 0.058 293.4 0.0 329.4 16.1 80
2021000000314182 0.058 39.2 3.2 73.6 18.4 80
2021000000314182 0.056 8.1 0.9 40.5 5.2 80
2021000000314182 0.055 240.6 0.4 272.6 4.2 80
2021000000314182 0.055 72.1 0.7 105.1 6.4 80
