2021000000303499 0.745 43.4 26.3 167.8 311.1 80
2021000000303499 0.744 25.0 188.7 185.3 430.0 80
2021000000303499 0.744 11.2 134.4 184.6 355.7 80
2021000000303499 0.741 26.1 35.5 124.5 212.7 80
2021000000303499 0.741 215.3 39.8 328.1 261.5 80
2021000000303499 0.737 -2.8 22.7 145.3 351.8 80
2021000000303499 0.737 188.6 41.9 310.1 253.0 80
2021000000303499 0.735 46.8 21.5 158.9 271.4 80
2021000000303499 0.732 161.7 180.1 182.9 208.5 80
2021000000303499 0.730 176.9 109.6 297.5 305.9 80
2021000000303499 0.730 91.4 186.7 181.0 370.4 80
2021000000303499 0.725 6.6 179.7 128.7 312.2 80
2021000000303499 0.721 6.5 35.9 170.6 354.8 80
2021000000303499 0.714 6.0 163.6 133.5 437.5 80
2021000000303499 0.713 37.9 180.6 186.6 342.2 80
2021000000303499 0.712 4.5 166.4 185.1 442.6 80
2021000000303499 0.711 1.4 192.2 318.7 382.8 80
2021000000303499 0.711 234.4 114.5 356.5 349.4 80
2021000000303499 0.710 92.2 180.6 173.5 287.7 80
2021000000303499 0.707 21.4 195.3 317.1 418.2 80
2021000000303499 0.703 200.2 183.2 325.0 445.4 80
2021000000303499 0.702 159.3 213.1 321.8 402.8 80
2021000000303499 0.698 23.6 139.0 34.0 152.7 80
2021000000303499 0.694 101.9 200.5 321.8 393.8 80
2021000000303499 0.682 0.8 130.2 332.7 392.6 80
2021000000303499 0.682 328.0 284.7 333.5 433.5 80
2021000000303499 0.682 174.3 270.0 183.7 297.7 80
2021000000303499 0.681 1.1 253.1 2.9 308.8 80
2021000000303499 0.674 327.0 222.4 333.2 274.6 80
2021000000303499 0.674 190.4 191.0 242.8 333.4 80
2021000000303499 0.673 120.0 178.6 173.1 218.0 80
2021000000303499 0.673 187.9 168.5 330.4 331.2 80
2021000000303499 0.671 1.0 267.9 2.6 334.4 80
2021000000303499 0.669 0.4 263.1 8.0 299.7 80
2021000000303499 0.668 42.4 30.8 164.8 305.4 18
2021000000303499 0.665 183.1 190.1 220.3 277.0 80
2021000000303499 0.665 0.4 248.8 7.2 371.8 80
2021000000303499 0.665 309.2 157.5 335.2 357.4 80
2021000000303499 0.663 243.6 222.3 331.1 333.7 80
2021000000303499 0.660 188.2 186.6 229.9 290.3 80
2021000000303499 0.657 185.7 191.4 227.0 307.0 80
2021000000303499 0.653 5.2 162.7 181.0 443.6 9
2021000000303499 0.653 187.5 178.7 227.9 227.7 80
2021000000303499 0.653 172.9 259.9 184.1 295.7 80
2021000000303499 0.652 144.7 283.8 173.0 339.4 80
2021000000303499 0.646 1.4 290.0 10.8 305.2 80
2021000000303499 0.640 1.0 262.5 2.9 400.3 80
2021000000303499 0.640 184.2 273.2 192.7 291.3 80
2021000000303499 0.638 190.3 235.9 229.1 332.6 80
2021000000303499 0.633 34.5 179.7 177.0 300.0 80
2021000000303499 0.632 316.3 274.7 333.7 334.3 80
2021000000303499 0.622 197.1 45.6 329.3 298.8 18
2021000000303499 0.620 199.1 52.5 326.5 400.8 80
2021000000303499 0.609 1.0 262.0 9.2 300.0 80
2021000000303499 0.606 219.5 180.5 328.4 440.3 80
2021000000303499 0.599 329.8 222.7 333.2 264.9 80
2021000000303499 0.578 1.3 274.2 10.0 302.1 80
2021000000303499 0.567 143.0 250.1 176.1 336.7 80
2021000000303499 0.558 329.0 229.5 333.0 298.8 80
2021000000303499 0.547 185.9 176.5 326.6 449.1 9
2021000000303499 0.546 329.0 238.1 333.1 295.0 80
2021000000303499 0.546 202.1 281.8 229.2 335.5 80
2021000000303499 0.543 119.9 183.6 180.4 311.4 80
2021000000303499 0.540 122.4 187.6 180.5 337.9 80
2021000000303499 0.535 307.3 305.9 322.1 338.5 80
2021000000303499 0.492 309.0 298.9 322.1 335.8 80
2021000000303499 0.490 211.1 178.2 325.8 445.4 80
2021000000303499 0.436 316.1 233.2 332.6 337.1 80
2021000000303499 0.423 120.0 178.4 181.7 297.8 80
2021000000303499 0.397 189.4 198.1 230.6 333.0 80
2021000000303499 0.346 140.7 201.9 178.0 334.0 9
2021000000303499 0.339 319.9 250.0 333.3 334.4 80
2021000000303499 0.335 319.8 286.5 333.1 332.4 7
2021000000303499 0.330 189.4 198.1 230.6 333.0 9
2021000000303499 0.327 319.8 286.5 333.1 332.4 80
2021000000303499 0.264 140.7 201.9 178.0 334.0 80
2021000000303499 0.235 319.9 250.0 333.3 334.4 7
2021000000303499 0.197 319.9 250.0 333.3 334.4 9
2021000000303499 0.193 316.1 233.2 332.6 337.1 9
2021000000303499 0.191 120.0 178.4 181.7 297.8 9
2021000000303499 0.186 211.1 178.2 325.8 445.4 9
2021000000303499 0.165 122.4 187.6 180.5 337.9 9
2021000000303499 0.162 319.8 286.5 333.1 332.4 9
2021000000303499 0.152 185.9 176.5 326.6 449.1 7
2021000000303499 0.148 119.9 183.6 180.4 311.4 9
2021000000303499 0.144 5.2 162.7 181.0 443.6 80
2021000000303499 0.141 197.1 45.6 329.3 298.8 80
2021000000303499 0.140 185.9 176.5 326.6 449.1 80
2021000000303499 0.135 309.0 298.9 322.1 335.8 7
2021000000303499 0.132 143.0 250.1 176.1 336.7 9
2021000000303499 0.130 307.3 305.9 322.1 338.5 7
2021000000303499 0.128 329.0 238.1 333.1 295.0 18
2021000000303499 0.125 120.0 178.4 181.7 297.8 7
2021000000303499 0.118 316.1 233.2 332.6 337.1 7
2021000000303499 0.117 202.1 281.8 229.2 335.5 9
2021000000303499 0.116 309.0 298.9 322.1 335.8 9
2021000000303499 0.116 275.2 85.3 321.9 137.8 80
2021000000303499 0.115 1.3 274.2 10.0 302.1 5
2021000000303499 0.114 202.1 281.8 229.2 335.5 7
2021000000303499 0.112 42.4 30.8 164.8 305.4 80
2021000000303499 0.745 43.4 26.3 167.8 311.1 80
2021000000303499 0.744 25.0 188.7 185.3 430.0 80
2021000000303499 0.744 11.2 134.4 184.6 355.7 80
2021000000303499 0.741 26.1 35.5 124.5 212.7 80
2021000000303499 0.741 215.3 39.8 328.1 261.5 80
2021000000303499 0.737 -2.8 22.7 145.3 351.8 80
2021000000303499 0.737 188.6 41.9 310.1 253.0 80
2021000000303499 0.735 46.8 21.5 158.9 271.4 80
2021000000303499 0.732 161.7 180.1 182.9 208.5 80
2021000000303499 0.730 176.9 109.6 297.5 305.9 80
2021000000303499 0.730 91.4 186.7 181.0 370.4 80
2021000000303499 0.725 6.6 179.7 128.7 312.2 80
2021000000303499 0.721 6.5 35.9 170.6 354.8 80
2021000000303499 0.714 6.0 163.6 133.5 437.5 80
2021000000303499 0.713 37.9 180.6 186.6 342.2 80
2021000000303499 0.712 4.5 166.4 185.1 442.6 80
2021000000303499 0.711 1.4 192.2 318.7 382.8 80
2021000000303499 0.711 234.4 114.5 356.5 349.4 80
2021000000303499 0.710 92.2 180.6 173.5 287.7 80
2021000000303499 0.707 21.4 195.3 317.1 418.2 80
2021000000303499 0.703 200.2 183.2 325.0 445.4 80
2021000000303499 0.702 159.3 213.1 321.8 402.8 80
2021000000303499 0.698 23.6 139.0 34.0 152.7 80
2021000000303499 0.694 101.9 200.5 321.8 393.8 80
2021000000303499 0.682 0.8 130.2 332.7 392.6 80
2021000000303499 0.682 328.0 284.7 333.5 433.5 80
2021000000303499 0.682 174.3 270.0 183.7 297.7 80
2021000000303499 0.681 1.1 253.1 2.9 308.8 80
2021000000303499 0.674 327.0 222.4 333.2 274.6 80
2021000000303499 0.674 190.4 191.0 242.8 333.4 80
2021000000303499 0.673 120.0 178.6 173.1 218.0 80
2021000000303499 0.673 187.9 168.5 330.4 331.2 80
2021000000303499 0.671 1.0 267.9 2.6 334.4 80
2021000000303499 0.669 0.4 263.1 8.0 299.7 80
2021000000303499 0.668 42.4 30.8 164.8 305.4 18
2021000000303499 0.665 183.1 190.1 220.3 277.0 80
2021000000303499 0.665 0.4 248.8 7.2 371.8 80
2021000000303499 0.665 309.2 157.5 335.2 357.4 80
2021000000303499 0.663 243.6 222.3 331.1 333.7 80
2021000000303499 0.660 188.2 186.6 229.9 290.3 80
2021000000303499 0.657 185.7 191.4 227.0 307.0 80
2021000000303499 0.653 5.2 162.7 181.0 443.6 9
2021000000303499 0.653 187.5 178.7 227.9 227.7 80
2021000000303499 0.653 172.9 259.9 184.1 295.7 80
2021000000303499 0.652 144.7 283.8 173.0 339.4 80
2021000000303499 0.646 1.4 290.0 10.8 305.2 80
2021000000303499 0.640 1.0 262.5 2.9 400.3 80
2021000000303499 0.640 184.2 273.2 192.7 291.3 80
2021000000303499 0.638 190.3 235.9 229.1 332.6 80
2021000000303499 0.633 34.5 179.7 177.0 300.0 80
2021000000303499 0.632 316.3 274.7 333.7 334.3 80
2021000000303499 0.622 197.1 45.6 329.3 298.8 18
2021000000303499 0.620 199.1 52.5 326.5 400.8 80
2021000000303499 0.609 1.0 262.0 9.2 300.0 80
2021000000303499 0.606 219.5 180.5 328.4 440.3 80
2021000000303499 0.599 329.8 222.7 333.2 264.9 80
2021000000303499 0.578 1.3 274.2 10.0 302.1 80
2021000000303499 0.567 143.0 250.1 176.1 336.7 80
2021000000303499 0.558 329.0 229.5 333.0 298.8 80
2021000000303499 0.547 185.9 176.5 326.6 449.1 9
2021000000303499 0.546 329.0 238.1 333.1 295.0 80
2021000000303499 0.546 202.1 281.8 229.2 335.5 80
2021000000303499 0.543 119.9 183.6 180.4 311.4 80
2021000000303499 0.540 122.4 187.6 180.5 337.9 80
2021000000303499 0.535 307.3 305.9 322.1 338.5 80
2021000000303499 0.492 309.0 298.9 322.1 335.8 80
2021000000303499 0.490 211.1 178.2 325.8 445.4 80
2021000000303499 0.436 316.1 233.2 332.6 337.1 80
2021000000303499 0.423 120.0 178.4 181.7 297.8 80
2021000000303499 0.397 189.4 198.1 230.6 333.0 80
2021000000303499 0.346 140.7 201.9 178.0 334.0 9
2021000000303499 0.339 319.9 250.0 333.3 334.4 80
2021000000303499 0.335 319.8 286.5 333.1 332.4 7
2021000000303499 0.330 189.4 198.1 230.6 333.0 9
2021000000303499 0.327 319.8 286.5 333.1 332.4 80
2021000000303499 0.264 140.7 201.9 178.0 334.0 80
2021000000303499 0.235 319.9 250.0 333.3 334.4 7
2021000000303499 0.197 319.9 250.0 333.3 334.4 9
2021000000303499 0.193 316.1 233.2 332.6 337.1 9
2021000000303499 0.191 120.0 178.4 181.7 297.8 9
2021000000303499 0.186 211.1 178.2 325.8 445.4 9
2021000000303499 0.165 122.4 187.6 180.5 337.9 9
2021000000303499 0.162 319.8 286.5 333.1 332.4 9
2021000000303499 0.152 185.9 176.5 326.6 449.1 7
2021000000303499 0.148 119.9 183.6 180.4 311.4 9
2021000000303499 0.144 5.2 162.7 181.0 443.6 80
2021000000303499 0.141 197.1 45.6 329.3 298.8 80
2021000000303499 0.140 185.9 176.5 326.6 449.1 80
2021000000303499 0.135 309.0 298.9 322.1 335.8 7
2021000000303499 0.132 143.0 250.1 176.1 336.7 9
2021000000303499 0.130 307.3 305.9 322.1 338.5 7
2021000000303499 0.128 329.0 238.1 333.1 295.0 18
2021000000303499 0.125 120.0 178.4 181.7 297.8 7
2021000000303499 0.118 316.1 233.2 332.6 337.1 7
2021000000303499 0.117 202.1 281.8 229.2 335.5 9
2021000000303499 0.116 309.0 298.9 322.1 335.8 9
2021000000303499 0.116 275.2 85.3 321.9 137.8 80
2021000000303499 0.115 1.3 274.2 10.0 302.1 5
2021000000303499 0.114 202.1 281.8 229.2 335.5 7
2021000000303499 0.112 42.4 30.8 164.8 305.4 80
