2021000000158548 0.791 600.7 423.8 638.7 476.3 80
2021000000158548 0.746 529.4 179.3 575.0 260.9 18
2021000000158548 0.736 153.0 235.5 182.9 270.3 80
2021000000158548 0.726 32.6 175.0 41.3 187.6 80
2021000000158548 0.715 75.3 200.3 82.4 209.4 80
2021000000158548 0.701 82.4 206.7 376.7 243.5 80
2021000000158548 0.697 113.3 177.5 475.3 273.7 80
2021000000158548 0.696 208.6 181.0 223.7 225.4 18
2021000000158548 0.696 202.4 186.7 214.6 219.4 80
2021000000158548 0.695 8.8 201.5 15.7 212.4 80
2021000000158548 0.692 108.2 197.3 119.8 213.7 80
2021000000158548 0.686 1.0 183.3 2.4 201.4 80
2021000000158548 0.685 87.1 196.0 94.3 208.2 80
2021000000158548 0.682 115.0 184.8 494.9 226.8 80
2021000000158548 0.681 40.0 147.0 640.9 357.3 80
2021000000158548 0.680 208.5 182.0 222.8 206.5 80
2021000000158548 0.674 211.2 185.2 224.7 226.0 80
2021000000158548 0.672 98.0 197.6 107.0 209.2 80
2021000000158548 0.669 259.2 200.5 271.6 213.8 80
2021000000158548 0.662 142.1 233.8 185.6 307.0 80
2021000000158548 0.661 144.8 181.3 574.7 235.7 80
2021000000158548 0.655 76.6 197.4 85.7 208.6 80
2021000000158548 0.654 370.9 165.0 459.3 199.7 80
2021000000158548 0.649 93.8 174.5 625.3 237.9 80
2021000000158548 0.635 162.0 178.6 604.9 236.2 80
2021000000158548 0.631 5.1 196.7 12.0 210.9 80
2021000000158548 0.627 115.0 196.3 122.7 208.7 80
2021000000158548 0.626 300.7 181.8 629.7 226.8 80
2021000000158548 0.625 377.6 195.4 412.0 213.1 80
2021000000158548 0.623 371.9 162.9 471.4 204.9 80
2021000000158548 0.622 429.8 186.8 467.4 205.1 80
2021000000158548 0.614 239.1 178.9 620.4 231.8 80
2021000000158548 0.603 278.9 179.6 634.6 207.5 80
2021000000158548 0.601 292.4 165.3 397.7 208.1 80
2021000000158548 0.595 245.3 195.6 252.6 205.9 80
2021000000158548 0.595 112.7 195.4 121.3 208.5 80
2021000000158548 0.593 4.8 197.8 16.0 212.6 80
2021000000158548 0.583 12.5 198.3 19.4 213.4 80
2021000000158548 0.578 203.3 193.7 209.8 207.2 80
2021000000158548 0.578 480.1 184.2 649.6 224.9 80
2021000000158548 0.577 262.8 192.9 270.0 205.9 80
2021000000158548 0.576 407.9 188.9 638.4 230.3 80
2021000000158548 0.576 472.1 186.9 549.1 210.3 80
2021000000158548 0.574 299.3 170.4 325.1 198.4 80
2021000000158548 0.569 291.5 194.1 299.1 208.0 80
2021000000158548 0.568 288.6 157.6 407.4 205.2 80
2021000000158548 0.565 472.6 190.9 480.5 203.4 80
2021000000158548 0.564 310.3 194.1 319.2 205.8 80
2021000000158548 0.559 334.6 192.3 346.3 204.9 80
2021000000158548 0.559 431.7 187.0 469.6 204.5 5
2021000000158548 0.557 139.8 234.9 184.3 306.3 11
2021000000158548 0.557 498.0 186.0 504.9 205.3 80
2021000000158548 0.554 303.3 193.9 313.3 205.3 80
2021000000158548 0.545 208.6 177.6 265.1 206.1 80
2021000000158548 0.540 261.0 194.2 267.9 206.8 80
2021000000158548 0.539 43.1 182.2 608.6 222.4 80
2021000000158548 0.530 260.1 192.6 267.3 205.3 80
2021000000158548 0.528 282.0 191.6 289.4 205.2 80
2021000000158548 0.524 382.9 164.2 391.8 181.9 80
2021000000158548 0.514 333.5 193.7 345.7 204.5 80
2021000000158548 0.508 477.5 187.9 484.2 201.9 80
2021000000158548 0.498 451.6 163.2 473.0 195.8 80
2021000000158548 0.496 281.5 193.3 288.8 205.7 80
2021000000158548 0.481 599.7 179.6 608.8 196.4 80
2021000000158548 0.478 524.8 184.3 532.3 204.6 80
2021000000158548 0.476 632.8 174.3 638.3 195.9 80
2021000000158548 0.470 348.3 194.5 355.5 206.0 80
2021000000158548 0.459 582.5 186.8 590.8 204.9 80
2021000000158548 0.447 293.9 159.4 413.6 208.7 80
2021000000158548 0.438 497.2 187.7 503.8 203.6 80
2021000000158548 0.432 382.5 176.0 398.8 199.6 80
2021000000158548 0.417 489.6 187.1 496.0 201.9 80
2021000000158548 0.404 380.8 164.3 393.8 188.3 80
2021000000158548 0.401 527.9 184.8 535.0 200.6 80
2021000000158548 0.392 595.3 186.4 602.9 196.3 80
2021000000158548 0.389 609.4 189.5 617.5 204.5 80
2021000000158548 0.388 601.4 188.4 609.0 201.8 18
2021000000158548 0.387 572.4 178.6 579.1 191.0 80
2021000000158548 0.387 585.9 183.5 592.5 192.7 80
2021000000158548 0.382 533.0 188.8 539.6 202.5 80
2021000000158548 0.381 620.8 187.2 627.5 198.7 80
2021000000158548 0.380 496.7 186.4 503.2 204.5 18
2021000000158548 0.379 303.2 158.4 461.7 202.6 17
2021000000158548 0.366 379.1 163.3 471.4 202.4 80
2021000000158548 0.364 616.8 186.9 623.8 194.9 80
2021000000158548 0.354 573.3 179.7 580.0 192.9 80
2021000000158548 0.353 519.1 187.4 524.9 200.6 80
2021000000158548 0.352 519.8 187.6 525.6 202.0 18
2021000000158548 0.350 589.8 187.6 597.7 203.3 80
2021000000158548 0.324 384.6 160.3 473.4 203.6 80
2021000000158548 0.322 519.1 187.4 524.9 200.6 18
2021000000158548 0.322 589.8 187.6 597.7 203.3 18
2021000000158548 0.315 573.3 179.7 580.0 192.9 18
2021000000158548 0.312 519.8 187.6 525.6 202.0 80
2021000000158548 0.309 384.6 160.3 473.4 203.6 17
2021000000158548 0.303 616.8 186.9 623.8 194.9 18
2021000000158548 0.292 585.9 183.5 592.5 192.7 18
2021000000158548 0.290 303.2 158.4 461.7 202.6 80
2021000000158548 0.286 572.4 178.6 579.1 191.0 18
2021000000158548 0.286 496.7 186.4 503.2 204.5 80
2021000000158548 0.791 600.7 423.8 638.7 476.3 80
2021000000158548 0.746 529.4 179.3 575.0 260.9 18
2021000000158548 0.736 153.0 235.5 182.9 270.3 80
2021000000158548 0.726 32.6 175.0 41.3 187.6 80
2021000000158548 0.715 75.3 200.3 82.4 209.4 80
2021000000158548 0.701 82.4 206.7 376.7 243.5 80
2021000000158548 0.697 113.3 177.5 475.3 273.7 80
2021000000158548 0.696 208.6 181.0 223.7 225.4 18
2021000000158548 0.696 202.4 186.7 214.6 219.4 80
2021000000158548 0.695 8.8 201.5 15.7 212.4 80
2021000000158548 0.692 108.2 197.3 119.8 213.7 80
2021000000158548 0.686 1.0 183.3 2.4 201.4 80
2021000000158548 0.685 87.1 196.0 94.3 208.2 80
2021000000158548 0.682 115.0 184.8 494.9 226.8 80
2021000000158548 0.681 40.0 147.0 640.9 357.3 80
2021000000158548 0.680 208.5 182.0 222.8 206.5 80
2021000000158548 0.674 211.2 185.2 224.7 226.0 80
2021000000158548 0.672 98.0 197.6 107.0 209.2 80
2021000000158548 0.669 259.2 200.5 271.6 213.8 80
2021000000158548 0.662 142.1 233.8 185.6 307.0 80
2021000000158548 0.661 144.8 181.3 574.7 235.7 80
2021000000158548 0.655 76.6 197.4 85.7 208.6 80
2021000000158548 0.654 370.9 165.0 459.3 199.7 80
2021000000158548 0.649 93.8 174.5 625.3 237.9 80
2021000000158548 0.635 162.0 178.6 604.9 236.2 80
2021000000158548 0.631 5.1 196.7 12.0 210.9 80
2021000000158548 0.627 115.0 196.3 122.7 208.7 80
2021000000158548 0.626 300.7 181.8 629.7 226.8 80
2021000000158548 0.625 377.6 195.4 412.0 213.1 80
2021000000158548 0.623 371.9 162.9 471.4 204.9 80
2021000000158548 0.622 429.8 186.8 467.4 205.1 80
2021000000158548 0.614 239.1 178.9 620.4 231.8 80
2021000000158548 0.603 278.9 179.6 634.6 207.5 80
2021000000158548 0.601 292.4 165.3 397.7 208.1 80
2021000000158548 0.595 245.3 195.6 252.6 205.9 80
2021000000158548 0.595 112.7 195.4 121.3 208.5 80
2021000000158548 0.593 4.8 197.8 16.0 212.6 80
2021000000158548 0.583 12.5 198.3 19.4 213.4 80
2021000000158548 0.578 203.3 193.7 209.8 207.2 80
2021000000158548 0.578 480.1 184.2 649.6 224.9 80
2021000000158548 0.577 262.8 192.9 270.0 205.9 80
2021000000158548 0.576 407.9 188.9 638.4 230.3 80
2021000000158548 0.576 472.1 186.9 549.1 210.3 80
2021000000158548 0.574 299.3 170.4 325.1 198.4 80
2021000000158548 0.569 291.5 194.1 299.1 208.0 80
2021000000158548 0.568 288.6 157.6 407.4 205.2 80
2021000000158548 0.565 472.6 190.9 480.5 203.4 80
2021000000158548 0.564 310.3 194.1 319.2 205.8 80
2021000000158548 0.559 334.6 192.3 346.3 204.9 80
2021000000158548 0.559 431.7 187.0 469.6 204.5 5
2021000000158548 0.557 139.8 234.9 184.3 306.3 11
2021000000158548 0.557 498.0 186.0 504.9 205.3 80
2021000000158548 0.554 303.3 193.9 313.3 205.3 80
2021000000158548 0.545 208.6 177.6 265.1 206.1 80
2021000000158548 0.540 261.0 194.2 267.9 206.8 80
2021000000158548 0.539 43.1 182.2 608.6 222.4 80
2021000000158548 0.530 260.1 192.6 267.3 205.3 80
2021000000158548 0.528 282.0 191.6 289.4 205.2 80
2021000000158548 0.524 382.9 164.2 391.8 181.9 80
2021000000158548 0.514 333.5 193.7 345.7 204.5 80
2021000000158548 0.508 477.5 187.9 484.2 201.9 80
2021000000158548 0.498 451.6 163.2 473.0 195.8 80
2021000000158548 0.496 281.5 193.3 288.8 205.7 80
2021000000158548 0.481 599.7 179.6 608.8 196.4 80
2021000000158548 0.478 524.8 184.3 532.3 204.6 80
2021000000158548 0.476 632.8 174.3 638.3 195.9 80
2021000000158548 0.470 348.3 194.5 355.5 206.0 80
2021000000158548 0.459 582.5 186.8 590.8 204.9 80
2021000000158548 0.447 293.9 159.4 413.6 208.7 80
2021000000158548 0.438 497.2 187.7 503.8 203.6 80
2021000000158548 0.432 382.5 176.0 398.8 199.6 80
2021000000158548 0.417 489.6 187.1 496.0 201.9 80
2021000000158548 0.404 380.8 164.3 393.8 188.3 80
2021000000158548 0.401 527.9 184.8 535.0 200.6 80
2021000000158548 0.392 595.3 186.4 602.9 196.3 80
2021000000158548 0.389 609.4 189.5 617.5 204.5 80
2021000000158548 0.388 601.4 188.4 609.0 201.8 18
2021000000158548 0.387 572.4 178.6 579.1 191.0 80
2021000000158548 0.387 585.9 183.5 592.5 192.7 80
2021000000158548 0.382 533.0 188.8 539.6 202.5 80
2021000000158548 0.381 620.8 187.2 627.5 198.7 80
2021000000158548 0.380 496.7 186.4 503.2 204.5 18
2021000000158548 0.379 303.2 158.4 461.7 202.6 17
2021000000158548 0.366 379.1 163.3 471.4 202.4 80
2021000000158548 0.364 616.8 186.9 623.8 194.9 80
2021000000158548 0.354 573.3 179.7 580.0 192.9 80
2021000000158548 0.353 519.1 187.4 524.9 200.6 80
2021000000158548 0.352 519.8 187.6 525.6 202.0 18
2021000000158548 0.350 589.8 187.6 597.7 203.3 80
2021000000158548 0.324 384.6 160.3 473.4 203.6 80
2021000000158548 0.322 519.1 187.4 524.9 200.6 18
2021000000158548 0.322 589.8 187.6 597.7 203.3 18
2021000000158548 0.315 573.3 179.7 580.0 192.9 18
2021000000158548 0.312 519.8 187.6 525.6 202.0 80
2021000000158548 0.309 384.6 160.3 473.4 203.6 17
2021000000158548 0.303 616.8 186.9 623.8 194.9 18
2021000000158548 0.292 585.9 183.5 592.5 192.7 18
2021000000158548 0.290 303.2 158.4 461.7 202.6 80
2021000000158548 0.286 572.4 178.6 579.1 191.0 18
2021000000158548 0.286 496.7 186.4 503.2 204.5 80
