2021000000483050 0.795 606.4 433.8 640.2 475.6 80
2021000000483050 0.790 16.4 218.1 545.3 471.6 80
2021000000483050 0.786 21.6 312.8 393.8 476.5 80
2021000000483050 0.775 1.9 44.9 639.8 462.5 80
2021000000483050 0.763 37.2 412.1 408.7 473.6 80
2021000000483050 0.761 140.8 289.2 182.0 305.9 80
2021000000483050 0.759 70.5 276.4 118.0 294.5 80
2021000000483050 0.758 23.6 299.6 643.5 472.5 80
2021000000483050 0.754 222.2 217.2 275.2 231.2 80
2021000000483050 0.752 357.3 211.1 393.7 228.0 80
2021000000483050 0.750 14.3 467.8 45.3 478.5 80
2021000000483050 0.746 509.7 264.5 601.8 300.2 80
2021000000483050 0.743 7.4 261.9 646.3 473.7 80
2021000000483050 0.742 638.3 286.7 640.1 362.1 80
2021000000483050 0.738 -2.7 317.3 636.1 478.0 80
2021000000483050 0.734 12.1 386.1 650.8 473.0 80
2021000000483050 0.733 45.6 279.8 72.5 287.2 80
2021000000483050 0.732 636.3 240.6 640.5 320.0 80
2021000000483050 0.730 639.2 234.3 640.1 280.4 80
2021000000483050 0.724 551.1 260.7 602.5 285.4 80
2021000000483050 0.702 1.0 230.8 1.9 413.0 80
2021000000483050 0.682 508.2 264.8 637.9 346.4 80
2021000000483050 0.611 73.9 274.4 117.9 292.3 80
2021000000483050 0.152 489.1 243.0 585.5 298.5 80
2021000000483050 0.144 -162.3 471.2 406.7 482.1 80
2021000000483050 0.128 -112.2 411.1 352.4 494.7 80
2021000000483050 0.123 73.9 274.4 117.9 292.3 5
2021000000483050 0.123 431.5 151.8 526.6 202.4 80
2021000000483050 0.118 399.8 206.5 484.5 258.0 80
2021000000483050 0.117 131.1 11.7 249.9 29.3 80
2021000000483050 0.116 -37.8 469.9 138.2 479.4 80
2021000000483050 0.114 228.5 302.2 401.2 399.9 80
2021000000483050 0.113 76.7 6.9 192.8 20.4 80
2021000000483050 0.108 261.2 317.2 452.6 414.9 80
2021000000483050 0.108 127.5 300.0 265.8 405.8 80
2021000000483050 0.107 469.3 292.5 567.7 359.3 80
2021000000483050 0.107 549.9 256.4 648.7 332.9 80
2021000000483050 0.106 -37.3 464.0 87.0 478.5 80
2021000000483050 0.105 320.2 224.0 404.9 278.0 80
2021000000483050 0.100 192.8 1.5 294.6 6.3 80
2021000000483050 0.099 250.2 226.9 355.4 304.7 80
2021000000483050 0.099 36.3 204.8 126.5 268.5 80
2021000000483050 0.099 495.0 323.7 600.1 407.1 80
2021000000483050 0.098 449.8 244.3 546.9 317.9 80
2021000000483050 0.097 344.6 275.8 435.8 337.3 80
2021000000483050 0.096 286.9 264.2 391.8 340.2 80
2021000000483050 0.096 78.9 303.9 189.0 391.4 80
2021000000483050 0.095 164.1 236.1 262.9 312.4 80
2021000000483050 0.095 177.7 452.6 304.0 478.2 80
2021000000483050 0.095 230.1 272.4 340.2 354.5 80
2021000000483050 0.094 -5.6 195.4 77.4 255.3 80
2021000000483050 0.094 417.1 257.3 509.9 326.1 80
2021000000483050 0.094 345.3 333.5 457.0 403.5 80
2021000000483050 0.094 102.0 220.9 194.2 291.8 80
2021000000483050 0.093 188.1 276.7 300.4 360.8 80
2021000000483050 0.093 570.6 183.1 655.9 258.3 80
2021000000483050 0.092 492.9 451.8 602.0 476.8 80
2021000000483050 0.092 470.4 185.2 556.0 248.5 80
2021000000483050 0.091 382.7 277.8 481.3 353.6 80
2021000000483050 0.091 508.2 264.8 637.9 346.4 5
2021000000483050 0.090 511.5 164.8 601.9 240.8 80
2021000000483050 0.090 435.2 307.4 533.7 384.6 80
2021000000483050 0.087 -23.8 236.0 62.1 316.2 80
2021000000483050 0.086 423.9 446.2 531.2 477.5 80
2021000000483050 0.085 354.2 0.9 442.0 2.8 80
2021000000483050 0.085 -21.3 172.3 101.2 474.0 80
2021000000483050 0.085 397.1 329.5 503.5 417.1 80
2021000000483050 0.085 583.7 0.2 669.1 2.2 80
2021000000483050 0.075 438.5 289.5 567.8 479.8 80
2021000000483050 0.074 287.8 396.9 386.8 446.1 80
2021000000483050 0.073 296.2 1.1 367.9 2.1 80
2021000000483050 0.073 376.9 388.1 470.5 439.3 80
2021000000483050 0.070 498.5 10.7 679.1 60.4 80
2021000000483050 0.069 375.1 8.6 548.0 57.1 80
2021000000483050 0.068 132.4 9.2 293.4 56.3 80
2021000000483050 0.068 41.9 9.5 211.5 56.9 80
2021000000483050 0.068 246.8 7.1 421.7 54.8 80
2021000000483050 0.068 176.9 8.7 328.2 55.6 80
2021000000483050 0.068 -32.3 6.9 136.1 54.1 80
2021000000483050 0.068 330.2 8.0 494.7 55.1 80
2021000000483050 0.068 211.8 10.3 362.5 57.1 80
2021000000483050 0.068 424.8 8.2 594.8 55.2 80
2021000000483050 0.068 6.9 10.2 173.0 57.1 80
2021000000483050 0.068 249.4 1.0 314.7 1.8 80
2021000000483050 0.068 95.7 8.8 232.5 54.8 80
2021000000483050 0.067 -25.6 9.1 71.2 56.0 80
2021000000483050 0.067 308.2 15.7 432.3 61.1 80
2021000000483050 0.067 -32.5 37.1 53.2 84.7 80
2021000000483050 0.067 562.1 0.8 625.8 1.5 80
2021000000483050 0.065 256.8 18.3 341.0 59.1 80
2021000000483050 0.065 494.8 10.5 581.2 50.4 80
2021000000483050 0.065 141.6 16.7 222.9 55.7 80
2021000000483050 0.065 180.2 18.9 257.9 58.3 80
2021000000483050 0.064 391.7 14.9 474.9 53.6 80
2021000000483050 0.063 28.2 12.8 105.3 47.3 80
2021000000483050 0.062 106.0 10.2 178.1 41.7 80
2021000000483050 0.061 -0.3 10.3 66.6 38.0 80
2021000000483050 0.060 211.0 8.9 272.2 32.7 80
2021000000483050 0.060 291.5 9.2 355.5 33.9 80
2021000000483050 0.060 70.0 7.9 138.8 33.4 80
2021000000483050 0.795 606.4 433.8 640.2 475.6 80
2021000000483050 0.790 16.4 218.1 545.3 471.6 80
2021000000483050 0.786 21.6 312.8 393.8 476.5 80
2021000000483050 0.775 1.9 44.9 639.8 462.5 80
2021000000483050 0.763 37.2 412.1 408.7 473.6 80
2021000000483050 0.761 140.8 289.2 182.0 305.9 80
2021000000483050 0.759 70.5 276.4 118.0 294.5 80
2021000000483050 0.758 23.6 299.6 643.5 472.5 80
2021000000483050 0.754 222.2 217.2 275.2 231.2 80
2021000000483050 0.752 357.3 211.1 393.7 228.0 80
2021000000483050 0.750 14.3 467.8 45.3 478.5 80
2021000000483050 0.746 509.7 264.5 601.8 300.2 80
2021000000483050 0.743 7.4 261.9 646.3 473.7 80
2021000000483050 0.742 638.3 286.7 640.1 362.1 80
2021000000483050 0.738 -2.7 317.3 636.1 478.0 80
2021000000483050 0.734 12.1 386.1 650.8 473.0 80
2021000000483050 0.733 45.6 279.8 72.5 287.2 80
2021000000483050 0.732 636.3 240.6 640.5 320.0 80
2021000000483050 0.730 639.2 234.3 640.1 280.4 80
2021000000483050 0.724 551.1 260.7 602.5 285.4 80
2021000000483050 0.702 1.0 230.8 1.9 413.0 80
2021000000483050 0.682 508.2 264.8 637.9 346.4 80
2021000000483050 0.611 73.9 274.4 117.9 292.3 80
2021000000483050 0.152 489.1 243.0 585.5 298.5 80
2021000000483050 0.144 -162.3 471.2 406.7 482.1 80
2021000000483050 0.128 -112.2 411.1 352.4 494.7 80
2021000000483050 0.123 73.9 274.4 117.9 292.3 5
2021000000483050 0.123 431.5 151.8 526.6 202.4 80
2021000000483050 0.118 399.8 206.5 484.5 258.0 80
2021000000483050 0.117 131.1 11.7 249.9 29.3 80
2021000000483050 0.116 -37.8 469.9 138.2 479.4 80
2021000000483050 0.114 228.5 302.2 401.2 399.9 80
2021000000483050 0.113 76.7 6.9 192.8 20.4 80
2021000000483050 0.108 261.2 317.2 452.6 414.9 80
2021000000483050 0.108 127.5 300.0 265.8 405.8 80
2021000000483050 0.107 469.3 292.5 567.7 359.3 80
2021000000483050 0.107 549.9 256.4 648.7 332.9 80
2021000000483050 0.106 -37.3 464.0 87.0 478.5 80
2021000000483050 0.105 320.2 224.0 404.9 278.0 80
2021000000483050 0.100 192.8 1.5 294.6 6.3 80
2021000000483050 0.099 250.2 226.9 355.4 304.7 80
2021000000483050 0.099 36.3 204.8 126.5 268.5 80
2021000000483050 0.099 495.0 323.7 600.1 407.1 80
2021000000483050 0.098 449.8 244.3 546.9 317.9 80
2021000000483050 0.097 344.6 275.8 435.8 337.3 80
2021000000483050 0.096 286.9 264.2 391.8 340.2 80
2021000000483050 0.096 78.9 303.9 189.0 391.4 80
2021000000483050 0.095 164.1 236.1 262.9 312.4 80
2021000000483050 0.095 177.7 452.6 304.0 478.2 80
2021000000483050 0.095 230.1 272.4 340.2 354.5 80
2021000000483050 0.094 -5.6 195.4 77.4 255.3 80
2021000000483050 0.094 417.1 257.3 509.9 326.1 80
2021000000483050 0.094 345.3 333.5 457.0 403.5 80
2021000000483050 0.094 102.0 220.9 194.2 291.8 80
2021000000483050 0.093 188.1 276.7 300.4 360.8 80
2021000000483050 0.093 570.6 183.1 655.9 258.3 80
2021000000483050 0.092 492.9 451.8 602.0 476.8 80
2021000000483050 0.092 470.4 185.2 556.0 248.5 80
2021000000483050 0.091 382.7 277.8 481.3 353.6 80
2021000000483050 0.091 508.2 264.8 637.9 346.4 5
2021000000483050 0.090 511.5 164.8 601.9 240.8 80
2021000000483050 0.090 435.2 307.4 533.7 384.6 80
2021000000483050 0.087 -23.8 236.0 62.1 316.2 80
2021000000483050 0.086 423.9 446.2 531.2 477.5 80
2021000000483050 0.085 354.2 0.9 442.0 2.8 80
2021000000483050 0.085 -21.3 172.3 101.2 474.0 80
2021000000483050 0.085 397.1 329.5 503.5 417.1 80
2021000000483050 0.085 583.7 0.2 669.1 2.2 80
2021000000483050 0.075 438.5 289.5 567.8 479.8 80
2021000000483050 0.074 287.8 396.9 386.8 446.1 80
2021000000483050 0.073 296.2 1.1 367.9 2.1 80
2021000000483050 0.073 376.9 388.1 470.5 439.3 80
2021000000483050 0.070 498.5 10.7 679.1 60.4 80
2021000000483050 0.069 375.1 8.6 548.0 57.1 80
2021000000483050 0.068 132.4 9.2 293.4 56.3 80
2021000000483050 0.068 41.9 9.5 211.5 56.9 80
2021000000483050 0.068 246.8 7.1 421.7 54.8 80
2021000000483050 0.068 176.9 8.7 328.2 55.6 80
2021000000483050 0.068 -32.3 6.9 136.1 54.1 80
2021000000483050 0.068 330.2 8.0 494.7 55.1 80
2021000000483050 0.068 211.8 10.3 362.5 57.1 80
2021000000483050 0.068 424.8 8.2 594.8 55.2 80
2021000000483050 0.068 6.9 10.2 173.0 57.1 80
2021000000483050 0.068 249.4 1.0 314.7 1.8 80
2021000000483050 0.068 95.7 8.8 232.5 54.8 80
2021000000483050 0.067 -25.6 9.1 71.2 56.0 80
2021000000483050 0.067 308.2 15.7 432.3 61.1 80
2021000000483050 0.067 -32.5 37.1 53.2 84.7 80
2021000000483050 0.067 562.1 0.8 625.8 1.5 80
2021000000483050 0.065 256.8 18.3 341.0 59.1 80
2021000000483050 0.065 494.8 10.5 581.2 50.4 80
2021000000483050 0.065 141.6 16.7 222.9 55.7 80
2021000000483050 0.065 180.2 18.9 257.9 58.3 80
2021000000483050 0.064 391.7 14.9 474.9 53.6 80
2021000000483050 0.063 28.2 12.8 105.3 47.3 80
2021000000483050 0.062 106.0 10.2 178.1 41.7 80
2021000000483050 0.061 -0.3 10.3 66.6 38.0 80
2021000000483050 0.060 211.0 8.9 272.2 32.7 80
2021000000483050 0.060 291.5 9.2 355.5 33.9 80
2021000000483050 0.060 70.0 7.9 138.8 33.4 80
