2021000000105014 0.769 1.7 20.2 426.2 633.5 80
2021000000105014 0.767 408.8 600.7 428.8 639.6 80
2021000000105014 0.766 12.9 64.0 274.9 469.7 80
2021000000105014 0.756 18.6 67.9 316.1 475.4 80
2021000000105014 0.749 227.0 138.1 340.7 212.1 80
2021000000105014 0.745 424.4 204.9 427.2 362.3 80
2021000000105014 0.745 0.7 38.6 21.1 160.3 80
2021000000105014 0.740 32.7 314.7 283.3 466.2 80
2021000000105014 0.740 52.7 361.3 190.0 452.0 80
2021000000105014 0.740 307.7 420.2 368.7 473.0 80
2021000000105014 0.740 0.5 116.1 83.3 260.6 80
2021000000105014 0.739 12.8 55.4 296.9 473.4 80
2021000000105014 0.739 425.0 418.5 427.4 570.2 80
2021000000105014 0.731 37.0 353.4 303.7 466.7 80
2021000000105014 0.731 107.5 103.2 323.6 208.8 80
2021000000105014 0.725 314.9 550.1 439.4 644.5 80
2021000000105014 0.725 274.3 426.1 367.9 542.7 80
2021000000105014 0.718 425.5 160.5 427.5 545.6 80
2021000000105014 0.715 424.7 102.2 427.2 245.1 80
2021000000105014 0.714 0.4 41.0 18.3 96.8 80
2021000000105014 0.710 -0.6 630.9 44.0 641.2 80
2021000000105014 0.704 35.3 357.2 247.4 464.2 80
2021000000105014 0.692 36.0 345.4 267.9 464.9 80
2021000000105014 0.676 231.2 137.6 314.4 206.8 80
2021000000105014 0.664 36.4 357.1 276.3 465.7 80
2021000000105014 0.310 108.7 110.6 290.8 243.5 80
2021000000105014 0.139 213.8 143.4 281.5 215.2 80
2021000000105014 0.136 58.1 144.7 189.4 389.4 80
2021000000105014 0.131 93.8 167.2 210.8 338.5 80
2021000000105014 0.129 139.0 201.9 228.2 303.3 80
2021000000105014 0.127 121.2 132.2 209.6 221.6 80
2021000000105014 0.111 244.9 5.4 318.3 17.9 80
2021000000105014 0.111 -9.2 4.4 61.4 19.1 80
2021000000105014 0.110 281.0 414.0 361.8 529.4 80
2021000000105014 0.108 378.4 221.6 441.2 363.5 80
2021000000105014 0.106 104.2 459.7 189.7 564.5 80
2021000000105014 0.104 24.7 3.3 94.6 13.8 80
2021000000105014 0.104 53.8 252.4 145.3 411.6 80
2021000000105014 0.102 -28.3 620.3 144.2 641.8 80
2021000000105014 0.100 218.0 2.6 284.2 9.6 80
2021000000105014 0.099 190.3 352.5 261.4 450.9 80
2021000000105014 0.096 225.5 356.7 296.2 461.3 80
2021000000105014 0.093 269.1 2.0 332.8 7.4 80
2021000000105014 0.092 366.7 313.8 435.8 471.7 80
2021000000105014 0.092 43.9 618.1 170.6 641.6 80
2021000000105014 0.091 276.6 337.2 343.2 445.8 80
2021000000105014 0.091 203.0 421.3 283.5 539.6 80
2021000000105014 0.091 355.8 266.2 418.8 380.8 80
2021000000105014 0.090 329.2 298.1 392.2 405.2 80
2021000000105014 0.090 39.8 315.6 107.7 442.7 80
2021000000105014 0.090 298.8 316.1 367.9 437.4 80
2021000000105014 0.090 48.8 379.6 133.1 545.4 80
2021000000105014 0.090 254.3 366.5 323.0 478.6 80
2021000000105014 0.087 -14.4 313.5 40.4 423.0 80
2021000000105014 0.087 340.0 331.0 413.6 491.9 80
2021000000105014 0.087 112.5 0.2 173.7 3.2 80
2021000000105014 0.085 9.7 319.0 72.7 459.0 80
2021000000105014 0.085 294.3 1.1 351.7 4.0 80
2021000000105014 0.084 60.0 0.9 118.7 4.3 80
2021000000105014 0.084 35.0 563.5 358.7 643.3 80
2021000000105014 0.083 -13.2 570.8 48.0 623.9 80
2021000000105014 0.082 -7.2 153.0 28.0 727.5 80
2021000000105014 0.082 334.9 566.2 392.8 621.8 80
2021000000105014 0.081 195.0 1.0 250.8 3.8 80
2021000000105014 0.081 346.1 0.9 399.9 3.0 80
2021000000105014 0.080 317.7 1.2 372.2 3.4 80
2021000000105014 0.080 -1.9 562.3 62.0 620.0 80
2021000000105014 0.078 342.6 181.5 438.7 672.0 80
2021000000105014 0.078 -9.9 231.4 60.2 622.0 80
2021000000105014 0.077 245.1 560.2 322.7 623.6 80
2021000000105014 0.076 196.1 552.1 279.5 616.9 80
2021000000105014 0.075 213.1 387.8 318.2 599.0 80
2021000000105014 0.075 17.7 307.3 95.9 604.7 80
2021000000105014 0.075 55.5 547.1 133.2 611.2 80
2021000000105014 0.075 109.2 552.6 173.0 616.4 80
2021000000105014 0.075 29.3 542.3 109.2 607.7 80
2021000000105014 0.073 248.3 387.1 349.6 623.5 80
2021000000105014 0.073 311.0 338.8 412.7 633.8 80
2021000000105014 0.073 136.4 516.7 217.6 583.7 80
2021000000105014 0.071 177.1 482.9 255.5 554.4 80
2021000000105014 0.070 0.7 0.9 46.7 60.7 80
2021000000105014 0.067 350.0 3.3 436.2 64.4 80
2021000000105014 0.067 250.1 1.8 373.7 60.3 80
2021000000105014 0.067 270.6 0.4 314.0 1.5 80
2021000000105014 0.067 186.4 -0.3 245.5 54.0 80
2021000000105014 0.067 233.9 1.0 277.2 2.8 80
2021000000105014 0.067 296.8 3.4 384.6 61.2 80
2021000000105014 0.066 159.4 2.0 217.7 54.0 80
2021000000105014 0.066 41.7 1.8 131.3 58.4 80
2021000000105014 0.066 109.0 1.1 176.1 54.4 80
2021000000105014 0.066 23.7 2.8 96.8 59.4 80
2021000000105014 0.066 136.8 0.4 195.1 52.8 80
2021000000105014 0.066 242.6 -0.9 308.0 52.0 80
2021000000105014 0.066 329.2 15.4 386.1 70.1 80
2021000000105014 0.064 82.9 -1.4 140.3 47.4 80
2021000000105014 0.059 229.5 1.7 266.9 22.5 80
2021000000105014 0.059 289.7 6.9 331.7 35.0 80
2021000000105014 0.058 231.2 137.6 314.4 206.8 2
2021000000105014 0.057 75.6 0.7 113.7 3.1 80
2021000000105014 0.057 373.2 0.8 412.7 3.9 80
2021000000105014 0.769 1.7 20.2 426.2 633.5 80
2021000000105014 0.767 408.8 600.7 428.8 639.6 80
2021000000105014 0.766 12.9 64.0 274.9 469.7 80
2021000000105014 0.756 18.6 67.9 316.1 475.4 80
2021000000105014 0.749 227.0 138.1 340.7 212.1 80
2021000000105014 0.745 424.4 204.9 427.2 362.3 80
2021000000105014 0.745 0.7 38.6 21.1 160.3 80
2021000000105014 0.740 32.7 314.7 283.3 466.2 80
2021000000105014 0.740 52.7 361.3 190.0 452.0 80
2021000000105014 0.740 307.7 420.2 368.7 473.0 80
2021000000105014 0.740 0.5 116.1 83.3 260.6 80
2021000000105014 0.739 12.8 55.4 296.9 473.4 80
2021000000105014 0.739 425.0 418.5 427.4 570.2 80
2021000000105014 0.731 37.0 353.4 303.7 466.7 80
2021000000105014 0.731 107.5 103.2 323.6 208.8 80
2021000000105014 0.725 314.9 550.1 439.4 644.5 80
2021000000105014 0.725 274.3 426.1 367.9 542.7 80
2021000000105014 0.718 425.5 160.5 427.5 545.6 80
2021000000105014 0.715 424.7 102.2 427.2 245.1 80
2021000000105014 0.714 0.4 41.0 18.3 96.8 80
2021000000105014 0.710 -0.6 630.9 44.0 641.2 80
2021000000105014 0.704 35.3 357.2 247.4 464.2 80
2021000000105014 0.692 36.0 345.4 267.9 464.9 80
2021000000105014 0.676 231.2 137.6 314.4 206.8 80
2021000000105014 0.664 36.4 357.1 276.3 465.7 80
2021000000105014 0.310 108.7 110.6 290.8 243.5 80
2021000000105014 0.139 213.8 143.4 281.5 215.2 80
2021000000105014 0.136 58.1 144.7 189.4 389.4 80
2021000000105014 0.131 93.8 167.2 210.8 338.5 80
2021000000105014 0.129 139.0 201.9 228.2 303.3 80
2021000000105014 0.127 121.2 132.2 209.6 221.6 80
2021000000105014 0.111 244.9 5.4 318.3 17.9 80
2021000000105014 0.111 -9.2 4.4 61.4 19.1 80
2021000000105014 0.110 281.0 414.0 361.8 529.4 80
2021000000105014 0.108 378.4 221.6 441.2 363.5 80
2021000000105014 0.106 104.2 459.7 189.7 564.5 80
2021000000105014 0.104 24.7 3.3 94.6 13.8 80
2021000000105014 0.104 53.8 252.4 145.3 411.6 80
2021000000105014 0.102 -28.3 620.3 144.2 641.8 80
2021000000105014 0.100 218.0 2.6 284.2 9.6 80
2021000000105014 0.099 190.3 352.5 261.4 450.9 80
2021000000105014 0.096 225.5 356.7 296.2 461.3 80
2021000000105014 0.093 269.1 2.0 332.8 7.4 80
2021000000105014 0.092 366.7 313.8 435.8 471.7 80
2021000000105014 0.092 43.9 618.1 170.6 641.6 80
2021000000105014 0.091 276.6 337.2 343.2 445.8 80
2021000000105014 0.091 203.0 421.3 283.5 539.6 80
2021000000105014 0.091 355.8 266.2 418.8 380.8 80
2021000000105014 0.090 329.2 298.1 392.2 405.2 80
2021000000105014 0.090 39.8 315.6 107.7 442.7 80
2021000000105014 0.090 298.8 316.1 367.9 437.4 80
2021000000105014 0.090 48.8 379.6 133.1 545.4 80
2021000000105014 0.090 254.3 366.5 323.0 478.6 80
2021000000105014 0.087 -14.4 313.5 40.4 423.0 80
2021000000105014 0.087 340.0 331.0 413.6 491.9 80
2021000000105014 0.087 112.5 0.2 173.7 3.2 80
2021000000105014 0.085 9.7 319.0 72.7 459.0 80
2021000000105014 0.085 294.3 1.1 351.7 4.0 80
2021000000105014 0.084 60.0 0.9 118.7 4.3 80
2021000000105014 0.084 35.0 563.5 358.7 643.3 80
2021000000105014 0.083 -13.2 570.8 48.0 623.9 80
2021000000105014 0.082 -7.2 153.0 28.0 727.5 80
2021000000105014 0.082 334.9 566.2 392.8 621.8 80
2021000000105014 0.081 195.0 1.0 250.8 3.8 80
2021000000105014 0.081 346.1 0.9 399.9 3.0 80
2021000000105014 0.080 317.7 1.2 372.2 3.4 80
2021000000105014 0.080 -1.9 562.3 62.0 620.0 80
2021000000105014 0.078 342.6 181.5 438.7 672.0 80
2021000000105014 0.078 -9.9 231.4 60.2 622.0 80
2021000000105014 0.077 245.1 560.2 322.7 623.6 80
2021000000105014 0.076 196.1 552.1 279.5 616.9 80
2021000000105014 0.075 213.1 387.8 318.2 599.0 80
2021000000105014 0.075 17.7 307.3 95.9 604.7 80
2021000000105014 0.075 55.5 547.1 133.2 611.2 80
2021000000105014 0.075 109.2 552.6 173.0 616.4 80
2021000000105014 0.075 29.3 542.3 109.2 607.7 80
2021000000105014 0.073 248.3 387.1 349.6 623.5 80
2021000000105014 0.073 311.0 338.8 412.7 633.8 80
2021000000105014 0.073 136.4 516.7 217.6 583.7 80
2021000000105014 0.071 177.1 482.9 255.5 554.4 80
2021000000105014 0.070 0.7 0.9 46.7 60.7 80
2021000000105014 0.067 350.0 3.3 436.2 64.4 80
2021000000105014 0.067 250.1 1.8 373.7 60.3 80
2021000000105014 0.067 270.6 0.4 314.0 1.5 80
2021000000105014 0.067 186.4 -0.3 245.5 54.0 80
2021000000105014 0.067 233.9 1.0 277.2 2.8 80
2021000000105014 0.067 296.8 3.4 384.6 61.2 80
2021000000105014 0.066 159.4 2.0 217.7 54.0 80
2021000000105014 0.066 41.7 1.8 131.3 58.4 80
2021000000105014 0.066 109.0 1.1 176.1 54.4 80
2021000000105014 0.066 23.7 2.8 96.8 59.4 80
2021000000105014 0.066 136.8 0.4 195.1 52.8 80
2021000000105014 0.066 242.6 -0.9 308.0 52.0 80
2021000000105014 0.066 329.2 15.4 386.1 70.1 80
2021000000105014 0.064 82.9 -1.4 140.3 47.4 80
2021000000105014 0.059 229.5 1.7 266.9 22.5 80
2021000000105014 0.059 289.7 6.9 331.7 35.0 80
2021000000105014 0.058 231.2 137.6 314.4 206.8 2
2021000000105014 0.057 75.6 0.7 113.7 3.1 80
2021000000105014 0.057 373.2 0.8 412.7 3.9 80
