2021000000378099 0.787 603.1 293.3 640.5 335.7 80
2021000000378099 0.775 245.3 1.2 607.3 337.1 80
2021000000378099 0.770 22.9 3.7 309.5 100.2 80
2021000000378099 0.768 243.9 4.3 633.4 104.4 80
2021000000378099 0.766 342.0 147.9 606.6 329.7 80
2021000000378099 0.754 242.5 2.8 618.3 65.3 80
2021000000378099 0.750 245.7 1.1 451.8 41.3 80
2021000000378099 0.750 238.5 1.7 422.1 40.7 80
2021000000378099 0.748 13.7 5.1 638.3 64.4 80
2021000000378099 0.746 55.3 2.7 302.1 74.6 80
2021000000378099 0.744 88.1 2.8 305.6 52.6 80
2021000000378099 0.744 236.4 5.5 613.8 84.2 80
2021000000378099 0.737 247.1 -1.4 301.4 62.9 80
2021000000378099 0.736 13.6 4.6 308.5 76.7 80
2021000000378099 0.732 2.8 0.9 640.1 336.7 80
2021000000378099 0.730 638.8 75.7 640.1 223.6 80
2021000000378099 0.723 32.2 2.7 310.6 56.4 80
2021000000378099 0.718 326.9 0.9 460.7 4.3 80
2021000000378099 0.715 8.9 7.1 310.2 57.0 80
2021000000378099 0.714 264.5 0.1 622.5 335.9 80
2021000000378099 0.706 354.0 222.8 461.5 337.1 80
2021000000378099 0.689 241.7 0.3 299.9 101.0 80
2021000000378099 0.689 374.4 224.3 470.2 338.1 80
2021000000378099 0.676 237.9 0.9 301.8 52.7 80
2021000000378099 0.665 366.0 236.2 462.2 335.5 80
2021000000378099 0.211 295.8 63.4 581.9 240.3 80
2021000000378099 0.163 145.4 33.2 291.5 66.3 80
2021000000378099 0.158 286.8 121.8 492.0 278.3 80
2021000000378099 0.147 376.5 96.1 561.0 184.3 80
2021000000378099 0.146 588.7 32.3 644.2 356.1 80
2021000000378099 0.141 306.2 87.1 426.9 130.3 80
2021000000378099 0.139 395.1 93.8 590.0 270.5 80
2021000000378099 0.133 76.4 130.4 254.1 266.5 80
2021000000378099 0.128 325.0 115.5 491.9 223.8 80
2021000000378099 0.128 152.9 154.0 328.5 267.1 80
2021000000378099 0.127 457.7 84.6 566.0 125.9 80
2021000000378099 0.120 -59.1 334.1 509.6 338.2 80
2021000000378099 0.120 270.9 320.7 376.9 337.7 80
2021000000378099 0.120 123.0 332.3 386.5 337.8 80
2021000000378099 0.114 208.6 168.0 355.8 256.9 80
2021000000378099 0.110 266.0 160.7 410.1 250.4 80
2021000000378099 0.108 368.1 185.4 623.4 357.1 80
2021000000378099 0.106 436.7 150.1 598.2 290.7 80
2021000000378099 0.105 506.2 1.9 616.5 7.5 80
2021000000378099 0.103 114.6 175.0 278.2 293.5 80
2021000000378099 0.099 243.1 200.6 387.2 284.6 80
2021000000378099 0.098 48.8 151.3 218.7 306.0 80
2021000000378099 0.095 527.9 133.4 631.2 205.7 80
2021000000378099 0.095 572.3 132.2 653.3 175.2 80
2021000000378099 0.093 59.3 167.7 160.0 229.8 80
2021000000378099 0.092 486.8 150.0 593.0 220.2 80
2021000000378099 0.092 267.6 1.6 362.4 3.3 80
2021000000378099 0.091 547.1 161.5 653.5 249.1 80
2021000000378099 0.090 205.4 141.0 505.5 341.2 80
2021000000378099 0.090 499.6 141.8 628.4 272.6 80
2021000000378099 0.086 108.9 1.4 198.2 3.0 80
2021000000378099 0.086 -23.5 165.1 62.2 220.8 80
2021000000378099 0.085 560.7 304.4 654.6 328.3 80
2021000000378099 0.084 12.8 167.2 109.6 241.7 80
2021000000378099 0.083 -15.0 75.3 47.0 378.6 80
2021000000378099 0.082 -23.8 293.8 47.4 324.0 80
2021000000378099 0.080 102.8 300.9 210.3 328.9 80
2021000000378099 0.080 127.5 150.5 389.6 340.7 80
2021000000378099 0.080 15.5 300.4 130.6 329.3 80
2021000000378099 0.080 273.3 2.5 344.8 28.7 80
2021000000378099 0.079 366.0 236.2 462.2 335.5 2
2021000000378099 0.079 43.4 208.3 389.0 343.2 80
2021000000378099 0.079 513.1 82.1 656.7 354.4 80
2021000000378099 0.079 -12.7 175.6 91.2 294.5 80
2021000000378099 0.079 77.0 299.6 172.6 329.8 80
2021000000378099 0.078 160.2 304.5 263.8 335.0 80
2021000000378099 0.077 40.0 297.9 141.2 328.9 80
2021000000378099 0.076 16.9 143.8 150.9 325.8 80
2021000000378099 0.074 460.3 144.4 628.1 347.3 80
2021000000378099 0.074 370.3 286.6 468.9 321.2 80
2021000000378099 0.074 2.6 273.1 101.1 308.6 80
2021000000378099 0.074 -13.5 259.6 70.5 295.4 80
2021000000378099 0.074 442.4 277.5 533.7 312.5 80
2021000000378099 0.073 516.0 260.9 609.7 297.6 80
2021000000378099 0.072 228.2 1.3 297.4 1.7 80
2021000000378099 0.070 357.5 1.0 424.7 1.3 80
2021000000378099 0.070 237.9 0.9 301.8 52.7 8
2021000000378099 0.069 339.0 0.6 406.0 1.1 80
2021000000378099 0.069 528.3 6.3 644.4 39.6 80
2021000000378099 0.068 -40.8 6.6 145.2 40.5 80
2021000000378099 0.067 -37.9 6.9 84.9 39.5 80
2021000000378099 0.067 407.5 2.4 506.0 33.1 80
2021000000378099 0.067 456.2 0.7 521.6 1.0 80
2021000000378099 0.067 436.2 4.2 583.6 35.5 80
2021000000378099 0.066 -32.2 22.4 53.8 54.0 80
2021000000378099 0.066 570.4 18.0 660.3 49.2 80
2021000000378099 0.065 -7.5 22.1 78.2 51.8 80
2021000000378099 0.065 492.1 9.6 588.3 38.7 80
2021000000378099 0.064 25.6 12.2 106.1 38.3 80
2021000000378099 0.062 91.5 1.0 154.1 1.5 80
2021000000378099 0.061 184.6 1.1 246.2 1.5 80
2021000000378099 0.061 374.4 224.3 470.2 338.1 6
2021000000378099 0.060 -12.0 16.5 51.4 34.2 80
2021000000378099 0.060 374.4 224.3 470.2 338.1 2
2021000000378099 0.058 44.4 1.5 102.5 2.3 80
2021000000378099 0.787 603.1 293.3 640.5 335.7 80
2021000000378099 0.775 245.3 1.2 607.3 337.1 80
2021000000378099 0.770 22.9 3.7 309.5 100.2 80
2021000000378099 0.768 243.9 4.3 633.4 104.4 80
2021000000378099 0.766 342.0 147.9 606.6 329.7 80
2021000000378099 0.754 242.5 2.8 618.3 65.3 80
2021000000378099 0.750 245.7 1.1 451.8 41.3 80
2021000000378099 0.750 238.5 1.7 422.1 40.7 80
2021000000378099 0.748 13.7 5.1 638.3 64.4 80
2021000000378099 0.746 55.3 2.7 302.1 74.6 80
2021000000378099 0.744 88.1 2.8 305.6 52.6 80
2021000000378099 0.744 236.4 5.5 613.8 84.2 80
2021000000378099 0.737 247.1 -1.4 301.4 62.9 80
2021000000378099 0.736 13.6 4.6 308.5 76.7 80
2021000000378099 0.732 2.8 0.9 640.1 336.7 80
2021000000378099 0.730 638.8 75.7 640.1 223.6 80
2021000000378099 0.723 32.2 2.7 310.6 56.4 80
2021000000378099 0.718 326.9 0.9 460.7 4.3 80
2021000000378099 0.715 8.9 7.1 310.2 57.0 80
2021000000378099 0.714 264.5 0.1 622.5 335.9 80
2021000000378099 0.706 354.0 222.8 461.5 337.1 80
2021000000378099 0.689 241.7 0.3 299.9 101.0 80
2021000000378099 0.689 374.4 224.3 470.2 338.1 80
2021000000378099 0.676 237.9 0.9 301.8 52.7 80
2021000000378099 0.665 366.0 236.2 462.2 335.5 80
2021000000378099 0.211 295.8 63.4 581.9 240.3 80
2021000000378099 0.163 145.4 33.2 291.5 66.3 80
2021000000378099 0.158 286.8 121.8 492.0 278.3 80
2021000000378099 0.147 376.5 96.1 561.0 184.3 80
2021000000378099 0.146 588.7 32.3 644.2 356.1 80
2021000000378099 0.141 306.2 87.1 426.9 130.3 80
2021000000378099 0.139 395.1 93.8 590.0 270.5 80
2021000000378099 0.133 76.4 130.4 254.1 266.5 80
2021000000378099 0.128 325.0 115.5 491.9 223.8 80
2021000000378099 0.128 152.9 154.0 328.5 267.1 80
2021000000378099 0.127 457.7 84.6 566.0 125.9 80
2021000000378099 0.120 -59.1 334.1 509.6 338.2 80
2021000000378099 0.120 270.9 320.7 376.9 337.7 80
2021000000378099 0.120 123.0 332.3 386.5 337.8 80
2021000000378099 0.114 208.6 168.0 355.8 256.9 80
2021000000378099 0.110 266.0 160.7 410.1 250.4 80
2021000000378099 0.108 368.1 185.4 623.4 357.1 80
2021000000378099 0.106 436.7 150.1 598.2 290.7 80
2021000000378099 0.105 506.2 1.9 616.5 7.5 80
2021000000378099 0.103 114.6 175.0 278.2 293.5 80
2021000000378099 0.099 243.1 200.6 387.2 284.6 80
2021000000378099 0.098 48.8 151.3 218.7 306.0 80
2021000000378099 0.095 527.9 133.4 631.2 205.7 80
2021000000378099 0.095 572.3 132.2 653.3 175.2 80
2021000000378099 0.093 59.3 167.7 160.0 229.8 80
2021000000378099 0.092 486.8 150.0 593.0 220.2 80
2021000000378099 0.092 267.6 1.6 362.4 3.3 80
2021000000378099 0.091 547.1 161.5 653.5 249.1 80
2021000000378099 0.090 205.4 141.0 505.5 341.2 80
2021000000378099 0.090 499.6 141.8 628.4 272.6 80
2021000000378099 0.086 108.9 1.4 198.2 3.0 80
2021000000378099 0.086 -23.5 165.1 62.2 220.8 80
2021000000378099 0.085 560.7 304.4 654.6 328.3 80
2021000000378099 0.084 12.8 167.2 109.6 241.7 80
2021000000378099 0.083 -15.0 75.3 47.0 378.6 80
2021000000378099 0.082 -23.8 293.8 47.4 324.0 80
2021000000378099 0.080 102.8 300.9 210.3 328.9 80
2021000000378099 0.080 127.5 150.5 389.6 340.7 80
2021000000378099 0.080 15.5 300.4 130.6 329.3 80
2021000000378099 0.080 273.3 2.5 344.8 28.7 80
2021000000378099 0.079 366.0 236.2 462.2 335.5 2
2021000000378099 0.079 43.4 208.3 389.0 343.2 80
2021000000378099 0.079 513.1 82.1 656.7 354.4 80
2021000000378099 0.079 -12.7 175.6 91.2 294.5 80
2021000000378099 0.079 77.0 299.6 172.6 329.8 80
2021000000378099 0.078 160.2 304.5 263.8 335.0 80
2021000000378099 0.077 40.0 297.9 141.2 328.9 80
2021000000378099 0.076 16.9 143.8 150.9 325.8 80
2021000000378099 0.074 460.3 144.4 628.1 347.3 80
2021000000378099 0.074 370.3 286.6 468.9 321.2 80
2021000000378099 0.074 2.6 273.1 101.1 308.6 80
2021000000378099 0.074 -13.5 259.6 70.5 295.4 80
2021000000378099 0.074 442.4 277.5 533.7 312.5 80
2021000000378099 0.073 516.0 260.9 609.7 297.6 80
2021000000378099 0.072 228.2 1.3 297.4 1.7 80
2021000000378099 0.070 357.5 1.0 424.7 1.3 80
2021000000378099 0.070 237.9 0.9 301.8 52.7 8
2021000000378099 0.069 339.0 0.6 406.0 1.1 80
2021000000378099 0.069 528.3 6.3 644.4 39.6 80
2021000000378099 0.068 -40.8 6.6 145.2 40.5 80
2021000000378099 0.067 -37.9 6.9 84.9 39.5 80
2021000000378099 0.067 407.5 2.4 506.0 33.1 80
2021000000378099 0.067 456.2 0.7 521.6 1.0 80
2021000000378099 0.067 436.2 4.2 583.6 35.5 80
2021000000378099 0.066 -32.2 22.4 53.8 54.0 80
2021000000378099 0.066 570.4 18.0 660.3 49.2 80
2021000000378099 0.065 -7.5 22.1 78.2 51.8 80
2021000000378099 0.065 492.1 9.6 588.3 38.7 80
2021000000378099 0.064 25.6 12.2 106.1 38.3 80
2021000000378099 0.062 91.5 1.0 154.1 1.5 80
2021000000378099 0.061 184.6 1.1 246.2 1.5 80
2021000000378099 0.061 374.4 224.3 470.2 338.1 6
2021000000378099 0.060 -12.0 16.5 51.4 34.2 80
2021000000378099 0.060 374.4 224.3 470.2 338.1 2
2021000000378099 0.058 44.4 1.5 102.5 2.3 80
