2021000000080671 0.789 604.2 373.8 641.8 425.3 80
2021000000080671 0.786 219.1 118.7 420.6 368.0 18
2021000000080671 0.770 39.6 42.5 603.6 374.9 80
2021000000080671 0.769 215.3 123.0 418.0 366.2 80
2021000000080671 0.764 210.6 54.9 218.8 59.7 80
2021000000080671 0.761 220.8 169.6 423.1 363.8 80
2021000000080671 0.759 216.7 135.8 322.8 344.1 80
2021000000080671 0.754 230.1 130.9 338.7 276.5 80
2021000000080671 0.752 225.1 225.6 290.9 362.7 80
2021000000080671 0.731 639.3 119.6 640.0 204.5 80
2021000000080671 0.127 265.0 164.6 377.1 229.5 80
2021000000080671 0.109 231.8 150.9 324.1 203.7 80
2021000000080671 0.109 501.2 316.0 744.3 449.7 80
2021000000080671 0.109 302.1 284.3 409.9 348.6 80
2021000000080671 0.109 563.9 116.6 672.6 446.7 80
2021000000080671 0.106 363.6 196.1 457.2 249.4 80
2021000000080671 0.104 335.0 239.0 439.9 306.3 80
2021000000080671 0.103 188.7 244.2 297.1 320.7 80
2021000000080671 0.103 571.3 167.2 653.8 216.6 80
2021000000080671 0.101 314.0 197.0 409.2 257.9 80
2021000000080671 0.099 212.6 195.2 307.8 259.9 80
2021000000080671 0.098 308.3 0.5 406.9 4.2 80
2021000000080671 0.097 162.5 208.7 264.4 277.1 80
2021000000080671 0.097 107.5 2.7 205.4 6.3 80
2021000000080671 0.096 536.2 185.3 622.9 243.5 80
2021000000080671 0.095 412.6 225.6 512.2 293.7 80
2021000000080671 0.094 120.5 239.8 218.1 307.4 80
2021000000080671 0.094 64.4 222.9 153.4 282.9 80
2021000000080671 0.094 448.2 212.5 548.7 286.4 80
2021000000080671 0.093 353.1 291.5 455.5 360.0 80
2021000000080671 0.093 379.8 248.7 481.2 317.1 80
2021000000080671 0.092 493.4 200.7 586.5 268.5 80
2021000000080671 0.091 552.2 219.7 648.7 305.1 80
2021000000080671 0.091 143.7 271.2 253.7 351.5 80
2021000000080671 0.090 404.2 1.5 497.8 4.2 80
2021000000080671 0.090 79.7 263.8 191.1 354.0 80
2021000000080671 0.090 -22.7 213.1 61.2 273.5 80
2021000000080671 0.089 512.9 224.7 616.2 320.7 80
2021000000080671 0.089 426.3 262.2 540.3 353.9 80
2021000000080671 0.088 -0.4 399.0 163.0 425.4 80
2021000000080671 0.088 466.0 240.3 575.1 336.7 80
2021000000080671 0.087 15.7 222.2 107.0 294.8 80
2021000000080671 0.082 -11.2 246.6 90.8 355.5 80
2021000000080671 0.082 388.1 275.6 510.2 387.4 80
2021000000080671 0.081 74.4 390.2 177.1 425.4 80
2021000000080671 0.080 34.9 254.0 141.5 368.0 80
2021000000080671 0.078 153.5 387.5 257.9 426.0 80
2021000000080671 0.078 157.1 278.6 292.6 406.6 80
2021000000080671 0.077 513.6 131.9 655.1 447.7 80
2021000000080671 0.076 228.7 369.7 336.8 412.1 80
2021000000080671 0.076 367.4 265.5 623.8 434.9 80
2021000000080671 0.075 512.1 349.2 611.3 393.8 80
2021000000080671 0.075 303.8 287.7 449.0 445.3 80
2021000000080671 0.075 469.7 215.0 614.2 422.6 80
2021000000080671 0.074 -18.0 335.3 80.8 382.6 80
2021000000080671 0.074 289.3 360.1 388.3 403.8 80
2021000000080671 0.074 1.6 344.2 113.7 391.3 80
2021000000080671 0.074 46.7 360.0 160.1 404.4 80
2021000000080671 0.074 445.3 350.1 543.0 395.0 80
2021000000080671 0.073 -30.2 167.2 64.2 467.0 80
2021000000080671 0.072 -23.5 335.7 50.9 381.2 80
2021000000080671 0.072 201.8 265.6 371.7 456.6 80
2021000000080671 0.070 390.7 327.9 487.0 374.5 80
2021000000080671 0.070 533.1 6.0 635.8 45.0 80
2021000000080671 0.069 380.9 7.1 540.7 49.6 80
2021000000080671 0.068 238.6 5.8 434.7 48.1 80
2021000000080671 0.068 481.2 1.1 545.9 1.6 80
2021000000080671 0.068 48.0 7.3 204.6 48.6 80
2021000000080671 0.068 329.8 7.4 494.2 49.0 80
2021000000080671 0.068 12.4 9.9 165.2 51.6 80
2021000000080671 0.068 433.0 7.6 581.5 48.4 80
2021000000080671 0.068 -30.3 5.6 134.0 46.9 80
2021000000080671 0.068 154.3 5.6 253.7 45.1 80
2021000000080671 0.067 -24.5 7.3 69.1 48.0 80
2021000000080671 0.067 212.8 5.3 374.0 45.3 80
2021000000080671 0.067 182.5 3.6 332.5 42.8 80
2021000000080671 0.067 570.6 22.6 659.1 62.5 80
2021000000080671 0.066 313.9 11.6 427.6 50.0 80
2021000000080671 0.066 -8.8 32.4 76.6 72.3 80
2021000000080671 0.066 150.8 1.1 214.7 1.7 80
2021000000080671 0.066 446.5 1.1 509.1 1.6 80
2021000000080671 0.066 482.1 14.1 597.9 51.7 80
2021000000080671 0.066 22.4 22.6 111.8 60.2 80
2021000000080671 0.065 -27.7 20.2 47.0 58.1 80
2021000000080671 0.065 389.7 16.3 477.3 51.9 80
2021000000080671 0.064 255.0 11.8 330.9 45.1 80
2021000000080671 0.064 98.5 15.3 173.9 48.6 80
2021000000080671 0.064 65.7 15.6 143.0 47.2 80
2021000000080671 0.064 523.1 1.0 584.8 1.6 80
2021000000080671 0.063 195.0 1.0 257.1 1.6 80
2021000000080671 0.062 -14.3 33.0 55.5 63.3 80
2021000000080671 0.062 440.5 11.2 512.4 39.3 80
2021000000080671 0.062 348.7 1.0 409.9 1.8 80
2021000000080671 0.061 338.3 12.3 405.1 38.5 80
2021000000080671 0.061 297.2 10.5 364.4 35.4 80
2021000000080671 0.060 137.3 4.1 201.3 24.6 80
2021000000080671 0.059 259.4 0.7 318.5 1.6 80
2021000000080671 0.059 530.3 5.8 592.8 23.4 80
2021000000080671 0.059 45.1 11.1 104.9 28.4 80
2021000000080671 0.055 24.7 5.0 80.5 12.0 80
2021000000080671 0.789 604.2 373.8 641.8 425.3 80
2021000000080671 0.786 219.1 118.7 420.6 368.0 18
2021000000080671 0.770 39.6 42.5 603.6 374.9 80
2021000000080671 0.769 215.3 123.0 418.0 366.2 80
2021000000080671 0.764 210.6 54.9 218.8 59.7 80
2021000000080671 0.761 220.8 169.6 423.1 363.8 80
2021000000080671 0.759 216.7 135.8 322.8 344.1 80
2021000000080671 0.754 230.1 130.9 338.7 276.5 80
2021000000080671 0.752 225.1 225.6 290.9 362.7 80
2021000000080671 0.731 639.3 119.6 640.0 204.5 80
2021000000080671 0.127 265.0 164.6 377.1 229.5 80
2021000000080671 0.109 231.8 150.9 324.1 203.7 80
2021000000080671 0.109 501.2 316.0 744.3 449.7 80
2021000000080671 0.109 302.1 284.3 409.9 348.6 80
2021000000080671 0.109 563.9 116.6 672.6 446.7 80
2021000000080671 0.106 363.6 196.1 457.2 249.4 80
2021000000080671 0.104 335.0 239.0 439.9 306.3 80
2021000000080671 0.103 188.7 244.2 297.1 320.7 80
2021000000080671 0.103 571.3 167.2 653.8 216.6 80
2021000000080671 0.101 314.0 197.0 409.2 257.9 80
2021000000080671 0.099 212.6 195.2 307.8 259.9 80
2021000000080671 0.098 308.3 0.5 406.9 4.2 80
2021000000080671 0.097 162.5 208.7 264.4 277.1 80
2021000000080671 0.097 107.5 2.7 205.4 6.3 80
2021000000080671 0.096 536.2 185.3 622.9 243.5 80
2021000000080671 0.095 412.6 225.6 512.2 293.7 80
2021000000080671 0.094 120.5 239.8 218.1 307.4 80
2021000000080671 0.094 64.4 222.9 153.4 282.9 80
2021000000080671 0.094 448.2 212.5 548.7 286.4 80
2021000000080671 0.093 353.1 291.5 455.5 360.0 80
2021000000080671 0.093 379.8 248.7 481.2 317.1 80
2021000000080671 0.092 493.4 200.7 586.5 268.5 80
2021000000080671 0.091 552.2 219.7 648.7 305.1 80
2021000000080671 0.091 143.7 271.2 253.7 351.5 80
2021000000080671 0.090 404.2 1.5 497.8 4.2 80
2021000000080671 0.090 79.7 263.8 191.1 354.0 80
2021000000080671 0.090 -22.7 213.1 61.2 273.5 80
2021000000080671 0.089 512.9 224.7 616.2 320.7 80
2021000000080671 0.089 426.3 262.2 540.3 353.9 80
2021000000080671 0.088 -0.4 399.0 163.0 425.4 80
2021000000080671 0.088 466.0 240.3 575.1 336.7 80
2021000000080671 0.087 15.7 222.2 107.0 294.8 80
2021000000080671 0.082 -11.2 246.6 90.8 355.5 80
2021000000080671 0.082 388.1 275.6 510.2 387.4 80
2021000000080671 0.081 74.4 390.2 177.1 425.4 80
2021000000080671 0.080 34.9 254.0 141.5 368.0 80
2021000000080671 0.078 153.5 387.5 257.9 426.0 80
2021000000080671 0.078 157.1 278.6 292.6 406.6 80
2021000000080671 0.077 513.6 131.9 655.1 447.7 80
2021000000080671 0.076 228.7 369.7 336.8 412.1 80
2021000000080671 0.076 367.4 265.5 623.8 434.9 80
2021000000080671 0.075 512.1 349.2 611.3 393.8 80
2021000000080671 0.075 303.8 287.7 449.0 445.3 80
2021000000080671 0.075 469.7 215.0 614.2 422.6 80
2021000000080671 0.074 -18.0 335.3 80.8 382.6 80
2021000000080671 0.074 289.3 360.1 388.3 403.8 80
2021000000080671 0.074 1.6 344.2 113.7 391.3 80
2021000000080671 0.074 46.7 360.0 160.1 404.4 80
2021000000080671 0.074 445.3 350.1 543.0 395.0 80
2021000000080671 0.073 -30.2 167.2 64.2 467.0 80
2021000000080671 0.072 -23.5 335.7 50.9 381.2 80
2021000000080671 0.072 201.8 265.6 371.7 456.6 80
2021000000080671 0.070 390.7 327.9 487.0 374.5 80
2021000000080671 0.070 533.1 6.0 635.8 45.0 80
2021000000080671 0.069 380.9 7.1 540.7 49.6 80
2021000000080671 0.068 238.6 5.8 434.7 48.1 80
2021000000080671 0.068 481.2 1.1 545.9 1.6 80
2021000000080671 0.068 48.0 7.3 204.6 48.6 80
2021000000080671 0.068 329.8 7.4 494.2 49.0 80
2021000000080671 0.068 12.4 9.9 165.2 51.6 80
2021000000080671 0.068 433.0 7.6 581.5 48.4 80
2021000000080671 0.068 -30.3 5.6 134.0 46.9 80
2021000000080671 0.068 154.3 5.6 253.7 45.1 80
2021000000080671 0.067 -24.5 7.3 69.1 48.0 80
2021000000080671 0.067 212.8 5.3 374.0 45.3 80
2021000000080671 0.067 182.5 3.6 332.5 42.8 80
2021000000080671 0.067 570.6 22.6 659.1 62.5 80
2021000000080671 0.066 313.9 11.6 427.6 50.0 80
2021000000080671 0.066 -8.8 32.4 76.6 72.3 80
2021000000080671 0.066 150.8 1.1 214.7 1.7 80
2021000000080671 0.066 446.5 1.1 509.1 1.6 80
2021000000080671 0.066 482.1 14.1 597.9 51.7 80
2021000000080671 0.066 22.4 22.6 111.8 60.2 80
2021000000080671 0.065 -27.7 20.2 47.0 58.1 80
2021000000080671 0.065 389.7 16.3 477.3 51.9 80
2021000000080671 0.064 255.0 11.8 330.9 45.1 80
2021000000080671 0.064 98.5 15.3 173.9 48.6 80
2021000000080671 0.064 65.7 15.6 143.0 47.2 80
2021000000080671 0.064 523.1 1.0 584.8 1.6 80
2021000000080671 0.063 195.0 1.0 257.1 1.6 80
2021000000080671 0.062 -14.3 33.0 55.5 63.3 80
2021000000080671 0.062 440.5 11.2 512.4 39.3 80
2021000000080671 0.062 348.7 1.0 409.9 1.8 80
2021000000080671 0.061 338.3 12.3 405.1 38.5 80
2021000000080671 0.061 297.2 10.5 364.4 35.4 80
2021000000080671 0.060 137.3 4.1 201.3 24.6 80
2021000000080671 0.059 259.4 0.7 318.5 1.6 80
2021000000080671 0.059 530.3 5.8 592.8 23.4 80
2021000000080671 0.059 45.1 11.1 104.9 28.4 80
2021000000080671 0.055 24.7 5.0 80.5 12.0 80
