2021000000085682 0.730 266.1 270.1 275.6 294.1 80
2021000000085682 0.725 169.8 225.2 178.1 238.1 80
2021000000085682 0.722 214.5 237.9 223.7 254.9 80
2021000000085682 0.720 208.3 236.1 215.7 253.9 80
2021000000085682 0.718 297.1 221.3 308.2 228.6 80
2021000000085682 0.717 205.8 240.2 212.8 255.4 80
2021000000085682 0.709 272.4 277.8 282.5 307.7 80
2021000000085682 0.698 251.1 229.3 258.0 236.2 80
2021000000085682 0.695 428.5 290.2 464.3 394.0 80
2021000000085682 0.690 547.6 167.7 554.5 175.5 80
