2021000000252559 0.760 465.6 597.5 481.4 639.1 80
2021000000252559 0.739 -16.7 134.0 462.2 584.9 80
2021000000252559 0.737 163.5 470.5 241.1 639.9 18
2021000000252559 0.731 478.6 340.0 480.3 378.5 80
2021000000252559 0.730 211.4 463.3 227.9 492.6 80
2021000000252559 0.728 177.8 482.9 211.0 532.8 80
2021000000252559 0.725 478.9 465.7 480.0 553.0 80
2021000000252559 0.721 478.3 139.9 480.0 186.8 80
2021000000252559 0.711 220.5 469.8 261.6 566.9 80
2021000000252559 0.700 214.1 456.2 265.2 551.1 80
