2021008124 0.717 309.9 37.9 365.0 215.3 14
2021008124 0.705 220.5 80.8 476.8 296.5 12
2021008124 0.704 383.9 166.0 487.4 289.5 80
2021008124 0.603 473.0 302.5 498.6 332.7 80
2021008124 0.603 223.5 76.3 477.7 288.9 80
2021008124 0.567 223.1 80.1 453.9 282.6 80
2021008124 0.566 304.7 47.2 374.8 227.2 80
2021008124 0.558 310.1 42.0 368.9 216.0 80
2021008124 0.554 495.1 64.2 500.4 149.5 80
2021008124 0.528 232.4 82.3 470.9 281.0 80
2021008124 0.519 229.8 86.1 379.3 290.9 80
2021008124 0.510 453.5 143.1 496.3 283.6 80
2021008124 0.506 227.4 83.4 329.0 286.8 80
2021008124 0.505 496.4 116.5 500.1 242.4 80
2021008124 0.408 498.1 173.8 500.1 273.2 80
2021008124 0.332 497.2 34.7 500.4 261.4 80
2021008124 0.315 281.6 74.5 388.8 208.4 80
2021008124 0.297 226.8 101.6 500.3 275.4 80
2021008124 0.295 219.6 118.0 490.7 300.5 80
2021008124 0.279 459.8 6.1 500.9 300.2 80
2021008124 0.233 275.4 100.0 499.3 276.5 80
2021008124 0.225 0.5 4.6 4.6 69.8 80
2021008124 0.225 0.6 39.8 3.3 135.7 80
2021008124 0.222 0.5 174.1 4.4 302.0 80
2021008124 0.220 0.6 91.0 3.1 216.1 80
2021008124 0.205 0.9 31.0 7.6 210.7 80
2021008124 0.200 0.3 51.4 10.4 302.5 80
2021008124 0.185 -0.4 27.1 24.7 303.3 80
2021008124 0.183 -3.2 290.3 26.2 338.4 80
2021008124 0.182 322.6 95.0 361.3 146.1 80
2021008124 0.181 269.8 189.8 370.9 288.8 80
2021008124 0.165 -0.4 165.2 32.4 339.8 80
2021008124 0.164 168.0 320.9 352.8 334.2 80
2021008124 0.160 479.3 235.4 507.2 326.3 80
2021008124 0.156 151.3 134.8 407.7 263.7 80
2021008124 0.156 197.9 111.7 393.2 250.0 80
2021008124 0.155 123.1 102.0 408.1 246.0 80
2021008124 0.154 270.6 233.5 477.1 328.2 80
2021008124 0.142 298.7 173.0 520.0 295.9 80
2021008124 0.142 68.0 294.9 194.7 330.2 80
2021008124 0.141 3.7 79.7 75.0 325.1 80
2021008124 0.139 214.7 157.5 491.5 280.8 80
2021008124 0.138 12.4 181.0 174.5 326.7 80
2021008124 0.138 183.6 161.6 463.7 290.2 80
2021008124 0.136 170.5 313.8 324.6 332.2 80
2021008124 0.136 65.0 190.1 284.2 313.0 80
2021008124 0.136 127.4 200.1 388.3 313.1 80
2021008124 0.135 47.5 319.5 158.7 334.3 80
2021008124 0.133 150.3 294.4 270.3 327.8 80
2021008124 0.132 366.5 204.6 421.0 241.6 80
2021008124 0.132 117.0 317.2 223.3 333.8 80
2021008124 0.131 253.8 177.9 304.1 218.4 80
2021008124 0.131 147.3 171.6 375.1 293.5 80
2021008124 0.131 217.2 286.8 335.5 327.4 80
2021008124 0.131 17.6 302.5 98.3 330.0 80
2021008124 0.129 211.1 233.7 250.3 270.9 80
2021008124 0.128 81.7 169.7 328.6 284.6 80
2021008124 0.128 342.1 149.2 381.4 194.8 80
2021008124 0.128 340.3 315.4 447.9 335.7 80
2021008124 0.128 28.5 154.6 239.9 285.0 80
2021008124 0.127 327.0 133.6 478.4 244.9 80
2021008124 0.127 17.9 113.5 179.8 275.9 80
2021008124 0.126 230.1 198.0 282.0 245.7 80
2021008124 0.125 141.8 144.1 345.7 254.4 80
2021008124 0.124 142.7 227.6 185.5 264.2 80
2021008124 0.123 52.7 142.6 264.1 261.9 80
2021008124 0.119 157.8 170.3 222.6 217.0 80
2021008124 0.119 237.1 157.5 309.6 209.7 80
2021008124 0.118 402.2 301.7 489.4 329.5 80
2021008124 0.118 27.8 183.5 82.3 246.7 80
2021008124 0.117 267.5 305.5 380.2 332.7 80
2021008124 0.116 84.3 150.4 199.8 203.2 80
2021008124 0.115 107.2 153.7 287.4 243.0 80
2021008124 0.114 19.9 129.8 182.7 187.5 80
2021008124 0.114 52.9 147.2 173.4 233.2 80
2021008124 0.112 122.3 174.1 251.1 234.2 80
2021008124 0.112 -16.9 102.7 133.1 162.7 80
2021008124 0.110 82.8 204.4 150.2 252.1 80
2021008124 0.110 72.1 45.7 403.9 96.4 80
2021008124 0.109 -4.0 26.2 381.5 71.6 80
2021008124 0.109 -118.9 19.4 200.1 57.7 80
2021008124 0.108 116.8 25.8 482.2 87.6 80
2021008124 0.106 284.5 86.2 616.9 179.5 80
2021008124 0.104 230.8 9.1 659.5 48.1 80
2021008124 0.104 -110.8 6.4 383.2 30.8 80
2021008124 0.104 132.6 5.4 529.0 63.3 80
2021008124 0.104 -155.7 6.8 340.1 30.7 80
2021008124 0.100 328.1 9.1 637.9 43.8 80
2021008124 0.099 1.6 0.9 500.5 23.7 80
2021008124 0.093 -49.4 2.6 449.6 24.6 80
2021008124 0.093 -202.3 -2.1 266.5 19.0 80
2021008124 0.093 -38.6 -1.6 460.3 19.0 80
2021008124 0.093 -139.3 -0.0 359.5 20.2 80
2021008124 0.092 -94.3 1.2 404.3 22.4 80
2021008124 0.092 -185.9 1.8 312.8 22.1 80
2021008124 0.091 21.6 -2.2 520.5 19.8 80
2021008124 0.091 156.4 -0.6 655.3 21.8 80
2021008124 0.090 202.2 -0.3 701.1 21.6 80
2021008124 0.089 88.8 -4.4 587.8 17.1 80
2021008124 0.088 234.5 1.6 733.1 23.5 80
2021008124 0.717 309.9 37.9 365.0 215.3 14
2021008124 0.705 220.5 80.8 476.8 296.5 12
2021008124 0.704 383.9 166.0 487.4 289.5 80
2021008124 0.603 473.0 302.5 498.6 332.7 80
2021008124 0.603 223.5 76.3 477.7 288.9 80
2021008124 0.567 223.1 80.1 453.9 282.6 80
2021008124 0.566 304.7 47.2 374.8 227.2 80
2021008124 0.558 310.1 42.0 368.9 216.0 80
2021008124 0.554 495.1 64.2 500.4 149.5 80
2021008124 0.528 232.4 82.3 470.9 281.0 80
2021008124 0.519 229.8 86.1 379.3 290.9 80
2021008124 0.510 453.5 143.1 496.3 283.6 80
2021008124 0.506 227.4 83.4 329.0 286.8 80
2021008124 0.505 496.4 116.5 500.1 242.4 80
2021008124 0.408 498.1 173.8 500.1 273.2 80
2021008124 0.332 497.2 34.7 500.4 261.4 80
2021008124 0.315 281.6 74.5 388.8 208.4 80
2021008124 0.297 226.8 101.6 500.3 275.4 80
2021008124 0.295 219.6 118.0 490.7 300.5 80
2021008124 0.279 459.8 6.1 500.9 300.2 80
2021008124 0.233 275.4 100.0 499.3 276.5 80
2021008124 0.225 0.5 4.6 4.6 69.8 80
2021008124 0.225 0.6 39.8 3.3 135.7 80
2021008124 0.222 0.5 174.1 4.4 302.0 80
2021008124 0.220 0.6 91.0 3.1 216.1 80
2021008124 0.205 0.9 31.0 7.6 210.7 80
2021008124 0.200 0.3 51.4 10.4 302.5 80
2021008124 0.185 -0.4 27.1 24.7 303.3 80
2021008124 0.183 -3.2 290.3 26.2 338.4 80
2021008124 0.182 322.6 95.0 361.3 146.1 80
2021008124 0.181 269.8 189.8 370.9 288.8 80
2021008124 0.165 -0.4 165.2 32.4 339.8 80
2021008124 0.164 168.0 320.9 352.8 334.2 80
2021008124 0.160 479.3 235.4 507.2 326.3 80
2021008124 0.156 151.3 134.8 407.7 263.7 80
2021008124 0.156 197.9 111.7 393.2 250.0 80
2021008124 0.155 123.1 102.0 408.1 246.0 80
2021008124 0.154 270.6 233.5 477.1 328.2 80
2021008124 0.142 298.7 173.0 520.0 295.9 80
2021008124 0.142 68.0 294.9 194.7 330.2 80
2021008124 0.141 3.7 79.7 75.0 325.1 80
2021008124 0.139 214.7 157.5 491.5 280.8 80
2021008124 0.138 12.4 181.0 174.5 326.7 80
2021008124 0.138 183.6 161.6 463.7 290.2 80
2021008124 0.136 170.5 313.8 324.6 332.2 80
2021008124 0.136 65.0 190.1 284.2 313.0 80
2021008124 0.136 127.4 200.1 388.3 313.1 80
2021008124 0.135 47.5 319.5 158.7 334.3 80
2021008124 0.133 150.3 294.4 270.3 327.8 80
2021008124 0.132 366.5 204.6 421.0 241.6 80
2021008124 0.132 117.0 317.2 223.3 333.8 80
2021008124 0.131 253.8 177.9 304.1 218.4 80
2021008124 0.131 147.3 171.6 375.1 293.5 80
2021008124 0.131 217.2 286.8 335.5 327.4 80
2021008124 0.131 17.6 302.5 98.3 330.0 80
2021008124 0.129 211.1 233.7 250.3 270.9 80
2021008124 0.128 81.7 169.7 328.6 284.6 80
2021008124 0.128 342.1 149.2 381.4 194.8 80
2021008124 0.128 340.3 315.4 447.9 335.7 80
2021008124 0.128 28.5 154.6 239.9 285.0 80
2021008124 0.127 327.0 133.6 478.4 244.9 80
2021008124 0.127 17.9 113.5 179.8 275.9 80
2021008124 0.126 230.1 198.0 282.0 245.7 80
2021008124 0.125 141.8 144.1 345.7 254.4 80
2021008124 0.124 142.7 227.6 185.5 264.2 80
2021008124 0.123 52.7 142.6 264.1 261.9 80
2021008124 0.119 157.8 170.3 222.6 217.0 80
2021008124 0.119 237.1 157.5 309.6 209.7 80
2021008124 0.118 402.2 301.7 489.4 329.5 80
2021008124 0.118 27.8 183.5 82.3 246.7 80
2021008124 0.117 267.5 305.5 380.2 332.7 80
2021008124 0.116 84.3 150.4 199.8 203.2 80
2021008124 0.115 107.2 153.7 287.4 243.0 80
2021008124 0.114 19.9 129.8 182.7 187.5 80
2021008124 0.114 52.9 147.2 173.4 233.2 80
2021008124 0.112 122.3 174.1 251.1 234.2 80
2021008124 0.112 -16.9 102.7 133.1 162.7 80
2021008124 0.110 82.8 204.4 150.2 252.1 80
2021008124 0.110 72.1 45.7 403.9 96.4 80
2021008124 0.109 -4.0 26.2 381.5 71.6 80
2021008124 0.109 -118.9 19.4 200.1 57.7 80
2021008124 0.108 116.8 25.8 482.2 87.6 80
2021008124 0.106 284.5 86.2 616.9 179.5 80
2021008124 0.104 230.8 9.1 659.5 48.1 80
2021008124 0.104 -110.8 6.4 383.2 30.8 80
2021008124 0.104 132.6 5.4 529.0 63.3 80
2021008124 0.104 -155.7 6.8 340.1 30.7 80
2021008124 0.100 328.1 9.1 637.9 43.8 80
2021008124 0.099 1.6 0.9 500.5 23.7 80
2021008124 0.093 -49.4 2.6 449.6 24.6 80
2021008124 0.093 -202.3 -2.1 266.5 19.0 80
2021008124 0.093 -38.6 -1.6 460.3 19.0 80
2021008124 0.093 -139.3 -0.0 359.5 20.2 80
2021008124 0.092 -94.3 1.2 404.3 22.4 80
2021008124 0.092 -185.9 1.8 312.8 22.1 80
2021008124 0.091 21.6 -2.2 520.5 19.8 80
2021008124 0.091 156.4 -0.6 655.3 21.8 80
2021008124 0.090 202.2 -0.3 701.1 21.6 80
2021008124 0.089 88.8 -4.4 587.8 17.1 80
2021008124 0.088 234.5 1.6 733.1 23.5 80
2021008124 0.000 0.8 39.5 103.7 219.3 80
2021008124 0.000 245.1 64.4 370.2 202.5 80
2021008124 0.000 203.1 44.3 266.1 106.4 80
2021008124 0.000 256.6 123.3 316.4 182.3 80
2021008124 0.000 372.7 97.0 484.8 238.0 80
2021008124 0.000 45.9 193.0 106.8 256.1 80
2021008124 0.000 83.8 105.4 144.8 167.1 80
2021008124 0.000 133.1 93.2 218.1 193.4 80
2021008124 0.000 390.5 85.5 458.7 144.7 80
2021008124 0.000 453.6 114.1 499.6 186.9 80
2021008124 0.000 213.4 101.4 273.6 160.6 80
2021008124 0.000 141.4 73.0 202.4 136.1 80
2021008124 0.000 22.0 26.2 202.7 173.4 80
2021008124 0.000 325.8 10.4 494.5 169.9 80
2021008124 0.000 1.5 178.6 48.0 252.3 80
2021008124 0.000 162.0 29.0 299.4 187.5 80
2021008124 0.000 349.9 130.0 409.9 188.4 80
2021008124 0.000 219.9 212.8 281.0 298.8 80
2021008124 0.000 90.6 167.2 149.2 226.0 80
2021008124 0.000 314.7 90.3 375.2 149.5 80
2021008124 0.000 357.4 176.3 415.0 235.6 80
2021008124 0.000 32.4 112.8 167.8 245.0 80
2021008124 0.000 1.0 134.3 47.1 207.5 80
2021008124 0.000 453.4 170.8 499.7 243.8 80
2021008124 0.000 0.5 111.6 102.1 316.9 80
2021008124 0.000 449.1 48.0 499.7 135.8 80
2021008124 0.000 259.7 2.5 324.6 65.6 80
2021008124 0.000 137.6 193.5 201.5 257.8 80
2021008124 0.000 298.6 152.1 359.4 209.9 80
2021008124 0.000 28.5 138.2 93.6 196.2 80
2021008124 0.000 255.4 111.8 363.3 308.5 80
2021008124 0.000 119.1 142.6 232.5 280.4 80
2021008124 0.000 149.8 153.2 210.5 211.0 80
2021008124 0.000 293.1 118.0 480.6 230.0 80
2021008124 0.000 325.6 193.9 382.1 261.8 80
2021008124 0.000 0.7 19.9 51.8 93.9 80
2021008124 0.000 219.9 176.2 278.2 234.8 80
2021008124 0.000 48.8 18.9 377.9 227.6 80
2021008124 0.000 410.2 156.3 474.8 214.4 80
2021008124 0.000 205.3 104.7 317.1 248.6 80
2021008124 0.000 0.7 221.1 58.3 327.6 80
2021008124 0.000 180.1 196.8 238.1 263.7 80
2021008124 0.000 177.0 51.1 471.7 236.1 80
2021008124 0.000 49.5 97.2 281.8 228.7 80
2021008124 0.000 325.8 41.3 402.7 103.1 80
2021008124 0.000 101.1 43.8 244.3 276.6 80
2021008124 0.000 0.3 80.5 51.5 153.8 80
2021008124 0.000 206.3 142.5 267.2 200.8 80
2021008124 0.000 442.7 216.8 499.6 326.5 80
2021008124 0.000 15.1 12.7 486.3 174.0 80
2021008124 0.000 398.5 98.6 499.4 314.8 80
2021008124 0.000 1.5 5.5 282.2 328.9 80
2021008124 0.000 94.9 13.9 401.8 324.0 80
2021008124 0.000 262.6 37.3 424.1 277.4 80
2021008124 0.000 189.1 7.3 402.0 120.0 80
2021008124 0.000 1.1 21.3 146.5 321.8 80
2021008124 0.000 212.9 5.6 497.4 330.0 80
2021008124 0.000 160.6 175.0 349.3 325.9 80
2021008124 0.000 159.4 24.9 350.2 315.3 80
2021008124 0.000 357.7 16.7 501.3 318.9 80
2021008124 0.000 11.5 79.7 225.9 327.5 80
2021008124 0.000 280.6 211.7 336.4 293.3 80
2021008124 0.000 171.4 93.7 308.9 313.1 80
2021008124 0.000 132.8 68.9 366.0 323.5 80
2021008124 0.000 257.5 147.6 363.0 271.3 80
2021008124 0.000 5.0 247.4 130.5 331.4 80
2021008124 0.000 306.3 160.1 481.9 322.9 80
2021008124 0.000 54.0 226.0 278.3 329.9 80
2021008124 0.000 11.7 162.2 185.3 323.9 80
2021008124 0.000 3.3 1.2 410.3 330.1 80
2021008124 0.000 8.2 202.8 491.3 330.4 80
2021008124 0.000 4.9 57.6 361.3 326.9 80
2021008124 0.000 223.1 227.2 472.3 330.4 80
2021008124 0.000 72.1 57.0 444.5 283.6 80
2021008124 0.000 34.1 130.7 327.0 321.2 80
2021008124 0.000 85.7 1.0 494.7 330.0 80
2021008124 0.000 278.1 77.1 486.3 330.0 80
2021008124 0.000 162.7 117.6 345.4 204.2 80
2021008124 0.000 244.5 178.8 298.1 242.0 80
2021008124 0.000 168.6 133.9 451.1 321.0 80
2021008124 0.000 362.2 217.5 494.6 326.4 80
2021008124 0.000 44.5 53.8 117.2 121.1 80
2021008124 0.000 160.2 58.6 492.6 328.0 80
2021008124 0.000 134.9 91.2 359.6 260.1 80
2021008124 0.000 67.7 126.9 402.2 240.7 80
2021008124 0.000 22.4 38.1 474.5 320.4 80
2021008124 0.000 0.6 89.1 498.5 322.8 80
2021008124 0.000 0.8 0.8 499.6 331.2 80
2021008124 0.000 17.2 85.0 483.8 239.3 80
2021008124 0.000 2.5 21.0 497.4 272.4 80
2021008124 0.000 424.3 5.6 498.8 75.8 80
2021008124 0.000 17.2 85.0 483.8 239.3 0
2021008124 0.000 262.6 37.3 424.1 277.4 14
2021008124 0.000 171.4 93.7 308.9 313.1 14
2021008124 0.000 101.1 43.8 244.3 276.6 14
2021008124 0.000 159.4 24.9 350.2 315.3 14
2021008124 0.000 11.5 79.7 225.9 327.5 14
2021008124 0.000 278.1 77.1 486.3 330.0 14
2021008124 0.000 132.8 68.9 366.0 323.5 14
2021008124 0.000 154.2 267.8 238.2 327.2 80
