2021000000458702 0.719 330.9 200.5 418.6 299.3 80
2021000000458702 0.683 319.6 232.3 376.0 297.3 80
2021000000458702 0.676 216.1 397.7 302.0 567.5 80
2021000000458702 0.675 287.4 391.6 310.2 436.1 80
2021000000458702 0.671 193.6 409.0 304.6 560.9 80
2021000000458702 0.662 366.4 73.5 428.9 306.2 80
2021000000458702 0.653 208.9 407.1 295.7 576.2 80
2021000000458702 0.652 289.7 385.2 312.5 446.0 80
2021000000458702 0.640 293.1 387.9 313.8 426.0 80
2021000000458702 0.638 69.6 420.1 129.4 449.0 80
2021000000458702 0.638 397.3 593.6 429.3 631.2 80
2021000000458702 0.637 413.3 67.6 427.5 186.5 80
2021000000458702 0.631 372.9 159.6 429.4 504.3 80
2021000000458702 0.631 15.7 438.6 159.8 505.5 80
2021000000458702 0.629 65.6 421.9 162.0 486.2 80
2021000000458702 0.629 184.0 405.3 307.6 562.2 80
2021000000458702 0.609 0.4 454.5 18.8 502.6 80
2021000000458702 0.602 0.7 425.6 23.7 462.4 80
2021000000458702 0.602 420.9 115.5 427.3 220.2 80
2021000000458702 0.597 341.8 94.5 422.0 322.1 80
2021000000458702 0.566 423.3 446.4 427.6 502.5 80
2021000000458702 0.552 5.9 440.9 118.8 508.0 80
2021000000458702 0.518 423.7 263.6 427.4 397.3 80
2021000000458702 0.502 17.3 312.5 406.4 566.0 80
2021000000458702 0.477 0.8 411.9 8.1 447.5 80
2021000000458702 0.436 2.1 444.6 108.1 505.2 80
2021000000458702 0.432 373.2 195.2 434.1 279.9 80
2021000000458702 0.404 61.3 455.3 164.9 496.8 80
2021000000458702 0.396 208.5 403.3 301.7 578.3 15
2021000000458702 0.380 423.9 236.2 427.1 506.6 80
2021000000458702 0.346 1.6 441.8 110.3 505.6 6
2021000000458702 0.333 425.0 435.5 427.1 557.6 80
2021000000458702 0.308 208.5 403.3 301.7 578.3 80
2021000000458702 0.302 422.3 169.2 426.5 596.0 80
2021000000458702 0.287 0.9 150.2 2.8 254.8 80
2021000000458702 0.274 1.3 68.4 5.2 459.1 80
2021000000458702 0.266 -0.9 196.1 35.8 530.5 80
2021000000458702 0.260 1.6 441.8 110.3 505.6 80
2021000000458702 0.234 1.5 111.0 427.0 521.2 80
2021000000458702 0.219 0.6 10.8 3.5 140.0 80
2021000000458702 0.217 2.1 444.6 108.1 505.2 6
2021000000458702 0.201 372.6 198.0 438.6 586.7 80
2021000000458702 0.196 0.4 459.2 8.6 658.6 80
2021000000458702 0.196 396.9 103.3 422.8 631.6 80
2021000000458702 0.172 286.4 619.7 407.1 643.8 80
2021000000458702 0.166 9.4 84.6 145.9 532.3 80
2021000000458702 0.159 100.3 317.8 323.3 523.3 80
2021000000458702 0.155 324.9 333.4 361.6 391.5 80
2021000000458702 0.154 327.3 338.6 422.5 612.8 80
2021000000458702 0.152 32.7 472.0 185.2 649.5 80
2021000000458702 0.150 242.2 494.8 392.8 646.5 80
2021000000458702 0.148 161.2 166.3 412.7 481.9 80
2021000000458702 0.147 108.6 537.3 254.0 638.0 80
2021000000458702 0.146 124.4 594.8 289.6 642.4 80
2021000000458702 0.145 8.8 534.2 72.5 652.3 80
2021000000458702 0.145 94.8 223.9 349.4 489.0 80
2021000000458702 0.142 6.4 136.3 89.8 512.8 80
2021000000458702 0.139 42.8 351.7 305.4 528.4 80
2021000000458702 0.137 102.1 397.7 330.3 574.6 80
2021000000458702 0.135 356.7 574.6 427.5 638.9 80
2021000000458702 0.135 138.7 611.8 283.0 645.2 80
2021000000458702 0.134 117.9 220.8 327.3 502.6 80
2021000000458702 0.132 215.4 595.6 319.3 643.5 80
2021000000458702 0.130 256.4 264.8 393.5 344.7 80
2021000000458702 0.130 -0.6 68.6 27.5 152.1 80
2021000000458702 0.129 18.9 216.1 190.9 447.1 80
2021000000458702 0.129 159.5 441.2 203.5 516.6 80
2021000000458702 0.129 67.4 284.0 267.8 467.8 80
2021000000458702 0.126 49.5 237.6 261.3 431.9 80
2021000000458702 0.125 35.9 604.0 133.6 646.5 80
2021000000458702 0.125 177.2 267.0 351.4 481.7 80
2021000000458702 0.124 131.5 326.0 192.6 413.5 80
2021000000458702 0.124 90.8 598.8 196.2 643.7 80
2021000000458702 0.122 148.5 299.7 236.1 395.5 80
2021000000458702 0.120 261.5 258.6 338.7 350.6 80
2021000000458702 0.120 175.9 256.5 257.5 338.4 80
2021000000458702 0.119 118.4 233.0 321.5 354.8 80
2021000000458702 0.118 187.5 269.3 336.6 372.5 80
2021000000458702 0.117 126.6 243.7 231.5 336.3 80
2021000000458702 0.117 299.6 369.3 381.0 457.2 80
2021000000458702 0.115 5.6 164.4 66.8 278.6 80
2021000000458702 0.115 127.3 268.2 366.5 400.4 80
2021000000458702 0.113 80.6 313.9 202.1 436.5 80
2021000000458702 0.112 10.1 210.9 249.8 331.6 80
2021000000458702 0.111 127.5 215.3 455.6 374.0 80
2021000000458702 0.110 1.2 -7.0 29.6 43.0 80
2021000000458702 0.110 -49.6 150.5 235.8 265.6 80
2021000000458702 0.109 13.1 111.4 294.7 225.2 80
2021000000458702 0.107 -58.5 35.5 300.0 133.8 80
2021000000458702 0.106 46.3 26.6 446.9 153.6 80
2021000000458702 0.105 -107.5 20.8 271.5 100.6 80
2021000000458702 0.105 -40.8 -2.0 383.2 75.0 80
2021000000458702 0.103 0.3 0.3 424.4 67.4 80
2021000000458702 0.099 64.1 -4.2 490.1 52.2 80
2021000000458702 0.098 -156.3 -2.8 268.9 35.1 80
2021000000458702 0.094 208.5 403.3 301.7 578.3 3
2021000000458702 0.092 5.9 440.9 118.8 508.0 6
2021000000458702 0.091 -32.0 -4.5 394.0 36.3 80
2021000000458702 0.091 -75.3 -3.8 350.7 39.1 80
2021000000458702 0.091 69.9 -3.9 495.9 34.9 80
2021000000458702 0.719 330.9 200.5 418.6 299.3 80
2021000000458702 0.683 319.6 232.3 376.0 297.3 80
2021000000458702 0.676 216.1 397.7 302.0 567.5 80
2021000000458702 0.675 287.4 391.6 310.2 436.1 80
2021000000458702 0.671 193.6 409.0 304.6 560.9 80
2021000000458702 0.662 366.4 73.5 428.9 306.2 80
2021000000458702 0.653 208.9 407.1 295.7 576.2 80
2021000000458702 0.652 289.7 385.2 312.5 446.0 80
2021000000458702 0.640 293.1 387.9 313.8 426.0 80
2021000000458702 0.638 69.6 420.1 129.4 449.0 80
2021000000458702 0.638 397.3 593.6 429.3 631.2 80
2021000000458702 0.637 413.3 67.6 427.5 186.5 80
2021000000458702 0.631 372.9 159.6 429.4 504.3 80
2021000000458702 0.631 15.7 438.6 159.8 505.5 80
2021000000458702 0.629 65.6 421.9 162.0 486.2 80
2021000000458702 0.629 184.0 405.3 307.6 562.2 80
2021000000458702 0.609 0.4 454.5 18.8 502.6 80
2021000000458702 0.602 0.7 425.6 23.7 462.4 80
2021000000458702 0.602 420.9 115.5 427.3 220.2 80
2021000000458702 0.597 341.8 94.5 422.0 322.1 80
2021000000458702 0.566 423.3 446.4 427.6 502.5 80
2021000000458702 0.552 5.9 440.9 118.8 508.0 80
2021000000458702 0.518 423.7 263.6 427.4 397.3 80
2021000000458702 0.502 17.3 312.5 406.4 566.0 80
2021000000458702 0.477 0.8 411.9 8.1 447.5 80
2021000000458702 0.436 2.1 444.6 108.1 505.2 80
2021000000458702 0.432 373.2 195.2 434.1 279.9 80
2021000000458702 0.404 61.3 455.3 164.9 496.8 80
2021000000458702 0.396 208.5 403.3 301.7 578.3 15
2021000000458702 0.380 423.9 236.2 427.1 506.6 80
2021000000458702 0.346 1.6 441.8 110.3 505.6 6
2021000000458702 0.333 425.0 435.5 427.1 557.6 80
2021000000458702 0.308 208.5 403.3 301.7 578.3 80
2021000000458702 0.302 422.3 169.2 426.5 596.0 80
2021000000458702 0.287 0.9 150.2 2.8 254.8 80
2021000000458702 0.274 1.3 68.4 5.2 459.1 80
2021000000458702 0.266 -0.9 196.1 35.8 530.5 80
2021000000458702 0.260 1.6 441.8 110.3 505.6 80
2021000000458702 0.234 1.5 111.0 427.0 521.2 80
2021000000458702 0.219 0.6 10.8 3.5 140.0 80
2021000000458702 0.217 2.1 444.6 108.1 505.2 6
2021000000458702 0.201 372.6 198.0 438.6 586.7 80
2021000000458702 0.196 0.4 459.2 8.6 658.6 80
2021000000458702 0.196 396.9 103.3 422.8 631.6 80
2021000000458702 0.172 286.4 619.7 407.1 643.8 80
2021000000458702 0.166 9.4 84.6 145.9 532.3 80
2021000000458702 0.159 100.3 317.8 323.3 523.3 80
2021000000458702 0.155 324.9 333.4 361.6 391.5 80
2021000000458702 0.154 327.3 338.6 422.5 612.8 80
2021000000458702 0.152 32.7 472.0 185.2 649.5 80
2021000000458702 0.150 242.2 494.8 392.8 646.5 80
2021000000458702 0.148 161.2 166.3 412.7 481.9 80
2021000000458702 0.147 108.6 537.3 254.0 638.0 80
2021000000458702 0.146 124.4 594.8 289.6 642.4 80
2021000000458702 0.145 8.8 534.2 72.5 652.3 80
2021000000458702 0.145 94.8 223.9 349.4 489.0 80
2021000000458702 0.142 6.4 136.3 89.8 512.8 80
2021000000458702 0.139 42.8 351.7 305.4 528.4 80
2021000000458702 0.137 102.1 397.7 330.3 574.6 80
2021000000458702 0.135 356.7 574.6 427.5 638.9 80
2021000000458702 0.135 138.7 611.8 283.0 645.2 80
2021000000458702 0.134 117.9 220.8 327.3 502.6 80
2021000000458702 0.132 215.4 595.6 319.3 643.5 80
2021000000458702 0.130 256.4 264.8 393.5 344.7 80
2021000000458702 0.130 -0.6 68.6 27.5 152.1 80
2021000000458702 0.129 18.9 216.1 190.9 447.1 80
2021000000458702 0.129 159.5 441.2 203.5 516.6 80
2021000000458702 0.129 67.4 284.0 267.8 467.8 80
2021000000458702 0.126 49.5 237.6 261.3 431.9 80
2021000000458702 0.125 35.9 604.0 133.6 646.5 80
2021000000458702 0.125 177.2 267.0 351.4 481.7 80
2021000000458702 0.124 131.5 326.0 192.6 413.5 80
2021000000458702 0.124 90.8 598.8 196.2 643.7 80
2021000000458702 0.122 148.5 299.7 236.1 395.5 80
2021000000458702 0.120 261.5 258.6 338.7 350.6 80
2021000000458702 0.120 175.9 256.5 257.5 338.4 80
2021000000458702 0.119 118.4 233.0 321.5 354.8 80
2021000000458702 0.118 187.5 269.3 336.6 372.5 80
2021000000458702 0.117 126.6 243.7 231.5 336.3 80
2021000000458702 0.117 299.6 369.3 381.0 457.2 80
2021000000458702 0.115 5.6 164.4 66.8 278.6 80
2021000000458702 0.115 127.3 268.2 366.5 400.4 80
2021000000458702 0.113 80.6 313.9 202.1 436.5 80
2021000000458702 0.112 10.1 210.9 249.8 331.6 80
2021000000458702 0.111 127.5 215.3 455.6 374.0 80
2021000000458702 0.110 1.2 -7.0 29.6 43.0 80
2021000000458702 0.110 -49.6 150.5 235.8 265.6 80
2021000000458702 0.109 13.1 111.4 294.7 225.2 80
2021000000458702 0.107 -58.5 35.5 300.0 133.8 80
2021000000458702 0.106 46.3 26.6 446.9 153.6 80
2021000000458702 0.105 -107.5 20.8 271.5 100.6 80
2021000000458702 0.105 -40.8 -2.0 383.2 75.0 80
2021000000458702 0.103 0.3 0.3 424.4 67.4 80
2021000000458702 0.099 64.1 -4.2 490.1 52.2 80
2021000000458702 0.098 -156.3 -2.8 268.9 35.1 80
2021000000458702 0.094 208.5 403.3 301.7 578.3 3
2021000000458702 0.092 5.9 440.9 118.8 508.0 6
2021000000458702 0.091 -32.0 -4.5 394.0 36.3 80
2021000000458702 0.091 -75.3 -3.8 350.7 39.1 80
2021000000458702 0.091 69.9 -3.9 495.9 34.9 80
2021000000458702 0.000 310.2 177.8 422.8 447.7 80
2021000000458702 0.000 2.9 214.3 169.0 454.7 80
2021000000458702 0.000 179.9 133.2 355.7 330.1 80
2021000000458702 0.000 115.9 63.4 287.1 312.4 80
2021000000458702 0.000 234.5 234.5 427.5 436.7 80
2021000000458702 0.000 0.5 54.1 87.5 424.3 80
2021000000458702 0.000 384.9 111.6 426.8 247.5 80
2021000000458702 0.000 342.5 301.8 413.6 413.3 80
2021000000458702 0.000 0.7 219.9 87.8 608.0 80
2021000000458702 0.000 0.4 255.3 40.6 399.7 80
2021000000458702 0.000 387.2 327.3 426.8 472.1 80
2021000000458702 0.000 70.4 323.9 135.5 433.4 80
2021000000458702 0.000 387.3 217.4 426.8 362.0 80
2021000000458702 0.000 14.9 262.4 89.6 374.1 80
2021000000458702 0.000 166.3 274.9 238.7 385.1 80
2021000000458702 0.000 106.1 225.6 197.1 344.3 80
2021000000458702 0.000 1.4 342.3 41.0 486.9 80
2021000000458702 0.000 340.0 206.4 426.8 601.9 80
2021000000458702 0.000 132.3 87.5 423.0 477.1 80
2021000000458702 0.000 204.5 102.5 388.3 523.6 80
2021000000458702 0.000 379.0 428.0 426.0 620.7 80
2021000000458702 0.000 273.5 6.7 430.1 320.0 80
2021000000458702 0.000 18.1 179.5 265.1 447.3 80
2021000000458702 0.000 117.1 292.5 191.1 403.0 80
2021000000458702 0.000 207.0 237.8 283.7 347.1 80
2021000000458702 0.000 114.5 237.8 318.4 406.2 80
2021000000458702 0.000 243.9 294.2 319.3 403.5 80
2021000000458702 0.000 245.7 194.5 411.4 620.6 80
2021000000458702 0.000 285.8 252.3 364.5 361.0 80
2021000000458702 0.000 0.2 35.6 44.7 180.1 80
2021000000458702 0.000 294.6 345.9 367.5 453.4 80
2021000000458702 0.000 59.1 205.7 137.4 315.4 80
2021000000458702 0.000 7.5 27.6 195.1 312.3 80
2021000000458702 0.000 169.9 191.1 246.5 301.9 80
2021000000458702 0.000 1.8 -21.9 426.6 365.6 80
2021000000458702 0.000 0.8 427.5 49.2 634.3 80
2021000000458702 0.000 0.5 152.4 43.8 296.7 80
2021000000458702 0.000 6.4 249.7 305.2 629.0 80
2021000000458702 0.000 25.2 43.7 340.9 432.4 80
2021000000458702 0.000 123.0 364.2 306.1 632.6 80
2021000000458702 0.000 323.3 172.4 403.2 282.6 80
2021000000458702 0.000 109.0 152.7 320.8 617.6 80
2021000000458702 0.000 137.2 220.4 281.7 589.6 80
2021000000458702 0.000 -1.5 160.0 206.5 634.1 80
2021000000458702 0.000 206.8 277.3 338.4 569.4 80
2021000000458702 0.000 82.2 157.2 344.3 506.7 80
2021000000458702 0.000 255.3 178.4 335.6 287.0 80
2021000000458702 0.000 -5.6 333.6 168.7 632.0 80
2021000000458702 0.000 161.5 92.2 241.6 201.4 80
2021000000458702 0.000 60.6 63.1 364.5 591.2 80
2021000000458702 0.000 127.8 277.5 404.8 630.3 80
2021000000458702 0.000 3.4 417.5 283.8 635.5 80
2021000000458702 0.000 306.9 35.9 426.9 615.6 80
2021000000458702 0.000 252.0 330.2 417.1 628.4 80
2021000000458702 0.000 3.6 476.6 113.0 638.5 80
2021000000458702 0.000 0.6 121.6 314.3 635.8 80
2021000000458702 0.000 177.0 10.1 431.0 635.4 80
2021000000458702 0.000 309.6 428.8 421.4 632.5 80
2021000000458702 0.000 125.1 136.7 437.2 641.7 80
2021000000458702 0.000 108.2 143.2 186.7 253.5 80
2021000000458702 0.000 153.5 254.5 296.6 455.2 80
2021000000458702 0.000 31.2 378.0 100.6 494.3 80
2021000000458702 0.000 47.9 147.4 392.3 550.8 80
2021000000458702 0.000 -4.4 12.4 254.6 633.0 80
2021000000458702 0.000 170.7 448.0 425.3 640.2 80
2021000000458702 0.000 40.4 68.3 259.5 573.4 80
2021000000458702 0.000 73.7 181.9 230.9 611.1 80
2021000000458702 0.000 142.2 346.7 299.1 588.1 80
2021000000458702 0.000 1.7 395.9 425.9 640.7 80
2021000000458702 0.000 121.7 -2.7 391.1 199.8 80
2021000000458702 0.000 1.5 4.0 358.6 635.9 80
2021000000458702 0.000 116.0 28.7 318.7 616.5 80
2021000000458702 0.000 113.7 389.7 182.1 496.7 80
2021000000458702 0.000 33.5 257.0 370.0 476.9 80
2021000000458702 0.000 63.8 14.2 426.5 639.0 80
2021000000458702 0.000 0.7 191.3 426.6 635.7 80
2021000000458702 0.000 5.0 51.2 124.1 620.2 80
2021000000458702 0.000 12.1 77.7 406.8 643.7 80
2021000000458702 0.000 1.1 51.5 426.7 586.0 80
2021000000458702 0.000 0.8 0.6 426.8 639.1 80
2021000000458702 0.000 210.7 8.9 290.2 124.8 80
2021000000458702 0.000 270.6 91.1 354.0 200.7 80
2021000000458702 0.000 199.4 357.5 343.7 492.7 80
2021000000458702 0.000 6.7 243.2 427.9 505.1 80
2021000000458702 0.000 363.7 8.7 424.5 146.5 80
2021000000458702 0.000 184.2 338.4 248.0 446.3 80
2021000000458702 0.000 26.6 116.1 112.6 227.8 80
2021000000458702 0.000 276.0 375.3 347.7 479.9 80
2021000000458702 0.000 0.8 0.6 426.8 639.1 14
2021000000458702 0.000 0.8 0.6 426.8 639.1 7
2021000000458702 0.000 63.8 14.2 426.5 639.0 14
2021000000458702 0.000 0.8 0.6 426.8 639.1 11
2021000000458702 0.000 60.6 63.1 364.5 591.2 14
2021000000458702 0.000 177.0 10.1 431.0 635.4 14
2021000000458702 0.000 12.1 77.7 406.8 643.7 14
2021000000458702 0.000 -4.4 12.4 254.6 633.0 14
2021000000458702 0.000 1.5 4.0 358.6 635.9 14
2021000000458702 0.000 -1.5 160.0 206.5 634.1 14
2021000000458702 0.000 0.6 121.6 314.3 635.8 14
2021000000458702 0.000 0.7 191.3 426.6 635.7 17
