2021000000291551 0.779 147.6 115.6 411.7 553.0 18
2021000000291551 0.769 404.2 589.4 432.7 639.4 80
2021000000291551 0.765 147.7 127.7 414.4 559.0 80
2021000000291551 0.762 4.8 181.8 427.3 497.0 80
2021000000291551 0.759 161.6 110.6 405.0 532.0 80
2021000000291551 0.744 144.2 171.8 365.0 552.1 80
2021000000291551 0.740 329.9 488.1 340.4 496.8 80
2021000000291551 0.739 133.4 428.7 153.3 462.4 80
2021000000291551 0.735 427.2 430.6 428.2 513.2 80
2021000000291551 0.733 154.1 429.2 177.2 474.8 80
2021000000291551 0.732 198.0 170.9 282.8 373.1 80
2021000000291551 0.728 427.2 325.9 428.6 421.7 80
2021000000291551 0.722 128.7 148.1 331.6 475.7 80
2021000000291551 0.720 123.5 429.4 142.9 469.0 80
2021000000291551 0.717 150.7 430.4 173.8 480.3 80
2021000000291551 0.715 138.8 428.0 157.2 472.7 80
2021000000291551 0.712 425.8 359.4 428.1 478.1 80
2021000000291551 0.707 150.9 430.6 161.7 452.1 80
2021000000291551 0.700 0.9 437.0 2.3 474.7 80
2021000000291551 0.691 230.8 479.1 251.9 487.2 80
