2021002438 0.717 2.3 374.9 111.6 504.8 80
2021002438 0.708 34.0 290.0 266.0 501.9 14
2021002438 0.691 103.4 2.3 374.1 300.6 80
2021002438 0.685 56.4 11.2 380.9 392.7 80
2021002438 0.652 346.2 -0.8 375.8 246.3 80
2021002438 0.647 -0.3 186.0 373.7 504.7 80
2021002438 0.642 355.0 450.4 376.7 497.4 80
2021002438 0.642 -2.7 297.7 358.1 500.4 80
2021002438 0.639 -1.6 376.8 198.9 500.9 80
2021002438 0.639 2.4 339.9 258.7 511.3 80
2021002438 0.638 53.6 292.4 269.5 487.5 80
2021002438 0.624 364.3 9.2 376.3 101.4 80
2021002438 0.620 104.0 6.0 363.5 468.8 80
2021002438 0.615 0.7 395.0 18.1 495.8 80
2021002438 0.612 9.4 381.9 261.5 502.5 80
2021002438 0.605 0.5 1.6 374.4 500.6 80
2021002438 0.596 147.1 0.2 362.7 499.0 80
2021002438 0.594 322.1 -0.1 383.6 42.2 80
2021002438 0.589 366.4 352.9 375.3 492.3 80
2021002438 0.589 -1.1 372.8 372.9 499.6 80
2021002438 0.588 371.5 329.1 375.5 443.1 80
2021002438 0.578 105.1 4.7 374.4 503.0 80
2021002438 0.560 371.8 60.4 375.2 198.4 80
2021002438 0.555 0.9 390.6 7.8 484.8 80
2021002438 0.554 25.3 289.7 258.2 493.6 80
2021002438 0.534 368.5 29.8 374.3 338.2 80
2021002438 0.534 78.4 2.4 374.0 500.8 80
2021002438 0.511 372.6 228.3 375.2 310.1 80
2021002438 0.504 2.9 455.4 364.0 502.1 80
2021002438 0.498 90.3 7.9 390.1 396.9 80
2021002438 0.470 2.1 354.3 23.3 508.0 80
2021002438 0.432 363.3 -13.4 376.1 484.3 80
2021002438 0.421 372.2 109.5 374.7 468.3 80
2021002438 0.390 365.0 39.2 374.6 527.5 80
2021002438 0.386 297.5 5.3 386.1 504.3 80
2021002438 0.372 232.6 12.2 360.5 500.1 80
2021002438 0.365 30.1 2.1 372.7 500.6 14
2021002438 0.339 69.3 4.8 369.5 502.7 80
2021002438 0.335 0.4 105.5 10.8 528.0 80
2021002438 0.313 69.3 4.8 369.5 502.7 14
2021002438 0.311 27.0 309.5 285.6 501.0 80
2021002438 0.305 108.4 0.1 217.8 9.7 80
2021002438 0.300 30.1 2.1 372.7 500.6 80
2021002438 0.243 0.6 5.6 3.5 107.2 80
2021002438 0.225 0.4 125.4 2.6 366.5 80
2021002438 0.218 -1.2 5.8 17.2 488.5 80
2021002438 0.216 0.3 49.9 2.8 195.1 80
2021002438 0.214 0.6 102.7 42.2 533.8 80
2021002438 0.210 335.3 450.1 383.7 502.5 80
2021002438 0.210 0.1 13.6 5.9 350.3 80
2021002438 0.201 24.4 -2.6 144.8 496.4 80
2021002438 0.194 -4.0 318.9 164.4 500.6 80
2021002438 0.193 0.6 -3.1 14.8 24.9 80
2021002438 0.188 138.7 479.6 315.9 501.1 80
2021002438 0.179 157.5 351.2 380.1 509.9 80
2021002438 0.172 81.5 371.5 331.8 507.3 80
2021002438 0.169 94.0 28.0 366.5 263.1 80
2021002438 0.160 1.9 31.4 46.5 469.1 80
2021002438 0.151 101.6 280.2 356.2 467.7 80
2021002438 0.148 78.4 2.4 374.0 500.8 14
2021002438 0.144 176.2 148.0 376.2 443.2 80
2021002438 0.142 231.6 253.6 385.1 485.3 80
2021002438 0.141 123.6 135.0 369.1 423.2 80
2021002438 0.139 150.5 252.1 367.0 455.7 80
2021002438 0.139 246.3 483.1 346.8 503.2 80
2021002438 0.138 54.9 94.4 333.0 410.1 80
2021002438 0.135 14.9 146.1 152.3 472.9 80
2021002438 0.134 28.3 92.2 259.3 420.7 80
2021002438 0.133 89.3 187.1 334.6 415.7 80
2021002438 0.124 105.1 4.7 374.4 503.0 14
2021002438 0.124 93.1 389.8 174.2 452.0 80
2021002438 0.123 152.7 274.3 210.4 361.5 80
2021002438 0.121 52.6 362.6 193.7 462.1 80
2021002438 0.121 108.5 262.2 167.3 343.3 80
2021002438 0.121 59.0 -3.7 408.7 166.2 80
2021002438 0.120 178.6 285.0 264.1 380.5 80
2021002438 0.120 24.1 119.7 169.5 400.2 80
2021002438 0.120 294.5 22.5 413.7 302.8 80
2021002438 0.119 52.4 249.2 249.6 397.3 80
2021002438 0.119 90.4 91.6 330.6 293.1 80
2021002438 0.117 85.5 286.9 262.4 405.7 80
2021002438 0.117 47.7 223.9 167.8 322.3 80
2021002438 0.112 -26.6 152.2 187.9 260.0 80
2021002438 0.112 -29.2 115.6 112.8 215.0 80
2021002438 0.111 46.8 177.0 206.0 370.9 80
2021002438 0.111 -4.7 75.4 273.0 178.8 80
2021002438 0.111 34.0 94.4 305.5 219.6 80
2021002438 0.110 89.5 79.0 404.1 296.7 80
2021002438 0.110 -56.4 30.0 107.4 95.9 80
2021002438 0.109 75.8 200.0 251.5 354.0 80
2021002438 0.108 89.0 14.1 452.7 183.5 80
2021002438 0.106 -68.5 16.9 277.5 102.7 80
2021002438 0.105 -1.6 376.8 198.9 500.9 8
2021002438 0.103 113.8 66.4 470.0 252.8 80
2021002438 0.103 -111.0 11.4 252.7 77.5 80
2021002438 0.103 82.5 -18.6 456.4 77.3 80
2021002438 0.102 158.0 -3.4 507.3 126.0 80
2021002438 0.102 4.6 -3.0 373.4 72.6 80
2021002438 0.099 -30.7 -4.4 343.3 49.5 80
2021002438 0.095 -136.2 -3.5 237.8 28.7 80
2021002438 0.717 2.3 374.9 111.6 504.8 80
2021002438 0.708 34.0 290.0 266.0 501.9 14
2021002438 0.691 103.4 2.3 374.1 300.6 80
2021002438 0.685 56.4 11.2 380.9 392.7 80
2021002438 0.652 346.2 -0.8 375.8 246.3 80
2021002438 0.647 -0.3 186.0 373.7 504.7 80
2021002438 0.642 355.0 450.4 376.7 497.4 80
2021002438 0.642 -2.7 297.7 358.1 500.4 80
2021002438 0.639 -1.6 376.8 198.9 500.9 80
2021002438 0.639 2.4 339.9 258.7 511.3 80
2021002438 0.638 53.6 292.4 269.5 487.5 80
2021002438 0.624 364.3 9.2 376.3 101.4 80
2021002438 0.620 104.0 6.0 363.5 468.8 80
2021002438 0.615 0.7 395.0 18.1 495.8 80
2021002438 0.612 9.4 381.9 261.5 502.5 80
2021002438 0.605 0.5 1.6 374.4 500.6 80
2021002438 0.596 147.1 0.2 362.7 499.0 80
2021002438 0.594 322.1 -0.1 383.6 42.2 80
2021002438 0.589 366.4 352.9 375.3 492.3 80
2021002438 0.589 -1.1 372.8 372.9 499.6 80
2021002438 0.588 371.5 329.1 375.5 443.1 80
2021002438 0.578 105.1 4.7 374.4 503.0 80
2021002438 0.560 371.8 60.4 375.2 198.4 80
2021002438 0.555 0.9 390.6 7.8 484.8 80
2021002438 0.554 25.3 289.7 258.2 493.6 80
2021002438 0.534 368.5 29.8 374.3 338.2 80
2021002438 0.534 78.4 2.4 374.0 500.8 80
2021002438 0.511 372.6 228.3 375.2 310.1 80
2021002438 0.504 2.9 455.4 364.0 502.1 80
2021002438 0.498 90.3 7.9 390.1 396.9 80
2021002438 0.470 2.1 354.3 23.3 508.0 80
2021002438 0.432 363.3 -13.4 376.1 484.3 80
2021002438 0.421 372.2 109.5 374.7 468.3 80
2021002438 0.390 365.0 39.2 374.6 527.5 80
2021002438 0.386 297.5 5.3 386.1 504.3 80
2021002438 0.372 232.6 12.2 360.5 500.1 80
2021002438 0.365 30.1 2.1 372.7 500.6 14
2021002438 0.339 69.3 4.8 369.5 502.7 80
2021002438 0.335 0.4 105.5 10.8 528.0 80
2021002438 0.313 69.3 4.8 369.5 502.7 14
2021002438 0.311 27.0 309.5 285.6 501.0 80
2021002438 0.305 108.4 0.1 217.8 9.7 80
2021002438 0.300 30.1 2.1 372.7 500.6 80
2021002438 0.243 0.6 5.6 3.5 107.2 80
2021002438 0.225 0.4 125.4 2.6 366.5 80
2021002438 0.218 -1.2 5.8 17.2 488.5 80
2021002438 0.216 0.3 49.9 2.8 195.1 80
2021002438 0.214 0.6 102.7 42.2 533.8 80
2021002438 0.210 335.3 450.1 383.7 502.5 80
2021002438 0.210 0.1 13.6 5.9 350.3 80
2021002438 0.201 24.4 -2.6 144.8 496.4 80
2021002438 0.194 -4.0 318.9 164.4 500.6 80
2021002438 0.193 0.6 -3.1 14.8 24.9 80
2021002438 0.188 138.7 479.6 315.9 501.1 80
2021002438 0.179 157.5 351.2 380.1 509.9 80
2021002438 0.172 81.5 371.5 331.8 507.3 80
2021002438 0.169 94.0 28.0 366.5 263.1 80
2021002438 0.160 1.9 31.4 46.5 469.1 80
2021002438 0.151 101.6 280.2 356.2 467.7 80
2021002438 0.148 78.4 2.4 374.0 500.8 14
2021002438 0.144 176.2 148.0 376.2 443.2 80
2021002438 0.142 231.6 253.6 385.1 485.3 80
2021002438 0.141 123.6 135.0 369.1 423.2 80
2021002438 0.139 150.5 252.1 367.0 455.7 80
2021002438 0.139 246.3 483.1 346.8 503.2 80
2021002438 0.138 54.9 94.4 333.0 410.1 80
2021002438 0.135 14.9 146.1 152.3 472.9 80
2021002438 0.134 28.3 92.2 259.3 420.7 80
2021002438 0.133 89.3 187.1 334.6 415.7 80
2021002438 0.124 105.1 4.7 374.4 503.0 14
2021002438 0.124 93.1 389.8 174.2 452.0 80
2021002438 0.123 152.7 274.3 210.4 361.5 80
2021002438 0.121 52.6 362.6 193.7 462.1 80
2021002438 0.121 108.5 262.2 167.3 343.3 80
2021002438 0.121 59.0 -3.7 408.7 166.2 80
2021002438 0.120 178.6 285.0 264.1 380.5 80
2021002438 0.120 24.1 119.7 169.5 400.2 80
2021002438 0.120 294.5 22.5 413.7 302.8 80
2021002438 0.119 52.4 249.2 249.6 397.3 80
2021002438 0.119 90.4 91.6 330.6 293.1 80
2021002438 0.117 85.5 286.9 262.4 405.7 80
2021002438 0.117 47.7 223.9 167.8 322.3 80
2021002438 0.112 -26.6 152.2 187.9 260.0 80
2021002438 0.112 -29.2 115.6 112.8 215.0 80
2021002438 0.111 46.8 177.0 206.0 370.9 80
2021002438 0.111 -4.7 75.4 273.0 178.8 80
2021002438 0.111 34.0 94.4 305.5 219.6 80
2021002438 0.110 89.5 79.0 404.1 296.7 80
2021002438 0.110 -56.4 30.0 107.4 95.9 80
2021002438 0.109 75.8 200.0 251.5 354.0 80
2021002438 0.108 89.0 14.1 452.7 183.5 80
2021002438 0.106 -68.5 16.9 277.5 102.7 80
2021002438 0.105 -1.6 376.8 198.9 500.9 8
2021002438 0.103 113.8 66.4 470.0 252.8 80
2021002438 0.103 -111.0 11.4 252.7 77.5 80
2021002438 0.103 82.5 -18.6 456.4 77.3 80
2021002438 0.102 158.0 -3.4 507.3 126.0 80
2021002438 0.102 4.6 -3.0 373.4 72.6 80
2021002438 0.099 -30.7 -4.4 343.3 49.5 80
2021002438 0.095 -136.2 -3.5 237.8 28.7 80
2021002438 0.000 274.2 138.0 369.7 347.9 80
2021002438 0.000 3.6 170.1 147.4 355.4 80
2021002438 0.000 159.5 102.9 310.9 256.1 80
2021002438 0.000 103.6 47.3 248.7 250.8 80
2021002438 0.000 205.5 188.2 375.2 338.3 80
2021002438 0.000 0.6 39.8 77.2 331.8 80
2021002438 0.000 337.9 85.0 374.9 195.1 80
2021002438 0.000 148.0 215.9 208.1 302.0 80
2021002438 0.000 0.6 172.5 77.2 475.3 80
2021002438 0.000 0.5 200.0 35.7 311.7 80
2021002438 0.000 62.3 251.8 118.1 339.7 80
2021002438 0.000 340.0 254.9 374.9 369.7 80
2021002438 0.000 340.3 170.4 374.8 282.3 80
2021002438 0.000 119.2 71.1 368.6 369.0 80
2021002438 0.000 100.1 182.7 166.4 269.0 80
2021002438 0.000 301.8 236.4 362.2 323.5 80
2021002438 0.000 1.4 268.4 36.0 380.1 80
2021002438 0.000 13.3 207.2 78.7 293.8 80
2021002438 0.000 103.5 230.1 167.4 316.1 80
2021002438 0.000 332.8 333.4 374.2 485.8 80
2021002438 0.000 19.8 142.9 228.6 350.8 80
2021002438 0.000 182.2 186.1 248.8 271.3 80
2021002438 0.000 214.8 230.6 279.9 315.8 80
2021002438 0.000 149.6 149.7 216.4 235.9 80
2021002438 0.000 239.7 3.9 379.0 248.6 80
2021002438 0.000 251.8 196.9 319.2 281.9 80
2021002438 0.000 298.6 156.7 375.3 472.3 80
2021002438 0.000 52.2 160.7 120.5 246.1 80
2021002438 0.000 260.5 271.5 321.0 357.5 80
2021002438 0.000 0.4 28.2 39.1 140.9 80
2021002438 0.000 181.5 63.4 337.0 411.1 80
2021002438 0.000 8.3 22.9 168.3 245.8 80
2021002438 0.000 100.0 187.3 279.6 316.6 80
2021002438 0.000 144.1 160.5 252.6 355.3 80
2021002438 0.000 208.1 135.6 368.6 491.0 80
2021002438 0.000 0.5 118.7 38.5 231.7 80
2021002438 0.000 177.6 201.0 296.7 451.0 80
2021002438 0.000 79.0 193.2 190.1 412.5 80
2021002438 0.000 1.4 2.6 374.5 276.2 80
2021002438 0.000 27.4 295.8 88.6 385.4 80
2021002438 0.000 224.5 138.9 294.4 223.7 80
2021002438 0.000 0.7 336.0 43.4 492.6 80
2021002438 0.000 22.2 33.5 298.9 344.9 80
2021002438 0.000 142.3 71.5 211.7 157.2 80
2021002438 0.000 118.9 167.3 248.8 462.4 80
2021002438 0.000 91.7 112.8 285.5 485.5 80
2021002438 0.000 -2.7 123.0 182.9 494.6 80
2021002438 0.000 284.1 135.0 354.1 220.6 80
2021002438 0.000 83.3 133.0 290.8 394.5 80
2021002438 0.000 113.3 104.8 380.6 498.3 80
2021002438 0.000 58.8 31.2 318.3 478.2 80
2021002438 0.000 6.2 193.7 267.3 491.0 80
2021002438 0.000 109.2 282.4 267.9 494.0 80
2021002438 0.000 55.4 65.2 206.8 408.4 80
2021002438 0.000 269.0 26.2 375.4 479.9 80
2021002438 0.000 95.1 114.2 164.6 199.4 80
2021002438 0.000 109.6 216.1 358.3 491.7 80
2021002438 0.000 -1.2 257.1 145.8 493.4 80
2021002438 0.000 6.2 329.7 246.3 497.1 80
2021002438 0.000 157.3 9.2 376.5 496.0 80
2021002438 0.000 221.4 257.5 366.2 491.0 80
2021002438 0.000 -1.9 97.8 279.1 495.3 80
2021002438 0.000 2.8 375.1 99.7 499.1 80
2021002438 0.000 -1.9 10.2 220.9 494.3 80
2021002438 0.000 42.1 106.1 344.7 433.9 80
2021002438 0.000 99.8 304.0 159.9 387.7 80
2021002438 0.000 150.3 350.1 373.1 499.9 80
2021002438 0.000 30.7 199.4 324.1 375.2 80
2021002438 0.000 270.4 335.5 370.9 494.4 80
2021002438 0.000 1.1 303.4 374.1 500.9 80
2021002438 0.000 1.0 2.1 312.9 497.1 80
2021002438 0.000 -1.3 22.1 110.8 486.5 80
2021002438 0.000 97.4 13.4 283.8 488.1 80
2021002438 0.000 60.2 2.4 373.5 495.5 80
2021002438 0.000 101.0 -2.3 348.6 159.1 80
2021002438 0.000 0.4 148.7 374.3 495.6 80
2021002438 0.000 12.6 59.4 358.2 501.6 80
2021002438 0.000 1.0 30.2 374.6 444.6 80
2021002438 0.000 2.0 121.5 374.6 375.6 80
2021002438 0.000 166.8 268.0 310.0 390.2 80
2021002438 0.000 0.8 0.3 374.8 499.0 80
2021002438 0.000 185.7 6.4 254.1 97.0 80
2021002438 0.000 156.2 335.2 235.4 426.5 80
2021002438 0.000 136.0 307.5 193.9 389.0 80
2021002438 0.000 238.1 69.8 310.2 155.8 80
2021002438 0.000 319.2 7.2 373.2 114.4 80
2021002438 0.000 243.3 301.9 305.5 381.3 80
2021002438 0.000 24.2 89.9 98.0 179.5 80
2021002438 0.000 0.8 0.3 374.8 499.0 14
2021002438 0.000 114.7 396.1 176.3 484.8 80
2021002438 0.000 0.8 0.3 374.8 499.0 7
2021002438 0.000 0.8 0.3 374.8 499.0 11
2021002438 0.000 60.2 2.4 373.5 495.5 14
2021002438 0.000 58.8 31.2 318.3 478.2 14
2021002438 0.000 157.3 9.2 376.5 496.0 14
2021002438 0.000 -2.7 123.0 182.9 494.6 14
2021002438 0.000 12.6 59.4 358.2 501.6 14
2021002438 0.000 1.0 2.1 312.9 497.1 14
2021002438 0.000 -1.9 10.2 220.9 494.3 14
2021002438 0.000 91.7 112.8 285.5 485.5 14
