2021006019 0.686 1.2 67.1 498.2 375.0 6
2021006019 0.641 468.3 347.6 499.8 375.5 80
2021006019 0.529 1.4 147.3 15.1 233.6 80
2021006019 0.519 1.0 190.6 7.3 332.5 80
2021006019 0.516 1.1 190.2 6.2 278.9 80
2021006019 0.484 0.7 125.7 14.3 327.6 80
2021006019 0.483 497.7 56.0 500.3 161.8 80
2021006019 0.471 497.5 152.3 500.2 247.9 80
2021006019 0.432 498.3 195.3 500.3 321.9 80
2021006019 0.428 1.3 140.1 4.3 230.0 80
2021006019 0.384 -1.4 58.2 497.6 345.9 80
2021006019 0.293 -2.0 58.5 45.0 385.8 80
2021006019 0.289 -2.5 113.0 33.6 271.3 80
2021006019 0.270 499.0 47.4 500.2 227.0 80
2021006019 0.262 64.3 364.4 453.1 376.5 80
2021006019 0.250 499.0 72.3 500.3 333.6 80
2021006019 0.228 1.2 106.7 496.8 337.9 80
2021006019 0.224 0.5 2.7 4.7 86.4 80
2021006019 0.219 0.3 306.5 14.6 382.2 80
2021006019 0.216 1.3 115.3 14.1 378.7 80
2021006019 0.194 374.3 58.4 479.3 379.3 80
2021006019 0.187 18.2 142.6 210.1 213.8 80
2021006019 0.181 447.9 75.5 499.2 380.1 80
2021006019 0.158 15.3 125.5 264.2 298.5 80
2021006019 0.153 473.8 289.5 508.4 368.0 80
2021006019 0.150 338.3 183.9 499.7 374.7 80
2021006019 0.149 72.8 198.2 214.2 273.8 80
2021006019 0.147 282.4 334.7 428.8 373.5 80
2021006019 0.147 45.1 305.3 254.6 378.0 80
2021006019 0.143 330.9 361.1 452.4 378.2 80
2021006019 0.141 113.9 318.8 317.9 373.5 80
2021006019 0.141 80.5 127.2 477.5 310.4 80
2021006019 0.140 31.7 205.5 92.7 248.1 80
2021006019 0.139 64.7 216.0 436.3 349.4 80
2021006019 0.138 150.6 148.1 441.2 303.2 80
2021006019 0.138 14.4 119.5 371.6 279.5 80
2021006019 0.137 145.0 354.2 338.8 374.9 80
2021006019 0.136 254.6 358.5 385.8 376.2 80
2021006019 0.136 158.9 199.1 457.9 336.6 80
2021006019 0.136 216.1 188.1 482.9 332.9 80
2021006019 0.135 161.5 130.0 485.6 301.7 80
2021006019 0.135 267.1 140.5 491.9 318.4 80
2021006019 0.134 72.3 184.5 426.9 331.2 80
2021006019 0.134 32.4 136.0 431.6 302.2 80
2021006019 0.133 -3.2 192.6 209.7 362.7 80
2021006019 0.133 25.9 207.1 334.9 344.7 80
2021006019 0.133 10.1 119.4 395.4 297.1 80
2021006019 0.133 108.1 230.4 258.6 322.1 80
2021006019 0.132 74.6 229.5 197.1 310.5 80
2021006019 0.132 399.2 342.3 496.7 375.0 80
2021006019 0.131 32.1 176.9 375.9 321.8 80
2021006019 0.131 16.8 120.2 189.3 319.0 80
2021006019 0.131 198.2 335.9 336.8 370.0 80
2021006019 0.131 18.4 332.8 88.2 374.7 80
2021006019 0.131 35.9 218.9 123.7 282.1 80
2021006019 0.129 3.4 168.7 285.9 324.3 80
2021006019 0.129 147.3 189.8 412.3 305.8 80
2021006019 0.128 174.1 216.6 287.7 272.9 80
2021006019 0.128 8.8 140.8 331.5 303.5 80
2021006019 0.128 147.1 233.2 293.7 298.2 80
2021006019 0.127 127.3 210.4 248.5 275.5 80
2021006019 0.124 27.7 135.9 474.0 279.8 80
2021006019 0.123 49.1 356.7 159.9 378.5 80
2021006019 0.123 178.8 202.0 349.3 283.3 80
2021006019 0.122 132.7 163.3 358.7 235.7 80
2021006019 0.120 115.8 161.9 204.6 213.7 80
2021006019 0.120 147.9 160.0 269.6 213.6 80
2021006019 0.119 235.3 183.3 447.3 317.0 80
2021006019 0.117 182.4 155.2 334.8 215.7 80
2021006019 0.116 118.1 353.6 234.7 376.9 80
2021006019 0.115 -7.4 42.9 56.2 112.6 80
2021006019 0.115 164.6 145.2 429.3 225.7 80
2021006019 0.114 164.0 159.3 475.7 272.6 80
2021006019 0.114 268.1 179.8 501.9 300.0 80
2021006019 0.112 440.8 123.8 520.9 277.2 80
2021006019 0.111 195.9 118.2 530.5 206.3 80
2021006019 0.108 -28.8 68.2 277.3 143.2 80
2021006019 0.108 -48.8 69.3 222.2 147.0 80
2021006019 0.108 281.0 133.2 596.6 265.6 80
2021006019 0.106 213.8 81.4 611.2 177.1 80
2021006019 0.104 122.2 27.9 575.6 96.2 80
2021006019 0.104 44.7 6.2 535.6 68.2 80
2021006019 0.103 0.1 -0.5 496.2 44.4 80
2021006019 0.103 -53.2 -2.5 444.8 51.5 80
2021006019 0.101 272.5 50.3 648.3 152.0 80
2021006019 0.101 184.7 11.1 636.5 62.9 80
2021006019 0.100 222.4 6.6 670.4 58.2 80
2021006019 0.100 76.8 -1.3 575.8 30.9 80
2021006019 0.098 263.8 7.0 700.1 48.9 80
2021006019 0.097 -181.8 -3.6 317.2 23.8 80
2021006019 0.093 -207.5 -1.6 272.1 21.4 80
2021006019 0.092 -37.2 -1.9 461.8 21.0 80
2021006019 0.092 163.4 -2.5 662.4 18.3 80
2021006019 0.092 204.4 -1.0 703.4 20.5 80
2021006019 0.092 -136.2 -1.3 362.7 21.7 80
2021006019 0.091 -89.4 -0.8 409.6 24.0 80
2021006019 0.090 23.0 -2.8 522.0 22.5 80
2021006019 0.090 83.8 -2.5 582.8 20.9 80
2021006019 0.089 234.7 1.0 733.7 24.8 80
2021006019 0.089 126.7 -1.5 625.7 25.5 80
2021006019 0.686 1.2 67.1 498.2 375.0 6
2021006019 0.641 468.3 347.6 499.8 375.5 80
2021006019 0.529 1.4 147.3 15.1 233.6 80
2021006019 0.519 1.0 190.6 7.3 332.5 80
2021006019 0.516 1.1 190.2 6.2 278.9 80
2021006019 0.484 0.7 125.7 14.3 327.6 80
2021006019 0.483 497.7 56.0 500.3 161.8 80
2021006019 0.471 497.5 152.3 500.2 247.9 80
2021006019 0.432 498.3 195.3 500.3 321.9 80
2021006019 0.428 1.3 140.1 4.3 230.0 80
2021006019 0.384 -1.4 58.2 497.6 345.9 80
2021006019 0.293 -2.0 58.5 45.0 385.8 80
2021006019 0.289 -2.5 113.0 33.6 271.3 80
2021006019 0.270 499.0 47.4 500.2 227.0 80
2021006019 0.262 64.3 364.4 453.1 376.5 80
2021006019 0.250 499.0 72.3 500.3 333.6 80
2021006019 0.228 1.2 106.7 496.8 337.9 80
2021006019 0.224 0.5 2.7 4.7 86.4 80
2021006019 0.219 0.3 306.5 14.6 382.2 80
2021006019 0.216 1.3 115.3 14.1 378.7 80
2021006019 0.194 374.3 58.4 479.3 379.3 80
2021006019 0.187 18.2 142.6 210.1 213.8 80
2021006019 0.181 447.9 75.5 499.2 380.1 80
2021006019 0.158 15.3 125.5 264.2 298.5 80
2021006019 0.153 473.8 289.5 508.4 368.0 80
2021006019 0.150 338.3 183.9 499.7 374.7 80
2021006019 0.149 72.8 198.2 214.2 273.8 80
2021006019 0.147 282.4 334.7 428.8 373.5 80
2021006019 0.147 45.1 305.3 254.6 378.0 80
2021006019 0.143 330.9 361.1 452.4 378.2 80
2021006019 0.141 113.9 318.8 317.9 373.5 80
2021006019 0.141 80.5 127.2 477.5 310.4 80
2021006019 0.140 31.7 205.5 92.7 248.1 80
2021006019 0.139 64.7 216.0 436.3 349.4 80
2021006019 0.138 150.6 148.1 441.2 303.2 80
2021006019 0.138 14.4 119.5 371.6 279.5 80
2021006019 0.137 145.0 354.2 338.8 374.9 80
2021006019 0.136 254.6 358.5 385.8 376.2 80
2021006019 0.136 158.9 199.1 457.9 336.6 80
2021006019 0.136 216.1 188.1 482.9 332.9 80
2021006019 0.135 161.5 130.0 485.6 301.7 80
2021006019 0.135 267.1 140.5 491.9 318.4 80
2021006019 0.134 72.3 184.5 426.9 331.2 80
2021006019 0.134 32.4 136.0 431.6 302.2 80
2021006019 0.133 -3.2 192.6 209.7 362.7 80
2021006019 0.133 25.9 207.1 334.9 344.7 80
2021006019 0.133 10.1 119.4 395.4 297.1 80
2021006019 0.133 108.1 230.4 258.6 322.1 80
2021006019 0.132 74.6 229.5 197.1 310.5 80
2021006019 0.132 399.2 342.3 496.7 375.0 80
2021006019 0.131 32.1 176.9 375.9 321.8 80
2021006019 0.131 16.8 120.2 189.3 319.0 80
2021006019 0.131 198.2 335.9 336.8 370.0 80
2021006019 0.131 18.4 332.8 88.2 374.7 80
2021006019 0.131 35.9 218.9 123.7 282.1 80
2021006019 0.129 3.4 168.7 285.9 324.3 80
2021006019 0.129 147.3 189.8 412.3 305.8 80
2021006019 0.128 174.1 216.6 287.7 272.9 80
2021006019 0.128 8.8 140.8 331.5 303.5 80
2021006019 0.128 147.1 233.2 293.7 298.2 80
2021006019 0.127 127.3 210.4 248.5 275.5 80
2021006019 0.124 27.7 135.9 474.0 279.8 80
2021006019 0.123 49.1 356.7 159.9 378.5 80
2021006019 0.123 178.8 202.0 349.3 283.3 80
2021006019 0.122 132.7 163.3 358.7 235.7 80
2021006019 0.120 115.8 161.9 204.6 213.7 80
2021006019 0.120 147.9 160.0 269.6 213.6 80
2021006019 0.119 235.3 183.3 447.3 317.0 80
2021006019 0.117 182.4 155.2 334.8 215.7 80
2021006019 0.116 118.1 353.6 234.7 376.9 80
2021006019 0.115 -7.4 42.9 56.2 112.6 80
2021006019 0.115 164.6 145.2 429.3 225.7 80
2021006019 0.114 164.0 159.3 475.7 272.6 80
2021006019 0.114 268.1 179.8 501.9 300.0 80
2021006019 0.112 440.8 123.8 520.9 277.2 80
2021006019 0.111 195.9 118.2 530.5 206.3 80
2021006019 0.108 -28.8 68.2 277.3 143.2 80
2021006019 0.108 -48.8 69.3 222.2 147.0 80
2021006019 0.108 281.0 133.2 596.6 265.6 80
2021006019 0.106 213.8 81.4 611.2 177.1 80
2021006019 0.104 122.2 27.9 575.6 96.2 80
2021006019 0.104 44.7 6.2 535.6 68.2 80
2021006019 0.103 0.1 -0.5 496.2 44.4 80
2021006019 0.103 -53.2 -2.5 444.8 51.5 80
2021006019 0.101 272.5 50.3 648.3 152.0 80
2021006019 0.101 184.7 11.1 636.5 62.9 80
2021006019 0.100 222.4 6.6 670.4 58.2 80
2021006019 0.100 76.8 -1.3 575.8 30.9 80
2021006019 0.098 263.8 7.0 700.1 48.9 80
2021006019 0.097 -181.8 -3.6 317.2 23.8 80
2021006019 0.093 -207.5 -1.6 272.1 21.4 80
2021006019 0.092 -37.2 -1.9 461.8 21.0 80
2021006019 0.092 163.4 -2.5 662.4 18.3 80
2021006019 0.092 204.4 -1.0 703.4 20.5 80
2021006019 0.092 -136.2 -1.3 362.7 21.7 80
2021006019 0.091 -89.4 -0.8 409.6 24.0 80
2021006019 0.090 23.0 -2.8 522.0 22.5 80
2021006019 0.090 83.8 -2.5 582.8 20.9 80
2021006019 0.089 234.7 1.0 733.7 24.8 80
2021006019 0.089 126.7 -1.5 625.7 25.5 80
2021006019 0.000 242.0 73.2 372.7 227.7 80
2021006019 0.000 0.9 43.1 103.5 247.8 80
2021006019 0.000 143.7 135.9 210.3 202.4 80
2021006019 0.000 211.4 111.8 275.3 178.0 80
2021006019 0.000 371.0 109.2 486.3 268.7 80
2021006019 0.000 255.8 137.9 317.1 204.5 80
2021006019 0.000 156.6 31.4 304.0 211.6 80
2021006019 0.000 45.5 217.8 107.4 288.9 80
2021006019 0.000 136.3 82.3 207.6 151.5 80
2021006019 0.000 81.5 117.6 146.9 186.5 80
2021006019 0.000 197.9 51.8 272.4 119.8 80
2021006019 0.000 453.6 128.4 499.6 211.2 80
2021006019 0.000 387.8 97.3 461.7 164.2 80
2021006019 0.000 348.6 145.3 411.0 211.1 80
2021006019 0.000 136.9 218.3 201.8 292.7 80
2021006019 0.000 19.5 26.1 206.5 194.8 80
2021006019 0.000 1.5 201.3 48.0 285.0 80
2021006019 0.000 297.9 170.7 359.9 236.2 80
2021006019 0.000 453.4 192.9 499.6 275.6 80
2021006019 0.000 356.3 197.7 415.7 265.7 80
2021006019 0.000 313.5 100.9 376.2 167.7 80
2021006019 0.000 323.9 8.3 496.6 191.8 80
2021006019 0.000 287.5 132.8 485.8 257.7 80
2021006019 0.000 205.6 160.1 267.3 225.4 80
2021006019 0.000 0.9 125.8 102.1 357.9 80
2021006019 0.000 33.3 127.4 166.8 276.8 80
2021006019 0.000 1.0 151.5 47.1 234.6 80
2021006019 0.000 89.9 187.8 149.8 253.9 80
2021006019 0.000 449.0 54.1 499.7 153.4 80
2021006019 0.000 117.9 161.9 233.2 316.5 80
2021006019 0.000 218.0 251.8 286.7 331.9 80
2021006019 0.000 149.3 172.2 210.8 237.6 80
2021006019 0.000 410.1 176.6 474.8 242.3 80
2021006019 0.000 27.0 155.1 94.9 220.9 80
2021006019 0.000 323.9 218.2 384.1 295.1 80
2021006019 0.000 202.7 116.7 319.1 275.9 80
2021006019 0.000 177.6 56.6 471.2 267.4 80
2021006019 0.000 252.3 124.0 366.8 347.9 80
2021006019 0.000 0.5 90.4 51.3 173.8 80
2021006019 0.000 0.7 22.0 51.8 106.0 80
2021006019 0.000 46.4 108.1 284.6 258.9 80
2021006019 0.000 101.1 50.5 245.1 317.1 80
2021006019 0.000 255.5 3.7 329.5 73.3 80
2021006019 0.000 322.9 47.5 406.2 116.3 80
2021006019 0.000 43.3 21.4 383.8 258.4 80
2021006019 0.000 0.6 249.6 58.3 369.8 80
2021006019 0.000 178.6 220.3 238.0 300.5 80
2021006019 0.000 442.7 245.1 499.6 368.5 80
2021006019 0.000 398.6 113.5 499.6 355.5 80
2021006019 0.000 10.6 10.6 491.5 199.6 80
2021006019 0.000 258.6 42.4 428.2 311.1 80
2021006019 0.000 90.0 16.9 408.1 364.6 80
2021006019 0.000 256.1 169.2 365.6 301.9 80
2021006019 0.000 -2.4 5.4 286.1 371.6 80
2021006019 0.000 8.1 89.0 229.6 370.1 80
2021006019 0.000 0.7 22.9 146.6 363.6 80
2021006019 0.000 213.1 6.1 497.0 372.7 80
2021006019 0.000 131.2 78.4 368.1 365.5 80
2021006019 0.000 156.2 201.7 351.1 369.4 80
2021006019 0.000 170.3 106.4 310.3 353.3 80
2021006019 0.000 153.4 21.0 355.4 360.9 80
2021006019 0.000 357.6 18.1 500.9 361.1 80
2021006019 0.000 68.8 68.1 447.4 321.4 80
2021006019 0.000 177.0 8.2 417.9 127.1 80
2021006019 0.000 43.6 254.9 289.5 373.6 80
2021006019 0.000 2.3 68.4 366.1 369.3 80
2021006019 0.000 5.1 279.1 130.5 374.3 80
2021006019 0.000 12.0 183.0 185.2 365.8 80
2021006019 0.000 305.3 180.1 482.3 365.0 80
2021006019 0.000 220.0 199.0 278.3 264.7 80
2021006019 0.000 24.3 146.3 338.1 364.6 80
2021006019 0.000 2.5 1.3 412.8 373.0 80
2021006019 0.000 150.8 131.3 355.6 228.6 80
2021006019 0.000 274.3 86.1 490.6 373.1 80
2021006019 0.000 3.0 228.5 496.0 374.4 80
2021006019 0.000 220.7 257.3 474.7 373.5 80
2021006019 0.000 84.5 1.1 496.2 372.9 80
2021006019 0.000 158.6 67.8 495.0 371.2 80
2021006019 0.000 157.9 150.5 463.3 364.9 80
2021006019 0.000 362.6 245.1 494.3 368.9 80
2021006019 0.000 44.4 60.6 117.3 136.8 80
2021006019 0.000 129.9 101.9 365.9 294.0 80
2021006019 0.000 22.3 43.4 477.5 366.6 80
2021006019 0.000 60.2 142.4 409.5 272.0 80
2021006019 0.000 0.4 100.8 499.0 366.5 80
2021006019 0.000 244.0 202.0 298.7 273.9 80
2021006019 0.000 12.6 94.7 489.8 271.8 80
2021006019 0.000 0.8 0.3 499.7 373.9 80
2021006019 0.000 1.3 18.3 498.9 309.8 80
2021006019 0.000 286.3 250.3 340.8 319.0 80
2021006019 0.000 424.2 6.2 498.9 85.7 80
2021006019 0.000 12.6 94.7 489.8 271.8 0
2021006019 0.000 0.8 0.3 499.7 373.9 7
2021006019 0.000 8.1 89.0 229.6 370.1 14
2021006019 0.000 258.6 42.4 428.2 311.1 14
2021006019 0.000 101.1 50.5 245.1 317.1 14
2021006019 0.000 170.3 106.4 310.3 353.3 14
2021006019 0.000 274.3 86.1 490.6 373.1 14
2021006019 0.000 153.4 21.0 355.4 360.9 14
2021006019 0.000 213.1 6.1 497.0 372.7 14
