2021009631 0.693 33.7 174.6 110.4 263.7 8
2021009631 0.681 191.9 230.8 218.7 309.3 80
2021009631 0.674 195.2 230.3 220.2 307.2 80
2021009631 0.673 406.0 167.7 469.3 248.8 80
2021009631 0.671 423.4 216.1 504.5 326.1 80
2021009631 0.670 466.6 303.6 497.2 331.2 80
2021009631 0.664 403.5 165.6 475.6 245.1 8
2021009631 0.654 240.9 203.2 326.1 273.6 80
2021009631 0.652 408.8 166.8 470.2 233.3 80
2021009631 0.646 40.0 175.7 125.3 260.7 80
2021009631 0.635 126.6 142.5 149.1 167.4 80
2021009631 0.630 175.4 89.6 195.9 110.9 80
2021009631 0.629 419.6 163.4 472.6 227.3 80
2021009631 0.624 196.5 141.4 225.9 168.2 80
2021009631 0.624 487.2 88.0 500.0 113.2 80
2021009631 0.622 109.9 147.2 125.8 179.0 80
2021009631 0.616 222.8 87.1 237.2 110.5 80
2021009631 0.612 357.6 225.8 393.1 327.0 80
2021009631 0.604 433.1 227.7 499.7 308.8 80
2021009631 0.604 486.0 172.1 500.0 236.0 80
2021009631 0.600 83.8 136.0 109.6 176.0 80
2021009631 0.596 160.0 131.0 184.9 155.2 80
2021009631 0.590 485.7 170.5 501.1 249.3 80
2021009631 0.590 191.5 136.8 226.8 166.0 80
2021009631 0.586 483.1 229.1 499.7 262.7 80
2021009631 0.581 58.4 146.2 82.6 174.5 80
2021009631 0.546 485.1 82.1 500.6 102.4 80
2021009631 0.541 157.2 140.0 180.7 162.3 80
2021009631 0.538 471.9 103.9 500.1 163.9 80
2021009631 0.536 443.3 144.0 473.2 171.2 80
2021009631 0.520 158.2 137.1 180.7 160.5 80
2021009631 0.513 1.7 127.9 8.0 168.9 80
2021009631 0.510 457.5 140.6 485.6 168.3 80
2021009631 0.484 265.0 213.3 323.3 263.9 80
2021009631 0.472 1.1 147.7 6.3 260.4 80
2021009631 0.469 80.2 138.4 115.7 175.7 80
2021009631 0.415 1.5 189.9 7.5 305.7 80
2021009631 0.384 402.0 152.9 418.5 173.2 80
2021009631 0.292 39.3 204.1 85.1 259.8 80
2021009631 0.289 16.8 158.9 126.5 268.5 80
2021009631 0.249 367.8 157.5 383.0 182.9 80
2021009631 0.224 80.2 138.4 115.7 175.7 19
2021009631 0.221 445.2 127.5 498.9 316.8 80
2021009631 0.219 0.7 123.3 15.2 198.3 80
2021009631 0.214 180.3 120.9 212.5 152.6 80
2021009631 0.213 0.2 2.5 5.1 70.6 80
2021009631 0.211 -0.4 91.0 12.2 294.1 80
2021009631 0.197 88.7 189.9 113.6 218.7 80
2021009631 0.177 -4.4 290.6 30.3 338.2 80
2021009631 0.161 427.3 197.8 453.5 224.7 80
2021009631 0.157 471.9 103.9 500.1 163.9 19
2021009631 0.156 182.3 321.1 322.3 335.2 80
2021009631 0.146 61.4 276.2 189.8 333.9 80
2021009631 0.144 -3.2 158.3 59.2 333.9 80
2021009631 0.143 341.5 319.9 463.9 335.9 80
2021009631 0.139 152.9 210.4 357.6 318.3 80
2021009631 0.139 342.2 120.4 476.4 294.5 80
2021009631 0.135 215.0 286.3 325.6 329.8 80
2021009631 0.135 169.3 314.3 298.6 333.0 80
2021009631 0.134 285.7 238.3 323.9 268.4 80
2021009631 0.134 8.2 135.7 44.4 184.2 80
2021009631 0.132 79.3 183.4 262.4 311.2 80
2021009631 0.131 278.7 234.3 320.0 268.4 80
2021009631 0.131 272.8 174.8 459.5 301.4 80
2021009631 0.131 19.5 295.1 96.5 330.6 80
2021009631 0.130 264.4 312.6 372.3 334.1 80
2021009631 0.130 48.1 318.0 155.1 335.3 80
2021009631 0.129 113.8 314.6 217.7 335.0 80
2021009631 0.128 295.1 108.8 330.1 139.1 80
2021009631 0.128 33.7 174.6 110.4 263.7 80
2021009631 0.127 39.3 155.0 175.2 283.0 80
2021009631 0.126 123.8 226.0 187.0 280.6 80
2021009631 0.126 164.1 190.3 347.9 291.8 80
2021009631 0.125 48.5 119.0 152.4 225.1 80
2021009631 0.124 218.4 223.5 268.1 261.0 80
2021009631 0.124 398.2 186.3 456.9 245.4 80
2021009631 0.124 96.4 134.5 149.2 176.4 80
2021009631 0.123 148.5 169.6 358.1 266.4 80
2021009631 0.123 347.5 228.4 391.5 265.9 80
2021009631 0.122 254.9 195.9 302.0 234.2 80
2021009631 0.119 433.1 227.7 499.7 308.8 10
2021009631 0.118 297.1 166.2 377.0 212.7 80
2021009631 0.117 125.8 161.0 224.5 214.2 80
2021009631 0.117 273.8 148.2 341.3 190.3 80
2021009631 0.116 317.2 205.5 381.7 252.4 80
2021009631 0.116 154.6 138.7 348.7 219.1 80
2021009631 0.115 298.7 110.1 389.9 153.0 80
2021009631 0.115 115.3 188.6 265.3 264.8 80
2021009631 0.114 164.3 181.3 304.8 258.0 80
2021009631 0.113 443.3 144.0 473.2 171.2 19
2021009631 0.113 189.3 169.9 298.3 223.1 80
2021009631 0.112 333.4 80.1 462.4 131.4 80
2021009631 0.112 403.5 165.6 475.6 245.1 80
2021009631 0.109 154.5 82.7 382.0 134.8 80
2021009631 0.109 126.4 81.4 401.8 146.6 80
2021009631 0.106 102.3 15.8 499.2 65.9 80
2021009631 0.104 157.2 140.0 180.7 162.3 19
2021009631 0.101 158.2 137.1 180.7 160.5 19
2021009631 0.098 126.3 -1.9 625.2 20.5 80
2021009631 0.096 -82.7 -3.4 416.3 17.9 80
2021009631 0.693 33.7 174.6 110.4 263.7 8
2021009631 0.681 191.9 230.8 218.7 309.3 80
2021009631 0.674 195.2 230.3 220.2 307.2 80
2021009631 0.673 406.0 167.7 469.3 248.8 80
2021009631 0.671 423.4 216.1 504.5 326.1 80
2021009631 0.670 466.6 303.6 497.2 331.2 80
2021009631 0.664 403.5 165.6 475.6 245.1 8
2021009631 0.654 240.9 203.2 326.1 273.6 80
2021009631 0.652 408.8 166.8 470.2 233.3 80
2021009631 0.646 40.0 175.7 125.3 260.7 80
2021009631 0.635 126.6 142.5 149.1 167.4 80
2021009631 0.630 175.4 89.6 195.9 110.9 80
2021009631 0.629 419.6 163.4 472.6 227.3 80
2021009631 0.624 196.5 141.4 225.9 168.2 80
2021009631 0.624 487.2 88.0 500.0 113.2 80
2021009631 0.622 109.9 147.2 125.8 179.0 80
2021009631 0.616 222.8 87.1 237.2 110.5 80
2021009631 0.612 357.6 225.8 393.1 327.0 80
2021009631 0.604 433.1 227.7 499.7 308.8 80
2021009631 0.604 486.0 172.1 500.0 236.0 80
2021009631 0.600 83.8 136.0 109.6 176.0 80
2021009631 0.596 160.0 131.0 184.9 155.2 80
2021009631 0.590 485.7 170.5 501.1 249.3 80
2021009631 0.590 191.5 136.8 226.8 166.0 80
2021009631 0.586 483.1 229.1 499.7 262.7 80
2021009631 0.581 58.4 146.2 82.6 174.5 80
2021009631 0.546 485.1 82.1 500.6 102.4 80
2021009631 0.541 157.2 140.0 180.7 162.3 80
2021009631 0.538 471.9 103.9 500.1 163.9 80
2021009631 0.536 443.3 144.0 473.2 171.2 80
2021009631 0.520 158.2 137.1 180.7 160.5 80
2021009631 0.513 1.7 127.9 8.0 168.9 80
2021009631 0.510 457.5 140.6 485.6 168.3 80
2021009631 0.484 265.0 213.3 323.3 263.9 80
2021009631 0.472 1.1 147.7 6.3 260.4 80
2021009631 0.469 80.2 138.4 115.7 175.7 80
2021009631 0.415 1.5 189.9 7.5 305.7 80
2021009631 0.384 402.0 152.9 418.5 173.2 80
2021009631 0.292 39.3 204.1 85.1 259.8 80
2021009631 0.289 16.8 158.9 126.5 268.5 80
2021009631 0.249 367.8 157.5 383.0 182.9 80
2021009631 0.224 80.2 138.4 115.7 175.7 19
2021009631 0.221 445.2 127.5 498.9 316.8 80
2021009631 0.219 0.7 123.3 15.2 198.3 80
2021009631 0.214 180.3 120.9 212.5 152.6 80
2021009631 0.213 0.2 2.5 5.1 70.6 80
2021009631 0.211 -0.4 91.0 12.2 294.1 80
2021009631 0.197 88.7 189.9 113.6 218.7 80
2021009631 0.177 -4.4 290.6 30.3 338.2 80
2021009631 0.161 427.3 197.8 453.5 224.7 80
2021009631 0.157 471.9 103.9 500.1 163.9 19
2021009631 0.156 182.3 321.1 322.3 335.2 80
2021009631 0.146 61.4 276.2 189.8 333.9 80
2021009631 0.144 -3.2 158.3 59.2 333.9 80
2021009631 0.143 341.5 319.9 463.9 335.9 80
2021009631 0.139 152.9 210.4 357.6 318.3 80
2021009631 0.139 342.2 120.4 476.4 294.5 80
2021009631 0.135 215.0 286.3 325.6 329.8 80
2021009631 0.135 169.3 314.3 298.6 333.0 80
2021009631 0.134 285.7 238.3 323.9 268.4 80
2021009631 0.134 8.2 135.7 44.4 184.2 80
2021009631 0.132 79.3 183.4 262.4 311.2 80
2021009631 0.131 278.7 234.3 320.0 268.4 80
2021009631 0.131 272.8 174.8 459.5 301.4 80
2021009631 0.131 19.5 295.1 96.5 330.6 80
2021009631 0.130 264.4 312.6 372.3 334.1 80
2021009631 0.130 48.1 318.0 155.1 335.3 80
2021009631 0.129 113.8 314.6 217.7 335.0 80
2021009631 0.128 295.1 108.8 330.1 139.1 80
2021009631 0.128 33.7 174.6 110.4 263.7 80
2021009631 0.127 39.3 155.0 175.2 283.0 80
2021009631 0.126 123.8 226.0 187.0 280.6 80
2021009631 0.126 164.1 190.3 347.9 291.8 80
2021009631 0.125 48.5 119.0 152.4 225.1 80
2021009631 0.124 218.4 223.5 268.1 261.0 80
2021009631 0.124 398.2 186.3 456.9 245.4 80
2021009631 0.124 96.4 134.5 149.2 176.4 80
2021009631 0.123 148.5 169.6 358.1 266.4 80
2021009631 0.123 347.5 228.4 391.5 265.9 80
2021009631 0.122 254.9 195.9 302.0 234.2 80
2021009631 0.119 433.1 227.7 499.7 308.8 10
2021009631 0.118 297.1 166.2 377.0 212.7 80
2021009631 0.117 125.8 161.0 224.5 214.2 80
2021009631 0.117 273.8 148.2 341.3 190.3 80
2021009631 0.116 317.2 205.5 381.7 252.4 80
2021009631 0.116 154.6 138.7 348.7 219.1 80
2021009631 0.115 298.7 110.1 389.9 153.0 80
2021009631 0.115 115.3 188.6 265.3 264.8 80
2021009631 0.114 164.3 181.3 304.8 258.0 80
2021009631 0.113 443.3 144.0 473.2 171.2 19
2021009631 0.113 189.3 169.9 298.3 223.1 80
2021009631 0.112 333.4 80.1 462.4 131.4 80
2021009631 0.112 403.5 165.6 475.6 245.1 80
2021009631 0.109 154.5 82.7 382.0 134.8 80
2021009631 0.109 126.4 81.4 401.8 146.6 80
2021009631 0.106 102.3 15.8 499.2 65.9 80
2021009631 0.104 157.2 140.0 180.7 162.3 19
2021009631 0.101 158.2 137.1 180.7 160.5 19
2021009631 0.098 126.3 -1.9 625.2 20.5 80
2021009631 0.096 -82.7 -3.4 416.3 17.9 80
2021009631 0.000 0.8 39.6 103.7 219.9 80
2021009631 0.000 245.1 64.6 370.2 203.1 80
2021009631 0.000 203.1 44.4 266.1 106.7 80
2021009631 0.000 256.6 123.7 316.4 182.9 80
2021009631 0.000 372.7 97.3 484.8 238.7 80
2021009631 0.000 45.9 193.6 106.8 256.8 80
2021009631 0.000 83.8 105.7 144.8 167.7 80
2021009631 0.000 133.1 93.5 218.1 194.0 80
2021009631 0.000 390.5 85.7 458.7 145.2 80
2021009631 0.000 453.6 114.4 499.6 187.5 80
2021009631 0.000 213.4 101.7 273.6 161.0 80
2021009631 0.000 141.4 73.2 202.4 136.6 80
2021009631 0.000 22.0 26.3 202.7 174.0 80
2021009631 0.000 325.8 10.5 494.5 170.4 80
2021009631 0.000 1.5 179.1 48.0 253.0 80
2021009631 0.000 162.0 29.1 299.4 188.1 80
2021009631 0.000 349.9 130.4 409.9 189.0 80
2021009631 0.000 219.9 213.4 281.0 299.7 80
2021009631 0.000 90.6 167.7 149.2 226.6 80
2021009631 0.000 314.7 90.6 375.2 149.9 80
2021009631 0.000 357.4 176.8 415.0 236.3 80
2021009631 0.000 32.4 113.1 167.8 245.7 80
2021009631 0.000 1.0 134.7 47.1 208.2 80
2021009631 0.000 453.4 171.3 499.7 244.6 80
2021009631 0.000 0.5 112.0 102.1 317.8 80
2021009631 0.000 449.1 48.2 499.7 136.2 80
2021009631 0.000 259.7 2.5 324.6 65.8 80
2021009631 0.000 137.6 194.1 201.5 258.6 80
2021009631 0.000 298.6 152.6 359.4 210.5 80
2021009631 0.000 28.5 138.6 93.6 196.8 80
2021009631 0.000 255.4 112.1 363.3 309.4 80
2021009631 0.000 119.1 143.0 232.5 281.2 80
2021009631 0.000 149.8 153.7 210.5 211.6 80
2021009631 0.000 293.1 118.3 480.6 230.7 80
2021009631 0.000 325.6 194.5 382.1 262.6 80
2021009631 0.000 0.7 20.0 51.8 94.1 80
2021009631 0.000 219.9 176.7 278.2 235.5 80
2021009631 0.000 48.8 19.0 377.9 228.3 80
2021009631 0.000 410.2 156.8 474.8 215.0 80
2021009631 0.000 205.3 105.0 317.1 249.4 80
2021009631 0.000 0.7 221.7 58.3 328.6 80
2021009631 0.000 180.1 197.3 238.1 264.5 80
2021009631 0.000 177.0 51.2 471.7 236.8 80
2021009631 0.000 49.5 97.5 281.8 229.4 80
2021009631 0.000 325.8 41.4 402.7 103.4 80
2021009631 0.000 101.1 43.9 244.3 277.4 80
2021009631 0.000 0.3 80.7 51.5 154.3 80
2021009631 0.000 206.3 143.0 267.2 201.4 80
2021009631 0.000 442.7 217.4 499.6 327.4 80
2021009631 0.000 15.1 12.8 486.3 174.5 80
2021009631 0.000 398.5 98.9 499.4 315.8 80
2021009631 0.000 1.5 5.5 282.2 329.9 80
2021009631 0.000 94.9 14.0 401.8 325.0 80
2021009631 0.000 262.6 37.4 424.1 278.3 80
2021009631 0.000 189.1 7.3 402.0 120.4 80
2021009631 0.000 1.1 21.4 146.5 322.8 80
2021009631 0.000 212.9 5.7 497.4 331.0 80
2021009631 0.000 160.6 175.5 349.3 326.9 80
2021009631 0.000 159.4 25.0 350.2 316.2 80
2021009631 0.000 357.7 16.7 501.3 319.9 80
2021009631 0.000 11.5 79.9 225.9 328.5 80
2021009631 0.000 280.6 212.4 336.4 294.2 80
2021009631 0.000 171.4 94.0 308.9 314.0 80
2021009631 0.000 132.8 69.1 366.0 324.4 80
2021009631 0.000 257.5 148.1 363.0 272.1 80
2021009631 0.000 5.0 248.1 130.5 332.4 80
2021009631 0.000 306.3 160.5 481.9 323.9 80
2021009631 0.000 54.0 226.7 278.3 330.9 80
2021009631 0.000 11.7 162.6 185.3 324.9 80
2021009631 0.000 3.3 1.2 410.3 331.1 80
2021009631 0.000 8.2 203.4 491.3 331.4 80
2021009631 0.000 4.9 57.7 361.3 327.9 80
2021009631 0.000 223.1 227.9 472.3 331.4 80
2021009631 0.000 72.1 57.1 444.5 284.5 80
2021009631 0.000 34.1 131.1 327.0 322.2 80
2021009631 0.000 85.7 1.0 494.7 331.0 80
2021009631 0.000 278.1 77.3 486.3 331.0 80
2021009631 0.000 162.7 118.0 345.4 204.8 80
2021009631 0.000 244.5 179.3 298.1 242.7 80
2021009631 0.000 168.6 134.4 451.1 322.0 80
2021009631 0.000 362.2 218.2 494.6 327.3 80
2021009631 0.000 44.5 53.9 117.2 121.5 80
2021009631 0.000 160.2 58.7 492.6 329.0 80
2021009631 0.000 134.9 91.5 359.6 260.9 80
2021009631 0.000 67.7 127.2 402.2 241.5 80
2021009631 0.000 22.5 38.2 474.5 321.3 80
2021009631 0.000 0.6 89.3 498.5 323.8 80
2021009631 0.000 0.8 0.8 499.6 332.2 80
2021009631 0.000 17.2 85.3 483.8 240.0 80
2021009631 0.000 2.5 21.1 497.4 273.2 80
2021009631 0.000 424.3 5.6 498.8 76.0 80
2021009631 0.000 17.2 85.3 483.8 240.0 0
2021009631 0.000 262.6 37.4 424.1 278.3 14
2021009631 0.000 171.4 94.0 308.9 314.0 14
2021009631 0.000 101.1 43.9 244.3 277.4 14
2021009631 0.000 159.4 25.0 350.2 316.2 14
2021009631 0.000 11.5 79.9 225.9 328.5 14
2021009631 0.000 278.1 77.3 486.3 331.0 14
2021009631 0.000 132.8 69.1 366.0 324.4 14
2021009631 0.000 154.2 268.6 238.2 328.2 80
