2021002336 0.693 388.6 1.7 501.7 52.8 80
2021002336 0.671 373.4 1.5 484.7 40.1 80
2021002336 0.665 468.3 337.8 499.3 374.6 80
2021002336 0.663 112.3 114.4 453.6 283.8 80
2021002336 0.661 226.3 269.3 501.2 378.6 80
2021002336 0.655 1.6 208.9 500.5 375.9 80
2021002336 0.637 -0.5 102.9 497.8 330.3 80
2021002336 0.634 1.1 244.7 14.4 361.6 80
2021002336 0.630 1.6 247.4 500.5 376.5 80
2021002336 0.630 98.4 104.4 456.8 294.7 80
2021002336 0.628 144.6 135.6 458.3 289.9 80
2021002336 0.618 0.6 6.1 499.6 376.5 80
2021002336 0.614 -4.2 177.6 175.7 378.4 2
2021002336 0.605 14.6 104.9 305.7 237.5 80
2021002336 0.598 15.9 100.2 372.4 267.5 80
2021002336 0.590 452.6 1.4 506.6 29.2 80
2021002336 0.579 5.0 96.0 429.4 283.0 80
2021002336 0.575 -5.5 74.3 315.2 365.6 80
2021002336 0.563 11.0 179.8 171.2 354.7 80
2021002336 0.563 493.7 146.2 500.3 269.9 80
2021002336 0.547 417.1 295.9 496.2 373.0 80
2021002336 0.533 8.4 96.6 461.0 296.4 2
2021002336 0.524 279.0 0.5 388.6 13.8 80
2021002336 0.521 16.5 105.4 387.8 261.4 80
2021002336 0.461 497.2 199.7 500.3 330.0 80
2021002336 0.451 0.8 167.3 161.2 368.8 80
2021002336 0.384 499.0 35.2 500.1 146.1 80
2021002336 0.349 496.0 1.0 500.8 292.9 80
2021002336 0.325 11.6 359.6 501.5 376.6 80
2021002336 0.315 0.9 92.6 12.2 366.2 80
2021002336 0.281 483.3 11.0 505.3 384.9 80
2021002336 0.278 482.7 265.2 504.5 375.1 80
2021002336 0.278 496.5 62.7 500.6 352.1 80
2021002336 0.257 -0.7 333.4 28.2 377.8 80
2021002336 0.256 -18.9 195.3 147.8 378.5 80
2021002336 0.248 0.7 124.8 3.2 297.9 80
2021002336 0.244 -1.7 8.9 30.6 376.2 80
2021002336 0.220 0.4 41.3 3.5 161.6 80
2021002336 0.220 0.8 15.2 7.4 282.5 80
2021002336 0.220 5.4 108.2 440.8 258.2 80
2021002336 0.210 0.1 -0.7 4.9 77.4 80
2021002336 0.208 28.9 136.0 143.5 372.0 80
2021002336 0.197 48.1 119.5 463.8 264.1 80
2021002336 0.187 132.4 333.5 456.4 375.8 80
2021002336 0.182 225.4 356.6 441.2 376.4 80
2021002336 0.181 462.7 70.5 499.6 380.6 80
2021002336 0.173 8.4 96.6 461.0 296.4 80
2021002336 0.164 368.6 39.7 495.7 404.9 80
2021002336 0.155 97.0 145.8 444.7 262.9 80
2021002336 0.153 332.0 361.2 467.3 377.9 80
2021002336 0.151 107.2 155.6 460.1 282.1 80
2021002336 0.149 317.8 209.0 508.6 374.9 80
2021002336 0.148 38.4 272.6 220.0 384.8 80
2021002336 0.146 164.9 203.5 462.2 349.7 80
2021002336 0.145 2.9 333.7 129.5 379.0 80
2021002336 0.144 70.5 215.3 165.9 271.3 80
2021002336 0.142 228.7 214.3 397.3 291.4 80
2021002336 0.142 16.2 134.8 389.3 272.2 80
2021002336 0.140 219.7 191.3 484.3 342.6 80
2021002336 0.140 45.9 203.5 301.7 361.1 80
2021002336 0.139 250.4 229.5 368.1 289.3 80
2021002336 0.137 166.3 196.3 315.1 247.2 80
2021002336 0.137 49.6 152.8 418.8 283.0 80
2021002336 0.136 18.4 177.8 185.8 340.3 80
2021002336 0.136 99.0 195.3 409.4 334.8 80
2021002336 0.136 127.3 334.2 299.9 371.4 80
2021002336 0.134 137.6 207.8 196.5 243.3 80
2021002336 0.133 43.3 185.7 366.2 326.5 80
2021002336 0.130 327.8 237.5 409.4 285.3 80
2021002336 0.130 44.7 356.4 160.3 378.7 80
2021002336 0.129 260.9 173.3 494.0 298.2 80
2021002336 0.129 22.8 149.9 309.5 308.4 80
2021002336 0.128 88.0 248.0 177.7 304.2 80
2021002336 0.128 271.6 221.4 331.5 263.4 80
2021002336 0.127 99.2 182.1 369.8 259.9 80
2021002336 0.127 400.3 154.1 491.9 319.3 80
2021002336 0.125 172.0 191.5 245.1 233.5 80
2021002336 0.124 -4.2 177.6 175.7 378.4 80
2021002336 0.123 115.8 355.5 234.1 377.1 80
2021002336 0.119 200.3 172.6 312.7 224.1 80
2021002336 0.115 -5.0 147.0 121.4 222.2 80
2021002336 0.111 -17.7 68.2 279.3 140.5 80
2021002336 0.111 183.2 105.3 553.5 189.4 80
2021002336 0.111 -97.4 35.6 173.8 96.9 80
2021002336 0.110 233.6 1.1 664.0 65.4 80
2021002336 0.109 250.7 4.4 688.0 70.7 80
2021002336 0.108 204.7 68.7 625.4 159.2 80
2021002336 0.108 -110.4 26.4 300.7 91.6 80
2021002336 0.106 1.1 -4.9 41.9 21.5 80
2021002336 0.106 109.5 17.0 593.6 80.4 80
2021002336 0.103 -50.7 -4.6 448.3 47.3 80
2021002336 0.103 38.6 -2.5 537.6 58.9 80
2021002336 0.103 268.2 38.6 656.1 135.9 80
2021002336 0.101 -0.6 -2.9 498.4 39.7 80
2021002336 0.100 157.5 3.8 654.9 53.6 80
2021002336 0.098 -183.5 -2.0 315.3 21.4 80
2021002336 0.095 74.8 -4.0 573.8 29.0 80
2021002336 0.094 124.0 -2.3 623.0 26.9 80
2021002336 0.091 -87.7 -3.5 411.3 24.7 80
2021002336 0.091 -36.8 -2.6 462.2 22.7 80
2021002336 0.693 388.6 1.7 501.7 52.8 80
2021002336 0.671 373.4 1.5 484.7 40.1 80
2021002336 0.665 468.3 337.8 499.3 374.6 80
2021002336 0.663 112.3 114.4 453.6 283.8 80
2021002336 0.661 226.3 269.3 501.2 378.6 80
2021002336 0.655 1.6 208.9 500.5 375.9 80
2021002336 0.637 -0.5 102.9 497.8 330.3 80
2021002336 0.634 1.1 244.7 14.4 361.6 80
2021002336 0.630 1.6 247.4 500.5 376.5 80
2021002336 0.630 98.4 104.4 456.8 294.7 80
2021002336 0.628 144.6 135.6 458.3 289.9 80
2021002336 0.618 0.6 6.1 499.6 376.5 80
2021002336 0.614 -4.2 177.6 175.7 378.4 2
2021002336 0.605 14.6 104.9 305.7 237.5 80
2021002336 0.598 15.9 100.2 372.4 267.5 80
2021002336 0.590 452.6 1.4 506.6 29.2 80
2021002336 0.579 5.0 96.0 429.4 283.0 80
2021002336 0.575 -5.5 74.3 315.2 365.6 80
2021002336 0.563 11.0 179.8 171.2 354.7 80
2021002336 0.563 493.7 146.2 500.3 269.9 80
2021002336 0.547 417.1 295.9 496.2 373.0 80
2021002336 0.533 8.4 96.6 461.0 296.4 2
2021002336 0.524 279.0 0.5 388.6 13.8 80
2021002336 0.521 16.5 105.4 387.8 261.4 80
2021002336 0.461 497.2 199.7 500.3 330.0 80
2021002336 0.451 0.8 167.3 161.2 368.8 80
2021002336 0.384 499.0 35.2 500.1 146.1 80
2021002336 0.349 496.0 1.0 500.8 292.9 80
2021002336 0.325 11.6 359.6 501.5 376.6 80
2021002336 0.315 0.9 92.6 12.2 366.2 80
2021002336 0.281 483.3 11.0 505.3 384.9 80
2021002336 0.278 482.7 265.2 504.5 375.1 80
2021002336 0.278 496.5 62.7 500.6 352.1 80
2021002336 0.257 -0.7 333.4 28.2 377.8 80
2021002336 0.256 -18.9 195.3 147.8 378.5 80
2021002336 0.248 0.7 124.8 3.2 297.9 80
2021002336 0.244 -1.7 8.9 30.6 376.2 80
2021002336 0.220 0.4 41.3 3.5 161.6 80
2021002336 0.220 0.8 15.2 7.4 282.5 80
2021002336 0.220 5.4 108.2 440.8 258.2 80
2021002336 0.210 0.1 -0.7 4.9 77.4 80
2021002336 0.208 28.9 136.0 143.5 372.0 80
2021002336 0.197 48.1 119.5 463.8 264.1 80
2021002336 0.187 132.4 333.5 456.4 375.8 80
2021002336 0.182 225.4 356.6 441.2 376.4 80
2021002336 0.181 462.7 70.5 499.6 380.6 80
2021002336 0.173 8.4 96.6 461.0 296.4 80
2021002336 0.164 368.6 39.7 495.7 404.9 80
2021002336 0.155 97.0 145.8 444.7 262.9 80
2021002336 0.153 332.0 361.2 467.3 377.9 80
2021002336 0.151 107.2 155.6 460.1 282.1 80
2021002336 0.149 317.8 209.0 508.6 374.9 80
2021002336 0.148 38.4 272.6 220.0 384.8 80
2021002336 0.146 164.9 203.5 462.2 349.7 80
2021002336 0.145 2.9 333.7 129.5 379.0 80
2021002336 0.144 70.5 215.3 165.9 271.3 80
2021002336 0.142 228.7 214.3 397.3 291.4 80
2021002336 0.142 16.2 134.8 389.3 272.2 80
2021002336 0.140 219.7 191.3 484.3 342.6 80
2021002336 0.140 45.9 203.5 301.7 361.1 80
2021002336 0.139 250.4 229.5 368.1 289.3 80
2021002336 0.137 166.3 196.3 315.1 247.2 80
2021002336 0.137 49.6 152.8 418.8 283.0 80
2021002336 0.136 18.4 177.8 185.8 340.3 80
2021002336 0.136 99.0 195.3 409.4 334.8 80
2021002336 0.136 127.3 334.2 299.9 371.4 80
2021002336 0.134 137.6 207.8 196.5 243.3 80
2021002336 0.133 43.3 185.7 366.2 326.5 80
2021002336 0.130 327.8 237.5 409.4 285.3 80
2021002336 0.130 44.7 356.4 160.3 378.7 80
2021002336 0.129 260.9 173.3 494.0 298.2 80
2021002336 0.129 22.8 149.9 309.5 308.4 80
2021002336 0.128 88.0 248.0 177.7 304.2 80
2021002336 0.128 271.6 221.4 331.5 263.4 80
2021002336 0.127 99.2 182.1 369.8 259.9 80
2021002336 0.127 400.3 154.1 491.9 319.3 80
2021002336 0.125 172.0 191.5 245.1 233.5 80
2021002336 0.124 -4.2 177.6 175.7 378.4 80
2021002336 0.123 115.8 355.5 234.1 377.1 80
2021002336 0.119 200.3 172.6 312.7 224.1 80
2021002336 0.115 -5.0 147.0 121.4 222.2 80
2021002336 0.111 -17.7 68.2 279.3 140.5 80
2021002336 0.111 183.2 105.3 553.5 189.4 80
2021002336 0.111 -97.4 35.6 173.8 96.9 80
2021002336 0.110 233.6 1.1 664.0 65.4 80
2021002336 0.109 250.7 4.4 688.0 70.7 80
2021002336 0.108 204.7 68.7 625.4 159.2 80
2021002336 0.108 -110.4 26.4 300.7 91.6 80
2021002336 0.106 1.1 -4.9 41.9 21.5 80
2021002336 0.106 109.5 17.0 593.6 80.4 80
2021002336 0.103 -50.7 -4.6 448.3 47.3 80
2021002336 0.103 38.6 -2.5 537.6 58.9 80
2021002336 0.103 268.2 38.6 656.1 135.9 80
2021002336 0.101 -0.6 -2.9 498.4 39.7 80
2021002336 0.100 157.5 3.8 654.9 53.6 80
2021002336 0.098 -183.5 -2.0 315.3 21.4 80
2021002336 0.095 74.8 -4.0 573.8 29.0 80
2021002336 0.094 124.0 -2.3 623.0 26.9 80
2021002336 0.091 -87.7 -3.5 411.3 24.7 80
2021002336 0.091 -36.8 -2.6 462.2 22.7 80
2021002336 0.000 242.0 73.2 372.7 227.7 80
2021002336 0.000 0.9 43.1 103.5 247.8 80
2021002336 0.000 143.7 135.9 210.3 202.4 80
2021002336 0.000 211.4 111.8 275.3 178.0 80
2021002336 0.000 371.0 109.2 486.3 268.7 80
2021002336 0.000 255.8 137.9 317.1 204.5 80
2021002336 0.000 156.6 31.4 304.0 211.6 80
2021002336 0.000 45.5 217.8 107.4 288.9 80
2021002336 0.000 136.3 82.3 207.6 151.5 80
2021002336 0.000 81.5 117.6 146.9 186.5 80
2021002336 0.000 197.9 51.8 272.4 119.8 80
2021002336 0.000 453.6 128.4 499.6 211.2 80
2021002336 0.000 387.8 97.3 461.7 164.2 80
2021002336 0.000 348.6 145.3 411.0 211.1 80
2021002336 0.000 136.9 218.3 201.8 292.7 80
2021002336 0.000 19.5 26.1 206.5 194.8 80
2021002336 0.000 1.5 201.3 48.0 285.0 80
2021002336 0.000 297.9 170.7 359.9 236.2 80
2021002336 0.000 453.4 192.9 499.6 275.6 80
2021002336 0.000 356.3 197.7 415.7 265.7 80
2021002336 0.000 313.5 100.9 376.2 167.7 80
2021002336 0.000 323.9 8.3 496.6 191.8 80
2021002336 0.000 287.5 132.8 485.8 257.7 80
2021002336 0.000 205.6 160.1 267.3 225.4 80
2021002336 0.000 0.9 125.8 102.1 357.9 80
2021002336 0.000 33.3 127.4 166.8 276.8 80
2021002336 0.000 1.0 151.5 47.1 234.6 80
2021002336 0.000 89.9 187.8 149.8 253.9 80
2021002336 0.000 449.0 54.1 499.7 153.4 80
2021002336 0.000 117.9 161.9 233.2 316.5 80
2021002336 0.000 218.0 251.8 286.7 331.9 80
2021002336 0.000 149.3 172.2 210.8 237.6 80
2021002336 0.000 410.1 176.6 474.8 242.3 80
2021002336 0.000 27.0 155.1 94.9 220.9 80
2021002336 0.000 323.9 218.2 384.1 295.1 80
2021002336 0.000 202.7 116.7 319.1 275.9 80
2021002336 0.000 177.6 56.6 471.2 267.4 80
2021002336 0.000 252.3 124.0 366.8 347.9 80
2021002336 0.000 0.5 90.4 51.3 173.8 80
2021002336 0.000 0.7 22.0 51.8 106.0 80
2021002336 0.000 46.4 108.1 284.6 258.9 80
2021002336 0.000 101.1 50.5 245.1 317.1 80
2021002336 0.000 255.5 3.7 329.5 73.3 80
2021002336 0.000 322.9 47.5 406.2 116.3 80
2021002336 0.000 43.3 21.4 383.8 258.4 80
2021002336 0.000 0.6 249.6 58.3 369.8 80
2021002336 0.000 178.6 220.3 238.0 300.5 80
2021002336 0.000 442.7 245.1 499.6 368.5 80
2021002336 0.000 398.6 113.5 499.6 355.5 80
2021002336 0.000 10.6 10.6 491.5 199.6 80
2021002336 0.000 258.6 42.4 428.2 311.1 80
2021002336 0.000 90.0 16.9 408.1 364.6 80
2021002336 0.000 256.1 169.2 365.6 301.9 80
2021002336 0.000 -2.4 5.4 286.1 371.6 80
2021002336 0.000 8.1 89.0 229.6 370.1 80
2021002336 0.000 0.7 22.9 146.6 363.6 80
2021002336 0.000 213.1 6.1 497.0 372.7 80
2021002336 0.000 131.2 78.4 368.1 365.5 80
2021002336 0.000 156.2 201.7 351.1 369.4 80
2021002336 0.000 170.3 106.4 310.3 353.3 80
2021002336 0.000 153.4 21.0 355.4 360.9 80
2021002336 0.000 357.6 18.1 500.9 361.1 80
2021002336 0.000 68.8 68.1 447.4 321.4 80
2021002336 0.000 177.0 8.2 417.9 127.1 80
2021002336 0.000 43.6 254.9 289.5 373.6 80
2021002336 0.000 2.3 68.4 366.1 369.3 80
2021002336 0.000 5.1 279.1 130.5 374.3 80
2021002336 0.000 12.0 183.0 185.2 365.8 80
2021002336 0.000 305.3 180.1 482.3 365.0 80
2021002336 0.000 220.0 199.0 278.3 264.7 80
2021002336 0.000 24.3 146.3 338.1 364.6 80
2021002336 0.000 2.5 1.3 412.8 373.0 80
2021002336 0.000 150.8 131.3 355.6 228.6 80
2021002336 0.000 274.3 86.1 490.6 373.1 80
2021002336 0.000 3.0 228.5 496.0 374.4 80
2021002336 0.000 220.7 257.3 474.7 373.5 80
2021002336 0.000 84.5 1.1 496.2 372.9 80
2021002336 0.000 158.6 67.8 495.0 371.2 80
2021002336 0.000 157.9 150.5 463.3 364.9 80
2021002336 0.000 362.6 245.1 494.3 368.9 80
2021002336 0.000 44.4 60.6 117.3 136.8 80
2021002336 0.000 129.9 101.9 365.9 294.0 80
2021002336 0.000 22.3 43.4 477.5 366.6 80
2021002336 0.000 60.2 142.4 409.5 272.0 80
2021002336 0.000 0.4 100.8 499.0 366.5 80
2021002336 0.000 244.0 202.0 298.7 273.9 80
2021002336 0.000 12.6 94.7 489.8 271.8 80
2021002336 0.000 0.8 0.3 499.7 373.9 80
2021002336 0.000 1.3 18.3 498.9 309.8 80
2021002336 0.000 286.3 250.3 340.8 319.0 80
2021002336 0.000 424.2 6.2 498.9 85.7 80
2021002336 0.000 12.6 94.7 489.8 271.8 0
2021002336 0.000 0.8 0.3 499.7 373.9 7
2021002336 0.000 8.1 89.0 229.6 370.1 14
2021002336 0.000 258.6 42.4 428.2 311.1 14
2021002336 0.000 101.1 50.5 245.1 317.1 14
2021002336 0.000 170.3 106.4 310.3 353.3 14
2021002336 0.000 274.3 86.1 490.6 373.1 14
2021002336 0.000 153.4 21.0 355.4 360.9 14
2021002336 0.000 213.1 6.1 497.0 372.7 14
