2021000000089648 0.785 598.4 400.8 635.8 425.6 80
2021000000089648 0.749 424.1 104.3 548.4 260.4 80
2021000000089648 0.745 420.7 99.0 495.2 164.1 80
2021000000089648 0.745 525.7 323.5 615.3 422.0 80
2021000000089648 0.742 533.5 154.0 567.7 210.2 80
2021000000089648 0.741 236.4 92.3 562.0 246.7 80
2021000000089648 0.740 43.1 111.6 200.7 278.4 80
2021000000089648 0.738 485.2 299.6 609.5 409.4 80
2021000000089648 0.737 73.2 8.2 210.0 107.8 80
2021000000089648 0.734 553.7 402.0 628.9 425.7 80
2021000000089648 0.728 485.9 359.3 625.7 427.0 80
2021000000089648 0.727 638.1 339.5 640.1 426.3 80
2021000000089648 0.725 488.8 136.8 536.2 242.5 80
2021000000089648 0.721 259.1 40.8 372.4 196.4 80
2021000000089648 0.719 4.2 16.4 633.4 336.2 80
2021000000089648 0.718 47.9 -6.8 225.5 139.0 80
2021000000089648 0.718 63.4 20.1 524.8 301.3 80
2021000000089648 0.718 420.8 96.9 548.2 259.0 18
2021000000089648 0.717 486.1 297.2 633.8 426.3 18
2021000000089648 0.717 0.4 196.9 7.3 275.2 80
