2021005904 0.660 468.1 309.1 498.5 333.4 80
2021005904 0.631 45.2 127.0 440.2 255.2 6
2021005904 0.539 43.4 135.3 433.3 256.9 80
2021005904 0.538 496.3 155.1 499.9 218.4 80
2021005904 0.460 498.0 198.8 500.1 292.2 80
2021005904 0.433 498.4 74.7 500.3 140.2 80
2021005904 0.278 71.6 134.1 453.8 248.3 80
2021005904 0.270 31.3 135.0 451.0 246.7 80
2021005904 0.260 499.1 62.3 500.3 195.1 80
2021005904 0.252 109.2 134.2 444.9 235.8 80
2021005904 0.251 498.8 87.6 500.3 287.6 80
2021005904 0.230 0.7 105.9 3.0 210.6 80
2021005904 0.225 31.0 149.6 319.2 241.1 80
2021005904 0.220 0.5 39.7 3.3 138.4 80
2021005904 0.219 0.3 0.9 5.0 71.3 80
2021005904 0.215 0.4 172.2 4.3 300.3 80
2021005904 0.211 1.0 35.1 7.0 192.8 80
2021005904 0.207 487.7 234.7 505.0 333.2 80
2021005904 0.207 0.7 58.4 8.5 288.8 80
2021005904 0.186 -1.9 282.5 19.7 343.1 80
2021005904 0.185 165.1 325.0 348.5 335.9 80
2021005904 0.183 25.3 138.3 404.2 235.7 80
2021005904 0.180 0.0 43.9 23.0 280.0 80
2021005904 0.175 0.6 146.4 23.6 345.1 80
2021005904 0.171 62.8 128.2 446.3 231.6 80
2021005904 0.171 470.8 76.1 501.8 329.4 80
2021005904 0.156 487.5 127.0 502.2 309.0 80
2021005904 0.155 134.0 228.4 239.7 267.3 80
2021005904 0.155 35.6 133.9 363.4 219.6 80
2021005904 0.150 355.8 171.6 493.6 337.1 80
2021005904 0.150 171.0 170.2 422.0 239.6 80
2021005904 0.150 235.4 233.5 268.8 257.7 80
2021005904 0.147 130.1 231.0 168.1 257.7 80
2021005904 0.146 179.3 232.5 216.1 258.1 80
2021005904 0.146 260.6 236.1 312.3 267.2 80
2021005904 0.143 339.6 321.3 455.0 337.2 80
2021005904 0.140 89.4 219.8 179.8 261.1 80
2021005904 0.139 4.8 93.7 68.4 319.3 80
2021005904 0.138 292.8 220.5 328.2 247.6 80
2021005904 0.138 44.2 170.0 371.8 259.6 80
2021005904 0.138 67.7 280.9 208.4 332.6 80
2021005904 0.137 303.6 299.0 421.1 331.1 80
2021005904 0.137 91.1 175.6 409.8 270.8 80
2021005904 0.137 107.8 197.5 397.3 304.7 80
2021005904 0.136 43.1 186.4 316.2 295.6 80
2021005904 0.134 213.6 173.2 384.4 232.6 80
2021005904 0.134 253.2 203.6 285.4 231.2 80
2021005904 0.133 85.2 220.5 127.7 251.1 80
2021005904 0.133 7.9 174.6 194.7 319.1 80
2021005904 0.133 178.9 190.4 439.6 285.4 80
2021005904 0.133 340.6 132.3 503.1 271.0 80
2021005904 0.132 420.7 196.7 471.8 256.5 80
2021005904 0.131 343.4 213.7 409.8 251.9 80
2021005904 0.131 299.9 221.7 360.4 258.3 80
2021005904 0.131 170.7 312.9 311.7 334.5 80
2021005904 0.130 231.9 203.1 283.1 234.0 80
2021005904 0.130 14.9 173.7 268.2 260.8 80
2021005904 0.129 271.9 200.5 395.7 259.0 80
2021005904 0.129 146.2 286.8 275.6 328.0 80
2021005904 0.129 228.0 186.0 470.0 280.1 80
2021005904 0.128 100.0 126.4 399.7 208.9 80
2021005904 0.128 325.3 236.6 408.7 275.5 80
2021005904 0.128 264.3 315.5 379.2 335.2 80
2021005904 0.128 408.1 309.4 495.4 332.4 80
2021005904 0.127 20.6 299.6 92.1 332.0 80
2021005904 0.126 211.4 295.1 328.3 328.3 80
2021005904 0.124 52.5 317.7 158.2 337.0 80
2021005904 0.122 121.3 316.2 231.3 336.2 80
2021005904 0.122 101.6 176.6 360.5 237.2 80
2021005904 0.120 45.2 127.0 440.2 255.2 80
2021005904 0.119 328.9 168.1 403.3 209.6 80
2021005904 0.119 29.1 139.5 239.3 211.5 80
2021005904 0.118 19.2 167.5 192.5 238.4 80
2021005904 0.115 163.2 131.8 266.4 179.1 80
2021005904 0.114 49.1 200.2 124.0 241.9 80
2021005904 0.112 69.9 89.9 271.3 148.0 80
2021005904 0.112 -18.8 103.1 135.8 159.5 80
2021005904 0.111 277.0 92.4 558.4 153.6 80
2021005904 0.110 -86.0 20.2 159.9 58.5 80
2021005904 0.107 384.2 70.9 549.0 135.2 80
2021005904 0.107 -70.6 10.8 356.9 50.6 80
2021005904 0.106 164.5 25.1 554.0 76.2 80
2021005904 0.105 -142.8 8.8 330.0 38.7 80
2021005904 0.105 204.5 10.4 621.0 47.3 80
2021005904 0.105 50.9 4.2 540.6 37.7 80
2021005904 0.101 208.4 6.6 687.7 32.3 80
2021005904 0.099 268.3 8.9 692.8 34.9 80
2021005904 0.098 -0.1 1.2 498.9 22.7 80
2021005904 0.097 -46.7 1.1 452.3 23.3 80
2021005904 0.094 72.6 0.6 571.6 22.1 80
2021005904 0.093 -187.1 -2.1 251.0 19.2 80
2021005904 0.093 -38.0 -1.9 460.9 18.2 80
2021005904 0.092 -139.1 -0.4 359.4 20.1 80
2021005904 0.092 -185.9 1.8 312.2 22.6 80
2021005904 0.092 -93.5 0.7 405.3 21.9 80
2021005904 0.091 20.9 -1.9 519.8 19.5 80
2021005904 0.091 156.0 -0.5 654.7 21.1 80
2021005904 0.091 81.5 -2.0 580.5 18.2 80
2021005904 0.091 201.4 -0.4 700.3 21.2 80
2021005904 0.090 121.3 0.5 620.2 22.6 80
2021005904 0.660 468.1 309.1 498.5 333.4 80
2021005904 0.631 45.2 127.0 440.2 255.2 6
2021005904 0.539 43.4 135.3 433.3 256.9 80
2021005904 0.538 496.3 155.1 499.9 218.4 80
2021005904 0.460 498.0 198.8 500.1 292.2 80
2021005904 0.433 498.4 74.7 500.3 140.2 80
2021005904 0.278 71.6 134.1 453.8 248.3 80
2021005904 0.270 31.3 135.0 451.0 246.7 80
2021005904 0.260 499.1 62.3 500.3 195.1 80
2021005904 0.252 109.2 134.2 444.9 235.8 80
2021005904 0.251 498.8 87.6 500.3 287.6 80
2021005904 0.230 0.7 105.9 3.0 210.6 80
2021005904 0.225 31.0 149.6 319.2 241.1 80
2021005904 0.220 0.5 39.7 3.3 138.4 80
2021005904 0.219 0.3 0.9 5.0 71.3 80
2021005904 0.215 0.4 172.2 4.3 300.3 80
2021005904 0.211 1.0 35.1 7.0 192.8 80
2021005904 0.207 487.7 234.7 505.0 333.2 80
2021005904 0.207 0.7 58.4 8.5 288.8 80
2021005904 0.186 -1.9 282.5 19.7 343.1 80
2021005904 0.185 165.1 325.0 348.5 335.9 80
2021005904 0.183 25.3 138.3 404.2 235.7 80
2021005904 0.180 0.0 43.9 23.0 280.0 80
2021005904 0.175 0.6 146.4 23.6 345.1 80
2021005904 0.171 62.8 128.2 446.3 231.6 80
2021005904 0.171 470.8 76.1 501.8 329.4 80
2021005904 0.156 487.5 127.0 502.2 309.0 80
2021005904 0.155 134.0 228.4 239.7 267.3 80
2021005904 0.155 35.6 133.9 363.4 219.6 80
2021005904 0.150 355.8 171.6 493.6 337.1 80
2021005904 0.150 171.0 170.2 422.0 239.6 80
2021005904 0.150 235.4 233.5 268.8 257.7 80
2021005904 0.147 130.1 231.0 168.1 257.7 80
2021005904 0.146 179.3 232.5 216.1 258.1 80
2021005904 0.146 260.6 236.1 312.3 267.2 80
2021005904 0.143 339.6 321.3 455.0 337.2 80
2021005904 0.140 89.4 219.8 179.8 261.1 80
2021005904 0.139 4.8 93.7 68.4 319.3 80
2021005904 0.138 292.8 220.5 328.2 247.6 80
2021005904 0.138 44.2 170.0 371.8 259.6 80
2021005904 0.138 67.7 280.9 208.4 332.6 80
2021005904 0.137 303.6 299.0 421.1 331.1 80
2021005904 0.137 91.1 175.6 409.8 270.8 80
2021005904 0.137 107.8 197.5 397.3 304.7 80
2021005904 0.136 43.1 186.4 316.2 295.6 80
2021005904 0.134 213.6 173.2 384.4 232.6 80
2021005904 0.134 253.2 203.6 285.4 231.2 80
2021005904 0.133 85.2 220.5 127.7 251.1 80
2021005904 0.133 7.9 174.6 194.7 319.1 80
2021005904 0.133 178.9 190.4 439.6 285.4 80
2021005904 0.133 340.6 132.3 503.1 271.0 80
2021005904 0.132 420.7 196.7 471.8 256.5 80
2021005904 0.131 343.4 213.7 409.8 251.9 80
2021005904 0.131 299.9 221.7 360.4 258.3 80
2021005904 0.131 170.7 312.9 311.7 334.5 80
2021005904 0.130 231.9 203.1 283.1 234.0 80
2021005904 0.130 14.9 173.7 268.2 260.8 80
2021005904 0.129 271.9 200.5 395.7 259.0 80
2021005904 0.129 146.2 286.8 275.6 328.0 80
2021005904 0.129 228.0 186.0 470.0 280.1 80
2021005904 0.128 100.0 126.4 399.7 208.9 80
2021005904 0.128 325.3 236.6 408.7 275.5 80
2021005904 0.128 264.3 315.5 379.2 335.2 80
2021005904 0.128 408.1 309.4 495.4 332.4 80
2021005904 0.127 20.6 299.6 92.1 332.0 80
2021005904 0.126 211.4 295.1 328.3 328.3 80
2021005904 0.124 52.5 317.7 158.2 337.0 80
2021005904 0.122 121.3 316.2 231.3 336.2 80
2021005904 0.122 101.6 176.6 360.5 237.2 80
2021005904 0.120 45.2 127.0 440.2 255.2 80
2021005904 0.119 328.9 168.1 403.3 209.6 80
2021005904 0.119 29.1 139.5 239.3 211.5 80
2021005904 0.118 19.2 167.5 192.5 238.4 80
2021005904 0.115 163.2 131.8 266.4 179.1 80
2021005904 0.114 49.1 200.2 124.0 241.9 80
2021005904 0.112 69.9 89.9 271.3 148.0 80
2021005904 0.112 -18.8 103.1 135.8 159.5 80
2021005904 0.111 277.0 92.4 558.4 153.6 80
2021005904 0.110 -86.0 20.2 159.9 58.5 80
2021005904 0.107 384.2 70.9 549.0 135.2 80
2021005904 0.107 -70.6 10.8 356.9 50.6 80
2021005904 0.106 164.5 25.1 554.0 76.2 80
2021005904 0.105 -142.8 8.8 330.0 38.7 80
2021005904 0.105 204.5 10.4 621.0 47.3 80
2021005904 0.105 50.9 4.2 540.6 37.7 80
2021005904 0.101 208.4 6.6 687.7 32.3 80
2021005904 0.099 268.3 8.9 692.8 34.9 80
2021005904 0.098 -0.1 1.2 498.9 22.7 80
2021005904 0.097 -46.7 1.1 452.3 23.3 80
2021005904 0.094 72.6 0.6 571.6 22.1 80
2021005904 0.093 -187.1 -2.1 251.0 19.2 80
2021005904 0.093 -38.0 -1.9 460.9 18.2 80
2021005904 0.092 -139.1 -0.4 359.4 20.1 80
2021005904 0.092 -185.9 1.8 312.2 22.6 80
2021005904 0.092 -93.5 0.7 405.3 21.9 80
2021005904 0.091 20.9 -1.9 519.8 19.5 80
2021005904 0.091 156.0 -0.5 654.7 21.1 80
2021005904 0.091 81.5 -2.0 580.5 18.2 80
2021005904 0.091 201.4 -0.4 700.3 21.2 80
2021005904 0.090 121.3 0.5 620.2 22.6 80
2021005904 0.000 0.8 39.7 103.7 220.6 80
2021005904 0.000 245.1 64.8 370.2 203.7 80
2021005904 0.000 203.1 44.5 266.1 107.0 80
2021005904 0.000 256.6 124.0 316.4 183.4 80
2021005904 0.000 372.7 97.6 484.8 239.4 80
2021005904 0.000 45.9 194.2 106.8 257.6 80
2021005904 0.000 83.8 106.0 144.8 168.1 80
2021005904 0.000 133.1 93.8 218.1 194.6 80
2021005904 0.000 390.5 86.0 458.7 145.6 80
2021005904 0.000 453.6 114.7 499.6 188.1 80
2021005904 0.000 213.4 102.0 273.6 161.5 80
2021005904 0.000 141.4 73.5 202.4 137.0 80
2021005904 0.000 22.2 26.3 202.4 174.5 80
2021005904 0.000 325.8 10.5 494.5 170.9 80
2021005904 0.000 1.5 179.6 48.0 253.8 80
2021005904 0.000 162.1 29.2 299.4 188.6 80
2021005904 0.000 349.9 130.8 409.9 189.5 80
2021005904 0.000 219.9 214.0 281.0 300.6 80
2021005904 0.000 90.6 168.2 149.2 227.3 80
2021005904 0.000 314.7 90.9 375.2 150.4 80
2021005904 0.000 357.4 177.3 415.0 237.0 80
2021005904 0.000 32.3 113.5 167.9 246.4 80
2021005904 0.000 1.0 135.1 47.1 208.8 80
2021005904 0.000 453.4 171.8 499.7 245.3 80
2021005904 0.000 0.5 112.3 102.1 318.8 80
2021005904 0.000 449.1 48.3 499.7 136.6 80
2021005904 0.000 259.7 2.5 324.6 66.0 80
2021005904 0.000 137.6 194.7 201.5 259.4 80
2021005904 0.000 298.6 153.1 359.4 211.2 80
2021005904 0.000 28.5 139.0 93.6 197.4 80
2021005904 0.000 255.4 112.4 363.3 310.3 80
2021005904 0.000 119.1 143.5 232.5 282.1 80
2021005904 0.000 149.8 154.1 210.5 212.3 80
2021005904 0.000 293.0 118.7 480.6 231.4 80
2021005904 0.000 325.5 195.1 382.1 263.4 80
2021005904 0.000 0.7 20.0 51.8 94.4 80
2021005904 0.000 219.9 177.2 278.2 236.2 80
2021005904 0.000 48.8 19.0 377.9 228.9 80
2021005904 0.000 410.2 157.3 474.7 215.7 80
2021005904 0.000 205.3 105.4 317.1 250.1 80
2021005904 0.000 0.7 222.4 58.3 329.6 80
2021005904 0.000 180.1 197.9 238.1 265.3 80
2021005904 0.000 177.0 51.4 471.7 237.5 80
2021005904 0.000 49.5 97.8 281.8 230.1 80
2021005904 0.000 325.8 41.5 402.7 103.7 80
2021005904 0.000 101.1 44.0 244.3 278.2 80
2021005904 0.000 0.3 80.9 51.5 154.7 80
2021005904 0.000 206.3 143.4 267.1 202.0 80
2021005904 0.000 442.7 218.1 499.6 328.4 80
2021005904 0.000 15.1 12.8 486.3 175.0 80
2021005904 0.000 398.5 99.3 499.4 316.7 80
2021005904 0.000 1.5 5.5 282.2 330.9 80
2021005904 0.000 94.9 14.0 401.8 325.9 80
2021005904 0.000 262.6 37.5 424.1 279.1 80
2021005904 0.000 189.1 7.3 402.1 120.7 80
2021005904 0.000 1.1 21.5 146.5 323.8 80
2021005904 0.000 160.6 176.0 349.3 327.9 80
2021005904 0.000 212.9 5.7 497.4 332.0 80
2021005904 0.000 159.4 25.0 350.2 317.2 80
2021005904 0.000 11.5 80.1 225.9 329.5 80
2021005904 0.000 357.6 16.8 501.4 320.8 80
2021005904 0.000 280.6 213.0 336.4 295.1 80
2021005904 0.000 171.4 94.3 308.9 315.0 80
2021005904 0.000 132.8 69.4 366.0 325.4 80
2021005904 0.000 257.5 148.5 363.0 273.0 80
2021005904 0.000 5.0 248.8 130.5 333.4 80
2021005904 0.000 306.3 161.0 481.9 324.9 80
2021005904 0.000 54.0 227.3 278.3 331.9 80
2021005904 0.000 11.7 163.1 185.3 325.9 80
2021005904 0.000 3.3 1.2 410.3 332.1 80
2021005904 0.000 8.1 204.0 491.3 332.4 80
2021005904 0.000 4.9 57.9 361.3 328.9 80
2021005904 0.000 223.1 228.5 472.3 332.4 80
2021005904 0.000 72.1 57.3 444.4 285.3 80
2021005904 0.000 34.1 131.5 327.1 323.2 80
2021005904 0.000 85.7 1.0 494.7 332.0 80
2021005904 0.000 278.1 77.5 486.3 332.0 80
2021005904 0.000 162.7 118.3 345.3 205.4 80
2021005904 0.000 244.5 179.9 298.0 243.4 80
2021005904 0.000 168.6 134.8 451.1 323.0 80
2021005904 0.000 362.2 218.9 494.6 328.3 80
2021005904 0.000 44.5 54.1 117.2 121.9 80
2021005904 0.000 160.2 58.9 492.6 330.0 80
2021005904 0.000 134.9 91.8 359.7 261.7 80
2021005904 0.000 67.7 127.6 402.2 242.2 80
2021005904 0.000 22.4 38.3 474.4 322.3 80
2021005904 0.000 0.6 89.6 498.5 324.7 80
2021005904 0.000 0.8 0.8 499.6 333.2 80
2021005904 0.000 17.1 85.6 484.0 240.8 80
2021005904 0.000 2.5 21.1 497.4 274.0 80
2021005904 0.000 424.3 5.6 498.8 76.2 80
2021005904 0.000 17.1 85.6 484.0 240.8 0
2021005904 0.000 262.6 37.5 424.1 279.1 14
2021005904 0.000 171.4 94.3 308.9 315.0 14
2021005904 0.000 101.1 44.0 244.3 278.2 14
2021005904 0.000 159.4 25.0 350.2 317.2 14
2021005904 0.000 11.5 80.1 225.9 329.5 14
2021005904 0.000 278.1 77.5 486.3 332.0 14
2021005904 0.000 132.8 69.4 366.0 325.4 14
2021005904 0.000 154.2 269.4 238.2 329.2 80
