2021000000536038 0.758 -1.1 232.7 158.0 570.0 80
2021000000536038 0.756 322.5 595.3 367.9 640.6 80
2021000000536038 0.752 124.8 68.5 343.2 313.3 80
2021000000536038 0.751 120.0 80.8 346.4 504.5 80
2021000000536038 0.749 7.9 64.2 242.2 312.4 80
2021000000536038 0.743 175.9 111.1 355.3 540.6 80
2021000000536038 0.743 172.8 312.1 355.3 533.7 80
2021000000536038 0.743 -0.2 65.9 313.4 392.2 80
2021000000536038 0.741 28.6 67.5 354.4 460.7 80
2021000000536038 0.741 90.9 79.2 349.6 529.8 80
2021000000536038 0.740 153.0 339.0 346.4 539.8 80
2021000000536038 0.738 299.4 327.9 358.9 491.0 80
2021000000536038 0.738 155.9 85.8 339.7 320.3 80
2021000000536038 0.738 353.5 400.3 358.1 539.8 80
2021000000536038 0.737 25.2 246.8 177.0 450.5 80
2021000000536038 0.736 240.2 236.0 357.2 485.8 80
2021000000536038 0.735 217.1 427.6 346.2 543.2 80
2021000000536038 0.735 1.6 63.4 352.8 568.4 80
2021000000536038 0.734 6.4 48.6 78.9 600.6 80
2021000000536038 0.734 60.6 445.3 351.3 639.6 80
