2021000000580410 0.720 235.3 205.2 315.3 344.0 8
2021000000580410 0.699 122.2 432.1 219.3 502.8 80
2021000000580410 0.694 124.0 275.7 195.0 415.3 80
2021000000580410 0.685 1.1 195.4 42.6 392.0 80
2021000000580410 0.673 237.1 209.5 307.1 323.6 80
2021000000580410 0.670 148.8 229.5 206.7 299.1 80
2021000000580410 0.666 -2.8 226.8 170.1 493.9 80
2021000000580410 0.666 103.5 230.8 201.2 307.8 80
2021000000580410 0.659 259.5 205.6 308.3 281.4 80
2021000000580410 0.655 126.9 428.0 224.8 499.9 80
2021000000580410 0.648 254.4 209.3 310.7 312.8 80
2021000000580410 0.647 1.3 162.3 18.1 319.7 80
2021000000580410 0.646 141.2 216.2 203.9 285.0 80
2021000000580410 0.643 400.4 591.2 429.0 632.2 80
2021000000580410 0.637 21.2 249.5 122.6 339.3 80
2021000000580410 0.633 414.4 82.2 427.5 146.5 80
2021000000580410 0.632 14.7 254.6 137.5 473.2 80
2021000000580410 0.630 -0.2 222.1 121.9 497.7 80
2021000000580410 0.620 58.6 236.5 196.7 376.5 80
2021000000580410 0.618 3.1 251.6 143.8 508.4 80
2021000000580410 0.618 278.6 83.3 329.4 114.8 80
2021000000580410 0.616 2.4 265.4 64.1 493.8 80
2021000000580410 0.611 384.8 387.3 426.3 493.2 80
2021000000580410 0.609 386.0 359.1 426.4 571.9 80
2021000000580410 0.608 231.9 230.9 314.5 339.2 80
2021000000580410 0.602 388.8 388.7 425.4 493.4 80
2021000000580410 0.595 -0.4 257.6 133.0 512.9 80
2021000000580410 0.594 128.3 227.9 200.8 398.7 80
2021000000580410 0.593 234.6 224.4 321.7 346.9 80
2021000000580410 0.592 107.5 242.3 183.6 301.4 80
2021000000580410 0.571 0.9 465.3 8.8 532.6 80
2021000000580410 0.569 -0.2 313.9 129.6 521.8 80
2021000000580410 0.560 23.5 251.1 123.7 335.1 80
2021000000580410 0.553 -16.8 226.2 222.3 432.9 80
2021000000580410 0.541 421.0 209.5 427.0 287.4 80
2021000000580410 0.541 7.3 263.0 66.9 621.1 80
2021000000580410 0.540 406.2 259.1 426.9 327.5 80
2021000000580410 0.536 408.1 116.0 427.8 365.2 80
2021000000580410 0.536 0.7 237.3 14.3 485.2 80
2021000000580410 0.520 279.7 81.1 344.7 117.2 80
2021000000580410 0.520 416.6 69.5 427.7 325.0 80
2021000000580410 0.505 391.5 329.7 427.5 390.9 80
2021000000580410 0.504 189.5 215.6 402.4 346.1 80
2021000000580410 0.501 1.3 107.7 17.8 323.8 80
2021000000580410 0.499 1.4 107.5 6.3 188.0 80
2021000000580410 0.490 260.2 213.1 332.7 326.0 80
2021000000580410 0.489 408.9 208.9 427.7 428.8 80
2021000000580410 0.479 382.4 327.3 427.4 396.4 80
2021000000580410 0.474 382.0 251.2 427.2 646.2 80
2021000000580410 0.459 380.2 414.7 432.3 639.6 80
2021000000580410 0.455 1.3 251.0 132.8 514.7 17
2021000000580410 0.435 409.1 140.0 428.8 651.9 80
2021000000580410 0.423 61.2 238.6 196.0 308.7 80
2021000000580410 0.338 383.2 389.7 426.3 492.2 80
2021000000580410 0.301 -1.5 254.9 172.3 494.3 80
2021000000580410 0.291 274.5 621.2 438.2 641.7 80
2021000000580410 0.272 382.2 117.9 432.0 711.1 80
2021000000580410 0.247 -1.9 186.6 423.2 453.8 80
2021000000580410 0.221 61.2 238.6 196.0 308.7 8
2021000000580410 0.214 1.3 251.0 132.8 514.7 8
2021000000580410 0.196 1.3 251.0 132.8 514.7 80
2021000000580410 0.194 0.4 473.2 8.9 662.6 80
2021000000580410 0.178 61.2 238.6 196.0 308.7 17
2021000000580410 0.174 383.2 389.7 426.3 492.2 6
2021000000580410 0.172 228.8 444.4 430.4 656.7 80
2021000000580410 0.153 2.4 265.4 64.1 493.8 17
2021000000580410 0.153 383.2 389.7 426.3 492.2 8
2021000000580410 0.149 406.2 259.1 426.9 327.5 8
2021000000580410 0.145 155.0 538.2 326.8 638.8 80
2021000000580410 0.145 34.5 427.4 193.6 656.2 80
2021000000580410 0.144 106.4 514.4 265.9 636.8 80
2021000000580410 0.142 211.8 291.4 414.8 606.0 80
2021000000580410 0.141 123.7 601.5 307.7 640.8 80
2021000000580410 0.141 128.3 227.9 200.8 398.7 8
2021000000580410 0.138 13.2 538.7 79.1 648.6 80
2021000000580410 0.136 11.3 295.9 183.9 507.1 80
2021000000580410 0.136 155.7 344.1 390.3 592.1 80
2021000000580410 0.134 87.9 389.6 347.7 603.1 80
2021000000580410 0.132 90.0 311.4 129.0 374.9 80
2021000000580410 0.131 140.4 615.5 297.9 643.5 80
2021000000580410 0.130 23.5 251.1 123.7 335.1 8
2021000000580410 0.130 82.8 376.9 342.0 514.6 80
2021000000580410 0.129 199.4 321.3 240.4 381.3 80
2021000000580410 0.128 39.5 361.9 255.6 575.5 80
2021000000580410 0.128 221.4 604.2 336.2 640.0 80
2021000000580410 0.128 382.4 327.3 427.4 396.4 10
2021000000580410 0.127 114.9 177.6 325.2 286.8 80
2021000000580410 0.121 383.2 389.7 426.3 492.2 19
2021000000580410 0.120 184.2 424.6 304.5 519.7 80
2021000000580410 0.119 39.9 601.6 131.8 645.2 80
2021000000580410 0.119 98.1 302.1 307.2 443.0 80
2021000000580410 0.119 391.5 329.7 427.5 390.9 10
2021000000580410 0.119 283.0 265.3 369.7 350.0 80
2021000000580410 0.116 98.3 594.0 197.6 642.5 80
2021000000580410 0.116 108.6 315.4 283.9 474.7 80
2021000000580410 0.115 243.7 305.6 423.8 414.3 80
2021000000580410 0.115 28.3 192.4 96.7 292.6 80
2021000000580410 0.112 257.4 144.7 415.6 251.9 80
2021000000580410 0.110 59.7 240.9 381.9 358.3 80
2021000000580410 0.110 19.7 41.2 324.6 155.2 80
2021000000580410 0.720 235.3 205.2 315.3 344.0 8
2021000000580410 0.699 122.2 432.1 219.3 502.8 80
2021000000580410 0.694 124.0 275.7 195.0 415.3 80
2021000000580410 0.685 1.1 195.4 42.6 392.0 80
2021000000580410 0.673 237.1 209.5 307.1 323.6 80
2021000000580410 0.670 148.8 229.5 206.7 299.1 80
2021000000580410 0.666 -2.8 226.8 170.1 493.9 80
2021000000580410 0.666 103.5 230.8 201.2 307.8 80
2021000000580410 0.659 259.5 205.6 308.3 281.4 80
2021000000580410 0.655 126.9 428.0 224.8 499.9 80
2021000000580410 0.648 254.4 209.3 310.7 312.8 80
2021000000580410 0.647 1.3 162.3 18.1 319.7 80
2021000000580410 0.646 141.2 216.2 203.9 285.0 80
2021000000580410 0.643 400.4 591.2 429.0 632.2 80
2021000000580410 0.637 21.2 249.5 122.6 339.3 80
2021000000580410 0.633 414.4 82.2 427.5 146.5 80
2021000000580410 0.632 14.7 254.6 137.5 473.2 80
2021000000580410 0.630 -0.2 222.1 121.9 497.7 80
2021000000580410 0.620 58.6 236.5 196.7 376.5 80
2021000000580410 0.618 3.1 251.6 143.8 508.4 80
2021000000580410 0.618 278.6 83.3 329.4 114.8 80
2021000000580410 0.616 2.4 265.4 64.1 493.8 80
2021000000580410 0.611 384.8 387.3 426.3 493.2 80
2021000000580410 0.609 386.0 359.1 426.4 571.9 80
2021000000580410 0.608 231.9 230.9 314.5 339.2 80
2021000000580410 0.602 388.8 388.7 425.4 493.4 80
2021000000580410 0.595 -0.4 257.6 133.0 512.9 80
2021000000580410 0.594 128.3 227.9 200.8 398.7 80
2021000000580410 0.593 234.6 224.4 321.7 346.9 80
2021000000580410 0.592 107.5 242.3 183.6 301.4 80
2021000000580410 0.571 0.9 465.3 8.8 532.6 80
2021000000580410 0.569 -0.2 313.9 129.6 521.8 80
2021000000580410 0.560 23.5 251.1 123.7 335.1 80
2021000000580410 0.553 -16.8 226.2 222.3 432.9 80
2021000000580410 0.541 421.0 209.5 427.0 287.4 80
2021000000580410 0.541 7.3 263.0 66.9 621.1 80
2021000000580410 0.540 406.2 259.1 426.9 327.5 80
2021000000580410 0.536 408.1 116.0 427.8 365.2 80
2021000000580410 0.536 0.7 237.3 14.3 485.2 80
2021000000580410 0.520 279.7 81.1 344.7 117.2 80
2021000000580410 0.520 416.6 69.5 427.7 325.0 80
2021000000580410 0.505 391.5 329.7 427.5 390.9 80
2021000000580410 0.504 189.5 215.6 402.4 346.1 80
2021000000580410 0.501 1.3 107.7 17.8 323.8 80
2021000000580410 0.499 1.4 107.5 6.3 188.0 80
2021000000580410 0.490 260.2 213.1 332.7 326.0 80
2021000000580410 0.489 408.9 208.9 427.7 428.8 80
2021000000580410 0.479 382.4 327.3 427.4 396.4 80
2021000000580410 0.474 382.0 251.2 427.2 646.2 80
2021000000580410 0.459 380.2 414.7 432.3 639.6 80
2021000000580410 0.455 1.3 251.0 132.8 514.7 17
2021000000580410 0.435 409.1 140.0 428.8 651.9 80
2021000000580410 0.423 61.2 238.6 196.0 308.7 80
2021000000580410 0.338 383.2 389.7 426.3 492.2 80
2021000000580410 0.301 -1.5 254.9 172.3 494.3 80
2021000000580410 0.291 274.5 621.2 438.2 641.7 80
2021000000580410 0.272 382.2 117.9 432.0 711.1 80
2021000000580410 0.247 -1.9 186.6 423.2 453.8 80
2021000000580410 0.221 61.2 238.6 196.0 308.7 8
2021000000580410 0.214 1.3 251.0 132.8 514.7 8
2021000000580410 0.196 1.3 251.0 132.8 514.7 80
2021000000580410 0.194 0.4 473.2 8.9 662.6 80
2021000000580410 0.178 61.2 238.6 196.0 308.7 17
2021000000580410 0.174 383.2 389.7 426.3 492.2 6
2021000000580410 0.172 228.8 444.4 430.4 656.7 80
2021000000580410 0.153 2.4 265.4 64.1 493.8 17
2021000000580410 0.153 383.2 389.7 426.3 492.2 8
2021000000580410 0.149 406.2 259.1 426.9 327.5 8
2021000000580410 0.145 155.0 538.2 326.8 638.8 80
2021000000580410 0.145 34.5 427.4 193.6 656.2 80
2021000000580410 0.144 106.4 514.4 265.9 636.8 80
2021000000580410 0.142 211.8 291.4 414.8 606.0 80
2021000000580410 0.141 123.7 601.5 307.7 640.8 80
2021000000580410 0.141 128.3 227.9 200.8 398.7 8
2021000000580410 0.138 13.2 538.7 79.1 648.6 80
2021000000580410 0.136 11.3 295.9 183.9 507.1 80
2021000000580410 0.136 155.7 344.1 390.3 592.1 80
2021000000580410 0.134 87.9 389.6 347.7 603.1 80
2021000000580410 0.132 90.0 311.4 129.0 374.9 80
2021000000580410 0.131 140.4 615.5 297.9 643.5 80
2021000000580410 0.130 23.5 251.1 123.7 335.1 8
2021000000580410 0.130 82.8 376.9 342.0 514.6 80
2021000000580410 0.129 199.4 321.3 240.4 381.3 80
2021000000580410 0.128 39.5 361.9 255.6 575.5 80
2021000000580410 0.128 221.4 604.2 336.2 640.0 80
2021000000580410 0.128 382.4 327.3 427.4 396.4 10
2021000000580410 0.127 114.9 177.6 325.2 286.8 80
2021000000580410 0.121 383.2 389.7 426.3 492.2 19
2021000000580410 0.120 184.2 424.6 304.5 519.7 80
2021000000580410 0.119 39.9 601.6 131.8 645.2 80
2021000000580410 0.119 98.1 302.1 307.2 443.0 80
2021000000580410 0.119 391.5 329.7 427.5 390.9 10
2021000000580410 0.119 283.0 265.3 369.7 350.0 80
2021000000580410 0.116 98.3 594.0 197.6 642.5 80
2021000000580410 0.116 108.6 315.4 283.9 474.7 80
2021000000580410 0.115 243.7 305.6 423.8 414.3 80
2021000000580410 0.115 28.3 192.4 96.7 292.6 80
2021000000580410 0.112 257.4 144.7 415.6 251.9 80
2021000000580410 0.110 59.7 240.9 381.9 358.3 80
2021000000580410 0.110 19.7 41.2 324.6 155.2 80
2021000000580410 0.720 235.3 205.2 315.3 344.0 8
2021000000580410 0.699 122.2 432.1 219.3 502.8 80
2021000000580410 0.694 124.0 275.7 195.0 415.3 80
2021000000580410 0.685 1.1 195.4 42.6 392.0 80
2021000000580410 0.673 237.1 209.5 307.1 323.6 80
2021000000580410 0.670 148.8 229.5 206.7 299.1 80
2021000000580410 0.666 -2.8 226.8 170.1 493.9 80
2021000000580410 0.666 103.5 230.8 201.2 307.8 80
2021000000580410 0.659 259.5 205.6 308.3 281.4 80
2021000000580410 0.655 126.9 428.0 224.8 499.9 80
2021000000580410 0.648 254.4 209.3 310.7 312.8 80
2021000000580410 0.647 1.3 162.3 18.1 319.7 80
2021000000580410 0.646 141.2 216.2 203.9 285.0 80
2021000000580410 0.643 400.4 591.2 429.0 632.2 80
2021000000580410 0.637 21.2 249.5 122.6 339.3 80
2021000000580410 0.633 414.4 82.2 427.5 146.5 80
2021000000580410 0.632 14.7 254.6 137.5 473.2 80
2021000000580410 0.630 -0.2 222.1 121.9 497.7 80
2021000000580410 0.620 58.6 236.5 196.7 376.5 80
2021000000580410 0.618 3.1 251.6 143.8 508.4 80
2021000000580410 0.618 278.6 83.3 329.4 114.8 80
2021000000580410 0.616 2.4 265.4 64.1 493.8 80
2021000000580410 0.611 384.8 387.3 426.3 493.2 80
2021000000580410 0.609 386.0 359.1 426.4 571.9 80
2021000000580410 0.608 231.9 230.9 314.5 339.2 80
2021000000580410 0.602 388.8 388.7 425.4 493.4 80
2021000000580410 0.595 -0.4 257.6 133.0 512.9 80
2021000000580410 0.594 128.3 227.9 200.8 398.7 80
2021000000580410 0.593 234.6 224.4 321.7 346.9 80
2021000000580410 0.592 107.5 242.3 183.6 301.4 80
2021000000580410 0.571 0.9 465.3 8.8 532.6 80
2021000000580410 0.569 -0.2 313.9 129.6 521.8 80
2021000000580410 0.560 23.5 251.1 123.7 335.1 80
2021000000580410 0.553 -16.8 226.2 222.3 432.9 80
2021000000580410 0.541 421.0 209.5 427.0 287.4 80
2021000000580410 0.541 7.3 263.0 66.9 621.1 80
2021000000580410 0.540 406.2 259.1 426.9 327.5 80
2021000000580410 0.536 408.1 116.0 427.8 365.2 80
2021000000580410 0.536 0.7 237.3 14.3 485.2 80
2021000000580410 0.520 279.7 81.1 344.7 117.2 80
2021000000580410 0.520 416.6 69.5 427.7 325.0 80
2021000000580410 0.505 391.5 329.7 427.5 390.9 80
2021000000580410 0.504 189.5 215.6 402.4 346.1 80
2021000000580410 0.501 1.3 107.7 17.8 323.8 80
2021000000580410 0.499 1.4 107.5 6.3 188.0 80
2021000000580410 0.490 260.2 213.1 332.7 326.0 80
2021000000580410 0.489 408.9 208.9 427.7 428.8 80
2021000000580410 0.479 382.4 327.3 427.4 396.4 80
2021000000580410 0.474 382.0 251.2 427.2 646.2 80
2021000000580410 0.459 380.2 414.7 432.3 639.6 80
2021000000580410 0.455 1.3 251.0 132.8 514.7 17
2021000000580410 0.435 409.1 140.0 428.8 651.9 80
2021000000580410 0.423 61.2 238.6 196.0 308.7 80
2021000000580410 0.338 383.2 389.7 426.3 492.2 80
2021000000580410 0.301 -1.5 254.9 172.3 494.3 80
2021000000580410 0.291 274.5 621.2 438.2 641.7 80
2021000000580410 0.272 382.2 117.9 432.0 711.1 80
2021000000580410 0.247 -1.9 186.6 423.2 453.8 80
2021000000580410 0.221 61.2 238.6 196.0 308.7 8
2021000000580410 0.214 1.3 251.0 132.8 514.7 8
2021000000580410 0.196 1.3 251.0 132.8 514.7 80
2021000000580410 0.194 0.4 473.2 8.9 662.6 80
2021000000580410 0.178 61.2 238.6 196.0 308.7 17
2021000000580410 0.174 383.2 389.7 426.3 492.2 6
2021000000580410 0.172 228.8 444.4 430.4 656.7 80
2021000000580410 0.153 2.4 265.4 64.1 493.8 17
2021000000580410 0.153 383.2 389.7 426.3 492.2 8
2021000000580410 0.149 406.2 259.1 426.9 327.5 8
2021000000580410 0.145 155.0 538.2 326.8 638.8 80
2021000000580410 0.145 34.5 427.4 193.6 656.2 80
2021000000580410 0.144 106.4 514.4 265.9 636.8 80
2021000000580410 0.142 211.8 291.4 414.8 606.0 80
2021000000580410 0.141 123.7 601.5 307.7 640.8 80
2021000000580410 0.141 128.3 227.9 200.8 398.7 8
2021000000580410 0.138 13.2 538.7 79.1 648.6 80
2021000000580410 0.136 11.3 295.9 183.9 507.1 80
2021000000580410 0.136 155.7 344.1 390.3 592.1 80
2021000000580410 0.134 87.9 389.6 347.7 603.1 80
2021000000580410 0.132 90.0 311.4 129.0 374.9 80
2021000000580410 0.131 140.4 615.5 297.9 643.5 80
2021000000580410 0.130 23.5 251.1 123.7 335.1 8
2021000000580410 0.130 82.8 376.9 342.0 514.6 80
2021000000580410 0.129 199.4 321.3 240.4 381.3 80
2021000000580410 0.128 39.5 361.9 255.6 575.5 80
2021000000580410 0.128 221.4 604.2 336.2 640.0 80
2021000000580410 0.128 382.4 327.3 427.4 396.4 10
2021000000580410 0.127 114.9 177.6 325.2 286.8 80
2021000000580410 0.121 383.2 389.7 426.3 492.2 19
2021000000580410 0.120 184.2 424.6 304.5 519.7 80
2021000000580410 0.119 39.9 601.6 131.8 645.2 80
2021000000580410 0.119 98.1 302.1 307.2 443.0 80
2021000000580410 0.119 391.5 329.7 427.5 390.9 10
2021000000580410 0.119 283.0 265.3 369.7 350.0 80
2021000000580410 0.116 98.3 594.0 197.6 642.5 80
2021000000580410 0.116 108.6 315.4 283.9 474.7 80
2021000000580410 0.115 243.7 305.6 423.8 414.3 80
2021000000580410 0.115 28.3 192.4 96.7 292.6 80
2021000000580410 0.112 257.4 144.7 415.6 251.9 80
2021000000580410 0.110 59.7 240.9 381.9 358.3 80
2021000000580410 0.110 19.7 41.2 324.6 155.2 80
2021000000580410 0.720 235.3 205.2 315.3 344.0 8
2021000000580410 0.699 122.2 432.1 219.3 502.8 80
2021000000580410 0.694 124.0 275.7 195.0 415.3 80
2021000000580410 0.685 1.1 195.4 42.6 392.0 80
2021000000580410 0.673 237.1 209.5 307.1 323.6 80
2021000000580410 0.670 148.8 229.5 206.7 299.1 80
2021000000580410 0.666 -2.8 226.8 170.1 493.9 80
2021000000580410 0.666 103.5 230.8 201.2 307.8 80
2021000000580410 0.659 259.5 205.6 308.3 281.4 80
2021000000580410 0.655 126.9 428.0 224.8 499.9 80
2021000000580410 0.648 254.4 209.3 310.7 312.8 80
2021000000580410 0.647 1.3 162.3 18.1 319.7 80
2021000000580410 0.646 141.2 216.2 203.9 285.0 80
2021000000580410 0.643 400.4 591.2 429.0 632.2 80
2021000000580410 0.637 21.2 249.5 122.6 339.3 80
2021000000580410 0.633 414.4 82.2 427.5 146.5 80
2021000000580410 0.632 14.7 254.6 137.5 473.2 80
2021000000580410 0.630 -0.2 222.1 121.9 497.7 80
2021000000580410 0.620 58.6 236.5 196.7 376.5 80
2021000000580410 0.618 3.1 251.6 143.8 508.4 80
2021000000580410 0.618 278.6 83.3 329.4 114.8 80
2021000000580410 0.616 2.4 265.4 64.1 493.8 80
2021000000580410 0.611 384.8 387.3 426.3 493.2 80
2021000000580410 0.609 386.0 359.1 426.4 571.9 80
2021000000580410 0.608 231.9 230.9 314.5 339.2 80
2021000000580410 0.602 388.8 388.7 425.4 493.4 80
2021000000580410 0.595 -0.4 257.6 133.0 512.9 80
2021000000580410 0.594 128.3 227.9 200.8 398.7 80
2021000000580410 0.593 234.6 224.4 321.7 346.9 80
2021000000580410 0.592 107.5 242.3 183.6 301.4 80
2021000000580410 0.571 0.9 465.3 8.8 532.6 80
2021000000580410 0.569 -0.2 313.9 129.6 521.8 80
2021000000580410 0.560 23.5 251.1 123.7 335.1 80
2021000000580410 0.553 -16.8 226.2 222.3 432.9 80
2021000000580410 0.541 421.0 209.5 427.0 287.4 80
2021000000580410 0.541 7.3 263.0 66.9 621.1 80
2021000000580410 0.540 406.2 259.1 426.9 327.5 80
2021000000580410 0.536 408.1 116.0 427.8 365.2 80
2021000000580410 0.536 0.7 237.3 14.3 485.2 80
2021000000580410 0.520 279.7 81.1 344.7 117.2 80
2021000000580410 0.520 416.6 69.5 427.7 325.0 80
2021000000580410 0.505 391.5 329.7 427.5 390.9 80
2021000000580410 0.504 189.5 215.6 402.4 346.1 80
2021000000580410 0.501 1.3 107.7 17.8 323.8 80
2021000000580410 0.499 1.4 107.5 6.3 188.0 80
2021000000580410 0.490 260.2 213.1 332.7 326.0 80
2021000000580410 0.489 408.9 208.9 427.7 428.8 80
2021000000580410 0.479 382.4 327.3 427.4 396.4 80
2021000000580410 0.474 382.0 251.2 427.2 646.2 80
2021000000580410 0.459 380.2 414.7 432.3 639.6 80
2021000000580410 0.455 1.3 251.0 132.8 514.7 17
2021000000580410 0.435 409.1 140.0 428.8 651.9 80
2021000000580410 0.423 61.2 238.6 196.0 308.7 80
2021000000580410 0.338 383.2 389.7 426.3 492.2 80
2021000000580410 0.301 -1.5 254.9 172.3 494.3 80
2021000000580410 0.291 274.5 621.2 438.2 641.7 80
2021000000580410 0.272 382.2 117.9 432.0 711.1 80
2021000000580410 0.247 -1.9 186.6 423.2 453.8 80
2021000000580410 0.221 61.2 238.6 196.0 308.7 8
2021000000580410 0.214 1.3 251.0 132.8 514.7 8
2021000000580410 0.196 1.3 251.0 132.8 514.7 80
2021000000580410 0.194 0.4 473.2 8.9 662.6 80
2021000000580410 0.178 61.2 238.6 196.0 308.7 17
2021000000580410 0.174 383.2 389.7 426.3 492.2 6
2021000000580410 0.172 228.8 444.4 430.4 656.7 80
2021000000580410 0.153 2.4 265.4 64.1 493.8 17
2021000000580410 0.153 383.2 389.7 426.3 492.2 8
2021000000580410 0.149 406.2 259.1 426.9 327.5 8
2021000000580410 0.145 155.0 538.2 326.8 638.8 80
2021000000580410 0.145 34.5 427.4 193.6 656.2 80
2021000000580410 0.144 106.4 514.4 265.9 636.8 80
2021000000580410 0.142 211.8 291.4 414.8 606.0 80
2021000000580410 0.141 123.7 601.5 307.7 640.8 80
2021000000580410 0.141 128.3 227.9 200.8 398.7 8
2021000000580410 0.138 13.2 538.7 79.1 648.6 80
2021000000580410 0.136 11.3 295.9 183.9 507.1 80
2021000000580410 0.136 155.7 344.1 390.3 592.1 80
2021000000580410 0.134 87.9 389.6 347.7 603.1 80
2021000000580410 0.132 90.0 311.4 129.0 374.9 80
2021000000580410 0.131 140.4 615.5 297.9 643.5 80
2021000000580410 0.130 23.5 251.1 123.7 335.1 8
2021000000580410 0.130 82.8 376.9 342.0 514.6 80
2021000000580410 0.129 199.4 321.3 240.4 381.3 80
2021000000580410 0.128 39.5 361.9 255.6 575.5 80
2021000000580410 0.128 221.4 604.2 336.2 640.0 80
2021000000580410 0.128 382.4 327.3 427.4 396.4 10
2021000000580410 0.127 114.9 177.6 325.2 286.8 80
2021000000580410 0.121 383.2 389.7 426.3 492.2 19
2021000000580410 0.120 184.2 424.6 304.5 519.7 80
2021000000580410 0.119 39.9 601.6 131.8 645.2 80
2021000000580410 0.119 98.1 302.1 307.2 443.0 80
2021000000580410 0.119 391.5 329.7 427.5 390.9 10
2021000000580410 0.119 283.0 265.3 369.7 350.0 80
2021000000580410 0.116 98.3 594.0 197.6 642.5 80
2021000000580410 0.116 108.6 315.4 283.9 474.7 80
2021000000580410 0.115 243.7 305.6 423.8 414.3 80
2021000000580410 0.115 28.3 192.4 96.7 292.6 80
2021000000580410 0.112 257.4 144.7 415.6 251.9 80
2021000000580410 0.110 59.7 240.9 381.9 358.3 80
2021000000580410 0.110 19.7 41.2 324.6 155.2 80
2021000000580410 0.000 310.2 177.8 422.8 447.7 80
2021000000580410 0.000 2.9 214.3 169.0 454.7 80
2021000000580410 0.000 179.9 133.2 355.7 330.1 80
2021000000580410 0.000 115.9 63.4 287.1 312.4 80
2021000000580410 0.000 234.5 234.5 427.5 436.7 80
2021000000580410 0.000 0.5 54.1 87.5 424.3 80
2021000000580410 0.000 384.9 111.6 426.8 247.5 80
2021000000580410 0.000 342.5 301.8 413.6 413.3 80
2021000000580410 0.000 0.7 219.9 87.8 608.0 80
2021000000580410 0.000 0.4 255.3 40.6 399.7 80
2021000000580410 0.000 387.2 327.3 426.8 472.1 80
2021000000580410 0.000 70.4 323.9 135.5 433.4 80
2021000000580410 0.000 387.3 217.4 426.8 362.0 80
2021000000580410 0.000 14.9 262.4 89.6 374.1 80
2021000000580410 0.000 166.3 274.9 238.7 385.1 80
2021000000580410 0.000 106.1 225.6 197.1 344.3 80
2021000000580410 0.000 1.4 342.3 41.0 486.9 80
2021000000580410 0.000 340.0 206.4 426.8 601.9 80
2021000000580410 0.000 132.3 87.5 423.0 477.1 80
2021000000580410 0.000 204.5 102.5 388.3 523.6 80
2021000000580410 0.000 379.0 428.0 426.0 620.7 80
2021000000580410 0.000 273.5 6.7 430.1 320.0 80
2021000000580410 0.000 18.1 179.5 265.0 447.3 80
2021000000580410 0.000 117.1 292.5 191.1 403.0 80
2021000000580410 0.000 207.0 237.8 283.7 347.1 80
2021000000580410 0.000 114.5 237.8 318.4 406.2 80
2021000000580410 0.000 243.9 294.2 319.3 403.5 80
2021000000580410 0.000 245.7 194.5 411.4 620.6 80
2021000000580410 0.000 285.8 252.3 364.5 361.0 80
2021000000580410 0.000 0.2 35.6 44.7 180.1 80
2021000000580410 0.000 294.6 345.9 367.5 453.4 80
2021000000580410 0.000 59.1 205.7 137.4 315.4 80
2021000000580410 0.000 7.5 27.6 195.1 312.3 80
2021000000580410 0.000 169.9 191.1 246.5 301.9 80
2021000000580410 0.000 1.8 -21.9 426.6 365.6 80
2021000000580410 0.000 0.8 427.5 49.2 634.3 80
2021000000580410 0.000 0.5 152.4 43.8 296.7 80
2021000000580410 0.000 6.4 249.7 305.2 629.0 80
2021000000580410 0.000 25.2 43.7 340.9 432.4 80
2021000000580410 0.000 123.0 364.2 306.1 632.6 80
2021000000580410 0.000 323.3 172.4 403.2 282.6 80
2021000000580410 0.000 109.0 152.7 320.8 617.6 80
2021000000580410 0.000 137.2 220.4 281.7 589.6 80
2021000000580410 0.000 -1.5 160.0 206.5 634.1 80
2021000000580410 0.000 206.8 277.3 338.4 569.4 80
2021000000580410 0.000 82.2 157.2 344.3 506.7 80
2021000000580410 0.000 255.3 178.4 335.6 287.0 80
2021000000580410 0.000 -5.6 333.6 168.7 632.0 80
2021000000580410 0.000 161.5 92.2 241.6 201.4 80
2021000000580410 0.000 60.6 63.1 364.5 591.2 80
2021000000580410 0.000 127.8 277.5 404.8 630.3 80
2021000000580410 0.000 3.4 417.5 283.8 635.5 80
2021000000580410 0.000 306.9 35.9 426.9 615.6 80
2021000000580410 0.000 252.0 330.2 417.1 628.4 80
2021000000580410 0.000 3.6 476.6 113.0 638.5 80
2021000000580410 0.000 0.6 121.6 314.3 635.8 80
2021000000580410 0.000 177.0 10.1 431.0 635.4 80
2021000000580410 0.000 309.6 428.8 421.4 632.5 80
2021000000580410 0.000 125.1 136.7 437.2 641.7 80
2021000000580410 0.000 108.2 143.2 186.7 253.5 80
2021000000580410 0.000 153.5 254.5 296.6 455.2 80
2021000000580410 0.000 31.2 378.0 100.6 494.3 80
2021000000580410 0.000 47.9 147.4 392.3 550.8 80
2021000000580410 0.000 -4.4 12.4 254.6 633.0 80
2021000000580410 0.000 170.7 448.0 425.3 640.2 80
2021000000580410 0.000 40.4 68.3 259.5 573.4 80
2021000000580410 0.000 73.7 181.9 230.9 611.1 80
2021000000580410 0.000 142.2 346.7 299.1 588.1 80
2021000000580410 0.000 1.7 395.9 425.9 640.7 80
2021000000580410 0.000 121.7 -2.7 391.1 199.8 80
2021000000580410 0.000 1.5 4.0 358.6 635.9 80
2021000000580410 0.000 116.0 28.7 318.7 616.5 80
2021000000580410 0.000 113.7 389.7 182.1 496.7 80
2021000000580410 0.000 33.5 257.0 370.0 476.9 80
2021000000580410 0.000 63.8 14.2 426.5 639.0 80
2021000000580410 0.000 0.7 191.3 426.6 635.7 80
2021000000580410 0.000 5.0 51.2 124.1 620.2 80
2021000000580410 0.000 12.1 77.7 406.8 643.7 80
2021000000580410 0.000 1.1 51.5 426.7 586.0 80
2021000000580410 0.000 0.8 0.6 426.8 639.1 80
2021000000580410 0.000 210.7 8.9 290.2 124.8 80
2021000000580410 0.000 270.6 91.1 354.0 200.7 80
2021000000580410 0.000 199.4 357.5 343.7 492.7 80
2021000000580410 0.000 6.7 243.2 427.9 505.1 80
2021000000580410 0.000 363.7 8.7 424.5 146.5 80
2021000000580410 0.000 184.2 338.4 248.0 446.3 80
2021000000580410 0.000 26.6 116.1 112.6 227.8 80
2021000000580410 0.000 276.0 375.3 347.7 479.9 80
2021000000580410 0.000 0.8 0.6 426.8 639.1 14
2021000000580410 0.000 0.8 0.6 426.8 639.1 7
2021000000580410 0.000 63.8 14.2 426.5 639.0 14
2021000000580410 0.000 0.8 0.6 426.8 639.1 11
2021000000580410 0.000 60.6 63.1 364.5 591.2 14
2021000000580410 0.000 177.0 10.1 431.0 635.4 14
2021000000580410 0.000 12.1 77.7 406.8 643.7 14
2021000000580410 0.000 -4.4 12.4 254.6 633.0 14
2021000000580410 0.000 1.5 4.0 358.6 635.9 14
2021000000580410 0.000 -1.5 160.0 206.5 634.1 14
2021000000580410 0.000 0.6 121.6 314.3 635.8 14
2021000000580410 0.000 0.7 191.3 426.6 635.7 17
2021000000580410 0.000 310.2 177.8 422.8 447.7 80
2021000000580410 0.000 2.9 214.3 169.0 454.7 80
2021000000580410 0.000 179.9 133.2 355.7 330.1 80
2021000000580410 0.000 115.9 63.4 287.1 312.4 80
2021000000580410 0.000 234.5 234.5 427.5 436.7 80
2021000000580410 0.000 0.5 54.1 87.5 424.3 80
2021000000580410 0.000 384.9 111.6 426.8 247.5 80
2021000000580410 0.000 342.5 301.8 413.6 413.3 80
2021000000580410 0.000 0.7 219.9 87.8 608.0 80
2021000000580410 0.000 0.4 255.3 40.6 399.7 80
2021000000580410 0.000 387.2 327.3 426.8 472.1 80
2021000000580410 0.000 70.4 323.9 135.5 433.4 80
2021000000580410 0.000 387.3 217.4 426.8 362.0 80
2021000000580410 0.000 14.9 262.4 89.6 374.1 80
2021000000580410 0.000 166.3 274.9 238.7 385.1 80
2021000000580410 0.000 106.1 225.6 197.1 344.3 80
2021000000580410 0.000 1.4 342.3 41.0 486.9 80
2021000000580410 0.000 340.0 206.4 426.8 601.9 80
2021000000580410 0.000 132.3 87.5 423.0 477.1 80
2021000000580410 0.000 204.5 102.5 388.3 523.6 80
2021000000580410 0.000 379.0 428.0 426.0 620.7 80
2021000000580410 0.000 273.5 6.7 430.1 320.0 80
2021000000580410 0.000 18.1 179.5 265.0 447.3 80
2021000000580410 0.000 117.1 292.5 191.1 403.0 80
2021000000580410 0.000 207.0 237.8 283.7 347.1 80
2021000000580410 0.000 114.5 237.8 318.4 406.2 80
2021000000580410 0.000 243.9 294.2 319.3 403.5 80
2021000000580410 0.000 245.7 194.5 411.4 620.6 80
2021000000580410 0.000 285.8 252.3 364.5 361.0 80
2021000000580410 0.000 0.2 35.6 44.7 180.1 80
2021000000580410 0.000 294.6 345.9 367.5 453.4 80
2021000000580410 0.000 59.1 205.7 137.4 315.4 80
2021000000580410 0.000 7.5 27.6 195.1 312.3 80
2021000000580410 0.000 169.9 191.1 246.5 301.9 80
2021000000580410 0.000 1.8 -21.9 426.6 365.6 80
2021000000580410 0.000 0.8 427.5 49.2 634.3 80
2021000000580410 0.000 0.5 152.4 43.8 296.7 80
2021000000580410 0.000 6.4 249.7 305.2 629.0 80
2021000000580410 0.000 25.2 43.7 340.9 432.4 80
2021000000580410 0.000 123.0 364.2 306.1 632.6 80
2021000000580410 0.000 323.3 172.4 403.2 282.6 80
2021000000580410 0.000 109.0 152.7 320.8 617.6 80
2021000000580410 0.000 137.2 220.4 281.7 589.6 80
2021000000580410 0.000 -1.5 160.0 206.5 634.1 80
2021000000580410 0.000 206.8 277.3 338.4 569.4 80
2021000000580410 0.000 82.2 157.2 344.3 506.7 80
2021000000580410 0.000 255.3 178.4 335.6 287.0 80
2021000000580410 0.000 -5.6 333.6 168.7 632.0 80
2021000000580410 0.000 161.5 92.2 241.6 201.4 80
2021000000580410 0.000 60.6 63.1 364.5 591.2 80
2021000000580410 0.000 127.8 277.5 404.8 630.3 80
2021000000580410 0.000 3.4 417.5 283.8 635.5 80
2021000000580410 0.000 306.9 35.9 426.9 615.6 80
2021000000580410 0.000 252.0 330.2 417.1 628.4 80
2021000000580410 0.000 3.6 476.6 113.0 638.5 80
2021000000580410 0.000 0.6 121.6 314.3 635.8 80
2021000000580410 0.000 177.0 10.1 431.0 635.4 80
2021000000580410 0.000 309.6 428.8 421.4 632.5 80
2021000000580410 0.000 125.1 136.7 437.2 641.7 80
2021000000580410 0.000 108.2 143.2 186.7 253.5 80
2021000000580410 0.000 153.5 254.5 296.6 455.2 80
2021000000580410 0.000 31.2 378.0 100.6 494.3 80
2021000000580410 0.000 47.9 147.4 392.3 550.8 80
2021000000580410 0.000 -4.4 12.4 254.6 633.0 80
2021000000580410 0.000 170.7 448.0 425.3 640.2 80
2021000000580410 0.000 40.4 68.3 259.5 573.4 80
2021000000580410 0.000 73.7 181.9 230.9 611.1 80
2021000000580410 0.000 142.2 346.7 299.1 588.1 80
2021000000580410 0.000 1.7 395.9 425.9 640.7 80
2021000000580410 0.000 121.7 -2.7 391.1 199.8 80
2021000000580410 0.000 1.5 4.0 358.6 635.9 80
2021000000580410 0.000 116.0 28.7 318.7 616.5 80
2021000000580410 0.000 113.7 389.7 182.1 496.7 80
2021000000580410 0.000 33.5 257.0 370.0 476.9 80
2021000000580410 0.000 63.8 14.2 426.5 639.0 80
2021000000580410 0.000 0.7 191.3 426.6 635.7 80
2021000000580410 0.000 5.0 51.2 124.1 620.2 80
2021000000580410 0.000 12.1 77.7 406.8 643.7 80
2021000000580410 0.000 1.1 51.5 426.7 586.0 80
2021000000580410 0.000 0.8 0.6 426.8 639.1 80
2021000000580410 0.000 210.7 8.9 290.2 124.8 80
2021000000580410 0.000 270.6 91.1 354.0 200.7 80
2021000000580410 0.000 199.4 357.5 343.7 492.7 80
2021000000580410 0.000 6.7 243.2 427.9 505.1 80
2021000000580410 0.000 363.7 8.7 424.5 146.5 80
2021000000580410 0.000 184.2 338.4 248.0 446.3 80
2021000000580410 0.000 26.6 116.1 112.6 227.8 80
2021000000580410 0.000 276.0 375.3 347.7 479.9 80
2021000000580410 0.000 0.8 0.6 426.8 639.1 14
2021000000580410 0.000 0.8 0.6 426.8 639.1 7
2021000000580410 0.000 63.8 14.2 426.5 639.0 14
2021000000580410 0.000 0.8 0.6 426.8 639.1 11
2021000000580410 0.000 60.6 63.1 364.5 591.2 14
2021000000580410 0.000 177.0 10.1 431.0 635.4 14
2021000000580410 0.000 12.1 77.7 406.8 643.7 14
2021000000580410 0.000 -4.4 12.4 254.6 633.0 14
2021000000580410 0.000 1.5 4.0 358.6 635.9 14
2021000000580410 0.000 -1.5 160.0 206.5 634.1 14
2021000000580410 0.000 0.6 121.6 314.3 635.8 14
2021000000580410 0.000 0.7 191.3 426.6 635.7 17
