2021000000461405 0.786 595.1 367.3 641.0 419.7 80
2021000000461405 0.738 618.8 87.5 641.5 130.2 80
2021000000461405 0.734 354.3 219.4 385.4 248.4 80
2021000000461405 0.734 40.2 184.5 113.9 244.4 80
2021000000461405 0.733 296.4 187.7 339.7 213.4 80
2021000000461405 0.730 365.6 191.6 442.3 231.0 80
2021000000461405 0.708 50.4 195.9 114.1 223.3 80
2021000000461405 0.707 265.7 193.4 337.7 249.9 80
2021000000461405 0.704 502.4 196.2 594.7 303.7 80
2021000000461405 0.699 149.1 201.6 169.0 209.6 80
2021000000461405 0.699 512.2 101.5 632.1 208.8 80
2021000000461405 0.699 112.6 200.2 183.4 220.8 80
2021000000461405 0.696 122.3 201.5 177.1 215.3 80
2021000000461405 0.691 53.0 190.5 217.1 298.5 80
2021000000461405 0.690 540.8 201.3 627.3 284.6 80
2021000000461405 0.689 404.0 188.9 444.1 210.4 80
2021000000461405 0.688 114.6 190.7 244.6 306.1 80
2021000000461405 0.687 266.7 190.2 339.7 310.0 80
2021000000461405 0.683 27.4 195.6 73.2 221.5 80
2021000000461405 0.682 108.1 189.0 236.2 307.4 11
