2021000000219485 0.766 402.2 601.2 424.8 640.7 80
2021000000219485 0.759 2.0 38.8 422.2 632.5 80
2021000000219485 0.752 41.4 505.4 107.9 605.2 80
2021000000219485 0.748 0.0 431.2 109.8 605.7 80
2021000000219485 0.748 52.8 444.7 108.8 518.3 80
2021000000219485 0.739 203.9 530.3 235.2 602.6 80
2021000000219485 0.737 112.1 590.8 324.2 640.0 80
2021000000219485 0.735 207.0 539.0 245.6 615.9 80
2021000000219485 0.732 420.8 473.7 422.1 564.4 80
2021000000219485 0.727 421.5 303.3 422.4 443.5 80
2021000000219485 0.715 411.7 -1.7 421.3 30.7 80
2021000000219485 0.710 217.8 538.0 251.7 621.2 80
2021000000219485 0.710 194.8 544.6 250.0 627.2 80
2021000000219485 0.690 1.0 432.6 2.4 593.0 80
2021000000219485 0.679 200.2 541.2 244.0 625.6 80
2021000000219485 0.676 201.5 541.2 252.9 625.1 6
2021000000219485 0.673 208.2 552.0 250.3 623.4 80
2021000000219485 0.137 351.1 427.7 419.7 536.8 80
2021000000219485 0.122 186.7 220.0 250.0 293.8 80
2021000000219485 0.115 192.6 373.4 248.7 448.6 80
