2021000000200961 0.777 234.5 198.8 349.8 362.0 14
2021000000200961 0.689 334.6 139.8 424.9 182.4 80
2021000000200961 0.687 392.8 139.4 435.7 177.4 80
2021000000200961 0.686 410.4 142.4 437.6 178.2 80
2021000000200961 0.649 272.0 156.5 310.5 184.9 80
2021000000200961 0.648 248.8 226.7 341.8 352.7 80
2021000000200961 0.644 597.8 394.1 636.5 426.9 80
2021000000200961 0.644 607.2 148.0 622.6 170.9 80
2021000000200961 0.642 258.6 256.0 306.5 339.0 80
2021000000200961 0.639 579.8 137.1 600.7 167.4 80
2021000000200961 0.637 237.8 203.8 335.1 318.5 80
2021000000200961 0.636 2.7 176.3 22.9 201.5 80
2021000000200961 0.633 458.6 142.0 515.4 175.9 80
2021000000200961 0.633 321.8 145.1 356.4 175.9 80
2021000000200961 0.618 239.8 209.6 348.7 334.2 80
2021000000200961 0.605 458.1 143.1 516.6 179.5 80
2021000000200961 0.585 25.9 179.7 50.3 202.0 80
2021000000200961 0.571 289.7 155.5 322.2 185.6 80
2021000000200961 0.553 632.7 137.5 640.6 174.5 80
2021000000200961 0.552 299.3 164.4 317.5 188.9 80
2021000000200961 0.550 493.8 133.2 551.6 176.6 80
2021000000200961 0.541 17.8 175.3 56.2 200.9 80
2021000000200961 0.535 297.4 149.8 361.7 184.8 80
2021000000200961 0.531 249.3 209.5 347.4 328.0 80
2021000000200961 0.519 457.3 144.8 518.3 179.2 6
2021000000200961 0.517 453.1 146.3 477.2 169.9 80
2021000000200961 0.510 453.3 145.2 517.3 179.3 80
2021000000200961 0.500 254.2 268.8 299.0 344.2 80
2021000000200961 0.490 636.6 196.3 639.9 273.8 80
2021000000200961 0.478 636.8 278.1 640.0 358.9 80
2021000000200961 0.378 295.6 151.4 351.7 184.0 6
2021000000200961 0.338 28.4 175.6 55.3 199.9 80
2021000000200961 0.320 295.6 151.4 351.7 184.0 80
2021000000200961 0.276 637.5 132.6 640.5 353.3 80
2021000000200961 0.267 0.7 156.6 4.0 271.0 80
2021000000200961 0.251 6.1 151.8 39.5 183.4 80
2021000000200961 0.217 0.5 226.9 5.2 379.9 80
2021000000200961 0.208 1.3 100.7 9.9 351.8 80
2021000000200961 0.207 0.0 4.7 6.2 92.6 80
2021000000200961 0.199 623.7 312.6 646.5 419.3 80
2021000000200961 0.193 220.0 412.8 429.1 429.3 80
2021000000200961 0.183 457.3 144.8 518.3 179.2 80
2021000000200961 0.176 -4.9 370.3 34.3 435.1 80
2021000000200961 0.174 453.3 145.2 517.3 179.3 6
2021000000200961 0.171 599.6 127.8 640.6 404.0 80
2021000000200961 0.164 1.1 233.6 42.9 428.2 80
2021000000200961 0.151 450.5 271.8 627.3 416.0 80
2021000000200961 0.145 210.1 407.2 397.5 427.3 80
2021000000200961 0.144 89.3 379.0 239.1 423.8 80
2021000000200961 0.139 20.4 254.2 217.2 414.5 80
2021000000200961 0.139 459.8 134.0 639.0 378.6 80
2021000000200961 0.137 191.0 273.8 461.5 408.7 80
2021000000200961 0.135 396.1 384.1 540.2 421.9 80
2021000000200961 0.134 270.8 243.8 536.4 396.8 80
2021000000200961 0.134 432.6 407.1 571.4 431.0 80
2021000000200961 0.133 95.8 250.6 349.0 399.0 80
2021000000200961 0.133 146.9 404.7 277.6 429.5 80
2021000000200961 0.132 297.4 149.8 361.7 184.8 6
2021000000200961 0.132 63.1 408.4 196.1 429.9 80
2021000000200961 0.132 8.6 125.3 102.4 402.8 80
2021000000200961 0.131 271.4 377.1 411.5 421.2 80
2021000000200961 0.130 360.3 186.0 623.3 351.1 80
2021000000200961 0.130 313.0 228.9 595.5 383.4 80
2021000000200961 0.130 22.7 388.7 126.9 423.8 80
2021000000200961 0.130 239.4 270.7 296.3 319.5 80
2021000000200961 0.130 200.9 310.9 253.0 352.4 80
2021000000200961 0.128 338.9 401.6 479.6 427.8 80
2021000000200961 0.127 285.9 191.2 386.6 253.8 80
2021000000200961 0.127 378.1 257.5 470.4 314.5 80
2021000000200961 0.127 45.6 211.0 297.4 362.0 80
2021000000200961 0.125 514.0 392.6 630.8 424.2 80
2021000000200961 0.124 23.5 162.7 235.9 341.9 80
2021000000200961 0.123 187.6 217.8 457.8 337.4 80
2021000000200961 0.123 234.3 193.7 472.4 331.0 80
2021000000200961 0.122 71.2 198.7 335.5 328.5 80
2021000000200961 0.121 47.5 264.3 105.7 321.3 80
2021000000200961 0.121 601.1 174.7 648.1 301.9 80
2021000000200961 0.118 245.9 230.0 361.9 301.0 80
2021000000200961 0.118 126.9 177.0 356.4 281.1 80
2021000000200961 0.117 197.6 191.4 446.2 287.9 80
2021000000200961 0.116 304.5 212.3 546.7 322.1 80
2021000000200961 0.115 99.1 188.8 269.5 260.3 80
2021000000200961 0.114 56.8 171.8 257.3 290.1 80
2021000000200961 0.114 18.9 159.1 242.9 229.6 80
2021000000200961 0.113 119.1 280.9 188.2 330.2 80
2021000000200961 0.111 220.0 191.3 567.2 272.1 80
2021000000200961 0.109 444.3 164.2 703.6 263.4 80
2021000000200961 0.106 255.7 118.1 731.1 189.1 80
2021000000200961 0.106 -166.6 12.1 410.9 52.8 80
2021000000200961 0.106 -3.2 46.5 477.0 116.3 80
2021000000200961 0.103 -143.0 7.4 491.9 37.9 80
2021000000200961 0.103 360.6 96.2 800.7 163.9 80
2021000000200961 0.102 95.9 -0.4 733.8 33.2 80
2021000000200961 0.101 17.8 175.3 56.2 200.9 6
2021000000200961 0.099 289.7 155.5 322.2 185.6 6
2021000000200961 0.098 -58.1 0.4 580.9 29.1 80
2021000000200961 0.097 493.8 133.2 551.6 176.6 5
2021000000200961 0.095 -269.7 -2.9 351.5 22.7 80
2021000000200961 0.094 -178.1 -0.8 460.8 22.8 80
2021000000200961 0.094 -50.1 -2.4 588.8 21.9 80
2021000000200961 0.777 234.5 198.8 349.8 362.0 14
2021000000200961 0.689 334.6 139.8 424.9 182.4 80
2021000000200961 0.687 392.8 139.4 435.7 177.4 80
2021000000200961 0.686 410.4 142.4 437.6 178.2 80
2021000000200961 0.649 272.0 156.5 310.5 184.9 80
2021000000200961 0.648 248.8 226.7 341.8 352.7 80
2021000000200961 0.644 597.8 394.1 636.5 426.9 80
2021000000200961 0.644 607.2 148.0 622.6 170.9 80
2021000000200961 0.642 258.6 256.0 306.5 339.0 80
2021000000200961 0.639 579.8 137.1 600.7 167.4 80
2021000000200961 0.637 237.8 203.8 335.1 318.5 80
2021000000200961 0.636 2.7 176.3 22.9 201.5 80
2021000000200961 0.633 458.6 142.0 515.4 175.9 80
2021000000200961 0.633 321.8 145.1 356.4 175.9 80
2021000000200961 0.618 239.8 209.6 348.7 334.2 80
2021000000200961 0.605 458.1 143.1 516.6 179.5 80
2021000000200961 0.585 25.9 179.7 50.3 202.0 80
2021000000200961 0.571 289.7 155.5 322.2 185.6 80
2021000000200961 0.553 632.7 137.5 640.6 174.5 80
2021000000200961 0.552 299.3 164.4 317.5 188.9 80
2021000000200961 0.550 493.8 133.2 551.6 176.6 80
2021000000200961 0.541 17.8 175.3 56.2 200.9 80
2021000000200961 0.535 297.4 149.8 361.7 184.8 80
2021000000200961 0.531 249.3 209.5 347.4 328.0 80
2021000000200961 0.519 457.3 144.8 518.3 179.2 6
2021000000200961 0.517 453.1 146.3 477.2 169.9 80
2021000000200961 0.510 453.3 145.2 517.3 179.3 80
2021000000200961 0.500 254.2 268.8 299.0 344.2 80
2021000000200961 0.490 636.6 196.3 639.9 273.8 80
2021000000200961 0.478 636.8 278.1 640.0 358.9 80
2021000000200961 0.378 295.6 151.4 351.7 184.0 6
2021000000200961 0.338 28.4 175.6 55.3 199.9 80
2021000000200961 0.320 295.6 151.4 351.7 184.0 80
2021000000200961 0.276 637.5 132.6 640.5 353.3 80
2021000000200961 0.267 0.7 156.6 4.0 271.0 80
2021000000200961 0.251 6.1 151.8 39.5 183.4 80
2021000000200961 0.217 0.5 226.9 5.2 379.9 80
2021000000200961 0.208 1.3 100.7 9.9 351.8 80
2021000000200961 0.207 0.0 4.7 6.2 92.6 80
2021000000200961 0.199 623.7 312.6 646.5 419.3 80
2021000000200961 0.193 220.0 412.8 429.1 429.3 80
2021000000200961 0.183 457.3 144.8 518.3 179.2 80
2021000000200961 0.176 -4.9 370.3 34.3 435.1 80
2021000000200961 0.174 453.3 145.2 517.3 179.3 6
2021000000200961 0.171 599.6 127.8 640.6 404.0 80
2021000000200961 0.164 1.1 233.6 42.9 428.2 80
2021000000200961 0.151 450.5 271.8 627.3 416.0 80
2021000000200961 0.145 210.1 407.2 397.5 427.3 80
2021000000200961 0.144 89.3 379.0 239.1 423.8 80
2021000000200961 0.139 20.4 254.2 217.2 414.5 80
2021000000200961 0.139 459.8 134.0 639.0 378.6 80
2021000000200961 0.137 191.0 273.8 461.5 408.7 80
2021000000200961 0.135 396.1 384.1 540.2 421.9 80
2021000000200961 0.134 270.8 243.8 536.4 396.8 80
2021000000200961 0.134 432.6 407.1 571.4 431.0 80
2021000000200961 0.133 95.8 250.6 349.0 399.0 80
2021000000200961 0.133 146.9 404.7 277.6 429.5 80
2021000000200961 0.132 297.4 149.8 361.7 184.8 6
2021000000200961 0.132 63.1 408.4 196.1 429.9 80
2021000000200961 0.132 8.6 125.3 102.4 402.8 80
2021000000200961 0.131 271.4 377.1 411.5 421.2 80
2021000000200961 0.130 360.3 186.0 623.3 351.1 80
2021000000200961 0.130 313.0 228.9 595.5 383.4 80
2021000000200961 0.130 22.7 388.7 126.9 423.8 80
2021000000200961 0.130 239.4 270.7 296.3 319.5 80
2021000000200961 0.130 200.9 310.9 253.0 352.4 80
2021000000200961 0.128 338.9 401.6 479.6 427.8 80
2021000000200961 0.127 285.9 191.2 386.6 253.8 80
2021000000200961 0.127 378.1 257.5 470.4 314.5 80
2021000000200961 0.127 45.6 211.0 297.4 362.0 80
2021000000200961 0.125 514.0 392.6 630.8 424.2 80
2021000000200961 0.124 23.5 162.7 235.9 341.9 80
2021000000200961 0.123 187.6 217.8 457.8 337.4 80
2021000000200961 0.123 234.3 193.7 472.4 331.0 80
2021000000200961 0.122 71.2 198.7 335.5 328.5 80
2021000000200961 0.121 47.5 264.3 105.7 321.3 80
2021000000200961 0.121 601.1 174.7 648.1 301.9 80
2021000000200961 0.118 245.9 230.0 361.9 301.0 80
2021000000200961 0.118 126.9 177.0 356.4 281.1 80
2021000000200961 0.117 197.6 191.4 446.2 287.9 80
2021000000200961 0.116 304.5 212.3 546.7 322.1 80
2021000000200961 0.115 99.1 188.8 269.5 260.3 80
2021000000200961 0.114 56.8 171.8 257.3 290.1 80
2021000000200961 0.114 18.9 159.1 242.9 229.6 80
2021000000200961 0.113 119.1 280.9 188.2 330.2 80
2021000000200961 0.111 220.0 191.3 567.2 272.1 80
2021000000200961 0.109 444.3 164.2 703.6 263.4 80
2021000000200961 0.106 255.7 118.1 731.1 189.1 80
2021000000200961 0.106 -166.6 12.1 410.9 52.8 80
2021000000200961 0.106 -3.2 46.5 477.0 116.3 80
2021000000200961 0.103 -143.0 7.4 491.9 37.9 80
2021000000200961 0.103 360.6 96.2 800.7 163.9 80
2021000000200961 0.102 95.9 -0.4 733.8 33.2 80
2021000000200961 0.101 17.8 175.3 56.2 200.9 6
2021000000200961 0.099 289.7 155.5 322.2 185.6 6
2021000000200961 0.098 -58.1 0.4 580.9 29.1 80
2021000000200961 0.097 493.8 133.2 551.6 176.6 5
2021000000200961 0.095 -269.7 -2.9 351.5 22.7 80
2021000000200961 0.094 -178.1 -0.8 460.8 22.8 80
2021000000200961 0.094 -50.1 -2.4 588.8 21.9 80
2021000000200961 0.777 234.5 198.8 349.8 362.0 14
2021000000200961 0.689 334.6 139.8 424.9 182.4 80
2021000000200961 0.687 392.8 139.4 435.7 177.4 80
2021000000200961 0.686 410.4 142.4 437.6 178.2 80
2021000000200961 0.649 272.0 156.5 310.5 184.9 80
2021000000200961 0.648 248.8 226.7 341.8 352.7 80
2021000000200961 0.644 597.8 394.1 636.5 426.9 80
2021000000200961 0.644 607.2 148.0 622.6 170.9 80
2021000000200961 0.642 258.6 256.0 306.5 339.0 80
2021000000200961 0.639 579.8 137.1 600.7 167.4 80
2021000000200961 0.637 237.8 203.8 335.1 318.5 80
2021000000200961 0.636 2.7 176.3 22.9 201.5 80
2021000000200961 0.633 458.6 142.0 515.4 175.9 80
2021000000200961 0.633 321.8 145.1 356.4 175.9 80
2021000000200961 0.618 239.8 209.6 348.7 334.2 80
2021000000200961 0.605 458.1 143.1 516.6 179.5 80
2021000000200961 0.585 25.9 179.7 50.3 202.0 80
2021000000200961 0.571 289.7 155.5 322.2 185.6 80
2021000000200961 0.553 632.7 137.5 640.6 174.5 80
2021000000200961 0.552 299.3 164.4 317.5 188.9 80
2021000000200961 0.550 493.8 133.2 551.6 176.6 80
2021000000200961 0.541 17.8 175.3 56.2 200.9 80
2021000000200961 0.535 297.4 149.8 361.7 184.8 80
2021000000200961 0.531 249.3 209.5 347.4 328.0 80
2021000000200961 0.519 457.3 144.8 518.3 179.2 6
2021000000200961 0.517 453.1 146.3 477.2 169.9 80
2021000000200961 0.510 453.3 145.2 517.3 179.3 80
2021000000200961 0.500 254.2 268.8 299.0 344.2 80
2021000000200961 0.490 636.6 196.3 639.9 273.8 80
2021000000200961 0.478 636.8 278.1 640.0 358.9 80
2021000000200961 0.378 295.6 151.4 351.7 184.0 6
2021000000200961 0.338 28.4 175.6 55.3 199.9 80
2021000000200961 0.320 295.6 151.4 351.7 184.0 80
2021000000200961 0.276 637.5 132.6 640.5 353.3 80
2021000000200961 0.267 0.7 156.6 4.0 271.0 80
2021000000200961 0.251 6.1 151.8 39.5 183.4 80
2021000000200961 0.217 0.5 226.9 5.2 379.9 80
2021000000200961 0.208 1.3 100.7 9.9 351.8 80
2021000000200961 0.207 0.0 4.7 6.2 92.6 80
2021000000200961 0.199 623.7 312.6 646.5 419.3 80
2021000000200961 0.193 220.0 412.8 429.1 429.3 80
2021000000200961 0.183 457.3 144.8 518.3 179.2 80
2021000000200961 0.176 -4.9 370.3 34.3 435.1 80
2021000000200961 0.174 453.3 145.2 517.3 179.3 6
2021000000200961 0.171 599.6 127.8 640.6 404.0 80
2021000000200961 0.164 1.1 233.6 42.9 428.2 80
2021000000200961 0.151 450.5 271.8 627.3 416.0 80
2021000000200961 0.145 210.1 407.2 397.5 427.3 80
2021000000200961 0.144 89.3 379.0 239.1 423.8 80
2021000000200961 0.139 20.4 254.2 217.2 414.5 80
2021000000200961 0.139 459.8 134.0 639.0 378.6 80
2021000000200961 0.137 191.0 273.8 461.5 408.7 80
2021000000200961 0.135 396.1 384.1 540.2 421.9 80
2021000000200961 0.134 270.8 243.8 536.4 396.8 80
2021000000200961 0.134 432.6 407.1 571.4 431.0 80
2021000000200961 0.133 95.8 250.6 349.0 399.0 80
2021000000200961 0.133 146.9 404.7 277.6 429.5 80
2021000000200961 0.132 297.4 149.8 361.7 184.8 6
2021000000200961 0.132 63.1 408.4 196.1 429.9 80
2021000000200961 0.132 8.6 125.3 102.4 402.8 80
2021000000200961 0.131 271.4 377.1 411.5 421.2 80
2021000000200961 0.130 360.3 186.0 623.3 351.1 80
2021000000200961 0.130 313.0 228.9 595.5 383.4 80
2021000000200961 0.130 22.7 388.7 126.9 423.8 80
2021000000200961 0.130 239.4 270.7 296.3 319.5 80
2021000000200961 0.130 200.9 310.9 253.0 352.4 80
2021000000200961 0.128 338.9 401.6 479.6 427.8 80
2021000000200961 0.127 285.9 191.2 386.6 253.8 80
2021000000200961 0.127 378.1 257.5 470.4 314.5 80
2021000000200961 0.127 45.6 211.0 297.4 362.0 80
2021000000200961 0.125 514.0 392.6 630.8 424.2 80
2021000000200961 0.124 23.5 162.7 235.9 341.9 80
2021000000200961 0.123 187.6 217.8 457.8 337.4 80
2021000000200961 0.123 234.3 193.7 472.4 331.0 80
2021000000200961 0.122 71.2 198.7 335.5 328.5 80
2021000000200961 0.121 47.5 264.3 105.7 321.3 80
2021000000200961 0.121 601.1 174.7 648.1 301.9 80
2021000000200961 0.118 245.9 230.0 361.9 301.0 80
2021000000200961 0.118 126.9 177.0 356.4 281.1 80
2021000000200961 0.117 197.6 191.4 446.2 287.9 80
2021000000200961 0.116 304.5 212.3 546.7 322.1 80
2021000000200961 0.115 99.1 188.8 269.5 260.3 80
2021000000200961 0.114 56.8 171.8 257.3 290.1 80
2021000000200961 0.114 18.9 159.1 242.9 229.6 80
2021000000200961 0.113 119.1 280.9 188.2 330.2 80
2021000000200961 0.111 220.0 191.3 567.2 272.1 80
2021000000200961 0.109 444.3 164.2 703.6 263.4 80
2021000000200961 0.106 255.7 118.1 731.1 189.1 80
2021000000200961 0.106 -166.6 12.1 410.9 52.8 80
2021000000200961 0.106 -3.2 46.5 477.0 116.3 80
2021000000200961 0.103 -143.0 7.4 491.9 37.9 80
2021000000200961 0.103 360.6 96.2 800.7 163.9 80
2021000000200961 0.102 95.9 -0.4 733.8 33.2 80
2021000000200961 0.101 17.8 175.3 56.2 200.9 6
2021000000200961 0.099 289.7 155.5 322.2 185.6 6
2021000000200961 0.098 -58.1 0.4 580.9 29.1 80
2021000000200961 0.097 493.8 133.2 551.6 176.6 5
2021000000200961 0.095 -269.7 -2.9 351.5 22.7 80
2021000000200961 0.094 -178.1 -0.8 460.8 22.8 80
2021000000200961 0.094 -50.1 -2.4 588.8 21.9 80
2021000000200961 0.777 234.5 198.8 349.8 362.0 14
2021000000200961 0.689 334.6 139.8 424.9 182.4 80
2021000000200961 0.687 392.8 139.4 435.7 177.4 80
2021000000200961 0.686 410.4 142.4 437.6 178.2 80
2021000000200961 0.649 272.0 156.5 310.5 184.9 80
2021000000200961 0.648 248.8 226.7 341.8 352.7 80
2021000000200961 0.644 597.8 394.1 636.5 426.9 80
2021000000200961 0.644 607.2 148.0 622.6 170.9 80
2021000000200961 0.642 258.6 256.0 306.5 339.0 80
2021000000200961 0.639 579.8 137.1 600.7 167.4 80
2021000000200961 0.637 237.8 203.8 335.1 318.5 80
2021000000200961 0.636 2.7 176.3 22.9 201.5 80
2021000000200961 0.633 458.6 142.0 515.4 175.9 80
2021000000200961 0.633 321.8 145.1 356.4 175.9 80
2021000000200961 0.618 239.8 209.6 348.7 334.2 80
2021000000200961 0.605 458.1 143.1 516.6 179.5 80
2021000000200961 0.585 25.9 179.7 50.3 202.0 80
2021000000200961 0.571 289.7 155.5 322.2 185.6 80
2021000000200961 0.553 632.7 137.5 640.6 174.5 80
2021000000200961 0.552 299.3 164.4 317.5 188.9 80
2021000000200961 0.550 493.8 133.2 551.6 176.6 80
2021000000200961 0.541 17.8 175.3 56.2 200.9 80
2021000000200961 0.535 297.4 149.8 361.7 184.8 80
2021000000200961 0.531 249.3 209.5 347.4 328.0 80
2021000000200961 0.519 457.3 144.8 518.3 179.2 6
2021000000200961 0.517 453.1 146.3 477.2 169.9 80
2021000000200961 0.510 453.3 145.2 517.3 179.3 80
2021000000200961 0.500 254.2 268.8 299.0 344.2 80
2021000000200961 0.490 636.6 196.3 639.9 273.8 80
2021000000200961 0.478 636.8 278.1 640.0 358.9 80
2021000000200961 0.378 295.6 151.4 351.7 184.0 6
2021000000200961 0.338 28.4 175.6 55.3 199.9 80
2021000000200961 0.320 295.6 151.4 351.7 184.0 80
2021000000200961 0.276 637.5 132.6 640.5 353.3 80
2021000000200961 0.267 0.7 156.6 4.0 271.0 80
2021000000200961 0.251 6.1 151.8 39.5 183.4 80
2021000000200961 0.217 0.5 226.9 5.2 379.9 80
2021000000200961 0.208 1.3 100.7 9.9 351.8 80
2021000000200961 0.207 0.0 4.7 6.2 92.6 80
2021000000200961 0.199 623.7 312.6 646.5 419.3 80
2021000000200961 0.193 220.0 412.8 429.1 429.3 80
2021000000200961 0.183 457.3 144.8 518.3 179.2 80
2021000000200961 0.176 -4.9 370.3 34.3 435.1 80
2021000000200961 0.174 453.3 145.2 517.3 179.3 6
2021000000200961 0.171 599.6 127.8 640.6 404.0 80
2021000000200961 0.164 1.1 233.6 42.9 428.2 80
2021000000200961 0.151 450.5 271.8 627.3 416.0 80
2021000000200961 0.145 210.1 407.2 397.5 427.3 80
2021000000200961 0.144 89.3 379.0 239.1 423.8 80
2021000000200961 0.139 20.4 254.2 217.2 414.5 80
2021000000200961 0.139 459.8 134.0 639.0 378.6 80
2021000000200961 0.137 191.0 273.8 461.5 408.7 80
2021000000200961 0.135 396.1 384.1 540.2 421.9 80
2021000000200961 0.134 270.8 243.8 536.4 396.8 80
2021000000200961 0.134 432.6 407.1 571.4 431.0 80
2021000000200961 0.133 95.8 250.6 349.0 399.0 80
2021000000200961 0.133 146.9 404.7 277.6 429.5 80
2021000000200961 0.132 297.4 149.8 361.7 184.8 6
2021000000200961 0.132 63.1 408.4 196.1 429.9 80
2021000000200961 0.132 8.6 125.3 102.4 402.8 80
2021000000200961 0.131 271.4 377.1 411.5 421.2 80
2021000000200961 0.130 360.3 186.0 623.3 351.1 80
2021000000200961 0.130 313.0 228.9 595.5 383.4 80
2021000000200961 0.130 22.7 388.7 126.9 423.8 80
2021000000200961 0.130 239.4 270.7 296.3 319.5 80
2021000000200961 0.130 200.9 310.9 253.0 352.4 80
2021000000200961 0.128 338.9 401.6 479.6 427.8 80
2021000000200961 0.127 285.9 191.2 386.6 253.8 80
2021000000200961 0.127 378.1 257.5 470.4 314.5 80
2021000000200961 0.127 45.6 211.0 297.4 362.0 80
2021000000200961 0.125 514.0 392.6 630.8 424.2 80
2021000000200961 0.124 23.5 162.7 235.9 341.9 80
2021000000200961 0.123 187.6 217.8 457.8 337.4 80
2021000000200961 0.123 234.3 193.7 472.4 331.0 80
2021000000200961 0.122 71.2 198.7 335.5 328.5 80
2021000000200961 0.121 47.5 264.3 105.7 321.3 80
2021000000200961 0.121 601.1 174.7 648.1 301.9 80
2021000000200961 0.118 245.9 230.0 361.9 301.0 80
2021000000200961 0.118 126.9 177.0 356.4 281.1 80
2021000000200961 0.117 197.6 191.4 446.2 287.9 80
2021000000200961 0.116 304.5 212.3 546.7 322.1 80
2021000000200961 0.115 99.1 188.8 269.5 260.3 80
2021000000200961 0.114 56.8 171.8 257.3 290.1 80
2021000000200961 0.114 18.9 159.1 242.9 229.6 80
2021000000200961 0.113 119.1 280.9 188.2 330.2 80
2021000000200961 0.111 220.0 191.3 567.2 272.1 80
2021000000200961 0.109 444.3 164.2 703.6 263.4 80
2021000000200961 0.106 255.7 118.1 731.1 189.1 80
2021000000200961 0.106 -166.6 12.1 410.9 52.8 80
2021000000200961 0.106 -3.2 46.5 477.0 116.3 80
2021000000200961 0.103 -143.0 7.4 491.9 37.9 80
2021000000200961 0.103 360.6 96.2 800.7 163.9 80
2021000000200961 0.102 95.9 -0.4 733.8 33.2 80
2021000000200961 0.101 17.8 175.3 56.2 200.9 6
2021000000200961 0.099 289.7 155.5 322.2 185.6 6
2021000000200961 0.098 -58.1 0.4 580.9 29.1 80
2021000000200961 0.097 493.8 133.2 551.6 176.6 5
2021000000200961 0.095 -269.7 -2.9 351.5 22.7 80
2021000000200961 0.094 -178.1 -0.8 460.8 22.8 80
2021000000200961 0.094 -50.1 -2.4 588.8 21.9 80
2021000000200961 0.000 0.7 50.5 132.8 282.0 80
2021000000200961 0.000 313.4 82.5 473.9 260.4 80
2021000000200961 0.000 259.6 56.6 340.6 136.8 80
2021000000200961 0.000 328.1 158.3 405.0 234.5 80
2021000000200961 0.000 476.8 124.5 620.6 306.1 80
2021000000200961 0.000 58.5 248.0 136.7 329.4 80
2021000000200961 0.000 107.0 135.3 185.4 215.0 80
2021000000200961 0.000 170.1 119.7 279.1 248.7 80
2021000000200961 0.000 499.6 109.7 587.2 186.2 80
2021000000200961 0.000 580.3 146.4 639.5 240.4 80
2021000000200961 0.000 272.9 130.1 350.3 206.5 80
2021000000200961 0.000 180.7 93.6 259.1 175.1 80
2021000000200961 0.000 28.1 33.3 259.1 223.1 80
2021000000200961 0.000 416.8 13.1 632.9 218.5 80
2021000000200961 0.000 1.6 229.4 61.4 324.5 80
2021000000200961 0.000 207.2 37.0 383.3 241.2 80
2021000000200961 0.000 447.6 166.9 524.7 242.3 80
2021000000200961 0.000 281.2 273.3 359.7 384.3 80
2021000000200961 0.000 115.6 214.7 191.0 290.6 80
2021000000200961 0.000 402.5 115.9 480.3 192.2 80
2021000000200961 0.000 457.2 226.4 531.3 303.0 80
2021000000200961 0.000 41.1 144.8 215.0 315.0 80
2021000000200961 0.000 1.0 172.4 60.3 266.9 80
2021000000200961 0.000 580.1 219.4 639.6 313.6 80
2021000000200961 0.000 0.4 143.3 130.7 407.5 80
2021000000200961 0.000 574.5 61.5 639.6 174.6 80
2021000000200961 0.000 332.1 2.9 415.5 84.3 80
2021000000200961 0.000 175.8 248.6 257.9 331.6 80
2021000000200961 0.000 381.9 195.4 460.0 270.0 80
2021000000200961 0.000 36.2 177.4 119.8 252.3 80
2021000000200961 0.000 326.6 143.4 465.0 396.8 80
2021000000200961 0.000 152.2 183.1 297.6 360.6 80
2021000000200961 0.000 191.4 196.8 269.4 271.4 80
2021000000200961 0.000 374.8 151.5 615.2 295.8 80
2021000000200961 0.000 416.4 249.2 489.1 336.7 80
2021000000200961 0.000 0.6 25.3 66.3 120.7 80
2021000000200961 0.000 281.2 226.3 356.1 302.0 80
2021000000200961 0.000 62.2 24.0 483.7 292.7 80
2021000000200961 0.000 524.7 200.8 607.7 275.7 80
2021000000200961 0.000 262.4 134.4 405.9 319.8 80
2021000000200961 0.000 0.6 284.0 74.6 421.4 80
2021000000200961 0.000 230.2 252.8 304.8 339.1 80
2021000000200961 0.000 226.3 65.4 603.8 303.7 80
2021000000200961 0.000 63.1 124.7 360.6 294.1 80
2021000000200961 0.000 416.7 52.8 515.5 132.6 80
2021000000200961 0.000 129.2 56.0 312.7 355.7 80
2021000000200961 0.000 0.1 103.2 65.9 197.8 80
2021000000200961 0.000 263.8 183.0 341.9 258.2 80
2021000000200961 0.000 566.4 278.5 639.5 419.9 80
2021000000200961 0.000 19.0 16.1 622.4 223.7 80
2021000000200961 0.000 509.8 126.6 639.3 404.9 80
2021000000200961 0.000 1.6 6.8 361.3 423.0 80
2021000000200961 0.000 121.2 17.7 514.2 416.7 80
2021000000200961 0.000 335.8 47.7 542.9 356.8 80
2021000000200961 0.000 241.7 9.1 514.7 154.3 80
2021000000200961 0.000 1.2 27.2 187.5 413.9 80
2021000000200961 0.000 205.3 224.8 447.1 419.2 80
2021000000200961 0.000 272.2 7.0 636.7 424.4 80
2021000000200961 0.000 203.8 31.7 448.2 405.5 80
2021000000200961 0.000 14.5 102.2 289.2 421.2 80
2021000000200961 0.000 457.5 21.1 641.7 410.2 80
2021000000200961 0.000 358.9 272.0 430.6 377.2 80
2021000000200961 0.000 219.1 120.2 395.4 402.7 80
2021000000200961 0.000 169.6 88.4 468.5 416.0 80
2021000000200961 0.000 329.3 189.5 464.6 349.0 80
2021000000200961 0.000 6.1 317.8 167.0 426.2 80
2021000000200961 0.000 391.8 205.6 616.9 415.3 80
2021000000200961 0.000 68.8 290.4 356.2 424.3 80
2021000000200961 0.000 14.6 208.3 237.2 416.6 80
2021000000200961 0.000 4.0 1.2 525.2 424.5 80
2021000000200961 0.000 10.2 260.5 628.9 424.9 80
2021000000200961 0.000 5.9 73.8 462.5 420.5 80
2021000000200961 0.000 285.2 291.9 604.5 425.0 80
2021000000200961 0.000 92.0 73.0 568.9 364.8 80
2021000000200961 0.000 43.3 167.8 418.6 413.1 80
2021000000200961 0.000 109.4 1.0 633.2 424.5 80
2021000000200961 0.000 355.6 98.8 622.5 424.5 80
2021000000200961 0.000 208.0 151.0 442.0 262.6 80
2021000000200961 0.000 312.6 229.7 381.5 311.2 80
2021000000200961 0.000 215.5 172.0 577.5 412.9 80
2021000000200961 0.000 463.3 279.5 633.1 419.8 80
2021000000200961 0.000 56.7 68.9 150.0 155.8 80
2021000000200961 0.000 204.8 75.0 630.5 421.9 80
2021000000200961 0.000 172.4 117.1 460.4 334.6 80
2021000000200961 0.000 86.4 162.8 514.8 309.7 80
2021000000200961 0.000 28.5 48.7 607.3 412.0 80
2021000000200961 0.000 0.5 114.3 638.1 415.2 80
2021000000200961 0.000 0.8 0.8 639.5 426.0 80
2021000000200961 0.000 21.6 109.2 619.5 307.9 80
2021000000200961 0.000 2.9 26.7 636.7 350.3 80
2021000000200961 0.000 542.8 6.9 638.4 97.4 80
2021000000200961 0.000 21.6 109.2 619.5 307.9 0
2021000000200961 0.000 335.8 47.7 542.9 356.8 14
2021000000200961 0.000 219.1 120.2 395.4 402.7 14
2021000000200961 0.000 129.2 56.0 312.7 355.7 14
2021000000200961 0.000 203.8 31.7 448.2 405.5 14
2021000000200961 0.000 14.5 102.2 289.2 421.2 14
2021000000200961 0.000 355.6 98.8 622.5 424.5 14
2021000000200961 0.000 169.6 88.4 468.5 416.0 14
2021000000200961 0.000 197.1 344.2 304.9 420.9 80
2021000000200961 0.000 0.7 50.5 132.8 282.0 80
2021000000200961 0.000 313.4 82.5 473.9 260.4 80
2021000000200961 0.000 259.6 56.6 340.6 136.8 80
2021000000200961 0.000 328.1 158.3 405.0 234.5 80
2021000000200961 0.000 476.8 124.5 620.6 306.1 80
2021000000200961 0.000 58.5 248.0 136.7 329.4 80
2021000000200961 0.000 107.0 135.3 185.4 215.0 80
2021000000200961 0.000 170.1 119.7 279.1 248.7 80
2021000000200961 0.000 499.6 109.7 587.2 186.2 80
2021000000200961 0.000 580.3 146.4 639.5 240.4 80
2021000000200961 0.000 272.9 130.1 350.3 206.5 80
2021000000200961 0.000 180.7 93.6 259.1 175.1 80
2021000000200961 0.000 28.1 33.3 259.1 223.1 80
2021000000200961 0.000 416.8 13.1 632.9 218.5 80
2021000000200961 0.000 1.6 229.4 61.4 324.5 80
2021000000200961 0.000 207.2 37.0 383.3 241.2 80
2021000000200961 0.000 447.6 166.9 524.7 242.3 80
2021000000200961 0.000 281.2 273.3 359.7 384.3 80
2021000000200961 0.000 115.6 214.7 191.0 290.6 80
2021000000200961 0.000 402.5 115.9 480.3 192.2 80
2021000000200961 0.000 457.2 226.4 531.3 303.0 80
2021000000200961 0.000 41.1 144.8 215.0 315.0 80
2021000000200961 0.000 1.0 172.4 60.3 266.9 80
2021000000200961 0.000 580.1 219.4 639.6 313.6 80
2021000000200961 0.000 0.4 143.3 130.7 407.5 80
2021000000200961 0.000 574.5 61.5 639.6 174.6 80
2021000000200961 0.000 332.1 2.9 415.5 84.3 80
2021000000200961 0.000 175.8 248.6 257.9 331.6 80
2021000000200961 0.000 381.9 195.4 460.0 270.0 80
2021000000200961 0.000 36.2 177.4 119.8 252.3 80
2021000000200961 0.000 326.6 143.4 465.0 396.8 80
2021000000200961 0.000 152.2 183.1 297.6 360.6 80
2021000000200961 0.000 191.4 196.8 269.4 271.4 80
2021000000200961 0.000 374.8 151.5 615.2 295.8 80
2021000000200961 0.000 416.4 249.2 489.1 336.7 80
2021000000200961 0.000 0.6 25.3 66.3 120.7 80
2021000000200961 0.000 281.2 226.3 356.1 302.0 80
2021000000200961 0.000 62.2 24.0 483.7 292.7 80
2021000000200961 0.000 524.7 200.8 607.7 275.7 80
2021000000200961 0.000 262.4 134.4 405.9 319.8 80
2021000000200961 0.000 0.6 284.0 74.6 421.4 80
2021000000200961 0.000 230.2 252.8 304.8 339.1 80
2021000000200961 0.000 226.3 65.4 603.8 303.7 80
2021000000200961 0.000 63.1 124.7 360.6 294.1 80
2021000000200961 0.000 416.7 52.8 515.5 132.6 80
2021000000200961 0.000 129.2 56.0 312.7 355.7 80
2021000000200961 0.000 0.1 103.2 65.9 197.8 80
2021000000200961 0.000 263.8 183.0 341.9 258.2 80
2021000000200961 0.000 566.4 278.5 639.5 419.9 80
2021000000200961 0.000 19.0 16.1 622.4 223.7 80
2021000000200961 0.000 509.8 126.6 639.3 404.9 80
2021000000200961 0.000 1.6 6.8 361.3 423.0 80
2021000000200961 0.000 121.2 17.7 514.2 416.7 80
2021000000200961 0.000 335.8 47.7 542.9 356.8 80
2021000000200961 0.000 241.7 9.1 514.7 154.3 80
2021000000200961 0.000 1.2 27.2 187.5 413.9 80
2021000000200961 0.000 205.3 224.8 447.1 419.2 80
2021000000200961 0.000 272.2 7.0 636.7 424.4 80
2021000000200961 0.000 203.8 31.7 448.2 405.5 80
2021000000200961 0.000 14.5 102.2 289.2 421.2 80
2021000000200961 0.000 457.5 21.1 641.7 410.2 80
2021000000200961 0.000 358.9 272.0 430.6 377.2 80
2021000000200961 0.000 219.1 120.2 395.4 402.7 80
2021000000200961 0.000 169.6 88.4 468.5 416.0 80
2021000000200961 0.000 329.3 189.5 464.6 349.0 80
2021000000200961 0.000 6.1 317.8 167.0 426.2 80
2021000000200961 0.000 391.8 205.6 616.9 415.3 80
2021000000200961 0.000 68.8 290.4 356.2 424.3 80
2021000000200961 0.000 14.6 208.3 237.2 416.6 80
2021000000200961 0.000 4.0 1.2 525.2 424.5 80
2021000000200961 0.000 10.2 260.5 628.9 424.9 80
2021000000200961 0.000 5.9 73.8 462.5 420.5 80
2021000000200961 0.000 285.2 291.9 604.5 425.0 80
2021000000200961 0.000 92.0 73.0 568.9 364.8 80
2021000000200961 0.000 43.3 167.8 418.6 413.1 80
2021000000200961 0.000 109.4 1.0 633.2 424.5 80
2021000000200961 0.000 355.6 98.8 622.5 424.5 80
2021000000200961 0.000 208.0 151.0 442.0 262.6 80
2021000000200961 0.000 312.6 229.7 381.5 311.2 80
2021000000200961 0.000 215.5 172.0 577.5 412.9 80
2021000000200961 0.000 463.3 279.5 633.1 419.8 80
2021000000200961 0.000 56.7 68.9 150.0 155.8 80
2021000000200961 0.000 204.8 75.0 630.5 421.9 80
2021000000200961 0.000 172.4 117.1 460.4 334.6 80
2021000000200961 0.000 86.4 162.8 514.8 309.7 80
2021000000200961 0.000 28.5 48.7 607.3 412.0 80
2021000000200961 0.000 0.5 114.3 638.1 415.2 80
2021000000200961 0.000 0.8 0.8 639.5 426.0 80
2021000000200961 0.000 21.6 109.2 619.5 307.9 80
2021000000200961 0.000 2.9 26.7 636.7 350.3 80
2021000000200961 0.000 542.8 6.9 638.4 97.4 80
2021000000200961 0.000 21.6 109.2 619.5 307.9 0
2021000000200961 0.000 335.8 47.7 542.9 356.8 14
2021000000200961 0.000 219.1 120.2 395.4 402.7 14
2021000000200961 0.000 129.2 56.0 312.7 355.7 14
2021000000200961 0.000 203.8 31.7 448.2 405.5 14
2021000000200961 0.000 14.5 102.2 289.2 421.2 14
2021000000200961 0.000 355.6 98.8 622.5 424.5 14
2021000000200961 0.000 169.6 88.4 468.5 416.0 14
2021000000200961 0.000 197.1 344.2 304.9 420.9 80
