2021005694 0.650 17.3 77.2 433.8 353.0 6
2021005694 0.637 466.8 346.8 499.8 375.1 80
2021005694 0.528 495.8 143.4 500.1 253.7 80
2021005694 0.523 497.1 74.2 500.4 137.0 80
2021005694 0.517 0.8 49.4 9.4 78.2 80
2021005694 0.502 3.9 29.2 26.1 63.4 80
2021005694 0.437 497.3 207.9 500.3 307.4 80
2021005694 0.296 1.0 79.5 3.1 169.7 80
2021005694 0.244 499.3 56.6 500.2 195.1 80
2021005694 0.237 0.7 118.8 3.0 235.7 80
2021005694 0.233 498.7 90.6 500.3 311.5 80
2021005694 0.229 0.9 53.5 7.4 215.6 80
2021005694 0.214 0.4 194.9 4.2 333.5 80
2021005694 0.207 0.4 61.8 8.7 328.9 80
2021005694 0.186 -1.0 310.2 17.8 385.4 80
2021005694 0.182 158.9 366.1 353.0 376.4 80
2021005694 0.181 0.0 57.9 22.1 311.4 80
2021005694 0.179 1.5 171.4 22.0 381.1 80
2021005694 0.173 471.0 100.4 500.1 354.5 80
2021005694 0.173 60.9 134.8 429.9 312.1 80
2021005694 0.165 22.0 111.3 375.4 289.3 80
2021005694 0.155 16.4 116.0 400.3 295.7 80
2021005694 0.154 39.0 126.0 425.7 300.8 80
2021005694 0.150 351.6 216.5 492.1 369.1 80
2021005694 0.146 2.0 87.7 62.4 368.5 80
2021005694 0.143 466.0 302.8 510.2 363.8 80
2021005694 0.142 366.7 103.4 495.4 342.1 80
2021005694 0.139 7.7 207.9 198.5 364.7 80
2021005694 0.138 56.3 122.1 436.4 288.1 80
2021005694 0.138 63.8 322.1 219.2 371.5 80
2021005694 0.138 102.7 219.6 398.9 345.4 80
2021005694 0.137 33.6 206.2 329.8 342.4 80
2021005694 0.137 107.3 139.9 436.6 297.8 80
2021005694 0.136 130.4 245.3 265.1 318.5 80
2021005694 0.136 95.4 186.6 403.0 324.3 80
2021005694 0.135 299.4 333.6 420.4 371.2 80
2021005694 0.135 37.1 173.8 373.2 318.5 80
2021005694 0.134 131.2 319.9 288.6 368.9 80
2021005694 0.133 339.9 358.7 456.8 378.9 80
2021005694 0.133 86.9 128.4 406.0 258.9 80
2021005694 0.133 185.9 211.6 432.3 330.6 80
2021005694 0.132 229.2 205.4 347.0 276.0 80
2021005694 0.132 201.6 328.6 330.9 369.2 80
2021005694 0.131 239.7 199.0 463.6 329.6 80
2021005694 0.131 158.9 234.1 237.9 285.8 80
2021005694 0.131 189.7 226.9 289.2 278.1 80
2021005694 0.131 14.9 145.9 327.8 293.5 80
2021005694 0.130 100.9 255.1 176.9 305.7 80
2021005694 0.130 6.4 175.3 282.7 317.8 80
2021005694 0.130 165.8 194.3 359.2 304.1 80
2021005694 0.129 42.6 241.7 90.0 288.6 80
2021005694 0.129 275.3 167.5 487.5 304.0 80
2021005694 0.128 114.8 218.9 187.1 273.6 80
2021005694 0.128 473.9 141.1 505.5 295.2 80
2021005694 0.127 165.5 351.6 300.8 374.8 80
2021005694 0.126 12.6 144.1 202.2 295.1 80
2021005694 0.125 20.8 334.0 91.0 372.4 80
2021005694 0.125 214.9 168.0 435.3 281.3 80
2021005694 0.124 176.5 193.4 341.9 287.0 80
2021005694 0.121 59.9 164.7 379.5 279.6 80
2021005694 0.120 411.1 193.0 484.0 279.5 80
2021005694 0.120 247.8 176.1 350.4 244.0 80
2021005694 0.120 174.8 166.8 316.0 231.6 80
2021005694 0.120 53.7 356.6 164.0 378.1 80
2021005694 0.120 223.3 169.0 302.5 223.7 80
2021005694 0.120 404.5 344.0 493.6 372.3 80
2021005694 0.120 48.1 174.1 245.7 270.8 80
2021005694 0.119 264.4 349.5 377.4 375.9 80
2021005694 0.117 48.2 179.7 162.3 241.5 80
2021005694 0.117 289.4 189.6 500.3 263.8 80
2021005694 0.117 120.1 354.0 231.2 377.1 80
2021005694 0.115 129.5 139.4 297.5 202.4 80
2021005694 0.113 17.3 77.2 433.8 353.0 80
2021005694 0.113 204.7 176.0 488.3 274.8 80
2021005694 0.113 174.0 149.8 454.7 253.7 80
2021005694 0.112 -41.6 33.7 101.7 86.2 80
2021005694 0.112 213.5 118.7 518.9 193.3 80
2021005694 0.112 51.5 96.9 295.2 162.2 80
2021005694 0.110 -47.5 89.9 166.7 154.8 80
2021005694 0.110 237.0 86.8 597.0 160.8 80
2021005694 0.106 136.1 29.6 568.3 91.1 80
2021005694 0.106 208.1 17.9 607.0 66.9 80
2021005694 0.106 63.4 8.2 533.9 56.8 80
2021005694 0.105 -164.2 -1.7 292.7 29.8 80
2021005694 0.104 -99.5 9.3 377.4 49.3 80
2021005694 0.104 351.1 49.9 589.2 115.4 80
2021005694 0.103 4.4 2.0 496.5 35.2 80
2021005694 0.102 -46.3 0.8 452.4 31.9 80
2021005694 0.101 217.7 7.6 682.5 41.5 80
2021005694 0.100 -158.0 7.4 340.3 35.8 80
2021005694 0.099 73.8 -0.5 572.8 26.4 80
2021005694 0.098 294.7 8.8 674.3 39.9 80
2021005694 0.092 -88.5 -2.2 410.5 22.3 80
2021005694 0.092 -37.2 -2.8 461.6 20.8 80
2021005694 0.092 -134.5 -3.4 364.5 20.4 80
2021005694 0.091 21.8 -3.0 520.8 22.1 80
2021005694 0.090 156.3 -0.8 655.1 24.6 80
2021005694 0.090 81.8 -2.6 580.7 21.1 80
2021005694 0.090 121.9 0.2 620.9 26.1 80
2021005694 0.090 203.2 -1.1 702.1 23.6 80
2021005694 0.650 17.3 77.2 433.8 353.0 6
2021005694 0.637 466.8 346.8 499.8 375.1 80
2021005694 0.528 495.8 143.4 500.1 253.7 80
2021005694 0.523 497.1 74.2 500.4 137.0 80
2021005694 0.517 0.8 49.4 9.4 78.2 80
2021005694 0.502 3.9 29.2 26.1 63.4 80
2021005694 0.437 497.3 207.9 500.3 307.4 80
2021005694 0.296 1.0 79.5 3.1 169.7 80
2021005694 0.244 499.3 56.6 500.2 195.1 80
2021005694 0.237 0.7 118.8 3.0 235.7 80
2021005694 0.233 498.7 90.6 500.3 311.5 80
2021005694 0.229 0.9 53.5 7.4 215.6 80
2021005694 0.214 0.4 194.9 4.2 333.5 80
2021005694 0.207 0.4 61.8 8.7 328.9 80
2021005694 0.186 -1.0 310.2 17.8 385.4 80
2021005694 0.182 158.9 366.1 353.0 376.4 80
2021005694 0.181 0.0 57.9 22.1 311.4 80
2021005694 0.179 1.5 171.4 22.0 381.1 80
2021005694 0.173 471.0 100.4 500.1 354.5 80
2021005694 0.173 60.9 134.8 429.9 312.1 80
2021005694 0.165 22.0 111.3 375.4 289.3 80
2021005694 0.155 16.4 116.0 400.3 295.7 80
2021005694 0.154 39.0 126.0 425.7 300.8 80
2021005694 0.150 351.6 216.5 492.1 369.1 80
2021005694 0.146 2.0 87.7 62.4 368.5 80
2021005694 0.143 466.0 302.8 510.2 363.8 80
2021005694 0.142 366.7 103.4 495.4 342.1 80
2021005694 0.139 7.7 207.9 198.5 364.7 80
2021005694 0.138 56.3 122.1 436.4 288.1 80
2021005694 0.138 63.8 322.1 219.2 371.5 80
2021005694 0.138 102.7 219.6 398.9 345.4 80
2021005694 0.137 33.6 206.2 329.8 342.4 80
2021005694 0.137 107.3 139.9 436.6 297.8 80
2021005694 0.136 130.4 245.3 265.1 318.5 80
2021005694 0.136 95.4 186.6 403.0 324.3 80
2021005694 0.135 299.4 333.6 420.4 371.2 80
2021005694 0.135 37.1 173.8 373.2 318.5 80
2021005694 0.134 131.2 319.9 288.6 368.9 80
2021005694 0.133 339.9 358.7 456.8 378.9 80
2021005694 0.133 86.9 128.4 406.0 258.9 80
2021005694 0.133 185.9 211.6 432.3 330.6 80
2021005694 0.132 229.2 205.4 347.0 276.0 80
2021005694 0.132 201.6 328.6 330.9 369.2 80
2021005694 0.131 239.7 199.0 463.6 329.6 80
2021005694 0.131 158.9 234.1 237.9 285.8 80
2021005694 0.131 189.7 226.9 289.2 278.1 80
2021005694 0.131 14.9 145.9 327.8 293.5 80
2021005694 0.130 100.9 255.1 176.9 305.7 80
2021005694 0.130 6.4 175.3 282.7 317.8 80
2021005694 0.130 165.8 194.3 359.2 304.1 80
2021005694 0.129 42.6 241.7 90.0 288.6 80
2021005694 0.129 275.3 167.5 487.5 304.0 80
2021005694 0.128 114.8 218.9 187.1 273.6 80
2021005694 0.128 473.9 141.1 505.5 295.2 80
2021005694 0.127 165.5 351.6 300.8 374.8 80
2021005694 0.126 12.6 144.1 202.2 295.1 80
2021005694 0.125 20.8 334.0 91.0 372.4 80
2021005694 0.125 214.9 168.0 435.3 281.3 80
2021005694 0.124 176.5 193.4 341.9 287.0 80
2021005694 0.121 59.9 164.7 379.5 279.6 80
2021005694 0.120 411.1 193.0 484.0 279.5 80
2021005694 0.120 247.8 176.1 350.4 244.0 80
2021005694 0.120 174.8 166.8 316.0 231.6 80
2021005694 0.120 53.7 356.6 164.0 378.1 80
2021005694 0.120 223.3 169.0 302.5 223.7 80
2021005694 0.120 404.5 344.0 493.6 372.3 80
2021005694 0.120 48.1 174.1 245.7 270.8 80
2021005694 0.119 264.4 349.5 377.4 375.9 80
2021005694 0.117 48.2 179.7 162.3 241.5 80
2021005694 0.117 289.4 189.6 500.3 263.8 80
2021005694 0.117 120.1 354.0 231.2 377.1 80
2021005694 0.115 129.5 139.4 297.5 202.4 80
2021005694 0.113 17.3 77.2 433.8 353.0 80
2021005694 0.113 204.7 176.0 488.3 274.8 80
2021005694 0.113 174.0 149.8 454.7 253.7 80
2021005694 0.112 -41.6 33.7 101.7 86.2 80
2021005694 0.112 213.5 118.7 518.9 193.3 80
2021005694 0.112 51.5 96.9 295.2 162.2 80
2021005694 0.110 -47.5 89.9 166.7 154.8 80
2021005694 0.110 237.0 86.8 597.0 160.8 80
2021005694 0.106 136.1 29.6 568.3 91.1 80
2021005694 0.106 208.1 17.9 607.0 66.9 80
2021005694 0.106 63.4 8.2 533.9 56.8 80
2021005694 0.105 -164.2 -1.7 292.7 29.8 80
2021005694 0.104 -99.5 9.3 377.4 49.3 80
2021005694 0.104 351.1 49.9 589.2 115.4 80
2021005694 0.103 4.4 2.0 496.5 35.2 80
2021005694 0.102 -46.3 0.8 452.4 31.9 80
2021005694 0.101 217.7 7.6 682.5 41.5 80
2021005694 0.100 -158.0 7.4 340.3 35.8 80
2021005694 0.099 73.8 -0.5 572.8 26.4 80
2021005694 0.098 294.7 8.8 674.3 39.9 80
2021005694 0.092 -88.5 -2.2 410.5 22.3 80
2021005694 0.092 -37.2 -2.8 461.6 20.8 80
2021005694 0.092 -134.5 -3.4 364.5 20.4 80
2021005694 0.091 21.8 -3.0 520.8 22.1 80
2021005694 0.090 156.3 -0.8 655.1 24.6 80
2021005694 0.090 81.8 -2.6 580.7 21.1 80
2021005694 0.090 121.9 0.2 620.9 26.1 80
2021005694 0.090 203.2 -1.1 702.1 23.6 80
2021005694 0.000 242.0 73.2 372.7 227.7 80
2021005694 0.000 0.9 43.1 103.5 247.8 80
2021005694 0.000 143.7 135.9 210.3 202.4 80
2021005694 0.000 211.4 111.8 275.3 178.0 80
2021005694 0.000 371.0 109.2 486.3 268.7 80
2021005694 0.000 255.8 137.9 317.1 204.5 80
2021005694 0.000 156.6 31.4 304.0 211.6 80
2021005694 0.000 45.5 217.8 107.4 288.9 80
2021005694 0.000 136.3 82.3 207.6 151.5 80
2021005694 0.000 81.5 117.6 146.9 186.5 80
2021005694 0.000 197.9 51.8 272.4 119.8 80
2021005694 0.000 453.6 128.4 499.6 211.2 80
2021005694 0.000 387.8 97.3 461.7 164.2 80
2021005694 0.000 348.6 145.3 411.0 211.1 80
2021005694 0.000 136.9 218.3 201.8 292.7 80
2021005694 0.000 19.5 26.1 206.5 194.8 80
2021005694 0.000 1.5 201.3 48.0 285.0 80
2021005694 0.000 297.9 170.7 359.9 236.2 80
2021005694 0.000 453.4 192.9 499.6 275.6 80
2021005694 0.000 356.3 197.7 415.7 265.7 80
2021005694 0.000 313.5 100.9 376.2 167.7 80
2021005694 0.000 323.9 8.3 496.6 191.8 80
2021005694 0.000 287.5 132.8 485.8 257.7 80
2021005694 0.000 205.6 160.1 267.3 225.4 80
2021005694 0.000 0.9 125.8 102.1 357.9 80
2021005694 0.000 33.3 127.4 166.8 276.8 80
2021005694 0.000 1.0 151.5 47.1 234.6 80
2021005694 0.000 89.9 187.8 149.8 253.9 80
2021005694 0.000 449.0 54.1 499.7 153.4 80
2021005694 0.000 117.9 161.9 233.2 316.5 80
2021005694 0.000 218.0 251.8 286.7 331.9 80
2021005694 0.000 149.3 172.2 210.8 237.6 80
2021005694 0.000 410.1 176.6 474.8 242.3 80
2021005694 0.000 27.0 155.1 94.9 220.9 80
2021005694 0.000 323.9 218.2 384.1 295.1 80
2021005694 0.000 202.7 116.7 319.1 275.9 80
2021005694 0.000 177.6 56.6 471.2 267.4 80
2021005694 0.000 252.3 124.0 366.8 347.9 80
2021005694 0.000 0.5 90.4 51.3 173.8 80
2021005694 0.000 0.7 22.0 51.8 106.0 80
2021005694 0.000 46.4 108.1 284.6 258.9 80
2021005694 0.000 101.1 50.5 245.1 317.1 80
2021005694 0.000 255.5 3.7 329.5 73.3 80
2021005694 0.000 322.9 47.5 406.2 116.3 80
2021005694 0.000 43.3 21.4 383.8 258.4 80
2021005694 0.000 0.6 249.6 58.3 369.8 80
2021005694 0.000 178.6 220.3 238.0 300.5 80
2021005694 0.000 442.7 245.1 499.6 368.5 80
2021005694 0.000 398.6 113.5 499.6 355.5 80
2021005694 0.000 10.6 10.6 491.5 199.6 80
2021005694 0.000 258.6 42.4 428.2 311.1 80
2021005694 0.000 90.0 16.9 408.1 364.6 80
2021005694 0.000 256.1 169.2 365.6 301.9 80
2021005694 0.000 -2.4 5.4 286.1 371.6 80
2021005694 0.000 8.1 89.0 229.6 370.1 80
2021005694 0.000 0.7 22.9 146.6 363.6 80
2021005694 0.000 213.1 6.1 497.0 372.7 80
2021005694 0.000 131.2 78.4 368.1 365.5 80
2021005694 0.000 156.2 201.7 351.1 369.4 80
2021005694 0.000 170.3 106.4 310.3 353.3 80
2021005694 0.000 153.4 21.0 355.4 360.9 80
2021005694 0.000 357.6 18.1 500.9 361.1 80
2021005694 0.000 68.8 68.1 447.4 321.4 80
2021005694 0.000 177.0 8.2 417.9 127.1 80
2021005694 0.000 43.6 254.9 289.5 373.6 80
2021005694 0.000 2.3 68.4 366.1 369.3 80
2021005694 0.000 5.1 279.1 130.5 374.3 80
2021005694 0.000 12.0 183.0 185.2 365.8 80
2021005694 0.000 305.3 180.1 482.3 365.0 80
2021005694 0.000 220.0 199.0 278.3 264.7 80
2021005694 0.000 24.3 146.3 338.1 364.6 80
2021005694 0.000 2.5 1.3 412.8 373.0 80
2021005694 0.000 150.8 131.3 355.6 228.6 80
2021005694 0.000 274.3 86.1 490.6 373.1 80
2021005694 0.000 3.0 228.5 496.0 374.4 80
2021005694 0.000 220.7 257.3 474.7 373.5 80
2021005694 0.000 84.5 1.1 496.2 372.9 80
2021005694 0.000 158.6 67.8 495.0 371.2 80
2021005694 0.000 157.9 150.5 463.3 364.9 80
2021005694 0.000 362.6 245.1 494.3 368.9 80
2021005694 0.000 44.4 60.6 117.3 136.8 80
2021005694 0.000 129.9 101.9 365.9 294.0 80
2021005694 0.000 22.3 43.4 477.5 366.6 80
2021005694 0.000 60.2 142.4 409.5 272.0 80
2021005694 0.000 0.4 100.8 499.0 366.5 80
2021005694 0.000 244.0 202.0 298.7 273.9 80
2021005694 0.000 12.6 94.7 489.8 271.8 80
2021005694 0.000 0.8 0.3 499.7 373.9 80
2021005694 0.000 1.3 18.3 498.9 309.8 80
2021005694 0.000 286.3 250.3 340.8 319.0 80
2021005694 0.000 424.2 6.2 498.9 85.7 80
2021005694 0.000 12.6 94.7 489.8 271.8 0
2021005694 0.000 0.8 0.3 499.7 373.9 7
2021005694 0.000 8.1 89.0 229.6 370.1 14
2021005694 0.000 258.6 42.4 428.2 311.1 14
2021005694 0.000 101.1 50.5 245.1 317.1 14
2021005694 0.000 170.3 106.4 310.3 353.3 14
2021005694 0.000 274.3 86.1 490.6 373.1 14
2021005694 0.000 153.4 21.0 355.4 360.9 14
2021005694 0.000 213.1 6.1 497.0 372.7 14
