2021000000493905 0.694 230.8 71.5 294.6 176.5 14
2021000000493905 0.672 396.6 118.1 463.8 183.7 14
2021000000493905 0.654 234.6 187.5 387.5 483.5 14
2021000000493905 0.652 115.4 71.0 176.3 180.8 14
2021000000493905 0.646 338.4 107.5 402.4 180.3 14
2021000000493905 0.645 108.7 22.6 189.2 102.9 14
2021000000493905 0.639 460.2 124.9 521.7 186.2 14
2021000000493905 0.632 527.2 600.3 574.1 637.2 80
2021000000493905 0.623 167.6 65.6 233.7 166.0 14
2021000000493905 0.621 233.8 177.5 388.0 466.7 80
2021000000493905 0.618 288.3 82.0 343.2 166.1 14
2021000000493905 0.604 244.5 186.7 393.5 463.7 80
2021000000493905 0.576 52.3 65.4 130.3 169.5 14
2021000000493905 0.576 331.7 -1.8 397.9 72.6 14
2021000000493905 0.570 234.9 210.8 392.9 461.3 80
2021000000493905 0.557 334.2 94.5 398.1 159.6 80
2021000000493905 0.555 237.6 71.1 290.1 168.9 80
2021000000493905 0.555 75.5 61.8 142.6 188.5 80
2021000000493905 0.551 48.3 57.6 535.9 168.6 80
2021000000493905 0.548 3.0 83.2 30.4 180.8 80
2021000000493905 0.545 164.8 55.6 232.1 168.7 80
2021000000493905 0.541 47.7 67.3 119.9 178.9 80
2021000000493905 0.538 337.9 89.8 392.0 176.5 80
2021000000493905 0.532 526.2 116.0 567.0 190.5 80
2021000000493905 0.527 281.4 73.6 335.8 153.5 80
2021000000493905 0.526 566.7 283.8 571.5 373.0 80
2021000000493905 0.520 116.0 60.9 173.0 196.0 80
2021000000493905 0.514 174.0 70.7 232.4 167.4 80
2021000000493905 0.501 567.2 409.7 571.6 495.4 80
2021000000493905 0.500 463.8 110.7 511.9 157.6 80
2021000000493905 0.497 400.0 115.5 460.8 178.9 80
2021000000493905 0.489 402.9 53.0 461.7 137.4 14
2021000000493905 0.481 -0.8 71.9 56.3 162.8 14
2021000000493905 0.478 459.5 121.6 520.8 174.8 80
2021000000493905 0.465 507.3 3.0 558.9 71.4 80
2021000000493905 0.459 522.6 103.4 572.5 175.3 80
2021000000493905 0.457 0.5 25.5 56.6 87.4 80
2021000000493905 0.444 402.8 70.0 465.3 136.8 80
2021000000493905 0.429 58.3 54.0 121.9 107.4 80
2021000000493905 0.425 460.1 65.6 531.2 156.9 14
2021000000493905 0.414 463.6 124.5 519.6 179.9 80
2021000000493905 0.407 275.8 -2.0 337.8 47.6 14
2021000000493905 0.381 0.7 78.4 55.0 172.2 80
2021000000493905 0.379 0.3 53.2 23.8 218.6 80
2021000000493905 0.378 217.5 -2.5 288.8 46.8 14
2021000000493905 0.376 283.8 22.3 340.7 116.3 14
2021000000493905 0.358 1.4 38.7 569.4 583.6 80
2021000000493905 0.351 118.8 24.6 189.4 98.5 80
2021000000493905 0.333 565.6 464.8 571.9 601.8 80
2021000000493905 0.329 568.5 234.5 571.1 496.4 80
2021000000493905 0.326 379.7 626.6 554.1 640.7 80
2021000000493905 0.324 118.8 24.6 189.4 98.5 14
2021000000493905 0.312 225.6 110.7 574.9 356.9 80
2021000000493905 0.301 283.8 22.3 340.7 116.3 80
2021000000493905 0.287 561.2 105.5 571.0 613.4 80
2021000000493905 0.265 513.8 44.3 574.3 671.2 80
2021000000493905 0.260 463.6 124.5 519.6 179.9 14
2021000000493905 0.259 460.1 65.6 531.2 156.9 80
2021000000493905 0.257 0.8 237.7 3.8 409.5 80
2021000000493905 0.255 0.7 78.4 55.0 172.2 14
2021000000493905 0.249 217.5 -2.5 288.8 46.8 80
2021000000493905 0.242 58.3 54.0 121.9 107.4 14
2021000000493905 0.240 402.8 70.0 465.3 136.8 14
2021000000493905 0.232 402.9 53.0 461.7 137.4 80
2021000000493905 0.230 562.9 47.4 573.0 236.1 80
2021000000493905 0.224 275.8 -2.0 337.8 47.6 80
2021000000493905 0.221 0.5 356.5 4.5 561.9 80
2021000000493905 0.215 -0.8 71.9 56.3 162.8 80
2021000000493905 0.214 507.3 3.0 558.9 71.4 14
2021000000493905 0.210 0.5 25.5 56.6 87.4 14
2021000000493905 0.204 0.8 96.8 8.4 547.2 80
2021000000493905 0.183 178.8 625.4 404.8 642.0 80
2021000000493905 0.182 -2.8 554.7 24.6 651.1 80
2021000000493905 0.175 1.4 333.9 26.6 634.7 80
2021000000493905 0.175 159.5 22.0 465.4 85.9 80
2021000000493905 0.175 522.6 103.4 572.5 175.3 14
2021000000493905 0.160 52.3 65.4 130.3 169.5 80
2021000000493905 0.158 331.7 -1.8 397.9 72.6 80
2021000000493905 0.158 288.3 82.0 343.2 166.1 80
2021000000493905 0.153 176.1 617.7 385.9 639.6 80
2021000000493905 0.151 174.0 70.7 232.4 167.4 14
2021000000493905 0.151 234.6 187.5 387.5 483.5 80
2021000000493905 0.150 167.6 65.6 233.7 166.0 80
2021000000493905 0.148 -0.8 150.3 31.9 469.6 80
2021000000493905 0.148 398.0 351.9 573.1 620.1 80
2021000000493905 0.148 2.9 123.1 61.6 635.6 80
2021000000493905 0.146 455.9 600.2 574.6 637.4 80
2021000000493905 0.140 142.0 406.5 440.5 609.7 80
2021000000493905 0.140 72.0 378.4 324.8 605.4 80
2021000000493905 0.139 14.8 360.7 192.6 628.9 80
2021000000493905 0.138 74.8 576.5 222.5 633.6 80
2021000000493905 0.137 326.9 228.9 562.3 547.6 80
2021000000493905 0.137 460.2 124.9 521.7 186.2 80
2021000000493905 0.136 299.7 611.6 430.5 640.9 80
2021000000493905 0.136 350.1 580.5 486.8 631.7 80
2021000000493905 0.133 459.5 121.6 520.8 174.8 14
2021000000493905 0.133 166.2 574.1 303.3 629.0 80
2021000000493905 0.132 221.7 345.0 499.4 591.4 80
2021000000493905 0.131 20.4 182.5 171.1 554.6 80
2021000000493905 0.131 242.1 573.4 371.7 629.8 80
2021000000493905 0.694 230.8 71.5 294.6 176.5 14
2021000000493905 0.672 396.6 118.1 463.8 183.7 14
2021000000493905 0.654 234.6 187.5 387.5 483.5 14
2021000000493905 0.652 115.4 71.0 176.3 180.8 14
2021000000493905 0.646 338.4 107.5 402.4 180.3 14
2021000000493905 0.645 108.7 22.6 189.2 102.9 14
2021000000493905 0.639 460.2 124.9 521.7 186.2 14
2021000000493905 0.632 527.2 600.3 574.1 637.2 80
2021000000493905 0.623 167.6 65.6 233.7 166.0 14
2021000000493905 0.621 233.8 177.5 388.0 466.7 80
2021000000493905 0.618 288.3 82.0 343.2 166.1 14
2021000000493905 0.604 244.5 186.7 393.5 463.7 80
2021000000493905 0.576 52.3 65.4 130.3 169.5 14
2021000000493905 0.576 331.7 -1.8 397.9 72.6 14
2021000000493905 0.570 234.9 210.8 392.9 461.3 80
2021000000493905 0.557 334.2 94.5 398.1 159.6 80
2021000000493905 0.555 237.6 71.1 290.1 168.9 80
2021000000493905 0.555 75.5 61.8 142.6 188.5 80
2021000000493905 0.551 48.3 57.6 535.9 168.6 80
2021000000493905 0.548 3.0 83.2 30.4 180.8 80
2021000000493905 0.545 164.8 55.6 232.1 168.7 80
2021000000493905 0.541 47.7 67.3 119.9 178.9 80
2021000000493905 0.538 337.9 89.8 392.0 176.5 80
2021000000493905 0.532 526.2 116.0 567.0 190.5 80
2021000000493905 0.527 281.4 73.6 335.8 153.5 80
2021000000493905 0.526 566.7 283.8 571.5 373.0 80
2021000000493905 0.520 116.0 60.9 173.0 196.0 80
2021000000493905 0.514 174.0 70.7 232.4 167.4 80
2021000000493905 0.501 567.2 409.7 571.6 495.4 80
2021000000493905 0.500 463.8 110.7 511.9 157.6 80
2021000000493905 0.497 400.0 115.5 460.8 178.9 80
2021000000493905 0.489 402.9 53.0 461.7 137.4 14
2021000000493905 0.481 -0.8 71.9 56.3 162.8 14
2021000000493905 0.478 459.5 121.6 520.8 174.8 80
2021000000493905 0.465 507.3 3.0 558.9 71.4 80
2021000000493905 0.459 522.6 103.4 572.5 175.3 80
2021000000493905 0.457 0.5 25.5 56.6 87.4 80
2021000000493905 0.444 402.8 70.0 465.3 136.8 80
2021000000493905 0.429 58.3 54.0 121.9 107.4 80
2021000000493905 0.425 460.1 65.6 531.2 156.9 14
2021000000493905 0.414 463.6 124.5 519.6 179.9 80
2021000000493905 0.407 275.8 -2.0 337.8 47.6 14
2021000000493905 0.381 0.7 78.4 55.0 172.2 80
2021000000493905 0.379 0.3 53.2 23.8 218.6 80
2021000000493905 0.378 217.5 -2.5 288.8 46.8 14
2021000000493905 0.376 283.8 22.3 340.7 116.3 14
2021000000493905 0.358 1.4 38.7 569.4 583.6 80
2021000000493905 0.351 118.8 24.6 189.4 98.5 80
2021000000493905 0.333 565.6 464.8 571.9 601.8 80
2021000000493905 0.329 568.5 234.5 571.1 496.4 80
2021000000493905 0.326 379.7 626.6 554.1 640.7 80
2021000000493905 0.324 118.8 24.6 189.4 98.5 14
2021000000493905 0.312 225.6 110.7 574.9 356.9 80
2021000000493905 0.301 283.8 22.3 340.7 116.3 80
2021000000493905 0.287 561.2 105.5 571.0 613.4 80
2021000000493905 0.265 513.8 44.3 574.3 671.2 80
2021000000493905 0.260 463.6 124.5 519.6 179.9 14
2021000000493905 0.259 460.1 65.6 531.2 156.9 80
2021000000493905 0.257 0.8 237.7 3.8 409.5 80
2021000000493905 0.255 0.7 78.4 55.0 172.2 14
2021000000493905 0.249 217.5 -2.5 288.8 46.8 80
2021000000493905 0.242 58.3 54.0 121.9 107.4 14
2021000000493905 0.240 402.8 70.0 465.3 136.8 14
2021000000493905 0.232 402.9 53.0 461.7 137.4 80
2021000000493905 0.230 562.9 47.4 573.0 236.1 80
2021000000493905 0.224 275.8 -2.0 337.8 47.6 80
2021000000493905 0.221 0.5 356.5 4.5 561.9 80
2021000000493905 0.215 -0.8 71.9 56.3 162.8 80
2021000000493905 0.214 507.3 3.0 558.9 71.4 14
2021000000493905 0.210 0.5 25.5 56.6 87.4 14
2021000000493905 0.204 0.8 96.8 8.4 547.2 80
2021000000493905 0.183 178.8 625.4 404.8 642.0 80
2021000000493905 0.182 -2.8 554.7 24.6 651.1 80
2021000000493905 0.175 1.4 333.9 26.6 634.7 80
2021000000493905 0.175 159.5 22.0 465.4 85.9 80
2021000000493905 0.175 522.6 103.4 572.5 175.3 14
2021000000493905 0.160 52.3 65.4 130.3 169.5 80
2021000000493905 0.158 331.7 -1.8 397.9 72.6 80
2021000000493905 0.158 288.3 82.0 343.2 166.1 80
2021000000493905 0.153 176.1 617.7 385.9 639.6 80
2021000000493905 0.151 174.0 70.7 232.4 167.4 14
2021000000493905 0.151 234.6 187.5 387.5 483.5 80
2021000000493905 0.150 167.6 65.6 233.7 166.0 80
2021000000493905 0.148 -0.8 150.3 31.9 469.6 80
2021000000493905 0.148 398.0 351.9 573.1 620.1 80
2021000000493905 0.148 2.9 123.1 61.6 635.6 80
2021000000493905 0.146 455.9 600.2 574.6 637.4 80
2021000000493905 0.140 142.0 406.5 440.5 609.7 80
2021000000493905 0.140 72.0 378.4 324.8 605.4 80
2021000000493905 0.139 14.8 360.7 192.6 628.9 80
2021000000493905 0.138 74.8 576.5 222.5 633.6 80
2021000000493905 0.137 326.9 228.9 562.3 547.6 80
2021000000493905 0.137 460.2 124.9 521.7 186.2 80
2021000000493905 0.136 299.7 611.6 430.5 640.9 80
2021000000493905 0.136 350.1 580.5 486.8 631.7 80
2021000000493905 0.133 459.5 121.6 520.8 174.8 14
2021000000493905 0.133 166.2 574.1 303.3 629.0 80
2021000000493905 0.132 221.7 345.0 499.4 591.4 80
2021000000493905 0.131 20.4 182.5 171.1 554.6 80
2021000000493905 0.131 242.1 573.4 371.7 629.8 80
2021000000493905 0.000 418.0 180.7 561.0 453.2 80
2021000000493905 0.000 244.2 133.3 469.4 336.6 80
2021000000493905 0.000 1.1 74.1 118.3 419.6 80
2021000000493905 0.000 225.9 273.1 315.1 384.3 80
2021000000493905 0.000 113.3 265.4 290.1 520.9 80
2021000000493905 0.000 15.3 217.1 213.4 457.0 80
2021000000493905 0.000 152.1 232.2 252.8 343.4 80
2021000000493905 0.000 314.1 235.2 569.9 432.2 80
2021000000493905 0.000 164.8 51.5 365.3 348.2 80
2021000000493905 0.000 230.1 191.8 326.6 302.6 80
2021000000493905 0.000 97.5 317.4 175.4 433.9 80
2021000000493905 0.000 0.6 256.6 54.1 400.0 80
2021000000493905 0.000 512.9 95.0 570.7 258.5 80
2021000000493905 0.000 517.6 327.9 570.5 472.0 80
2021000000493905 0.000 279.3 239.3 376.6 348.7 80
2021000000493905 0.000 517.7 218.1 570.6 361.1 80
2021000000493905 0.000 186.7 92.7 555.5 467.4 80
2021000000493905 0.000 158.1 294.4 253.8 404.9 80
2021000000493905 0.000 1.3 342.2 55.0 488.0 80
2021000000493905 0.000 328.4 293.8 423.9 403.9 80
2021000000493905 0.000 462.0 302.1 548.4 414.4 80
2021000000493905 0.000 0.9 216.7 117.4 609.7 80
2021000000493905 0.000 397.5 342.3 485.1 459.7 80
2021000000493905 0.000 45.1 377.9 130.9 492.5 80
2021000000493905 0.000 385.6 251.6 483.1 361.2 80
2021000000493905 0.000 79.2 204.7 183.2 314.6 80
2021000000493905 0.000 21.4 265.0 118.1 376.5 80
2021000000493905 0.000 36.2 182.4 341.9 446.7 80
2021000000493905 0.000 219.1 202.0 381.7 456.3 80
2021000000493905 0.000 18.0 28.9 245.1 322.7 80
2021000000493905 0.000 342.1 175.6 447.3 284.8 80
2021000000493905 0.000 266.4 240.8 452.5 587.9 80
2021000000493905 0.000 366.5 6.2 573.9 320.9 80
2021000000493905 0.000 505.4 419.1 570.6 627.6 80
2021000000493905 0.000 433.6 168.2 537.1 280.7 80
2021000000493905 0.000 278.1 76.7 510.1 525.6 80
2021000000493905 0.000 150.8 387.5 242.5 500.6 80
2021000000493905 0.000 0.2 35.3 59.5 180.9 80
2021000000493905 0.000 454.7 200.3 571.6 605.3 80
2021000000493905 0.000 0.2 152.0 58.8 296.4 80
2021000000493905 0.000 94.0 90.0 304.9 516.5 80
2021000000493905 0.000 217.0 89.4 320.9 201.2 80
2021000000493905 0.000 151.5 241.8 429.3 404.1 80
2021000000493905 0.000 141.0 140.4 431.9 623.8 80
2021000000493905 0.000 144.3 145.0 250.3 254.7 80
2021000000493905 0.000 245.3 327.2 467.9 494.8 80
2021000000493905 0.000 1.0 8.2 569.0 354.5 80
2021000000493905 0.000 0.4 430.5 66.3 628.2 80
2021000000493905 0.000 311.3 162.8 565.6 629.9 80
2021000000493905 0.000 30.6 36.5 456.9 452.8 80
2021000000493905 0.000 1.5 154.5 271.6 633.5 80
2021000000493905 0.000 365.3 389.1 451.9 500.7 80
2021000000493905 0.000 94.9 35.1 475.7 616.5 80
2021000000493905 0.000 183.1 204.6 373.7 595.6 80
2021000000493905 0.000 -1.8 13.1 331.8 631.9 80
2021000000493905 0.000 174.2 132.7 576.7 638.4 80
2021000000493905 0.000 241.6 11.9 570.7 635.0 80
2021000000493905 0.000 134.6 181.0 434.9 505.6 80
2021000000493905 0.000 162.6 368.1 410.7 631.6 80
2021000000493905 0.000 8.9 247.8 407.2 626.8 80
2021000000493905 0.000 162.2 266.2 549.7 628.9 80
2021000000493905 0.000 66.8 127.2 522.1 554.2 80
2021000000493905 0.000 0.1 113.5 420.5 624.7 80
2021000000493905 0.000 408.3 30.7 572.1 615.1 80
2021000000493905 0.000 22.6 431.3 361.9 639.0 80
2021000000493905 0.000 5.1 323.0 216.5 628.1 80
2021000000493905 0.000 334.3 329.3 558.4 629.5 80
2021000000493905 0.000 284.7 6.6 383.9 122.9 80
2021000000493905 0.000 230.3 443.8 566.3 640.0 80
2021000000493905 0.000 49.7 253.4 490.1 480.7 80
2021000000493905 0.000 3.2 482.7 152.3 639.5 80
2021000000493905 0.000 -2.2 28.9 168.7 622.0 80
2021000000493905 0.000 241.4 439.1 340.2 546.4 80
2021000000493905 0.000 154.7 18.1 424.9 625.9 80
2021000000493905 0.000 0.6 1.8 476.0 636.3 80
2021000000493905 0.000 1.0 382.9 569.5 641.5 80
2021000000493905 0.000 409.7 431.6 565.9 633.3 80
2021000000493905 0.000 2.9 140.5 570.1 474.1 80
2021000000493905 0.000 91.8 1.9 568.9 634.8 80
2021000000493905 0.000 154.6 -0.4 528.3 205.7 80
2021000000493905 0.000 22.0 72.5 546.4 638.8 80
2021000000493905 0.000 0.5 176.2 570.4 631.9 80
2021000000493905 0.000 204.2 395.7 287.3 503.9 80
2021000000493905 0.000 1.1 27.1 570.5 546.3 80
2021000000493905 0.000 0.8 -0.1 570.7 638.6 80
2021000000493905 0.000 363.0 86.1 470.6 197.4 80
2021000000493905 0.000 39.6 108.1 144.9 231.0 80
2021000000493905 0.000 483.8 10.1 570.2 146.3 80
2021000000493905 0.000 0.8 -0.1 570.7 638.6 14
2021000000493905 0.000 0.8 -0.1 570.7 638.6 7
2021000000493905 0.000 0.8 -0.1 570.7 638.6 11
2021000000493905 0.000 91.8 1.9 568.9 634.8 14
2021000000493905 0.000 2.9 140.5 570.1 474.1 0
2021000000493905 0.000 1.5 154.5 271.6 633.5 14
2021000000493905 0.000 94.9 35.1 475.7 616.5 14
2021000000493905 0.000 241.6 11.9 570.7 635.0 14
2021000000493905 0.000 141.0 140.4 431.9 623.8 14
2021000000493905 0.000 -1.8 13.1 331.8 631.9 14
2021000000493905 0.000 311.3 162.8 565.6 629.9 14
2021000000493905 0.000 22.0 72.5 546.4 638.8 14
