2021009663 0.715 174.6 112.7 220.0 169.5 80
2021009663 0.707 298.9 216.5 497.5 370.3 80
2021009663 0.698 175.3 114.7 219.0 167.6 80
2021009663 0.677 179.7 143.8 480.3 270.1 80
2021009663 0.674 212.2 203.5 493.6 371.5 80
2021009663 0.674 427.9 42.9 451.7 66.5 80
2021009663 0.665 206.0 255.3 424.7 377.3 80
2021009663 0.663 53.6 190.9 97.2 281.0 80
2021009663 0.662 357.3 170.0 499.2 375.3 80
2021009663 0.659 470.0 313.8 499.3 377.4 80
2021009663 0.658 331.3 145.5 399.5 168.8 80
2021009663 0.656 180.3 171.4 290.2 248.5 80
2021009663 0.654 284.7 141.1 496.3 325.0 80
2021009663 0.653 113.2 151.7 471.5 293.1 80
2021009663 0.648 205.4 164.4 279.5 187.9 80
2021009663 0.639 245.5 143.2 491.4 358.7 80
2021009663 0.639 197.7 227.3 508.1 371.9 80
2021009663 0.639 268.1 153.2 438.9 217.5 80
2021009663 0.635 193.8 153.2 328.8 204.4 80
2021009663 0.632 436.0 117.2 482.0 189.6 80
2021009663 0.631 405.0 155.7 492.6 248.6 80
2021009663 0.630 255.6 157.2 340.9 203.1 80
2021009663 0.628 384.6 215.6 500.0 372.0 80
2021009663 0.625 142.8 177.1 292.6 278.3 80
2021009663 0.619 48.1 179.0 97.2 286.8 80
2021009663 0.617 112.5 157.2 464.3 303.7 80
2021009663 0.606 337.4 146.4 366.6 166.1 80
2021009663 0.604 474.7 119.4 499.7 200.0 80
2021009663 0.601 204.5 142.4 303.9 191.2 80
2021009663 0.599 132.5 176.7 299.8 329.1 80
2021009663 0.598 194.1 237.8 503.0 380.4 80
2021009663 0.597 2.6 181.0 86.5 301.0 80
2021009663 0.595 469.9 191.0 501.5 371.9 80
2021009663 0.593 117.5 161.4 501.7 346.8 80
2021009663 0.592 243.1 145.9 474.8 277.4 80
2021009663 0.590 221.2 135.6 496.3 286.9 80
2021009663 0.587 127.1 177.6 292.1 306.3 80
2021009663 0.586 441.8 119.0 480.2 186.2 80
2021009663 0.583 2.6 141.3 34.3 278.0 80
2021009663 0.577 475.6 125.0 501.2 371.6 80
2021009663 0.566 306.5 144.8 477.3 250.0 80
2021009663 0.559 311.4 135.4 491.0 249.3 80
2021009663 0.557 376.2 125.2 470.0 184.2 80
2021009663 0.556 468.9 116.0 498.8 238.1 80
2021009663 0.550 1.2 153.8 8.9 207.1 80
2021009663 0.544 476.6 168.1 498.7 366.0 80
2021009663 0.536 0.7 159.1 12.0 267.8 80
2021009663 0.524 1.4 166.4 93.7 294.6 80
2021009663 0.519 329.6 131.3 458.2 175.9 80
2021009663 0.514 189.2 159.4 329.2 262.1 80
2021009663 0.499 209.7 221.6 500.8 376.5 8
2021009663 0.475 140.9 179.4 514.9 374.1 80
2021009663 0.440 113.5 170.5 404.3 343.5 80
2021009663 0.437 260.2 143.5 476.1 263.8 17
2021009663 0.416 0.5 175.3 94.9 298.9 80
2021009663 0.416 1.0 167.5 85.2 294.8 80
2021009663 0.402 319.3 122.4 478.0 209.2 80
2021009663 0.395 20.8 147.6 84.3 296.2 80
2021009663 0.376 470.2 117.9 499.6 232.7 80
2021009663 0.356 137.0 175.1 335.6 258.8 80
2021009663 0.298 1.0 167.5 85.2 294.8 8
2021009663 0.284 1.2 25.0 3.9 147.1 80
2021009663 0.282 0.9 121.5 4.7 333.9 80
2021009663 0.272 156.8 0.0 254.6 7.9 80
2021009663 0.264 260.2 143.5 476.1 263.8 80
2021009663 0.263 470.2 117.9 499.6 232.7 8
2021009663 0.258 0.5 175.3 94.9 298.9 8
2021009663 0.240 209.7 221.6 500.8 376.5 17
2021009663 0.230 90.8 80.3 453.0 310.2 80
2021009663 0.198 319.3 122.4 478.0 209.2 17
2021009663 0.195 1.4 166.4 93.7 294.6 8
2021009663 0.190 189.2 159.4 329.2 262.1 8
2021009663 0.185 240.6 206.8 313.2 240.7 80
2021009663 0.184 1.9 147.0 99.8 367.4 80
2021009663 0.155 476.6 168.1 498.7 366.0 8
2021009663 0.154 126.8 327.2 406.7 380.7 80
2021009663 0.154 -5.9 313.7 36.5 383.8 80
2021009663 0.151 272.5 191.7 304.3 224.7 80
2021009663 0.148 468.9 116.0 498.8 238.1 8
2021009663 0.147 40.6 174.1 67.6 248.0 80
2021009663 0.144 51.8 288.3 207.3 380.9 80
2021009663 0.142 121.2 279.3 331.3 377.0 80
2021009663 0.142 132.5 176.7 299.8 329.1 10
2021009663 0.136 168.1 358.4 349.0 378.1 80
2021009663 0.135 127.1 177.6 292.1 306.3 10
2021009663 0.133 318.1 356.6 460.6 378.8 80
2021009663 0.132 18.6 327.7 91.0 374.3 80
2021009663 0.131 131.5 244.2 170.4 283.5 80
2021009663 0.130 209.7 221.6 500.8 376.5 80
2021009663 0.129 55.3 213.7 297.1 341.0 80
2021009663 0.129 319.3 122.4 478.0 209.2 8
2021009663 0.127 115.9 355.8 229.8 377.1 80
2021009663 0.127 48.0 358.0 152.4 377.5 80
2021009663 0.125 306.5 144.8 477.3 250.0 17
2021009663 0.125 5.9 136.1 41.2 209.4 80
2021009663 0.124 311.4 135.4 491.0 249.3 17
2021009663 0.121 32.2 193.3 221.9 311.3 80
2021009663 0.120 30.5 107.1 197.4 258.3 80
2021009663 0.118 131.8 266.8 205.2 315.8 80
2021009663 0.115 142.8 177.1 292.6 278.3 10
2021009663 0.715 174.6 112.7 220.0 169.5 80
2021009663 0.707 298.9 216.5 497.5 370.3 80
2021009663 0.698 175.3 114.7 219.0 167.6 80
2021009663 0.677 179.7 143.8 480.3 270.1 80
2021009663 0.674 212.2 203.5 493.6 371.5 80
2021009663 0.674 427.9 42.9 451.7 66.5 80
2021009663 0.665 206.0 255.3 424.7 377.3 80
2021009663 0.663 53.6 190.9 97.2 281.0 80
2021009663 0.662 357.3 170.0 499.2 375.3 80
2021009663 0.659 470.0 313.8 499.3 377.4 80
2021009663 0.658 331.3 145.5 399.5 168.8 80
2021009663 0.656 180.3 171.4 290.2 248.5 80
2021009663 0.654 284.7 141.1 496.3 325.0 80
2021009663 0.653 113.2 151.7 471.5 293.1 80
2021009663 0.648 205.4 164.4 279.5 187.9 80
2021009663 0.639 245.5 143.2 491.4 358.7 80
2021009663 0.639 197.7 227.3 508.1 371.9 80
2021009663 0.639 268.1 153.2 438.9 217.5 80
2021009663 0.635 193.8 153.2 328.8 204.4 80
2021009663 0.632 436.0 117.2 482.0 189.6 80
2021009663 0.631 405.0 155.7 492.6 248.6 80
2021009663 0.630 255.6 157.2 340.9 203.1 80
2021009663 0.628 384.6 215.6 500.0 372.0 80
2021009663 0.625 142.8 177.1 292.6 278.3 80
2021009663 0.619 48.1 179.0 97.2 286.8 80
2021009663 0.617 112.5 157.2 464.3 303.7 80
2021009663 0.606 337.4 146.4 366.6 166.1 80
2021009663 0.604 474.7 119.4 499.7 200.0 80
2021009663 0.601 204.5 142.4 303.9 191.2 80
2021009663 0.599 132.5 176.7 299.8 329.1 80
2021009663 0.598 194.1 237.8 503.0 380.4 80
2021009663 0.597 2.6 181.0 86.5 301.0 80
2021009663 0.595 469.9 191.0 501.5 371.9 80
2021009663 0.593 117.5 161.4 501.7 346.8 80
2021009663 0.592 243.1 145.9 474.8 277.4 80
2021009663 0.590 221.2 135.6 496.3 286.9 80
2021009663 0.587 127.1 177.6 292.1 306.3 80
2021009663 0.586 441.8 119.0 480.2 186.2 80
2021009663 0.583 2.6 141.3 34.3 278.0 80
2021009663 0.577 475.6 125.0 501.2 371.6 80
2021009663 0.566 306.5 144.8 477.3 250.0 80
2021009663 0.559 311.4 135.4 491.0 249.3 80
2021009663 0.557 376.2 125.2 470.0 184.2 80
2021009663 0.556 468.9 116.0 498.8 238.1 80
2021009663 0.550 1.2 153.8 8.9 207.1 80
2021009663 0.544 476.6 168.1 498.7 366.0 80
2021009663 0.536 0.7 159.1 12.0 267.8 80
2021009663 0.524 1.4 166.4 93.7 294.6 80
2021009663 0.519 329.6 131.3 458.2 175.9 80
2021009663 0.514 189.2 159.4 329.2 262.1 80
2021009663 0.499 209.7 221.6 500.8 376.5 8
2021009663 0.475 140.9 179.4 514.9 374.1 80
2021009663 0.440 113.5 170.5 404.3 343.5 80
2021009663 0.437 260.2 143.5 476.1 263.8 17
2021009663 0.416 0.5 175.3 94.9 298.9 80
2021009663 0.416 1.0 167.5 85.2 294.8 80
2021009663 0.402 319.3 122.4 478.0 209.2 80
2021009663 0.395 20.8 147.6 84.3 296.2 80
2021009663 0.376 470.2 117.9 499.6 232.7 80
2021009663 0.356 137.0 175.1 335.6 258.8 80
2021009663 0.298 1.0 167.5 85.2 294.8 8
2021009663 0.284 1.2 25.0 3.9 147.1 80
2021009663 0.282 0.9 121.5 4.7 333.9 80
2021009663 0.272 156.8 0.0 254.6 7.9 80
2021009663 0.264 260.2 143.5 476.1 263.8 80
2021009663 0.263 470.2 117.9 499.6 232.7 8
2021009663 0.258 0.5 175.3 94.9 298.9 8
2021009663 0.240 209.7 221.6 500.8 376.5 17
2021009663 0.230 90.8 80.3 453.0 310.2 80
2021009663 0.198 319.3 122.4 478.0 209.2 17
2021009663 0.195 1.4 166.4 93.7 294.6 8
2021009663 0.190 189.2 159.4 329.2 262.1 8
2021009663 0.185 240.6 206.8 313.2 240.7 80
2021009663 0.184 1.9 147.0 99.8 367.4 80
2021009663 0.155 476.6 168.1 498.7 366.0 8
2021009663 0.154 126.8 327.2 406.7 380.7 80
2021009663 0.154 -5.9 313.7 36.5 383.8 80
2021009663 0.151 272.5 191.7 304.3 224.7 80
2021009663 0.148 468.9 116.0 498.8 238.1 8
2021009663 0.147 40.6 174.1 67.6 248.0 80
2021009663 0.144 51.8 288.3 207.3 380.9 80
2021009663 0.142 121.2 279.3 331.3 377.0 80
2021009663 0.142 132.5 176.7 299.8 329.1 10
2021009663 0.136 168.1 358.4 349.0 378.1 80
2021009663 0.135 127.1 177.6 292.1 306.3 10
2021009663 0.133 318.1 356.6 460.6 378.8 80
2021009663 0.132 18.6 327.7 91.0 374.3 80
2021009663 0.131 131.5 244.2 170.4 283.5 80
2021009663 0.130 209.7 221.6 500.8 376.5 80
2021009663 0.129 55.3 213.7 297.1 341.0 80
2021009663 0.129 319.3 122.4 478.0 209.2 8
2021009663 0.127 115.9 355.8 229.8 377.1 80
2021009663 0.127 48.0 358.0 152.4 377.5 80
2021009663 0.125 306.5 144.8 477.3 250.0 17
2021009663 0.125 5.9 136.1 41.2 209.4 80
2021009663 0.124 311.4 135.4 491.0 249.3 17
2021009663 0.121 32.2 193.3 221.9 311.3 80
2021009663 0.120 30.5 107.1 197.4 258.3 80
2021009663 0.118 131.8 266.8 205.2 315.8 80
2021009663 0.115 142.8 177.1 292.6 278.3 10
2021009663 0.000 242.0 73.2 372.7 227.7 80
2021009663 0.000 0.9 43.1 103.5 247.8 80
2021009663 0.000 143.7 135.9 210.3 202.4 80
2021009663 0.000 211.4 111.8 275.3 178.0 80
2021009663 0.000 371.0 109.2 486.3 268.7 80
2021009663 0.000 255.8 137.9 317.1 204.5 80
2021009663 0.000 156.6 31.4 304.0 211.6 80
2021009663 0.000 45.5 217.8 107.4 288.9 80
2021009663 0.000 136.3 82.3 207.6 151.5 80
2021009663 0.000 81.5 117.6 146.9 186.5 80
2021009663 0.000 197.9 51.8 272.4 119.8 80
2021009663 0.000 453.6 128.4 499.6 211.2 80
2021009663 0.000 387.8 97.3 461.7 164.2 80
2021009663 0.000 348.6 145.3 411.0 211.1 80
2021009663 0.000 136.9 218.3 201.8 292.7 80
2021009663 0.000 19.5 26.1 206.5 194.8 80
2021009663 0.000 1.5 201.3 48.0 285.0 80
2021009663 0.000 297.9 170.7 359.9 236.2 80
2021009663 0.000 453.4 192.9 499.6 275.6 80
2021009663 0.000 356.3 197.7 415.7 265.7 80
2021009663 0.000 313.5 100.9 376.2 167.7 80
2021009663 0.000 323.9 8.3 496.6 191.8 80
2021009663 0.000 287.5 132.8 485.8 257.7 80
2021009663 0.000 205.6 160.1 267.3 225.4 80
2021009663 0.000 0.9 125.8 102.1 357.9 80
2021009663 0.000 33.3 127.4 166.8 276.8 80
2021009663 0.000 1.0 151.5 47.1 234.6 80
2021009663 0.000 89.9 187.8 149.8 253.9 80
2021009663 0.000 449.0 54.1 499.7 153.4 80
2021009663 0.000 117.9 161.9 233.2 316.5 80
2021009663 0.000 218.0 251.8 286.7 331.9 80
2021009663 0.000 149.3 172.2 210.8 237.6 80
2021009663 0.000 410.1 176.6 474.8 242.3 80
2021009663 0.000 27.0 155.1 94.9 220.9 80
2021009663 0.000 323.9 218.2 384.1 295.1 80
2021009663 0.000 202.7 116.7 319.1 275.9 80
2021009663 0.000 177.6 56.6 471.2 267.4 80
2021009663 0.000 252.3 124.0 366.8 347.9 80
2021009663 0.000 0.5 90.4 51.3 173.8 80
2021009663 0.000 0.7 22.0 51.8 106.0 80
2021009663 0.000 46.4 108.1 284.6 258.9 80
2021009663 0.000 101.1 50.5 245.1 317.1 80
2021009663 0.000 255.5 3.7 329.5 73.3 80
2021009663 0.000 322.9 47.5 406.2 116.3 80
2021009663 0.000 43.3 21.4 383.8 258.4 80
2021009663 0.000 0.6 249.6 58.3 369.8 80
2021009663 0.000 178.6 220.3 238.0 300.5 80
2021009663 0.000 442.7 245.1 499.6 368.5 80
2021009663 0.000 398.6 113.5 499.6 355.5 80
2021009663 0.000 10.6 10.6 491.5 199.6 80
2021009663 0.000 258.6 42.4 428.2 311.1 80
2021009663 0.000 90.0 16.9 408.1 364.6 80
2021009663 0.000 256.1 169.2 365.6 301.9 80
2021009663 0.000 -2.4 5.4 286.1 371.6 80
2021009663 0.000 8.1 89.0 229.6 370.1 80
2021009663 0.000 0.7 22.9 146.6 363.6 80
2021009663 0.000 213.1 6.1 497.0 372.7 80
2021009663 0.000 131.2 78.4 368.1 365.5 80
2021009663 0.000 156.2 201.7 351.1 369.4 80
2021009663 0.000 170.3 106.4 310.3 353.3 80
2021009663 0.000 153.4 21.0 355.4 360.9 80
2021009663 0.000 357.6 18.1 500.9 361.1 80
2021009663 0.000 68.8 68.1 447.4 321.4 80
2021009663 0.000 177.0 8.2 417.9 127.1 80
2021009663 0.000 43.6 254.9 289.5 373.6 80
2021009663 0.000 2.3 68.4 366.1 369.3 80
2021009663 0.000 5.1 279.1 130.5 374.3 80
2021009663 0.000 12.0 183.0 185.2 365.8 80
2021009663 0.000 305.3 180.1 482.3 365.0 80
2021009663 0.000 220.0 199.0 278.3 264.7 80
2021009663 0.000 24.3 146.3 338.1 364.6 80
2021009663 0.000 2.5 1.3 412.8 373.0 80
2021009663 0.000 150.8 131.3 355.6 228.6 80
2021009663 0.000 274.3 86.1 490.6 373.1 80
2021009663 0.000 3.0 228.5 496.0 374.4 80
2021009663 0.000 220.7 257.3 474.7 373.5 80
2021009663 0.000 84.5 1.1 496.2 372.9 80
2021009663 0.000 158.6 67.8 495.0 371.2 80
2021009663 0.000 157.9 150.5 463.3 364.9 80
2021009663 0.000 362.6 245.1 494.3 368.9 80
2021009663 0.000 44.4 60.6 117.3 136.8 80
2021009663 0.000 129.9 101.9 365.9 294.0 80
2021009663 0.000 22.3 43.4 477.5 366.6 80
2021009663 0.000 60.2 142.4 409.5 272.0 80
2021009663 0.000 0.4 100.8 499.0 366.5 80
2021009663 0.000 244.0 202.0 298.7 273.9 80
2021009663 0.000 12.6 94.7 489.8 271.8 80
2021009663 0.000 0.8 0.3 499.7 373.9 80
2021009663 0.000 1.3 18.3 498.9 309.8 80
2021009663 0.000 286.3 250.3 340.8 319.0 80
2021009663 0.000 424.2 6.2 498.9 85.7 80
2021009663 0.000 12.6 94.7 489.8 271.8 0
2021009663 0.000 0.8 0.3 499.7 373.9 7
2021009663 0.000 8.1 89.0 229.6 370.1 14
2021009663 0.000 258.6 42.4 428.2 311.1 14
2021009663 0.000 101.1 50.5 245.1 317.1 14
2021009663 0.000 170.3 106.4 310.3 353.3 14
2021009663 0.000 274.3 86.1 490.6 373.1 14
2021009663 0.000 153.4 21.0 355.4 360.9 14
2021009663 0.000 213.1 6.1 497.0 372.7 14
