2021000000281687 0.770 2.2 120.5 144.8 377.6 14
2021000000281687 0.698 270.0 138.8 399.2 275.2 80
2021000000281687 0.693 319.3 149.3 404.5 235.7 80
2021000000281687 0.692 160.9 70.0 176.8 104.8 80
2021000000281687 0.690 147.2 66.7 171.8 105.2 80
2021000000281687 0.670 292.8 220.1 488.2 371.7 80
2021000000281687 0.669 375.3 169.7 494.7 307.0 80
2021000000281687 0.659 378.5 223.5 495.5 370.7 80
2021000000281687 0.656 373.8 165.4 490.3 330.3 80
2021000000281687 0.649 3.2 314.8 59.4 374.4 80
2021000000281687 0.648 357.4 194.6 494.1 373.6 80
2021000000281687 0.646 1.5 186.9 102.3 374.0 80
2021000000281687 0.644 197.0 210.5 238.6 373.2 14
2021000000281687 0.642 258.3 224.8 291.9 264.7 14
2021000000281687 0.639 196.9 206.4 235.9 302.3 80
2021000000281687 0.639 357.8 179.9 439.3 250.4 80
2021000000281687 0.636 151.8 138.5 489.9 378.1 80
2021000000281687 0.635 203.1 216.8 227.3 298.5 80
2021000000281687 0.633 299.8 137.8 400.5 373.2 80
2021000000281687 0.632 470.1 337.4 498.1 375.6 80
2021000000281687 0.626 133.7 244.2 155.8 293.3 80
2021000000281687 0.625 438.8 214.3 496.2 369.1 80
2021000000281687 0.617 10.2 121.4 141.9 355.1 80
2021000000281687 0.611 161.0 144.0 437.2 370.8 80
2021000000281687 0.610 487.0 234.7 500.1 292.4 80
2021000000281687 0.609 205.5 174.4 402.0 373.6 80
2021000000281687 0.607 117.3 213.2 146.1 289.8 80
2021000000281687 0.606 212.3 136.0 395.0 369.6 80
2021000000281687 0.604 139.8 239.1 154.0 274.4 80
2021000000281687 0.603 444.2 219.3 496.2 318.9 80
2021000000281687 0.601 108.9 237.5 128.7 292.6 80
2021000000281687 0.599 217.7 253.0 485.6 370.3 80
2021000000281687 0.593 151.0 63.9 165.6 89.6 80
2021000000281687 0.587 199.4 122.5 484.2 375.9 80
2021000000281687 0.580 195.2 210.1 237.8 372.6 80
2021000000281687 0.571 313.4 152.0 487.9 376.2 80
2021000000281687 0.568 3.5 184.3 17.7 261.8 80
2021000000281687 0.567 222.2 221.1 244.2 284.7 80
2021000000281687 0.567 128.0 242.3 151.5 300.1 80
2021000000281687 0.565 385.8 189.6 484.5 267.4 80
2021000000281687 0.564 368.4 161.2 495.9 375.2 14
2021000000281687 0.563 -2.6 232.8 120.8 375.5 80
2021000000281687 0.558 494.0 224.0 500.2 364.6 80
2021000000281687 0.539 288.5 139.1 412.2 380.8 80
2021000000281687 0.533 311.6 146.4 474.0 375.1 80
2021000000281687 0.524 257.3 222.0 283.1 263.4 80
2021000000281687 0.523 478.3 225.8 499.5 292.6 80
2021000000281687 0.520 1.0 195.5 8.2 300.6 80
2021000000281687 0.516 1.5 179.7 9.5 253.4 80
2021000000281687 0.509 3.3 47.8 131.1 374.7 80
2021000000281687 0.487 173.2 230.2 209.5 283.0 80
2021000000281687 0.486 238.9 243.4 257.4 284.6 80
2021000000281687 0.484 1.3 127.9 15.3 364.6 80
2021000000281687 0.479 61.0 319.4 487.4 374.0 80
2021000000281687 0.471 82.6 218.1 117.8 341.9 80
2021000000281687 0.466 210.6 133.9 409.6 376.9 80
2021000000281687 0.463 252.4 229.6 276.1 269.6 80
2021000000281687 0.461 1.2 189.5 9.6 354.7 80
2021000000281687 0.446 226.3 231.2 244.6 302.2 80
2021000000281687 0.429 238.1 247.3 259.4 292.4 14
2021000000281687 0.404 130.3 242.0 152.8 296.1 80
2021000000281687 0.402 239.6 136.7 402.9 376.8 14
2021000000281687 0.401 85.0 229.0 117.4 295.1 80
2021000000281687 0.401 370.3 162.4 490.5 374.6 80
2021000000281687 0.379 327.5 338.6 489.5 377.5 80
2021000000281687 0.357 130.2 242.3 154.3 298.4 80
2021000000281687 0.356 273.5 207.8 335.2 273.9 80
2021000000281687 0.354 239.6 136.7 402.9 376.8 80
2021000000281687 0.332 499.3 81.8 500.2 156.2 80
2021000000281687 0.331 130.2 242.3 154.3 298.4 14
2021000000281687 0.316 370.3 162.4 490.5 374.6 14
2021000000281687 0.296 85.0 229.0 117.4 295.1 14
2021000000281687 0.290 4.7 10.6 497.7 370.9 80
2021000000281687 0.284 103.0 165.1 468.7 356.5 80
2021000000281687 0.277 130.3 242.0 152.8 296.1 14
2021000000281687 0.259 210.6 133.9 409.6 376.9 14
2021000000281687 0.257 238.1 247.3 259.4 292.4 80
2021000000281687 0.244 226.3 231.2 244.6 302.2 14
2021000000281687 0.242 82.6 218.1 117.8 341.9 14
2021000000281687 0.236 311.6 146.4 474.0 375.1 14
2021000000281687 0.216 0.4 1.0 4.5 89.2 80
2021000000281687 0.209 368.4 161.2 495.9 375.2 80
2021000000281687 0.205 166.5 363.0 353.5 377.3 80
2021000000281687 0.203 238.9 243.4 257.4 284.6 14
2021000000281687 0.148 257.3 222.0 283.1 263.4 14
2021000000281687 0.147 288.5 139.1 412.2 380.8 14
2021000000281687 0.146 39.2 232.9 99.4 288.6 80
2021000000281687 0.144 111.3 359.0 230.6 377.9 80
2021000000281687 0.138 40.1 358.0 148.1 379.0 80
2021000000281687 0.136 53.9 223.2 127.8 281.5 80
2021000000281687 0.135 71.7 157.7 264.9 284.2 80
2021000000281687 0.132 205.5 233.2 239.9 269.5 80
2021000000281687 0.131 258.3 224.8 291.9 264.7 80
2021000000281687 0.130 31.5 261.2 96.1 327.4 80
2021000000281687 0.124 239.8 221.5 296.6 275.5 80
2021000000281687 0.122 197.0 210.5 238.6 373.2 80
2021000000281687 0.122 438.8 214.3 496.2 369.1 14
2021000000281687 0.120 1.2 189.5 9.6 354.7 14
2021000000281687 0.120 444.2 219.3 496.2 318.9 14
2021000000281687 0.119 307.8 151.9 371.3 209.2 80
2021000000281687 0.770 2.2 120.5 144.8 377.6 14
2021000000281687 0.698 270.0 138.8 399.2 275.2 80
2021000000281687 0.693 319.3 149.3 404.5 235.7 80
2021000000281687 0.692 160.9 70.0 176.8 104.8 80
2021000000281687 0.690 147.2 66.7 171.8 105.2 80
2021000000281687 0.670 292.8 220.1 488.2 371.7 80
2021000000281687 0.669 375.3 169.7 494.7 307.0 80
2021000000281687 0.659 378.5 223.5 495.5 370.7 80
2021000000281687 0.656 373.8 165.4 490.3 330.3 80
2021000000281687 0.649 3.2 314.8 59.4 374.4 80
2021000000281687 0.648 357.4 194.6 494.1 373.6 80
2021000000281687 0.646 1.5 186.9 102.3 374.0 80
2021000000281687 0.644 197.0 210.5 238.6 373.2 14
2021000000281687 0.642 258.3 224.8 291.9 264.7 14
2021000000281687 0.639 196.9 206.4 235.9 302.3 80
2021000000281687 0.639 357.8 179.9 439.3 250.4 80
2021000000281687 0.636 151.8 138.5 489.9 378.1 80
2021000000281687 0.635 203.1 216.8 227.3 298.5 80
2021000000281687 0.633 299.8 137.8 400.5 373.2 80
2021000000281687 0.632 470.1 337.4 498.1 375.6 80
2021000000281687 0.626 133.7 244.2 155.8 293.3 80
2021000000281687 0.625 438.8 214.3 496.2 369.1 80
2021000000281687 0.617 10.2 121.4 141.9 355.1 80
2021000000281687 0.611 161.0 144.0 437.2 370.8 80
2021000000281687 0.610 487.0 234.7 500.1 292.4 80
2021000000281687 0.609 205.5 174.4 402.0 373.6 80
2021000000281687 0.607 117.3 213.2 146.1 289.8 80
2021000000281687 0.606 212.3 136.0 395.0 369.6 80
2021000000281687 0.604 139.8 239.1 154.0 274.4 80
2021000000281687 0.603 444.2 219.3 496.2 318.9 80
2021000000281687 0.601 108.9 237.5 128.7 292.6 80
2021000000281687 0.599 217.7 253.0 485.6 370.3 80
2021000000281687 0.593 151.0 63.9 165.6 89.6 80
2021000000281687 0.587 199.4 122.5 484.2 375.9 80
2021000000281687 0.580 195.2 210.1 237.8 372.6 80
2021000000281687 0.571 313.4 152.0 487.9 376.2 80
2021000000281687 0.568 3.5 184.3 17.7 261.8 80
2021000000281687 0.567 222.2 221.1 244.2 284.7 80
2021000000281687 0.567 128.0 242.3 151.5 300.1 80
2021000000281687 0.565 385.8 189.6 484.5 267.4 80
2021000000281687 0.564 368.4 161.2 495.9 375.2 14
2021000000281687 0.563 -2.6 232.8 120.8 375.5 80
2021000000281687 0.558 494.0 224.0 500.2 364.6 80
2021000000281687 0.539 288.5 139.1 412.2 380.8 80
2021000000281687 0.533 311.6 146.4 474.0 375.1 80
2021000000281687 0.524 257.3 222.0 283.1 263.4 80
2021000000281687 0.523 478.3 225.8 499.5 292.6 80
2021000000281687 0.520 1.0 195.5 8.2 300.6 80
2021000000281687 0.516 1.5 179.7 9.5 253.4 80
2021000000281687 0.509 3.3 47.8 131.1 374.7 80
2021000000281687 0.487 173.2 230.2 209.5 283.0 80
2021000000281687 0.486 238.9 243.4 257.4 284.6 80
2021000000281687 0.484 1.3 127.9 15.3 364.6 80
2021000000281687 0.479 61.0 319.4 487.4 374.0 80
2021000000281687 0.471 82.6 218.1 117.8 341.9 80
2021000000281687 0.466 210.6 133.9 409.6 376.9 80
2021000000281687 0.463 252.4 229.6 276.1 269.6 80
2021000000281687 0.461 1.2 189.5 9.6 354.7 80
2021000000281687 0.446 226.3 231.2 244.6 302.2 80
2021000000281687 0.429 238.1 247.3 259.4 292.4 14
2021000000281687 0.404 130.3 242.0 152.8 296.1 80
2021000000281687 0.402 239.6 136.7 402.9 376.8 14
2021000000281687 0.401 85.0 229.0 117.4 295.1 80
2021000000281687 0.401 370.3 162.4 490.5 374.6 80
2021000000281687 0.379 327.5 338.6 489.5 377.5 80
2021000000281687 0.357 130.2 242.3 154.3 298.4 80
2021000000281687 0.356 273.5 207.8 335.2 273.9 80
2021000000281687 0.354 239.6 136.7 402.9 376.8 80
2021000000281687 0.332 499.3 81.8 500.2 156.2 80
2021000000281687 0.331 130.2 242.3 154.3 298.4 14
2021000000281687 0.316 370.3 162.4 490.5 374.6 14
2021000000281687 0.296 85.0 229.0 117.4 295.1 14
2021000000281687 0.290 4.7 10.6 497.7 370.9 80
2021000000281687 0.284 103.0 165.1 468.7 356.5 80
2021000000281687 0.277 130.3 242.0 152.8 296.1 14
2021000000281687 0.259 210.6 133.9 409.6 376.9 14
2021000000281687 0.257 238.1 247.3 259.4 292.4 80
2021000000281687 0.244 226.3 231.2 244.6 302.2 14
2021000000281687 0.242 82.6 218.1 117.8 341.9 14
2021000000281687 0.236 311.6 146.4 474.0 375.1 14
2021000000281687 0.216 0.4 1.0 4.5 89.2 80
2021000000281687 0.209 368.4 161.2 495.9 375.2 80
2021000000281687 0.205 166.5 363.0 353.5 377.3 80
2021000000281687 0.203 238.9 243.4 257.4 284.6 14
2021000000281687 0.148 257.3 222.0 283.1 263.4 14
2021000000281687 0.147 288.5 139.1 412.2 380.8 14
2021000000281687 0.146 39.2 232.9 99.4 288.6 80
2021000000281687 0.144 111.3 359.0 230.6 377.9 80
2021000000281687 0.138 40.1 358.0 148.1 379.0 80
2021000000281687 0.136 53.9 223.2 127.8 281.5 80
2021000000281687 0.135 71.7 157.7 264.9 284.2 80
2021000000281687 0.132 205.5 233.2 239.9 269.5 80
2021000000281687 0.131 258.3 224.8 291.9 264.7 80
2021000000281687 0.130 31.5 261.2 96.1 327.4 80
2021000000281687 0.124 239.8 221.5 296.6 275.5 80
2021000000281687 0.122 197.0 210.5 238.6 373.2 80
2021000000281687 0.122 438.8 214.3 496.2 369.1 14
2021000000281687 0.120 1.2 189.5 9.6 354.7 14
2021000000281687 0.120 444.2 219.3 496.2 318.9 14
2021000000281687 0.119 307.8 151.9 371.3 209.2 80
2021000000281687 0.770 2.2 120.5 144.8 377.6 14
2021000000281687 0.698 270.0 138.8 399.2 275.2 80
2021000000281687 0.693 319.3 149.3 404.5 235.7 80
2021000000281687 0.692 160.9 70.0 176.8 104.8 80
2021000000281687 0.690 147.2 66.7 171.8 105.2 80
2021000000281687 0.670 292.8 220.1 488.2 371.7 80
2021000000281687 0.669 375.3 169.7 494.7 307.0 80
2021000000281687 0.659 378.5 223.5 495.5 370.7 80
2021000000281687 0.656 373.8 165.4 490.3 330.3 80
2021000000281687 0.649 3.2 314.8 59.4 374.4 80
2021000000281687 0.648 357.4 194.6 494.1 373.6 80
2021000000281687 0.646 1.5 186.9 102.3 374.0 80
2021000000281687 0.644 197.0 210.5 238.6 373.2 14
2021000000281687 0.642 258.3 224.8 291.9 264.7 14
2021000000281687 0.639 196.9 206.4 235.9 302.3 80
2021000000281687 0.639 357.8 179.9 439.3 250.4 80
2021000000281687 0.636 151.8 138.5 489.9 378.1 80
2021000000281687 0.635 203.1 216.8 227.3 298.5 80
2021000000281687 0.633 299.8 137.8 400.5 373.2 80
2021000000281687 0.632 470.1 337.4 498.1 375.6 80
2021000000281687 0.626 133.7 244.2 155.8 293.3 80
2021000000281687 0.625 438.8 214.3 496.2 369.1 80
2021000000281687 0.617 10.2 121.4 141.9 355.1 80
2021000000281687 0.611 161.0 144.0 437.2 370.8 80
2021000000281687 0.610 487.0 234.7 500.1 292.4 80
2021000000281687 0.609 205.5 174.4 402.0 373.6 80
2021000000281687 0.607 117.3 213.2 146.1 289.8 80
2021000000281687 0.606 212.3 136.0 395.0 369.6 80
2021000000281687 0.604 139.8 239.1 154.0 274.4 80
2021000000281687 0.603 444.2 219.3 496.2 318.9 80
2021000000281687 0.601 108.9 237.5 128.7 292.6 80
2021000000281687 0.599 217.7 253.0 485.6 370.3 80
2021000000281687 0.593 151.0 63.9 165.6 89.6 80
2021000000281687 0.587 199.4 122.5 484.2 375.9 80
2021000000281687 0.580 195.2 210.1 237.8 372.6 80
2021000000281687 0.571 313.4 152.0 487.9 376.2 80
2021000000281687 0.568 3.5 184.3 17.7 261.8 80
2021000000281687 0.567 222.2 221.1 244.2 284.7 80
2021000000281687 0.567 128.0 242.3 151.5 300.1 80
2021000000281687 0.565 385.8 189.6 484.5 267.4 80
2021000000281687 0.564 368.4 161.2 495.9 375.2 14
2021000000281687 0.563 -2.6 232.8 120.8 375.5 80
2021000000281687 0.558 494.0 224.0 500.2 364.6 80
2021000000281687 0.539 288.5 139.1 412.2 380.8 80
2021000000281687 0.533 311.6 146.4 474.0 375.1 80
2021000000281687 0.524 257.3 222.0 283.1 263.4 80
2021000000281687 0.523 478.3 225.8 499.5 292.6 80
2021000000281687 0.520 1.0 195.5 8.2 300.6 80
2021000000281687 0.516 1.5 179.7 9.5 253.4 80
2021000000281687 0.509 3.3 47.8 131.1 374.7 80
2021000000281687 0.487 173.2 230.2 209.5 283.0 80
2021000000281687 0.486 238.9 243.4 257.4 284.6 80
2021000000281687 0.484 1.3 127.9 15.3 364.6 80
2021000000281687 0.479 61.0 319.4 487.4 374.0 80
2021000000281687 0.471 82.6 218.1 117.8 341.9 80
2021000000281687 0.466 210.6 133.9 409.6 376.9 80
2021000000281687 0.463 252.4 229.6 276.1 269.6 80
2021000000281687 0.461 1.2 189.5 9.6 354.7 80
2021000000281687 0.446 226.3 231.2 244.6 302.2 80
2021000000281687 0.429 238.1 247.3 259.4 292.4 14
2021000000281687 0.404 130.3 242.0 152.8 296.1 80
2021000000281687 0.402 239.6 136.7 402.9 376.8 14
2021000000281687 0.401 85.0 229.0 117.4 295.1 80
2021000000281687 0.401 370.3 162.4 490.5 374.6 80
2021000000281687 0.379 327.5 338.6 489.5 377.5 80
2021000000281687 0.357 130.2 242.3 154.3 298.4 80
2021000000281687 0.356 273.5 207.8 335.2 273.9 80
2021000000281687 0.354 239.6 136.7 402.9 376.8 80
2021000000281687 0.332 499.3 81.8 500.2 156.2 80
2021000000281687 0.331 130.2 242.3 154.3 298.4 14
2021000000281687 0.316 370.3 162.4 490.5 374.6 14
2021000000281687 0.296 85.0 229.0 117.4 295.1 14
2021000000281687 0.290 4.7 10.6 497.7 370.9 80
2021000000281687 0.284 103.0 165.1 468.7 356.5 80
2021000000281687 0.277 130.3 242.0 152.8 296.1 14
2021000000281687 0.259 210.6 133.9 409.6 376.9 14
2021000000281687 0.257 238.1 247.3 259.4 292.4 80
2021000000281687 0.244 226.3 231.2 244.6 302.2 14
2021000000281687 0.242 82.6 218.1 117.8 341.9 14
2021000000281687 0.236 311.6 146.4 474.0 375.1 14
2021000000281687 0.216 0.4 1.0 4.5 89.2 80
2021000000281687 0.209 368.4 161.2 495.9 375.2 80
2021000000281687 0.205 166.5 363.0 353.5 377.3 80
2021000000281687 0.203 238.9 243.4 257.4 284.6 14
2021000000281687 0.148 257.3 222.0 283.1 263.4 14
2021000000281687 0.147 288.5 139.1 412.2 380.8 14
2021000000281687 0.146 39.2 232.9 99.4 288.6 80
2021000000281687 0.144 111.3 359.0 230.6 377.9 80
2021000000281687 0.138 40.1 358.0 148.1 379.0 80
2021000000281687 0.136 53.9 223.2 127.8 281.5 80
2021000000281687 0.135 71.7 157.7 264.9 284.2 80
2021000000281687 0.132 205.5 233.2 239.9 269.5 80
2021000000281687 0.131 258.3 224.8 291.9 264.7 80
2021000000281687 0.130 31.5 261.2 96.1 327.4 80
2021000000281687 0.124 239.8 221.5 296.6 275.5 80
2021000000281687 0.122 197.0 210.5 238.6 373.2 80
2021000000281687 0.122 438.8 214.3 496.2 369.1 14
2021000000281687 0.120 1.2 189.5 9.6 354.7 14
2021000000281687 0.120 444.2 219.3 496.2 318.9 14
2021000000281687 0.119 307.8 151.9 371.3 209.2 80
2021000000281687 0.770 2.2 120.5 144.8 377.6 14
2021000000281687 0.698 270.0 138.8 399.2 275.2 80
2021000000281687 0.693 319.3 149.3 404.5 235.7 80
2021000000281687 0.692 160.9 70.0 176.8 104.8 80
2021000000281687 0.690 147.2 66.7 171.8 105.2 80
2021000000281687 0.670 292.8 220.1 488.2 371.7 80
2021000000281687 0.669 375.3 169.7 494.7 307.0 80
2021000000281687 0.659 378.5 223.5 495.5 370.7 80
2021000000281687 0.656 373.8 165.4 490.3 330.3 80
2021000000281687 0.649 3.2 314.8 59.4 374.4 80
2021000000281687 0.648 357.4 194.6 494.1 373.6 80
2021000000281687 0.646 1.5 186.9 102.3 374.0 80
2021000000281687 0.644 197.0 210.5 238.6 373.2 14
2021000000281687 0.642 258.3 224.8 291.9 264.7 14
2021000000281687 0.639 196.9 206.4 235.9 302.3 80
2021000000281687 0.639 357.8 179.9 439.3 250.4 80
2021000000281687 0.636 151.8 138.5 489.9 378.1 80
2021000000281687 0.635 203.1 216.8 227.3 298.5 80
2021000000281687 0.633 299.8 137.8 400.5 373.2 80
2021000000281687 0.632 470.1 337.4 498.1 375.6 80
2021000000281687 0.626 133.7 244.2 155.8 293.3 80
2021000000281687 0.625 438.8 214.3 496.2 369.1 80
2021000000281687 0.617 10.2 121.4 141.9 355.1 80
2021000000281687 0.611 161.0 144.0 437.2 370.8 80
2021000000281687 0.610 487.0 234.7 500.1 292.4 80
2021000000281687 0.609 205.5 174.4 402.0 373.6 80
2021000000281687 0.607 117.3 213.2 146.1 289.8 80
2021000000281687 0.606 212.3 136.0 395.0 369.6 80
2021000000281687 0.604 139.8 239.1 154.0 274.4 80
2021000000281687 0.603 444.2 219.3 496.2 318.9 80
2021000000281687 0.601 108.9 237.5 128.7 292.6 80
2021000000281687 0.599 217.7 253.0 485.6 370.3 80
2021000000281687 0.593 151.0 63.9 165.6 89.6 80
2021000000281687 0.587 199.4 122.5 484.2 375.9 80
2021000000281687 0.580 195.2 210.1 237.8 372.6 80
2021000000281687 0.571 313.4 152.0 487.9 376.2 80
2021000000281687 0.568 3.5 184.3 17.7 261.8 80
2021000000281687 0.567 222.2 221.1 244.2 284.7 80
2021000000281687 0.567 128.0 242.3 151.5 300.1 80
2021000000281687 0.565 385.8 189.6 484.5 267.4 80
2021000000281687 0.564 368.4 161.2 495.9 375.2 14
2021000000281687 0.563 -2.6 232.8 120.8 375.5 80
2021000000281687 0.558 494.0 224.0 500.2 364.6 80
2021000000281687 0.539 288.5 139.1 412.2 380.8 80
2021000000281687 0.533 311.6 146.4 474.0 375.1 80
2021000000281687 0.524 257.3 222.0 283.1 263.4 80
2021000000281687 0.523 478.3 225.8 499.5 292.6 80
2021000000281687 0.520 1.0 195.5 8.2 300.6 80
2021000000281687 0.516 1.5 179.7 9.5 253.4 80
2021000000281687 0.509 3.3 47.8 131.1 374.7 80
2021000000281687 0.487 173.2 230.2 209.5 283.0 80
2021000000281687 0.486 238.9 243.4 257.4 284.6 80
2021000000281687 0.484 1.3 127.9 15.3 364.6 80
2021000000281687 0.479 61.0 319.4 487.4 374.0 80
2021000000281687 0.471 82.6 218.1 117.8 341.9 80
2021000000281687 0.466 210.6 133.9 409.6 376.9 80
2021000000281687 0.463 252.4 229.6 276.1 269.6 80
2021000000281687 0.461 1.2 189.5 9.6 354.7 80
2021000000281687 0.446 226.3 231.2 244.6 302.2 80
2021000000281687 0.429 238.1 247.3 259.4 292.4 14
2021000000281687 0.404 130.3 242.0 152.8 296.1 80
2021000000281687 0.402 239.6 136.7 402.9 376.8 14
2021000000281687 0.401 85.0 229.0 117.4 295.1 80
2021000000281687 0.401 370.3 162.4 490.5 374.6 80
2021000000281687 0.379 327.5 338.6 489.5 377.5 80
2021000000281687 0.357 130.2 242.3 154.3 298.4 80
2021000000281687 0.356 273.5 207.8 335.2 273.9 80
2021000000281687 0.354 239.6 136.7 402.9 376.8 80
2021000000281687 0.332 499.3 81.8 500.2 156.2 80
2021000000281687 0.331 130.2 242.3 154.3 298.4 14
2021000000281687 0.316 370.3 162.4 490.5 374.6 14
2021000000281687 0.296 85.0 229.0 117.4 295.1 14
2021000000281687 0.290 4.7 10.6 497.7 370.9 80
2021000000281687 0.284 103.0 165.1 468.7 356.5 80
2021000000281687 0.277 130.3 242.0 152.8 296.1 14
2021000000281687 0.259 210.6 133.9 409.6 376.9 14
2021000000281687 0.257 238.1 247.3 259.4 292.4 80
2021000000281687 0.244 226.3 231.2 244.6 302.2 14
2021000000281687 0.242 82.6 218.1 117.8 341.9 14
2021000000281687 0.236 311.6 146.4 474.0 375.1 14
2021000000281687 0.216 0.4 1.0 4.5 89.2 80
2021000000281687 0.209 368.4 161.2 495.9 375.2 80
2021000000281687 0.205 166.5 363.0 353.5 377.3 80
2021000000281687 0.203 238.9 243.4 257.4 284.6 14
2021000000281687 0.148 257.3 222.0 283.1 263.4 14
2021000000281687 0.147 288.5 139.1 412.2 380.8 14
2021000000281687 0.146 39.2 232.9 99.4 288.6 80
2021000000281687 0.144 111.3 359.0 230.6 377.9 80
2021000000281687 0.138 40.1 358.0 148.1 379.0 80
2021000000281687 0.136 53.9 223.2 127.8 281.5 80
2021000000281687 0.135 71.7 157.7 264.9 284.2 80
2021000000281687 0.132 205.5 233.2 239.9 269.5 80
2021000000281687 0.131 258.3 224.8 291.9 264.7 80
2021000000281687 0.130 31.5 261.2 96.1 327.4 80
2021000000281687 0.124 239.8 221.5 296.6 275.5 80
2021000000281687 0.122 197.0 210.5 238.6 373.2 80
2021000000281687 0.122 438.8 214.3 496.2 369.1 14
2021000000281687 0.120 1.2 189.5 9.6 354.7 14
2021000000281687 0.120 444.2 219.3 496.2 318.9 14
2021000000281687 0.119 307.8 151.9 371.3 209.2 80
2021000000281687 0.000 242.0 73.2 372.7 227.7 80
2021000000281687 0.000 0.9 43.1 103.5 247.8 80
2021000000281687 0.000 143.7 135.9 210.3 202.4 80
2021000000281687 0.000 211.4 111.8 275.3 178.0 80
2021000000281687 0.000 371.0 109.2 486.3 268.7 80
2021000000281687 0.000 255.8 137.9 317.1 204.5 80
2021000000281687 0.000 156.6 31.4 304.0 211.6 80
2021000000281687 0.000 45.5 217.8 107.4 288.9 80
2021000000281687 0.000 136.3 82.3 207.6 151.5 80
2021000000281687 0.000 81.5 117.6 146.9 186.5 80
2021000000281687 0.000 197.9 51.8 272.4 119.8 80
2021000000281687 0.000 453.6 128.4 499.6 211.2 80
2021000000281687 0.000 387.8 97.3 461.7 164.2 80
2021000000281687 0.000 348.6 145.3 411.0 211.1 80
2021000000281687 0.000 136.9 218.3 201.8 292.7 80
2021000000281687 0.000 19.5 26.1 206.5 194.8 80
2021000000281687 0.000 1.5 201.3 48.0 285.0 80
2021000000281687 0.000 297.9 170.7 359.9 236.2 80
2021000000281687 0.000 453.4 192.9 499.6 275.6 80
2021000000281687 0.000 356.3 197.7 415.7 265.7 80
2021000000281687 0.000 313.5 100.9 376.2 167.7 80
2021000000281687 0.000 323.9 8.3 496.6 191.8 80
2021000000281687 0.000 287.5 132.8 485.8 257.7 80
2021000000281687 0.000 205.6 160.1 267.3 225.4 80
2021000000281687 0.000 0.9 125.8 102.1 357.9 80
2021000000281687 0.000 33.3 127.4 166.8 276.8 80
2021000000281687 0.000 1.0 151.5 47.1 234.6 80
2021000000281687 0.000 89.9 187.8 149.8 253.9 80
2021000000281687 0.000 449.0 54.1 499.7 153.4 80
2021000000281687 0.000 117.9 161.9 233.2 316.5 80
2021000000281687 0.000 218.0 251.8 286.7 331.9 80
2021000000281687 0.000 149.3 172.2 210.8 237.6 80
2021000000281687 0.000 410.1 176.6 474.8 242.3 80
2021000000281687 0.000 27.0 155.1 94.9 220.9 80
2021000000281687 0.000 323.9 218.2 384.1 295.1 80
2021000000281687 0.000 202.7 116.7 319.1 275.9 80
2021000000281687 0.000 177.6 56.6 471.2 267.4 80
2021000000281687 0.000 252.3 124.0 366.8 347.9 80
2021000000281687 0.000 0.5 90.4 51.3 173.8 80
2021000000281687 0.000 0.7 22.0 51.8 106.0 80
2021000000281687 0.000 46.4 108.1 284.6 258.9 80
2021000000281687 0.000 101.1 50.5 245.1 317.1 80
2021000000281687 0.000 255.5 3.7 329.5 73.3 80
2021000000281687 0.000 322.9 47.5 406.2 116.3 80
2021000000281687 0.000 43.3 21.4 383.8 258.4 80
2021000000281687 0.000 0.6 249.6 58.3 369.8 80
2021000000281687 0.000 178.6 220.3 238.0 300.5 80
2021000000281687 0.000 442.7 245.1 499.6 368.5 80
2021000000281687 0.000 398.6 113.5 499.6 355.5 80
2021000000281687 0.000 10.6 10.6 491.5 199.6 80
2021000000281687 0.000 258.6 42.4 428.2 311.1 80
2021000000281687 0.000 90.0 16.9 408.1 364.6 80
2021000000281687 0.000 256.1 169.2 365.6 301.9 80
2021000000281687 0.000 -2.4 5.4 286.1 371.6 80
2021000000281687 0.000 8.1 89.0 229.6 370.1 80
2021000000281687 0.000 0.7 22.9 146.6 363.6 80
2021000000281687 0.000 213.1 6.1 497.0 372.7 80
2021000000281687 0.000 131.2 78.4 368.1 365.5 80
2021000000281687 0.000 156.2 201.7 351.1 369.4 80
2021000000281687 0.000 170.3 106.4 310.3 353.3 80
2021000000281687 0.000 153.4 21.0 355.4 360.9 80
2021000000281687 0.000 357.6 18.1 500.9 361.1 80
2021000000281687 0.000 68.8 68.1 447.4 321.4 80
2021000000281687 0.000 177.0 8.2 417.9 127.1 80
2021000000281687 0.000 43.6 254.9 289.5 373.6 80
2021000000281687 0.000 2.3 68.4 366.1 369.3 80
2021000000281687 0.000 5.1 279.1 130.5 374.3 80
2021000000281687 0.000 12.0 183.0 185.2 365.8 80
2021000000281687 0.000 305.3 180.1 482.3 365.0 80
2021000000281687 0.000 220.0 199.0 278.3 264.7 80
2021000000281687 0.000 24.3 146.3 338.1 364.6 80
2021000000281687 0.000 2.5 1.3 412.8 373.0 80
2021000000281687 0.000 150.8 131.3 355.6 228.6 80
2021000000281687 0.000 274.3 86.1 490.6 373.1 80
2021000000281687 0.000 3.0 228.5 496.0 374.4 80
2021000000281687 0.000 220.7 257.3 474.7 373.5 80
2021000000281687 0.000 84.5 1.1 496.2 372.9 80
2021000000281687 0.000 158.6 67.8 495.0 371.2 80
2021000000281687 0.000 157.9 150.5 463.3 364.9 80
2021000000281687 0.000 362.6 245.1 494.3 368.9 80
2021000000281687 0.000 44.4 60.6 117.3 136.8 80
2021000000281687 0.000 129.9 101.9 365.9 294.0 80
2021000000281687 0.000 22.3 43.4 477.5 366.6 80
2021000000281687 0.000 60.2 142.4 409.5 272.0 80
2021000000281687 0.000 0.4 100.8 499.0 366.5 80
2021000000281687 0.000 244.0 202.0 298.7 273.9 80
2021000000281687 0.000 12.6 94.7 489.8 271.8 80
2021000000281687 0.000 0.8 0.3 499.7 373.9 80
2021000000281687 0.000 1.3 18.3 498.9 309.8 80
2021000000281687 0.000 286.3 250.3 340.8 319.0 80
2021000000281687 0.000 424.2 6.2 498.9 85.7 80
2021000000281687 0.000 12.6 94.7 489.8 271.8 0
2021000000281687 0.000 0.8 0.3 499.7 373.9 7
2021000000281687 0.000 8.1 89.0 229.6 370.1 14
2021000000281687 0.000 258.6 42.4 428.2 311.1 14
2021000000281687 0.000 101.1 50.5 245.1 317.1 14
2021000000281687 0.000 170.3 106.4 310.3 353.3 14
2021000000281687 0.000 274.3 86.1 490.6 373.1 14
2021000000281687 0.000 153.4 21.0 355.4 360.9 14
2021000000281687 0.000 213.1 6.1 497.0 372.7 14
2021000000281687 0.000 242.0 73.2 372.7 227.7 80
2021000000281687 0.000 0.9 43.1 103.5 247.8 80
2021000000281687 0.000 143.7 135.9 210.3 202.4 80
2021000000281687 0.000 211.4 111.8 275.3 178.0 80
2021000000281687 0.000 371.0 109.2 486.3 268.7 80
2021000000281687 0.000 255.8 137.9 317.1 204.5 80
2021000000281687 0.000 156.6 31.4 304.0 211.6 80
2021000000281687 0.000 45.5 217.8 107.4 288.9 80
2021000000281687 0.000 136.3 82.3 207.6 151.5 80
2021000000281687 0.000 81.5 117.6 146.9 186.5 80
2021000000281687 0.000 197.9 51.8 272.4 119.8 80
2021000000281687 0.000 453.6 128.4 499.6 211.2 80
2021000000281687 0.000 387.8 97.3 461.7 164.2 80
2021000000281687 0.000 348.6 145.3 411.0 211.1 80
2021000000281687 0.000 136.9 218.3 201.8 292.7 80
2021000000281687 0.000 19.5 26.1 206.5 194.8 80
2021000000281687 0.000 1.5 201.3 48.0 285.0 80
2021000000281687 0.000 297.9 170.7 359.9 236.2 80
2021000000281687 0.000 453.4 192.9 499.6 275.6 80
2021000000281687 0.000 356.3 197.7 415.7 265.7 80
2021000000281687 0.000 313.5 100.9 376.2 167.7 80
2021000000281687 0.000 323.9 8.3 496.6 191.8 80
2021000000281687 0.000 287.5 132.8 485.8 257.7 80
2021000000281687 0.000 205.6 160.1 267.3 225.4 80
2021000000281687 0.000 0.9 125.8 102.1 357.9 80
2021000000281687 0.000 33.3 127.4 166.8 276.8 80
2021000000281687 0.000 1.0 151.5 47.1 234.6 80
2021000000281687 0.000 89.9 187.8 149.8 253.9 80
2021000000281687 0.000 449.0 54.1 499.7 153.4 80
2021000000281687 0.000 117.9 161.9 233.2 316.5 80
2021000000281687 0.000 218.0 251.8 286.7 331.9 80
2021000000281687 0.000 149.3 172.2 210.8 237.6 80
2021000000281687 0.000 410.1 176.6 474.8 242.3 80
2021000000281687 0.000 27.0 155.1 94.9 220.9 80
2021000000281687 0.000 323.9 218.2 384.1 295.1 80
2021000000281687 0.000 202.7 116.7 319.1 275.9 80
2021000000281687 0.000 177.6 56.6 471.2 267.4 80
2021000000281687 0.000 252.3 124.0 366.8 347.9 80
2021000000281687 0.000 0.5 90.4 51.3 173.8 80
2021000000281687 0.000 0.7 22.0 51.8 106.0 80
2021000000281687 0.000 46.4 108.1 284.6 258.9 80
2021000000281687 0.000 101.1 50.5 245.1 317.1 80
2021000000281687 0.000 255.5 3.7 329.5 73.3 80
2021000000281687 0.000 322.9 47.5 406.2 116.3 80
2021000000281687 0.000 43.3 21.4 383.8 258.4 80
2021000000281687 0.000 0.6 249.6 58.3 369.8 80
2021000000281687 0.000 178.6 220.3 238.0 300.5 80
2021000000281687 0.000 442.7 245.1 499.6 368.5 80
2021000000281687 0.000 398.6 113.5 499.6 355.5 80
2021000000281687 0.000 10.6 10.6 491.5 199.6 80
2021000000281687 0.000 258.6 42.4 428.2 311.1 80
2021000000281687 0.000 90.0 16.9 408.1 364.6 80
2021000000281687 0.000 256.1 169.2 365.6 301.9 80
2021000000281687 0.000 -2.4 5.4 286.1 371.6 80
2021000000281687 0.000 8.1 89.0 229.6 370.1 80
2021000000281687 0.000 0.7 22.9 146.6 363.6 80
2021000000281687 0.000 213.1 6.1 497.0 372.7 80
2021000000281687 0.000 131.2 78.4 368.1 365.5 80
2021000000281687 0.000 156.2 201.7 351.1 369.4 80
2021000000281687 0.000 170.3 106.4 310.3 353.3 80
2021000000281687 0.000 153.4 21.0 355.4 360.9 80
2021000000281687 0.000 357.6 18.1 500.9 361.1 80
2021000000281687 0.000 68.8 68.1 447.4 321.4 80
2021000000281687 0.000 177.0 8.2 417.9 127.1 80
2021000000281687 0.000 43.6 254.9 289.5 373.6 80
2021000000281687 0.000 2.3 68.4 366.1 369.3 80
2021000000281687 0.000 5.1 279.1 130.5 374.3 80
2021000000281687 0.000 12.0 183.0 185.2 365.8 80
2021000000281687 0.000 305.3 180.1 482.3 365.0 80
2021000000281687 0.000 220.0 199.0 278.3 264.7 80
2021000000281687 0.000 24.3 146.3 338.1 364.6 80
2021000000281687 0.000 2.5 1.3 412.8 373.0 80
2021000000281687 0.000 150.8 131.3 355.6 228.6 80
2021000000281687 0.000 274.3 86.1 490.6 373.1 80
2021000000281687 0.000 3.0 228.5 496.0 374.4 80
2021000000281687 0.000 220.7 257.3 474.7 373.5 80
2021000000281687 0.000 84.5 1.1 496.2 372.9 80
2021000000281687 0.000 158.6 67.8 495.0 371.2 80
2021000000281687 0.000 157.9 150.5 463.3 364.9 80
2021000000281687 0.000 362.6 245.1 494.3 368.9 80
2021000000281687 0.000 44.4 60.6 117.3 136.8 80
2021000000281687 0.000 129.9 101.9 365.9 294.0 80
2021000000281687 0.000 22.3 43.4 477.5 366.6 80
2021000000281687 0.000 60.2 142.4 409.5 272.0 80
2021000000281687 0.000 0.4 100.8 499.0 366.5 80
2021000000281687 0.000 244.0 202.0 298.7 273.9 80
2021000000281687 0.000 12.6 94.7 489.8 271.8 80
2021000000281687 0.000 0.8 0.3 499.7 373.9 80
2021000000281687 0.000 1.3 18.3 498.9 309.8 80
2021000000281687 0.000 286.3 250.3 340.8 319.0 80
2021000000281687 0.000 424.2 6.2 498.9 85.7 80
2021000000281687 0.000 12.6 94.7 489.8 271.8 0
2021000000281687 0.000 0.8 0.3 499.7 373.9 7
2021000000281687 0.000 8.1 89.0 229.6 370.1 14
2021000000281687 0.000 258.6 42.4 428.2 311.1 14
2021000000281687 0.000 101.1 50.5 245.1 317.1 14
2021000000281687 0.000 170.3 106.4 310.3 353.3 14
2021000000281687 0.000 274.3 86.1 490.6 373.1 14
2021000000281687 0.000 153.4 21.0 355.4 360.9 14
2021000000281687 0.000 213.1 6.1 497.0 372.7 14
