2021002532 0.703 185.7 123.8 383.5 228.7 80
2021002532 0.670 359.9 64.4 391.1 133.5 80
2021002532 0.650 357.9 112.5 497.8 186.8 80
2021002532 0.648 124.9 176.2 156.7 198.6 80
2021002532 0.647 370.4 117.9 498.1 170.1 80
2021002532 0.640 454.8 113.8 497.1 164.0 80
2021002532 0.636 474.1 304.3 499.3 332.7 80
2021002532 0.625 355.4 120.2 497.1 181.6 80
2021002532 0.622 75.4 170.3 111.4 192.7 80
2021002532 0.621 237.7 116.6 496.1 203.5 80
2021002532 0.621 115.4 174.1 149.3 195.0 80
2021002532 0.620 178.2 119.0 450.3 224.6 80
2021002532 0.617 168.4 117.5 504.3 226.7 80
2021002532 0.615 68.1 171.8 113.0 202.0 6
2021002532 0.603 489.7 110.7 500.4 167.4 80
2021002532 0.599 110.6 175.7 157.6 204.1 6
2021002532 0.599 112.2 177.5 152.5 206.2 80
2021002532 0.598 240.9 136.7 286.7 157.0 80
2021002532 0.593 114.8 175.0 155.3 205.2 80
2021002532 0.590 387.4 114.9 500.6 169.0 80
2021002532 0.569 71.3 172.7 101.8 199.4 80
2021002532 0.559 69.1 171.6 112.5 202.9 80
2021002532 0.558 71.6 178.2 86.0 194.9 80
2021002532 0.556 26.9 289.7 87.7 332.6 80
2021002532 0.519 463.3 85.4 499.9 108.6 80
2021002532 0.513 466.2 90.6 499.6 113.8 80
2021002532 0.512 164.8 119.4 517.1 226.3 80
2021002532 0.504 172.6 111.7 510.0 231.1 80
2021002532 0.497 457.2 91.4 500.4 117.1 80
2021002532 0.486 1.0 178.4 5.5 218.0 80
2021002532 0.440 2.4 155.1 11.7 192.0 80
2021002532 0.431 1.2 151.7 5.2 185.2 80
2021002532 0.426 173.8 112.8 502.2 225.9 18
2021002532 0.411 498.3 170.5 500.2 275.3 80
2021002532 0.383 449.5 87.8 502.5 328.9 80
2021002532 0.335 1.1 186.8 3.7 279.0 80
2021002532 0.297 171.5 120.8 456.5 213.6 80
2021002532 0.289 496.7 98.0 500.8 180.6 80
2021002532 0.289 -2.3 310.6 43.0 335.5 80
2021002532 0.269 415.6 170.7 460.5 199.6 80
2021002532 0.266 0.9 9.5 3.6 80.1 80
2021002532 0.235 1.1 64.1 6.8 295.2 80
2021002532 0.230 173.8 112.8 502.2 225.9 80
2021002532 0.190 489.5 212.6 503.9 324.7 80
2021002532 0.189 255.4 211.8 347.6 263.0 80
2021002532 0.182 180.3 143.3 555.1 214.4 80
2021002532 0.180 278.1 196.3 332.8 225.0 80
2021002532 0.170 366.9 220.1 402.1 245.5 80
2021002532 0.164 169.4 322.7 343.5 335.3 80
2021002532 0.162 -4.3 230.1 47.6 337.7 80
2021002532 0.161 79.1 200.4 103.9 225.1 80
2021002532 0.154 144.6 162.0 429.6 221.1 80
2021002532 0.153 172.6 111.7 510.0 231.1 18
2021002532 0.150 230.6 208.8 268.3 238.7 80
2021002532 0.150 179.1 127.2 505.5 204.2 80
2021002532 0.149 208.8 220.8 251.8 256.7 80
2021002532 0.147 318.5 166.0 511.9 321.0 80
2021002532 0.144 190.2 165.5 511.8 261.2 80
2021002532 0.144 63.6 283.2 190.6 334.1 80
2021002532 0.143 107.1 106.9 411.7 212.6 80
2021002532 0.142 43.8 320.2 146.9 335.4 80
2021002532 0.140 110.6 175.7 157.6 204.1 80
2021002532 0.140 207.3 191.1 241.6 218.1 80
2021002532 0.139 124.3 202.8 389.1 317.3 80
2021002532 0.138 176.7 214.6 211.6 242.2 80
2021002532 0.137 176.7 174.8 456.2 292.8 80
2021002532 0.137 302.1 293.7 428.5 329.9 80
2021002532 0.133 150.6 289.8 266.6 328.9 80
2021002532 0.132 65.6 188.3 280.1 311.1 80
2021002532 0.131 12.4 174.9 169.6 316.8 80
2021002532 0.130 131.7 180.4 382.6 293.0 80
2021002532 0.129 115.9 317.0 219.7 335.0 80
2021002532 0.129 341.0 316.9 448.5 336.3 80
2021002532 0.128 215.6 290.6 335.1 327.7 80
2021002532 0.126 68.1 171.8 113.0 202.0 80
2021002532 0.125 174.0 312.3 310.3 333.1 80
2021002532 0.125 265.7 313.1 378.9 333.9 80
2021002532 0.125 83.7 177.0 322.8 281.3 80
2021002532 0.124 160.9 223.2 212.2 254.1 80
2021002532 0.123 466.2 90.6 499.6 113.8 6
2021002532 0.123 130.6 163.4 353.4 234.1 80
2021002532 0.122 142.0 156.0 183.7 190.0 80
2021002532 0.122 405.2 302.1 494.0 331.2 80
2021002532 0.121 12.4 211.6 50.8 247.9 80
2021002532 0.116 50.1 148.6 150.0 211.2 80
2021002532 0.114 103.7 164.5 257.6 213.7 80
2021002532 0.113 201.0 122.5 345.3 189.9 80
2021002532 0.112 41.8 75.9 211.9 131.8 80
2021002532 0.110 -68.2 39.7 142.0 92.4 80
2021002532 0.109 229.4 77.3 477.8 154.5 80
2021002532 0.108 183.6 135.9 635.5 204.9 80
2021002532 0.105 83.5 6.8 520.6 61.3 80
2021002532 0.103 2.9 1.4 499.3 27.3 80
2021002532 0.102 76.2 -0.8 574.5 27.8 80
2021002532 0.099 130.5 -4.4 627.5 30.5 80
2021002532 0.097 -46.6 1.2 452.4 23.1 80
2021002532 0.094 -39.1 -1.8 459.8 18.4 80
2021002532 0.094 -195.8 -2.4 259.7 19.3 80
2021002532 0.093 -184.8 0.6 314.0 20.9 80
2021002532 0.093 -139.1 -0.5 359.6 19.7 80
2021002532 0.703 185.7 123.8 383.5 228.7 80
2021002532 0.670 359.9 64.4 391.1 133.5 80
2021002532 0.650 357.9 112.5 497.8 186.8 80
2021002532 0.648 124.9 176.2 156.7 198.6 80
2021002532 0.647 370.4 117.9 498.1 170.1 80
2021002532 0.640 454.8 113.8 497.1 164.0 80
2021002532 0.636 474.1 304.3 499.3 332.7 80
2021002532 0.625 355.4 120.2 497.1 181.6 80
2021002532 0.622 75.4 170.3 111.4 192.7 80
2021002532 0.621 237.7 116.6 496.1 203.5 80
2021002532 0.621 115.4 174.1 149.3 195.0 80
2021002532 0.620 178.2 119.0 450.3 224.6 80
2021002532 0.617 168.4 117.5 504.3 226.7 80
2021002532 0.615 68.1 171.8 113.0 202.0 6
2021002532 0.603 489.7 110.7 500.4 167.4 80
2021002532 0.599 110.6 175.7 157.6 204.1 6
2021002532 0.599 112.2 177.5 152.5 206.2 80
2021002532 0.598 240.9 136.7 286.7 157.0 80
2021002532 0.593 114.8 175.0 155.3 205.2 80
2021002532 0.590 387.4 114.9 500.6 169.0 80
2021002532 0.569 71.3 172.7 101.8 199.4 80
2021002532 0.559 69.1 171.6 112.5 202.9 80
2021002532 0.558 71.6 178.2 86.0 194.9 80
2021002532 0.556 26.9 289.7 87.7 332.6 80
2021002532 0.519 463.3 85.4 499.9 108.6 80
2021002532 0.513 466.2 90.6 499.6 113.8 80
2021002532 0.512 164.8 119.4 517.1 226.3 80
2021002532 0.504 172.6 111.7 510.0 231.1 80
2021002532 0.497 457.2 91.4 500.4 117.1 80
2021002532 0.486 1.0 178.4 5.5 218.0 80
2021002532 0.440 2.4 155.1 11.7 192.0 80
2021002532 0.431 1.2 151.7 5.2 185.2 80
2021002532 0.426 173.8 112.8 502.2 225.9 18
2021002532 0.411 498.3 170.5 500.2 275.3 80
2021002532 0.383 449.5 87.8 502.5 328.9 80
2021002532 0.335 1.1 186.8 3.7 279.0 80
2021002532 0.297 171.5 120.8 456.5 213.6 80
2021002532 0.289 496.7 98.0 500.8 180.6 80
2021002532 0.289 -2.3 310.6 43.0 335.5 80
2021002532 0.269 415.6 170.7 460.5 199.6 80
2021002532 0.266 0.9 9.5 3.6 80.1 80
2021002532 0.235 1.1 64.1 6.8 295.2 80
2021002532 0.230 173.8 112.8 502.2 225.9 80
2021002532 0.190 489.5 212.6 503.9 324.7 80
2021002532 0.189 255.4 211.8 347.6 263.0 80
2021002532 0.182 180.3 143.3 555.1 214.4 80
2021002532 0.180 278.1 196.3 332.8 225.0 80
2021002532 0.170 366.9 220.1 402.1 245.5 80
2021002532 0.164 169.4 322.7 343.5 335.3 80
2021002532 0.162 -4.3 230.1 47.6 337.7 80
2021002532 0.161 79.1 200.4 103.9 225.1 80
2021002532 0.154 144.6 162.0 429.6 221.1 80
2021002532 0.153 172.6 111.7 510.0 231.1 18
2021002532 0.150 230.6 208.8 268.3 238.7 80
2021002532 0.150 179.1 127.2 505.5 204.2 80
2021002532 0.149 208.8 220.8 251.8 256.7 80
2021002532 0.147 318.5 166.0 511.9 321.0 80
2021002532 0.144 190.2 165.5 511.8 261.2 80
2021002532 0.144 63.6 283.2 190.6 334.1 80
2021002532 0.143 107.1 106.9 411.7 212.6 80
2021002532 0.142 43.8 320.2 146.9 335.4 80
2021002532 0.140 110.6 175.7 157.6 204.1 80
2021002532 0.140 207.3 191.1 241.6 218.1 80
2021002532 0.139 124.3 202.8 389.1 317.3 80
2021002532 0.138 176.7 214.6 211.6 242.2 80
2021002532 0.137 176.7 174.8 456.2 292.8 80
2021002532 0.137 302.1 293.7 428.5 329.9 80
2021002532 0.133 150.6 289.8 266.6 328.9 80
2021002532 0.132 65.6 188.3 280.1 311.1 80
2021002532 0.131 12.4 174.9 169.6 316.8 80
2021002532 0.130 131.7 180.4 382.6 293.0 80
2021002532 0.129 115.9 317.0 219.7 335.0 80
2021002532 0.129 341.0 316.9 448.5 336.3 80
2021002532 0.128 215.6 290.6 335.1 327.7 80
2021002532 0.126 68.1 171.8 113.0 202.0 80
2021002532 0.125 174.0 312.3 310.3 333.1 80
2021002532 0.125 265.7 313.1 378.9 333.9 80
2021002532 0.125 83.7 177.0 322.8 281.3 80
2021002532 0.124 160.9 223.2 212.2 254.1 80
2021002532 0.123 466.2 90.6 499.6 113.8 6
2021002532 0.123 130.6 163.4 353.4 234.1 80
2021002532 0.122 142.0 156.0 183.7 190.0 80
2021002532 0.122 405.2 302.1 494.0 331.2 80
2021002532 0.121 12.4 211.6 50.8 247.9 80
2021002532 0.116 50.1 148.6 150.0 211.2 80
2021002532 0.114 103.7 164.5 257.6 213.7 80
2021002532 0.113 201.0 122.5 345.3 189.9 80
2021002532 0.112 41.8 75.9 211.9 131.8 80
2021002532 0.110 -68.2 39.7 142.0 92.4 80
2021002532 0.109 229.4 77.3 477.8 154.5 80
2021002532 0.108 183.6 135.9 635.5 204.9 80
2021002532 0.105 83.5 6.8 520.6 61.3 80
2021002532 0.103 2.9 1.4 499.3 27.3 80
2021002532 0.102 76.2 -0.8 574.5 27.8 80
2021002532 0.099 130.5 -4.4 627.5 30.5 80
2021002532 0.097 -46.6 1.2 452.4 23.1 80
2021002532 0.094 -39.1 -1.8 459.8 18.4 80
2021002532 0.094 -195.8 -2.4 259.7 19.3 80
2021002532 0.093 -184.8 0.6 314.0 20.9 80
2021002532 0.093 -139.1 -0.5 359.6 19.7 80
2021002532 0.000 0.8 39.6 103.7 219.9 80
2021002532 0.000 245.1 64.6 370.2 203.1 80
2021002532 0.000 203.1 44.4 266.1 106.7 80
2021002532 0.000 256.6 123.7 316.4 182.9 80
2021002532 0.000 372.7 97.3 484.8 238.7 80
2021002532 0.000 45.9 193.6 106.8 256.8 80
2021002532 0.000 83.8 105.7 144.8 167.7 80
2021002532 0.000 133.1 93.5 218.1 194.0 80
2021002532 0.000 390.5 85.7 458.7 145.2 80
2021002532 0.000 453.6 114.4 499.6 187.5 80
2021002532 0.000 213.4 101.7 273.6 161.0 80
2021002532 0.000 141.4 73.2 202.4 136.6 80
2021002532 0.000 22.0 26.3 202.7 174.0 80
2021002532 0.000 325.8 10.5 494.5 170.4 80
2021002532 0.000 1.5 179.1 48.0 253.0 80
2021002532 0.000 162.0 29.1 299.4 188.1 80
2021002532 0.000 349.9 130.4 409.9 189.0 80
2021002532 0.000 219.9 213.4 281.0 299.7 80
2021002532 0.000 90.6 167.7 149.2 226.6 80
2021002532 0.000 314.7 90.6 375.2 149.9 80
2021002532 0.000 357.4 176.8 415.0 236.3 80
2021002532 0.000 32.4 113.1 167.8 245.7 80
2021002532 0.000 1.0 134.7 47.1 208.2 80
2021002532 0.000 453.4 171.3 499.7 244.6 80
2021002532 0.000 0.5 112.0 102.1 317.8 80
2021002532 0.000 449.1 48.2 499.7 136.2 80
2021002532 0.000 259.7 2.5 324.6 65.8 80
2021002532 0.000 137.6 194.1 201.5 258.6 80
2021002532 0.000 298.6 152.6 359.4 210.5 80
2021002532 0.000 28.5 138.6 93.6 196.8 80
2021002532 0.000 255.4 112.1 363.3 309.4 80
2021002532 0.000 119.1 143.0 232.5 281.2 80
2021002532 0.000 149.8 153.7 210.5 211.6 80
2021002532 0.000 293.1 118.3 480.6 230.7 80
2021002532 0.000 325.6 194.5 382.1 262.6 80
2021002532 0.000 0.7 20.0 51.8 94.1 80
2021002532 0.000 219.9 176.7 278.2 235.5 80
2021002532 0.000 48.8 19.0 377.9 228.3 80
2021002532 0.000 410.2 156.8 474.8 215.0 80
2021002532 0.000 205.3 105.0 317.1 249.4 80
2021002532 0.000 0.7 221.7 58.3 328.6 80
2021002532 0.000 180.1 197.3 238.1 264.5 80
2021002532 0.000 177.0 51.2 471.7 236.8 80
2021002532 0.000 49.5 97.5 281.8 229.4 80
2021002532 0.000 325.8 41.4 402.7 103.4 80
2021002532 0.000 101.1 43.9 244.3 277.4 80
2021002532 0.000 0.3 80.7 51.5 154.3 80
2021002532 0.000 206.3 143.0 267.2 201.4 80
2021002532 0.000 442.7 217.4 499.6 327.4 80
2021002532 0.000 15.1 12.8 486.3 174.5 80
2021002532 0.000 398.5 98.9 499.4 315.8 80
2021002532 0.000 1.5 5.5 282.2 329.9 80
2021002532 0.000 94.9 14.0 401.8 325.0 80
2021002532 0.000 262.6 37.4 424.1 278.3 80
2021002532 0.000 189.1 7.3 402.0 120.4 80
2021002532 0.000 1.1 21.4 146.5 322.8 80
2021002532 0.000 212.9 5.7 497.4 331.0 80
2021002532 0.000 160.6 175.5 349.3 326.9 80
2021002532 0.000 159.4 25.0 350.2 316.2 80
2021002532 0.000 357.7 16.7 501.3 319.9 80
2021002532 0.000 11.5 79.9 225.9 328.5 80
2021002532 0.000 280.6 212.4 336.4 294.2 80
2021002532 0.000 171.4 94.0 308.9 314.0 80
2021002532 0.000 132.8 69.1 366.0 324.4 80
2021002532 0.000 257.5 148.1 363.0 272.1 80
2021002532 0.000 5.0 248.1 130.5 332.4 80
2021002532 0.000 306.3 160.5 481.9 323.9 80
2021002532 0.000 54.0 226.7 278.3 330.9 80
2021002532 0.000 11.7 162.6 185.3 324.9 80
2021002532 0.000 3.3 1.2 410.3 331.1 80
2021002532 0.000 8.2 203.4 491.3 331.4 80
2021002532 0.000 4.9 57.7 361.3 327.9 80
2021002532 0.000 223.1 227.9 472.3 331.4 80
2021002532 0.000 72.1 57.1 444.5 284.5 80
2021002532 0.000 34.1 131.1 327.0 322.2 80
2021002532 0.000 85.7 1.0 494.7 331.0 80
2021002532 0.000 278.1 77.3 486.3 331.0 80
2021002532 0.000 162.7 118.0 345.4 204.8 80
2021002532 0.000 244.5 179.3 298.1 242.7 80
2021002532 0.000 168.6 134.4 451.1 322.0 80
2021002532 0.000 362.2 218.2 494.6 327.3 80
2021002532 0.000 44.5 53.9 117.2 121.5 80
2021002532 0.000 160.2 58.7 492.6 329.0 80
2021002532 0.000 134.9 91.5 359.6 260.9 80
2021002532 0.000 67.7 127.2 402.2 241.5 80
2021002532 0.000 22.5 38.2 474.5 321.3 80
2021002532 0.000 0.6 89.3 498.5 323.8 80
2021002532 0.000 0.8 0.8 499.6 332.2 80
2021002532 0.000 17.2 85.3 483.8 240.0 80
2021002532 0.000 2.5 21.1 497.4 273.2 80
2021002532 0.000 424.3 5.6 498.8 76.0 80
2021002532 0.000 17.2 85.3 483.8 240.0 0
2021002532 0.000 262.6 37.4 424.1 278.3 14
2021002532 0.000 171.4 94.0 308.9 314.0 14
2021002532 0.000 101.1 43.9 244.3 277.4 14
2021002532 0.000 159.4 25.0 350.2 316.2 14
2021002532 0.000 11.5 79.9 225.9 328.5 14
2021002532 0.000 278.1 77.3 486.3 331.0 14
2021002532 0.000 132.8 69.1 366.0 324.4 14
2021002532 0.000 154.2 268.6 238.2 328.2 80
