2021002076 0.737 3.4 83.7 297.2 254.1 11
2021002076 0.707 13.7 81.2 171.7 242.7 80
2021002076 0.700 88.3 111.2 293.2 241.2 80
2021002076 0.697 253.1 124.6 305.1 191.7 80
2021002076 0.686 3.7 59.7 50.2 221.8 80
2021002076 0.674 -1.2 74.1 284.2 232.6 80
2021002076 0.665 263.5 109.3 307.7 197.0 80
2021002076 0.656 470.1 300.3 498.6 333.8 80
2021002076 0.635 7.8 84.8 308.6 250.6 80
2021002076 0.622 5.1 2.1 458.9 333.8 80
2021002076 0.619 1.2 69.6 75.1 230.4 80
2021002076 0.608 -21.3 -1.5 345.5 80.5 80
2021002076 0.605 253.7 42.4 272.8 82.2 80
2021002076 0.605 14.1 82.6 272.9 243.7 80
2021002076 0.605 268.2 129.9 308.0 191.1 80
2021002076 0.604 253.8 47.2 272.2 96.9 80
2021002076 0.579 10.2 7.0 255.0 73.5 80
2021002076 0.568 280.6 43.1 300.8 73.6 80
2021002076 0.566 254.4 43.6 271.5 103.4 80
2021002076 0.566 495.6 116.4 500.3 209.7 80
2021002076 0.557 19.7 98.6 303.6 246.9 80
2021002076 0.555 258.5 50.9 277.3 91.9 80
2021002076 0.531 497.0 52.8 500.4 162.1 80
2021002076 0.493 28.3 83.7 350.5 246.3 80
2021002076 0.464 497.2 179.7 500.3 302.1 80
2021002076 0.421 1.0 49.1 4.6 167.4 80
2021002076 0.371 103.1 120.6 301.9 242.2 80
2021002076 0.338 497.8 56.2 500.4 178.5 80
2021002076 0.300 103.1 131.9 316.7 252.1 80
2021002076 0.290 497.1 65.6 500.6 304.3 80
2021002076 0.282 0.9 9.3 3.9 99.1 80
2021002076 0.251 495.9 1.1 501.5 22.0 80
2021002076 0.240 -0.9 24.3 15.0 313.6 80
2021002076 0.233 -4.8 111.0 316.2 243.8 80
2021002076 0.232 80.2 321.5 449.5 334.8 80
2021002076 0.226 0.2 69.8 3.6 205.6 80
2021002076 0.217 63.6 310.3 446.3 335.4 80
2021002076 0.214 0.2 147.7 5.0 306.3 80
2021002076 0.213 116.4 150.1 304.7 247.0 80
2021002076 0.197 479.1 237.2 507.0 331.7 80
2021002076 0.197 272.8 171.8 331.8 214.9 80
2021002076 0.184 193.5 187.7 246.4 224.3 80
2021002076 0.181 52.6 182.9 170.3 255.9 80
2021002076 0.176 87.2 181.1 252.5 253.4 80
2021002076 0.175 86.7 191.9 220.7 255.5 80
2021002076 0.167 -2.8 269.5 26.4 343.0 80
2021002076 0.166 447.7 86.3 502.2 322.8 80
2021002076 0.165 486.1 71.9 503.9 356.4 80
2021002076 0.163 -0.2 136.3 34.9 340.5 80
2021002076 0.163 65.9 132.7 391.4 257.3 80
2021002076 0.160 28.6 176.3 110.1 238.2 80
2021002076 0.149 280.6 43.1 300.8 73.6 4
2021002076 0.148 335.4 187.5 500.0 330.9 80
2021002076 0.148 334.9 320.8 462.6 335.7 80
2021002076 0.146 52.2 264.5 223.3 335.3 80
2021002076 0.146 148.6 194.3 197.4 232.2 80
2021002076 0.145 363.4 73.5 500.3 317.2 80
2021002076 0.142 128.4 277.4 276.4 331.5 80
2021002076 0.142 297.7 300.6 430.6 331.0 80
2021002076 0.140 108.3 196.3 397.3 319.1 80
2021002076 0.139 -10.1 143.1 286.5 259.6 80
2021002076 0.138 -8.5 94.3 165.3 293.2 80
2021002076 0.136 -9.6 160.0 218.2 315.7 80
2021002076 0.135 43.1 174.9 299.1 298.4 80
2021002076 0.134 -18.5 118.8 251.4 240.0 80
2021002076 0.133 398.7 309.2 493.5 331.6 80
2021002076 0.133 198.4 294.5 337.8 328.9 80
2021002076 0.132 184.9 178.0 443.2 309.4 80
2021002076 0.132 282.3 126.6 490.4 291.5 80
2021002076 0.131 254.4 43.6 271.5 103.4 4
2021002076 0.130 234.1 170.6 475.6 303.6 80
2021002076 0.130 66.4 166.1 323.7 264.4 80
2021002076 0.128 134.0 177.8 361.7 288.3 80
2021002076 0.126 321.1 217.2 373.7 255.1 80
2021002076 0.125 260.7 314.6 388.4 333.9 80
2021002076 0.124 275.2 197.7 351.6 248.7 80
2021002076 0.123 372.3 212.9 426.0 259.6 80
2021002076 0.122 49.8 315.5 162.3 335.7 80
2021002076 0.122 111.3 312.7 222.6 334.8 80
2021002076 0.122 415.7 179.1 481.0 275.4 80
2021002076 0.122 19.3 296.0 106.0 330.5 80
2021002076 0.117 203.9 209.2 294.4 270.9 80
2021002076 0.116 -60.2 -8.7 438.8 48.4 80
2021002076 0.115 253.8 47.2 272.2 96.9 4
2021002076 0.114 268.2 129.9 308.0 191.1 11
2021002076 0.113 233.5 88.3 523.8 151.2 80
2021002076 0.111 272.1 207.2 386.0 265.6 80
2021002076 0.111 -66.4 31.8 134.3 89.4 80
2021002076 0.110 265.3 71.0 578.3 133.8 80
2021002076 0.108 -165.3 -5.7 313.3 35.8 80
2021002076 0.106 -110.1 3.5 377.1 79.5 80
2021002076 0.106 386.0 51.2 555.1 113.8 80
2021002076 0.105 -135.0 7.8 331.1 64.9 80
2021002076 0.104 108.1 12.1 594.2 58.3 80
2021002076 0.103 156.4 6.9 651.2 41.2 80
2021002076 0.103 13.5 34.2 490.2 135.8 80
2021002076 0.101 196.5 6.1 690.7 32.7 80
2021002076 0.099 305.1 8.4 660.9 39.6 80
2021002076 0.093 -170.0 -2.7 232.6 18.1 80
2021002076 0.090 156.5 0.2 655.5 22.2 80
2021002076 0.737 3.4 83.7 297.2 254.1 11
2021002076 0.707 13.7 81.2 171.7 242.7 80
2021002076 0.700 88.3 111.2 293.2 241.2 80
2021002076 0.697 253.1 124.6 305.1 191.7 80
2021002076 0.686 3.7 59.7 50.2 221.8 80
2021002076 0.674 -1.2 74.1 284.2 232.6 80
2021002076 0.665 263.5 109.3 307.7 197.0 80
2021002076 0.656 470.1 300.3 498.6 333.8 80
2021002076 0.635 7.8 84.8 308.6 250.6 80
2021002076 0.622 5.1 2.1 458.9 333.8 80
2021002076 0.619 1.2 69.6 75.1 230.4 80
2021002076 0.608 -21.3 -1.5 345.5 80.5 80
2021002076 0.605 253.7 42.4 272.8 82.2 80
2021002076 0.605 14.1 82.6 272.9 243.7 80
2021002076 0.605 268.2 129.9 308.0 191.1 80
2021002076 0.604 253.8 47.2 272.2 96.9 80
2021002076 0.579 10.2 7.0 255.0 73.5 80
2021002076 0.568 280.6 43.1 300.8 73.6 80
2021002076 0.566 254.4 43.6 271.5 103.4 80
2021002076 0.566 495.6 116.4 500.3 209.7 80
2021002076 0.557 19.7 98.6 303.6 246.9 80
2021002076 0.555 258.5 50.9 277.3 91.9 80
2021002076 0.531 497.0 52.8 500.4 162.1 80
2021002076 0.493 28.3 83.7 350.5 246.3 80
2021002076 0.464 497.2 179.7 500.3 302.1 80
2021002076 0.421 1.0 49.1 4.6 167.4 80
2021002076 0.371 103.1 120.6 301.9 242.2 80
2021002076 0.338 497.8 56.2 500.4 178.5 80
2021002076 0.300 103.1 131.9 316.7 252.1 80
2021002076 0.290 497.1 65.6 500.6 304.3 80
2021002076 0.282 0.9 9.3 3.9 99.1 80
2021002076 0.251 495.9 1.1 501.5 22.0 80
2021002076 0.240 -0.9 24.3 15.0 313.6 80
2021002076 0.233 -4.8 111.0 316.2 243.8 80
2021002076 0.232 80.2 321.5 449.5 334.8 80
2021002076 0.226 0.2 69.8 3.6 205.6 80
2021002076 0.217 63.6 310.3 446.3 335.4 80
2021002076 0.214 0.2 147.7 5.0 306.3 80
2021002076 0.213 116.4 150.1 304.7 247.0 80
2021002076 0.197 479.1 237.2 507.0 331.7 80
2021002076 0.197 272.8 171.8 331.8 214.9 80
2021002076 0.184 193.5 187.7 246.4 224.3 80
2021002076 0.181 52.6 182.9 170.3 255.9 80
2021002076 0.176 87.2 181.1 252.5 253.4 80
2021002076 0.175 86.7 191.9 220.7 255.5 80
2021002076 0.167 -2.8 269.5 26.4 343.0 80
2021002076 0.166 447.7 86.3 502.2 322.8 80
2021002076 0.165 486.1 71.9 503.9 356.4 80
2021002076 0.163 -0.2 136.3 34.9 340.5 80
2021002076 0.163 65.9 132.7 391.4 257.3 80
2021002076 0.160 28.6 176.3 110.1 238.2 80
2021002076 0.149 280.6 43.1 300.8 73.6 4
2021002076 0.148 335.4 187.5 500.0 330.9 80
2021002076 0.148 334.9 320.8 462.6 335.7 80
2021002076 0.146 52.2 264.5 223.3 335.3 80
2021002076 0.146 148.6 194.3 197.4 232.2 80
2021002076 0.145 363.4 73.5 500.3 317.2 80
2021002076 0.142 128.4 277.4 276.4 331.5 80
2021002076 0.142 297.7 300.6 430.6 331.0 80
2021002076 0.140 108.3 196.3 397.3 319.1 80
2021002076 0.139 -10.1 143.1 286.5 259.6 80
2021002076 0.138 -8.5 94.3 165.3 293.2 80
2021002076 0.136 -9.6 160.0 218.2 315.7 80
2021002076 0.135 43.1 174.9 299.1 298.4 80
2021002076 0.134 -18.5 118.8 251.4 240.0 80
2021002076 0.133 398.7 309.2 493.5 331.6 80
2021002076 0.133 198.4 294.5 337.8 328.9 80
2021002076 0.132 184.9 178.0 443.2 309.4 80
2021002076 0.132 282.3 126.6 490.4 291.5 80
2021002076 0.131 254.4 43.6 271.5 103.4 4
2021002076 0.130 234.1 170.6 475.6 303.6 80
2021002076 0.130 66.4 166.1 323.7 264.4 80
2021002076 0.128 134.0 177.8 361.7 288.3 80
2021002076 0.126 321.1 217.2 373.7 255.1 80
2021002076 0.125 260.7 314.6 388.4 333.9 80
2021002076 0.124 275.2 197.7 351.6 248.7 80
2021002076 0.123 372.3 212.9 426.0 259.6 80
2021002076 0.122 49.8 315.5 162.3 335.7 80
2021002076 0.122 111.3 312.7 222.6 334.8 80
2021002076 0.122 415.7 179.1 481.0 275.4 80
2021002076 0.122 19.3 296.0 106.0 330.5 80
2021002076 0.117 203.9 209.2 294.4 270.9 80
2021002076 0.116 -60.2 -8.7 438.8 48.4 80
2021002076 0.115 253.8 47.2 272.2 96.9 4
2021002076 0.114 268.2 129.9 308.0 191.1 11
2021002076 0.113 233.5 88.3 523.8 151.2 80
2021002076 0.111 272.1 207.2 386.0 265.6 80
2021002076 0.111 -66.4 31.8 134.3 89.4 80
2021002076 0.110 265.3 71.0 578.3 133.8 80
2021002076 0.108 -165.3 -5.7 313.3 35.8 80
2021002076 0.106 -110.1 3.5 377.1 79.5 80
2021002076 0.106 386.0 51.2 555.1 113.8 80
2021002076 0.105 -135.0 7.8 331.1 64.9 80
2021002076 0.104 108.1 12.1 594.2 58.3 80
2021002076 0.103 156.4 6.9 651.2 41.2 80
2021002076 0.103 13.5 34.2 490.2 135.8 80
2021002076 0.101 196.5 6.1 690.7 32.7 80
2021002076 0.099 305.1 8.4 660.9 39.6 80
2021002076 0.093 -170.0 -2.7 232.6 18.1 80
2021002076 0.090 156.5 0.2 655.5 22.2 80
2021002076 0.000 0.8 39.6 103.7 219.9 80
2021002076 0.000 245.1 64.6 370.2 203.1 80
2021002076 0.000 203.1 44.4 266.1 106.7 80
2021002076 0.000 256.6 123.7 316.4 182.9 80
2021002076 0.000 372.7 97.3 484.8 238.7 80
2021002076 0.000 45.9 193.6 106.8 256.8 80
2021002076 0.000 83.8 105.7 144.8 167.7 80
2021002076 0.000 133.1 93.5 218.1 194.0 80
2021002076 0.000 390.5 85.7 458.7 145.2 80
2021002076 0.000 453.6 114.4 499.6 187.5 80
2021002076 0.000 213.4 101.7 273.6 161.0 80
2021002076 0.000 141.4 73.2 202.4 136.6 80
2021002076 0.000 22.0 26.3 202.7 174.0 80
2021002076 0.000 325.8 10.5 494.5 170.4 80
2021002076 0.000 1.5 179.1 48.0 253.0 80
2021002076 0.000 162.0 29.1 299.4 188.1 80
2021002076 0.000 349.9 130.4 409.9 189.0 80
2021002076 0.000 219.9 213.4 281.0 299.7 80
2021002076 0.000 90.6 167.7 149.2 226.6 80
2021002076 0.000 314.7 90.6 375.2 149.9 80
2021002076 0.000 357.4 176.8 415.0 236.3 80
2021002076 0.000 32.4 113.1 167.8 245.7 80
2021002076 0.000 1.0 134.7 47.1 208.2 80
2021002076 0.000 453.4 171.3 499.7 244.6 80
2021002076 0.000 0.5 112.0 102.1 317.8 80
2021002076 0.000 449.1 48.2 499.7 136.2 80
2021002076 0.000 259.7 2.5 324.6 65.8 80
2021002076 0.000 137.6 194.1 201.5 258.6 80
2021002076 0.000 298.6 152.6 359.4 210.5 80
2021002076 0.000 28.5 138.6 93.6 196.8 80
2021002076 0.000 255.4 112.1 363.3 309.4 80
2021002076 0.000 119.1 143.0 232.5 281.2 80
2021002076 0.000 149.8 153.7 210.5 211.6 80
2021002076 0.000 293.1 118.3 480.6 230.7 80
2021002076 0.000 325.6 194.5 382.1 262.6 80
2021002076 0.000 0.7 20.0 51.8 94.1 80
2021002076 0.000 219.9 176.7 278.2 235.5 80
2021002076 0.000 48.8 19.0 377.9 228.3 80
2021002076 0.000 410.2 156.8 474.8 215.0 80
2021002076 0.000 205.3 105.0 317.1 249.4 80
2021002076 0.000 0.7 221.7 58.3 328.6 80
2021002076 0.000 180.1 197.3 238.1 264.5 80
2021002076 0.000 177.0 51.2 471.7 236.8 80
2021002076 0.000 49.5 97.5 281.8 229.4 80
2021002076 0.000 325.8 41.4 402.7 103.4 80
2021002076 0.000 101.1 43.9 244.3 277.4 80
2021002076 0.000 0.3 80.7 51.5 154.3 80
2021002076 0.000 206.3 143.0 267.2 201.4 80
2021002076 0.000 442.7 217.4 499.6 327.4 80
2021002076 0.000 15.1 12.8 486.3 174.5 80
2021002076 0.000 398.5 98.9 499.4 315.8 80
2021002076 0.000 1.5 5.5 282.2 329.9 80
2021002076 0.000 94.9 14.0 401.8 325.0 80
2021002076 0.000 262.6 37.4 424.1 278.3 80
2021002076 0.000 189.1 7.3 402.0 120.4 80
2021002076 0.000 1.1 21.4 146.5 322.8 80
2021002076 0.000 212.9 5.7 497.4 331.0 80
2021002076 0.000 160.6 175.5 349.3 326.9 80
2021002076 0.000 159.4 25.0 350.2 316.2 80
2021002076 0.000 357.7 16.7 501.3 319.9 80
2021002076 0.000 11.5 79.9 225.9 328.5 80
2021002076 0.000 280.6 212.4 336.4 294.2 80
2021002076 0.000 171.4 94.0 308.9 314.0 80
2021002076 0.000 132.8 69.1 366.0 324.4 80
2021002076 0.000 257.5 148.1 363.0 272.1 80
2021002076 0.000 5.0 248.1 130.5 332.4 80
2021002076 0.000 306.3 160.5 481.9 323.9 80
2021002076 0.000 54.0 226.7 278.3 330.9 80
2021002076 0.000 11.7 162.6 185.3 324.9 80
2021002076 0.000 3.3 1.2 410.3 331.1 80
2021002076 0.000 8.2 203.4 491.3 331.4 80
2021002076 0.000 4.9 57.7 361.3 327.9 80
2021002076 0.000 223.1 227.9 472.3 331.4 80
2021002076 0.000 72.1 57.1 444.5 284.5 80
2021002076 0.000 34.1 131.1 327.0 322.2 80
2021002076 0.000 85.7 1.0 494.7 331.0 80
2021002076 0.000 278.1 77.3 486.3 331.0 80
2021002076 0.000 162.7 118.0 345.4 204.8 80
2021002076 0.000 244.5 179.3 298.1 242.7 80
2021002076 0.000 168.6 134.4 451.1 322.0 80
2021002076 0.000 362.2 218.2 494.6 327.3 80
2021002076 0.000 44.5 53.9 117.2 121.5 80
2021002076 0.000 160.2 58.7 492.6 329.0 80
2021002076 0.000 134.9 91.5 359.6 260.9 80
2021002076 0.000 67.7 127.2 402.2 241.5 80
2021002076 0.000 22.5 38.2 474.5 321.3 80
2021002076 0.000 0.6 89.3 498.5 323.8 80
2021002076 0.000 0.8 0.8 499.6 332.2 80
2021002076 0.000 17.2 85.3 483.8 240.0 80
2021002076 0.000 2.5 21.1 497.4 273.2 80
2021002076 0.000 424.3 5.6 498.8 76.0 80
2021002076 0.000 17.2 85.3 483.8 240.0 0
2021002076 0.000 262.6 37.4 424.1 278.3 14
2021002076 0.000 171.4 94.0 308.9 314.0 14
2021002076 0.000 101.1 43.9 244.3 277.4 14
2021002076 0.000 159.4 25.0 350.2 316.2 14
2021002076 0.000 11.5 79.9 225.9 328.5 14
2021002076 0.000 278.1 77.3 486.3 331.0 14
2021002076 0.000 132.8 69.1 366.0 324.4 14
2021002076 0.000 154.2 268.6 238.2 328.2 80
