2021006964 0.755 186.2 89.8 296.7 331.2 14
2021006964 0.752 337.7 102.6 483.2 374.4 14
2021006964 0.714 123.0 74.9 347.1 355.7 80
2021006964 0.710 146.6 81.5 321.5 267.0 80
2021006964 0.701 107.4 220.7 282.1 373.9 80
2021006964 0.695 28.8 37.3 287.2 369.6 80
2021006964 0.693 56.4 32.8 184.2 368.5 14
2021006964 0.693 255.6 71.9 355.1 265.4 14
2021006964 0.693 186.3 92.3 287.6 313.1 80
2021006964 0.691 105.7 62.3 277.3 357.5 80
2021006964 0.690 253.8 73.5 352.3 291.6 80
2021006964 0.690 207.4 72.2 501.4 371.9 80
2021006964 0.689 185.4 91.6 293.7 331.8 80
2021006964 0.687 229.7 265.1 278.1 326.7 80
2021006964 0.684 231.0 236.3 402.4 374.9 80
2021006964 0.681 262.2 238.8 416.0 374.6 80
2021006964 0.675 77.0 212.4 440.9 368.6 80
2021006964 0.675 405.4 254.5 486.2 374.6 80
2021006964 0.672 21.1 68.3 449.7 372.2 80
2021006964 0.669 63.0 33.7 185.5 330.1 80
2021006964 0.668 48.5 208.5 320.3 371.2 80
2021006964 0.668 -6.3 32.2 154.3 173.9 80
2021006964 0.665 320.5 125.2 344.0 158.4 80
2021006964 0.663 188.3 97.4 291.6 291.5 80
2021006964 0.660 472.2 20.1 499.1 122.7 80
2021006964 0.659 258.4 79.4 356.7 249.8 80
2021006964 0.658 146.2 48.0 211.3 198.3 80
2021006964 0.658 0.7 220.1 25.1 369.4 80
2021006964 0.652 269.3 75.2 341.4 152.0 80
2021006964 0.652 89.3 229.7 437.5 373.0 80
2021006964 0.641 1.6 4.2 98.3 297.3 80
2021006964 0.640 417.8 107.6 494.4 364.6 80
2021006964 0.636 23.6 30.7 183.1 360.4 80
2021006964 0.633 213.5 236.6 415.2 371.4 80
2021006964 0.632 141.1 42.3 212.4 161.1 80
2021006964 0.626 139.7 111.1 190.7 301.9 80
2021006964 0.623 450.0 178.9 482.1 200.2 80
2021006964 0.619 133.2 223.4 266.9 357.9 80
2021006964 0.616 92.9 228.8 419.0 373.3 80
2021006964 0.610 470.1 332.1 498.7 375.8 80
2021006964 0.608 107.1 41.9 205.0 343.5 80
2021006964 0.606 341.1 100.8 473.0 352.8 80
2021006964 0.602 20.2 28.2 190.5 371.9 80
2021006964 0.601 460.0 197.1 498.1 359.6 80
2021006964 0.594 -0.9 165.0 96.9 369.6 80
2021006964 0.593 7.2 2.3 70.3 124.8 80
2021006964 0.588 -1.1 142.5 99.0 372.5 80
2021006964 0.587 272.1 239.9 402.4 377.5 80
2021006964 0.584 1.7 5.0 63.2 87.5 80
2021006964 0.581 0.4 1.5 61.0 123.8 80
2021006964 0.577 191.7 91.2 341.7 284.3 80
2021006964 0.568 328.6 136.9 342.7 155.9 80
2021006964 0.552 2.3 98.3 93.6 368.2 80
2021006964 0.546 428.3 173.9 444.9 196.8 80
2021006964 0.538 142.7 39.3 210.4 221.3 14
2021006964 0.534 424.8 165.7 450.3 208.3 80
2021006964 0.533 46.0 44.0 199.8 230.4 80
2021006964 0.530 102.1 220.3 298.6 377.6 14
2021006964 0.522 142.4 44.4 210.7 215.4 80
2021006964 0.519 478.3 144.8 499.0 276.5 80
2021006964 0.519 475.8 142.5 500.5 208.5 80
2021006964 0.517 474.6 178.4 488.3 210.1 80
2021006964 0.513 329.0 194.4 495.3 369.9 80
2021006964 0.506 430.0 176.3 443.4 195.9 80
2021006964 0.487 474.8 228.3 500.6 290.4 80
2021006964 0.470 2.9 25.8 178.4 376.3 80
2021006964 0.465 90.3 316.9 441.7 378.1 80
2021006964 0.459 118.0 234.5 416.8 372.7 14
2021006964 0.458 446.6 199.3 496.6 287.6 10
2021006964 0.457 -0.5 -0.8 104.0 372.3 80
2021006964 0.442 234.1 71.8 384.7 368.3 80
2021006964 0.439 45.9 40.5 183.7 363.6 80
2021006964 0.435 1.6 -8.0 86.0 358.9 80
2021006964 0.428 165.5 35.1 206.9 64.6 80
2021006964 0.396 1.5 2.2 79.2 155.6 80
2021006964 0.395 -0.1 3.7 9.3 367.4 80
2021006964 0.366 475.6 144.8 500.1 198.8 14
2021006964 0.348 330.6 366.0 487.4 375.8 80
2021006964 0.318 446.6 199.3 496.6 287.6 80
2021006964 0.318 475.6 144.8 500.1 198.8 80
2021006964 0.295 1.5 2.2 79.2 155.6 15
2021006964 0.287 280.2 142.1 308.2 180.6 80
2021006964 0.271 -1.1 8.3 5.9 181.2 80
2021006964 0.246 -5.0 326.2 39.1 380.1 80
2021006964 0.235 118.0 234.5 416.8 372.7 80
2021006964 0.231 102.1 220.3 298.6 377.6 80
2021006964 0.228 -0.5 -0.8 104.0 372.3 15
2021006964 0.217 142.7 39.3 210.4 221.3 80
2021006964 0.199 162.3 104.1 390.9 333.7 80
2021006964 0.197 1.6 -8.0 86.0 358.9 15
2021006964 0.187 478.3 144.8 499.0 276.5 14
2021006964 0.179 474.8 228.3 500.6 290.4 10
2021006964 0.179 -0.9 165.0 96.9 369.6 15
2021006964 0.178 368.5 199.7 457.2 283.1 80
2021006964 0.170 142.4 44.4 210.7 215.4 14
2021006964 0.169 293.7 113.1 501.7 343.7 80
2021006964 0.161 475.8 142.5 500.5 208.5 14
2021006964 0.156 -1.1 142.5 99.0 372.5 15
2021006964 0.150 81.2 326.1 300.6 388.7 80
2021006964 0.144 211.0 172.4 277.3 237.5 80
2021006964 0.755 186.2 89.8 296.7 331.2 14
2021006964 0.752 337.7 102.6 483.2 374.4 14
2021006964 0.714 123.0 74.9 347.1 355.7 80
2021006964 0.710 146.6 81.5 321.5 267.0 80
2021006964 0.701 107.4 220.7 282.1 373.9 80
2021006964 0.695 28.8 37.3 287.2 369.6 80
2021006964 0.693 56.4 32.8 184.2 368.5 14
2021006964 0.693 255.6 71.9 355.1 265.4 14
2021006964 0.693 186.3 92.3 287.6 313.1 80
2021006964 0.691 105.7 62.3 277.3 357.5 80
2021006964 0.690 253.8 73.5 352.3 291.6 80
2021006964 0.690 207.4 72.2 501.4 371.9 80
2021006964 0.689 185.4 91.6 293.7 331.8 80
2021006964 0.687 229.7 265.1 278.1 326.7 80
2021006964 0.684 231.0 236.3 402.4 374.9 80
2021006964 0.681 262.2 238.8 416.0 374.6 80
2021006964 0.675 77.0 212.4 440.9 368.6 80
2021006964 0.675 405.4 254.5 486.2 374.6 80
2021006964 0.672 21.1 68.3 449.7 372.2 80
2021006964 0.669 63.0 33.7 185.5 330.1 80
2021006964 0.668 48.5 208.5 320.3 371.2 80
2021006964 0.668 -6.3 32.2 154.3 173.9 80
2021006964 0.665 320.5 125.2 344.0 158.4 80
2021006964 0.663 188.3 97.4 291.6 291.5 80
2021006964 0.660 472.2 20.1 499.1 122.7 80
2021006964 0.659 258.4 79.4 356.7 249.8 80
2021006964 0.658 146.2 48.0 211.3 198.3 80
2021006964 0.658 0.7 220.1 25.1 369.4 80
2021006964 0.652 269.3 75.2 341.4 152.0 80
2021006964 0.652 89.3 229.7 437.5 373.0 80
2021006964 0.641 1.6 4.2 98.3 297.3 80
2021006964 0.640 417.8 107.6 494.4 364.6 80
2021006964 0.636 23.6 30.7 183.1 360.4 80
2021006964 0.633 213.5 236.6 415.2 371.4 80
2021006964 0.632 141.1 42.3 212.4 161.1 80
2021006964 0.626 139.7 111.1 190.7 301.9 80
2021006964 0.623 450.0 178.9 482.1 200.2 80
2021006964 0.619 133.2 223.4 266.9 357.9 80
2021006964 0.616 92.9 228.8 419.0 373.3 80
2021006964 0.610 470.1 332.1 498.7 375.8 80
2021006964 0.608 107.1 41.9 205.0 343.5 80
2021006964 0.606 341.1 100.8 473.0 352.8 80
2021006964 0.602 20.2 28.2 190.5 371.9 80
2021006964 0.601 460.0 197.1 498.1 359.6 80
2021006964 0.594 -0.9 165.0 96.9 369.6 80
2021006964 0.593 7.2 2.3 70.3 124.8 80
2021006964 0.588 -1.1 142.5 99.0 372.5 80
2021006964 0.587 272.1 239.9 402.4 377.5 80
2021006964 0.584 1.7 5.0 63.2 87.5 80
2021006964 0.581 0.4 1.5 61.0 123.8 80
2021006964 0.577 191.7 91.2 341.7 284.3 80
2021006964 0.568 328.6 136.9 342.7 155.9 80
2021006964 0.552 2.3 98.3 93.6 368.2 80
2021006964 0.546 428.3 173.9 444.9 196.8 80
2021006964 0.538 142.7 39.3 210.4 221.3 14
2021006964 0.534 424.8 165.7 450.3 208.3 80
2021006964 0.533 46.0 44.0 199.8 230.4 80
2021006964 0.530 102.1 220.3 298.6 377.6 14
2021006964 0.522 142.4 44.4 210.7 215.4 80
2021006964 0.519 478.3 144.8 499.0 276.5 80
2021006964 0.519 475.8 142.5 500.5 208.5 80
2021006964 0.517 474.6 178.4 488.3 210.1 80
2021006964 0.513 329.0 194.4 495.3 369.9 80
2021006964 0.506 430.0 176.3 443.4 195.9 80
2021006964 0.487 474.8 228.3 500.6 290.4 80
2021006964 0.470 2.9 25.8 178.4 376.3 80
2021006964 0.465 90.3 316.9 441.7 378.1 80
2021006964 0.459 118.0 234.5 416.8 372.7 14
2021006964 0.458 446.6 199.3 496.6 287.6 10
2021006964 0.457 -0.5 -0.8 104.0 372.3 80
2021006964 0.442 234.1 71.8 384.7 368.3 80
2021006964 0.439 45.9 40.5 183.7 363.6 80
2021006964 0.435 1.6 -8.0 86.0 358.9 80
2021006964 0.428 165.5 35.1 206.9 64.6 80
2021006964 0.396 1.5 2.2 79.2 155.6 80
2021006964 0.395 -0.1 3.7 9.3 367.4 80
2021006964 0.366 475.6 144.8 500.1 198.8 14
2021006964 0.348 330.6 366.0 487.4 375.8 80
2021006964 0.318 446.6 199.3 496.6 287.6 80
2021006964 0.318 475.6 144.8 500.1 198.8 80
2021006964 0.295 1.5 2.2 79.2 155.6 15
2021006964 0.287 280.2 142.1 308.2 180.6 80
2021006964 0.271 -1.1 8.3 5.9 181.2 80
2021006964 0.246 -5.0 326.2 39.1 380.1 80
2021006964 0.235 118.0 234.5 416.8 372.7 80
2021006964 0.231 102.1 220.3 298.6 377.6 80
2021006964 0.228 -0.5 -0.8 104.0 372.3 15
2021006964 0.217 142.7 39.3 210.4 221.3 80
2021006964 0.199 162.3 104.1 390.9 333.7 80
2021006964 0.197 1.6 -8.0 86.0 358.9 15
2021006964 0.187 478.3 144.8 499.0 276.5 14
2021006964 0.179 474.8 228.3 500.6 290.4 10
2021006964 0.179 -0.9 165.0 96.9 369.6 15
2021006964 0.178 368.5 199.7 457.2 283.1 80
2021006964 0.170 142.4 44.4 210.7 215.4 14
2021006964 0.169 293.7 113.1 501.7 343.7 80
2021006964 0.161 475.8 142.5 500.5 208.5 14
2021006964 0.156 -1.1 142.5 99.0 372.5 15
2021006964 0.150 81.2 326.1 300.6 388.7 80
2021006964 0.144 211.0 172.4 277.3 237.5 80
2021006964 0.000 242.0 73.2 372.7 227.7 80
2021006964 0.000 0.9 43.1 103.5 247.8 80
2021006964 0.000 143.7 135.9 210.3 202.4 80
2021006964 0.000 211.4 111.8 275.3 178.0 80
2021006964 0.000 371.0 109.2 486.3 268.7 80
2021006964 0.000 255.8 137.9 317.1 204.5 80
2021006964 0.000 156.6 31.4 304.0 211.6 80
2021006964 0.000 45.5 217.8 107.4 288.9 80
2021006964 0.000 136.3 82.3 207.6 151.5 80
2021006964 0.000 81.5 117.6 146.9 186.5 80
2021006964 0.000 197.9 51.8 272.4 119.8 80
2021006964 0.000 453.6 128.4 499.6 211.2 80
2021006964 0.000 387.8 97.3 461.7 164.2 80
2021006964 0.000 348.6 145.3 411.0 211.1 80
2021006964 0.000 136.9 218.3 201.8 292.7 80
2021006964 0.000 19.5 26.1 206.5 194.8 80
2021006964 0.000 1.5 201.3 48.0 285.0 80
2021006964 0.000 297.9 170.7 359.9 236.2 80
2021006964 0.000 453.4 192.9 499.6 275.6 80
2021006964 0.000 356.3 197.7 415.7 265.7 80
2021006964 0.000 313.5 100.9 376.2 167.7 80
2021006964 0.000 323.9 8.3 496.6 191.8 80
2021006964 0.000 287.5 132.8 485.8 257.7 80
2021006964 0.000 205.6 160.1 267.3 225.4 80
2021006964 0.000 0.9 125.8 102.1 357.9 80
2021006964 0.000 33.3 127.4 166.8 276.8 80
2021006964 0.000 1.0 151.5 47.1 234.6 80
2021006964 0.000 89.9 187.8 149.8 253.9 80
2021006964 0.000 449.0 54.1 499.7 153.4 80
2021006964 0.000 117.9 161.9 233.2 316.5 80
2021006964 0.000 218.0 251.8 286.7 331.9 80
2021006964 0.000 149.3 172.2 210.8 237.6 80
2021006964 0.000 410.1 176.6 474.8 242.3 80
2021006964 0.000 27.0 155.1 94.9 220.9 80
2021006964 0.000 323.9 218.2 384.1 295.1 80
2021006964 0.000 202.7 116.7 319.1 275.9 80
2021006964 0.000 177.6 56.6 471.2 267.4 80
2021006964 0.000 252.3 124.0 366.8 347.9 80
2021006964 0.000 0.5 90.4 51.3 173.8 80
2021006964 0.000 0.7 22.0 51.8 106.0 80
2021006964 0.000 46.4 108.1 284.6 258.9 80
2021006964 0.000 101.1 50.5 245.1 317.1 80
2021006964 0.000 255.5 3.7 329.5 73.3 80
2021006964 0.000 322.9 47.5 406.2 116.3 80
2021006964 0.000 43.3 21.4 383.8 258.4 80
2021006964 0.000 0.6 249.6 58.3 369.8 80
2021006964 0.000 178.6 220.3 238.0 300.5 80
2021006964 0.000 442.7 245.1 499.6 368.5 80
2021006964 0.000 398.6 113.5 499.6 355.5 80
2021006964 0.000 10.6 10.6 491.5 199.6 80
2021006964 0.000 258.6 42.4 428.2 311.1 80
2021006964 0.000 90.0 16.9 408.1 364.6 80
2021006964 0.000 256.1 169.2 365.6 301.9 80
2021006964 0.000 -2.4 5.4 286.1 371.6 80
2021006964 0.000 8.1 89.0 229.6 370.1 80
2021006964 0.000 0.7 22.9 146.6 363.6 80
2021006964 0.000 213.1 6.1 497.0 372.7 80
2021006964 0.000 131.2 78.4 368.1 365.5 80
2021006964 0.000 156.2 201.7 351.1 369.4 80
2021006964 0.000 170.3 106.4 310.3 353.3 80
2021006964 0.000 153.4 21.0 355.4 360.9 80
2021006964 0.000 357.6 18.1 500.9 361.1 80
2021006964 0.000 68.8 68.1 447.4 321.4 80
2021006964 0.000 177.0 8.2 417.9 127.1 80
2021006964 0.000 43.6 254.9 289.5 373.6 80
2021006964 0.000 2.3 68.4 366.1 369.3 80
2021006964 0.000 5.1 279.1 130.5 374.3 80
2021006964 0.000 12.0 183.0 185.2 365.8 80
2021006964 0.000 305.3 180.1 482.3 365.0 80
2021006964 0.000 220.0 199.0 278.3 264.7 80
2021006964 0.000 24.3 146.3 338.1 364.6 80
2021006964 0.000 2.5 1.3 412.8 373.0 80
2021006964 0.000 150.8 131.3 355.6 228.6 80
2021006964 0.000 274.3 86.1 490.6 373.1 80
2021006964 0.000 3.0 228.5 496.0 374.4 80
2021006964 0.000 220.7 257.3 474.7 373.5 80
2021006964 0.000 84.5 1.1 496.2 372.9 80
2021006964 0.000 158.6 67.8 495.0 371.2 80
2021006964 0.000 157.9 150.5 463.3 364.9 80
2021006964 0.000 362.6 245.1 494.3 368.9 80
2021006964 0.000 44.4 60.6 117.3 136.8 80
2021006964 0.000 129.9 101.9 365.9 294.0 80
2021006964 0.000 22.3 43.4 477.5 366.6 80
2021006964 0.000 60.2 142.4 409.5 272.0 80
2021006964 0.000 0.4 100.8 499.0 366.5 80
2021006964 0.000 244.0 202.0 298.7 273.9 80
2021006964 0.000 12.6 94.7 489.8 271.8 80
2021006964 0.000 0.8 0.3 499.7 373.9 80
2021006964 0.000 1.3 18.3 498.9 309.8 80
2021006964 0.000 286.3 250.3 340.8 319.0 80
2021006964 0.000 424.2 6.2 498.9 85.7 80
2021006964 0.000 12.6 94.7 489.8 271.8 0
2021006964 0.000 0.8 0.3 499.7 373.9 7
2021006964 0.000 8.1 89.0 229.6 370.1 14
2021006964 0.000 258.6 42.4 428.2 311.1 14
2021006964 0.000 101.1 50.5 245.1 317.1 14
2021006964 0.000 170.3 106.4 310.3 353.3 14
2021006964 0.000 274.3 86.1 490.6 373.1 14
2021006964 0.000 153.4 21.0 355.4 360.9 14
2021006964 0.000 213.1 6.1 497.0 372.7 14
