2021007347 0.698 7.0 336.8 80.6 489.1 80
2021007347 0.690 127.8 201.6 205.0 392.3 80
2021007347 0.684 128.3 202.1 158.4 267.0 80
2021007347 0.680 126.9 185.9 200.4 308.8 80
2021007347 0.668 135.3 219.0 159.2 360.9 80
2021007347 0.667 92.6 347.5 122.1 380.0 80
2021007347 0.667 90.3 358.0 115.6 387.9 80
2021007347 0.655 301.9 348.7 349.3 498.6 80
2021007347 0.651 4.6 333.6 83.5 477.1 80
2021007347 0.650 69.0 361.0 87.0 398.1 80
2021007347 0.634 125.4 173.3 210.4 322.8 80
2021007347 0.627 129.5 181.0 193.1 288.5 80
2021007347 0.623 91.3 334.1 118.3 378.7 80
2021007347 0.622 128.1 195.9 207.3 368.6 80
2021007347 0.619 295.3 393.9 349.5 492.0 80
2021007347 0.616 229.7 377.4 302.6 489.9 80
2021007347 0.610 137.6 299.6 194.8 398.6 80
2021007347 0.609 137.6 302.6 197.1 401.2 80
2021007347 0.608 299.2 355.2 347.8 457.9 80
2021007347 0.606 4.9 337.2 83.3 427.0 80
2021007347 0.606 118.9 402.1 216.6 487.0 80
2021007347 0.605 247.8 353.1 273.5 386.5 80
2021007347 0.600 136.9 406.0 180.4 477.5 80
2021007347 0.598 126.3 401.0 242.1 493.4 80
2021007347 0.595 129.1 185.1 209.3 383.9 14
2021007347 0.595 242.0 365.2 287.5 401.8 80
2021007347 0.580 243.9 376.3 311.9 437.6 6
2021007347 0.553 1.3 308.1 7.1 359.3 80
2021007347 0.540 334.6 343.3 374.8 496.2 6
2021007347 0.537 343.1 354.6 374.3 502.4 80
2021007347 0.537 301.2 347.2 351.8 503.1 14
2021007347 0.529 170.5 364.9 187.5 396.0 80
2021007347 0.518 371.3 312.8 375.0 364.5 80
2021007347 0.517 195.6 364.5 209.2 388.8 80
2021007347 0.515 344.5 308.6 377.0 440.7 80
2021007347 0.512 316.7 347.9 373.5 460.7 80
2021007347 0.510 359.5 335.8 375.2 485.8 80
2021007347 0.494 370.9 170.9 374.8 316.5 80
2021007347 0.490 370.6 125.3 375.1 167.8 80
2021007347 0.488 74.4 364.5 328.8 467.1 80
2021007347 0.488 370.3 113.2 375.0 167.2 80
2021007347 0.487 0.9 357.4 5.8 472.9 80
2021007347 0.481 9.3 304.1 374.8 456.5 80
2021007347 0.477 210.4 321.8 239.2 359.4 80
2021007347 0.467 1.7 297.7 27.1 456.8 80
2021007347 0.464 84.6 364.9 116.0 399.0 80
2021007347 0.458 216.8 347.7 233.9 375.5 80
2021007347 0.457 369.3 107.7 375.0 172.3 80
2021007347 0.444 342.4 162.1 374.1 520.2 80
2021007347 0.442 217.1 353.1 229.1 380.5 80
2021007347 0.439 244.8 356.5 275.9 382.4 80
2021007347 0.435 1.0 333.4 83.6 489.9 6
2021007347 0.427 229.2 346.1 243.2 372.9 80
2021007347 0.397 1.2 76.8 3.9 126.6 80
2021007347 0.384 148.8 204.3 198.4 298.6 80
2021007347 0.375 331.8 342.9 373.8 410.7 80
2021007347 0.354 -2.5 54.2 36.6 504.2 80
2021007347 0.351 59.9 414.4 341.6 498.0 80
2021007347 0.351 196.3 24.1 388.9 490.5 80
2021007347 0.334 331.8 342.9 373.8 410.7 6
2021007347 0.325 1.0 131.1 2.8 212.2 80
2021007347 0.316 366.9 23.9 376.1 461.8 80
2021007347 0.307 -0.2 397.2 23.7 502.5 80
2021007347 0.278 218.9 340.4 245.2 381.0 80
2021007347 0.261 0.7 54.7 5.3 369.3 80
2021007347 0.253 244.8 356.5 275.9 382.4 6
2021007347 0.250 229.2 346.1 243.2 372.9 14
2021007347 0.246 217.1 353.1 229.1 380.5 14
2021007347 0.232 210.4 321.8 239.2 359.4 14
2021007347 0.232 216.8 347.7 233.9 375.5 14
2021007347 0.218 1.0 333.4 83.6 489.9 80
2021007347 0.218 129.1 185.1 209.3 383.9 80
2021007347 0.211 334.6 343.3 374.8 496.2 80
2021007347 0.201 31.5 107.3 244.6 447.2 80
2021007347 0.199 316.7 347.9 373.5 460.7 6
2021007347 0.183 68.0 118.3 323.9 438.3 80
2021007347 0.183 170.5 364.9 187.5 396.0 14
2021007347 0.182 8.1 49.9 126.6 463.3 80
2021007347 0.176 243.9 376.3 311.9 437.6 80
2021007347 0.175 1.2 72.2 62.0 467.7 80
2021007347 0.171 60.4 334.0 198.1 396.3 80
2021007347 0.165 301.2 347.2 351.8 503.1 80
2021007347 0.164 11.4 97.5 364.5 409.5 80
2021007347 0.150 229.7 377.4 302.6 489.9 6
2021007347 0.145 1.0 333.4 83.6 489.9 17
2021007347 0.144 359.5 335.8 375.2 485.8 6
2021007347 0.141 334.6 343.3 374.8 496.2 14
2021007347 0.140 301.2 347.2 351.8 503.1 6
2021007347 0.139 105.0 327.2 140.4 385.9 80
2021007347 0.138 255.9 294.2 348.3 403.1 80
2021007347 0.135 27.9 474.8 108.5 505.2 80
2021007347 0.135 125.4 173.3 210.4 322.8 14
2021007347 0.131 137.6 302.6 197.1 401.2 14
2021007347 0.125 128.1 195.9 207.3 368.6 14
2021007347 0.123 111.1 239.3 154.1 302.2 80
2021007347 0.123 301.6 247.4 346.5 366.9 80
2021007347 0.123 260.5 309.0 296.5 357.7 80
2021007347 0.121 190.4 278.8 233.6 329.9 80
2021007347 0.120 44.2 248.5 100.9 323.8 80
2021007347 0.119 12.6 211.8 52.5 298.6 80
2021007347 0.698 7.0 336.8 80.6 489.1 80
2021007347 0.690 127.8 201.6 205.0 392.3 80
2021007347 0.684 128.3 202.1 158.4 267.0 80
2021007347 0.680 126.9 185.9 200.4 308.8 80
2021007347 0.668 135.3 219.0 159.2 360.9 80
2021007347 0.667 92.6 347.5 122.1 380.0 80
2021007347 0.667 90.3 358.0 115.6 387.9 80
2021007347 0.655 301.9 348.7 349.3 498.6 80
2021007347 0.651 4.6 333.6 83.5 477.1 80
2021007347 0.650 69.0 361.0 87.0 398.1 80
2021007347 0.634 125.4 173.3 210.4 322.8 80
2021007347 0.627 129.5 181.0 193.1 288.5 80
2021007347 0.623 91.3 334.1 118.3 378.7 80
2021007347 0.622 128.1 195.9 207.3 368.6 80
2021007347 0.619 295.3 393.9 349.5 492.0 80
2021007347 0.616 229.7 377.4 302.6 489.9 80
2021007347 0.610 137.6 299.6 194.8 398.6 80
2021007347 0.609 137.6 302.6 197.1 401.2 80
2021007347 0.608 299.2 355.2 347.8 457.9 80
2021007347 0.606 4.9 337.2 83.3 427.0 80
2021007347 0.606 118.9 402.1 216.6 487.0 80
2021007347 0.605 247.8 353.1 273.5 386.5 80
2021007347 0.600 136.9 406.0 180.4 477.5 80
2021007347 0.598 126.3 401.0 242.1 493.4 80
2021007347 0.595 129.1 185.1 209.3 383.9 14
2021007347 0.595 242.0 365.2 287.5 401.8 80
2021007347 0.580 243.9 376.3 311.9 437.6 6
2021007347 0.553 1.3 308.1 7.1 359.3 80
2021007347 0.540 334.6 343.3 374.8 496.2 6
2021007347 0.537 343.1 354.6 374.3 502.4 80
2021007347 0.537 301.2 347.2 351.8 503.1 14
2021007347 0.529 170.5 364.9 187.5 396.0 80
2021007347 0.518 371.3 312.8 375.0 364.5 80
2021007347 0.517 195.6 364.5 209.2 388.8 80
2021007347 0.515 344.5 308.6 377.0 440.7 80
2021007347 0.512 316.7 347.9 373.5 460.7 80
2021007347 0.510 359.5 335.8 375.2 485.8 80
2021007347 0.494 370.9 170.9 374.8 316.5 80
2021007347 0.490 370.6 125.3 375.1 167.8 80
2021007347 0.488 74.4 364.5 328.8 467.1 80
2021007347 0.488 370.3 113.2 375.0 167.2 80
2021007347 0.487 0.9 357.4 5.8 472.9 80
2021007347 0.481 9.3 304.1 374.8 456.5 80
2021007347 0.477 210.4 321.8 239.2 359.4 80
2021007347 0.467 1.7 297.7 27.1 456.8 80
2021007347 0.464 84.6 364.9 116.0 399.0 80
2021007347 0.458 216.8 347.7 233.9 375.5 80
2021007347 0.457 369.3 107.7 375.0 172.3 80
2021007347 0.444 342.4 162.1 374.1 520.2 80
2021007347 0.442 217.1 353.1 229.1 380.5 80
2021007347 0.439 244.8 356.5 275.9 382.4 80
2021007347 0.435 1.0 333.4 83.6 489.9 6
2021007347 0.427 229.2 346.1 243.2 372.9 80
2021007347 0.397 1.2 76.8 3.9 126.6 80
2021007347 0.384 148.8 204.3 198.4 298.6 80
2021007347 0.375 331.8 342.9 373.8 410.7 80
2021007347 0.354 -2.5 54.2 36.6 504.2 80
2021007347 0.351 59.9 414.4 341.6 498.0 80
2021007347 0.351 196.3 24.1 388.9 490.5 80
2021007347 0.334 331.8 342.9 373.8 410.7 6
2021007347 0.325 1.0 131.1 2.8 212.2 80
2021007347 0.316 366.9 23.9 376.1 461.8 80
2021007347 0.307 -0.2 397.2 23.7 502.5 80
2021007347 0.278 218.9 340.4 245.2 381.0 80
2021007347 0.261 0.7 54.7 5.3 369.3 80
2021007347 0.253 244.8 356.5 275.9 382.4 6
2021007347 0.250 229.2 346.1 243.2 372.9 14
2021007347 0.246 217.1 353.1 229.1 380.5 14
2021007347 0.232 210.4 321.8 239.2 359.4 14
2021007347 0.232 216.8 347.7 233.9 375.5 14
2021007347 0.218 1.0 333.4 83.6 489.9 80
2021007347 0.218 129.1 185.1 209.3 383.9 80
2021007347 0.211 334.6 343.3 374.8 496.2 80
2021007347 0.201 31.5 107.3 244.6 447.2 80
2021007347 0.199 316.7 347.9 373.5 460.7 6
2021007347 0.183 68.0 118.3 323.9 438.3 80
2021007347 0.183 170.5 364.9 187.5 396.0 14
2021007347 0.182 8.1 49.9 126.6 463.3 80
2021007347 0.176 243.9 376.3 311.9 437.6 80
2021007347 0.175 1.2 72.2 62.0 467.7 80
2021007347 0.171 60.4 334.0 198.1 396.3 80
2021007347 0.165 301.2 347.2 351.8 503.1 80
2021007347 0.164 11.4 97.5 364.5 409.5 80
2021007347 0.150 229.7 377.4 302.6 489.9 6
2021007347 0.145 1.0 333.4 83.6 489.9 17
2021007347 0.144 359.5 335.8 375.2 485.8 6
2021007347 0.141 334.6 343.3 374.8 496.2 14
2021007347 0.140 301.2 347.2 351.8 503.1 6
2021007347 0.139 105.0 327.2 140.4 385.9 80
2021007347 0.138 255.9 294.2 348.3 403.1 80
2021007347 0.135 27.9 474.8 108.5 505.2 80
2021007347 0.135 125.4 173.3 210.4 322.8 14
2021007347 0.131 137.6 302.6 197.1 401.2 14
2021007347 0.125 128.1 195.9 207.3 368.6 14
2021007347 0.123 111.1 239.3 154.1 302.2 80
2021007347 0.123 301.6 247.4 346.5 366.9 80
2021007347 0.123 260.5 309.0 296.5 357.7 80
2021007347 0.121 190.4 278.8 233.6 329.9 80
2021007347 0.120 44.2 248.5 100.9 323.8 80
2021007347 0.119 12.6 211.8 52.5 298.6 80
2021007347 0.000 274.2 138.0 369.7 347.9 80
2021007347 0.000 3.6 170.1 147.4 355.4 80
2021007347 0.000 159.5 102.9 310.9 256.1 80
2021007347 0.000 103.6 47.3 248.7 250.8 80
2021007347 0.000 205.5 188.2 375.2 338.3 80
2021007347 0.000 0.6 39.8 77.2 331.8 80
2021007347 0.000 337.9 85.0 374.9 195.1 80
2021007347 0.000 148.0 215.9 208.1 302.0 80
2021007347 0.000 0.6 172.5 77.2 475.3 80
2021007347 0.000 0.5 200.0 35.7 311.7 80
2021007347 0.000 62.3 251.8 118.1 339.7 80
2021007347 0.000 340.0 254.9 374.9 369.7 80
2021007347 0.000 340.3 170.4 374.8 282.3 80
2021007347 0.000 119.2 71.1 368.6 369.0 80
2021007347 0.000 100.1 182.7 166.4 269.0 80
2021007347 0.000 301.8 236.4 362.2 323.5 80
2021007347 0.000 1.4 268.4 36.0 380.1 80
2021007347 0.000 13.3 207.2 78.7 293.8 80
2021007347 0.000 103.5 230.1 167.4 316.1 80
2021007347 0.000 332.8 333.4 374.2 485.8 80
2021007347 0.000 19.8 142.9 228.6 350.8 80
2021007347 0.000 182.2 186.1 248.8 271.3 80
2021007347 0.000 214.8 230.6 279.9 315.8 80
2021007347 0.000 149.6 149.7 216.4 235.9 80
2021007347 0.000 239.7 3.9 379.0 248.6 80
2021007347 0.000 251.8 196.9 319.2 281.9 80
2021007347 0.000 298.6 156.7 375.3 472.3 80
2021007347 0.000 52.2 160.7 120.5 246.1 80
2021007347 0.000 260.5 271.5 321.0 357.5 80
2021007347 0.000 0.4 28.2 39.1 140.9 80
2021007347 0.000 181.5 63.4 337.0 411.1 80
2021007347 0.000 8.3 22.9 168.3 245.8 80
2021007347 0.000 100.0 187.3 279.6 316.6 80
2021007347 0.000 144.1 160.5 252.6 355.3 80
2021007347 0.000 208.1 135.6 368.6 491.0 80
2021007347 0.000 0.5 118.7 38.5 231.7 80
2021007347 0.000 177.6 201.0 296.7 451.0 80
2021007347 0.000 79.0 193.2 190.1 412.5 80
2021007347 0.000 1.4 2.6 374.5 276.2 80
2021007347 0.000 27.4 295.8 88.6 385.4 80
2021007347 0.000 224.5 138.9 294.4 223.7 80
2021007347 0.000 0.7 336.0 43.4 492.6 80
2021007347 0.000 22.2 33.5 298.9 344.9 80
2021007347 0.000 142.3 71.5 211.7 157.2 80
2021007347 0.000 118.9 167.3 248.8 462.4 80
2021007347 0.000 91.7 112.8 285.5 485.5 80
2021007347 0.000 -2.7 123.0 182.9 494.6 80
2021007347 0.000 284.1 135.0 354.1 220.6 80
2021007347 0.000 83.3 133.0 290.8 394.5 80
2021007347 0.000 113.3 104.8 380.6 498.3 80
2021007347 0.000 58.8 31.2 318.3 478.2 80
2021007347 0.000 6.2 193.7 267.3 491.0 80
2021007347 0.000 109.2 282.4 267.9 494.0 80
2021007347 0.000 55.4 65.2 206.8 408.4 80
2021007347 0.000 269.0 26.2 375.4 479.9 80
2021007347 0.000 95.1 114.2 164.6 199.4 80
2021007347 0.000 109.6 216.1 358.3 491.7 80
2021007347 0.000 -1.2 257.1 145.8 493.4 80
2021007347 0.000 6.2 329.7 246.3 497.1 80
2021007347 0.000 157.3 9.2 376.5 496.0 80
2021007347 0.000 221.4 257.5 366.2 491.0 80
2021007347 0.000 -1.9 97.8 279.1 495.3 80
2021007347 0.000 2.8 375.1 99.7 499.1 80
2021007347 0.000 -1.9 10.2 220.9 494.3 80
2021007347 0.000 42.1 106.1 344.7 433.9 80
2021007347 0.000 99.8 304.0 159.9 387.7 80
2021007347 0.000 150.3 350.1 373.1 499.9 80
2021007347 0.000 30.7 199.4 324.1 375.2 80
2021007347 0.000 270.4 335.5 370.9 494.4 80
2021007347 0.000 1.1 303.4 374.1 500.9 80
2021007347 0.000 1.0 2.1 312.9 497.1 80
2021007347 0.000 -1.3 22.1 110.8 486.5 80
2021007347 0.000 97.4 13.4 283.8 488.1 80
2021007347 0.000 60.2 2.4 373.5 495.5 80
2021007347 0.000 101.0 -2.3 348.6 159.1 80
2021007347 0.000 0.4 148.7 374.3 495.6 80
2021007347 0.000 12.6 59.4 358.2 501.6 80
2021007347 0.000 1.0 30.2 374.6 444.6 80
2021007347 0.000 2.0 121.5 374.6 375.6 80
2021007347 0.000 166.8 268.0 310.0 390.2 80
2021007347 0.000 0.8 0.3 374.8 499.0 80
2021007347 0.000 185.7 6.4 254.1 97.0 80
2021007347 0.000 156.2 335.2 235.4 426.5 80
2021007347 0.000 136.0 307.5 193.9 389.0 80
2021007347 0.000 238.1 69.8 310.2 155.8 80
2021007347 0.000 319.2 7.2 373.2 114.4 80
2021007347 0.000 243.3 301.9 305.5 381.3 80
2021007347 0.000 24.2 89.9 98.0 179.5 80
2021007347 0.000 0.8 0.3 374.8 499.0 14
2021007347 0.000 114.7 396.1 176.3 484.8 80
2021007347 0.000 0.8 0.3 374.8 499.0 7
2021007347 0.000 0.8 0.3 374.8 499.0 11
2021007347 0.000 60.2 2.4 373.5 495.5 14
2021007347 0.000 58.8 31.2 318.3 478.2 14
2021007347 0.000 157.3 9.2 376.5 496.0 14
2021007347 0.000 -2.7 123.0 182.9 494.6 14
2021007347 0.000 12.6 59.4 358.2 501.6 14
2021007347 0.000 1.0 2.1 312.9 497.1 14
2021007347 0.000 -1.9 10.2 220.9 494.3 14
2021007347 0.000 91.7 112.8 285.5 485.5 14
