2021007962 0.743 181.3 178.1 297.8 378.4 14
2021007962 0.706 58.0 147.1 276.0 373.7 80
2021007962 0.701 60.0 158.7 306.3 301.5 80
2021007962 0.687 183.7 184.0 295.3 368.8 80
2021007962 0.678 68.7 164.2 355.7 374.3 80
2021007962 0.675 199.1 182.5 393.6 333.0 80
2021007962 0.675 75.6 165.2 194.5 272.1 80
2021007962 0.674 -1.1 12.7 329.1 373.1 80
2021007962 0.670 80.0 163.7 205.0 266.6 80
2021007962 0.669 223.4 178.2 397.7 372.9 80
2021007962 0.669 157.6 178.3 387.6 367.4 80
2021007962 0.665 64.3 146.4 210.3 364.3 80
2021007962 0.665 180.9 186.0 393.7 288.6 80
2021007962 0.663 169.4 178.5 389.8 373.0 80
2021007962 0.662 16.1 17.5 421.9 374.3 80
2021007962 0.639 56.7 165.3 410.4 375.5 80
2021007962 0.637 26.4 155.2 453.9 378.0 80
2021007962 0.637 135.8 176.6 383.9 374.9 80
2021007962 0.635 470.8 342.0 499.1 376.7 80
2021007962 0.634 4.8 42.8 44.4 295.4 80
2021007962 0.593 66.0 162.8 205.2 287.6 11
2021007962 0.577 -9.7 28.3 442.9 255.8 80
2021007962 0.556 481.6 221.4 502.2 379.2 80
2021007962 0.556 83.0 31.3 484.4 367.3 80
2021007962 0.542 483.0 59.6 501.8 371.8 80
2021007962 0.513 495.9 193.2 500.7 361.7 80
2021007962 0.500 2.3 58.8 32.3 362.5 80
2021007962 0.467 -6.2 33.0 229.4 268.2 80
2021007962 0.465 188.7 211.6 297.5 303.4 80
2021007962 0.413 0.6 29.6 499.3 374.9 17
2021007962 0.408 497.1 60.2 500.1 354.5 80
2021007962 0.408 498.8 56.7 500.2 148.2 80
2021007962 0.406 482.7 12.2 502.4 382.0 80
2021007962 0.404 7.0 14.9 180.4 361.9 80
2021007962 0.392 -4.6 25.3 486.8 275.4 80
2021007962 0.328 11.1 17.8 484.1 378.2 80
2021007962 0.314 -2.5 9.4 40.2 367.0 80
2021007962 0.311 104.4 213.1 176.0 260.9 80
2021007962 0.284 57.8 201.8 382.9 370.2 80
2021007962 0.284 128.5 221.4 276.5 300.5 80
2021007962 0.254 -4.6 25.3 486.8 275.4 17
2021007962 0.248 11.1 17.8 484.1 378.2 17
2021007962 0.236 497.4 47.1 500.5 350.0 80
2021007962 0.229 480.4 50.0 500.3 375.7 80
2021007962 0.221 0.6 29.6 499.3 374.9 80
2021007962 0.219 0.2 0.0 4.6 84.6 80
2021007962 0.217 0.1 34.1 3.8 170.2 80
2021007962 0.215 -0.2 71.0 4.2 278.2 80
2021007962 0.213 -0.2 171.1 5.8 357.5 80
2021007962 0.206 66.0 162.8 205.2 287.6 80
2021007962 0.165 215.1 259.7 264.2 300.7 80
2021007962 0.158 342.0 65.6 500.4 365.4 80
2021007962 0.158 19.9 91.0 223.2 331.3 80
2021007962 0.157 -6.0 317.8 32.0 384.4 80
2021007962 0.152 252.3 268.0 312.5 306.6 80
2021007962 0.150 166.4 256.4 212.7 293.3 80
2021007962 0.147 -3.2 168.9 58.0 379.6 80
2021007962 0.146 281.7 330.1 423.8 373.7 80
2021007962 0.145 150.2 347.5 331.6 376.5 80
2021007962 0.139 28.2 233.9 269.3 373.4 80
2021007962 0.139 161.0 356.9 328.8 378.6 80
2021007962 0.138 -7.1 88.2 155.1 351.6 80
2021007962 0.138 305.6 191.2 518.6 364.4 80
2021007962 0.135 -14.4 183.1 232.1 357.3 80
2021007962 0.131 253.9 148.7 500.0 313.7 80
2021007962 0.130 19.6 150.9 96.4 243.5 80
2021007962 0.130 142.0 140.2 343.5 226.5 80
2021007962 0.127 117.9 164.8 216.5 222.7 80
2021007962 0.127 254.3 349.4 371.0 376.9 80
2021007962 0.126 394.6 342.8 489.9 373.8 80
2021007962 0.125 18.0 333.3 106.9 372.7 80
2021007962 0.125 114.1 347.6 234.2 379.0 80
2021007962 0.125 78.8 135.6 173.9 205.7 80
2021007962 0.124 50.0 354.4 161.1 378.6 80
2021007962 0.123 335.4 355.7 447.8 379.4 80
2021007962 0.121 268.7 217.8 392.0 295.1 80
2021007962 0.119 -0.5 90.6 59.6 185.5 80
2021007962 0.119 223.4 189.9 417.2 262.2 80
2021007962 0.118 11.1 17.8 484.1 378.2 8
2021007962 0.117 288.3 186.7 467.8 290.1 80
2021007962 0.116 110.9 122.2 465.9 225.7 80
2021007962 0.115 44.0 57.9 487.2 151.4 80
2021007962 0.114 344.5 159.0 522.8 315.3 80
2021007962 0.114 -3.2 88.1 183.5 182.3 80
2021007962 0.113 175.6 108.2 541.1 204.2 80
2021007962 0.111 222.4 94.2 594.9 183.7 80
2021007962 0.110 109.5 47.7 565.9 134.7 80
2021007962 0.109 -47.8 5.4 438.1 79.6 80
2021007962 0.107 163.7 16.1 625.4 77.3 80
2021007962 0.107 -1.3 2.1 492.5 51.6 80
2021007962 0.106 295.0 66.1 619.7 166.3 80
2021007962 0.103 196.6 7.3 686.4 43.8 80
2021007962 0.100 278.5 9.8 683.8 43.0 80
2021007962 0.099 73.1 -0.8 572.1 29.7 80
2021007962 0.095 -126.1 -1.6 188.6 23.0 80
2021007962 0.093 -140.1 0.7 357.8 25.5 80
2021007962 0.092 -184.5 0.4 314.5 24.5 80
2021007962 0.092 -39.6 -1.4 459.0 23.9 80
2021007962 0.091 -92.4 0.7 406.5 26.1 80
2021007962 0.091 199.1 182.5 393.6 333.0 11
2021007962 0.743 181.3 178.1 297.8 378.4 14
2021007962 0.706 58.0 147.1 276.0 373.7 80
2021007962 0.701 60.0 158.7 306.3 301.5 80
2021007962 0.687 183.7 184.0 295.3 368.8 80
2021007962 0.678 68.7 164.2 355.7 374.3 80
2021007962 0.675 199.1 182.5 393.6 333.0 80
2021007962 0.675 75.6 165.2 194.5 272.1 80
2021007962 0.674 -1.1 12.7 329.1 373.1 80
2021007962 0.670 80.0 163.7 205.0 266.6 80
2021007962 0.669 223.4 178.2 397.7 372.9 80
2021007962 0.669 157.6 178.3 387.6 367.4 80
2021007962 0.665 64.3 146.4 210.3 364.3 80
2021007962 0.665 180.9 186.0 393.7 288.6 80
2021007962 0.663 169.4 178.5 389.8 373.0 80
2021007962 0.662 16.1 17.5 421.9 374.3 80
2021007962 0.639 56.7 165.3 410.4 375.5 80
2021007962 0.637 26.4 155.2 453.9 378.0 80
2021007962 0.637 135.8 176.6 383.9 374.9 80
2021007962 0.635 470.8 342.0 499.1 376.7 80
2021007962 0.634 4.8 42.8 44.4 295.4 80
2021007962 0.593 66.0 162.8 205.2 287.6 11
2021007962 0.577 -9.7 28.3 442.9 255.8 80
2021007962 0.556 481.6 221.4 502.2 379.2 80
2021007962 0.556 83.0 31.3 484.4 367.3 80
2021007962 0.542 483.0 59.6 501.8 371.8 80
2021007962 0.513 495.9 193.2 500.7 361.7 80
2021007962 0.500 2.3 58.8 32.3 362.5 80
2021007962 0.467 -6.2 33.0 229.4 268.2 80
2021007962 0.465 188.7 211.6 297.5 303.4 80
2021007962 0.413 0.6 29.6 499.3 374.9 17
2021007962 0.408 497.1 60.2 500.1 354.5 80
2021007962 0.408 498.8 56.7 500.2 148.2 80
2021007962 0.406 482.7 12.2 502.4 382.0 80
2021007962 0.404 7.0 14.9 180.4 361.9 80
2021007962 0.392 -4.6 25.3 486.8 275.4 80
2021007962 0.328 11.1 17.8 484.1 378.2 80
2021007962 0.314 -2.5 9.4 40.2 367.0 80
2021007962 0.311 104.4 213.1 176.0 260.9 80
2021007962 0.284 57.8 201.8 382.9 370.2 80
2021007962 0.284 128.5 221.4 276.5 300.5 80
2021007962 0.254 -4.6 25.3 486.8 275.4 17
2021007962 0.248 11.1 17.8 484.1 378.2 17
2021007962 0.236 497.4 47.1 500.5 350.0 80
2021007962 0.229 480.4 50.0 500.3 375.7 80
2021007962 0.221 0.6 29.6 499.3 374.9 80
2021007962 0.219 0.2 0.0 4.6 84.6 80
2021007962 0.217 0.1 34.1 3.8 170.2 80
2021007962 0.215 -0.2 71.0 4.2 278.2 80
2021007962 0.213 -0.2 171.1 5.8 357.5 80
2021007962 0.206 66.0 162.8 205.2 287.6 80
2021007962 0.165 215.1 259.7 264.2 300.7 80
2021007962 0.158 342.0 65.6 500.4 365.4 80
2021007962 0.158 19.9 91.0 223.2 331.3 80
2021007962 0.157 -6.0 317.8 32.0 384.4 80
2021007962 0.152 252.3 268.0 312.5 306.6 80
2021007962 0.150 166.4 256.4 212.7 293.3 80
2021007962 0.147 -3.2 168.9 58.0 379.6 80
2021007962 0.146 281.7 330.1 423.8 373.7 80
2021007962 0.145 150.2 347.5 331.6 376.5 80
2021007962 0.139 28.2 233.9 269.3 373.4 80
2021007962 0.139 161.0 356.9 328.8 378.6 80
2021007962 0.138 -7.1 88.2 155.1 351.6 80
2021007962 0.138 305.6 191.2 518.6 364.4 80
2021007962 0.135 -14.4 183.1 232.1 357.3 80
2021007962 0.131 253.9 148.7 500.0 313.7 80
2021007962 0.130 19.6 150.9 96.4 243.5 80
2021007962 0.130 142.0 140.2 343.5 226.5 80
2021007962 0.127 117.9 164.8 216.5 222.7 80
2021007962 0.127 254.3 349.4 371.0 376.9 80
2021007962 0.126 394.6 342.8 489.9 373.8 80
2021007962 0.125 18.0 333.3 106.9 372.7 80
2021007962 0.125 114.1 347.6 234.2 379.0 80
2021007962 0.125 78.8 135.6 173.9 205.7 80
2021007962 0.124 50.0 354.4 161.1 378.6 80
2021007962 0.123 335.4 355.7 447.8 379.4 80
2021007962 0.121 268.7 217.8 392.0 295.1 80
2021007962 0.119 -0.5 90.6 59.6 185.5 80
2021007962 0.119 223.4 189.9 417.2 262.2 80
2021007962 0.118 11.1 17.8 484.1 378.2 8
2021007962 0.117 288.3 186.7 467.8 290.1 80
2021007962 0.116 110.9 122.2 465.9 225.7 80
2021007962 0.115 44.0 57.9 487.2 151.4 80
2021007962 0.114 344.5 159.0 522.8 315.3 80
2021007962 0.114 -3.2 88.1 183.5 182.3 80
2021007962 0.113 175.6 108.2 541.1 204.2 80
2021007962 0.111 222.4 94.2 594.9 183.7 80
2021007962 0.110 109.5 47.7 565.9 134.7 80
2021007962 0.109 -47.8 5.4 438.1 79.6 80
2021007962 0.107 163.7 16.1 625.4 77.3 80
2021007962 0.107 -1.3 2.1 492.5 51.6 80
2021007962 0.106 295.0 66.1 619.7 166.3 80
2021007962 0.103 196.6 7.3 686.4 43.8 80
2021007962 0.100 278.5 9.8 683.8 43.0 80
2021007962 0.099 73.1 -0.8 572.1 29.7 80
2021007962 0.095 -126.1 -1.6 188.6 23.0 80
2021007962 0.093 -140.1 0.7 357.8 25.5 80
2021007962 0.092 -184.5 0.4 314.5 24.5 80
2021007962 0.092 -39.6 -1.4 459.0 23.9 80
2021007962 0.091 -92.4 0.7 406.5 26.1 80
2021007962 0.091 199.1 182.5 393.6 333.0 11
2021007962 0.000 242.0 73.2 372.7 227.7 80
2021007962 0.000 0.9 43.1 103.5 247.8 80
2021007962 0.000 143.7 135.9 210.3 202.4 80
2021007962 0.000 211.4 111.8 275.3 178.0 80
2021007962 0.000 371.0 109.2 486.3 268.7 80
2021007962 0.000 255.8 137.9 317.1 204.5 80
2021007962 0.000 156.6 31.4 304.0 211.6 80
2021007962 0.000 45.5 217.8 107.4 288.9 80
2021007962 0.000 136.3 82.3 207.6 151.5 80
2021007962 0.000 81.5 117.6 146.9 186.5 80
2021007962 0.000 197.9 51.8 272.4 119.8 80
2021007962 0.000 453.6 128.4 499.6 211.2 80
2021007962 0.000 387.8 97.3 461.7 164.2 80
2021007962 0.000 348.6 145.3 411.0 211.1 80
2021007962 0.000 136.9 218.3 201.8 292.7 80
2021007962 0.000 19.5 26.1 206.5 194.8 80
2021007962 0.000 1.5 201.3 48.0 285.0 80
2021007962 0.000 297.9 170.7 359.9 236.2 80
2021007962 0.000 453.4 192.9 499.6 275.6 80
2021007962 0.000 356.3 197.7 415.7 265.7 80
2021007962 0.000 313.5 100.9 376.2 167.7 80
2021007962 0.000 323.9 8.3 496.6 191.8 80
2021007962 0.000 287.5 132.8 485.8 257.7 80
2021007962 0.000 205.6 160.1 267.3 225.4 80
2021007962 0.000 0.9 125.8 102.1 357.9 80
2021007962 0.000 33.3 127.4 166.8 276.8 80
2021007962 0.000 1.0 151.5 47.1 234.6 80
2021007962 0.000 89.9 187.8 149.8 253.9 80
2021007962 0.000 449.0 54.1 499.7 153.4 80
2021007962 0.000 117.9 161.9 233.2 316.5 80
2021007962 0.000 218.0 251.8 286.7 331.9 80
2021007962 0.000 149.3 172.2 210.8 237.6 80
2021007962 0.000 410.1 176.6 474.8 242.3 80
2021007962 0.000 27.0 155.1 94.9 220.9 80
2021007962 0.000 323.9 218.2 384.1 295.1 80
2021007962 0.000 202.7 116.7 319.1 275.9 80
2021007962 0.000 177.6 56.6 471.2 267.4 80
2021007962 0.000 252.3 124.0 366.8 347.9 80
2021007962 0.000 0.5 90.4 51.3 173.8 80
2021007962 0.000 0.7 22.0 51.8 106.0 80
2021007962 0.000 46.4 108.1 284.6 258.9 80
2021007962 0.000 101.1 50.5 245.1 317.1 80
2021007962 0.000 255.5 3.7 329.5 73.3 80
2021007962 0.000 322.9 47.5 406.2 116.3 80
2021007962 0.000 43.3 21.4 383.8 258.4 80
2021007962 0.000 0.6 249.6 58.3 369.8 80
2021007962 0.000 178.6 220.3 238.0 300.5 80
2021007962 0.000 442.7 245.1 499.6 368.5 80
2021007962 0.000 398.6 113.5 499.6 355.5 80
2021007962 0.000 10.6 10.6 491.5 199.6 80
2021007962 0.000 258.6 42.4 428.2 311.1 80
2021007962 0.000 90.0 16.9 408.1 364.6 80
2021007962 0.000 256.1 169.2 365.6 301.9 80
2021007962 0.000 -2.4 5.4 286.1 371.6 80
2021007962 0.000 8.1 89.0 229.6 370.1 80
2021007962 0.000 0.7 22.9 146.6 363.6 80
2021007962 0.000 213.1 6.1 497.0 372.7 80
2021007962 0.000 131.2 78.4 368.1 365.5 80
2021007962 0.000 156.2 201.7 351.1 369.4 80
2021007962 0.000 170.3 106.4 310.3 353.3 80
2021007962 0.000 153.4 21.0 355.4 360.9 80
2021007962 0.000 357.6 18.1 500.9 361.1 80
2021007962 0.000 68.8 68.1 447.4 321.4 80
2021007962 0.000 177.0 8.2 417.9 127.1 80
2021007962 0.000 43.6 254.9 289.5 373.6 80
2021007962 0.000 2.3 68.4 366.1 369.3 80
2021007962 0.000 5.1 279.1 130.5 374.3 80
2021007962 0.000 12.0 183.0 185.2 365.8 80
2021007962 0.000 305.3 180.1 482.3 365.0 80
2021007962 0.000 220.0 199.0 278.3 264.7 80
2021007962 0.000 24.3 146.3 338.1 364.6 80
2021007962 0.000 2.5 1.3 412.8 373.0 80
2021007962 0.000 150.8 131.3 355.6 228.6 80
2021007962 0.000 274.3 86.1 490.6 373.1 80
2021007962 0.000 3.0 228.5 496.0 374.4 80
2021007962 0.000 220.7 257.3 474.7 373.5 80
2021007962 0.000 84.5 1.1 496.2 372.9 80
2021007962 0.000 158.6 67.8 495.0 371.2 80
2021007962 0.000 157.9 150.5 463.3 364.9 80
2021007962 0.000 362.6 245.1 494.3 368.9 80
2021007962 0.000 44.4 60.6 117.3 136.8 80
2021007962 0.000 129.9 101.9 365.9 294.0 80
2021007962 0.000 22.3 43.4 477.5 366.6 80
2021007962 0.000 60.2 142.4 409.5 272.0 80
2021007962 0.000 0.4 100.8 499.0 366.5 80
2021007962 0.000 244.0 202.0 298.7 273.9 80
2021007962 0.000 12.6 94.7 489.8 271.8 80
2021007962 0.000 0.8 0.3 499.7 373.9 80
2021007962 0.000 1.3 18.3 498.9 309.8 80
2021007962 0.000 286.3 250.3 340.8 319.0 80
2021007962 0.000 424.2 6.2 498.9 85.7 80
2021007962 0.000 12.6 94.7 489.8 271.8 0
2021007962 0.000 0.8 0.3 499.7 373.9 7
2021007962 0.000 8.1 89.0 229.6 370.1 14
2021007962 0.000 258.6 42.4 428.2 311.1 14
2021007962 0.000 101.1 50.5 245.1 317.1 14
2021007962 0.000 170.3 106.4 310.3 353.3 14
2021007962 0.000 274.3 86.1 490.6 373.1 14
2021007962 0.000 153.4 21.0 355.4 360.9 14
2021007962 0.000 213.1 6.1 497.0 372.7 14
