2021000956 0.703 179.0 70.1 290.9 158.4 80
2021000956 0.702 184.5 68.4 326.6 166.0 80
2021000956 0.690 162.4 212.5 275.4 339.7 80
2021000956 0.682 143.0 197.3 441.2 377.0 80
2021000956 0.680 180.1 57.9 409.8 311.7 80
2021000956 0.678 181.9 57.4 419.0 295.0 80
2021000956 0.676 181.6 73.4 427.6 204.8 80
2021000956 0.673 212.3 58.0 427.8 125.8 80
2021000956 0.672 155.9 57.4 432.2 375.9 80
2021000956 0.671 469.0 334.0 498.5 375.1 80
2021000956 0.669 405.0 -0.5 501.4 71.1 80
2021000956 0.663 173.6 50.9 460.9 356.1 80
2021000956 0.661 131.4 226.4 470.6 376.1 80
2021000956 0.660 78.1 249.9 475.7 376.2 80
2021000956 0.659 152.3 258.6 442.8 373.4 80
2021000956 0.659 186.2 61.0 409.7 282.0 80
2021000956 0.653 119.1 66.9 476.7 378.8 80
2021000956 0.651 155.8 46.1 470.3 374.3 80
2021000956 0.645 472.0 261.3 498.5 373.4 80
2021000956 0.645 156.1 218.3 273.9 353.2 80
2021000956 0.640 63.5 44.1 484.2 376.7 80
2021000956 0.637 237.0 42.5 471.5 118.9 80
2021000956 0.631 215.0 19.3 478.9 116.8 80
2021000956 0.624 260.7 4.3 499.7 89.1 80
2021000956 0.612 350.6 352.4 455.1 373.8 80
2021000956 0.607 187.6 61.7 411.5 295.9 14
2021000956 0.601 234.5 66.5 424.2 120.4 80
2021000956 0.572 149.6 242.0 412.4 375.4 80
2021000956 0.571 159.3 337.8 240.5 374.1 80
2021000956 0.569 160.6 58.5 422.4 372.0 80
2021000956 0.554 495.9 224.1 500.1 358.2 80
2021000956 0.528 121.5 308.3 424.5 381.6 80
2021000956 0.506 496.6 160.1 500.1 284.3 80
2021000956 0.501 172.9 60.3 404.1 347.6 80
2021000956 0.460 490.2 -3.4 502.7 26.8 80
2021000956 0.443 498.6 41.5 500.1 150.1 80
2021000956 0.380 176.8 61.1 444.9 352.3 80
2021000956 0.328 216.0 130.2 274.8 178.2 80
2021000956 0.320 497.6 97.5 500.1 346.0 80
2021000956 0.312 489.8 4.1 501.8 377.2 80
2021000956 0.297 0.8 232.6 4.1 354.6 80
2021000956 0.277 499.0 39.3 500.1 247.3 80
2021000956 0.255 -0.6 342.9 21.7 377.8 80
2021000956 0.247 35.4 367.9 204.5 375.9 80
2021000956 0.224 0.6 108.0 3.0 253.4 80
2021000956 0.222 0.5 44.4 3.2 154.4 80
2021000956 0.216 0.4 2.5 4.5 80.7 80
2021000956 0.202 0.4 63.3 8.9 339.1 80
2021000956 0.199 0.8 42.1 7.2 226.2 80
2021000956 0.198 237.5 314.3 473.4 379.2 80
2021000956 0.196 380.0 343.4 513.2 376.8 80
2021000956 0.190 444.1 76.6 499.4 373.1 80
2021000956 0.189 187.6 61.7 411.5 295.9 80
2021000956 0.183 0.9 31.8 19.0 338.8 80
2021000956 0.178 127.6 207.4 417.4 356.0 80
2021000956 0.172 0.1 225.0 27.4 370.7 80
2021000956 0.156 330.8 66.6 498.5 359.0 80
2021000956 0.153 110.7 287.8 373.8 379.6 80
2021000956 0.148 62.8 348.1 215.6 373.5 80
2021000956 0.146 240.0 115.4 503.3 329.1 80
2021000956 0.145 205.8 160.5 348.8 304.0 80
2021000956 0.145 258.8 166.3 343.7 212.1 80
2021000956 0.144 16.8 267.3 169.7 368.2 80
2021000956 0.142 312.8 219.6 507.3 360.9 80
2021000956 0.142 212.9 182.9 485.9 342.9 80
2021000956 0.139 230.1 116.0 448.5 315.5 80
2021000956 0.137 13.9 348.3 97.1 373.4 80
2021000956 0.135 2.5 104.3 73.6 360.6 80
2021000956 0.133 55.1 230.7 312.9 354.2 80
2021000956 0.132 149.6 242.0 412.4 375.4 19
2021000956 0.131 156.1 218.3 273.9 353.2 19
2021000956 0.129 120.1 127.6 309.5 315.8 80
2021000956 0.129 377.6 77.0 500.1 374.4 80
2021000956 0.128 153.6 265.8 204.2 316.3 80
2021000956 0.128 212.3 232.4 284.2 311.0 80
2021000956 0.127 16.3 178.0 257.6 325.0 80
2021000956 0.125 40.7 151.3 284.9 305.3 80
2021000956 0.123 81.7 113.1 322.4 297.9 80
2021000956 0.123 17.1 140.3 189.7 304.8 80
2021000956 0.121 162.0 -1.6 616.0 84.1 80
2021000956 0.121 33.9 229.0 78.1 293.6 80
2021000956 0.115 33.5 135.0 281.3 211.7 80
2021000956 0.115 82.9 136.2 336.5 222.3 80
2021000956 0.114 -14.5 118.0 231.5 186.1 80
2021000956 0.114 53.8 146.4 184.8 275.0 80
2021000956 0.112 -42.7 88.7 163.8 150.1 80
2021000956 0.111 -74.0 25.7 145.5 69.7 80
2021000956 0.111 160.6 58.5 422.4 372.0 14
2021000956 0.110 184.3 118.1 495.7 232.5 80
2021000956 0.109 -9.7 43.5 382.4 107.7 80
2021000956 0.108 84.9 229.3 163.9 288.6 80
2021000956 0.106 -104.9 8.8 382.0 45.2 80
2021000956 0.105 -155.4 8.4 339.4 37.9 80
2021000956 0.103 166.2 54.4 636.3 169.8 80
2021000956 0.101 -43.8 -1.4 455.2 35.6 80
2021000956 0.099 232.0 34.3 676.4 138.9 80
2021000956 0.098 231.2 3.0 717.0 48.6 80
2021000956 0.094 -172.5 -2.9 235.6 22.2 80
2021000956 0.093 -185.7 1.4 312.9 24.6 80
2021000956 0.093 -139.2 -0.6 359.7 22.7 80
2021000956 0.703 179.0 70.1 290.9 158.4 80
2021000956 0.702 184.5 68.4 326.6 166.0 80
2021000956 0.690 162.4 212.5 275.4 339.7 80
2021000956 0.682 143.0 197.3 441.2 377.0 80
2021000956 0.680 180.1 57.9 409.8 311.7 80
2021000956 0.678 181.9 57.4 419.0 295.0 80
2021000956 0.676 181.6 73.4 427.6 204.8 80
2021000956 0.673 212.3 58.0 427.8 125.8 80
2021000956 0.672 155.9 57.4 432.2 375.9 80
2021000956 0.671 469.0 334.0 498.5 375.1 80
2021000956 0.669 405.0 -0.5 501.4 71.1 80
2021000956 0.663 173.6 50.9 460.9 356.1 80
2021000956 0.661 131.4 226.4 470.6 376.1 80
2021000956 0.660 78.1 249.9 475.7 376.2 80
2021000956 0.659 152.3 258.6 442.8 373.4 80
2021000956 0.659 186.2 61.0 409.7 282.0 80
2021000956 0.653 119.1 66.9 476.7 378.8 80
2021000956 0.651 155.8 46.1 470.3 374.3 80
2021000956 0.645 472.0 261.3 498.5 373.4 80
2021000956 0.645 156.1 218.3 273.9 353.2 80
2021000956 0.640 63.5 44.1 484.2 376.7 80
2021000956 0.637 237.0 42.5 471.5 118.9 80
2021000956 0.631 215.0 19.3 478.9 116.8 80
2021000956 0.624 260.7 4.3 499.7 89.1 80
2021000956 0.612 350.6 352.4 455.1 373.8 80
2021000956 0.607 187.6 61.7 411.5 295.9 14
2021000956 0.601 234.5 66.5 424.2 120.4 80
2021000956 0.572 149.6 242.0 412.4 375.4 80
2021000956 0.571 159.3 337.8 240.5 374.1 80
2021000956 0.569 160.6 58.5 422.4 372.0 80
2021000956 0.554 495.9 224.1 500.1 358.2 80
2021000956 0.528 121.5 308.3 424.5 381.6 80
2021000956 0.506 496.6 160.1 500.1 284.3 80
2021000956 0.501 172.9 60.3 404.1 347.6 80
2021000956 0.460 490.2 -3.4 502.7 26.8 80
2021000956 0.443 498.6 41.5 500.1 150.1 80
2021000956 0.380 176.8 61.1 444.9 352.3 80
2021000956 0.328 216.0 130.2 274.8 178.2 80
2021000956 0.320 497.6 97.5 500.1 346.0 80
2021000956 0.312 489.8 4.1 501.8 377.2 80
2021000956 0.297 0.8 232.6 4.1 354.6 80
2021000956 0.277 499.0 39.3 500.1 247.3 80
2021000956 0.255 -0.6 342.9 21.7 377.8 80
2021000956 0.247 35.4 367.9 204.5 375.9 80
2021000956 0.224 0.6 108.0 3.0 253.4 80
2021000956 0.222 0.5 44.4 3.2 154.4 80
2021000956 0.216 0.4 2.5 4.5 80.7 80
2021000956 0.202 0.4 63.3 8.9 339.1 80
2021000956 0.199 0.8 42.1 7.2 226.2 80
2021000956 0.198 237.5 314.3 473.4 379.2 80
2021000956 0.196 380.0 343.4 513.2 376.8 80
2021000956 0.190 444.1 76.6 499.4 373.1 80
2021000956 0.189 187.6 61.7 411.5 295.9 80
2021000956 0.183 0.9 31.8 19.0 338.8 80
2021000956 0.178 127.6 207.4 417.4 356.0 80
2021000956 0.172 0.1 225.0 27.4 370.7 80
2021000956 0.156 330.8 66.6 498.5 359.0 80
2021000956 0.153 110.7 287.8 373.8 379.6 80
2021000956 0.148 62.8 348.1 215.6 373.5 80
2021000956 0.146 240.0 115.4 503.3 329.1 80
2021000956 0.145 205.8 160.5 348.8 304.0 80
2021000956 0.145 258.8 166.3 343.7 212.1 80
2021000956 0.144 16.8 267.3 169.7 368.2 80
2021000956 0.142 312.8 219.6 507.3 360.9 80
2021000956 0.142 212.9 182.9 485.9 342.9 80
2021000956 0.139 230.1 116.0 448.5 315.5 80
2021000956 0.137 13.9 348.3 97.1 373.4 80
2021000956 0.135 2.5 104.3 73.6 360.6 80
2021000956 0.133 55.1 230.7 312.9 354.2 80
2021000956 0.132 149.6 242.0 412.4 375.4 19
2021000956 0.131 156.1 218.3 273.9 353.2 19
2021000956 0.129 120.1 127.6 309.5 315.8 80
2021000956 0.129 377.6 77.0 500.1 374.4 80
2021000956 0.128 153.6 265.8 204.2 316.3 80
2021000956 0.128 212.3 232.4 284.2 311.0 80
2021000956 0.127 16.3 178.0 257.6 325.0 80
2021000956 0.125 40.7 151.3 284.9 305.3 80
2021000956 0.123 81.7 113.1 322.4 297.9 80
2021000956 0.123 17.1 140.3 189.7 304.8 80
2021000956 0.121 162.0 -1.6 616.0 84.1 80
2021000956 0.121 33.9 229.0 78.1 293.6 80
2021000956 0.115 33.5 135.0 281.3 211.7 80
2021000956 0.115 82.9 136.2 336.5 222.3 80
2021000956 0.114 -14.5 118.0 231.5 186.1 80
2021000956 0.114 53.8 146.4 184.8 275.0 80
2021000956 0.112 -42.7 88.7 163.8 150.1 80
2021000956 0.111 -74.0 25.7 145.5 69.7 80
2021000956 0.111 160.6 58.5 422.4 372.0 14
2021000956 0.110 184.3 118.1 495.7 232.5 80
2021000956 0.109 -9.7 43.5 382.4 107.7 80
2021000956 0.108 84.9 229.3 163.9 288.6 80
2021000956 0.106 -104.9 8.8 382.0 45.2 80
2021000956 0.105 -155.4 8.4 339.4 37.9 80
2021000956 0.103 166.2 54.4 636.3 169.8 80
2021000956 0.101 -43.8 -1.4 455.2 35.6 80
2021000956 0.099 232.0 34.3 676.4 138.9 80
2021000956 0.098 231.2 3.0 717.0 48.6 80
2021000956 0.094 -172.5 -2.9 235.6 22.2 80
2021000956 0.093 -185.7 1.4 312.9 24.6 80
2021000956 0.093 -139.2 -0.6 359.7 22.7 80
2021000956 0.000 242.0 73.2 372.7 227.7 80
2021000956 0.000 0.9 43.1 103.5 247.8 80
2021000956 0.000 143.7 135.9 210.3 202.4 80
2021000956 0.000 211.4 111.8 275.3 178.0 80
2021000956 0.000 371.0 109.2 486.3 268.7 80
2021000956 0.000 255.8 137.9 317.1 204.5 80
2021000956 0.000 156.6 31.4 304.0 211.6 80
2021000956 0.000 45.5 217.8 107.4 288.9 80
2021000956 0.000 136.3 82.3 207.6 151.5 80
2021000956 0.000 81.5 117.6 146.9 186.5 80
2021000956 0.000 197.9 51.8 272.4 119.8 80
2021000956 0.000 453.6 128.4 499.6 211.2 80
2021000956 0.000 387.8 97.3 461.7 164.2 80
2021000956 0.000 348.6 145.3 411.0 211.1 80
2021000956 0.000 136.9 218.3 201.8 292.7 80
2021000956 0.000 19.5 26.1 206.5 194.8 80
2021000956 0.000 1.5 201.3 48.0 285.0 80
2021000956 0.000 297.9 170.7 359.9 236.2 80
2021000956 0.000 453.4 192.9 499.6 275.6 80
2021000956 0.000 356.3 197.7 415.7 265.7 80
2021000956 0.000 313.5 100.9 376.2 167.7 80
2021000956 0.000 323.9 8.3 496.6 191.8 80
2021000956 0.000 287.5 132.8 485.8 257.7 80
2021000956 0.000 205.6 160.1 267.3 225.4 80
2021000956 0.000 0.9 125.8 102.1 357.9 80
2021000956 0.000 33.3 127.4 166.8 276.8 80
2021000956 0.000 1.0 151.5 47.1 234.6 80
2021000956 0.000 89.9 187.8 149.8 253.9 80
2021000956 0.000 449.0 54.1 499.7 153.4 80
2021000956 0.000 117.9 161.9 233.2 316.5 80
2021000956 0.000 218.0 251.8 286.7 331.9 80
2021000956 0.000 149.3 172.2 210.8 237.6 80
2021000956 0.000 410.1 176.6 474.8 242.3 80
2021000956 0.000 27.0 155.1 94.9 220.9 80
2021000956 0.000 323.9 218.2 384.1 295.1 80
2021000956 0.000 202.7 116.7 319.1 275.9 80
2021000956 0.000 177.6 56.6 471.2 267.4 80
2021000956 0.000 252.3 124.0 366.8 347.9 80
2021000956 0.000 0.5 90.4 51.3 173.8 80
2021000956 0.000 0.7 22.0 51.8 106.0 80
2021000956 0.000 46.4 108.1 284.6 258.9 80
2021000956 0.000 101.1 50.5 245.1 317.1 80
2021000956 0.000 255.5 3.7 329.5 73.3 80
2021000956 0.000 322.9 47.5 406.2 116.3 80
2021000956 0.000 43.3 21.4 383.8 258.4 80
2021000956 0.000 0.6 249.6 58.3 369.8 80
2021000956 0.000 178.6 220.3 238.0 300.5 80
2021000956 0.000 442.7 245.1 499.6 368.5 80
2021000956 0.000 398.6 113.5 499.6 355.5 80
2021000956 0.000 10.6 10.6 491.5 199.6 80
2021000956 0.000 258.6 42.4 428.2 311.1 80
2021000956 0.000 90.0 16.9 408.1 364.6 80
2021000956 0.000 256.1 169.2 365.6 301.9 80
2021000956 0.000 -2.4 5.4 286.1 371.6 80
2021000956 0.000 8.1 89.0 229.6 370.1 80
2021000956 0.000 0.7 22.9 146.6 363.6 80
2021000956 0.000 213.1 6.1 497.0 372.7 80
2021000956 0.000 131.2 78.4 368.1 365.5 80
2021000956 0.000 156.2 201.7 351.1 369.4 80
2021000956 0.000 170.3 106.4 310.3 353.3 80
2021000956 0.000 153.4 21.0 355.4 360.9 80
2021000956 0.000 357.6 18.1 500.9 361.1 80
2021000956 0.000 68.8 68.1 447.4 321.4 80
2021000956 0.000 177.0 8.2 417.9 127.1 80
2021000956 0.000 43.6 254.9 289.5 373.6 80
2021000956 0.000 2.3 68.4 366.1 369.3 80
2021000956 0.000 5.1 279.1 130.5 374.3 80
2021000956 0.000 12.0 183.0 185.2 365.8 80
2021000956 0.000 305.3 180.1 482.3 365.0 80
2021000956 0.000 220.0 199.0 278.3 264.7 80
2021000956 0.000 24.3 146.3 338.1 364.6 80
2021000956 0.000 2.5 1.3 412.8 373.0 80
2021000956 0.000 150.8 131.3 355.6 228.6 80
2021000956 0.000 274.3 86.1 490.6 373.1 80
2021000956 0.000 3.0 228.5 496.0 374.4 80
2021000956 0.000 220.7 257.3 474.7 373.5 80
2021000956 0.000 84.5 1.1 496.2 372.9 80
2021000956 0.000 158.6 67.8 495.0 371.2 80
2021000956 0.000 157.9 150.5 463.3 364.9 80
2021000956 0.000 362.6 245.1 494.3 368.9 80
2021000956 0.000 44.4 60.6 117.3 136.8 80
2021000956 0.000 129.9 101.9 365.9 294.0 80
2021000956 0.000 22.3 43.4 477.5 366.6 80
2021000956 0.000 60.2 142.4 409.5 272.0 80
2021000956 0.000 0.4 100.8 499.0 366.5 80
2021000956 0.000 244.0 202.0 298.7 273.9 80
2021000956 0.000 12.6 94.7 489.8 271.8 80
2021000956 0.000 0.8 0.3 499.7 373.9 80
2021000956 0.000 1.3 18.3 498.9 309.8 80
2021000956 0.000 286.3 250.3 340.8 319.0 80
2021000956 0.000 424.2 6.2 498.9 85.7 80
2021000956 0.000 12.6 94.7 489.8 271.8 0
2021000956 0.000 0.8 0.3 499.7 373.9 7
2021000956 0.000 8.1 89.0 229.6 370.1 14
2021000956 0.000 258.6 42.4 428.2 311.1 14
2021000956 0.000 101.1 50.5 245.1 317.1 14
2021000956 0.000 170.3 106.4 310.3 353.3 14
2021000956 0.000 274.3 86.1 490.6 373.1 14
2021000956 0.000 153.4 21.0 355.4 360.9 14
2021000956 0.000 213.1 6.1 497.0 372.7 14
