2021000000529939 0.796 600.2 420.1 640.1 474.6 80
2021000000529939 0.769 64.0 127.8 281.6 388.6 80
2021000000529939 0.769 74.8 140.0 282.5 394.9 80
2021000000529939 0.764 465.4 152.4 540.9 271.4 80
2021000000529939 0.761 457.8 179.7 542.6 395.9 80
2021000000529939 0.760 337.8 91.4 411.0 227.1 80
2021000000529939 0.757 -0.0 275.9 33.7 359.1 80
2021000000529939 0.756 9.8 39.9 631.1 429.0 80
2021000000529939 0.753 445.2 180.7 517.2 392.1 80
2021000000529939 0.751 3.5 127.4 32.1 155.6 80
2021000000529939 0.748 342.7 116.1 419.9 318.5 80
2021000000529939 0.747 344.6 161.8 361.1 228.5 80
2021000000529939 0.739 456.3 145.4 544.2 393.5 18
2021000000529939 0.739 461.1 150.8 542.4 391.8 80
2021000000529939 0.737 525.2 138.6 554.9 218.5 80
2021000000529939 0.732 638.7 258.3 640.0 396.0 80
2021000000529939 0.725 0.8 135.4 4.8 264.8 80
2021000000529939 0.682 139.5 125.7 153.4 141.6 80
2021000000529939 0.321 383.4 186.7 558.3 332.6 80
2021000000529939 0.220 422.5 174.1 539.3 263.0 80
