2021009040 0.761 183.7 143.8 267.1 349.2 14
2021009040 0.734 81.9 150.0 206.5 360.9 80
2021009040 0.718 155.1 151.9 260.7 348.9 80
2021009040 0.706 69.5 153.8 171.6 362.6 80
2021009040 0.683 237.4 130.0 316.8 335.1 80
2021009040 0.681 463.8 346.8 497.8 374.2 80
2021009040 0.681 240.4 129.6 315.4 334.9 80
2021009040 0.679 145.7 145.9 210.2 352.6 80
2021009040 0.669 197.7 149.7 270.5 342.5 80
2021009040 0.663 151.9 153.1 205.3 352.5 80
2021009040 0.660 491.4 40.1 500.5 164.7 80
2021009040 0.660 154.1 153.7 213.9 346.4 80
2021009040 0.656 185.6 151.7 260.0 322.0 80
2021009040 0.644 366.1 14.4 477.8 256.3 80
2021009040 0.631 229.0 129.1 312.2 342.5 80
2021009040 0.599 191.5 56.7 215.0 143.0 80
2021009040 0.588 72.8 152.2 182.7 353.7 80
2021009040 0.586 58.9 133.0 405.3 355.5 80
2021009040 0.579 174.9 138.7 272.8 352.0 80
2021009040 0.571 383.0 -1.1 437.3 16.7 80
2021009040 0.534 495.4 92.3 500.1 240.7 80
2021009040 0.518 66.4 152.1 181.8 365.6 80
2021009040 0.491 353.6 361.8 475.7 375.4 80
2021009040 0.463 74.8 131.8 273.9 344.4 80
2021009040 0.461 497.1 169.4 500.3 333.2 80
2021009040 0.442 1.4 266.2 6.2 359.8 80
2021009040 0.383 366.2 11.3 468.5 247.8 80
2021009040 0.363 495.9 10.8 500.9 204.5 80
2021009040 0.346 366.2 11.3 468.5 247.8 4
2021009040 0.279 -0.4 342.1 19.0 376.8 80
2021009040 0.254 167.9 148.3 292.3 317.0 80
2021009040 0.254 496.5 40.5 500.7 336.8 80
2021009040 0.220 0.6 112.9 3.0 254.2 80
2021009040 0.219 0.5 46.7 3.4 157.5 80
2021009040 0.216 0.2 0.9 5.2 78.1 80
2021009040 0.198 1.0 50.9 7.7 230.7 80
2021009040 0.197 0.6 69.7 9.7 339.3 80
2021009040 0.186 215.4 229.8 257.4 286.0 80
2021009040 0.180 460.2 59.1 500.5 375.8 80
2021009040 0.168 33.7 155.0 189.4 356.7 80
2021009040 0.166 1.0 41.5 26.5 337.7 80
2021009040 0.162 -1.4 195.6 36.4 381.9 80
2021009040 0.160 163.5 363.0 345.2 377.7 80
2021009040 0.158 464.7 300.9 510.2 368.6 80
2021009040 0.151 362.7 71.0 494.0 349.4 80
2021009040 0.148 55.3 248.9 217.9 382.9 80
2021009040 0.148 340.6 190.9 500.4 371.3 80
2021009040 0.147 135.9 265.3 286.8 380.6 80
2021009040 0.145 183.1 251.3 221.0 298.5 80
2021009040 0.145 266.3 172.5 303.2 207.2 80
2021009040 0.144 197.7 -0.5 696.1 12.1 80
2021009040 0.142 400.1 353.4 498.2 373.9 80
2021009040 0.142 48.5 361.9 154.3 377.4 80
2021009040 0.141 203.6 322.4 330.3 374.2 80
2021009040 0.141 167.2 357.4 320.6 375.4 80
2021009040 0.140 304.6 339.5 427.7 372.5 80
2021009040 0.139 328.3 77.1 488.4 233.5 80
2021009040 0.139 309.2 116.8 481.3 335.6 80
2021009040 0.137 125.4 212.3 384.5 358.0 80
2021009040 0.137 342.8 84.8 514.1 229.2 80
2021009040 0.135 -1.9 124.8 128.6 349.3 80
2021009040 0.135 127.0 247.0 169.0 286.7 80
2021009040 0.135 116.6 357.3 223.4 377.5 80
2021009040 0.133 262.0 357.2 386.1 376.0 80
2021009040 0.133 17.0 341.3 100.7 373.8 80
2021009040 0.132 190.4 193.2 438.2 345.8 80
2021009040 0.132 232.8 187.3 476.6 339.6 80
2021009040 0.132 55.2 85.6 178.0 307.1 80
2021009040 0.130 275.0 220.0 316.6 264.6 80
2021009040 0.126 126.0 125.6 374.4 260.7 80
2021009040 0.125 337.6 241.2 396.9 290.5 80
2021009040 0.124 222.9 155.6 438.5 290.9 80
2021009040 0.124 297.0 217.0 349.4 262.9 80
2021009040 0.122 81.2 217.8 129.8 264.6 80
2021009040 0.122 240.4 182.1 293.9 234.5 80
2021009040 0.122 369.7 110.4 484.3 233.6 80
2021009040 0.119 455.9 89.7 515.8 257.8 80
2021009040 0.118 384.2 116.7 464.2 230.3 80
2021009040 0.117 229.0 129.1 312.2 342.5 14
2021009040 0.117 248.6 156.1 429.1 256.2 80
2021009040 0.113 81.0 106.0 263.3 175.6 80
2021009040 0.112 173.2 136.6 346.7 220.0 80
2021009040 0.112 -38.0 108.9 163.3 176.3 80
2021009040 0.112 51.0 207.8 123.8 290.0 80
2021009040 0.111 387.1 59.8 549.9 169.6 80
2021009040 0.110 -104.6 22.4 183.9 65.6 80
2021009040 0.109 -71.0 13.6 355.0 62.5 80
2021009040 0.108 281.9 27.0 549.9 136.5 80
2021009040 0.106 3.9 0.9 495.6 37.4 80
2021009040 0.105 -153.5 8.3 337.3 38.4 80
2021009040 0.104 153.2 14.7 598.3 65.0 80
2021009040 0.101 17.8 -1.3 516.8 15.6 80
2021009040 0.097 -43.0 -1.3 455.9 29.4 80
2021009040 0.094 -192.9 -2.8 256.9 20.8 80
2021009040 0.094 366.2 11.3 468.5 247.8 15
2021009040 0.094 -184.9 0.0 313.9 22.9 80
2021009040 0.094 80.7 -1.6 579.7 18.9 80
2021009040 0.094 -35.1 -2.8 463.9 17.4 80
2021009040 0.092 -92.7 0.8 406.3 25.0 80
2021009040 0.092 73.1 0.4 572.1 26.2 80
2021009040 0.761 183.7 143.8 267.1 349.2 14
2021009040 0.734 81.9 150.0 206.5 360.9 80
2021009040 0.718 155.1 151.9 260.7 348.9 80
2021009040 0.706 69.5 153.8 171.6 362.6 80
2021009040 0.683 237.4 130.0 316.8 335.1 80
2021009040 0.681 463.8 346.8 497.8 374.2 80
2021009040 0.681 240.4 129.6 315.4 334.9 80
2021009040 0.679 145.7 145.9 210.2 352.6 80
2021009040 0.669 197.7 149.7 270.5 342.5 80
2021009040 0.663 151.9 153.1 205.3 352.5 80
2021009040 0.660 491.4 40.1 500.5 164.7 80
2021009040 0.660 154.1 153.7 213.9 346.4 80
2021009040 0.656 185.6 151.7 260.0 322.0 80
2021009040 0.644 366.1 14.4 477.8 256.3 80
2021009040 0.631 229.0 129.1 312.2 342.5 80
2021009040 0.599 191.5 56.7 215.0 143.0 80
2021009040 0.588 72.8 152.2 182.7 353.7 80
2021009040 0.586 58.9 133.0 405.3 355.5 80
2021009040 0.579 174.9 138.7 272.8 352.0 80
2021009040 0.571 383.0 -1.1 437.3 16.7 80
2021009040 0.534 495.4 92.3 500.1 240.7 80
2021009040 0.518 66.4 152.1 181.8 365.6 80
2021009040 0.491 353.6 361.8 475.7 375.4 80
2021009040 0.463 74.8 131.8 273.9 344.4 80
2021009040 0.461 497.1 169.4 500.3 333.2 80
2021009040 0.442 1.4 266.2 6.2 359.8 80
2021009040 0.383 366.2 11.3 468.5 247.8 80
2021009040 0.363 495.9 10.8 500.9 204.5 80
2021009040 0.346 366.2 11.3 468.5 247.8 4
2021009040 0.279 -0.4 342.1 19.0 376.8 80
2021009040 0.254 167.9 148.3 292.3 317.0 80
2021009040 0.254 496.5 40.5 500.7 336.8 80
2021009040 0.220 0.6 112.9 3.0 254.2 80
2021009040 0.219 0.5 46.7 3.4 157.5 80
2021009040 0.216 0.2 0.9 5.2 78.1 80
2021009040 0.198 1.0 50.9 7.7 230.7 80
2021009040 0.197 0.6 69.7 9.7 339.3 80
2021009040 0.186 215.4 229.8 257.4 286.0 80
2021009040 0.180 460.2 59.1 500.5 375.8 80
2021009040 0.168 33.7 155.0 189.4 356.7 80
2021009040 0.166 1.0 41.5 26.5 337.7 80
2021009040 0.162 -1.4 195.6 36.4 381.9 80
2021009040 0.160 163.5 363.0 345.2 377.7 80
2021009040 0.158 464.7 300.9 510.2 368.6 80
2021009040 0.151 362.7 71.0 494.0 349.4 80
2021009040 0.148 55.3 248.9 217.9 382.9 80
2021009040 0.148 340.6 190.9 500.4 371.3 80
2021009040 0.147 135.9 265.3 286.8 380.6 80
2021009040 0.145 183.1 251.3 221.0 298.5 80
2021009040 0.145 266.3 172.5 303.2 207.2 80
2021009040 0.144 197.7 -0.5 696.1 12.1 80
2021009040 0.142 400.1 353.4 498.2 373.9 80
2021009040 0.142 48.5 361.9 154.3 377.4 80
2021009040 0.141 203.6 322.4 330.3 374.2 80
2021009040 0.141 167.2 357.4 320.6 375.4 80
2021009040 0.140 304.6 339.5 427.7 372.5 80
2021009040 0.139 328.3 77.1 488.4 233.5 80
2021009040 0.139 309.2 116.8 481.3 335.6 80
2021009040 0.137 125.4 212.3 384.5 358.0 80
2021009040 0.137 342.8 84.8 514.1 229.2 80
2021009040 0.135 -1.9 124.8 128.6 349.3 80
2021009040 0.135 127.0 247.0 169.0 286.7 80
2021009040 0.135 116.6 357.3 223.4 377.5 80
2021009040 0.133 262.0 357.2 386.1 376.0 80
2021009040 0.133 17.0 341.3 100.7 373.8 80
2021009040 0.132 190.4 193.2 438.2 345.8 80
2021009040 0.132 232.8 187.3 476.6 339.6 80
2021009040 0.132 55.2 85.6 178.0 307.1 80
2021009040 0.130 275.0 220.0 316.6 264.6 80
2021009040 0.126 126.0 125.6 374.4 260.7 80
2021009040 0.125 337.6 241.2 396.9 290.5 80
2021009040 0.124 222.9 155.6 438.5 290.9 80
2021009040 0.124 297.0 217.0 349.4 262.9 80
2021009040 0.122 81.2 217.8 129.8 264.6 80
2021009040 0.122 240.4 182.1 293.9 234.5 80
2021009040 0.122 369.7 110.4 484.3 233.6 80
2021009040 0.119 455.9 89.7 515.8 257.8 80
2021009040 0.118 384.2 116.7 464.2 230.3 80
2021009040 0.117 229.0 129.1 312.2 342.5 14
2021009040 0.117 248.6 156.1 429.1 256.2 80
2021009040 0.113 81.0 106.0 263.3 175.6 80
2021009040 0.112 173.2 136.6 346.7 220.0 80
2021009040 0.112 -38.0 108.9 163.3 176.3 80
2021009040 0.112 51.0 207.8 123.8 290.0 80
2021009040 0.111 387.1 59.8 549.9 169.6 80
2021009040 0.110 -104.6 22.4 183.9 65.6 80
2021009040 0.109 -71.0 13.6 355.0 62.5 80
2021009040 0.108 281.9 27.0 549.9 136.5 80
2021009040 0.106 3.9 0.9 495.6 37.4 80
2021009040 0.105 -153.5 8.3 337.3 38.4 80
2021009040 0.104 153.2 14.7 598.3 65.0 80
2021009040 0.101 17.8 -1.3 516.8 15.6 80
2021009040 0.097 -43.0 -1.3 455.9 29.4 80
2021009040 0.094 -192.9 -2.8 256.9 20.8 80
2021009040 0.094 366.2 11.3 468.5 247.8 15
2021009040 0.094 -184.9 0.0 313.9 22.9 80
2021009040 0.094 80.7 -1.6 579.7 18.9 80
2021009040 0.094 -35.1 -2.8 463.9 17.4 80
2021009040 0.092 -92.7 0.8 406.3 25.0 80
2021009040 0.092 73.1 0.4 572.1 26.2 80
2021009040 0.000 242.0 73.2 372.7 227.7 80
2021009040 0.000 0.9 43.1 103.5 247.8 80
2021009040 0.000 143.7 135.9 210.3 202.4 80
2021009040 0.000 211.4 111.8 275.3 178.0 80
2021009040 0.000 371.0 109.2 486.3 268.7 80
2021009040 0.000 255.8 137.9 317.1 204.5 80
2021009040 0.000 156.6 31.4 304.0 211.6 80
2021009040 0.000 45.5 217.8 107.4 288.9 80
2021009040 0.000 136.3 82.3 207.6 151.5 80
2021009040 0.000 81.5 117.6 146.9 186.5 80
2021009040 0.000 197.9 51.8 272.4 119.8 80
2021009040 0.000 453.6 128.4 499.6 211.2 80
2021009040 0.000 387.8 97.3 461.7 164.2 80
2021009040 0.000 348.6 145.3 411.0 211.1 80
2021009040 0.000 136.9 218.3 201.8 292.7 80
2021009040 0.000 19.5 26.1 206.5 194.8 80
2021009040 0.000 1.5 201.3 48.0 285.0 80
2021009040 0.000 297.9 170.7 359.9 236.2 80
2021009040 0.000 453.4 192.9 499.6 275.6 80
2021009040 0.000 356.3 197.7 415.7 265.7 80
2021009040 0.000 313.5 100.9 376.2 167.7 80
2021009040 0.000 323.9 8.3 496.6 191.8 80
2021009040 0.000 287.5 132.8 485.8 257.7 80
2021009040 0.000 205.6 160.1 267.3 225.4 80
2021009040 0.000 0.9 125.8 102.1 357.9 80
2021009040 0.000 33.3 127.4 166.8 276.8 80
2021009040 0.000 1.0 151.5 47.1 234.6 80
2021009040 0.000 89.9 187.8 149.8 253.9 80
2021009040 0.000 449.0 54.1 499.7 153.4 80
2021009040 0.000 117.9 161.9 233.2 316.5 80
2021009040 0.000 218.0 251.8 286.7 331.9 80
2021009040 0.000 149.3 172.2 210.8 237.6 80
2021009040 0.000 410.1 176.6 474.8 242.3 80
2021009040 0.000 27.0 155.1 94.9 220.9 80
2021009040 0.000 323.9 218.2 384.1 295.1 80
2021009040 0.000 202.7 116.7 319.1 275.9 80
2021009040 0.000 177.6 56.6 471.2 267.4 80
2021009040 0.000 252.3 124.0 366.8 347.9 80
2021009040 0.000 0.5 90.4 51.3 173.8 80
2021009040 0.000 0.7 22.0 51.8 106.0 80
2021009040 0.000 46.4 108.1 284.6 258.9 80
2021009040 0.000 101.1 50.5 245.1 317.1 80
2021009040 0.000 255.5 3.7 329.5 73.3 80
2021009040 0.000 322.9 47.5 406.2 116.3 80
2021009040 0.000 43.3 21.4 383.8 258.4 80
2021009040 0.000 0.6 249.6 58.3 369.8 80
2021009040 0.000 178.6 220.3 238.0 300.5 80
2021009040 0.000 442.7 245.1 499.6 368.5 80
2021009040 0.000 398.6 113.5 499.6 355.5 80
2021009040 0.000 10.6 10.6 491.5 199.6 80
2021009040 0.000 258.6 42.4 428.2 311.1 80
2021009040 0.000 90.0 16.9 408.1 364.6 80
2021009040 0.000 256.1 169.2 365.6 301.9 80
2021009040 0.000 -2.4 5.4 286.1 371.6 80
2021009040 0.000 8.1 89.0 229.6 370.1 80
2021009040 0.000 0.7 22.9 146.6 363.6 80
2021009040 0.000 213.1 6.1 497.0 372.7 80
2021009040 0.000 131.2 78.4 368.1 365.5 80
2021009040 0.000 156.2 201.7 351.1 369.4 80
2021009040 0.000 170.3 106.4 310.3 353.3 80
2021009040 0.000 153.4 21.0 355.4 360.9 80
2021009040 0.000 357.6 18.1 500.9 361.1 80
2021009040 0.000 68.8 68.1 447.4 321.4 80
2021009040 0.000 177.0 8.2 417.9 127.1 80
2021009040 0.000 43.6 254.9 289.5 373.6 80
2021009040 0.000 2.3 68.4 366.1 369.3 80
2021009040 0.000 5.1 279.1 130.5 374.3 80
2021009040 0.000 12.0 183.0 185.2 365.8 80
2021009040 0.000 305.3 180.1 482.3 365.0 80
2021009040 0.000 220.0 199.0 278.3 264.7 80
2021009040 0.000 24.3 146.3 338.1 364.6 80
2021009040 0.000 2.5 1.3 412.8 373.0 80
2021009040 0.000 150.8 131.3 355.6 228.6 80
2021009040 0.000 274.3 86.1 490.6 373.1 80
2021009040 0.000 3.0 228.5 496.0 374.4 80
2021009040 0.000 220.7 257.3 474.7 373.5 80
2021009040 0.000 84.5 1.1 496.2 372.9 80
2021009040 0.000 158.6 67.8 495.0 371.2 80
2021009040 0.000 157.9 150.5 463.3 364.9 80
2021009040 0.000 362.6 245.1 494.3 368.9 80
2021009040 0.000 44.4 60.6 117.3 136.8 80
2021009040 0.000 129.9 101.9 365.9 294.0 80
2021009040 0.000 22.3 43.4 477.5 366.6 80
2021009040 0.000 60.2 142.4 409.5 272.0 80
2021009040 0.000 0.4 100.8 499.0 366.5 80
2021009040 0.000 244.0 202.0 298.7 273.9 80
2021009040 0.000 12.6 94.7 489.8 271.8 80
2021009040 0.000 0.8 0.3 499.7 373.9 80
2021009040 0.000 1.3 18.3 498.9 309.8 80
2021009040 0.000 286.3 250.3 340.8 319.0 80
2021009040 0.000 424.2 6.2 498.9 85.7 80
2021009040 0.000 12.6 94.7 489.8 271.8 0
2021009040 0.000 0.8 0.3 499.7 373.9 7
2021009040 0.000 8.1 89.0 229.6 370.1 14
2021009040 0.000 258.6 42.4 428.2 311.1 14
2021009040 0.000 101.1 50.5 245.1 317.1 14
2021009040 0.000 170.3 106.4 310.3 353.3 14
2021009040 0.000 274.3 86.1 490.6 373.1 14
2021009040 0.000 153.4 21.0 355.4 360.9 14
2021009040 0.000 213.1 6.1 497.0 372.7 14
