2021000000308545 0.770 177.7 35.2 458.1 366.2 80
2021000000308545 0.769 189.1 161.5 440.0 429.2 80
2021000000308545 0.757 193.0 144.6 384.9 435.5 80
2021000000308545 0.750 5.7 405.4 33.9 426.4 80
2021000000308545 0.747 71.6 230.0 482.1 424.8 80
2021000000308545 0.739 554.1 151.6 614.2 191.9 80
2021000000308545 0.739 184.6 33.9 452.2 426.8 80
2021000000308545 0.736 506.3 243.2 541.0 299.6 80
2021000000308545 0.736 179.8 33.9 447.5 426.1 18
2021000000308545 0.717 176.5 259.6 241.9 424.0 80
2021000000308545 0.710 388.6 260.4 633.8 416.6 80
2021000000308545 0.703 166.7 43.1 613.3 424.0 80
2021000000308545 0.700 444.8 288.4 482.4 319.8 80
2021000000308545 0.699 159.6 70.5 617.3 424.5 80
2021000000308545 0.698 507.4 240.1 551.1 347.8 80
2021000000308545 0.696 184.7 241.6 487.2 419.5 80
2021000000308545 0.695 1.6 83.8 640.0 436.1 80
2021000000308545 0.686 506.5 229.9 553.3 327.8 80
2021000000308545 0.686 535.0 179.1 630.9 350.1 80
2021000000308545 0.685 543.6 190.0 577.5 256.3 80
