2021000000326248 0.771 379.4 171.8 486.0 371.2 14
2021000000326248 0.730 13.2 186.7 71.0 367.2 14
2021000000326248 0.729 408.6 77.4 467.8 170.0 14
2021000000326248 0.706 38.4 66.7 100.0 171.5 14
2021000000326248 0.703 175.5 190.5 244.7 300.0 80
2021000000326248 0.699 460.6 225.9 539.5 332.9 80
2021000000326248 0.696 239.1 285.5 266.8 314.1 80
2021000000326248 0.693 189.4 287.5 250.1 336.8 80
2021000000326248 0.685 165.3 57.9 255.6 217.3 14
2021000000326248 0.670 385.8 242.4 480.4 366.4 80
2021000000326248 0.666 390.4 267.2 469.4 358.1 80
2021000000326248 0.662 169.1 59.5 251.8 210.2 80
2021000000326248 0.661 176.8 186.3 239.2 299.5 80
2021000000326248 0.647 466.7 232.8 548.9 309.4 80
2021000000326248 0.646 615.3 238.2 640.0 336.4 80
2021000000326248 0.637 409.9 77.1 461.4 163.0 80
2021000000326248 0.634 607.0 388.3 639.0 428.1 80
2021000000326248 0.633 389.3 177.0 483.3 350.2 80
2021000000326248 0.630 129.3 254.6 180.5 329.2 80
2021000000326248 0.622 28.0 188.8 67.8 340.8 80
2021000000326248 0.618 0.1 274.4 47.3 359.7 80
2021000000326248 0.617 5.3 286.5 56.0 349.4 80
2021000000326248 0.615 588.6 -1.5 624.7 90.3 14
2021000000326248 0.614 2.2 267.3 70.7 365.3 80
2021000000326248 0.610 268.9 69.4 320.0 157.2 80
2021000000326248 0.606 376.1 274.8 501.1 365.3 80
2021000000326248 0.592 534.4 -1.2 587.0 95.5 14
2021000000326248 0.591 167.0 86.8 245.0 262.3 80
2021000000326248 0.591 1.2 142.3 28.1 339.4 80
2021000000326248 0.589 39.8 71.4 94.3 168.5 80
2021000000326248 0.583 619.7 66.1 639.5 345.6 80
2021000000326248 0.576 119.2 19.3 460.7 107.6 80
2021000000326248 0.572 617.6 234.5 640.1 340.4 80
2021000000326248 0.563 130.9 3.7 165.5 77.0 14
2021000000326248 0.553 46.7 14.8 193.3 151.6 80
2021000000326248 0.544 540.7 5.4 582.5 113.2 80
2021000000326248 0.535 256.2 20.1 319.2 135.4 80
2021000000326248 0.529 267.2 58.0 321.7 152.2 80
2021000000326248 0.523 631.0 51.2 640.1 174.0 80
2021000000326248 0.477 624.5 -8.8 640.6 333.9 80
2021000000326248 0.469 11.7 151.4 55.0 378.7 80
2021000000326248 0.468 1.0 99.3 19.4 172.4 14
2021000000326248 0.468 198.6 8.5 244.0 44.8 80
2021000000326248 0.467 1.1 -16.3 230.0 399.6 80
2021000000326248 0.460 127.7 6.5 162.3 85.0 80
2021000000326248 0.446 596.4 2.0 628.6 94.7 80
2021000000326248 0.438 76.3 3.3 151.5 62.0 80
2021000000326248 0.434 360.0 204.7 505.6 357.0 80
2021000000326248 0.433 170.1 86.8 197.0 162.1 80
2021000000326248 0.425 339.8 3.3 373.0 36.3 80
2021000000326248 0.401 466.0 0.8 501.1 59.3 80
2021000000326248 0.396 502.7 0.2 547.3 20.9 80
2021000000326248 0.396 0.2 -1.6 42.9 29.1 80
2021000000326248 0.394 632.9 240.1 641.3 401.7 80
2021000000326248 0.389 19.8 0.7 123.8 39.4 80
2021000000326248 0.385 296.3 0.4 344.7 20.9 80
2021000000326248 0.385 357.3 -0.3 435.2 38.0 80
2021000000326248 0.366 264.5 -0.3 302.3 32.7 80
2021000000326248 0.366 247.1 -0.1 293.6 36.9 80
2021000000326248 0.346 1.7 33.2 634.2 371.1 80
2021000000326248 0.346 3.1 -23.1 67.9 379.5 80
2021000000326248 0.338 472.1 1.0 504.5 42.8 80
2021000000326248 0.331 540.5 3.7 584.4 104.6 80
2021000000326248 0.330 114.8 59.1 245.7 308.0 80
2021000000326248 0.325 4.3 0.8 91.5 29.9 80
2021000000326248 0.324 247.1 -0.1 293.6 36.9 14
2021000000326248 0.318 360.8 1.0 442.3 23.9 80
2021000000326248 0.314 634.0 -10.7 640.4 331.9 80
2021000000326248 0.310 360.8 1.0 442.3 23.9 14
2021000000326248 0.286 165.5 1.6 210.4 21.6 80
2021000000326248 0.281 540.5 3.7 584.4 104.6 14
2021000000326248 0.250 4.3 0.8 91.5 29.9 14
2021000000326248 0.244 472.1 1.0 504.5 42.8 14
2021000000326248 0.242 605.0 -30.6 642.6 387.2 80
2021000000326248 0.239 170.1 86.8 197.0 162.1 14
2021000000326248 0.232 631.2 91.6 639.8 395.4 80
2021000000326248 0.231 165.5 1.6 210.4 21.6 14
2021000000326248 0.220 19.8 0.7 123.8 39.4 14
2021000000326248 0.219 403.7 246.9 465.5 329.8 80
2021000000326248 0.205 357.3 -0.3 435.2 38.0 14
2021000000326248 0.201 296.3 0.4 344.7 20.9 14
2021000000326248 0.200 334.1 31.2 544.9 339.7 80
2021000000326248 0.200 411.6 314.8 450.5 362.5 80
2021000000326248 0.195 1.0 99.3 19.4 172.4 80
2021000000326248 0.188 269.0 320.0 301.1 355.0 80
2021000000326248 0.188 466.0 0.8 501.1 59.3 14
2021000000326248 0.187 11.4 234.9 56.5 332.3 80
2021000000326248 0.184 264.5 -0.3 302.3 32.7 14
2021000000326248 0.178 211.9 414.9 432.6 428.9 80
2021000000326248 0.178 502.7 0.2 547.3 20.9 14
2021000000326248 0.173 127.7 6.5 162.3 85.0 14
2021000000326248 0.173 596.4 2.0 628.6 94.7 14
2021000000326248 0.165 4.5 379.5 136.7 428.6 80
2021000000326248 0.164 256.2 20.1 319.2 135.4 14
2021000000326248 0.164 173.2 408.6 433.8 426.8 80
2021000000326248 0.162 37.5 409.9 207.7 430.0 80
2021000000326248 0.161 130.9 3.7 165.5 77.0 80
2021000000326248 0.158 2.2 62.4 246.1 361.8 80
2021000000326248 0.154 430.7 411.9 588.4 429.8 80
2021000000326248 0.153 136.9 410.5 288.9 429.0 80
2021000000326248 0.771 379.4 171.8 486.0 371.2 14
2021000000326248 0.730 13.2 186.7 71.0 367.2 14
2021000000326248 0.729 408.6 77.4 467.8 170.0 14
2021000000326248 0.706 38.4 66.7 100.0 171.5 14
2021000000326248 0.703 175.5 190.5 244.7 300.0 80
2021000000326248 0.699 460.6 225.9 539.5 332.9 80
2021000000326248 0.696 239.1 285.5 266.8 314.1 80
2021000000326248 0.693 189.4 287.5 250.1 336.8 80
2021000000326248 0.685 165.3 57.9 255.6 217.3 14
2021000000326248 0.670 385.8 242.4 480.4 366.4 80
2021000000326248 0.666 390.4 267.2 469.4 358.1 80
2021000000326248 0.662 169.1 59.5 251.8 210.2 80
2021000000326248 0.661 176.8 186.3 239.2 299.5 80
2021000000326248 0.647 466.7 232.8 548.9 309.4 80
2021000000326248 0.646 615.3 238.2 640.0 336.4 80
2021000000326248 0.637 409.9 77.1 461.4 163.0 80
2021000000326248 0.634 607.0 388.3 639.0 428.1 80
2021000000326248 0.633 389.3 177.0 483.3 350.2 80
2021000000326248 0.630 129.3 254.6 180.5 329.2 80
2021000000326248 0.622 28.0 188.8 67.8 340.8 80
2021000000326248 0.618 0.1 274.4 47.3 359.7 80
2021000000326248 0.617 5.3 286.5 56.0 349.4 80
2021000000326248 0.615 588.6 -1.5 624.7 90.3 14
2021000000326248 0.614 2.2 267.3 70.7 365.3 80
2021000000326248 0.610 268.9 69.4 320.0 157.2 80
2021000000326248 0.606 376.1 274.8 501.1 365.3 80
2021000000326248 0.592 534.4 -1.2 587.0 95.5 14
2021000000326248 0.591 167.0 86.8 245.0 262.3 80
2021000000326248 0.591 1.2 142.3 28.1 339.4 80
2021000000326248 0.589 39.8 71.4 94.3 168.5 80
2021000000326248 0.583 619.7 66.1 639.5 345.6 80
2021000000326248 0.576 119.2 19.3 460.7 107.6 80
2021000000326248 0.572 617.6 234.5 640.1 340.4 80
2021000000326248 0.563 130.9 3.7 165.5 77.0 14
2021000000326248 0.553 46.7 14.8 193.3 151.6 80
2021000000326248 0.544 540.7 5.4 582.5 113.2 80
2021000000326248 0.535 256.2 20.1 319.2 135.4 80
2021000000326248 0.529 267.2 58.0 321.7 152.2 80
2021000000326248 0.523 631.0 51.2 640.1 174.0 80
2021000000326248 0.477 624.5 -8.8 640.6 333.9 80
2021000000326248 0.469 11.7 151.4 55.0 378.7 80
2021000000326248 0.468 1.0 99.3 19.4 172.4 14
2021000000326248 0.468 198.6 8.5 244.0 44.8 80
2021000000326248 0.467 1.1 -16.3 230.0 399.6 80
2021000000326248 0.460 127.7 6.5 162.3 85.0 80
2021000000326248 0.446 596.4 2.0 628.6 94.7 80
2021000000326248 0.438 76.3 3.3 151.5 62.0 80
2021000000326248 0.434 360.0 204.7 505.6 357.0 80
2021000000326248 0.433 170.1 86.8 197.0 162.1 80
2021000000326248 0.425 339.8 3.3 373.0 36.3 80
2021000000326248 0.401 466.0 0.8 501.1 59.3 80
2021000000326248 0.396 502.7 0.2 547.3 20.9 80
2021000000326248 0.396 0.2 -1.6 42.9 29.1 80
2021000000326248 0.394 632.9 240.1 641.3 401.7 80
2021000000326248 0.389 19.8 0.7 123.8 39.4 80
2021000000326248 0.385 296.3 0.4 344.7 20.9 80
2021000000326248 0.385 357.3 -0.3 435.2 38.0 80
2021000000326248 0.366 264.5 -0.3 302.3 32.7 80
2021000000326248 0.366 247.1 -0.1 293.6 36.9 80
2021000000326248 0.346 1.7 33.2 634.2 371.1 80
2021000000326248 0.346 3.1 -23.1 67.9 379.5 80
2021000000326248 0.338 472.1 1.0 504.5 42.8 80
2021000000326248 0.331 540.5 3.7 584.4 104.6 80
2021000000326248 0.330 114.8 59.1 245.7 308.0 80
2021000000326248 0.325 4.3 0.8 91.5 29.9 80
2021000000326248 0.324 247.1 -0.1 293.6 36.9 14
2021000000326248 0.318 360.8 1.0 442.3 23.9 80
2021000000326248 0.314 634.0 -10.7 640.4 331.9 80
2021000000326248 0.310 360.8 1.0 442.3 23.9 14
2021000000326248 0.286 165.5 1.6 210.4 21.6 80
2021000000326248 0.281 540.5 3.7 584.4 104.6 14
2021000000326248 0.250 4.3 0.8 91.5 29.9 14
2021000000326248 0.244 472.1 1.0 504.5 42.8 14
2021000000326248 0.242 605.0 -30.6 642.6 387.2 80
2021000000326248 0.239 170.1 86.8 197.0 162.1 14
2021000000326248 0.232 631.2 91.6 639.8 395.4 80
2021000000326248 0.231 165.5 1.6 210.4 21.6 14
2021000000326248 0.220 19.8 0.7 123.8 39.4 14
2021000000326248 0.219 403.7 246.9 465.5 329.8 80
2021000000326248 0.205 357.3 -0.3 435.2 38.0 14
2021000000326248 0.201 296.3 0.4 344.7 20.9 14
2021000000326248 0.200 334.1 31.2 544.9 339.7 80
2021000000326248 0.200 411.6 314.8 450.5 362.5 80
2021000000326248 0.195 1.0 99.3 19.4 172.4 80
2021000000326248 0.188 269.0 320.0 301.1 355.0 80
2021000000326248 0.188 466.0 0.8 501.1 59.3 14
2021000000326248 0.187 11.4 234.9 56.5 332.3 80
2021000000326248 0.184 264.5 -0.3 302.3 32.7 14
2021000000326248 0.178 211.9 414.9 432.6 428.9 80
2021000000326248 0.178 502.7 0.2 547.3 20.9 14
2021000000326248 0.173 127.7 6.5 162.3 85.0 14
2021000000326248 0.173 596.4 2.0 628.6 94.7 14
2021000000326248 0.165 4.5 379.5 136.7 428.6 80
2021000000326248 0.164 256.2 20.1 319.2 135.4 14
2021000000326248 0.164 173.2 408.6 433.8 426.8 80
2021000000326248 0.162 37.5 409.9 207.7 430.0 80
2021000000326248 0.161 130.9 3.7 165.5 77.0 80
2021000000326248 0.158 2.2 62.4 246.1 361.8 80
2021000000326248 0.154 430.7 411.9 588.4 429.8 80
2021000000326248 0.153 136.9 410.5 288.9 429.0 80
2021000000326248 0.771 379.4 171.8 486.0 371.2 14
2021000000326248 0.730 13.2 186.7 71.0 367.2 14
2021000000326248 0.729 408.6 77.4 467.8 170.0 14
2021000000326248 0.706 38.4 66.7 100.0 171.5 14
2021000000326248 0.703 175.5 190.5 244.7 300.0 80
2021000000326248 0.699 460.6 225.9 539.5 332.9 80
2021000000326248 0.696 239.1 285.5 266.8 314.1 80
2021000000326248 0.693 189.4 287.5 250.1 336.8 80
2021000000326248 0.685 165.3 57.9 255.6 217.3 14
2021000000326248 0.670 385.8 242.4 480.4 366.4 80
2021000000326248 0.666 390.4 267.2 469.4 358.1 80
2021000000326248 0.662 169.1 59.5 251.8 210.2 80
2021000000326248 0.661 176.8 186.3 239.2 299.5 80
2021000000326248 0.647 466.7 232.8 548.9 309.4 80
2021000000326248 0.646 615.3 238.2 640.0 336.4 80
2021000000326248 0.637 409.9 77.1 461.4 163.0 80
2021000000326248 0.634 607.0 388.3 639.0 428.1 80
2021000000326248 0.633 389.3 177.0 483.3 350.2 80
2021000000326248 0.630 129.3 254.6 180.5 329.2 80
2021000000326248 0.622 28.0 188.8 67.8 340.8 80
2021000000326248 0.618 0.1 274.4 47.3 359.7 80
2021000000326248 0.617 5.3 286.5 56.0 349.4 80
2021000000326248 0.615 588.6 -1.5 624.7 90.3 14
2021000000326248 0.614 2.2 267.3 70.7 365.3 80
2021000000326248 0.610 268.9 69.4 320.0 157.2 80
2021000000326248 0.606 376.1 274.8 501.1 365.3 80
2021000000326248 0.592 534.4 -1.2 587.0 95.5 14
2021000000326248 0.591 167.0 86.8 245.0 262.3 80
2021000000326248 0.591 1.2 142.3 28.1 339.4 80
2021000000326248 0.589 39.8 71.4 94.3 168.5 80
2021000000326248 0.583 619.7 66.1 639.5 345.6 80
2021000000326248 0.576 119.2 19.3 460.7 107.6 80
2021000000326248 0.572 617.6 234.5 640.1 340.4 80
2021000000326248 0.563 130.9 3.7 165.5 77.0 14
2021000000326248 0.553 46.7 14.8 193.3 151.6 80
2021000000326248 0.544 540.7 5.4 582.5 113.2 80
2021000000326248 0.535 256.2 20.1 319.2 135.4 80
2021000000326248 0.529 267.2 58.0 321.7 152.2 80
2021000000326248 0.523 631.0 51.2 640.1 174.0 80
2021000000326248 0.477 624.5 -8.8 640.6 333.9 80
2021000000326248 0.469 11.7 151.4 55.0 378.7 80
2021000000326248 0.468 1.0 99.3 19.4 172.4 14
2021000000326248 0.468 198.6 8.5 244.0 44.8 80
2021000000326248 0.467 1.1 -16.3 230.0 399.6 80
2021000000326248 0.460 127.7 6.5 162.3 85.0 80
2021000000326248 0.446 596.4 2.0 628.6 94.7 80
2021000000326248 0.438 76.3 3.3 151.5 62.0 80
2021000000326248 0.434 360.0 204.7 505.6 357.0 80
2021000000326248 0.433 170.1 86.8 197.0 162.1 80
2021000000326248 0.425 339.8 3.3 373.0 36.3 80
2021000000326248 0.401 466.0 0.8 501.1 59.3 80
2021000000326248 0.396 502.7 0.2 547.3 20.9 80
2021000000326248 0.396 0.2 -1.6 42.9 29.1 80
2021000000326248 0.394 632.9 240.1 641.3 401.7 80
2021000000326248 0.389 19.8 0.7 123.8 39.4 80
2021000000326248 0.385 296.3 0.4 344.7 20.9 80
2021000000326248 0.385 357.3 -0.3 435.2 38.0 80
2021000000326248 0.366 264.5 -0.3 302.3 32.7 80
2021000000326248 0.366 247.1 -0.1 293.6 36.9 80
2021000000326248 0.346 1.7 33.2 634.2 371.1 80
2021000000326248 0.346 3.1 -23.1 67.9 379.5 80
2021000000326248 0.338 472.1 1.0 504.5 42.8 80
2021000000326248 0.331 540.5 3.7 584.4 104.6 80
2021000000326248 0.330 114.8 59.1 245.7 308.0 80
2021000000326248 0.325 4.3 0.8 91.5 29.9 80
2021000000326248 0.324 247.1 -0.1 293.6 36.9 14
2021000000326248 0.318 360.8 1.0 442.3 23.9 80
2021000000326248 0.314 634.0 -10.7 640.4 331.9 80
2021000000326248 0.310 360.8 1.0 442.3 23.9 14
2021000000326248 0.286 165.5 1.6 210.4 21.6 80
2021000000326248 0.281 540.5 3.7 584.4 104.6 14
2021000000326248 0.250 4.3 0.8 91.5 29.9 14
2021000000326248 0.244 472.1 1.0 504.5 42.8 14
2021000000326248 0.242 605.0 -30.6 642.6 387.2 80
2021000000326248 0.239 170.1 86.8 197.0 162.1 14
2021000000326248 0.232 631.2 91.6 639.8 395.4 80
2021000000326248 0.231 165.5 1.6 210.4 21.6 14
2021000000326248 0.220 19.8 0.7 123.8 39.4 14
2021000000326248 0.219 403.7 246.9 465.5 329.8 80
2021000000326248 0.205 357.3 -0.3 435.2 38.0 14
2021000000326248 0.201 296.3 0.4 344.7 20.9 14
2021000000326248 0.200 334.1 31.2 544.9 339.7 80
2021000000326248 0.200 411.6 314.8 450.5 362.5 80
2021000000326248 0.195 1.0 99.3 19.4 172.4 80
2021000000326248 0.188 269.0 320.0 301.1 355.0 80
2021000000326248 0.188 466.0 0.8 501.1 59.3 14
2021000000326248 0.187 11.4 234.9 56.5 332.3 80
2021000000326248 0.184 264.5 -0.3 302.3 32.7 14
2021000000326248 0.178 211.9 414.9 432.6 428.9 80
2021000000326248 0.178 502.7 0.2 547.3 20.9 14
2021000000326248 0.173 127.7 6.5 162.3 85.0 14
2021000000326248 0.173 596.4 2.0 628.6 94.7 14
2021000000326248 0.165 4.5 379.5 136.7 428.6 80
2021000000326248 0.164 256.2 20.1 319.2 135.4 14
2021000000326248 0.164 173.2 408.6 433.8 426.8 80
2021000000326248 0.162 37.5 409.9 207.7 430.0 80
2021000000326248 0.161 130.9 3.7 165.5 77.0 80
2021000000326248 0.158 2.2 62.4 246.1 361.8 80
2021000000326248 0.154 430.7 411.9 588.4 429.8 80
2021000000326248 0.153 136.9 410.5 288.9 429.0 80
2021000000326248 0.771 379.4 171.8 486.0 371.2 14
2021000000326248 0.730 13.2 186.7 71.0 367.2 14
2021000000326248 0.729 408.6 77.4 467.8 170.0 14
2021000000326248 0.706 38.4 66.7 100.0 171.5 14
2021000000326248 0.703 175.5 190.5 244.7 300.0 80
2021000000326248 0.699 460.6 225.9 539.5 332.9 80
2021000000326248 0.696 239.1 285.5 266.8 314.1 80
2021000000326248 0.693 189.4 287.5 250.1 336.8 80
2021000000326248 0.685 165.3 57.9 255.6 217.3 14
2021000000326248 0.670 385.8 242.4 480.4 366.4 80
2021000000326248 0.666 390.4 267.2 469.4 358.1 80
2021000000326248 0.662 169.1 59.5 251.8 210.2 80
2021000000326248 0.661 176.8 186.3 239.2 299.5 80
2021000000326248 0.647 466.7 232.8 548.9 309.4 80
2021000000326248 0.646 615.3 238.2 640.0 336.4 80
2021000000326248 0.637 409.9 77.1 461.4 163.0 80
2021000000326248 0.634 607.0 388.3 639.0 428.1 80
2021000000326248 0.633 389.3 177.0 483.3 350.2 80
2021000000326248 0.630 129.3 254.6 180.5 329.2 80
2021000000326248 0.622 28.0 188.8 67.8 340.8 80
2021000000326248 0.618 0.1 274.4 47.3 359.7 80
2021000000326248 0.617 5.3 286.5 56.0 349.4 80
2021000000326248 0.615 588.6 -1.5 624.7 90.3 14
2021000000326248 0.614 2.2 267.3 70.7 365.3 80
2021000000326248 0.610 268.9 69.4 320.0 157.2 80
2021000000326248 0.606 376.1 274.8 501.1 365.3 80
2021000000326248 0.592 534.4 -1.2 587.0 95.5 14
2021000000326248 0.591 167.0 86.8 245.0 262.3 80
2021000000326248 0.591 1.2 142.3 28.1 339.4 80
2021000000326248 0.589 39.8 71.4 94.3 168.5 80
2021000000326248 0.583 619.7 66.1 639.5 345.6 80
2021000000326248 0.576 119.2 19.3 460.7 107.6 80
2021000000326248 0.572 617.6 234.5 640.1 340.4 80
2021000000326248 0.563 130.9 3.7 165.5 77.0 14
2021000000326248 0.553 46.7 14.8 193.3 151.6 80
2021000000326248 0.544 540.7 5.4 582.5 113.2 80
2021000000326248 0.535 256.2 20.1 319.2 135.4 80
2021000000326248 0.529 267.2 58.0 321.7 152.2 80
2021000000326248 0.523 631.0 51.2 640.1 174.0 80
2021000000326248 0.477 624.5 -8.8 640.6 333.9 80
2021000000326248 0.469 11.7 151.4 55.0 378.7 80
2021000000326248 0.468 1.0 99.3 19.4 172.4 14
2021000000326248 0.468 198.6 8.5 244.0 44.8 80
2021000000326248 0.467 1.1 -16.3 230.0 399.6 80
2021000000326248 0.460 127.7 6.5 162.3 85.0 80
2021000000326248 0.446 596.4 2.0 628.6 94.7 80
2021000000326248 0.438 76.3 3.3 151.5 62.0 80
2021000000326248 0.434 360.0 204.7 505.6 357.0 80
2021000000326248 0.433 170.1 86.8 197.0 162.1 80
2021000000326248 0.425 339.8 3.3 373.0 36.3 80
2021000000326248 0.401 466.0 0.8 501.1 59.3 80
2021000000326248 0.396 502.7 0.2 547.3 20.9 80
2021000000326248 0.396 0.2 -1.6 42.9 29.1 80
2021000000326248 0.394 632.9 240.1 641.3 401.7 80
2021000000326248 0.389 19.8 0.7 123.8 39.4 80
2021000000326248 0.385 296.3 0.4 344.7 20.9 80
2021000000326248 0.385 357.3 -0.3 435.2 38.0 80
2021000000326248 0.366 264.5 -0.3 302.3 32.7 80
2021000000326248 0.366 247.1 -0.1 293.6 36.9 80
2021000000326248 0.346 1.7 33.2 634.2 371.1 80
2021000000326248 0.346 3.1 -23.1 67.9 379.5 80
2021000000326248 0.338 472.1 1.0 504.5 42.8 80
2021000000326248 0.331 540.5 3.7 584.4 104.6 80
2021000000326248 0.330 114.8 59.1 245.7 308.0 80
2021000000326248 0.325 4.3 0.8 91.5 29.9 80
2021000000326248 0.324 247.1 -0.1 293.6 36.9 14
2021000000326248 0.318 360.8 1.0 442.3 23.9 80
2021000000326248 0.314 634.0 -10.7 640.4 331.9 80
2021000000326248 0.310 360.8 1.0 442.3 23.9 14
2021000000326248 0.286 165.5 1.6 210.4 21.6 80
2021000000326248 0.281 540.5 3.7 584.4 104.6 14
2021000000326248 0.250 4.3 0.8 91.5 29.9 14
2021000000326248 0.244 472.1 1.0 504.5 42.8 14
2021000000326248 0.242 605.0 -30.6 642.6 387.2 80
2021000000326248 0.239 170.1 86.8 197.0 162.1 14
2021000000326248 0.232 631.2 91.6 639.8 395.4 80
2021000000326248 0.231 165.5 1.6 210.4 21.6 14
2021000000326248 0.220 19.8 0.7 123.8 39.4 14
2021000000326248 0.219 403.7 246.9 465.5 329.8 80
2021000000326248 0.205 357.3 -0.3 435.2 38.0 14
2021000000326248 0.201 296.3 0.4 344.7 20.9 14
2021000000326248 0.200 334.1 31.2 544.9 339.7 80
2021000000326248 0.200 411.6 314.8 450.5 362.5 80
2021000000326248 0.195 1.0 99.3 19.4 172.4 80
2021000000326248 0.188 269.0 320.0 301.1 355.0 80
2021000000326248 0.188 466.0 0.8 501.1 59.3 14
2021000000326248 0.187 11.4 234.9 56.5 332.3 80
2021000000326248 0.184 264.5 -0.3 302.3 32.7 14
2021000000326248 0.178 211.9 414.9 432.6 428.9 80
2021000000326248 0.178 502.7 0.2 547.3 20.9 14
2021000000326248 0.173 127.7 6.5 162.3 85.0 14
2021000000326248 0.173 596.4 2.0 628.6 94.7 14
2021000000326248 0.165 4.5 379.5 136.7 428.6 80
2021000000326248 0.164 256.2 20.1 319.2 135.4 14
2021000000326248 0.164 173.2 408.6 433.8 426.8 80
2021000000326248 0.162 37.5 409.9 207.7 430.0 80
2021000000326248 0.161 130.9 3.7 165.5 77.0 80
2021000000326248 0.158 2.2 62.4 246.1 361.8 80
2021000000326248 0.154 430.7 411.9 588.4 429.8 80
2021000000326248 0.153 136.9 410.5 288.9 429.0 80
2021000000326248 0.000 0.7 50.5 132.8 282.0 80
2021000000326248 0.000 313.4 82.5 473.9 260.4 80
2021000000326248 0.000 259.6 56.6 340.6 136.8 80
2021000000326248 0.000 328.1 158.3 405.0 234.5 80
2021000000326248 0.000 476.8 124.5 620.6 306.1 80
2021000000326248 0.000 58.5 248.0 136.7 329.4 80
2021000000326248 0.000 107.0 135.3 185.4 215.0 80
2021000000326248 0.000 170.1 119.7 279.1 248.7 80
2021000000326248 0.000 499.6 109.7 587.2 186.2 80
2021000000326248 0.000 580.3 146.4 639.5 240.4 80
2021000000326248 0.000 272.9 130.1 350.3 206.5 80
2021000000326248 0.000 180.7 93.6 259.1 175.1 80
2021000000326248 0.000 28.1 33.3 259.1 223.1 80
2021000000326248 0.000 416.8 13.1 632.9 218.5 80
2021000000326248 0.000 1.6 229.4 61.4 324.5 80
2021000000326248 0.000 207.2 37.0 383.3 241.2 80
2021000000326248 0.000 447.6 166.9 524.7 242.3 80
2021000000326248 0.000 281.2 273.3 359.7 384.3 80
2021000000326248 0.000 115.6 214.7 191.0 290.6 80
2021000000326248 0.000 402.5 115.9 480.3 192.2 80
2021000000326248 0.000 457.2 226.4 531.3 303.0 80
2021000000326248 0.000 41.1 144.8 215.0 315.0 80
2021000000326248 0.000 1.0 172.4 60.3 266.9 80
2021000000326248 0.000 580.1 219.4 639.6 313.6 80
2021000000326248 0.000 0.4 143.3 130.7 407.5 80
2021000000326248 0.000 574.5 61.5 639.6 174.6 80
2021000000326248 0.000 332.1 2.9 415.5 84.3 80
2021000000326248 0.000 175.8 248.6 257.9 331.6 80
2021000000326248 0.000 381.9 195.4 460.0 270.0 80
2021000000326248 0.000 36.2 177.4 119.8 252.3 80
2021000000326248 0.000 326.6 143.4 465.0 396.8 80
2021000000326248 0.000 152.2 183.1 297.6 360.6 80
2021000000326248 0.000 191.4 196.8 269.4 271.4 80
2021000000326248 0.000 374.8 151.5 615.2 295.8 80
2021000000326248 0.000 416.4 249.2 489.1 336.7 80
2021000000326248 0.000 0.6 25.3 66.3 120.7 80
2021000000326248 0.000 281.2 226.3 356.1 302.0 80
2021000000326248 0.000 62.2 24.0 483.7 292.7 80
2021000000326248 0.000 524.7 200.8 607.7 275.7 80
2021000000326248 0.000 262.4 134.4 405.9 319.8 80
2021000000326248 0.000 0.6 284.0 74.6 421.4 80
2021000000326248 0.000 230.2 252.8 304.8 339.1 80
2021000000326248 0.000 226.3 65.4 603.8 303.7 80
2021000000326248 0.000 63.1 124.7 360.6 294.1 80
2021000000326248 0.000 416.7 52.8 515.5 132.6 80
2021000000326248 0.000 129.2 56.0 312.7 355.7 80
2021000000326248 0.000 0.1 103.2 65.9 197.8 80
2021000000326248 0.000 263.8 183.0 341.9 258.2 80
2021000000326248 0.000 566.4 278.5 639.5 419.9 80
2021000000326248 0.000 19.0 16.1 622.4 223.7 80
2021000000326248 0.000 509.8 126.6 639.3 404.9 80
2021000000326248 0.000 1.6 6.8 361.3 423.0 80
2021000000326248 0.000 121.2 17.7 514.2 416.7 80
2021000000326248 0.000 335.8 47.7 542.9 356.8 80
2021000000326248 0.000 241.7 9.1 514.7 154.3 80
2021000000326248 0.000 1.2 27.2 187.5 413.9 80
2021000000326248 0.000 205.3 224.8 447.1 419.2 80
2021000000326248 0.000 272.2 7.0 636.7 424.4 80
2021000000326248 0.000 203.8 31.7 448.2 405.5 80
2021000000326248 0.000 14.5 102.2 289.2 421.2 80
2021000000326248 0.000 457.5 21.1 641.7 410.2 80
2021000000326248 0.000 358.9 272.0 430.6 377.2 80
2021000000326248 0.000 219.1 120.2 395.4 402.7 80
2021000000326248 0.000 169.6 88.4 468.5 416.0 80
2021000000326248 0.000 329.3 189.5 464.6 349.0 80
2021000000326248 0.000 6.1 317.8 167.0 426.2 80
2021000000326248 0.000 391.8 205.6 616.9 415.3 80
2021000000326248 0.000 68.8 290.4 356.2 424.3 80
2021000000326248 0.000 14.6 208.3 237.2 416.6 80
2021000000326248 0.000 4.0 1.2 525.2 424.5 80
2021000000326248 0.000 10.2 260.5 628.9 424.9 80
2021000000326248 0.000 5.9 73.8 462.5 420.5 80
2021000000326248 0.000 285.2 291.9 604.5 425.0 80
2021000000326248 0.000 92.0 73.0 568.9 364.8 80
2021000000326248 0.000 43.3 167.8 418.6 413.1 80
2021000000326248 0.000 109.4 1.0 633.2 424.5 80
2021000000326248 0.000 355.6 98.8 622.5 424.5 80
2021000000326248 0.000 208.0 151.0 442.0 262.6 80
2021000000326248 0.000 312.6 229.7 381.5 311.2 80
2021000000326248 0.000 215.5 172.0 577.5 412.9 80
2021000000326248 0.000 463.3 279.5 633.1 419.8 80
2021000000326248 0.000 56.7 68.9 150.0 155.8 80
2021000000326248 0.000 204.8 75.0 630.5 421.9 80
2021000000326248 0.000 172.4 117.1 460.4 334.6 80
2021000000326248 0.000 86.4 162.8 514.8 309.7 80
2021000000326248 0.000 28.5 48.7 607.3 412.0 80
2021000000326248 0.000 0.5 114.3 638.1 415.2 80
2021000000326248 0.000 0.8 0.8 639.5 426.0 80
2021000000326248 0.000 21.6 109.2 619.5 307.9 80
2021000000326248 0.000 2.9 26.7 636.7 350.3 80
2021000000326248 0.000 542.8 6.9 638.4 97.4 80
2021000000326248 0.000 21.6 109.2 619.5 307.9 0
2021000000326248 0.000 335.8 47.7 542.9 356.8 14
2021000000326248 0.000 219.1 120.2 395.4 402.7 14
2021000000326248 0.000 129.2 56.0 312.7 355.7 14
2021000000326248 0.000 203.8 31.7 448.2 405.5 14
2021000000326248 0.000 14.5 102.2 289.2 421.2 14
2021000000326248 0.000 355.6 98.8 622.5 424.5 14
2021000000326248 0.000 169.6 88.4 468.5 416.0 14
2021000000326248 0.000 197.1 344.2 304.9 420.9 80
2021000000326248 0.000 0.7 50.5 132.8 282.0 80
2021000000326248 0.000 313.4 82.5 473.9 260.4 80
2021000000326248 0.000 259.6 56.6 340.6 136.8 80
2021000000326248 0.000 328.1 158.3 405.0 234.5 80
2021000000326248 0.000 476.8 124.5 620.6 306.1 80
2021000000326248 0.000 58.5 248.0 136.7 329.4 80
2021000000326248 0.000 107.0 135.3 185.4 215.0 80
2021000000326248 0.000 170.1 119.7 279.1 248.7 80
2021000000326248 0.000 499.6 109.7 587.2 186.2 80
2021000000326248 0.000 580.3 146.4 639.5 240.4 80
2021000000326248 0.000 272.9 130.1 350.3 206.5 80
2021000000326248 0.000 180.7 93.6 259.1 175.1 80
2021000000326248 0.000 28.1 33.3 259.1 223.1 80
2021000000326248 0.000 416.8 13.1 632.9 218.5 80
2021000000326248 0.000 1.6 229.4 61.4 324.5 80
2021000000326248 0.000 207.2 37.0 383.3 241.2 80
2021000000326248 0.000 447.6 166.9 524.7 242.3 80
2021000000326248 0.000 281.2 273.3 359.7 384.3 80
2021000000326248 0.000 115.6 214.7 191.0 290.6 80
2021000000326248 0.000 402.5 115.9 480.3 192.2 80
2021000000326248 0.000 457.2 226.4 531.3 303.0 80
2021000000326248 0.000 41.1 144.8 215.0 315.0 80
2021000000326248 0.000 1.0 172.4 60.3 266.9 80
2021000000326248 0.000 580.1 219.4 639.6 313.6 80
2021000000326248 0.000 0.4 143.3 130.7 407.5 80
2021000000326248 0.000 574.5 61.5 639.6 174.6 80
2021000000326248 0.000 332.1 2.9 415.5 84.3 80
2021000000326248 0.000 175.8 248.6 257.9 331.6 80
2021000000326248 0.000 381.9 195.4 460.0 270.0 80
2021000000326248 0.000 36.2 177.4 119.8 252.3 80
2021000000326248 0.000 326.6 143.4 465.0 396.8 80
2021000000326248 0.000 152.2 183.1 297.6 360.6 80
2021000000326248 0.000 191.4 196.8 269.4 271.4 80
2021000000326248 0.000 374.8 151.5 615.2 295.8 80
2021000000326248 0.000 416.4 249.2 489.1 336.7 80
2021000000326248 0.000 0.6 25.3 66.3 120.7 80
2021000000326248 0.000 281.2 226.3 356.1 302.0 80
2021000000326248 0.000 62.2 24.0 483.7 292.7 80
2021000000326248 0.000 524.7 200.8 607.7 275.7 80
2021000000326248 0.000 262.4 134.4 405.9 319.8 80
2021000000326248 0.000 0.6 284.0 74.6 421.4 80
2021000000326248 0.000 230.2 252.8 304.8 339.1 80
2021000000326248 0.000 226.3 65.4 603.8 303.7 80
2021000000326248 0.000 63.1 124.7 360.6 294.1 80
2021000000326248 0.000 416.7 52.8 515.5 132.6 80
2021000000326248 0.000 129.2 56.0 312.7 355.7 80
2021000000326248 0.000 0.1 103.2 65.9 197.8 80
2021000000326248 0.000 263.8 183.0 341.9 258.2 80
2021000000326248 0.000 566.4 278.5 639.5 419.9 80
2021000000326248 0.000 19.0 16.1 622.4 223.7 80
2021000000326248 0.000 509.8 126.6 639.3 404.9 80
2021000000326248 0.000 1.6 6.8 361.3 423.0 80
2021000000326248 0.000 121.2 17.7 514.2 416.7 80
2021000000326248 0.000 335.8 47.7 542.9 356.8 80
2021000000326248 0.000 241.7 9.1 514.7 154.3 80
2021000000326248 0.000 1.2 27.2 187.5 413.9 80
2021000000326248 0.000 205.3 224.8 447.1 419.2 80
2021000000326248 0.000 272.2 7.0 636.7 424.4 80
2021000000326248 0.000 203.8 31.7 448.2 405.5 80
2021000000326248 0.000 14.5 102.2 289.2 421.2 80
2021000000326248 0.000 457.5 21.1 641.7 410.2 80
2021000000326248 0.000 358.9 272.0 430.6 377.2 80
2021000000326248 0.000 219.1 120.2 395.4 402.7 80
2021000000326248 0.000 169.6 88.4 468.5 416.0 80
2021000000326248 0.000 329.3 189.5 464.6 349.0 80
2021000000326248 0.000 6.1 317.8 167.0 426.2 80
2021000000326248 0.000 391.8 205.6 616.9 415.3 80
2021000000326248 0.000 68.8 290.4 356.2 424.3 80
2021000000326248 0.000 14.6 208.3 237.2 416.6 80
2021000000326248 0.000 4.0 1.2 525.2 424.5 80
2021000000326248 0.000 10.2 260.5 628.9 424.9 80
2021000000326248 0.000 5.9 73.8 462.5 420.5 80
2021000000326248 0.000 285.2 291.9 604.5 425.0 80
2021000000326248 0.000 92.0 73.0 568.9 364.8 80
2021000000326248 0.000 43.3 167.8 418.6 413.1 80
2021000000326248 0.000 109.4 1.0 633.2 424.5 80
2021000000326248 0.000 355.6 98.8 622.5 424.5 80
2021000000326248 0.000 208.0 151.0 442.0 262.6 80
2021000000326248 0.000 312.6 229.7 381.5 311.2 80
2021000000326248 0.000 215.5 172.0 577.5 412.9 80
2021000000326248 0.000 463.3 279.5 633.1 419.8 80
2021000000326248 0.000 56.7 68.9 150.0 155.8 80
2021000000326248 0.000 204.8 75.0 630.5 421.9 80
2021000000326248 0.000 172.4 117.1 460.4 334.6 80
2021000000326248 0.000 86.4 162.8 514.8 309.7 80
2021000000326248 0.000 28.5 48.7 607.3 412.0 80
2021000000326248 0.000 0.5 114.3 638.1 415.2 80
2021000000326248 0.000 0.8 0.8 639.5 426.0 80
2021000000326248 0.000 21.6 109.2 619.5 307.9 80
2021000000326248 0.000 2.9 26.7 636.7 350.3 80
2021000000326248 0.000 542.8 6.9 638.4 97.4 80
2021000000326248 0.000 21.6 109.2 619.5 307.9 0
2021000000326248 0.000 335.8 47.7 542.9 356.8 14
2021000000326248 0.000 219.1 120.2 395.4 402.7 14
2021000000326248 0.000 129.2 56.0 312.7 355.7 14
2021000000326248 0.000 203.8 31.7 448.2 405.5 14
2021000000326248 0.000 14.5 102.2 289.2 421.2 14
2021000000326248 0.000 355.6 98.8 622.5 424.5 14
2021000000326248 0.000 169.6 88.4 468.5 416.0 14
2021000000326248 0.000 197.1 344.2 304.9 420.9 80
