2021000260 0.654 114.4 197.5 169.1 217.2 80
2021000260 0.652 85.8 56.8 413.6 226.2 80
2021000260 0.643 468.2 340.4 499.7 373.9 80
2021000260 0.625 389.9 154.6 487.8 213.0 80
2021000260 0.625 80.8 46.5 478.0 231.8 80
2021000260 0.623 99.5 45.9 473.5 228.5 80
2021000260 0.611 107.0 190.1 149.9 206.7 80
2021000260 0.610 93.3 58.9 441.6 222.5 80
2021000260 0.610 302.8 175.2 388.7 210.4 80
2021000260 0.607 112.1 199.1 167.4 220.5 80
2021000260 0.599 298.6 155.9 422.1 209.2 80
2021000260 0.593 258.0 50.0 465.9 135.7 80
2021000260 0.585 407.9 194.2 437.1 213.0 80
2021000260 0.580 79.9 50.6 452.0 234.7 0
2021000260 0.580 303.4 188.0 370.8 213.6 80
2021000260 0.578 290.0 151.4 487.5 214.0 80
2021000260 0.577 81.7 48.3 453.9 228.3 80
2021000260 0.574 271.1 49.1 455.6 104.1 80
2021000260 0.570 386.0 76.2 511.4 224.2 80
2021000260 0.565 387.3 148.4 498.7 208.9 80
2021000260 0.559 440.2 180.0 497.2 205.6 80
2021000260 0.556 491.7 173.7 500.6 210.0 80
2021000260 0.549 74.7 63.4 393.6 225.9 80
2021000260 0.549 78.0 193.8 110.3 209.0 80
2021000260 0.548 400.8 137.5 504.8 207.6 80
2021000260 0.529 98.5 50.5 507.8 241.3 80
2021000260 0.515 203.2 49.4 497.1 222.9 80
2021000260 0.510 79.3 196.7 119.6 213.0 80
2021000260 0.496 76.4 193.5 88.3 209.5 80
2021000260 0.483 29.3 198.8 42.8 224.8 80
2021000260 0.475 496.8 204.6 500.1 259.0 80
2021000260 0.470 391.3 152.0 498.6 214.4 0
2021000260 0.465 81.0 193.4 111.4 208.8 80
2021000260 0.456 16.2 207.6 26.6 229.0 80
2021000260 0.453 9.9 208.4 20.8 222.7 80
2021000260 0.443 307.9 175.6 404.8 210.7 80
2021000260 0.420 31.7 211.5 43.6 228.6 80
2021000260 0.419 78.2 197.9 113.2 211.8 80
2021000260 0.416 18.9 207.5 31.2 228.4 14
2021000260 0.410 497.9 110.2 500.0 171.9 80
2021000260 0.406 403.3 155.3 495.0 194.0 80
2021000260 0.386 49.3 204.5 59.0 223.6 80
2021000260 0.382 18.5 211.4 28.6 229.6 80
2021000260 0.328 109.8 183.3 127.6 204.1 80
2021000260 0.325 49.4 204.0 61.1 227.2 80
2021000260 0.320 0.9 232.9 12.1 272.1 80
2021000260 0.319 49.4 204.0 61.1 227.2 14
2021000260 0.312 7.0 73.7 498.2 245.1 80
2021000260 0.275 51.6 203.5 61.3 227.0 80
2021000260 0.271 51.6 203.5 61.3 227.0 14
2021000260 0.244 18.5 211.4 28.6 229.6 14
2021000260 0.229 307.9 175.6 404.8 210.7 0
2021000260 0.217 391.3 152.0 498.6 214.4 80
2021000260 0.210 0.4 0.9 4.5 96.2 80
2021000260 0.198 74.3 88.2 439.7 226.1 80
2021000260 0.191 384.2 187.2 449.9 216.8 80
2021000260 0.186 -0.3 292.9 14.2 383.3 80
2021000260 0.184 49.3 204.5 59.0 223.6 14
2021000260 0.178 18.9 207.5 31.2 228.4 80
2021000260 0.177 0.9 232.9 12.1 272.1 1
2021000260 0.174 487.2 256.6 503.8 359.9 80
2021000260 0.166 16.2 207.6 26.6 229.0 14
2021000260 0.162 277.8 161.2 471.3 192.9 80
2021000260 0.153 371.8 169.0 490.7 363.4 80
2021000260 0.150 79.9 50.6 452.0 234.7 80
2021000260 0.146 216.3 214.0 383.1 258.3 80
2021000260 0.142 37.7 113.6 356.0 214.3 80
2021000260 0.140 125.8 225.0 386.1 357.2 80
2021000260 0.139 69.4 322.1 186.7 373.5 80
2021000260 0.137 179.7 360.9 322.0 377.8 80
2021000260 0.136 91.3 163.5 412.3 266.1 80
2021000260 0.135 62.3 204.2 286.5 353.2 80
2021000260 0.134 184.0 202.9 441.8 334.2 80
2021000260 0.134 311.2 330.7 425.9 370.6 80
2021000260 0.133 251.7 243.0 324.6 266.2 80
2021000260 0.133 195.6 199.2 266.6 245.9 80
2021000260 0.132 145.0 200.8 185.9 234.5 80
2021000260 0.132 20.3 176.0 120.1 363.9 80
2021000260 0.132 132.5 198.6 373.6 326.2 80
2021000260 0.131 87.3 167.4 381.3 248.9 80
2021000260 0.130 343.7 357.8 451.4 378.4 80
2021000260 0.130 152.3 325.8 264.6 368.4 80
2021000260 0.129 21.5 333.9 88.0 371.7 80
2021000260 0.129 74.8 188.3 332.3 315.8 80
2021000260 0.129 0.9 232.9 12.1 272.1 13
2021000260 0.128 272.9 242.0 436.2 318.1 80
2021000260 0.128 65.7 159.2 334.4 239.1 80
2021000260 0.128 213.9 326.7 329.8 368.2 80
2021000260 0.128 50.1 195.2 149.7 241.2 80
2021000260 0.127 152.2 191.8 265.8 235.6 80
2021000260 0.126 55.0 358.0 151.8 377.6 80
2021000260 0.126 178.8 351.2 307.5 374.9 80
2021000260 0.123 121.1 354.1 221.5 376.9 80
2021000260 0.123 270.2 352.1 376.4 375.3 80
2021000260 0.120 408.0 339.7 492.5 371.9 80
2021000260 0.119 78.2 197.9 113.2 211.8 0
2021000260 0.118 79.3 196.7 119.6 213.0 0
2021000260 0.112 83.1 46.2 484.3 149.5 80
2021000260 0.111 -16.7 175.4 261.3 218.1 80
2021000260 0.105 -43.9 0.7 451.6 39.8 80
2021000260 0.654 114.4 197.5 169.1 217.2 80
2021000260 0.652 85.8 56.8 413.6 226.2 80
2021000260 0.643 468.2 340.4 499.7 373.9 80
2021000260 0.625 389.9 154.6 487.8 213.0 80
2021000260 0.625 80.8 46.5 478.0 231.8 80
2021000260 0.623 99.5 45.9 473.5 228.5 80
2021000260 0.611 107.0 190.1 149.9 206.7 80
2021000260 0.610 93.3 58.9 441.6 222.5 80
2021000260 0.610 302.8 175.2 388.7 210.4 80
2021000260 0.607 112.1 199.1 167.4 220.5 80
2021000260 0.599 298.6 155.9 422.1 209.2 80
2021000260 0.593 258.0 50.0 465.9 135.7 80
2021000260 0.585 407.9 194.2 437.1 213.0 80
2021000260 0.580 79.9 50.6 452.0 234.7 0
2021000260 0.580 303.4 188.0 370.8 213.6 80
2021000260 0.578 290.0 151.4 487.5 214.0 80
2021000260 0.577 81.7 48.3 453.9 228.3 80
2021000260 0.574 271.1 49.1 455.6 104.1 80
2021000260 0.570 386.0 76.2 511.4 224.2 80
2021000260 0.565 387.3 148.4 498.7 208.9 80
2021000260 0.559 440.2 180.0 497.2 205.6 80
2021000260 0.556 491.7 173.7 500.6 210.0 80
2021000260 0.549 74.7 63.4 393.6 225.9 80
2021000260 0.549 78.0 193.8 110.3 209.0 80
2021000260 0.548 400.8 137.5 504.8 207.6 80
2021000260 0.529 98.5 50.5 507.8 241.3 80
2021000260 0.515 203.2 49.4 497.1 222.9 80
2021000260 0.510 79.3 196.7 119.6 213.0 80
2021000260 0.496 76.4 193.5 88.3 209.5 80
2021000260 0.483 29.3 198.8 42.8 224.8 80
2021000260 0.475 496.8 204.6 500.1 259.0 80
2021000260 0.470 391.3 152.0 498.6 214.4 0
2021000260 0.465 81.0 193.4 111.4 208.8 80
2021000260 0.456 16.2 207.6 26.6 229.0 80
2021000260 0.453 9.9 208.4 20.8 222.7 80
2021000260 0.443 307.9 175.6 404.8 210.7 80
2021000260 0.420 31.7 211.5 43.6 228.6 80
2021000260 0.419 78.2 197.9 113.2 211.8 80
2021000260 0.416 18.9 207.5 31.2 228.4 14
2021000260 0.410 497.9 110.2 500.0 171.9 80
2021000260 0.406 403.3 155.3 495.0 194.0 80
2021000260 0.386 49.3 204.5 59.0 223.6 80
2021000260 0.382 18.5 211.4 28.6 229.6 80
2021000260 0.328 109.8 183.3 127.6 204.1 80
2021000260 0.325 49.4 204.0 61.1 227.2 80
2021000260 0.320 0.9 232.9 12.1 272.1 80
2021000260 0.319 49.4 204.0 61.1 227.2 14
2021000260 0.312 7.0 73.7 498.2 245.1 80
2021000260 0.275 51.6 203.5 61.3 227.0 80
2021000260 0.271 51.6 203.5 61.3 227.0 14
2021000260 0.244 18.5 211.4 28.6 229.6 14
2021000260 0.229 307.9 175.6 404.8 210.7 0
2021000260 0.217 391.3 152.0 498.6 214.4 80
2021000260 0.210 0.4 0.9 4.5 96.2 80
2021000260 0.198 74.3 88.2 439.7 226.1 80
2021000260 0.191 384.2 187.2 449.9 216.8 80
2021000260 0.186 -0.3 292.9 14.2 383.3 80
2021000260 0.184 49.3 204.5 59.0 223.6 14
2021000260 0.178 18.9 207.5 31.2 228.4 80
2021000260 0.177 0.9 232.9 12.1 272.1 1
2021000260 0.174 487.2 256.6 503.8 359.9 80
2021000260 0.166 16.2 207.6 26.6 229.0 14
2021000260 0.162 277.8 161.2 471.3 192.9 80
2021000260 0.153 371.8 169.0 490.7 363.4 80
2021000260 0.150 79.9 50.6 452.0 234.7 80
2021000260 0.146 216.3 214.0 383.1 258.3 80
2021000260 0.142 37.7 113.6 356.0 214.3 80
2021000260 0.140 125.8 225.0 386.1 357.2 80
2021000260 0.139 69.4 322.1 186.7 373.5 80
2021000260 0.137 179.7 360.9 322.0 377.8 80
2021000260 0.136 91.3 163.5 412.3 266.1 80
2021000260 0.135 62.3 204.2 286.5 353.2 80
2021000260 0.134 184.0 202.9 441.8 334.2 80
2021000260 0.134 311.2 330.7 425.9 370.6 80
2021000260 0.133 251.7 243.0 324.6 266.2 80
2021000260 0.133 195.6 199.2 266.6 245.9 80
2021000260 0.132 145.0 200.8 185.9 234.5 80
2021000260 0.132 20.3 176.0 120.1 363.9 80
2021000260 0.132 132.5 198.6 373.6 326.2 80
2021000260 0.131 87.3 167.4 381.3 248.9 80
2021000260 0.130 343.7 357.8 451.4 378.4 80
2021000260 0.130 152.3 325.8 264.6 368.4 80
2021000260 0.129 21.5 333.9 88.0 371.7 80
2021000260 0.129 74.8 188.3 332.3 315.8 80
2021000260 0.129 0.9 232.9 12.1 272.1 13
2021000260 0.128 272.9 242.0 436.2 318.1 80
2021000260 0.128 65.7 159.2 334.4 239.1 80
2021000260 0.128 213.9 326.7 329.8 368.2 80
2021000260 0.128 50.1 195.2 149.7 241.2 80
2021000260 0.127 152.2 191.8 265.8 235.6 80
2021000260 0.126 55.0 358.0 151.8 377.6 80
2021000260 0.126 178.8 351.2 307.5 374.9 80
2021000260 0.123 121.1 354.1 221.5 376.9 80
2021000260 0.123 270.2 352.1 376.4 375.3 80
2021000260 0.120 408.0 339.7 492.5 371.9 80
2021000260 0.119 78.2 197.9 113.2 211.8 0
2021000260 0.118 79.3 196.7 119.6 213.0 0
2021000260 0.112 83.1 46.2 484.3 149.5 80
2021000260 0.111 -16.7 175.4 261.3 218.1 80
2021000260 0.105 -43.9 0.7 451.6 39.8 80
2021000260 0.000 242.0 73.2 372.7 227.7 80
2021000260 0.000 0.9 43.1 103.5 247.8 80
2021000260 0.000 143.7 135.9 210.3 202.4 80
2021000260 0.000 211.4 111.8 275.3 178.0 80
2021000260 0.000 371.0 109.2 486.3 268.7 80
2021000260 0.000 255.8 137.9 317.1 204.5 80
2021000260 0.000 156.6 31.4 304.0 211.6 80
2021000260 0.000 45.5 217.8 107.4 288.9 80
2021000260 0.000 136.3 82.3 207.6 151.5 80
2021000260 0.000 81.5 117.6 146.9 186.5 80
2021000260 0.000 197.9 51.8 272.4 119.8 80
2021000260 0.000 453.6 128.4 499.6 211.2 80
2021000260 0.000 387.8 97.3 461.7 164.2 80
2021000260 0.000 348.6 145.3 411.0 211.1 80
2021000260 0.000 136.9 218.3 201.8 292.7 80
2021000260 0.000 19.5 26.1 206.5 194.8 80
2021000260 0.000 1.5 201.3 48.0 285.0 80
2021000260 0.000 297.9 170.7 359.9 236.2 80
2021000260 0.000 453.4 192.9 499.6 275.6 80
2021000260 0.000 356.3 197.7 415.7 265.7 80
2021000260 0.000 313.5 100.9 376.2 167.7 80
2021000260 0.000 323.9 8.3 496.6 191.8 80
2021000260 0.000 287.5 132.8 485.8 257.7 80
2021000260 0.000 205.6 160.1 267.3 225.4 80
2021000260 0.000 0.9 125.8 102.1 357.9 80
2021000260 0.000 33.3 127.4 166.8 276.8 80
2021000260 0.000 1.0 151.5 47.1 234.6 80
2021000260 0.000 89.9 187.8 149.8 253.9 80
2021000260 0.000 449.0 54.1 499.7 153.4 80
2021000260 0.000 117.9 161.9 233.2 316.5 80
2021000260 0.000 218.0 251.8 286.7 331.9 80
2021000260 0.000 149.3 172.2 210.8 237.6 80
2021000260 0.000 410.1 176.6 474.8 242.3 80
2021000260 0.000 27.0 155.1 94.9 220.9 80
2021000260 0.000 323.9 218.2 384.1 295.1 80
2021000260 0.000 202.7 116.7 319.1 275.9 80
2021000260 0.000 177.6 56.6 471.2 267.4 80
2021000260 0.000 252.3 124.0 366.8 347.9 80
2021000260 0.000 0.5 90.4 51.3 173.8 80
2021000260 0.000 0.7 22.0 51.8 106.0 80
2021000260 0.000 46.4 108.1 284.6 258.9 80
2021000260 0.000 101.1 50.5 245.1 317.1 80
2021000260 0.000 255.5 3.7 329.5 73.3 80
2021000260 0.000 322.9 47.5 406.2 116.3 80
2021000260 0.000 43.3 21.4 383.8 258.4 80
2021000260 0.000 0.6 249.6 58.3 369.8 80
2021000260 0.000 178.6 220.3 238.0 300.5 80
2021000260 0.000 442.7 245.1 499.6 368.5 80
2021000260 0.000 398.6 113.5 499.6 355.5 80
2021000260 0.000 10.6 10.6 491.5 199.6 80
2021000260 0.000 258.6 42.4 428.2 311.1 80
2021000260 0.000 90.0 16.9 408.1 364.6 80
2021000260 0.000 256.1 169.2 365.6 301.9 80
2021000260 0.000 -2.4 5.4 286.1 371.6 80
2021000260 0.000 8.1 89.0 229.6 370.1 80
2021000260 0.000 0.7 22.9 146.6 363.6 80
2021000260 0.000 213.1 6.1 497.0 372.7 80
2021000260 0.000 131.2 78.4 368.1 365.5 80
2021000260 0.000 156.2 201.7 351.1 369.4 80
2021000260 0.000 170.3 106.4 310.3 353.3 80
2021000260 0.000 153.4 21.0 355.4 360.9 80
2021000260 0.000 357.6 18.1 500.9 361.1 80
2021000260 0.000 68.8 68.1 447.4 321.4 80
2021000260 0.000 177.0 8.2 417.9 127.1 80
2021000260 0.000 43.6 254.9 289.5 373.6 80
2021000260 0.000 2.3 68.4 366.1 369.3 80
2021000260 0.000 5.1 279.1 130.5 374.3 80
2021000260 0.000 12.0 183.0 185.2 365.8 80
2021000260 0.000 305.3 180.1 482.3 365.0 80
2021000260 0.000 220.0 199.0 278.3 264.7 80
2021000260 0.000 24.3 146.3 338.1 364.6 80
2021000260 0.000 2.5 1.3 412.8 373.0 80
2021000260 0.000 150.8 131.3 355.6 228.6 80
2021000260 0.000 274.3 86.1 490.6 373.1 80
2021000260 0.000 3.0 228.5 496.0 374.4 80
2021000260 0.000 220.7 257.3 474.7 373.5 80
2021000260 0.000 84.5 1.1 496.2 372.9 80
2021000260 0.000 158.6 67.8 495.0 371.2 80
2021000260 0.000 157.9 150.5 463.3 364.9 80
2021000260 0.000 362.6 245.1 494.3 368.9 80
2021000260 0.000 44.4 60.6 117.3 136.8 80
2021000260 0.000 129.9 101.9 365.9 294.0 80
2021000260 0.000 22.3 43.4 477.5 366.6 80
2021000260 0.000 60.2 142.4 409.5 272.0 80
2021000260 0.000 0.4 100.8 499.0 366.5 80
2021000260 0.000 244.0 202.0 298.7 273.9 80
2021000260 0.000 12.6 94.7 489.8 271.8 80
2021000260 0.000 0.8 0.3 499.7 373.9 80
2021000260 0.000 1.3 18.3 498.9 309.8 80
2021000260 0.000 286.3 250.3 340.8 319.0 80
2021000260 0.000 424.2 6.2 498.9 85.7 80
2021000260 0.000 12.6 94.7 489.8 271.8 0
2021000260 0.000 0.8 0.3 499.7 373.9 7
2021000260 0.000 8.1 89.0 229.6 370.1 14
2021000260 0.000 258.6 42.4 428.2 311.1 14
2021000260 0.000 101.1 50.5 245.1 317.1 14
2021000260 0.000 170.3 106.4 310.3 353.3 14
2021000260 0.000 274.3 86.1 490.6 373.1 14
2021000260 0.000 153.4 21.0 355.4 360.9 14
2021000260 0.000 213.1 6.1 497.0 372.7 14
