2021001367 0.679 115.5 70.0 266.6 246.2 19
2021001367 0.678 1.6 250.5 74.3 377.7 80
2021001367 0.677 5.1 133.9 65.0 375.3 80
2021001367 0.673 254.2 1.4 366.9 49.2 80
2021001367 0.665 0.6 256.7 122.8 376.7 80
2021001367 0.659 261.8 58.3 442.3 242.2 19
2021001367 0.653 2.1 260.3 70.0 374.8 80
2021001367 0.646 217.0 4.1 257.6 45.6 80
2021001367 0.646 371.8 2.3 423.7 27.7 80
2021001367 0.645 470.8 339.4 498.3 375.7 80
2021001367 0.644 335.3 -0.3 395.2 38.2 80
2021001367 0.634 473.8 35.3 500.4 228.4 80
2021001367 0.634 259.4 1.5 332.2 52.9 80
2021001367 0.633 474.3 54.4 499.1 111.1 80
2021001367 0.619 482.5 50.5 499.8 264.8 80
2021001367 0.614 203.1 4.0 253.5 33.1 80
2021001367 0.607 221.6 1.3 261.5 47.9 80
2021001367 0.606 5.3 233.4 36.6 382.6 80
2021001367 0.606 132.4 3.5 161.8 35.6 80
2021001367 0.589 115.7 73.7 265.6 201.9 80
2021001367 0.569 472.2 -5.7 501.4 111.4 80
2021001367 0.568 437.7 1.0 476.3 30.8 80
2021001367 0.568 152.3 2.8 191.3 46.1 80
2021001367 0.539 1.5 131.8 101.2 383.5 80
2021001367 0.537 78.0 5.6 118.0 53.4 80
2021001367 0.521 259.3 3.0 333.4 36.8 80
2021001367 0.507 82.8 4.4 116.9 46.5 80
2021001367 0.507 263.4 63.2 428.1 237.2 80
2021001367 0.504 486.4 46.6 501.2 365.6 80
2021001367 0.502 474.3 -2.5 500.7 93.7 80
2021001367 0.485 113.6 3.8 148.4 32.3 80
2021001367 0.463 83.3 4.4 119.3 38.3 80
2021001367 0.433 497.9 187.2 500.2 325.7 80
2021001367 0.401 104.3 73.0 281.0 242.6 80
2021001367 0.380 80.9 80.7 445.3 221.6 80
2021001367 0.371 85.1 360.6 436.7 375.9 80
2021001367 0.363 253.7 72.4 448.3 241.1 80
2021001367 0.357 243.8 73.3 440.0 241.6 80
2021001367 0.347 -3.9 221.2 147.3 384.3 80
2021001367 0.322 -1.4 9.3 39.5 378.8 80
2021001367 0.308 -0.3 265.8 271.2 379.7 80
2021001367 0.246 472.5 39.5 500.0 372.0 80
2021001367 0.241 65.4 348.9 450.8 377.7 80
2021001367 0.236 0.2 77.6 3.8 304.3 80
2021001367 0.209 0.1 43.5 4.0 144.2 80
2021001367 0.207 0.0 3.8 5.8 70.2 80
2021001367 0.194 474.3 -2.5 500.7 93.7 19
2021001367 0.189 480.4 269.5 505.8 367.1 80
2021001367 0.185 364.0 53.8 482.0 377.1 80
2021001367 0.182 93.5 104.6 283.1 229.2 80
2021001367 0.180 -0.4 56.8 11.7 280.8 80
2021001367 0.158 79.7 100.8 284.0 221.4 80
2021001367 0.148 325.7 195.2 502.3 365.0 80
2021001367 0.148 78.0 5.6 118.0 53.4 19
2021001367 0.146 288.4 332.0 440.1 372.4 80
2021001367 0.146 0.6 256.7 122.8 376.7 8
2021001367 0.145 472.7 51.6 511.2 316.1 80
2021001367 0.144 115.3 325.2 291.9 372.9 80
2021001367 0.140 113.1 238.2 397.4 360.1 80
2021001367 0.139 38.1 356.7 161.5 378.0 80
2021001367 0.138 331.5 359.8 463.8 377.9 80
2021001367 0.137 188.6 205.0 441.5 347.8 80
2021001367 0.135 55.9 223.9 291.6 355.5 80
2021001367 0.135 196.5 335.9 343.4 370.0 80
2021001367 0.134 239.0 185.7 472.1 341.1 80
2021001367 0.132 100.4 135.3 291.2 243.8 80
2021001367 0.132 277.6 150.9 479.6 304.7 80
2021001367 0.132 130.9 199.5 378.8 339.5 80
2021001367 0.130 140.0 146.5 373.5 262.9 80
2021001367 0.130 81.4 183.9 326.8 330.0 80
2021001367 0.129 16.5 108.3 172.2 334.7 80
2021001367 0.129 230.9 150.0 440.4 270.8 80
2021001367 0.129 113.0 165.7 394.5 311.3 80
2021001367 0.128 21.8 166.0 248.5 334.1 80
2021001367 0.128 278.6 124.0 491.7 221.2 80
2021001367 0.126 201.1 224.8 279.4 273.4 80
2021001367 0.126 255.1 354.6 388.2 375.3 80
2021001367 0.126 398.5 344.8 493.5 372.2 80
2021001367 0.126 44.4 141.8 275.1 305.5 80
2021001367 0.126 156.0 157.1 413.1 299.9 80
2021001367 0.125 118.4 153.0 237.2 239.3 80
2021001367 0.124 93.6 243.2 148.1 289.0 80
2021001367 0.124 187.1 153.9 298.2 225.8 80
2021001367 0.123 107.8 355.3 238.7 376.7 80
2021001367 0.123 22.9 183.2 74.4 303.0 80
2021001367 0.123 228.5 160.1 411.4 232.6 80
2021001367 0.120 122.5 171.6 342.6 283.3 80
2021001367 0.119 96.2 146.0 235.1 241.6 80
2021001367 0.117 258.3 110.2 406.2 232.4 80
2021001367 0.116 77.1 199.4 181.5 274.6 80
2021001367 0.114 115.5 70.0 266.6 246.2 80
2021001367 0.110 114.6 119.1 476.5 203.5 80
2021001367 0.110 -12.4 116.1 228.9 186.2 80
2021001367 0.110 33.7 71.1 334.4 177.1 80
2021001367 0.108 -79.5 82.4 212.6 146.2 80
2021001367 0.108 188.6 61.7 511.4 183.2 80
2021001367 0.108 278.2 119.6 607.9 233.9 80
2021001367 0.108 226.7 104.1 550.1 199.2 80
2021001367 0.106 261.8 58.3 442.3 242.2 80
2021001367 0.105 -172.4 13.5 259.0 46.6 80
2021001367 0.679 115.5 70.0 266.6 246.2 19
2021001367 0.678 1.6 250.5 74.3 377.7 80
2021001367 0.677 5.1 133.9 65.0 375.3 80
2021001367 0.673 254.2 1.4 366.9 49.2 80
2021001367 0.665 0.6 256.7 122.8 376.7 80
2021001367 0.659 261.8 58.3 442.3 242.2 19
2021001367 0.653 2.1 260.3 70.0 374.8 80
2021001367 0.646 217.0 4.1 257.6 45.6 80
2021001367 0.646 371.8 2.3 423.7 27.7 80
2021001367 0.645 470.8 339.4 498.3 375.7 80
2021001367 0.644 335.3 -0.3 395.2 38.2 80
2021001367 0.634 473.8 35.3 500.4 228.4 80
2021001367 0.634 259.4 1.5 332.2 52.9 80
2021001367 0.633 474.3 54.4 499.1 111.1 80
2021001367 0.619 482.5 50.5 499.8 264.8 80
2021001367 0.614 203.1 4.0 253.5 33.1 80
2021001367 0.607 221.6 1.3 261.5 47.9 80
2021001367 0.606 5.3 233.4 36.6 382.6 80
2021001367 0.606 132.4 3.5 161.8 35.6 80
2021001367 0.589 115.7 73.7 265.6 201.9 80
2021001367 0.569 472.2 -5.7 501.4 111.4 80
2021001367 0.568 437.7 1.0 476.3 30.8 80
2021001367 0.568 152.3 2.8 191.3 46.1 80
2021001367 0.539 1.5 131.8 101.2 383.5 80
2021001367 0.537 78.0 5.6 118.0 53.4 80
2021001367 0.521 259.3 3.0 333.4 36.8 80
2021001367 0.507 82.8 4.4 116.9 46.5 80
2021001367 0.507 263.4 63.2 428.1 237.2 80
2021001367 0.504 486.4 46.6 501.2 365.6 80
2021001367 0.502 474.3 -2.5 500.7 93.7 80
2021001367 0.485 113.6 3.8 148.4 32.3 80
2021001367 0.463 83.3 4.4 119.3 38.3 80
2021001367 0.433 497.9 187.2 500.2 325.7 80
2021001367 0.401 104.3 73.0 281.0 242.6 80
2021001367 0.380 80.9 80.7 445.3 221.6 80
2021001367 0.371 85.1 360.6 436.7 375.9 80
2021001367 0.363 253.7 72.4 448.3 241.1 80
2021001367 0.357 243.8 73.3 440.0 241.6 80
2021001367 0.347 -3.9 221.2 147.3 384.3 80
2021001367 0.322 -1.4 9.3 39.5 378.8 80
2021001367 0.308 -0.3 265.8 271.2 379.7 80
2021001367 0.246 472.5 39.5 500.0 372.0 80
2021001367 0.241 65.4 348.9 450.8 377.7 80
2021001367 0.236 0.2 77.6 3.8 304.3 80
2021001367 0.209 0.1 43.5 4.0 144.2 80
2021001367 0.207 0.0 3.8 5.8 70.2 80
2021001367 0.194 474.3 -2.5 500.7 93.7 19
2021001367 0.189 480.4 269.5 505.8 367.1 80
2021001367 0.185 364.0 53.8 482.0 377.1 80
2021001367 0.182 93.5 104.6 283.1 229.2 80
2021001367 0.180 -0.4 56.8 11.7 280.8 80
2021001367 0.158 79.7 100.8 284.0 221.4 80
2021001367 0.148 325.7 195.2 502.3 365.0 80
2021001367 0.148 78.0 5.6 118.0 53.4 19
2021001367 0.146 288.4 332.0 440.1 372.4 80
2021001367 0.146 0.6 256.7 122.8 376.7 8
2021001367 0.145 472.7 51.6 511.2 316.1 80
2021001367 0.144 115.3 325.2 291.9 372.9 80
2021001367 0.140 113.1 238.2 397.4 360.1 80
2021001367 0.139 38.1 356.7 161.5 378.0 80
2021001367 0.138 331.5 359.8 463.8 377.9 80
2021001367 0.137 188.6 205.0 441.5 347.8 80
2021001367 0.135 55.9 223.9 291.6 355.5 80
2021001367 0.135 196.5 335.9 343.4 370.0 80
2021001367 0.134 239.0 185.7 472.1 341.1 80
2021001367 0.132 100.4 135.3 291.2 243.8 80
2021001367 0.132 277.6 150.9 479.6 304.7 80
2021001367 0.132 130.9 199.5 378.8 339.5 80
2021001367 0.130 140.0 146.5 373.5 262.9 80
2021001367 0.130 81.4 183.9 326.8 330.0 80
2021001367 0.129 16.5 108.3 172.2 334.7 80
2021001367 0.129 230.9 150.0 440.4 270.8 80
2021001367 0.129 113.0 165.7 394.5 311.3 80
2021001367 0.128 21.8 166.0 248.5 334.1 80
2021001367 0.128 278.6 124.0 491.7 221.2 80
2021001367 0.126 201.1 224.8 279.4 273.4 80
2021001367 0.126 255.1 354.6 388.2 375.3 80
2021001367 0.126 398.5 344.8 493.5 372.2 80
2021001367 0.126 44.4 141.8 275.1 305.5 80
2021001367 0.126 156.0 157.1 413.1 299.9 80
2021001367 0.125 118.4 153.0 237.2 239.3 80
2021001367 0.124 93.6 243.2 148.1 289.0 80
2021001367 0.124 187.1 153.9 298.2 225.8 80
2021001367 0.123 107.8 355.3 238.7 376.7 80
2021001367 0.123 22.9 183.2 74.4 303.0 80
2021001367 0.123 228.5 160.1 411.4 232.6 80
2021001367 0.120 122.5 171.6 342.6 283.3 80
2021001367 0.119 96.2 146.0 235.1 241.6 80
2021001367 0.117 258.3 110.2 406.2 232.4 80
2021001367 0.116 77.1 199.4 181.5 274.6 80
2021001367 0.114 115.5 70.0 266.6 246.2 80
2021001367 0.110 114.6 119.1 476.5 203.5 80
2021001367 0.110 -12.4 116.1 228.9 186.2 80
2021001367 0.110 33.7 71.1 334.4 177.1 80
2021001367 0.108 -79.5 82.4 212.6 146.2 80
2021001367 0.108 188.6 61.7 511.4 183.2 80
2021001367 0.108 278.2 119.6 607.9 233.9 80
2021001367 0.108 226.7 104.1 550.1 199.2 80
2021001367 0.106 261.8 58.3 442.3 242.2 80
2021001367 0.105 -172.4 13.5 259.0 46.6 80
2021001367 0.000 242.0 73.2 372.7 227.7 80
2021001367 0.000 0.9 43.1 103.5 247.8 80
2021001367 0.000 143.7 135.9 210.3 202.4 80
2021001367 0.000 211.4 111.8 275.3 178.0 80
2021001367 0.000 371.0 109.2 486.3 268.7 80
2021001367 0.000 255.8 137.9 317.1 204.5 80
2021001367 0.000 156.6 31.4 304.0 211.6 80
2021001367 0.000 45.5 217.8 107.4 288.9 80
2021001367 0.000 136.3 82.3 207.6 151.5 80
2021001367 0.000 81.5 117.6 146.9 186.5 80
2021001367 0.000 197.9 51.8 272.4 119.8 80
2021001367 0.000 453.6 128.4 499.6 211.2 80
2021001367 0.000 387.8 97.3 461.7 164.2 80
2021001367 0.000 348.6 145.3 411.0 211.1 80
2021001367 0.000 136.9 218.3 201.8 292.7 80
2021001367 0.000 19.5 26.1 206.5 194.8 80
2021001367 0.000 1.5 201.3 48.0 285.0 80
2021001367 0.000 297.9 170.7 359.9 236.2 80
2021001367 0.000 453.4 192.9 499.6 275.6 80
2021001367 0.000 356.3 197.7 415.7 265.7 80
2021001367 0.000 313.5 100.9 376.2 167.7 80
2021001367 0.000 323.9 8.3 496.6 191.8 80
2021001367 0.000 287.5 132.8 485.8 257.7 80
2021001367 0.000 205.6 160.1 267.3 225.4 80
2021001367 0.000 0.9 125.8 102.1 357.9 80
2021001367 0.000 33.3 127.4 166.8 276.8 80
2021001367 0.000 1.0 151.5 47.1 234.6 80
2021001367 0.000 89.9 187.8 149.8 253.9 80
2021001367 0.000 449.0 54.1 499.7 153.4 80
2021001367 0.000 117.9 161.9 233.2 316.5 80
2021001367 0.000 218.0 251.8 286.7 331.9 80
2021001367 0.000 149.3 172.2 210.8 237.6 80
2021001367 0.000 410.1 176.6 474.8 242.3 80
2021001367 0.000 27.0 155.1 94.9 220.9 80
2021001367 0.000 323.9 218.2 384.1 295.1 80
2021001367 0.000 202.7 116.7 319.1 275.9 80
2021001367 0.000 177.6 56.6 471.2 267.4 80
2021001367 0.000 252.3 124.0 366.8 347.9 80
2021001367 0.000 0.5 90.4 51.3 173.8 80
2021001367 0.000 0.7 22.0 51.8 106.0 80
2021001367 0.000 46.4 108.1 284.6 258.9 80
2021001367 0.000 101.1 50.5 245.1 317.1 80
2021001367 0.000 255.5 3.7 329.5 73.3 80
2021001367 0.000 322.9 47.5 406.2 116.3 80
2021001367 0.000 43.3 21.4 383.8 258.4 80
2021001367 0.000 0.6 249.6 58.3 369.8 80
2021001367 0.000 178.6 220.3 238.0 300.5 80
2021001367 0.000 442.7 245.1 499.6 368.5 80
2021001367 0.000 398.6 113.5 499.6 355.5 80
2021001367 0.000 10.6 10.6 491.5 199.6 80
2021001367 0.000 258.6 42.4 428.2 311.1 80
2021001367 0.000 90.0 16.9 408.1 364.6 80
2021001367 0.000 256.1 169.2 365.6 301.9 80
2021001367 0.000 -2.4 5.4 286.1 371.6 80
2021001367 0.000 8.1 89.0 229.6 370.1 80
2021001367 0.000 0.7 22.9 146.6 363.6 80
2021001367 0.000 213.1 6.1 497.0 372.7 80
2021001367 0.000 131.2 78.4 368.1 365.5 80
2021001367 0.000 156.2 201.7 351.1 369.4 80
2021001367 0.000 170.3 106.4 310.3 353.3 80
2021001367 0.000 153.4 21.0 355.4 360.9 80
2021001367 0.000 357.6 18.1 500.9 361.1 80
2021001367 0.000 68.8 68.1 447.4 321.4 80
2021001367 0.000 177.0 8.2 417.9 127.1 80
2021001367 0.000 43.6 254.9 289.5 373.6 80
2021001367 0.000 2.3 68.4 366.1 369.3 80
2021001367 0.000 5.1 279.1 130.5 374.3 80
2021001367 0.000 12.0 183.0 185.2 365.8 80
2021001367 0.000 305.3 180.1 482.3 365.0 80
2021001367 0.000 220.0 199.0 278.3 264.7 80
2021001367 0.000 24.3 146.3 338.1 364.6 80
2021001367 0.000 2.5 1.3 412.8 373.0 80
2021001367 0.000 150.8 131.3 355.6 228.6 80
2021001367 0.000 274.3 86.1 490.6 373.1 80
2021001367 0.000 3.0 228.5 496.0 374.4 80
2021001367 0.000 220.7 257.3 474.7 373.5 80
2021001367 0.000 84.5 1.1 496.2 372.9 80
2021001367 0.000 158.6 67.8 495.0 371.2 80
2021001367 0.000 157.9 150.5 463.3 364.9 80
2021001367 0.000 362.6 245.1 494.3 368.9 80
2021001367 0.000 44.4 60.6 117.3 136.8 80
2021001367 0.000 129.9 101.9 365.9 294.0 80
2021001367 0.000 22.3 43.4 477.5 366.6 80
2021001367 0.000 60.2 142.4 409.5 272.0 80
2021001367 0.000 0.4 100.8 499.0 366.5 80
2021001367 0.000 244.0 202.0 298.7 273.9 80
2021001367 0.000 12.6 94.7 489.8 271.8 80
2021001367 0.000 0.8 0.3 499.7 373.9 80
2021001367 0.000 1.3 18.3 498.9 309.8 80
2021001367 0.000 286.3 250.3 340.8 319.0 80
2021001367 0.000 424.2 6.2 498.9 85.7 80
2021001367 0.000 12.6 94.7 489.8 271.8 0
2021001367 0.000 0.8 0.3 499.7 373.9 7
2021001367 0.000 8.1 89.0 229.6 370.1 14
2021001367 0.000 258.6 42.4 428.2 311.1 14
2021001367 0.000 101.1 50.5 245.1 317.1 14
2021001367 0.000 170.3 106.4 310.3 353.3 14
2021001367 0.000 274.3 86.1 490.6 373.1 14
2021001367 0.000 153.4 21.0 355.4 360.9 14
2021001367 0.000 213.1 6.1 497.0 372.7 14
