2021001966 0.694 41.2 1.6 131.4 58.0 80
2021001966 0.694 1.4 28.3 115.5 284.8 7
2021001966 0.680 359.9 51.1 499.7 375.7 7
2021001966 0.663 386.1 0.5 500.7 48.4 80
2021001966 0.655 37.1 0.7 97.5 49.7 80
2021001966 0.650 3.6 24.1 55.3 291.9 80
2021001966 0.644 6.6 -0.3 43.6 32.3 80
2021001966 0.637 4.3 8.7 30.5 109.1 80
2021001966 0.636 380.7 53.5 499.9 374.6 80
2021001966 0.634 1.1 54.3 23.9 290.4 80
2021001966 0.622 471.2 334.5 500.0 375.8 80
2021001966 0.612 334.3 0.7 488.7 34.0 80
2021001966 0.606 452.3 32.8 502.1 374.0 80
2021001966 0.598 254.9 -2.8 499.1 67.1 80
2021001966 0.595 491.8 33.0 500.3 227.2 80
2021001966 0.590 1.8 29.0 17.2 288.8 80
2021001966 0.582 359.7 61.3 489.1 370.1 80
2021001966 0.578 272.1 7.3 509.1 379.7 80
2021001966 0.578 492.3 165.1 500.5 362.9 80
2021001966 0.547 492.4 42.6 500.5 350.1 80
2021001966 0.547 -4.7 121.0 111.6 283.3 80
2021001966 0.532 370.2 79.4 507.0 368.8 80
2021001966 0.520 463.9 16.8 504.1 365.4 80
2021001966 0.520 7.2 43.6 118.5 289.1 80
2021001966 0.515 0.0 5.7 499.0 372.2 80
2021001966 0.509 70.3 -0.2 184.8 27.0 80
2021001966 0.502 1.1 33.2 104.9 299.4 80
2021001966 0.488 479.0 -0.8 506.6 54.3 80
2021001966 0.456 317.1 10.1 493.1 379.5 80
2021001966 0.450 1.4 111.0 10.0 349.3 80
2021001966 0.448 2.1 12.8 30.9 332.3 80
2021001966 0.439 353.4 41.1 478.4 362.6 80
2021001966 0.422 347.9 30.2 494.3 375.6 80
2021001966 0.401 -15.1 40.0 115.9 215.9 80
2021001966 0.302 159.2 0.2 258.2 7.1 80
2021001966 0.275 -2.7 82.1 56.8 391.9 80
2021001966 0.249 127.4 366.0 416.4 376.0 80
2021001966 0.237 6.8 29.3 105.8 320.5 80
2021001966 0.197 481.3 248.6 505.1 374.1 80
2021001966 0.195 357.3 86.4 518.2 299.8 80
2021001966 0.186 -2.1 296.9 22.4 387.9 80
2021001966 0.170 126.8 362.7 394.6 374.6 80
2021001966 0.168 335.7 142.6 513.5 374.4 80
2021001966 0.167 10.3 46.6 87.9 304.5 80
2021001966 0.149 304.1 330.4 440.0 374.7 80
2021001966 0.148 256.1 358.6 410.8 375.6 80
2021001966 0.144 16.1 151.9 127.3 373.5 80
2021001966 0.144 17.6 77.1 113.1 325.1 80
2021001966 0.140 118.4 237.9 397.2 361.4 80
2021001966 0.140 63.2 322.5 197.1 373.9 80
2021001966 0.139 330.5 357.9 456.2 378.4 80
2021001966 0.138 2.4 117.7 96.1 248.7 80
2021001966 0.138 198.9 195.4 449.3 353.0 80
2021001966 0.137 243.3 165.7 485.7 348.1 80
2021001966 0.136 56.1 203.4 291.7 358.3 80
2021001966 0.135 387.4 341.4 491.1 374.8 80
2021001966 0.135 230.0 104.5 468.4 326.4 80
2021001966 0.132 129.0 201.0 384.5 340.1 80
2021001966 0.130 28.1 144.1 225.0 332.0 80
2021001966 0.129 107.4 166.4 399.2 313.1 80
2021001966 0.129 145.5 334.6 273.1 369.1 80
2021001966 0.129 212.1 337.8 338.9 369.6 80
2021001966 0.129 77.6 184.3 330.4 328.3 80
2021001966 0.129 19.0 327.7 91.0 372.9 80
2021001966 0.127 47.2 127.6 259.1 307.0 80
2021001966 0.127 164.2 148.0 413.6 311.2 80
2021001966 0.124 47.3 357.5 159.0 377.9 80
2021001966 0.124 115.5 155.4 354.9 298.8 80
2021001966 0.123 206.4 222.6 291.7 290.9 80
2021001966 0.121 116.7 355.2 228.7 376.7 80
2021001966 0.121 176.4 215.9 241.9 272.0 80
2021001966 0.120 106.6 210.9 169.5 269.6 80
2021001966 0.120 78.2 142.8 305.9 280.3 80
2021001966 0.119 360.0 133.3 488.3 296.0 80
2021001966 0.118 75.1 140.3 265.6 257.5 80
2021001966 0.117 138.4 129.2 358.7 196.1 80
2021001966 0.116 289.9 240.0 353.5 299.9 80
2021001966 0.116 254.0 140.8 454.9 236.9 80
2021001966 0.116 193.2 147.0 399.2 222.6 80
2021001966 0.116 68.4 120.9 304.4 188.9 80
2021001966 0.113 230.6 246.5 292.1 299.0 80
2021001966 0.113 49.8 126.9 176.7 203.2 80
2021001966 0.113 -6.6 74.9 135.2 178.4 80
2021001966 0.111 248.8 86.8 528.8 200.7 80
2021001966 0.110 2.3 25.2 461.6 77.9 80
2021001966 0.110 71.8 28.6 501.9 80.3 80
2021001966 0.109 136.3 50.4 523.9 124.0 80
2021001966 0.108 26.8 31.1 506.8 109.8 80
2021001966 0.107 -45.0 23.6 397.3 80.0 80
2021001966 0.106 266.2 29.1 664.0 153.9 80
2021001966 0.104 156.7 3.4 646.0 72.8 80
2021001966 0.103 210.0 8.1 657.0 102.7 80
2021001966 0.102 -103.8 9.1 353.5 63.3 80
2021001966 0.101 117.4 6.3 616.2 53.0 80
2021001966 0.098 80.1 -0.6 579.1 18.6 80
2021001966 0.096 47.6 -1.2 546.6 33.4 80
2021001966 0.096 2.3 -1.5 501.3 28.3 80
2021001966 0.095 -46.3 -2.5 452.7 29.8 80
2021001966 0.094 72.6 -2.7 571.6 29.2 80
2021001966 0.092 23.0 -1.9 522.0 21.7 80
2021001966 0.694 41.2 1.6 131.4 58.0 80
2021001966 0.694 1.4 28.3 115.5 284.8 7
2021001966 0.680 359.9 51.1 499.7 375.7 7
2021001966 0.663 386.1 0.5 500.7 48.4 80
2021001966 0.655 37.1 0.7 97.5 49.7 80
2021001966 0.650 3.6 24.1 55.3 291.9 80
2021001966 0.644 6.6 -0.3 43.6 32.3 80
2021001966 0.637 4.3 8.7 30.5 109.1 80
2021001966 0.636 380.7 53.5 499.9 374.6 80
2021001966 0.634 1.1 54.3 23.9 290.4 80
2021001966 0.622 471.2 334.5 500.0 375.8 80
2021001966 0.612 334.3 0.7 488.7 34.0 80
2021001966 0.606 452.3 32.8 502.1 374.0 80
2021001966 0.598 254.9 -2.8 499.1 67.1 80
2021001966 0.595 491.8 33.0 500.3 227.2 80
2021001966 0.590 1.8 29.0 17.2 288.8 80
2021001966 0.582 359.7 61.3 489.1 370.1 80
2021001966 0.578 272.1 7.3 509.1 379.7 80
2021001966 0.578 492.3 165.1 500.5 362.9 80
2021001966 0.547 492.4 42.6 500.5 350.1 80
2021001966 0.547 -4.7 121.0 111.6 283.3 80
2021001966 0.532 370.2 79.4 507.0 368.8 80
2021001966 0.520 463.9 16.8 504.1 365.4 80
2021001966 0.520 7.2 43.6 118.5 289.1 80
2021001966 0.515 0.0 5.7 499.0 372.2 80
2021001966 0.509 70.3 -0.2 184.8 27.0 80
2021001966 0.502 1.1 33.2 104.9 299.4 80
2021001966 0.488 479.0 -0.8 506.6 54.3 80
2021001966 0.456 317.1 10.1 493.1 379.5 80
2021001966 0.450 1.4 111.0 10.0 349.3 80
2021001966 0.448 2.1 12.8 30.9 332.3 80
2021001966 0.439 353.4 41.1 478.4 362.6 80
2021001966 0.422 347.9 30.2 494.3 375.6 80
2021001966 0.401 -15.1 40.0 115.9 215.9 80
2021001966 0.302 159.2 0.2 258.2 7.1 80
2021001966 0.275 -2.7 82.1 56.8 391.9 80
2021001966 0.249 127.4 366.0 416.4 376.0 80
2021001966 0.237 6.8 29.3 105.8 320.5 80
2021001966 0.197 481.3 248.6 505.1 374.1 80
2021001966 0.195 357.3 86.4 518.2 299.8 80
2021001966 0.186 -2.1 296.9 22.4 387.9 80
2021001966 0.170 126.8 362.7 394.6 374.6 80
2021001966 0.168 335.7 142.6 513.5 374.4 80
2021001966 0.167 10.3 46.6 87.9 304.5 80
2021001966 0.149 304.1 330.4 440.0 374.7 80
2021001966 0.148 256.1 358.6 410.8 375.6 80
2021001966 0.144 16.1 151.9 127.3 373.5 80
2021001966 0.144 17.6 77.1 113.1 325.1 80
2021001966 0.140 118.4 237.9 397.2 361.4 80
2021001966 0.140 63.2 322.5 197.1 373.9 80
2021001966 0.139 330.5 357.9 456.2 378.4 80
2021001966 0.138 2.4 117.7 96.1 248.7 80
2021001966 0.138 198.9 195.4 449.3 353.0 80
2021001966 0.137 243.3 165.7 485.7 348.1 80
2021001966 0.136 56.1 203.4 291.7 358.3 80
2021001966 0.135 387.4 341.4 491.1 374.8 80
2021001966 0.135 230.0 104.5 468.4 326.4 80
2021001966 0.132 129.0 201.0 384.5 340.1 80
2021001966 0.130 28.1 144.1 225.0 332.0 80
2021001966 0.129 107.4 166.4 399.2 313.1 80
2021001966 0.129 145.5 334.6 273.1 369.1 80
2021001966 0.129 212.1 337.8 338.9 369.6 80
2021001966 0.129 77.6 184.3 330.4 328.3 80
2021001966 0.129 19.0 327.7 91.0 372.9 80
2021001966 0.127 47.2 127.6 259.1 307.0 80
2021001966 0.127 164.2 148.0 413.6 311.2 80
2021001966 0.124 47.3 357.5 159.0 377.9 80
2021001966 0.124 115.5 155.4 354.9 298.8 80
2021001966 0.123 206.4 222.6 291.7 290.9 80
2021001966 0.121 116.7 355.2 228.7 376.7 80
2021001966 0.121 176.4 215.9 241.9 272.0 80
2021001966 0.120 106.6 210.9 169.5 269.6 80
2021001966 0.120 78.2 142.8 305.9 280.3 80
2021001966 0.119 360.0 133.3 488.3 296.0 80
2021001966 0.118 75.1 140.3 265.6 257.5 80
2021001966 0.117 138.4 129.2 358.7 196.1 80
2021001966 0.116 289.9 240.0 353.5 299.9 80
2021001966 0.116 254.0 140.8 454.9 236.9 80
2021001966 0.116 193.2 147.0 399.2 222.6 80
2021001966 0.116 68.4 120.9 304.4 188.9 80
2021001966 0.113 230.6 246.5 292.1 299.0 80
2021001966 0.113 49.8 126.9 176.7 203.2 80
2021001966 0.113 -6.6 74.9 135.2 178.4 80
2021001966 0.111 248.8 86.8 528.8 200.7 80
2021001966 0.110 2.3 25.2 461.6 77.9 80
2021001966 0.110 71.8 28.6 501.9 80.3 80
2021001966 0.109 136.3 50.4 523.9 124.0 80
2021001966 0.108 26.8 31.1 506.8 109.8 80
2021001966 0.107 -45.0 23.6 397.3 80.0 80
2021001966 0.106 266.2 29.1 664.0 153.9 80
2021001966 0.104 156.7 3.4 646.0 72.8 80
2021001966 0.103 210.0 8.1 657.0 102.7 80
2021001966 0.102 -103.8 9.1 353.5 63.3 80
2021001966 0.101 117.4 6.3 616.2 53.0 80
2021001966 0.098 80.1 -0.6 579.1 18.6 80
2021001966 0.096 47.6 -1.2 546.6 33.4 80
2021001966 0.096 2.3 -1.5 501.3 28.3 80
2021001966 0.095 -46.3 -2.5 452.7 29.8 80
2021001966 0.094 72.6 -2.7 571.6 29.2 80
2021001966 0.092 23.0 -1.9 522.0 21.7 80
2021001966 0.000 242.0 73.2 372.7 227.7 80
2021001966 0.000 0.9 43.1 103.5 247.8 80
2021001966 0.000 143.7 135.9 210.3 202.4 80
2021001966 0.000 211.4 111.8 275.3 178.0 80
2021001966 0.000 371.0 109.2 486.3 268.7 80
2021001966 0.000 255.8 137.9 317.1 204.5 80
2021001966 0.000 156.6 31.4 304.0 211.6 80
2021001966 0.000 45.5 217.8 107.4 288.9 80
2021001966 0.000 136.3 82.3 207.6 151.5 80
2021001966 0.000 81.5 117.6 146.9 186.5 80
2021001966 0.000 197.9 51.8 272.4 119.8 80
2021001966 0.000 453.6 128.4 499.6 211.2 80
2021001966 0.000 387.8 97.3 461.7 164.2 80
2021001966 0.000 348.6 145.3 411.0 211.1 80
2021001966 0.000 136.9 218.3 201.8 292.7 80
2021001966 0.000 19.5 26.1 206.5 194.8 80
2021001966 0.000 1.5 201.3 48.0 285.0 80
2021001966 0.000 297.9 170.7 359.9 236.2 80
2021001966 0.000 453.4 192.9 499.6 275.6 80
2021001966 0.000 356.3 197.7 415.7 265.7 80
2021001966 0.000 313.5 100.9 376.2 167.7 80
2021001966 0.000 323.9 8.3 496.6 191.8 80
2021001966 0.000 287.5 132.8 485.8 257.7 80
2021001966 0.000 205.6 160.1 267.3 225.4 80
2021001966 0.000 0.9 125.8 102.1 357.9 80
2021001966 0.000 33.3 127.4 166.8 276.8 80
2021001966 0.000 1.0 151.5 47.1 234.6 80
2021001966 0.000 89.9 187.8 149.8 253.9 80
2021001966 0.000 449.0 54.1 499.7 153.4 80
2021001966 0.000 117.9 161.9 233.2 316.5 80
2021001966 0.000 218.0 251.8 286.7 331.9 80
2021001966 0.000 149.3 172.2 210.8 237.6 80
2021001966 0.000 410.1 176.6 474.8 242.3 80
2021001966 0.000 27.0 155.1 94.9 220.9 80
2021001966 0.000 323.9 218.2 384.1 295.1 80
2021001966 0.000 202.7 116.7 319.1 275.9 80
2021001966 0.000 177.6 56.6 471.2 267.4 80
2021001966 0.000 252.3 124.0 366.8 347.9 80
2021001966 0.000 0.5 90.4 51.3 173.8 80
2021001966 0.000 0.7 22.0 51.8 106.0 80
2021001966 0.000 46.4 108.1 284.6 258.9 80
2021001966 0.000 101.1 50.5 245.1 317.1 80
2021001966 0.000 255.5 3.7 329.5 73.3 80
2021001966 0.000 322.9 47.5 406.2 116.3 80
2021001966 0.000 43.3 21.4 383.8 258.4 80
2021001966 0.000 0.6 249.6 58.3 369.8 80
2021001966 0.000 178.6 220.3 238.0 300.5 80
2021001966 0.000 442.7 245.1 499.6 368.5 80
2021001966 0.000 398.6 113.5 499.6 355.5 80
2021001966 0.000 10.6 10.6 491.5 199.6 80
2021001966 0.000 258.6 42.4 428.2 311.1 80
2021001966 0.000 90.0 16.9 408.1 364.6 80
2021001966 0.000 256.1 169.2 365.6 301.9 80
2021001966 0.000 -2.4 5.4 286.1 371.6 80
2021001966 0.000 8.1 89.0 229.6 370.1 80
2021001966 0.000 0.7 22.9 146.6 363.6 80
2021001966 0.000 213.1 6.1 497.0 372.7 80
2021001966 0.000 131.2 78.4 368.1 365.5 80
2021001966 0.000 156.2 201.7 351.1 369.4 80
2021001966 0.000 170.3 106.4 310.3 353.3 80
2021001966 0.000 153.4 21.0 355.4 360.9 80
2021001966 0.000 357.6 18.1 500.9 361.1 80
2021001966 0.000 68.8 68.1 447.4 321.4 80
2021001966 0.000 177.0 8.2 417.9 127.1 80
2021001966 0.000 43.6 254.9 289.5 373.6 80
2021001966 0.000 2.3 68.4 366.1 369.3 80
2021001966 0.000 5.1 279.1 130.5 374.3 80
2021001966 0.000 12.0 183.0 185.2 365.8 80
2021001966 0.000 305.3 180.1 482.3 365.0 80
2021001966 0.000 220.0 199.0 278.3 264.7 80
2021001966 0.000 24.3 146.3 338.1 364.6 80
2021001966 0.000 2.5 1.3 412.8 373.0 80
2021001966 0.000 150.8 131.3 355.6 228.6 80
2021001966 0.000 274.3 86.1 490.6 373.1 80
2021001966 0.000 3.0 228.5 496.0 374.4 80
2021001966 0.000 220.7 257.3 474.7 373.5 80
2021001966 0.000 84.5 1.1 496.2 372.9 80
2021001966 0.000 158.6 67.8 495.0 371.2 80
2021001966 0.000 157.9 150.5 463.3 364.9 80
2021001966 0.000 362.6 245.1 494.3 368.9 80
2021001966 0.000 44.4 60.6 117.3 136.8 80
2021001966 0.000 129.9 101.9 365.9 294.0 80
2021001966 0.000 22.3 43.4 477.5 366.6 80
2021001966 0.000 60.2 142.4 409.5 272.0 80
2021001966 0.000 0.4 100.8 499.0 366.5 80
2021001966 0.000 244.0 202.0 298.7 273.9 80
2021001966 0.000 12.6 94.7 489.8 271.8 80
2021001966 0.000 0.8 0.3 499.7 373.9 80
2021001966 0.000 1.3 18.3 498.9 309.8 80
2021001966 0.000 286.3 250.3 340.8 319.0 80
2021001966 0.000 424.2 6.2 498.9 85.7 80
2021001966 0.000 12.6 94.7 489.8 271.8 0
2021001966 0.000 0.8 0.3 499.7 373.9 7
2021001966 0.000 8.1 89.0 229.6 370.1 14
2021001966 0.000 258.6 42.4 428.2 311.1 14
2021001966 0.000 101.1 50.5 245.1 317.1 14
2021001966 0.000 170.3 106.4 310.3 353.3 14
2021001966 0.000 274.3 86.1 490.6 373.1 14
2021001966 0.000 153.4 21.0 355.4 360.9 14
2021001966 0.000 213.1 6.1 497.0 372.7 14
