2021009199 0.732 28.1 139.8 374.0 499.7 11
2021009199 0.635 464.0 457.9 499.6 498.4 80
2021009199 0.531 33.5 153.3 413.8 490.0 80
2021009199 0.469 496.7 293.6 500.5 410.3 80
2021009199 0.468 497.0 81.7 500.7 180.7 80
2021009199 0.462 495.8 199.0 500.7 312.5 80
2021009199 0.432 33.7 147.1 378.4 480.2 80
2021009199 0.383 38.0 129.7 379.2 470.2 80
2021009199 0.333 4.9 3.1 490.9 501.9 80
2021009199 0.296 29.4 128.8 354.8 458.6 80
2021009199 0.280 498.8 91.7 500.1 288.2 80
2021009199 0.278 497.8 137.7 500.3 433.2 80
2021009199 0.247 65.6 485.4 450.2 501.5 80
2021009199 0.237 495.7 24.6 500.6 488.7 80
2021009199 0.224 65.8 471.3 449.7 501.2 80
2021009199 0.221 0.4 265.9 4.2 445.0 80
2021009199 0.217 0.3 140.7 3.3 326.7 80
2021009199 0.216 0.0 1.4 5.0 109.6 80
2021009199 0.215 0.1 61.1 3.7 197.0 80
2021009199 0.202 0.4 74.2 8.6 448.6 80
2021009199 0.199 0.6 75.2 7.5 283.9 80
2021009199 0.193 -0.7 28.7 22.8 475.4 80
2021009199 0.192 480.3 110.0 501.0 486.8 80
2021009199 0.191 9.9 170.5 352.1 448.2 80
2021009199 0.170 -3.6 419.9 25.8 510.6 80
2021009199 0.163 -0.5 275.4 32.3 500.0 80
2021009199 0.159 28.6 71.1 275.4 451.8 80
2021009199 0.157 37.6 210.7 369.9 445.5 80
2021009199 0.155 476.4 393.5 507.5 485.0 80
2021009199 0.153 35.8 406.7 270.3 505.6 80
2021009199 0.152 104.2 400.2 327.1 500.9 80
2021009199 0.148 331.1 276.5 502.8 494.2 80
2021009199 0.148 362.4 105.4 505.4 477.9 80
2021009199 0.144 455.4 182.3 490.8 496.3 80
2021009199 0.141 186.6 444.0 342.5 495.9 80
2021009199 0.140 288.4 456.1 421.0 495.3 80
2021009199 0.140 102.8 290.2 399.8 472.3 80
2021009199 0.139 -13.2 271.4 231.7 490.3 80
2021009199 0.139 2.4 202.9 308.9 448.6 80
2021009199 0.137 32.7 263.6 326.2 468.4 80
2021009199 0.137 84.6 275.9 286.8 426.1 80
2021009199 0.135 27.0 237.0 85.8 435.0 80
2021009199 0.135 90.9 266.4 311.7 416.8 80
2021009199 0.134 220.2 253.5 483.2 453.8 80
2021009199 0.134 178.3 270.3 443.3 459.1 80
2021009199 0.134 1.8 124.4 105.1 482.9 80
2021009199 0.133 103.3 251.3 389.5 444.6 80
2021009199 0.133 268.8 188.7 499.4 438.5 80
2021009199 0.133 336.9 480.7 459.8 503.9 80
2021009199 0.132 156.5 322.4 238.9 393.6 80
2021009199 0.130 118.8 310.4 187.6 379.2 80
2021009199 0.129 130.6 338.7 261.3 438.9 80
2021009199 0.129 166.9 298.0 264.0 370.2 80
2021009199 0.128 122.2 197.8 391.0 425.1 80
2021009199 0.127 218.1 326.9 302.0 402.8 80
2021009199 0.126 14.6 451.7 104.4 497.3 80
2021009199 0.126 43.9 475.4 160.4 503.9 80
2021009199 0.125 6.4 174.0 226.0 429.4 80
2021009199 0.125 399.4 463.7 494.9 496.6 80
2021009199 0.125 207.2 203.5 449.0 402.4 80
2021009199 0.124 315.6 335.2 372.9 400.5 80
2021009199 0.123 253.9 474.4 381.8 500.3 80
2021009199 0.121 189.5 270.6 299.4 362.3 80
2021009199 0.121 105.3 345.5 198.7 429.2 80
2021009199 0.121 108.1 470.6 236.8 502.7 80
2021009199 0.119 -11.0 27.8 60.4 77.1 80
2021009199 0.118 214.6 228.6 430.5 327.8 80
2021009199 0.118 122.0 192.5 293.6 275.4 80
2021009199 0.118 209.0 181.5 450.7 360.9 80
2021009199 0.116 143.9 173.1 364.7 260.4 80
2021009199 0.115 20.0 220.8 195.9 320.5 80
2021009199 0.115 484.7 -1.3 507.2 27.1 80
2021009199 0.115 243.3 152.1 509.7 249.2 80
2021009199 0.115 157.6 151.5 446.9 247.1 80
2021009199 0.115 41.8 132.5 300.4 228.6 80
2021009199 0.115 76.5 163.7 402.9 274.6 80
2021009199 0.114 343.2 235.2 459.7 384.6 80
2021009199 0.111 265.7 116.9 576.4 226.1 80
2021009199 0.111 -76.0 117.3 207.3 206.3 80
2021009199 0.108 -75.8 19.8 360.3 91.8 80
2021009199 0.108 123.9 26.0 588.5 102.3 80
2021009199 0.107 390.1 73.6 556.1 181.9 80
2021009199 0.106 39.4 0.5 538.1 71.9 80
2021009199 0.106 -139.8 12.7 329.0 64.9 80
2021009199 0.105 160.8 10.3 653.9 63.1 80
2021009199 0.103 -46.8 -1.2 452.2 45.9 80
2021009199 0.102 -0.2 -0.3 498.7 44.0 80
2021009199 0.099 266.1 7.5 707.9 39.8 80
2021009199 0.096 194.7 4.7 693.6 40.4 80
2021009199 0.096 -10.5 -4.8 67.0 32.0 80
2021009199 0.094 73.4 -1.6 572.4 37.3 80
2021009199 0.093 -185.3 1.0 312.8 32.3 80
2021009199 0.092 -139.4 -1.3 359.2 32.0 80
2021009199 0.092 -37.8 -3.6 461.1 30.0 80
2021009199 0.092 -91.8 -1.1 407.1 32.9 80
2021009199 0.091 155.5 0.1 654.5 33.9 80
2021009199 0.091 202.8 0.2 701.7 32.9 80
2021009199 0.091 21.0 -3.8 520.0 31.3 80
2021009199 0.091 81.3 -3.3 580.3 29.7 80
2021009199 0.089 120.2 2.2 619.2 38.4 80
2021009199 0.732 28.1 139.8 374.0 499.7 11
2021009199 0.635 464.0 457.9 499.6 498.4 80
2021009199 0.531 33.5 153.3 413.8 490.0 80
2021009199 0.469 496.7 293.6 500.5 410.3 80
2021009199 0.468 497.0 81.7 500.7 180.7 80
2021009199 0.462 495.8 199.0 500.7 312.5 80
2021009199 0.432 33.7 147.1 378.4 480.2 80
2021009199 0.383 38.0 129.7 379.2 470.2 80
2021009199 0.333 4.9 3.1 490.9 501.9 80
2021009199 0.296 29.4 128.8 354.8 458.6 80
2021009199 0.280 498.8 91.7 500.1 288.2 80
2021009199 0.278 497.8 137.7 500.3 433.2 80
2021009199 0.247 65.6 485.4 450.2 501.5 80
2021009199 0.237 495.7 24.6 500.6 488.7 80
2021009199 0.224 65.8 471.3 449.7 501.2 80
2021009199 0.221 0.4 265.9 4.2 445.0 80
2021009199 0.217 0.3 140.7 3.3 326.7 80
2021009199 0.216 0.0 1.4 5.0 109.6 80
2021009199 0.215 0.1 61.1 3.7 197.0 80
2021009199 0.202 0.4 74.2 8.6 448.6 80
2021009199 0.199 0.6 75.2 7.5 283.9 80
2021009199 0.193 -0.7 28.7 22.8 475.4 80
2021009199 0.192 480.3 110.0 501.0 486.8 80
2021009199 0.191 9.9 170.5 352.1 448.2 80
2021009199 0.170 -3.6 419.9 25.8 510.6 80
2021009199 0.163 -0.5 275.4 32.3 500.0 80
2021009199 0.159 28.6 71.1 275.4 451.8 80
2021009199 0.157 37.6 210.7 369.9 445.5 80
2021009199 0.155 476.4 393.5 507.5 485.0 80
2021009199 0.153 35.8 406.7 270.3 505.6 80
2021009199 0.152 104.2 400.2 327.1 500.9 80
2021009199 0.148 331.1 276.5 502.8 494.2 80
2021009199 0.148 362.4 105.4 505.4 477.9 80
2021009199 0.144 455.4 182.3 490.8 496.3 80
2021009199 0.141 186.6 444.0 342.5 495.9 80
2021009199 0.140 288.4 456.1 421.0 495.3 80
2021009199 0.140 102.8 290.2 399.8 472.3 80
2021009199 0.139 -13.2 271.4 231.7 490.3 80
2021009199 0.139 2.4 202.9 308.9 448.6 80
2021009199 0.137 32.7 263.6 326.2 468.4 80
2021009199 0.137 84.6 275.9 286.8 426.1 80
2021009199 0.135 27.0 237.0 85.8 435.0 80
2021009199 0.135 90.9 266.4 311.7 416.8 80
2021009199 0.134 220.2 253.5 483.2 453.8 80
2021009199 0.134 178.3 270.3 443.3 459.1 80
2021009199 0.134 1.8 124.4 105.1 482.9 80
2021009199 0.133 103.3 251.3 389.5 444.6 80
2021009199 0.133 268.8 188.7 499.4 438.5 80
2021009199 0.133 336.9 480.7 459.8 503.9 80
2021009199 0.132 156.5 322.4 238.9 393.6 80
2021009199 0.130 118.8 310.4 187.6 379.2 80
2021009199 0.129 130.6 338.7 261.3 438.9 80
2021009199 0.129 166.9 298.0 264.0 370.2 80
2021009199 0.128 122.2 197.8 391.0 425.1 80
2021009199 0.127 218.1 326.9 302.0 402.8 80
2021009199 0.126 14.6 451.7 104.4 497.3 80
2021009199 0.126 43.9 475.4 160.4 503.9 80
2021009199 0.125 6.4 174.0 226.0 429.4 80
2021009199 0.125 399.4 463.7 494.9 496.6 80
2021009199 0.125 207.2 203.5 449.0 402.4 80
2021009199 0.124 315.6 335.2 372.9 400.5 80
2021009199 0.123 253.9 474.4 381.8 500.3 80
2021009199 0.121 189.5 270.6 299.4 362.3 80
2021009199 0.121 105.3 345.5 198.7 429.2 80
2021009199 0.121 108.1 470.6 236.8 502.7 80
2021009199 0.119 -11.0 27.8 60.4 77.1 80
2021009199 0.118 214.6 228.6 430.5 327.8 80
2021009199 0.118 122.0 192.5 293.6 275.4 80
2021009199 0.118 209.0 181.5 450.7 360.9 80
2021009199 0.116 143.9 173.1 364.7 260.4 80
2021009199 0.115 20.0 220.8 195.9 320.5 80
2021009199 0.115 484.7 -1.3 507.2 27.1 80
2021009199 0.115 243.3 152.1 509.7 249.2 80
2021009199 0.115 157.6 151.5 446.9 247.1 80
2021009199 0.115 41.8 132.5 300.4 228.6 80
2021009199 0.115 76.5 163.7 402.9 274.6 80
2021009199 0.114 343.2 235.2 459.7 384.6 80
2021009199 0.111 265.7 116.9 576.4 226.1 80
2021009199 0.111 -76.0 117.3 207.3 206.3 80
2021009199 0.108 -75.8 19.8 360.3 91.8 80
2021009199 0.108 123.9 26.0 588.5 102.3 80
2021009199 0.107 390.1 73.6 556.1 181.9 80
2021009199 0.106 39.4 0.5 538.1 71.9 80
2021009199 0.106 -139.8 12.7 329.0 64.9 80
2021009199 0.105 160.8 10.3 653.9 63.1 80
2021009199 0.103 -46.8 -1.2 452.2 45.9 80
2021009199 0.102 -0.2 -0.3 498.7 44.0 80
2021009199 0.099 266.1 7.5 707.9 39.8 80
2021009199 0.096 194.7 4.7 693.6 40.4 80
2021009199 0.096 -10.5 -4.8 67.0 32.0 80
2021009199 0.094 73.4 -1.6 572.4 37.3 80
2021009199 0.093 -185.3 1.0 312.8 32.3 80
2021009199 0.092 -139.4 -1.3 359.2 32.0 80
2021009199 0.092 -37.8 -3.6 461.1 30.0 80
2021009199 0.092 -91.8 -1.1 407.1 32.9 80
2021009199 0.091 155.5 0.1 654.5 33.9 80
2021009199 0.091 202.8 0.2 701.7 32.9 80
2021009199 0.091 21.0 -3.8 520.0 31.3 80
2021009199 0.091 81.3 -3.3 580.3 29.7 80
2021009199 0.089 120.2 2.2 619.2 38.4 80
2021009199 0.000 214.4 106.8 409.6 266.3 80
2021009199 0.000 367.6 143.3 489.8 355.7 80
2021009199 0.000 1.1 54.6 103.4 329.0 80
2021009199 0.000 96.5 213.8 255.3 404.6 80
2021009199 0.000 203.9 149.4 283.3 236.2 80
2021009199 0.000 198.5 212.8 275.0 299.7 80
2021009199 0.000 147.9 41.9 314.7 275.4 80
2021009199 0.000 133.7 181.5 220.8 268.3 80
2021009199 0.000 276.3 182.4 497.9 338.0 80
2021009199 0.000 246.2 187.5 328.2 272.9 80
2021009199 0.000 19.6 173.4 180.4 361.5 80
2021009199 0.000 140.1 230.0 220.6 316.4 80
2021009199 0.000 86.4 246.5 152.2 338.8 80
2021009199 0.000 453.4 256.7 499.5 368.6 80
2021009199 0.000 165.4 75.0 484.1 365.3 80
2021009199 0.000 453.5 170.8 499.6 281.9 80
2021009199 0.000 288.7 229.4 369.9 315.4 80
2021009199 0.000 70.5 159.5 159.2 245.4 80
2021009199 0.000 1.3 267.7 48.1 381.2 80
2021009199 0.000 340.3 196.0 420.2 282.0 80
2021009199 0.000 302.1 137.8 389.2 223.1 80
2021009199 0.000 0.7 200.0 47.3 312.8 80
2021009199 0.000 40.9 294.3 112.8 386.8 80
2021009199 0.000 1.1 168.5 102.4 477.0 80
2021009199 0.000 405.5 235.5 479.3 323.4 80
2021009199 0.000 349.3 265.0 422.8 359.8 80
2021009199 0.000 381.7 130.6 468.2 219.3 80
2021009199 0.000 193.6 156.5 332.0 355.6 80
2021009199 0.000 448.5 70.9 500.2 205.4 80
2021009199 0.000 132.5 301.6 211.1 391.8 80
2021009199 0.000 20.2 206.5 101.9 293.8 80
2021009199 0.000 16.3 25.6 215.2 254.9 80
2021009199 0.000 33.6 143.0 297.6 348.5 80
2021009199 0.000 218.2 249.4 404.6 384.7 80
2021009199 0.000 233.0 178.4 394.6 463.6 80
2021009199 0.000 245.8 59.4 444.0 410.6 80
2021009199 0.000 127.0 112.3 218.4 198.0 80
2021009199 0.000 322.4 6.8 500.0 253.9 80
2021009199 0.000 0.5 119.2 51.2 231.7 80
2021009199 0.000 318.8 300.5 394.4 391.7 80
2021009199 0.000 442.7 327.3 499.6 490.8 80
2021009199 0.000 0.4 27.9 52.0 141.5 80
2021009199 0.000 191.0 69.7 280.0 157.5 80
2021009199 0.000 135.9 186.2 371.0 314.1 80
2021009199 0.000 398.3 153.6 500.2 473.4 80
2021009199 0.000 81.9 61.1 265.4 405.9 80
2021009199 0.000 29.0 25.6 398.0 353.8 80
2021009199 0.000 0.6 334.1 58.1 492.8 80
2021009199 0.000 166.1 166.4 321.9 461.3 80
2021009199 0.000 120.7 107.2 380.7 488.8 80
2021009199 0.000 0.8 7.3 497.8 276.8 80
2021009199 0.000 2.1 120.2 236.9 495.6 80
2021009199 0.000 84.5 26.1 415.1 482.9 80
2021009199 0.000 152.1 103.3 505.7 497.9 80
2021009199 0.000 271.2 121.4 495.9 495.2 80
2021009199 0.000 -2.5 8.7 292.7 494.5 80
2021009199 0.000 250.4 5.6 335.2 96.1 80
2021009199 0.000 211.6 343.1 297.1 427.1 80
2021009199 0.000 141.2 204.8 482.2 491.3 80
2021009199 0.000 142.0 287.4 360.0 493.1 80
2021009199 0.000 212.3 8.7 498.6 496.7 80
2021009199 0.000 -1.1 92.8 370.0 491.5 80
2021009199 0.000 9.4 193.6 355.0 489.2 80
2021009199 0.000 118.8 142.7 380.1 394.8 80
2021009199 0.000 59.8 99.7 456.8 433.2 80
2021009199 0.000 24.6 338.5 312.1 499.3 80
2021009199 0.000 5.7 249.9 188.5 490.2 80
2021009199 0.000 357.4 23.3 501.2 481.1 80
2021009199 0.000 204.0 344.6 494.5 500.1 80
2021009199 0.000 293.6 250.2 488.0 491.8 80
2021009199 0.000 -1.3 23.8 147.5 485.9 80
2021009199 0.000 45.5 196.4 426.4 371.7 80
2021009199 0.000 147.3 19.1 360.3 487.3 80
2021009199 0.000 2.8 376.7 133.2 499.7 80
2021009199 0.000 0.7 1.7 416.7 497.1 80
2021009199 0.000 0.9 297.5 498.7 501.3 80
2021009199 0.000 137.1 2.4 459.7 164.0 80
2021009199 0.000 3.1 116.7 498.6 372.2 80
2021009199 0.000 80.7 1.7 498.4 496.1 80
2021009199 0.000 358.6 336.1 495.7 494.4 80
2021009199 0.000 18.7 57.6 478.5 498.8 80
2021009199 0.000 318.5 68.2 412.0 154.5 80
2021009199 0.000 0.5 132.9 499.4 492.9 80
2021009199 0.000 1.3 19.3 499.7 420.1 80
2021009199 0.000 0.8 0.1 499.8 498.8 80
2021009199 0.000 181.5 308.9 251.1 392.1 80
2021009199 0.000 36.8 86.2 125.5 183.1 80
2021009199 0.000 423.9 8.0 499.2 114.3 80
2021009199 0.000 0.8 0.1 499.8 498.8 14
2021009199 0.000 0.8 0.1 499.8 498.8 7
2021009199 0.000 0.8 0.1 499.8 498.8 11
2021009199 0.000 3.1 116.7 498.6 372.2 0
2021009199 0.000 2.1 120.2 236.9 495.6 14
2021009199 0.000 80.7 1.7 498.4 496.1 14
2021009199 0.000 84.5 26.1 415.1 482.9 14
2021009199 0.000 212.3 8.7 498.6 496.7 14
2021009199 0.000 271.2 121.4 495.9 495.2 14
2021009199 0.000 120.7 107.2 380.7 488.8 14
2021009199 0.000 -2.5 8.7 292.7 494.5 14
2021009199 0.000 99.0 384.5 182.7 477.2 80
