2021000000512776 0.793 468.0 311.9 499.9 354.9 80
2021000000512776 0.781 65.7 39.7 231.1 140.2 80
2021000000512776 0.778 139.6 29.7 448.4 289.8 80
2021000000512776 0.777 16.3 25.2 429.7 219.6 80
2021000000512776 0.777 16.3 30.8 335.3 183.2 80
2021000000512776 0.773 116.0 83.1 385.6 297.4 80
2021000000512776 0.773 15.7 83.9 192.8 317.6 80
2021000000512776 0.772 146.9 44.8 365.3 213.6 80
2021000000512776 0.771 35.6 31.9 433.0 234.9 80
2021000000512776 0.770 202.7 27.5 428.8 290.7 80
2021000000512776 0.766 16.0 30.2 268.6 314.8 80
2021000000512776 0.759 23.3 75.0 124.3 319.8 80
2021000000512776 0.753 19.7 19.2 232.1 325.0 80
2021000000512776 0.749 13.4 23.7 440.4 313.7 80
2021000000512776 0.745 25.0 19.2 232.1 179.9 80
2021000000512776 0.745 15.9 132.7 75.2 185.1 80
2021000000512776 0.744 21.1 178.5 105.6 314.6 80
2021000000512776 0.741 17.4 19.7 412.5 296.6 80
2021000000512776 0.737 3.0 20.5 497.5 303.2 80
2021000000512776 0.728 11.9 21.1 286.3 325.2 80
