2021009084 0.702 123.8 74.0 230.8 223.4 11
2021009084 0.682 62.9 77.2 377.6 229.9 80
2021009084 0.679 57.1 70.2 321.1 291.1 80
2021009084 0.675 56.2 86.1 481.2 370.8 13
2021009084 0.669 330.7 229.3 478.5 379.3 80
2021009084 0.665 245.3 141.8 278.9 162.6 80
2021009084 0.659 466.2 350.0 499.7 375.9 80
2021009084 0.659 108.0 87.1 222.5 228.3 80
2021009084 0.655 57.9 73.4 452.5 357.1 80
2021009084 0.652 313.7 81.9 372.9 124.5 80
2021009084 0.643 366.6 88.5 431.9 192.4 80
2021009084 0.628 368.4 80.0 434.8 180.0 8
2021009084 0.625 120.2 86.5 220.3 228.5 80
2021009084 0.616 490.8 27.4 500.7 148.3 80
2021009084 0.583 -0.4 215.4 83.6 372.2 11
2021009084 0.570 427.0 60.2 462.1 133.9 80
2021009084 0.562 430.4 23.7 468.5 62.5 80
2021009084 0.556 489.7 38.4 500.3 83.0 80
2021009084 0.548 113.6 100.7 229.5 232.9 80
2021009084 0.547 24.9 55.9 471.7 361.2 80
2021009084 0.538 6.4 189.7 92.6 356.3 80
2021009084 0.532 2.9 210.2 68.4 343.4 80
2021009084 0.524 0.6 223.2 11.7 372.7 80
2021009084 0.520 446.5 68.8 500.4 163.5 80
2021009084 0.509 130.7 103.4 230.4 214.3 80
2021009084 0.505 58.1 109.4 247.5 260.0 80
2021009084 0.483 383.7 27.3 411.6 80.0 14
2021009084 0.473 496.3 78.7 500.2 196.2 80
2021009084 0.472 186.2 0.1 231.2 9.0 80
2021009084 0.468 124.5 84.8 234.3 198.5 80
2021009084 0.461 1.1 17.6 5.7 108.4 80
2021009084 0.445 488.1 39.7 501.8 369.0 80
2021009084 0.443 428.3 51.1 468.1 136.6 80
2021009084 0.436 366.9 46.9 386.9 101.1 80
2021009084 0.430 304.7 89.7 329.5 113.0 80
2021009084 0.411 366.2 45.6 385.4 104.5 14
2021009084 0.402 48.2 85.4 238.2 243.0 80
2021009084 0.398 -0.8 33.6 45.0 378.3 80
2021009084 0.387 498.3 185.7 500.1 327.0 80
2021009084 0.376 450.5 80.7 500.1 172.1 8
2021009084 0.364 1.1 54.5 3.9 151.1 80
2021009084 0.339 338.5 71.6 364.0 105.7 80
2021009084 0.299 430.3 58.6 465.4 136.3 14
2021009084 0.287 316.9 61.6 453.4 376.0 80
2021009084 0.270 430.3 58.6 465.4 136.3 80
2021009084 0.269 366.2 45.6 385.4 104.5 80
2021009084 0.251 450.5 80.7 500.1 172.1 80
2021009084 0.251 0.8 122.2 3.1 274.8 80
2021009084 0.234 383.7 27.3 411.6 80.0 80
2021009084 0.220 455.5 38.9 498.9 382.3 80
2021009084 0.216 366.9 46.9 386.9 101.1 14
2021009084 0.214 0.6 20.6 7.2 279.1 80
2021009084 0.192 430.3 58.6 465.4 136.3 8
2021009084 0.180 359.6 45.8 505.7 168.1 80
2021009084 0.180 154.8 179.9 208.9 246.8 80
2021009084 0.179 -0.4 215.4 83.6 372.2 13
2021009084 0.176 -23.7 297.6 78.6 393.1 80
2021009084 0.166 368.4 80.0 434.8 180.0 11
2021009084 0.159 261.9 304.0 469.8 381.7 80
2021009084 0.154 1.7 156.0 106.5 382.1 80
2021009084 0.152 430.4 23.7 468.5 62.5 14
2021009084 0.152 239.4 200.7 280.6 234.8 80
2021009084 0.151 428.3 51.1 468.1 136.6 14
2021009084 0.151 -0.4 215.4 83.6 372.2 80
2021009084 0.150 162.5 302.6 394.2 377.4 80
2021009084 0.145 106.7 292.2 342.1 375.6 80
2021009084 0.144 142.5 347.5 361.7 376.2 80
2021009084 0.144 87.5 135.4 470.4 312.7 80
2021009084 0.143 75.5 208.2 430.5 346.7 80
2021009084 0.142 12.6 309.1 72.9 379.7 80
2021009084 0.141 52.7 299.6 226.8 378.4 80
2021009084 0.141 466.9 300.3 510.2 365.2 80
2021009084 0.138 158.8 360.9 346.3 376.9 80
2021009084 0.137 428.3 51.1 468.1 136.6 8
2021009084 0.136 143.3 188.9 470.2 335.8 80
2021009084 0.135 144.1 151.2 452.7 314.9 80
2021009084 0.134 143.8 152.1 419.2 323.8 80
2021009084 0.134 160.9 222.7 361.8 321.3 80
2021009084 0.133 38.2 204.1 324.6 345.7 80
2021009084 0.132 201.9 185.0 489.0 328.1 80
2021009084 0.132 79.5 184.0 427.4 330.5 80
2021009084 0.131 131.6 170.6 194.0 228.5 80
2021009084 0.131 163.0 132.5 217.8 183.0 80
2021009084 0.131 53.4 180.1 376.0 321.3 80
2021009084 0.130 62.8 183.2 215.9 271.6 80
2021009084 0.126 71.3 151.7 410.6 298.1 80
2021009084 0.125 17.7 179.8 251.6 313.4 80
2021009084 0.125 283.5 177.6 455.0 328.0 80
2021009084 0.123 338.7 354.5 449.6 380.0 80
2021009084 0.123 262.6 352.0 375.1 375.9 80
2021009084 0.122 385.6 344.3 490.6 373.4 80
2021009084 0.122 14.8 143.6 181.2 301.8 80
2021009084 0.120 31.1 237.3 87.0 299.6 80
2021009084 0.118 51.9 353.9 152.9 378.1 80
2021009084 0.118 57.9 179.5 163.2 243.4 80
2021009084 0.118 134.0 178.1 414.0 319.8 80
2021009084 0.113 120.6 349.1 231.2 377.0 80
2021009084 0.112 123.8 74.0 230.8 223.4 80
2021009084 0.111 -42.5 105.9 163.7 173.0 80
2021009084 0.109 56.2 86.1 481.2 370.8 80
2021009084 0.702 123.8 74.0 230.8 223.4 11
2021009084 0.682 62.9 77.2 377.6 229.9 80
2021009084 0.679 57.1 70.2 321.1 291.1 80
2021009084 0.675 56.2 86.1 481.2 370.8 13
2021009084 0.669 330.7 229.3 478.5 379.3 80
2021009084 0.665 245.3 141.8 278.9 162.6 80
2021009084 0.659 466.2 350.0 499.7 375.9 80
2021009084 0.659 108.0 87.1 222.5 228.3 80
2021009084 0.655 57.9 73.4 452.5 357.1 80
2021009084 0.652 313.7 81.9 372.9 124.5 80
2021009084 0.643 366.6 88.5 431.9 192.4 80
2021009084 0.628 368.4 80.0 434.8 180.0 8
2021009084 0.625 120.2 86.5 220.3 228.5 80
2021009084 0.616 490.8 27.4 500.7 148.3 80
2021009084 0.583 -0.4 215.4 83.6 372.2 11
2021009084 0.570 427.0 60.2 462.1 133.9 80
2021009084 0.562 430.4 23.7 468.5 62.5 80
2021009084 0.556 489.7 38.4 500.3 83.0 80
2021009084 0.548 113.6 100.7 229.5 232.9 80
2021009084 0.547 24.9 55.9 471.7 361.2 80
2021009084 0.538 6.4 189.7 92.6 356.3 80
2021009084 0.532 2.9 210.2 68.4 343.4 80
2021009084 0.524 0.6 223.2 11.7 372.7 80
2021009084 0.520 446.5 68.8 500.4 163.5 80
2021009084 0.509 130.7 103.4 230.4 214.3 80
2021009084 0.505 58.1 109.4 247.5 260.0 80
2021009084 0.483 383.7 27.3 411.6 80.0 14
2021009084 0.473 496.3 78.7 500.2 196.2 80
2021009084 0.472 186.2 0.1 231.2 9.0 80
2021009084 0.468 124.5 84.8 234.3 198.5 80
2021009084 0.461 1.1 17.6 5.7 108.4 80
2021009084 0.445 488.1 39.7 501.8 369.0 80
2021009084 0.443 428.3 51.1 468.1 136.6 80
2021009084 0.436 366.9 46.9 386.9 101.1 80
2021009084 0.430 304.7 89.7 329.5 113.0 80
2021009084 0.411 366.2 45.6 385.4 104.5 14
2021009084 0.402 48.2 85.4 238.2 243.0 80
2021009084 0.398 -0.8 33.6 45.0 378.3 80
2021009084 0.387 498.3 185.7 500.1 327.0 80
2021009084 0.376 450.5 80.7 500.1 172.1 8
2021009084 0.364 1.1 54.5 3.9 151.1 80
2021009084 0.339 338.5 71.6 364.0 105.7 80
2021009084 0.299 430.3 58.6 465.4 136.3 14
2021009084 0.287 316.9 61.6 453.4 376.0 80
2021009084 0.270 430.3 58.6 465.4 136.3 80
2021009084 0.269 366.2 45.6 385.4 104.5 80
2021009084 0.251 450.5 80.7 500.1 172.1 80
2021009084 0.251 0.8 122.2 3.1 274.8 80
2021009084 0.234 383.7 27.3 411.6 80.0 80
2021009084 0.220 455.5 38.9 498.9 382.3 80
2021009084 0.216 366.9 46.9 386.9 101.1 14
2021009084 0.214 0.6 20.6 7.2 279.1 80
2021009084 0.192 430.3 58.6 465.4 136.3 8
2021009084 0.180 359.6 45.8 505.7 168.1 80
2021009084 0.180 154.8 179.9 208.9 246.8 80
2021009084 0.179 -0.4 215.4 83.6 372.2 13
2021009084 0.176 -23.7 297.6 78.6 393.1 80
2021009084 0.166 368.4 80.0 434.8 180.0 11
2021009084 0.159 261.9 304.0 469.8 381.7 80
2021009084 0.154 1.7 156.0 106.5 382.1 80
2021009084 0.152 430.4 23.7 468.5 62.5 14
2021009084 0.152 239.4 200.7 280.6 234.8 80
2021009084 0.151 428.3 51.1 468.1 136.6 14
2021009084 0.151 -0.4 215.4 83.6 372.2 80
2021009084 0.150 162.5 302.6 394.2 377.4 80
2021009084 0.145 106.7 292.2 342.1 375.6 80
2021009084 0.144 142.5 347.5 361.7 376.2 80
2021009084 0.144 87.5 135.4 470.4 312.7 80
2021009084 0.143 75.5 208.2 430.5 346.7 80
2021009084 0.142 12.6 309.1 72.9 379.7 80
2021009084 0.141 52.7 299.6 226.8 378.4 80
2021009084 0.141 466.9 300.3 510.2 365.2 80
2021009084 0.138 158.8 360.9 346.3 376.9 80
2021009084 0.137 428.3 51.1 468.1 136.6 8
2021009084 0.136 143.3 188.9 470.2 335.8 80
2021009084 0.135 144.1 151.2 452.7 314.9 80
2021009084 0.134 143.8 152.1 419.2 323.8 80
2021009084 0.134 160.9 222.7 361.8 321.3 80
2021009084 0.133 38.2 204.1 324.6 345.7 80
2021009084 0.132 201.9 185.0 489.0 328.1 80
2021009084 0.132 79.5 184.0 427.4 330.5 80
2021009084 0.131 131.6 170.6 194.0 228.5 80
2021009084 0.131 163.0 132.5 217.8 183.0 80
2021009084 0.131 53.4 180.1 376.0 321.3 80
2021009084 0.130 62.8 183.2 215.9 271.6 80
2021009084 0.126 71.3 151.7 410.6 298.1 80
2021009084 0.125 17.7 179.8 251.6 313.4 80
2021009084 0.125 283.5 177.6 455.0 328.0 80
2021009084 0.123 338.7 354.5 449.6 380.0 80
2021009084 0.123 262.6 352.0 375.1 375.9 80
2021009084 0.122 385.6 344.3 490.6 373.4 80
2021009084 0.122 14.8 143.6 181.2 301.8 80
2021009084 0.120 31.1 237.3 87.0 299.6 80
2021009084 0.118 51.9 353.9 152.9 378.1 80
2021009084 0.118 57.9 179.5 163.2 243.4 80
2021009084 0.118 134.0 178.1 414.0 319.8 80
2021009084 0.113 120.6 349.1 231.2 377.0 80
2021009084 0.112 123.8 74.0 230.8 223.4 80
2021009084 0.111 -42.5 105.9 163.7 173.0 80
2021009084 0.109 56.2 86.1 481.2 370.8 80
2021009084 0.000 242.0 73.2 372.7 227.7 80
2021009084 0.000 0.9 43.1 103.5 247.8 80
2021009084 0.000 143.7 135.9 210.3 202.4 80
2021009084 0.000 211.4 111.8 275.3 178.0 80
2021009084 0.000 371.0 109.2 486.3 268.7 80
2021009084 0.000 255.8 137.9 317.1 204.5 80
2021009084 0.000 156.6 31.4 304.0 211.6 80
2021009084 0.000 45.5 217.8 107.4 288.9 80
2021009084 0.000 136.3 82.3 207.6 151.5 80
2021009084 0.000 81.5 117.6 146.9 186.5 80
2021009084 0.000 197.9 51.8 272.4 119.8 80
2021009084 0.000 453.6 128.4 499.6 211.2 80
2021009084 0.000 387.8 97.3 461.7 164.2 80
2021009084 0.000 348.6 145.3 411.0 211.1 80
2021009084 0.000 136.9 218.3 201.8 292.7 80
2021009084 0.000 19.5 26.1 206.5 194.8 80
2021009084 0.000 1.5 201.3 48.0 285.0 80
2021009084 0.000 297.9 170.7 359.9 236.2 80
2021009084 0.000 453.4 192.9 499.6 275.6 80
2021009084 0.000 356.3 197.7 415.7 265.7 80
2021009084 0.000 313.5 100.9 376.2 167.7 80
2021009084 0.000 323.9 8.3 496.6 191.8 80
2021009084 0.000 287.5 132.8 485.8 257.7 80
2021009084 0.000 205.6 160.1 267.3 225.4 80
2021009084 0.000 0.9 125.8 102.1 357.9 80
2021009084 0.000 33.3 127.4 166.8 276.8 80
2021009084 0.000 1.0 151.5 47.1 234.6 80
2021009084 0.000 89.9 187.8 149.8 253.9 80
2021009084 0.000 449.0 54.1 499.7 153.4 80
2021009084 0.000 117.9 161.9 233.2 316.5 80
2021009084 0.000 218.0 251.8 286.7 331.9 80
2021009084 0.000 149.3 172.2 210.8 237.6 80
2021009084 0.000 410.1 176.6 474.8 242.3 80
2021009084 0.000 27.0 155.1 94.9 220.9 80
2021009084 0.000 323.9 218.2 384.1 295.1 80
2021009084 0.000 202.7 116.7 319.1 275.9 80
2021009084 0.000 177.6 56.6 471.2 267.4 80
2021009084 0.000 252.3 124.0 366.8 347.9 80
2021009084 0.000 0.5 90.4 51.3 173.8 80
2021009084 0.000 0.7 22.0 51.8 106.0 80
2021009084 0.000 46.4 108.1 284.6 258.9 80
2021009084 0.000 101.1 50.5 245.1 317.1 80
2021009084 0.000 255.5 3.7 329.5 73.3 80
2021009084 0.000 322.9 47.5 406.2 116.3 80
2021009084 0.000 43.3 21.4 383.8 258.4 80
2021009084 0.000 0.6 249.6 58.3 369.8 80
2021009084 0.000 178.6 220.3 238.0 300.5 80
2021009084 0.000 442.7 245.1 499.6 368.5 80
2021009084 0.000 398.6 113.5 499.6 355.5 80
2021009084 0.000 10.6 10.6 491.5 199.6 80
2021009084 0.000 258.6 42.4 428.2 311.1 80
2021009084 0.000 90.0 16.9 408.1 364.6 80
2021009084 0.000 256.1 169.2 365.6 301.9 80
2021009084 0.000 -2.4 5.4 286.1 371.6 80
2021009084 0.000 8.1 89.0 229.6 370.1 80
2021009084 0.000 0.7 22.9 146.6 363.6 80
2021009084 0.000 213.1 6.1 497.0 372.7 80
2021009084 0.000 131.2 78.4 368.1 365.5 80
2021009084 0.000 156.2 201.7 351.1 369.4 80
2021009084 0.000 170.3 106.4 310.3 353.3 80
2021009084 0.000 153.4 21.0 355.4 360.9 80
2021009084 0.000 357.6 18.1 500.9 361.1 80
2021009084 0.000 68.8 68.1 447.4 321.4 80
2021009084 0.000 177.0 8.2 417.9 127.1 80
2021009084 0.000 43.6 254.9 289.5 373.6 80
2021009084 0.000 2.3 68.4 366.1 369.3 80
2021009084 0.000 5.1 279.1 130.5 374.3 80
2021009084 0.000 12.0 183.0 185.2 365.8 80
2021009084 0.000 305.3 180.1 482.3 365.0 80
2021009084 0.000 220.0 199.0 278.3 264.7 80
2021009084 0.000 24.3 146.3 338.1 364.6 80
2021009084 0.000 2.5 1.3 412.8 373.0 80
2021009084 0.000 150.8 131.3 355.6 228.6 80
2021009084 0.000 274.3 86.1 490.6 373.1 80
2021009084 0.000 3.0 228.5 496.0 374.4 80
2021009084 0.000 220.7 257.3 474.7 373.5 80
2021009084 0.000 84.5 1.1 496.2 372.9 80
2021009084 0.000 158.6 67.8 495.0 371.2 80
2021009084 0.000 157.9 150.5 463.3 364.9 80
2021009084 0.000 362.6 245.1 494.3 368.9 80
2021009084 0.000 44.4 60.6 117.3 136.8 80
2021009084 0.000 129.9 101.9 365.9 294.0 80
2021009084 0.000 22.3 43.4 477.5 366.6 80
2021009084 0.000 60.2 142.4 409.5 272.0 80
2021009084 0.000 0.4 100.8 499.0 366.5 80
2021009084 0.000 244.0 202.0 298.7 273.9 80
2021009084 0.000 12.6 94.7 489.8 271.8 80
2021009084 0.000 0.8 0.3 499.7 373.9 80
2021009084 0.000 1.3 18.3 498.9 309.8 80
2021009084 0.000 286.3 250.3 340.8 319.0 80
2021009084 0.000 424.2 6.2 498.9 85.7 80
2021009084 0.000 12.6 94.7 489.8 271.8 0
2021009084 0.000 0.8 0.3 499.7 373.9 7
2021009084 0.000 8.1 89.0 229.6 370.1 14
2021009084 0.000 258.6 42.4 428.2 311.1 14
2021009084 0.000 101.1 50.5 245.1 317.1 14
2021009084 0.000 170.3 106.4 310.3 353.3 14
2021009084 0.000 274.3 86.1 490.6 373.1 14
2021009084 0.000 153.4 21.0 355.4 360.9 14
2021009084 0.000 213.1 6.1 497.0 372.7 14
