2021000279 0.701 65.2 194.3 330.3 352.2 80
2021000279 0.697 297.5 190.3 374.6 355.9 14
2021000279 0.693 214.9 205.1 293.3 329.1 80
2021000279 0.690 45.5 6.2 406.8 291.5 80
2021000279 0.689 216.8 205.4 298.9 325.1 80
2021000279 0.687 54.3 4.0 395.6 283.3 80
2021000279 0.685 295.3 190.4 378.5 357.2 80
2021000279 0.685 215.6 201.1 296.7 318.7 80
2021000279 0.684 73.3 194.3 281.6 348.2 80
2021000279 0.683 73.8 255.8 240.4 369.4 80
2021000279 0.683 75.9 185.5 218.4 336.5 80
2021000279 0.681 213.5 199.6 300.6 367.3 14
2021000279 0.678 468.8 330.7 499.7 376.7 80
2021000279 0.675 77.6 186.0 217.2 333.5 14
2021000279 0.655 55.6 -1.0 401.1 372.3 80
2021000279 0.651 42.5 0.9 454.5 374.8 80
2021000279 0.637 304.7 200.9 372.8 313.8 80
2021000279 0.631 94.0 199.4 229.2 323.7 80
2021000279 0.625 79.9 297.7 343.3 375.1 80
2021000279 0.614 64.7 283.5 359.1 372.5 80
2021000279 0.603 76.2 295.5 420.9 371.1 80
2021000279 0.598 492.0 273.2 499.9 303.8 80
2021000279 0.585 58.0 14.9 404.8 302.0 80
2021000279 0.558 495.5 196.3 500.1 298.6 80
2021000279 0.539 57.7 194.8 418.8 357.1 80
2021000279 0.538 58.4 317.0 437.9 374.9 80
2021000279 0.522 73.2 316.5 416.9 375.7 80
2021000279 0.520 87.1 14.8 373.0 339.7 80
2021000279 0.508 276.7 176.5 391.7 350.1 80
2021000279 0.428 62.5 -3.5 349.7 364.6 80
2021000279 0.427 366.2 217.3 388.8 291.1 80
2021000279 0.413 498.7 65.5 500.2 149.2 80
2021000279 0.409 495.2 260.3 500.7 353.0 80
2021000279 0.376 497.4 193.2 500.0 307.2 80
2021000279 0.341 326.0 358.2 486.9 375.6 80
2021000279 0.295 158.4 345.8 451.8 377.6 80
2021000279 0.266 142.6 302.1 418.8 374.8 80
2021000279 0.258 498.9 57.4 500.2 274.3 80
2021000279 0.252 495.5 20.7 500.4 363.8 80
2021000279 0.249 0.8 132.4 3.1 258.8 80
2021000279 0.243 0.8 218.6 3.7 332.5 80
2021000279 0.226 0.5 44.8 3.2 164.6 80
2021000279 0.217 0.3 1.8 4.7 77.4 80
2021000279 0.207 0.9 35.0 7.1 239.9 80
2021000279 0.205 0.9 79.2 8.2 324.4 80
2021000279 0.201 223.9 269.6 261.7 318.4 80
2021000279 0.197 -1.5 327.1 20.9 380.9 80
2021000279 0.193 131.6 254.1 190.0 311.1 80
2021000279 0.192 189.2 203.1 421.2 346.0 80
2021000279 0.181 479.3 93.4 501.2 368.0 80
2021000279 0.177 98.5 223.5 185.5 302.6 80
2021000279 0.176 272.1 338.1 438.2 375.6 80
2021000279 0.175 330.2 269.6 366.2 316.5 80
2021000279 0.174 469.5 35.2 498.3 372.9 80
2021000279 0.169 0.1 201.2 29.2 378.2 80
2021000279 0.168 -0.3 41.3 25.8 328.8 80
2021000279 0.161 392.4 350.9 499.7 375.3 80
2021000279 0.160 352.9 248.2 380.5 299.3 80
2021000279 0.143 332.1 240.2 497.0 370.5 80
2021000279 0.140 355.9 95.7 503.8 347.8 80
2021000279 0.138 46.1 359.9 162.9 377.6 80
2021000279 0.134 77.6 186.0 217.2 333.5 80
2021000279 0.134 15.3 344.0 101.2 373.4 80
2021000279 0.131 -0.6 211.0 210.8 359.9 80
2021000279 0.130 206.0 100.5 407.1 295.4 80
2021000279 0.130 233.7 75.8 431.3 292.9 80
2021000279 0.129 4.3 117.3 82.4 348.1 80
2021000279 0.128 249.7 207.0 326.5 267.4 80
2021000279 0.125 20.9 144.0 219.8 307.3 80
2021000279 0.125 35.8 75.1 233.9 295.8 80
2021000279 0.122 127.0 241.3 172.7 283.9 80
2021000279 0.122 79.6 209.2 129.8 264.0 80
2021000279 0.122 213.5 199.6 300.6 367.3 80
2021000279 0.117 77.6 108.8 272.2 202.6 80
2021000279 0.116 338.1 153.8 476.7 234.9 80
2021000279 0.114 0.7 133.3 113.1 201.3 80
2021000279 0.113 24.9 133.1 124.9 269.5 80
2021000279 0.111 -91.1 28.3 168.0 79.2 80
2021000279 0.110 215.7 182.7 334.6 262.6 80
2021000279 0.110 -29.4 36.7 310.0 106.4 80
2021000279 0.109 29.2 16.6 512.8 115.5 80
2021000279 0.109 140.7 195.9 242.3 262.2 80
2021000279 0.109 297.5 190.3 374.6 355.9 80
2021000279 0.108 118.8 33.6 569.5 118.9 80
2021000279 0.107 358.0 74.5 568.9 168.3 80
2021000279 0.106 168.3 11.3 635.2 65.3 80
2021000279 0.106 -9.5 -3.1 488.8 56.5 80
2021000279 0.105 58.4 317.0 437.9 374.9 17
2021000279 0.105 -141.3 9.5 335.0 55.4 80
2021000279 0.103 197.4 7.1 689.5 40.3 80
2021000279 0.102 268.7 10.6 689.4 44.5 80
2021000279 0.101 -47.8 -3.7 451.2 40.5 80
2021000279 0.099 73.6 -2.3 572.6 29.7 80
2021000279 0.096 -206.1 -1.7 270.6 18.4 80
2021000279 0.093 73.2 316.5 416.9 375.7 17
2021000279 0.093 -38.5 -1.4 460.4 20.5 80
2021000279 0.093 -137.5 -0.8 361.5 20.4 80
2021000279 0.092 -185.1 0.9 313.8 24.5 80
2021000279 0.092 19.7 -1.0 518.7 22.7 80
2021000279 0.091 -90.5 -0.2 408.5 23.4 80
2021000279 0.701 65.2 194.3 330.3 352.2 80
2021000279 0.697 297.5 190.3 374.6 355.9 14
2021000279 0.693 214.9 205.1 293.3 329.1 80
2021000279 0.690 45.5 6.2 406.8 291.5 80
2021000279 0.689 216.8 205.4 298.9 325.1 80
2021000279 0.687 54.3 4.0 395.6 283.3 80
2021000279 0.685 295.3 190.4 378.5 357.2 80
2021000279 0.685 215.6 201.1 296.7 318.7 80
2021000279 0.684 73.3 194.3 281.6 348.2 80
2021000279 0.683 73.8 255.8 240.4 369.4 80
2021000279 0.683 75.9 185.5 218.4 336.5 80
2021000279 0.681 213.5 199.6 300.6 367.3 14
2021000279 0.678 468.8 330.7 499.7 376.7 80
2021000279 0.675 77.6 186.0 217.2 333.5 14
2021000279 0.655 55.6 -1.0 401.1 372.3 80
2021000279 0.651 42.5 0.9 454.5 374.8 80
2021000279 0.637 304.7 200.9 372.8 313.8 80
2021000279 0.631 94.0 199.4 229.2 323.7 80
2021000279 0.625 79.9 297.7 343.3 375.1 80
2021000279 0.614 64.7 283.5 359.1 372.5 80
2021000279 0.603 76.2 295.5 420.9 371.1 80
2021000279 0.598 492.0 273.2 499.9 303.8 80
2021000279 0.585 58.0 14.9 404.8 302.0 80
2021000279 0.558 495.5 196.3 500.1 298.6 80
2021000279 0.539 57.7 194.8 418.8 357.1 80
2021000279 0.538 58.4 317.0 437.9 374.9 80
2021000279 0.522 73.2 316.5 416.9 375.7 80
2021000279 0.520 87.1 14.8 373.0 339.7 80
2021000279 0.508 276.7 176.5 391.7 350.1 80
2021000279 0.428 62.5 -3.5 349.7 364.6 80
2021000279 0.427 366.2 217.3 388.8 291.1 80
2021000279 0.413 498.7 65.5 500.2 149.2 80
2021000279 0.409 495.2 260.3 500.7 353.0 80
2021000279 0.376 497.4 193.2 500.0 307.2 80
2021000279 0.341 326.0 358.2 486.9 375.6 80
2021000279 0.295 158.4 345.8 451.8 377.6 80
2021000279 0.266 142.6 302.1 418.8 374.8 80
2021000279 0.258 498.9 57.4 500.2 274.3 80
2021000279 0.252 495.5 20.7 500.4 363.8 80
2021000279 0.249 0.8 132.4 3.1 258.8 80
2021000279 0.243 0.8 218.6 3.7 332.5 80
2021000279 0.226 0.5 44.8 3.2 164.6 80
2021000279 0.217 0.3 1.8 4.7 77.4 80
2021000279 0.207 0.9 35.0 7.1 239.9 80
2021000279 0.205 0.9 79.2 8.2 324.4 80
2021000279 0.201 223.9 269.6 261.7 318.4 80
2021000279 0.197 -1.5 327.1 20.9 380.9 80
2021000279 0.193 131.6 254.1 190.0 311.1 80
2021000279 0.192 189.2 203.1 421.2 346.0 80
2021000279 0.181 479.3 93.4 501.2 368.0 80
2021000279 0.177 98.5 223.5 185.5 302.6 80
2021000279 0.176 272.1 338.1 438.2 375.6 80
2021000279 0.175 330.2 269.6 366.2 316.5 80
2021000279 0.174 469.5 35.2 498.3 372.9 80
2021000279 0.169 0.1 201.2 29.2 378.2 80
2021000279 0.168 -0.3 41.3 25.8 328.8 80
2021000279 0.161 392.4 350.9 499.7 375.3 80
2021000279 0.160 352.9 248.2 380.5 299.3 80
2021000279 0.143 332.1 240.2 497.0 370.5 80
2021000279 0.140 355.9 95.7 503.8 347.8 80
2021000279 0.138 46.1 359.9 162.9 377.6 80
2021000279 0.134 77.6 186.0 217.2 333.5 80
2021000279 0.134 15.3 344.0 101.2 373.4 80
2021000279 0.131 -0.6 211.0 210.8 359.9 80
2021000279 0.130 206.0 100.5 407.1 295.4 80
2021000279 0.130 233.7 75.8 431.3 292.9 80
2021000279 0.129 4.3 117.3 82.4 348.1 80
2021000279 0.128 249.7 207.0 326.5 267.4 80
2021000279 0.125 20.9 144.0 219.8 307.3 80
2021000279 0.125 35.8 75.1 233.9 295.8 80
2021000279 0.122 127.0 241.3 172.7 283.9 80
2021000279 0.122 79.6 209.2 129.8 264.0 80
2021000279 0.122 213.5 199.6 300.6 367.3 80
2021000279 0.117 77.6 108.8 272.2 202.6 80
2021000279 0.116 338.1 153.8 476.7 234.9 80
2021000279 0.114 0.7 133.3 113.1 201.3 80
2021000279 0.113 24.9 133.1 124.9 269.5 80
2021000279 0.111 -91.1 28.3 168.0 79.2 80
2021000279 0.110 215.7 182.7 334.6 262.6 80
2021000279 0.110 -29.4 36.7 310.0 106.4 80
2021000279 0.109 29.2 16.6 512.8 115.5 80
2021000279 0.109 140.7 195.9 242.3 262.2 80
2021000279 0.109 297.5 190.3 374.6 355.9 80
2021000279 0.108 118.8 33.6 569.5 118.9 80
2021000279 0.107 358.0 74.5 568.9 168.3 80
2021000279 0.106 168.3 11.3 635.2 65.3 80
2021000279 0.106 -9.5 -3.1 488.8 56.5 80
2021000279 0.105 58.4 317.0 437.9 374.9 17
2021000279 0.105 -141.3 9.5 335.0 55.4 80
2021000279 0.103 197.4 7.1 689.5 40.3 80
2021000279 0.102 268.7 10.6 689.4 44.5 80
2021000279 0.101 -47.8 -3.7 451.2 40.5 80
2021000279 0.099 73.6 -2.3 572.6 29.7 80
2021000279 0.096 -206.1 -1.7 270.6 18.4 80
2021000279 0.093 73.2 316.5 416.9 375.7 17
2021000279 0.093 -38.5 -1.4 460.4 20.5 80
2021000279 0.093 -137.5 -0.8 361.5 20.4 80
2021000279 0.092 -185.1 0.9 313.8 24.5 80
2021000279 0.092 19.7 -1.0 518.7 22.7 80
2021000279 0.091 -90.5 -0.2 408.5 23.4 80
2021000279 0.000 242.0 73.2 372.7 227.7 80
2021000279 0.000 0.9 43.1 103.5 247.8 80
2021000279 0.000 143.7 135.9 210.3 202.4 80
2021000279 0.000 211.4 111.8 275.3 178.0 80
2021000279 0.000 371.0 109.2 486.3 268.7 80
2021000279 0.000 255.8 137.9 317.1 204.5 80
2021000279 0.000 156.6 31.4 304.0 211.6 80
2021000279 0.000 45.5 217.8 107.4 288.9 80
2021000279 0.000 136.3 82.3 207.6 151.5 80
2021000279 0.000 81.5 117.6 146.9 186.5 80
2021000279 0.000 197.9 51.8 272.4 119.8 80
2021000279 0.000 453.6 128.4 499.6 211.2 80
2021000279 0.000 387.8 97.3 461.7 164.2 80
2021000279 0.000 348.6 145.3 411.0 211.1 80
2021000279 0.000 136.9 218.3 201.8 292.7 80
2021000279 0.000 19.5 26.1 206.5 194.8 80
2021000279 0.000 1.5 201.3 48.0 285.0 80
2021000279 0.000 297.9 170.7 359.9 236.2 80
2021000279 0.000 453.4 192.9 499.6 275.6 80
2021000279 0.000 356.3 197.7 415.7 265.7 80
2021000279 0.000 313.5 100.9 376.2 167.7 80
2021000279 0.000 323.9 8.3 496.6 191.8 80
2021000279 0.000 287.5 132.8 485.8 257.7 80
2021000279 0.000 205.6 160.1 267.3 225.4 80
2021000279 0.000 0.9 125.8 102.1 357.9 80
2021000279 0.000 33.3 127.4 166.8 276.8 80
2021000279 0.000 1.0 151.5 47.1 234.6 80
2021000279 0.000 89.9 187.8 149.8 253.9 80
2021000279 0.000 449.0 54.1 499.7 153.4 80
2021000279 0.000 117.9 161.9 233.2 316.5 80
2021000279 0.000 218.0 251.8 286.7 331.9 80
2021000279 0.000 149.3 172.2 210.8 237.6 80
2021000279 0.000 410.1 176.6 474.8 242.3 80
2021000279 0.000 27.0 155.1 94.9 220.9 80
2021000279 0.000 323.9 218.2 384.1 295.1 80
2021000279 0.000 202.7 116.7 319.1 275.9 80
2021000279 0.000 177.6 56.6 471.2 267.4 80
2021000279 0.000 252.3 124.0 366.8 347.9 80
2021000279 0.000 0.5 90.4 51.3 173.8 80
2021000279 0.000 0.7 22.0 51.8 106.0 80
2021000279 0.000 46.4 108.1 284.6 258.9 80
2021000279 0.000 101.1 50.5 245.1 317.1 80
2021000279 0.000 255.5 3.7 329.5 73.3 80
2021000279 0.000 322.9 47.5 406.2 116.3 80
2021000279 0.000 43.3 21.4 383.8 258.4 80
2021000279 0.000 0.6 249.6 58.3 369.8 80
2021000279 0.000 178.6 220.3 238.0 300.5 80
2021000279 0.000 442.7 245.1 499.6 368.5 80
2021000279 0.000 398.6 113.5 499.6 355.5 80
2021000279 0.000 10.6 10.6 491.5 199.6 80
2021000279 0.000 258.6 42.4 428.2 311.1 80
2021000279 0.000 90.0 16.9 408.1 364.6 80
2021000279 0.000 256.1 169.2 365.6 301.9 80
2021000279 0.000 -2.4 5.4 286.1 371.6 80
2021000279 0.000 8.1 89.0 229.6 370.1 80
2021000279 0.000 0.7 22.9 146.6 363.6 80
2021000279 0.000 213.1 6.1 497.0 372.7 80
2021000279 0.000 131.2 78.4 368.1 365.5 80
2021000279 0.000 156.2 201.7 351.1 369.4 80
2021000279 0.000 170.3 106.4 310.3 353.3 80
2021000279 0.000 153.4 21.0 355.4 360.9 80
2021000279 0.000 357.6 18.1 500.9 361.1 80
2021000279 0.000 68.8 68.1 447.4 321.4 80
2021000279 0.000 177.0 8.2 417.9 127.1 80
2021000279 0.000 43.6 254.9 289.5 373.6 80
2021000279 0.000 2.3 68.4 366.1 369.3 80
2021000279 0.000 5.1 279.1 130.5 374.3 80
2021000279 0.000 12.0 183.0 185.2 365.8 80
2021000279 0.000 305.3 180.1 482.3 365.0 80
2021000279 0.000 220.0 199.0 278.3 264.7 80
2021000279 0.000 24.3 146.3 338.1 364.6 80
2021000279 0.000 2.5 1.3 412.8 373.0 80
2021000279 0.000 150.8 131.3 355.6 228.6 80
2021000279 0.000 274.3 86.1 490.6 373.1 80
2021000279 0.000 3.0 228.5 496.0 374.4 80
2021000279 0.000 220.7 257.3 474.7 373.5 80
2021000279 0.000 84.5 1.1 496.2 372.9 80
2021000279 0.000 158.6 67.8 495.0 371.2 80
2021000279 0.000 157.9 150.5 463.3 364.9 80
2021000279 0.000 362.6 245.1 494.3 368.9 80
2021000279 0.000 44.4 60.6 117.3 136.8 80
2021000279 0.000 129.9 101.9 365.9 294.0 80
2021000279 0.000 22.3 43.4 477.5 366.6 80
2021000279 0.000 60.2 142.4 409.5 272.0 80
2021000279 0.000 0.4 100.8 499.0 366.5 80
2021000279 0.000 244.0 202.0 298.7 273.9 80
2021000279 0.000 12.6 94.7 489.8 271.8 80
2021000279 0.000 0.8 0.3 499.7 373.9 80
2021000279 0.000 1.3 18.3 498.9 309.8 80
2021000279 0.000 286.3 250.3 340.8 319.0 80
2021000279 0.000 424.2 6.2 498.9 85.7 80
2021000279 0.000 12.6 94.7 489.8 271.8 0
2021000279 0.000 0.8 0.3 499.7 373.9 7
2021000279 0.000 8.1 89.0 229.6 370.1 14
2021000279 0.000 258.6 42.4 428.2 311.1 14
2021000279 0.000 101.1 50.5 245.1 317.1 14
2021000279 0.000 170.3 106.4 310.3 353.3 14
2021000279 0.000 274.3 86.1 490.6 373.1 14
2021000279 0.000 153.4 21.0 355.4 360.9 14
2021000279 0.000 213.1 6.1 497.0 372.7 14
