2021007733 0.699 104.3 207.1 447.8 378.1 80
2021007733 0.698 90.7 1.3 338.9 130.0 80
2021007733 0.694 440.5 332.1 496.6 383.8 80
2021007733 0.683 407.7 328.6 501.4 380.2 80
2021007733 0.677 207.8 210.0 453.1 377.8 80
2021007733 0.675 349.9 1.2 488.5 72.0 80
2021007733 0.667 91.1 6.6 377.5 140.1 80
2021007733 0.664 458.8 0.8 499.3 62.7 80
2021007733 0.653 11.1 204.8 453.3 378.6 80
2021007733 0.652 229.2 5.1 447.0 66.2 80
2021007733 0.650 96.7 0.1 387.2 134.0 80
2021007733 0.643 110.6 1.3 471.9 114.2 80
2021007733 0.638 110.4 4.8 482.1 122.7 80
2021007733 0.630 293.0 2.2 494.9 88.6 80
2021007733 0.621 46.7 203.5 429.2 378.2 80
2021007733 0.609 22.6 204.4 445.2 383.6 7
2021007733 0.601 248.4 2.2 480.4 89.8 80
2021007733 0.598 114.6 1.8 409.7 73.6 80
2021007733 0.598 247.7 3.2 482.3 82.3 80
2021007733 0.592 32.6 206.7 413.0 378.2 80
2021007733 0.589 76.1 2.2 467.4 149.1 80
2021007733 0.584 39.6 3.1 470.7 384.1 80
2021007733 0.574 77.7 11.4 460.8 148.3 80
2021007733 0.567 495.9 250.2 500.2 357.6 80
2021007733 0.549 3.6 305.8 34.2 382.1 80
2021007733 0.548 77.0 2.7 488.8 138.1 80
2021007733 0.530 497.1 14.1 500.5 133.9 80
2021007733 0.506 327.9 352.3 513.1 383.1 80
2021007733 0.493 1.3 1.7 499.3 381.7 80
2021007733 0.465 19.5 -2.2 229.0 378.8 80
2021007733 0.439 13.3 217.9 188.2 380.0 80
2021007733 0.434 88.3 11.8 280.4 132.5 80
2021007733 0.418 5.8 354.8 502.2 384.4 80
2021007733 0.410 498.1 98.7 500.3 290.0 80
2021007733 0.404 494.7 -26.6 501.3 326.6 80
2021007733 0.400 469.3 329.7 508.9 382.8 80
2021007733 0.387 80.2 4.2 481.4 128.6 80
2021007733 0.387 251.0 4.5 481.2 87.3 80
2021007733 0.374 1.2 261.6 5.4 364.7 80
2021007733 0.365 480.1 3.9 506.1 384.9 80
2021007733 0.359 88.9 -2.5 476.3 135.6 11
2021007733 0.276 497.4 46.1 500.4 353.8 80
2021007733 0.264 88.9 -2.5 476.3 135.6 7
2021007733 0.227 8.3 11.4 121.9 382.7 80
2021007733 0.219 0.3 91.7 3.3 266.5 80
2021007733 0.217 -3.6 225.9 59.8 388.5 80
2021007733 0.217 0.3 43.2 3.6 156.2 80
2021007733 0.210 -0.1 2.6 5.7 75.5 80
2021007733 0.206 0.2 55.4 10.6 353.4 80
2021007733 0.203 -1.9 9.6 28.6 377.6 80
2021007733 0.199 10.1 220.8 377.9 359.0 80
2021007733 0.188 88.9 -2.5 476.3 135.6 80
2021007733 0.188 0.7 51.8 8.6 242.0 80
2021007733 0.181 251.0 4.5 481.2 87.3 11
2021007733 0.174 247.7 341.2 470.1 384.1 80
2021007733 0.166 52.9 284.4 452.6 388.6 80
2021007733 0.161 150.6 261.6 388.8 348.3 80
2021007733 0.161 91.4 241.8 461.7 372.7 80
2021007733 0.158 296.6 -2.1 663.2 29.3 80
2021007733 0.155 422.3 109.7 502.9 374.9 80
2021007733 0.149 350.8 39.7 495.4 411.4 80
2021007733 0.148 323.4 252.9 499.9 380.0 80
2021007733 0.146 37.3 246.2 412.2 372.5 80
2021007733 0.145 224.1 362.0 419.0 383.3 80
2021007733 0.145 80.2 4.2 481.4 128.6 11
2021007733 0.145 -7.1 251.3 320.9 377.7 80
2021007733 0.143 93.6 249.7 383.3 341.8 80
2021007733 0.141 251.0 4.5 481.2 87.3 14
2021007733 0.139 22.6 204.4 445.2 383.6 80
2021007733 0.138 251.0 4.5 481.2 87.3 7
2021007733 0.137 290.5 296.0 373.9 346.7 80
2021007733 0.135 -5.9 111.1 145.8 362.1 80
2021007733 0.135 43.4 365.4 181.8 384.6 80
2021007733 0.133 43.3 63.2 337.0 320.0 80
2021007733 0.133 407.8 35.0 512.8 408.1 80
2021007733 0.133 6.0 98.8 211.9 344.1 80
2021007733 0.132 12.0 344.2 110.4 381.6 80
2021007733 0.129 335.5 290.1 418.0 344.6 80
2021007733 0.129 8.9 209.2 280.3 337.9 80
2021007733 0.126 333.6 276.2 389.1 317.8 80
2021007733 0.123 282.6 286.5 339.9 324.6 80
2021007733 0.122 138.8 276.6 192.5 319.9 80
2021007733 0.122 191.8 262.6 251.0 312.1 80
2021007733 0.121 108.0 359.2 247.0 384.0 80
2021007733 0.121 346.9 224.7 435.7 297.6 80
2021007733 0.120 65.4 170.0 338.7 303.4 80
2021007733 0.119 39.2 192.1 294.9 317.5 80
2021007733 0.118 39.2 116.8 181.5 318.8 80
2021007733 0.111 -61.9 102.2 286.3 192.5 80
2021007733 0.111 -80.1 87.9 212.0 166.2 80
2021007733 0.110 116.8 134.4 530.1 261.7 80
2021007733 0.109 -17.7 62.7 426.1 176.8 80
2021007733 0.109 -52.9 81.8 362.3 189.4 80
2021007733 0.109 -134.4 17.7 217.3 59.2 80
2021007733 0.108 1.3 1.7 499.3 381.7 8
2021007733 0.106 -30.2 -17.7 468.7 34.8 80
2021007733 0.106 114.1 14.1 612.8 84.4 80
2021007733 0.105 39.1 25.8 538.0 98.0 80
2021007733 0.104 183.9 237.8 339.7 301.3 80
2021007733 0.103 87.6 40.1 582.6 121.4 80
2021007733 0.699 104.3 207.1 447.8 378.1 80
2021007733 0.698 90.7 1.3 338.9 130.0 80
2021007733 0.694 440.5 332.1 496.6 383.8 80
2021007733 0.683 407.7 328.6 501.4 380.2 80
2021007733 0.677 207.8 210.0 453.1 377.8 80
2021007733 0.675 349.9 1.2 488.5 72.0 80
2021007733 0.667 91.1 6.6 377.5 140.1 80
2021007733 0.664 458.8 0.8 499.3 62.7 80
2021007733 0.653 11.1 204.8 453.3 378.6 80
2021007733 0.652 229.2 5.1 447.0 66.2 80
2021007733 0.650 96.7 0.1 387.2 134.0 80
2021007733 0.643 110.6 1.3 471.9 114.2 80
2021007733 0.638 110.4 4.8 482.1 122.7 80
2021007733 0.630 293.0 2.2 494.9 88.6 80
2021007733 0.621 46.7 203.5 429.2 378.2 80
2021007733 0.609 22.6 204.4 445.2 383.6 7
2021007733 0.601 248.4 2.2 480.4 89.8 80
2021007733 0.598 114.6 1.8 409.7 73.6 80
2021007733 0.598 247.7 3.2 482.3 82.3 80
2021007733 0.592 32.6 206.7 413.0 378.2 80
2021007733 0.589 76.1 2.2 467.4 149.1 80
2021007733 0.584 39.6 3.1 470.7 384.1 80
2021007733 0.574 77.7 11.4 460.8 148.3 80
2021007733 0.567 495.9 250.2 500.2 357.6 80
2021007733 0.549 3.6 305.8 34.2 382.1 80
2021007733 0.548 77.0 2.7 488.8 138.1 80
2021007733 0.530 497.1 14.1 500.5 133.9 80
2021007733 0.506 327.9 352.3 513.1 383.1 80
2021007733 0.493 1.3 1.7 499.3 381.7 80
2021007733 0.465 19.5 -2.2 229.0 378.8 80
2021007733 0.439 13.3 217.9 188.2 380.0 80
2021007733 0.434 88.3 11.8 280.4 132.5 80
2021007733 0.418 5.8 354.8 502.2 384.4 80
2021007733 0.410 498.1 98.7 500.3 290.0 80
2021007733 0.404 494.7 -26.6 501.3 326.6 80
2021007733 0.400 469.3 329.7 508.9 382.8 80
2021007733 0.387 80.2 4.2 481.4 128.6 80
2021007733 0.387 251.0 4.5 481.2 87.3 80
2021007733 0.374 1.2 261.6 5.4 364.7 80
2021007733 0.365 480.1 3.9 506.1 384.9 80
2021007733 0.359 88.9 -2.5 476.3 135.6 11
2021007733 0.276 497.4 46.1 500.4 353.8 80
2021007733 0.264 88.9 -2.5 476.3 135.6 7
2021007733 0.227 8.3 11.4 121.9 382.7 80
2021007733 0.219 0.3 91.7 3.3 266.5 80
2021007733 0.217 -3.6 225.9 59.8 388.5 80
2021007733 0.217 0.3 43.2 3.6 156.2 80
2021007733 0.210 -0.1 2.6 5.7 75.5 80
2021007733 0.206 0.2 55.4 10.6 353.4 80
2021007733 0.203 -1.9 9.6 28.6 377.6 80
2021007733 0.199 10.1 220.8 377.9 359.0 80
2021007733 0.188 88.9 -2.5 476.3 135.6 80
2021007733 0.188 0.7 51.8 8.6 242.0 80
2021007733 0.181 251.0 4.5 481.2 87.3 11
2021007733 0.174 247.7 341.2 470.1 384.1 80
2021007733 0.166 52.9 284.4 452.6 388.6 80
2021007733 0.161 150.6 261.6 388.8 348.3 80
2021007733 0.161 91.4 241.8 461.7 372.7 80
2021007733 0.158 296.6 -2.1 663.2 29.3 80
2021007733 0.155 422.3 109.7 502.9 374.9 80
2021007733 0.149 350.8 39.7 495.4 411.4 80
2021007733 0.148 323.4 252.9 499.9 380.0 80
2021007733 0.146 37.3 246.2 412.2 372.5 80
2021007733 0.145 224.1 362.0 419.0 383.3 80
2021007733 0.145 80.2 4.2 481.4 128.6 11
2021007733 0.145 -7.1 251.3 320.9 377.7 80
2021007733 0.143 93.6 249.7 383.3 341.8 80
2021007733 0.141 251.0 4.5 481.2 87.3 14
2021007733 0.139 22.6 204.4 445.2 383.6 80
2021007733 0.138 251.0 4.5 481.2 87.3 7
2021007733 0.137 290.5 296.0 373.9 346.7 80
2021007733 0.135 -5.9 111.1 145.8 362.1 80
2021007733 0.135 43.4 365.4 181.8 384.6 80
2021007733 0.133 43.3 63.2 337.0 320.0 80
2021007733 0.133 407.8 35.0 512.8 408.1 80
2021007733 0.133 6.0 98.8 211.9 344.1 80
2021007733 0.132 12.0 344.2 110.4 381.6 80
2021007733 0.129 335.5 290.1 418.0 344.6 80
2021007733 0.129 8.9 209.2 280.3 337.9 80
2021007733 0.126 333.6 276.2 389.1 317.8 80
2021007733 0.123 282.6 286.5 339.9 324.6 80
2021007733 0.122 138.8 276.6 192.5 319.9 80
2021007733 0.122 191.8 262.6 251.0 312.1 80
2021007733 0.121 108.0 359.2 247.0 384.0 80
2021007733 0.121 346.9 224.7 435.7 297.6 80
2021007733 0.120 65.4 170.0 338.7 303.4 80
2021007733 0.119 39.2 192.1 294.9 317.5 80
2021007733 0.118 39.2 116.8 181.5 318.8 80
2021007733 0.111 -61.9 102.2 286.3 192.5 80
2021007733 0.111 -80.1 87.9 212.0 166.2 80
2021007733 0.110 116.8 134.4 530.1 261.7 80
2021007733 0.109 -17.7 62.7 426.1 176.8 80
2021007733 0.109 -52.9 81.8 362.3 189.4 80
2021007733 0.109 -134.4 17.7 217.3 59.2 80
2021007733 0.108 1.3 1.7 499.3 381.7 8
2021007733 0.106 -30.2 -17.7 468.7 34.8 80
2021007733 0.106 114.1 14.1 612.8 84.4 80
2021007733 0.105 39.1 25.8 538.0 98.0 80
2021007733 0.104 183.9 237.8 339.7 301.3 80
2021007733 0.103 87.6 40.1 582.6 121.4 80
2021007733 0.000 241.0 73.8 373.6 232.2 80
2021007733 0.000 0.9 42.9 103.5 252.6 80
2021007733 0.000 143.5 138.4 210.4 206.1 80
2021007733 0.000 211.1 113.7 275.5 181.2 80
2021007733 0.000 255.7 140.4 317.1 208.3 80
2021007733 0.000 370.9 111.2 486.4 273.7 80
2021007733 0.000 156.5 32.0 304.1 215.6 80
2021007733 0.000 45.5 221.9 107.3 294.5 80
2021007733 0.000 136.1 83.9 207.8 154.3 80
2021007733 0.000 81.4 119.7 147.0 189.9 80
2021007733 0.000 453.6 130.8 499.6 215.1 80
2021007733 0.000 387.5 99.1 462.0 167.2 80
2021007733 0.000 136.8 222.5 202.0 298.2 80
2021007733 0.000 197.5 52.8 272.8 122.0 80
2021007733 0.000 348.6 148.0 411.1 215.0 80
2021007733 0.000 19.6 26.3 206.5 198.5 80
2021007733 0.000 453.4 196.4 499.6 280.7 80
2021007733 0.000 297.9 173.8 359.9 240.5 80
2021007733 0.000 1.4 205.0 48.0 290.3 80
2021007733 0.000 356.3 201.3 415.7 270.6 80
2021007733 0.000 313.4 102.8 376.3 170.8 80
2021007733 0.000 287.3 135.4 486.0 262.5 80
2021007733 0.000 323.8 8.4 496.8 195.2 80
2021007733 0.000 205.6 163.1 267.3 229.6 80
2021007733 0.000 1.0 128.2 102.1 364.6 80
2021007733 0.000 33.6 130.0 166.5 281.9 80
2021007733 0.000 1.0 154.2 47.1 238.9 80
2021007733 0.000 89.9 191.3 149.8 258.6 80
2021007733 0.000 117.9 164.9 233.2 322.4 80
2021007733 0.000 217.6 256.5 286.0 337.2 80
2021007733 0.000 449.0 55.1 499.8 156.3 80
2021007733 0.000 149.2 175.3 210.9 242.0 80
2021007733 0.000 202.4 119.5 319.5 280.3 80
2021007733 0.000 27.0 157.9 95.0 225.0 80
2021007733 0.000 323.8 222.2 384.1 300.6 80
2021007733 0.000 409.9 179.9 475.0 246.9 80
2021007733 0.000 177.5 57.3 471.3 272.6 80
2021007733 0.000 251.8 126.0 367.4 354.4 80
2021007733 0.000 0.5 92.0 51.3 177.0 80
2021007733 0.000 0.7 22.3 51.8 108.0 80
2021007733 0.000 46.3 110.1 284.7 263.8 80
2021007733 0.000 101.0 51.5 245.1 322.8 80
2021007733 0.000 322.7 48.4 406.4 118.4 80
2021007733 0.000 255.4 3.7 329.6 74.7 80
2021007733 0.000 43.0 21.9 384.1 263.3 80
2021007733 0.000 178.5 224.3 238.0 306.2 80
2021007733 0.000 0.6 254.3 58.4 376.6 80
2021007733 0.000 442.7 249.6 499.6 375.4 80
2021007733 0.000 398.6 115.6 499.6 362.1 80
2021007733 0.000 10.3 10.6 491.7 203.6 80
2021007733 0.000 258.5 43.2 428.3 316.8 80
2021007733 0.000 89.9 17.2 408.1 371.4 80
2021007733 0.000 256.0 172.2 365.8 307.5 80
2021007733 0.000 -2.4 5.5 286.1 378.5 80
2021007733 0.000 8.1 90.6 229.7 376.9 80
2021007733 0.000 0.8 23.3 146.5 370.4 80
2021007733 0.000 130.9 79.9 368.5 372.4 80
2021007733 0.000 213.3 6.2 496.9 379.7 80
2021007733 0.000 155.4 206.2 351.2 376.4 80
2021007733 0.000 170.1 108.2 310.5 360.0 80
2021007733 0.000 152.8 21.4 356.2 367.7 80
2021007733 0.000 357.5 18.3 501.0 367.8 80
2021007733 0.000 68.5 69.5 447.6 327.5 80
2021007733 0.000 176.3 8.3 418.6 129.3 80
2021007733 0.000 2.3 69.6 366.0 376.2 80
2021007733 0.000 43.4 259.7 289.7 380.6 80
2021007733 0.000 5.1 284.3 130.5 381.3 80
2021007733 0.000 12.2 186.4 185.1 372.5 80
2021007733 0.000 305.3 183.1 482.3 371.8 80
2021007733 0.000 150.8 133.9 355.6 233.0 80
2021007733 0.000 24.4 149.1 338.0 371.3 80
2021007733 0.000 2.4 1.3 412.9 380.0 80
2021007733 0.000 274.3 87.8 490.6 380.0 80
2021007733 0.000 2.9 232.5 496.1 381.4 80
2021007733 0.000 220.6 262.2 474.8 380.5 80
2021007733 0.000 84.4 1.1 496.3 379.9 80
2021007733 0.000 158.4 69.0 495.2 378.2 80
2021007733 0.000 220.0 202.6 278.4 269.5 80
2021007733 0.000 157.8 153.4 463.5 371.8 80
2021007733 0.000 362.6 250.0 494.3 375.7 80
2021007733 0.000 44.5 61.8 117.1 139.4 80
2021007733 0.000 129.5 103.7 366.4 299.5 80
2021007733 0.000 22.2 44.2 477.7 373.9 80
2021007733 0.000 60.2 145.1 409.5 277.0 80
2021007733 0.000 0.4 102.9 499.0 373.5 80
2021007733 0.000 243.9 205.7 298.8 279.0 80
2021007733 0.000 12.4 96.3 490.0 277.0 80
2021007733 0.000 0.8 0.3 499.7 380.9 80
2021007733 0.000 1.3 18.6 498.9 315.9 80
2021007733 0.000 286.3 255.1 340.8 324.8 80
2021007733 0.000 424.2 6.3 498.9 87.3 80
2021007733 0.000 12.4 96.3 490.0 277.0 0
2021007733 0.000 0.8 0.3 499.7 380.9 7
2021007733 0.000 8.1 90.6 229.7 376.9 14
2021007733 0.000 258.5 43.2 428.3 316.8 14
2021007733 0.000 101.0 51.5 245.1 322.8 14
2021007733 0.000 170.1 108.2 310.5 360.0 14
2021007733 0.000 274.3 87.8 490.6 380.0 14
2021007733 0.000 152.8 21.4 356.2 367.7 14
2021007733 0.000 213.3 6.2 496.9 379.7 14
