2021009297 0.699 62.4 81.9 471.4 337.7 80
2021009297 0.697 20.1 90.3 55.8 118.7 80
2021009297 0.692 12.7 69.9 309.0 364.6 80
2021009297 0.689 133.1 89.3 319.6 221.4 80
2021009297 0.688 1.6 90.1 498.7 362.9 80
2021009297 0.680 103.1 67.4 283.5 330.8 80
2021009297 0.677 104.7 64.3 274.5 347.0 14
2021009297 0.676 185.4 94.0 316.2 232.4 80
2021009297 0.666 292.4 61.6 308.6 85.5 80
2021009297 0.664 103.4 66.6 270.5 336.1 80
2021009297 0.662 190.7 74.3 271.8 173.7 14
2021009297 0.661 48.6 84.0 278.9 362.1 80
2021009297 0.660 198.3 74.2 260.9 160.6 80
2021009297 0.657 2.5 95.4 220.0 367.0 80
2021009297 0.654 190.7 76.8 274.6 178.5 80
2021009297 0.650 4.1 104.4 173.6 370.6 80
2021009297 0.650 425.1 51.7 456.9 91.5 80
2021009297 0.649 477.5 319.3 499.7 372.3 80
2021009297 0.648 330.1 163.8 353.8 238.7 80
2021009297 0.641 0.5 181.6 13.4 233.2 80
2021009297 0.638 328.9 159.0 355.4 235.0 80
2021009297 0.632 105.7 68.6 274.0 317.2 80
2021009297 0.629 172.4 157.1 497.1 374.9 10
2021009297 0.625 6.6 105.2 245.8 367.8 80
2021009297 0.622 368.0 128.0 393.9 182.4 80
2021009297 0.619 423.6 73.6 495.7 247.0 80
2021009297 0.618 -8.2 87.9 265.3 373.8 80
2021009297 0.617 1.1 102.5 178.0 376.7 14
2021009297 0.615 483.2 228.8 499.6 377.8 80
2021009297 0.613 357.4 53.4 371.9 89.3 80
2021009297 0.607 159.7 85.9 217.2 170.0 80
2021009297 0.607 359.1 57.8 372.2 85.1 80
2021009297 0.601 275.1 61.6 289.6 85.5 80
2021009297 0.599 356.4 349.3 489.5 374.2 80
2021009297 0.597 15.4 132.1 506.5 367.5 80
2021009297 0.582 385.5 71.9 490.8 195.5 14
2021009297 0.582 1.1 128.4 10.9 198.7 80
2021009297 0.578 492.8 184.7 500.4 366.0 80
2021009297 0.578 376.3 146.8 398.8 198.7 80
2021009297 0.578 150.7 356.9 218.2 374.2 80
2021009297 0.577 110.2 80.9 257.3 197.1 80
2021009297 0.571 327.4 153.9 356.5 239.5 4
2021009297 0.571 189.8 117.5 505.8 336.0 80
2021009297 0.568 424.8 192.4 448.7 242.8 80
2021009297 0.567 402.6 345.8 496.2 374.1 80
2021009297 0.563 458.2 52.6 501.0 367.0 80
2021009297 0.561 477.5 20.2 500.3 65.6 80
2021009297 0.550 3.0 104.7 172.3 377.5 80
2021009297 0.545 183.8 76.5 262.5 174.7 80
2021009297 0.540 262.6 144.7 298.3 197.0 80
2021009297 0.538 1.4 56.7 9.9 136.0 80
2021009297 0.531 410.7 73.5 487.2 159.7 80
2021009297 0.525 6.0 298.1 50.9 375.1 80
2021009297 0.521 1.1 116.9 14.3 219.0 80
2021009297 0.499 254.8 144.9 307.7 199.3 80
2021009297 0.485 480.9 48.3 500.5 271.3 80
2021009297 0.483 384.5 79.8 488.9 182.3 80
2021009297 0.478 386.5 27.1 405.9 56.4 80
2021009297 0.465 0.7 164.7 7.3 359.6 80
2021009297 0.464 150.8 162.7 514.4 363.1 80
2021009297 0.450 -0.0 78.7 15.2 370.5 80
2021009297 0.442 401.0 167.5 429.0 248.0 4
2021009297 0.412 437.8 73.4 500.4 229.1 14
2021009297 0.388 476.6 71.7 499.2 148.0 80
2021009297 0.380 376.8 145.6 394.7 205.3 4
2021009297 0.379 401.5 164.7 428.5 244.2 4
2021009297 0.361 379.8 124.9 416.5 161.6 80
2021009297 0.340 278.3 145.4 300.0 171.1 14
2021009297 0.331 -20.6 266.1 173.7 385.3 80
2021009297 0.316 401.5 164.7 428.5 244.2 80
2021009297 0.307 278.3 145.4 300.0 171.1 80
2021009297 0.303 96.8 358.5 449.9 378.4 80
2021009297 0.302 476.6 71.7 499.2 148.0 14
2021009297 0.296 437.8 73.4 500.4 229.1 80
2021009297 0.295 376.8 145.6 394.7 205.3 80
2021009297 0.264 92.4 85.1 322.3 331.9 80
2021009297 0.233 206.7 120.3 463.2 213.4 80
2021009297 0.232 254.8 144.9 307.7 199.3 14
2021009297 0.230 329.4 197.3 364.1 231.8 80
2021009297 0.229 401.0 167.5 429.0 248.0 80
2021009297 0.196 101.0 344.9 451.4 379.1 80
2021009297 0.194 410.7 73.5 487.2 159.7 14
2021009297 0.191 384.5 79.8 488.9 182.3 14
2021009297 0.186 385.5 71.9 490.8 195.5 80
2021009297 0.186 -34.1 198.0 148.3 386.0 80
2021009297 0.183 183.8 76.5 262.5 174.7 14
2021009297 0.168 225.3 358.6 440.8 377.2 80
2021009297 0.164 480.9 48.3 500.5 271.3 14
2021009297 0.162 86.1 205.1 444.9 345.3 80
2021009297 0.157 1.1 102.5 178.0 376.7 80
2021009297 0.156 37.9 363.0 171.2 377.1 80
2021009297 0.153 106.3 171.1 145.8 210.6 80
2021009297 0.150 262.6 144.7 298.3 197.0 14
2021009297 0.147 21.3 244.1 266.1 381.6 80
2021009297 0.146 -10.8 175.8 208.8 351.3 80
2021009297 0.145 298.2 188.4 519.5 353.7 80
2021009297 0.145 139.2 238.4 455.9 381.4 80
2021009297 0.141 3.0 104.7 172.3 377.5 14
2021009297 0.141 125.8 296.0 310.6 379.4 80
2021009297 0.137 228.5 239.5 512.1 362.2 80
2021009297 0.699 62.4 81.9 471.4 337.7 80
2021009297 0.697 20.1 90.3 55.8 118.7 80
2021009297 0.692 12.7 69.9 309.0 364.6 80
2021009297 0.689 133.1 89.3 319.6 221.4 80
2021009297 0.688 1.6 90.1 498.7 362.9 80
2021009297 0.680 103.1 67.4 283.5 330.8 80
2021009297 0.677 104.7 64.3 274.5 347.0 14
2021009297 0.676 185.4 94.0 316.2 232.4 80
2021009297 0.666 292.4 61.6 308.6 85.5 80
2021009297 0.664 103.4 66.6 270.5 336.1 80
2021009297 0.662 190.7 74.3 271.8 173.7 14
2021009297 0.661 48.6 84.0 278.9 362.1 80
2021009297 0.660 198.3 74.2 260.9 160.6 80
2021009297 0.657 2.5 95.4 220.0 367.0 80
2021009297 0.654 190.7 76.8 274.6 178.5 80
2021009297 0.650 4.1 104.4 173.6 370.6 80
2021009297 0.650 425.1 51.7 456.9 91.5 80
2021009297 0.649 477.5 319.3 499.7 372.3 80
2021009297 0.648 330.1 163.8 353.8 238.7 80
2021009297 0.641 0.5 181.6 13.4 233.2 80
2021009297 0.638 328.9 159.0 355.4 235.0 80
2021009297 0.632 105.7 68.6 274.0 317.2 80
2021009297 0.629 172.4 157.1 497.1 374.9 10
2021009297 0.625 6.6 105.2 245.8 367.8 80
2021009297 0.622 368.0 128.0 393.9 182.4 80
2021009297 0.619 423.6 73.6 495.7 247.0 80
2021009297 0.618 -8.2 87.9 265.3 373.8 80
2021009297 0.617 1.1 102.5 178.0 376.7 14
2021009297 0.615 483.2 228.8 499.6 377.8 80
2021009297 0.613 357.4 53.4 371.9 89.3 80
2021009297 0.607 159.7 85.9 217.2 170.0 80
2021009297 0.607 359.1 57.8 372.2 85.1 80
2021009297 0.601 275.1 61.6 289.6 85.5 80
2021009297 0.599 356.4 349.3 489.5 374.2 80
2021009297 0.597 15.4 132.1 506.5 367.5 80
2021009297 0.582 385.5 71.9 490.8 195.5 14
2021009297 0.582 1.1 128.4 10.9 198.7 80
2021009297 0.578 492.8 184.7 500.4 366.0 80
2021009297 0.578 376.3 146.8 398.8 198.7 80
2021009297 0.578 150.7 356.9 218.2 374.2 80
2021009297 0.577 110.2 80.9 257.3 197.1 80
2021009297 0.571 327.4 153.9 356.5 239.5 4
2021009297 0.571 189.8 117.5 505.8 336.0 80
2021009297 0.568 424.8 192.4 448.7 242.8 80
2021009297 0.567 402.6 345.8 496.2 374.1 80
2021009297 0.563 458.2 52.6 501.0 367.0 80
2021009297 0.561 477.5 20.2 500.3 65.6 80
2021009297 0.550 3.0 104.7 172.3 377.5 80
2021009297 0.545 183.8 76.5 262.5 174.7 80
2021009297 0.540 262.6 144.7 298.3 197.0 80
2021009297 0.538 1.4 56.7 9.9 136.0 80
2021009297 0.531 410.7 73.5 487.2 159.7 80
2021009297 0.525 6.0 298.1 50.9 375.1 80
2021009297 0.521 1.1 116.9 14.3 219.0 80
2021009297 0.499 254.8 144.9 307.7 199.3 80
2021009297 0.485 480.9 48.3 500.5 271.3 80
2021009297 0.483 384.5 79.8 488.9 182.3 80
2021009297 0.478 386.5 27.1 405.9 56.4 80
2021009297 0.465 0.7 164.7 7.3 359.6 80
2021009297 0.464 150.8 162.7 514.4 363.1 80
2021009297 0.450 -0.0 78.7 15.2 370.5 80
2021009297 0.442 401.0 167.5 429.0 248.0 4
2021009297 0.412 437.8 73.4 500.4 229.1 14
2021009297 0.388 476.6 71.7 499.2 148.0 80
2021009297 0.380 376.8 145.6 394.7 205.3 4
2021009297 0.379 401.5 164.7 428.5 244.2 4
2021009297 0.361 379.8 124.9 416.5 161.6 80
2021009297 0.340 278.3 145.4 300.0 171.1 14
2021009297 0.331 -20.6 266.1 173.7 385.3 80
2021009297 0.316 401.5 164.7 428.5 244.2 80
2021009297 0.307 278.3 145.4 300.0 171.1 80
2021009297 0.303 96.8 358.5 449.9 378.4 80
2021009297 0.302 476.6 71.7 499.2 148.0 14
2021009297 0.296 437.8 73.4 500.4 229.1 80
2021009297 0.295 376.8 145.6 394.7 205.3 80
2021009297 0.264 92.4 85.1 322.3 331.9 80
2021009297 0.233 206.7 120.3 463.2 213.4 80
2021009297 0.232 254.8 144.9 307.7 199.3 14
2021009297 0.230 329.4 197.3 364.1 231.8 80
2021009297 0.229 401.0 167.5 429.0 248.0 80
2021009297 0.196 101.0 344.9 451.4 379.1 80
2021009297 0.194 410.7 73.5 487.2 159.7 14
2021009297 0.191 384.5 79.8 488.9 182.3 14
2021009297 0.186 385.5 71.9 490.8 195.5 80
2021009297 0.186 -34.1 198.0 148.3 386.0 80
2021009297 0.183 183.8 76.5 262.5 174.7 14
2021009297 0.168 225.3 358.6 440.8 377.2 80
2021009297 0.164 480.9 48.3 500.5 271.3 14
2021009297 0.162 86.1 205.1 444.9 345.3 80
2021009297 0.157 1.1 102.5 178.0 376.7 80
2021009297 0.156 37.9 363.0 171.2 377.1 80
2021009297 0.153 106.3 171.1 145.8 210.6 80
2021009297 0.150 262.6 144.7 298.3 197.0 14
2021009297 0.147 21.3 244.1 266.1 381.6 80
2021009297 0.146 -10.8 175.8 208.8 351.3 80
2021009297 0.145 298.2 188.4 519.5 353.7 80
2021009297 0.145 139.2 238.4 455.9 381.4 80
2021009297 0.141 3.0 104.7 172.3 377.5 14
2021009297 0.141 125.8 296.0 310.6 379.4 80
2021009297 0.137 228.5 239.5 512.1 362.2 80
2021009297 0.000 242.0 73.2 372.7 227.7 80
2021009297 0.000 0.9 43.1 103.5 247.8 80
2021009297 0.000 143.7 135.9 210.3 202.4 80
2021009297 0.000 211.4 111.8 275.3 178.0 80
2021009297 0.000 371.0 109.2 486.3 268.7 80
2021009297 0.000 255.8 137.9 317.1 204.5 80
2021009297 0.000 156.6 31.4 304.0 211.6 80
2021009297 0.000 45.5 217.8 107.4 288.9 80
2021009297 0.000 136.3 82.3 207.6 151.5 80
2021009297 0.000 81.5 117.6 146.9 186.5 80
2021009297 0.000 197.9 51.8 272.4 119.8 80
2021009297 0.000 453.6 128.4 499.6 211.2 80
2021009297 0.000 387.8 97.3 461.7 164.2 80
2021009297 0.000 348.6 145.3 411.0 211.1 80
2021009297 0.000 136.9 218.3 201.8 292.7 80
2021009297 0.000 19.5 26.1 206.5 194.8 80
2021009297 0.000 1.5 201.3 48.0 285.0 80
2021009297 0.000 297.9 170.7 359.9 236.2 80
2021009297 0.000 453.4 192.9 499.6 275.6 80
2021009297 0.000 356.3 197.7 415.7 265.7 80
2021009297 0.000 313.5 100.9 376.2 167.7 80
2021009297 0.000 323.9 8.3 496.6 191.8 80
2021009297 0.000 287.5 132.8 485.8 257.7 80
2021009297 0.000 205.6 160.1 267.3 225.4 80
2021009297 0.000 0.9 125.8 102.1 357.9 80
2021009297 0.000 33.3 127.4 166.8 276.8 80
2021009297 0.000 1.0 151.5 47.1 234.6 80
2021009297 0.000 89.9 187.8 149.8 253.9 80
2021009297 0.000 449.0 54.1 499.7 153.4 80
2021009297 0.000 117.9 161.9 233.2 316.5 80
2021009297 0.000 218.0 251.8 286.7 331.9 80
2021009297 0.000 149.3 172.2 210.8 237.6 80
2021009297 0.000 410.1 176.6 474.8 242.3 80
2021009297 0.000 27.0 155.1 94.9 220.9 80
2021009297 0.000 323.9 218.2 384.1 295.1 80
2021009297 0.000 202.7 116.7 319.1 275.9 80
2021009297 0.000 177.6 56.6 471.2 267.4 80
2021009297 0.000 252.3 124.0 366.8 347.9 80
2021009297 0.000 0.5 90.4 51.3 173.8 80
2021009297 0.000 0.7 22.0 51.8 106.0 80
2021009297 0.000 46.4 108.1 284.6 258.9 80
2021009297 0.000 101.1 50.5 245.1 317.1 80
2021009297 0.000 255.5 3.7 329.5 73.3 80
2021009297 0.000 322.9 47.5 406.2 116.3 80
2021009297 0.000 43.3 21.4 383.8 258.4 80
2021009297 0.000 0.6 249.6 58.3 369.8 80
2021009297 0.000 178.6 220.3 238.0 300.5 80
2021009297 0.000 442.7 245.1 499.6 368.5 80
2021009297 0.000 398.6 113.5 499.6 355.5 80
2021009297 0.000 10.6 10.6 491.5 199.6 80
2021009297 0.000 258.6 42.4 428.2 311.1 80
2021009297 0.000 90.0 16.9 408.1 364.6 80
2021009297 0.000 256.1 169.2 365.6 301.9 80
2021009297 0.000 -2.4 5.4 286.1 371.6 80
2021009297 0.000 8.1 89.0 229.6 370.1 80
2021009297 0.000 0.7 22.9 146.6 363.6 80
2021009297 0.000 213.1 6.1 497.0 372.7 80
2021009297 0.000 131.2 78.4 368.1 365.5 80
2021009297 0.000 156.2 201.7 351.1 369.4 80
2021009297 0.000 170.3 106.4 310.3 353.3 80
2021009297 0.000 153.4 21.0 355.4 360.9 80
2021009297 0.000 357.6 18.1 500.9 361.1 80
2021009297 0.000 68.8 68.1 447.4 321.4 80
2021009297 0.000 177.0 8.2 417.9 127.1 80
2021009297 0.000 43.6 254.9 289.5 373.6 80
2021009297 0.000 2.3 68.4 366.1 369.3 80
2021009297 0.000 5.1 279.1 130.5 374.3 80
2021009297 0.000 12.0 183.0 185.2 365.8 80
2021009297 0.000 305.3 180.1 482.3 365.0 80
2021009297 0.000 220.0 199.0 278.3 264.7 80
2021009297 0.000 24.3 146.3 338.1 364.6 80
2021009297 0.000 2.5 1.3 412.8 373.0 80
2021009297 0.000 150.8 131.3 355.6 228.6 80
2021009297 0.000 274.3 86.1 490.6 373.1 80
2021009297 0.000 3.0 228.5 496.0 374.4 80
2021009297 0.000 220.7 257.3 474.7 373.5 80
2021009297 0.000 84.5 1.1 496.2 372.9 80
2021009297 0.000 158.6 67.8 495.0 371.2 80
2021009297 0.000 157.9 150.5 463.3 364.9 80
2021009297 0.000 362.6 245.1 494.3 368.9 80
2021009297 0.000 44.4 60.6 117.3 136.8 80
2021009297 0.000 129.9 101.9 365.9 294.0 80
2021009297 0.000 22.3 43.4 477.5 366.6 80
2021009297 0.000 60.2 142.4 409.5 272.0 80
2021009297 0.000 0.4 100.8 499.0 366.5 80
2021009297 0.000 244.0 202.0 298.7 273.9 80
2021009297 0.000 12.6 94.7 489.8 271.8 80
2021009297 0.000 0.8 0.3 499.7 373.9 80
2021009297 0.000 1.3 18.3 498.9 309.8 80
2021009297 0.000 286.3 250.3 340.8 319.0 80
2021009297 0.000 424.2 6.2 498.9 85.7 80
2021009297 0.000 12.6 94.7 489.8 271.8 0
2021009297 0.000 0.8 0.3 499.7 373.9 7
2021009297 0.000 8.1 89.0 229.6 370.1 14
2021009297 0.000 258.6 42.4 428.2 311.1 14
2021009297 0.000 101.1 50.5 245.1 317.1 14
2021009297 0.000 170.3 106.4 310.3 353.3 14
2021009297 0.000 274.3 86.1 490.6 373.1 14
2021009297 0.000 153.4 21.0 355.4 360.9 14
2021009297 0.000 213.1 6.1 497.0 372.7 14
