2021007829 0.697 297.0 456.2 333.4 495.1 80
2021007829 0.694 0.1 105.9 51.2 378.3 80
2021007829 0.692 1.9 113.5 39.9 289.9 80
2021007829 0.690 2.0 91.9 56.7 297.4 80
2021007829 0.687 213.2 274.3 331.1 359.4 80
2021007829 0.683 189.3 320.2 336.2 502.3 80
2021007829 0.669 1.5 431.6 34.3 493.4 80
2021007829 0.665 50.3 9.1 325.9 371.6 80
2021007829 0.663 78.3 68.7 330.0 353.8 7
2021007829 0.658 262.8 4.8 329.4 369.6 80
2021007829 0.655 94.7 71.6 332.8 348.0 80
2021007829 0.655 83.7 71.9 332.4 366.6 80
2021007829 0.647 44.0 72.5 328.7 366.2 80
2021007829 0.645 98.7 3.5 331.8 141.0 80
2021007829 0.636 4.2 51.7 33.1 317.6 80
2021007829 0.621 188.1 297.7 333.5 506.5 80
2021007829 0.619 271.9 144.0 324.7 535.0 80
2021007829 0.617 76.7 74.8 327.5 341.2 80
2021007829 0.613 1.2 23.3 333.0 498.8 80
2021007829 0.607 143.9 63.7 329.1 347.3 80
2021007829 0.598 0.4 326.4 332.3 500.6 80
2021007829 0.586 312.2 -36.4 335.2 342.2 80
2021007829 0.583 81.5 62.9 324.1 348.1 80
2021007829 0.578 275.7 66.3 329.0 359.0 80
2021007829 0.577 320.6 263.2 333.2 490.1 80
2021007829 0.576 322.8 32.9 332.7 316.4 80
2021007829 0.571 330.0 74.2 333.2 213.2 80
2021007829 0.566 329.1 190.6 333.4 301.4 80
2021007829 0.562 1.6 69.7 33.8 514.2 80
2021007829 0.557 327.9 12.2 333.4 153.3 80
2021007829 0.543 1.2 101.7 11.8 279.6 80
2021007829 0.478 331.6 292.5 333.2 416.2 80
2021007829 0.476 0.8 310.2 332.7 503.3 80
2021007829 0.452 193.0 465.7 348.4 503.9 80
2021007829 0.415 -0.0 88.7 5.5 407.3 80
2021007829 0.404 234.1 37.8 324.9 375.7 80
2021007829 0.402 327.8 72.2 333.4 487.7 80
2021007829 0.397 0.3 135.5 332.3 501.5 80
2021007829 0.394 1.0 312.4 3.7 474.7 80
2021007829 0.374 139.4 95.9 339.5 344.1 80
2021007829 0.341 105.6 109.5 340.6 340.3 80
2021007829 0.325 278.7 399.2 339.7 514.7 80
2021007829 0.297 0.6 238.6 27.1 526.5 80
2021007829 0.282 -0.4 47.3 33.3 534.4 80
2021007829 0.257 79.4 117.8 329.5 333.5 80
2021007829 0.244 135.1 221.3 341.1 505.8 80
2021007829 0.240 0.8 310.2 332.7 503.3 10
2021007829 0.227 0.4 3.0 3.0 119.0 80
2021007829 0.187 41.9 484.6 296.6 502.1 80
2021007829 0.180 -6.7 110.1 54.9 419.7 80
2021007829 0.178 9.5 61.5 125.4 452.6 80
2021007829 0.167 2.8 428.4 47.5 507.5 80
2021007829 0.163 29.2 -14.9 352.3 241.5 80
2021007829 0.157 78.3 68.7 330.0 353.8 11
2021007829 0.156 19.9 341.2 281.4 493.3 80
2021007829 0.153 16.4 83.3 109.2 501.9 80
2021007829 0.150 -0.7 343.7 218.5 495.1 80
2021007829 0.149 56.2 333.2 317.2 489.3 80
2021007829 0.145 81.3 170.4 302.6 438.3 80
2021007829 0.145 95.5 276.5 318.8 468.9 80
2021007829 0.144 152.8 474.7 274.5 500.8 80
2021007829 0.144 -2.3 263.4 140.5 503.5 80
2021007829 0.143 40.1 -31.8 368.1 167.2 80
2021007829 0.142 159.4 267.2 234.2 355.7 80
2021007829 0.141 118.9 205.1 322.3 357.2 80
2021007829 0.141 49.6 459.5 201.5 506.7 80
2021007829 0.140 27.1 255.7 255.6 463.3 80
2021007829 0.140 13.0 296.0 235.5 475.7 80
2021007829 0.136 62.5 274.3 276.5 458.0 80
2021007829 0.134 9.7 214.5 184.9 466.1 80
2021007829 0.131 74.8 158.9 283.0 323.5 80
2021007829 0.131 79.3 128.1 280.5 293.9 80
2021007829 0.131 122.3 151.1 309.7 313.1 80
2021007829 0.130 23.9 166.7 200.4 450.7 80
2021007829 0.130 109.3 265.5 164.2 341.7 80
2021007829 0.129 86.4 306.4 138.3 371.1 80
2021007829 0.129 181.0 267.4 331.8 365.0 80
2021007829 0.128 24.6 227.3 74.6 315.4 80
2021007829 0.128 26.7 475.1 117.2 504.2 80
2021007829 0.126 67.0 211.2 251.5 408.1 80
2021007829 0.125 26.6 163.8 226.2 312.9 80
2021007829 0.122 51.0 206.0 215.0 371.7 80
2021007829 0.122 63.5 163.7 240.7 304.1 80
2021007829 0.119 44.5 289.2 101.9 375.1 80
2021007829 0.114 -3.5 172.1 204.1 289.6 80
2021007829 0.113 28.9 94.2 273.2 247.9 80
2021007829 0.110 -17.4 74.9 255.0 191.5 80
2021007829 0.107 -57.4 24.0 241.4 123.7 80
2021007829 0.105 -83.5 23.5 210.3 117.6 80
2021007829 0.103 89.5 8.0 413.0 176.5 80
2021007829 0.102 -0.8 -11.8 331.2 78.3 80
2021007829 0.100 131.4 -1.7 448.0 123.1 80
2021007829 0.099 -26.6 -11.8 305.4 67.7 80
2021007829 0.098 20.5 -16.9 352.5 37.8 80
2021007829 0.097 60.0 -20.4 392.0 41.9 80
2021007829 0.097 -1.3 -5.3 35.4 31.2 80
2021007829 0.097 -120.9 -3.6 211.0 29.7 80
2021007829 0.091 109.3 -13.5 441.3 36.2 80
2021007829 0.091 143.8 -8.7 475.8 27.2 80
2021007829 0.090 -90.7 -2.7 241.3 30.5 80
2021007829 0.697 297.0 456.2 333.4 495.1 80
2021007829 0.694 0.1 105.9 51.2 378.3 80
2021007829 0.692 1.9 113.5 39.9 289.9 80
2021007829 0.690 2.0 91.9 56.7 297.4 80
2021007829 0.687 213.2 274.3 331.1 359.4 80
2021007829 0.683 189.3 320.2 336.2 502.3 80
2021007829 0.669 1.5 431.6 34.3 493.4 80
2021007829 0.665 50.3 9.1 325.9 371.6 80
2021007829 0.663 78.3 68.7 330.0 353.8 7
2021007829 0.658 262.8 4.8 329.4 369.6 80
2021007829 0.655 94.7 71.6 332.8 348.0 80
2021007829 0.655 83.7 71.9 332.4 366.6 80
2021007829 0.647 44.0 72.5 328.7 366.2 80
2021007829 0.645 98.7 3.5 331.8 141.0 80
2021007829 0.636 4.2 51.7 33.1 317.6 80
2021007829 0.621 188.1 297.7 333.5 506.5 80
2021007829 0.619 271.9 144.0 324.7 535.0 80
2021007829 0.617 76.7 74.8 327.5 341.2 80
2021007829 0.613 1.2 23.3 333.0 498.8 80
2021007829 0.607 143.9 63.7 329.1 347.3 80
2021007829 0.598 0.4 326.4 332.3 500.6 80
2021007829 0.586 312.2 -36.4 335.2 342.2 80
2021007829 0.583 81.5 62.9 324.1 348.1 80
2021007829 0.578 275.7 66.3 329.0 359.0 80
2021007829 0.577 320.6 263.2 333.2 490.1 80
2021007829 0.576 322.8 32.9 332.7 316.4 80
2021007829 0.571 330.0 74.2 333.2 213.2 80
2021007829 0.566 329.1 190.6 333.4 301.4 80
2021007829 0.562 1.6 69.7 33.8 514.2 80
2021007829 0.557 327.9 12.2 333.4 153.3 80
2021007829 0.543 1.2 101.7 11.8 279.6 80
2021007829 0.478 331.6 292.5 333.2 416.2 80
2021007829 0.476 0.8 310.2 332.7 503.3 80
2021007829 0.452 193.0 465.7 348.4 503.9 80
2021007829 0.415 -0.0 88.7 5.5 407.3 80
2021007829 0.404 234.1 37.8 324.9 375.7 80
2021007829 0.402 327.8 72.2 333.4 487.7 80
2021007829 0.397 0.3 135.5 332.3 501.5 80
2021007829 0.394 1.0 312.4 3.7 474.7 80
2021007829 0.374 139.4 95.9 339.5 344.1 80
2021007829 0.341 105.6 109.5 340.6 340.3 80
2021007829 0.325 278.7 399.2 339.7 514.7 80
2021007829 0.297 0.6 238.6 27.1 526.5 80
2021007829 0.282 -0.4 47.3 33.3 534.4 80
2021007829 0.257 79.4 117.8 329.5 333.5 80
2021007829 0.244 135.1 221.3 341.1 505.8 80
2021007829 0.240 0.8 310.2 332.7 503.3 10
2021007829 0.227 0.4 3.0 3.0 119.0 80
2021007829 0.187 41.9 484.6 296.6 502.1 80
2021007829 0.180 -6.7 110.1 54.9 419.7 80
2021007829 0.178 9.5 61.5 125.4 452.6 80
2021007829 0.167 2.8 428.4 47.5 507.5 80
2021007829 0.163 29.2 -14.9 352.3 241.5 80
2021007829 0.157 78.3 68.7 330.0 353.8 11
2021007829 0.156 19.9 341.2 281.4 493.3 80
2021007829 0.153 16.4 83.3 109.2 501.9 80
2021007829 0.150 -0.7 343.7 218.5 495.1 80
2021007829 0.149 56.2 333.2 317.2 489.3 80
2021007829 0.145 81.3 170.4 302.6 438.3 80
2021007829 0.145 95.5 276.5 318.8 468.9 80
2021007829 0.144 152.8 474.7 274.5 500.8 80
2021007829 0.144 -2.3 263.4 140.5 503.5 80
2021007829 0.143 40.1 -31.8 368.1 167.2 80
2021007829 0.142 159.4 267.2 234.2 355.7 80
2021007829 0.141 118.9 205.1 322.3 357.2 80
2021007829 0.141 49.6 459.5 201.5 506.7 80
2021007829 0.140 27.1 255.7 255.6 463.3 80
2021007829 0.140 13.0 296.0 235.5 475.7 80
2021007829 0.136 62.5 274.3 276.5 458.0 80
2021007829 0.134 9.7 214.5 184.9 466.1 80
2021007829 0.131 74.8 158.9 283.0 323.5 80
2021007829 0.131 79.3 128.1 280.5 293.9 80
2021007829 0.131 122.3 151.1 309.7 313.1 80
2021007829 0.130 23.9 166.7 200.4 450.7 80
2021007829 0.130 109.3 265.5 164.2 341.7 80
2021007829 0.129 86.4 306.4 138.3 371.1 80
2021007829 0.129 181.0 267.4 331.8 365.0 80
2021007829 0.128 24.6 227.3 74.6 315.4 80
2021007829 0.128 26.7 475.1 117.2 504.2 80
2021007829 0.126 67.0 211.2 251.5 408.1 80
2021007829 0.125 26.6 163.8 226.2 312.9 80
2021007829 0.122 51.0 206.0 215.0 371.7 80
2021007829 0.122 63.5 163.7 240.7 304.1 80
2021007829 0.119 44.5 289.2 101.9 375.1 80
2021007829 0.114 -3.5 172.1 204.1 289.6 80
2021007829 0.113 28.9 94.2 273.2 247.9 80
2021007829 0.110 -17.4 74.9 255.0 191.5 80
2021007829 0.107 -57.4 24.0 241.4 123.7 80
2021007829 0.105 -83.5 23.5 210.3 117.6 80
2021007829 0.103 89.5 8.0 413.0 176.5 80
2021007829 0.102 -0.8 -11.8 331.2 78.3 80
2021007829 0.100 131.4 -1.7 448.0 123.1 80
2021007829 0.099 -26.6 -11.8 305.4 67.7 80
2021007829 0.098 20.5 -16.9 352.5 37.8 80
2021007829 0.097 60.0 -20.4 392.0 41.9 80
2021007829 0.097 -1.3 -5.3 35.4 31.2 80
2021007829 0.097 -120.9 -3.6 211.0 29.7 80
2021007829 0.091 109.3 -13.5 441.3 36.2 80
2021007829 0.091 143.8 -8.7 475.8 27.2 80
2021007829 0.090 -90.7 -2.7 241.3 30.5 80
2021007829 0.000 242.1 139.1 329.7 349.7 80
2021007829 0.000 2.5 167.6 131.8 355.2 80
2021007829 0.000 140.4 104.0 277.6 257.6 80
2021007829 0.000 90.5 49.7 224.0 244.1 80
2021007829 0.000 183.0 183.6 333.4 341.1 80
2021007829 0.000 0.6 42.5 68.3 331.4 80
2021007829 0.000 300.4 87.4 332.8 193.4 80
2021007829 0.000 267.3 236.0 322.5 322.9 80
2021007829 0.000 0.8 172.0 68.4 475.0 80
2021007829 0.000 0.6 199.7 31.7 312.2 80
2021007829 0.000 302.2 255.9 332.8 368.9 80
2021007829 0.000 55.1 253.3 105.7 338.6 80
2021007829 0.000 302.3 170.1 332.8 282.8 80
2021007829 0.000 11.9 205.2 69.8 292.2 80
2021007829 0.000 129.9 214.9 186.1 300.8 80
2021007829 0.000 82.8 176.3 153.8 269.0 80
2021007829 0.000 1.3 267.6 32.0 380.4 80
2021007829 0.000 265.3 161.4 332.8 470.2 80
2021007829 0.000 103.4 68.5 329.9 372.7 80
2021007829 0.000 159.7 80.3 302.9 409.1 80
2021007829 0.000 213.5 5.5 335.4 250.0 80
2021007829 0.000 295.8 334.6 332.2 484.9 80
2021007829 0.000 14.3 140.5 206.7 349.5 80
2021007829 0.000 91.5 228.7 149.0 314.9 80
2021007829 0.000 161.6 186.0 221.3 271.2 80
2021007829 0.000 89.5 186.0 248.3 317.4 80
2021007829 0.000 190.4 230.1 249.0 315.2 80
2021007829 0.000 191.9 152.1 320.8 484.8 80
2021007829 0.000 223.1 197.3 284.2 282.0 80
2021007829 0.000 0.4 28.1 34.9 140.7 80
2021007829 0.000 230.0 270.5 286.6 354.2 80
2021007829 0.000 46.3 160.9 107.2 246.4 80
2021007829 0.000 6.0 21.8 152.2 243.9 80
2021007829 0.000 132.7 149.6 192.2 235.9 80
2021007829 0.000 1.6 -17.0 332.6 285.6 80
2021007829 0.000 0.8 334.2 38.4 495.6 80
2021007829 0.000 0.6 119.3 34.2 231.8 80
2021007829 0.000 5.1 195.4 238.1 491.4 80
2021007829 0.000 19.9 34.4 265.8 337.7 80
2021007829 0.000 96.1 285.2 238.8 494.2 80
2021007829 0.000 252.4 134.9 314.4 220.8 80
2021007829 0.000 85.2 119.4 250.2 482.5 80
2021007829 0.000 107.2 172.4 219.7 460.6 80
2021007829 0.000 -1.0 125.3 161.0 495.4 80
2021007829 0.000 64.3 122.9 268.5 395.9 80
2021007829 0.000 161.6 217.9 264.0 445.0 80
2021007829 0.000 -4.1 260.8 131.5 493.7 80
2021007829 0.000 199.3 139.6 261.7 224.2 80
2021007829 0.000 126.2 72.2 188.4 157.4 80
2021007829 0.000 47.5 49.6 284.3 461.9 80
2021007829 0.000 99.9 217.1 315.6 492.4 80
2021007829 0.000 2.9 326.3 221.4 496.5 80
2021007829 0.000 239.5 28.3 332.9 480.9 80
2021007829 0.000 196.7 258.0 325.3 491.0 80
2021007829 0.000 3.0 372.6 88.1 498.8 80
2021007829 0.000 0.6 95.3 245.2 496.7 80
2021007829 0.000 138.2 8.1 336.1 496.4 80
2021007829 0.000 241.7 335.1 328.7 494.1 80
2021007829 0.000 97.8 107.0 341.0 501.4 80
2021007829 0.000 84.6 112.1 145.6 198.0 80
2021007829 0.000 119.9 199.1 231.3 355.6 80
2021007829 0.000 24.5 295.5 78.5 386.2 80
2021007829 0.000 37.5 115.0 306.0 430.5 80
2021007829 0.000 -3.2 9.9 198.5 494.6 80
2021007829 0.000 133.3 350.2 331.7 500.1 80
2021007829 0.000 31.7 53.6 202.4 448.0 80
2021007829 0.000 57.7 142.2 180.1 477.5 80
2021007829 0.000 111.1 271.1 233.3 459.5 80
2021007829 0.000 1.5 309.5 332.2 500.6 80
2021007829 0.000 95.1 -1.9 305.0 156.1 80
2021007829 0.000 1.4 3.4 279.7 496.8 80
2021007829 0.000 90.7 22.6 248.6 481.6 80
2021007829 0.000 88.9 304.6 142.0 388.0 80
2021007829 0.000 26.4 201.0 288.5 372.5 80
2021007829 0.000 50.0 11.3 332.6 499.2 80
2021007829 0.000 0.7 149.6 332.7 496.7 80
2021007829 0.000 4.1 40.3 96.7 484.5 80
2021007829 0.000 9.6 60.9 317.2 502.9 80
2021007829 0.000 1.1 40.6 332.8 458.1 80
2021007829 0.000 0.9 0.7 332.8 499.3 80
2021007829 0.000 164.6 7.2 226.3 97.5 80
2021007829 0.000 211.2 71.4 276.0 156.8 80
2021007829 0.000 155.7 279.4 268.1 385.0 80
2021007829 0.000 5.3 188.7 333.6 394.2 80
2021007829 0.000 283.8 7.0 331.1 114.5 80
2021007829 0.000 143.9 264.6 193.4 348.7 80
2021007829 0.000 21.0 91.0 87.8 178.0 80
2021007829 0.000 215.5 293.4 271.2 374.9 80
2021007829 0.000 0.9 0.7 332.8 499.3 14
2021007829 0.000 0.9 0.7 332.8 499.3 7
2021007829 0.000 50.0 11.3 332.6 499.2 14
2021007829 0.000 0.9 0.7 332.8 499.3 11
2021007829 0.000 47.5 49.6 284.3 461.9 14
2021007829 0.000 138.2 8.1 336.1 496.4 14
2021007829 0.000 9.6 60.9 317.2 502.9 14
2021007829 0.000 -3.2 9.9 198.5 494.6 14
2021007829 0.000 1.4 3.4 279.7 496.8 14
2021007829 0.000 -1.0 125.3 161.0 495.4 14
2021007829 0.000 0.6 95.3 245.2 496.7 14
2021007829 0.000 0.7 149.6 332.7 496.7 17
