2021000000126110 0.771 301.2 202.1 318.9 239.3 80
2021000000126110 0.767 195.3 87.2 304.0 185.1 80
2021000000126110 0.766 170.1 5.9 305.6 187.6 80
2021000000126110 0.765 209.8 98.0 303.2 184.1 80
2021000000126110 0.764 19.5 117.5 93.4 235.0 80
2021000000126110 0.761 36.6 29.4 249.4 138.4 80
2021000000126110 0.761 76.7 50.4 172.2 192.5 80
2021000000126110 0.758 9.5 11.7 277.9 226.1 80
2021000000126110 0.758 6.7 16.7 193.2 237.9 80
2021000000126110 0.758 138.2 6.2 273.0 169.8 80
2021000000126110 0.753 108.1 8.6 202.7 96.8 80
2021000000126110 0.752 5.0 14.7 235.8 235.9 80
2021000000126110 0.751 1.2 150.2 63.6 237.6 80
2021000000126110 0.750 104.9 30.7 130.4 69.2 80
2021000000126110 0.748 25.9 47.6 316.3 234.7 80
2021000000126110 0.746 146.3 234.0 200.8 240.4 80
2021000000126110 0.744 105.2 52.0 164.2 185.2 80
2021000000126110 0.743 -0.1 116.7 62.4 239.8 80
2021000000126110 0.740 3.9 2.4 181.5 241.3 80
2021000000126110 0.739 109.3 9.6 206.9 133.6 80
