2021007233 0.676 108.2 95.8 197.5 183.8 80
2021007233 0.668 35.8 142.8 113.9 199.2 80
2021007233 0.666 25.4 122.7 200.7 253.0 80
2021007233 0.648 34.0 74.9 294.9 258.9 80
2021007233 0.641 94.8 2.3 471.3 258.4 80
2021007233 0.637 18.6 243.1 41.2 259.3 80
2021007233 0.632 29.1 124.4 297.8 256.1 80
2021007233 0.630 179.5 187.8 280.9 220.4 80
2021007233 0.630 23.1 126.9 180.4 247.8 80
2021007233 0.628 471.1 342.9 500.3 373.9 80
2021007233 0.623 139.8 166.5 488.7 273.2 80
2021007233 0.622 41.2 133.3 200.7 209.7 80
2021007233 0.620 173.7 185.3 290.7 224.6 80
2021007233 0.616 31.5 2.1 486.2 272.6 80
2021007233 0.612 23.7 97.3 216.0 254.9 80
2021007233 0.611 44.6 12.2 312.4 260.7 80
2021007233 0.610 192.2 185.0 497.8 275.2 80
2021007233 0.609 23.5 111.9 353.8 250.4 80
2021007233 0.592 146.2 -2.9 287.3 229.1 80
2021007233 0.591 49.6 90.3 197.2 211.9 80
2021007233 0.591 101.1 12.7 492.2 285.7 80
2021007233 0.588 493.6 220.3 500.0 263.1 80
2021007233 0.583 48.7 92.1 195.4 203.7 80
2021007233 0.567 150.7 2.5 283.3 219.1 80
2021007233 0.529 22.6 31.1 404.6 269.1 80
2021007233 0.527 16.0 2.2 500.2 276.7 3
2021007233 0.515 179.4 186.8 285.9 222.4 3
2021007233 0.509 497.0 234.1 500.2 295.8 80
2021007233 0.507 2.4 132.0 499.6 269.1 80
2021007233 0.492 145.1 -2.0 284.5 213.7 80
2021007233 0.492 159.1 -1.0 283.3 200.6 80
2021007233 0.480 1.5 26.4 500.1 293.6 80
2021007233 0.477 151.7 108.8 495.7 264.5 80
2021007233 0.443 111.7 11.9 487.6 266.9 80
2021007233 0.412 498.2 79.0 500.3 151.0 80
2021007233 0.321 497.2 93.0 500.5 252.4 80
2021007233 0.305 69.7 153.0 510.6 268.3 80
2021007233 0.301 498.3 177.4 500.1 276.1 80
2021007233 0.279 15.4 62.6 265.4 242.1 80
2021007233 0.263 0.9 160.1 3.0 246.1 80
2021007233 0.252 490.1 99.5 500.5 363.8 80
2021007233 0.231 0.7 206.7 3.7 330.1 80
2021007233 0.223 145.1 -2.0 284.5 213.7 3
2021007233 0.213 0.2 2.9 5.2 76.0 80
2021007233 0.211 179.4 186.8 285.9 222.4 80
2021007233 0.211 0.3 47.4 8.7 246.1 80
2021007233 0.210 0.2 43.7 3.6 148.0 80
2021007233 0.199 2.2 142.3 14.0 378.6 80
2021007233 0.184 165.8 365.8 349.0 376.5 80
2021007233 0.182 -3.0 323.8 22.0 384.2 80
2021007233 0.178 489.7 269.0 504.1 361.7 80
2021007233 0.178 167.1 195.3 524.6 276.0 80
2021007233 0.170 159.1 -1.0 283.3 200.6 3
2021007233 0.158 348.7 244.3 392.9 272.7 80
2021007233 0.157 16.0 2.2 500.2 276.7 80
2021007233 0.153 121.4 84.4 486.6 245.8 80
2021007233 0.152 138.3 62.4 386.2 214.0 80
2021007233 0.150 340.1 183.0 500.8 360.2 80
2021007233 0.149 91.1 53.4 468.8 228.2 80
2021007233 0.145 48.7 92.1 195.4 203.7 3
2021007233 0.143 151.8 206.1 474.1 303.5 80
2021007233 0.141 70.1 324.8 200.0 374.1 80
2021007233 0.140 302.0 332.8 422.8 371.0 80
2021007233 0.139 97.8 224.3 406.9 343.0 80
2021007233 0.137 431.9 252.3 494.8 302.6 80
2021007233 0.136 175.3 357.9 314.4 374.7 80
2021007233 0.136 41.5 205.7 310.7 344.0 80
2021007233 0.135 5.8 120.2 68.2 339.7 80
2021007233 0.135 20.7 337.9 89.0 372.6 80
2021007233 0.134 51.5 190.7 355.8 294.7 80
2021007233 0.134 103.3 204.4 399.0 307.3 80
2021007233 0.133 10.4 192.0 184.6 357.9 80
2021007233 0.132 51.2 359.2 151.2 377.9 80
2021007233 0.131 153.4 333.9 267.1 368.6 80
2021007233 0.131 16.5 182.9 254.5 292.8 80
2021007233 0.130 342.4 357.1 444.3 378.8 80
2021007233 0.128 122.4 357.1 225.5 376.8 80
2021007233 0.128 314.4 239.6 425.4 291.4 80
2021007233 0.128 216.8 335.8 329.9 368.3 80
2021007233 0.127 269.3 353.8 373.6 375.6 80
2021007233 0.127 338.1 256.1 455.7 310.9 80
2021007233 0.125 404.6 341.7 492.1 372.9 80
2021007233 0.124 62.2 165.6 116.7 213.9 80
2021007233 0.123 22.4 205.0 73.7 251.7 80
2021007233 0.119 150.7 2.5 283.3 219.1 3
2021007233 0.119 96.9 60.3 290.0 179.4 80
2021007233 0.117 376.3 228.5 482.3 290.2 80
2021007233 0.117 2.4 132.0 499.6 269.1 3
2021007233 0.114 338.4 184.3 459.2 240.0 80
2021007233 0.112 146.2 -2.9 287.3 229.1 3
2021007233 0.110 391.5 156.6 508.5 240.2 80
2021007233 0.109 -100.5 38.4 181.6 98.1 80
2021007233 0.108 137.3 75.3 500.8 175.7 80
2021007233 0.107 193.8 37.1 589.5 114.5 80
2021007233 0.106 244.8 15.2 636.3 73.5 80
2021007233 0.105 361.0 20.0 598.9 79.9 80
2021007233 0.104 23.7 97.3 216.0 254.9 3
2021007233 0.102 66.9 -3.3 563.7 47.2 80
2021007233 0.095 -118.0 -2.7 180.3 22.9 80
2021007233 0.094 -184.7 0.4 314.2 23.2 80
2021007233 0.676 108.2 95.8 197.5 183.8 80
2021007233 0.668 35.8 142.8 113.9 199.2 80
2021007233 0.666 25.4 122.7 200.7 253.0 80
2021007233 0.648 34.0 74.9 294.9 258.9 80
2021007233 0.641 94.8 2.3 471.3 258.4 80
2021007233 0.637 18.6 243.1 41.2 259.3 80
2021007233 0.632 29.1 124.4 297.8 256.1 80
2021007233 0.630 179.5 187.8 280.9 220.4 80
2021007233 0.630 23.1 126.9 180.4 247.8 80
2021007233 0.628 471.1 342.9 500.3 373.9 80
2021007233 0.623 139.8 166.5 488.7 273.2 80
2021007233 0.622 41.2 133.3 200.7 209.7 80
2021007233 0.620 173.7 185.3 290.7 224.6 80
2021007233 0.616 31.5 2.1 486.2 272.6 80
2021007233 0.612 23.7 97.3 216.0 254.9 80
2021007233 0.611 44.6 12.2 312.4 260.7 80
2021007233 0.610 192.2 185.0 497.8 275.2 80
2021007233 0.609 23.5 111.9 353.8 250.4 80
2021007233 0.592 146.2 -2.9 287.3 229.1 80
2021007233 0.591 49.6 90.3 197.2 211.9 80
2021007233 0.591 101.1 12.7 492.2 285.7 80
2021007233 0.588 493.6 220.3 500.0 263.1 80
2021007233 0.583 48.7 92.1 195.4 203.7 80
2021007233 0.567 150.7 2.5 283.3 219.1 80
2021007233 0.529 22.6 31.1 404.6 269.1 80
2021007233 0.527 16.0 2.2 500.2 276.7 3
2021007233 0.515 179.4 186.8 285.9 222.4 3
2021007233 0.509 497.0 234.1 500.2 295.8 80
2021007233 0.507 2.4 132.0 499.6 269.1 80
2021007233 0.492 145.1 -2.0 284.5 213.7 80
2021007233 0.492 159.1 -1.0 283.3 200.6 80
2021007233 0.480 1.5 26.4 500.1 293.6 80
2021007233 0.477 151.7 108.8 495.7 264.5 80
2021007233 0.443 111.7 11.9 487.6 266.9 80
2021007233 0.412 498.2 79.0 500.3 151.0 80
2021007233 0.321 497.2 93.0 500.5 252.4 80
2021007233 0.305 69.7 153.0 510.6 268.3 80
2021007233 0.301 498.3 177.4 500.1 276.1 80
2021007233 0.279 15.4 62.6 265.4 242.1 80
2021007233 0.263 0.9 160.1 3.0 246.1 80
2021007233 0.252 490.1 99.5 500.5 363.8 80
2021007233 0.231 0.7 206.7 3.7 330.1 80
2021007233 0.223 145.1 -2.0 284.5 213.7 3
2021007233 0.213 0.2 2.9 5.2 76.0 80
2021007233 0.211 179.4 186.8 285.9 222.4 80
2021007233 0.211 0.3 47.4 8.7 246.1 80
2021007233 0.210 0.2 43.7 3.6 148.0 80
2021007233 0.199 2.2 142.3 14.0 378.6 80
2021007233 0.184 165.8 365.8 349.0 376.5 80
2021007233 0.182 -3.0 323.8 22.0 384.2 80
2021007233 0.178 489.7 269.0 504.1 361.7 80
2021007233 0.178 167.1 195.3 524.6 276.0 80
2021007233 0.170 159.1 -1.0 283.3 200.6 3
2021007233 0.158 348.7 244.3 392.9 272.7 80
2021007233 0.157 16.0 2.2 500.2 276.7 80
2021007233 0.153 121.4 84.4 486.6 245.8 80
2021007233 0.152 138.3 62.4 386.2 214.0 80
2021007233 0.150 340.1 183.0 500.8 360.2 80
2021007233 0.149 91.1 53.4 468.8 228.2 80
2021007233 0.145 48.7 92.1 195.4 203.7 3
2021007233 0.143 151.8 206.1 474.1 303.5 80
2021007233 0.141 70.1 324.8 200.0 374.1 80
2021007233 0.140 302.0 332.8 422.8 371.0 80
2021007233 0.139 97.8 224.3 406.9 343.0 80
2021007233 0.137 431.9 252.3 494.8 302.6 80
2021007233 0.136 175.3 357.9 314.4 374.7 80
2021007233 0.136 41.5 205.7 310.7 344.0 80
2021007233 0.135 5.8 120.2 68.2 339.7 80
2021007233 0.135 20.7 337.9 89.0 372.6 80
2021007233 0.134 51.5 190.7 355.8 294.7 80
2021007233 0.134 103.3 204.4 399.0 307.3 80
2021007233 0.133 10.4 192.0 184.6 357.9 80
2021007233 0.132 51.2 359.2 151.2 377.9 80
2021007233 0.131 153.4 333.9 267.1 368.6 80
2021007233 0.131 16.5 182.9 254.5 292.8 80
2021007233 0.130 342.4 357.1 444.3 378.8 80
2021007233 0.128 122.4 357.1 225.5 376.8 80
2021007233 0.128 314.4 239.6 425.4 291.4 80
2021007233 0.128 216.8 335.8 329.9 368.3 80
2021007233 0.127 269.3 353.8 373.6 375.6 80
2021007233 0.127 338.1 256.1 455.7 310.9 80
2021007233 0.125 404.6 341.7 492.1 372.9 80
2021007233 0.124 62.2 165.6 116.7 213.9 80
2021007233 0.123 22.4 205.0 73.7 251.7 80
2021007233 0.119 150.7 2.5 283.3 219.1 3
2021007233 0.119 96.9 60.3 290.0 179.4 80
2021007233 0.117 376.3 228.5 482.3 290.2 80
2021007233 0.117 2.4 132.0 499.6 269.1 3
2021007233 0.114 338.4 184.3 459.2 240.0 80
2021007233 0.112 146.2 -2.9 287.3 229.1 3
2021007233 0.110 391.5 156.6 508.5 240.2 80
2021007233 0.109 -100.5 38.4 181.6 98.1 80
2021007233 0.108 137.3 75.3 500.8 175.7 80
2021007233 0.107 193.8 37.1 589.5 114.5 80
2021007233 0.106 244.8 15.2 636.3 73.5 80
2021007233 0.105 361.0 20.0 598.9 79.9 80
2021007233 0.104 23.7 97.3 216.0 254.9 3
2021007233 0.102 66.9 -3.3 563.7 47.2 80
2021007233 0.095 -118.0 -2.7 180.3 22.9 80
2021007233 0.094 -184.7 0.4 314.2 23.2 80
2021007233 0.000 242.0 73.2 372.7 227.7 80
2021007233 0.000 0.9 43.1 103.5 247.8 80
2021007233 0.000 143.7 135.9 210.3 202.4 80
2021007233 0.000 211.4 111.8 275.3 178.0 80
2021007233 0.000 371.0 109.2 486.3 268.7 80
2021007233 0.000 255.8 137.9 317.1 204.5 80
2021007233 0.000 156.6 31.4 304.0 211.6 80
2021007233 0.000 45.5 217.8 107.4 288.9 80
2021007233 0.000 136.3 82.3 207.6 151.5 80
2021007233 0.000 81.5 117.6 146.9 186.5 80
2021007233 0.000 197.9 51.8 272.4 119.8 80
2021007233 0.000 453.6 128.4 499.6 211.2 80
2021007233 0.000 387.8 97.3 461.7 164.2 80
2021007233 0.000 348.6 145.3 411.0 211.1 80
2021007233 0.000 136.9 218.3 201.8 292.7 80
2021007233 0.000 19.5 26.1 206.5 194.8 80
2021007233 0.000 1.5 201.3 48.0 285.0 80
2021007233 0.000 297.9 170.7 359.9 236.2 80
2021007233 0.000 453.4 192.9 499.6 275.6 80
2021007233 0.000 356.3 197.7 415.7 265.7 80
2021007233 0.000 313.5 100.9 376.2 167.7 80
2021007233 0.000 323.9 8.3 496.6 191.8 80
2021007233 0.000 287.5 132.8 485.8 257.7 80
2021007233 0.000 205.6 160.1 267.3 225.4 80
2021007233 0.000 0.9 125.8 102.1 357.9 80
2021007233 0.000 33.3 127.4 166.8 276.8 80
2021007233 0.000 1.0 151.5 47.1 234.6 80
2021007233 0.000 89.9 187.8 149.8 253.9 80
2021007233 0.000 449.0 54.1 499.7 153.4 80
2021007233 0.000 117.9 161.9 233.2 316.5 80
2021007233 0.000 218.0 251.8 286.7 331.9 80
2021007233 0.000 149.3 172.2 210.8 237.6 80
2021007233 0.000 410.1 176.6 474.8 242.3 80
2021007233 0.000 27.0 155.1 94.9 220.9 80
2021007233 0.000 323.9 218.2 384.1 295.1 80
2021007233 0.000 202.7 116.7 319.1 275.9 80
2021007233 0.000 177.6 56.6 471.2 267.4 80
2021007233 0.000 252.3 124.0 366.8 347.9 80
2021007233 0.000 0.5 90.4 51.3 173.8 80
2021007233 0.000 0.7 22.0 51.8 106.0 80
2021007233 0.000 46.4 108.1 284.6 258.9 80
2021007233 0.000 101.1 50.5 245.1 317.1 80
2021007233 0.000 255.5 3.7 329.5 73.3 80
2021007233 0.000 322.9 47.5 406.2 116.3 80
2021007233 0.000 43.3 21.4 383.8 258.4 80
2021007233 0.000 0.6 249.6 58.3 369.8 80
2021007233 0.000 178.6 220.3 238.0 300.5 80
2021007233 0.000 442.7 245.1 499.6 368.5 80
2021007233 0.000 398.6 113.5 499.6 355.5 80
2021007233 0.000 10.6 10.6 491.5 199.6 80
2021007233 0.000 258.6 42.4 428.2 311.1 80
2021007233 0.000 90.0 16.9 408.1 364.6 80
2021007233 0.000 256.1 169.2 365.6 301.9 80
2021007233 0.000 -2.4 5.4 286.1 371.6 80
2021007233 0.000 8.1 89.0 229.6 370.1 80
2021007233 0.000 0.7 22.9 146.6 363.6 80
2021007233 0.000 213.1 6.1 497.0 372.7 80
2021007233 0.000 131.2 78.4 368.1 365.5 80
2021007233 0.000 156.2 201.7 351.1 369.4 80
2021007233 0.000 170.3 106.4 310.3 353.3 80
2021007233 0.000 153.4 21.0 355.4 360.9 80
2021007233 0.000 357.6 18.1 500.9 361.1 80
2021007233 0.000 68.8 68.1 447.4 321.4 80
2021007233 0.000 177.0 8.2 417.9 127.1 80
2021007233 0.000 43.6 254.9 289.5 373.6 80
2021007233 0.000 2.3 68.4 366.1 369.3 80
2021007233 0.000 5.1 279.1 130.5 374.3 80
2021007233 0.000 12.0 183.0 185.2 365.8 80
2021007233 0.000 305.3 180.1 482.3 365.0 80
2021007233 0.000 220.0 199.0 278.3 264.7 80
2021007233 0.000 24.3 146.3 338.1 364.6 80
2021007233 0.000 2.5 1.3 412.8 373.0 80
2021007233 0.000 150.8 131.3 355.6 228.6 80
2021007233 0.000 274.3 86.1 490.6 373.1 80
2021007233 0.000 3.0 228.5 496.0 374.4 80
2021007233 0.000 220.7 257.3 474.7 373.5 80
2021007233 0.000 84.5 1.1 496.2 372.9 80
2021007233 0.000 158.6 67.8 495.0 371.2 80
2021007233 0.000 157.9 150.5 463.3 364.9 80
2021007233 0.000 362.6 245.1 494.3 368.9 80
2021007233 0.000 44.4 60.6 117.3 136.8 80
2021007233 0.000 129.9 101.9 365.9 294.0 80
2021007233 0.000 22.3 43.4 477.5 366.6 80
2021007233 0.000 60.2 142.4 409.5 272.0 80
2021007233 0.000 0.4 100.8 499.0 366.5 80
2021007233 0.000 244.0 202.0 298.7 273.9 80
2021007233 0.000 12.6 94.7 489.8 271.8 80
2021007233 0.000 0.8 0.3 499.7 373.9 80
2021007233 0.000 1.3 18.3 498.9 309.8 80
2021007233 0.000 286.3 250.3 340.8 319.0 80
2021007233 0.000 424.2 6.2 498.9 85.7 80
2021007233 0.000 12.6 94.7 489.8 271.8 0
2021007233 0.000 0.8 0.3 499.7 373.9 7
2021007233 0.000 8.1 89.0 229.6 370.1 14
2021007233 0.000 258.6 42.4 428.2 311.1 14
2021007233 0.000 101.1 50.5 245.1 317.1 14
2021007233 0.000 170.3 106.4 310.3 353.3 14
2021007233 0.000 274.3 86.1 490.6 373.1 14
2021007233 0.000 153.4 21.0 355.4 360.9 14
2021007233 0.000 213.1 6.1 497.0 372.7 14
