2021004428 0.703 17.8 8.2 390.0 246.1 80
2021004428 0.701 0.1 0.1 224.0 251.6 80
2021004428 0.691 1.6 0.5 142.2 251.9 80
2021004428 0.689 40.4 4.8 253.1 257.2 80
2021004428 0.687 76.1 6.4 260.7 202.2 80
2021004428 0.680 -0.4 0.6 246.3 229.4 80
2021004428 0.678 19.5 23.6 290.9 284.2 80
2021004428 0.676 7.3 9.5 84.9 242.5 80
2021004428 0.675 111.1 66.6 270.2 263.0 80
2021004428 0.671 463.5 340.3 499.5 375.9 80
2021004428 0.671 2.8 30.4 76.9 249.0 80
2021004428 0.666 0.9 -2.7 266.3 312.9 80
2021004428 0.663 190.4 82.2 259.2 182.4 80
2021004428 0.662 96.7 55.7 260.8 259.8 80
2021004428 0.660 -2.3 -0.3 496.5 373.2 80
2021004428 0.640 5.0 0.9 84.9 247.2 80
2021004428 0.638 36.5 36.4 382.4 261.0 80
2021004428 0.634 189.7 73.2 265.7 189.4 11
2021004428 0.633 107.1 58.4 261.3 260.4 80
2021004428 0.633 195.7 75.0 268.8 179.9 80
2021004428 0.626 110.5 69.4 260.9 261.6 80
2021004428 0.622 -0.5 10.0 258.5 270.2 80
2021004428 0.605 494.5 224.0 500.1 329.6 80
2021004428 0.562 8.1 13.1 72.7 385.2 80
2021004428 0.559 8.0 -7.3 104.8 302.2 80
2021004428 0.554 45.8 359.0 208.8 374.6 80
2021004428 0.547 495.1 129.0 500.3 285.1 80
2021004428 0.491 111.6 361.9 209.8 374.2 80
2021004428 0.483 497.8 46.7 500.2 165.9 80
2021004428 0.473 -4.7 -1.9 254.3 265.6 14
2021004428 0.396 14.5 359.7 490.4 374.9 80
2021004428 0.390 5.5 -0.3 55.4 12.0 80
2021004428 0.389 45.3 362.9 468.5 376.1 80
2021004428 0.379 -0.2 0.3 85.0 248.0 14
2021004428 0.371 0.7 11.6 77.4 385.4 80
2021004428 0.368 0.9 6.5 5.2 90.4 80
2021004428 0.367 -0.2 0.3 85.0 248.0 80
2021004428 0.328 0.6 -4.5 4.2 206.1 80
2021004428 0.314 498.0 25.8 500.3 274.8 80
2021004428 0.313 496.5 73.6 500.5 345.4 80
2021004428 0.249 492.0 13.5 502.0 386.3 80
2021004428 0.242 -4.7 -1.9 254.3 265.6 80
2021004428 0.236 -1.3 23.3 217.8 350.4 80
2021004428 0.222 0.2 52.3 3.6 256.7 80
2021004428 0.219 0.1 183.1 5.7 349.1 80
2021004428 0.196 46.6 356.6 226.0 374.8 80
2021004428 0.192 472.8 294.1 508.6 371.3 80
2021004428 0.186 -9.2 221.4 206.0 371.0 80
2021004428 0.183 189.7 73.2 265.7 189.4 80
2021004428 0.181 464.9 70.5 501.8 371.4 80
2021004428 0.164 -6.3 335.2 34.3 381.8 80
2021004428 0.154 329.1 362.9 464.7 377.5 80
2021004428 0.153 102.8 133.0 266.0 234.6 80
2021004428 0.150 324.1 216.5 502.6 368.9 80
2021004428 0.149 353.9 62.4 501.6 367.4 80
2021004428 0.147 -6.4 183.8 70.1 383.8 80
2021004428 0.145 -4.7 -1.9 254.3 265.6 11
2021004428 0.145 44.9 96.3 271.7 298.7 80
2021004428 0.143 104.5 237.0 407.0 363.4 80
2021004428 0.141 50.8 212.3 289.3 364.2 80
2021004428 0.141 296.0 343.9 426.7 371.1 80
2021004428 0.140 8.8 345.2 119.0 374.9 80
2021004428 0.139 176.9 189.9 452.9 353.7 80
2021004428 0.139 251.6 359.8 398.6 375.4 80
2021004428 0.138 81.3 136.9 421.0 311.9 80
2021004428 0.137 220.5 178.7 487.4 345.3 80
2021004428 0.136 268.3 117.2 496.7 335.4 80
2021004428 0.136 139.7 340.0 268.0 370.7 80
2021004428 0.135 14.4 132.1 253.7 334.5 80
2021004428 0.132 125.2 191.9 383.0 338.2 80
2021004428 0.132 201.3 339.0 342.5 370.2 80
2021004428 0.131 74.0 167.5 329.3 326.7 80
2021004428 0.131 396.6 349.1 493.9 373.1 80
2021004428 0.129 256.8 254.5 344.3 297.4 80
2021004428 0.128 116.5 145.7 337.6 265.0 80
2021004428 0.123 229.8 271.1 318.1 320.6 80
2021004428 0.122 233.3 171.0 406.0 275.7 80
2021004428 0.120 349.5 221.5 427.0 295.9 80
2021004428 0.119 411.3 175.7 486.8 313.5 80
2021004428 0.117 237.7 172.5 405.9 242.4 80
2021004428 0.114 309.4 230.7 403.3 287.7 80
2021004428 0.113 223.3 191.8 436.6 280.1 80
2021004428 0.111 167.2 143.3 290.4 225.3 80
2021004428 0.109 180.0 81.2 573.1 165.7 80
2021004428 0.109 234.6 78.0 599.2 160.3 80
2021004428 0.108 111.5 80.0 477.6 162.5 80
2021004428 0.106 1.3 11.3 439.0 118.5 80
2021004428 0.104 355.5 57.4 578.8 150.6 80
2021004428 0.104 32.8 3.7 526.6 89.2 80
2021004428 0.104 103.6 15.1 591.3 80.8 80
2021004428 0.103 107.1 58.4 261.3 260.4 11
2021004428 0.103 -175.4 -6.4 311.8 43.4 80
2021004428 0.103 152.1 7.8 643.3 58.2 80
2021004428 0.102 198.7 6.8 689.4 40.2 80
2021004428 0.101 110.5 69.4 260.9 261.6 11
2021004428 0.099 312.1 9.0 652.8 46.7 80
2021004428 0.097 72.4 -4.1 571.4 32.6 80
2021004428 0.091 -135.7 -1.5 363.3 21.5 80
2021004428 0.091 32.5 -8.7 531.5 22.5 80
2021004428 0.090 123.0 -1.3 622.0 26.7 80
2021004428 0.703 17.8 8.2 390.0 246.1 80
2021004428 0.701 0.1 0.1 224.0 251.6 80
2021004428 0.691 1.6 0.5 142.2 251.9 80
2021004428 0.689 40.4 4.8 253.1 257.2 80
2021004428 0.687 76.1 6.4 260.7 202.2 80
2021004428 0.680 -0.4 0.6 246.3 229.4 80
2021004428 0.678 19.5 23.6 290.9 284.2 80
2021004428 0.676 7.3 9.5 84.9 242.5 80
2021004428 0.675 111.1 66.6 270.2 263.0 80
2021004428 0.671 463.5 340.3 499.5 375.9 80
2021004428 0.671 2.8 30.4 76.9 249.0 80
2021004428 0.666 0.9 -2.7 266.3 312.9 80
2021004428 0.663 190.4 82.2 259.2 182.4 80
2021004428 0.662 96.7 55.7 260.8 259.8 80
2021004428 0.660 -2.3 -0.3 496.5 373.2 80
2021004428 0.640 5.0 0.9 84.9 247.2 80
2021004428 0.638 36.5 36.4 382.4 261.0 80
2021004428 0.634 189.7 73.2 265.7 189.4 11
2021004428 0.633 107.1 58.4 261.3 260.4 80
2021004428 0.633 195.7 75.0 268.8 179.9 80
2021004428 0.626 110.5 69.4 260.9 261.6 80
2021004428 0.622 -0.5 10.0 258.5 270.2 80
2021004428 0.605 494.5 224.0 500.1 329.6 80
2021004428 0.562 8.1 13.1 72.7 385.2 80
2021004428 0.559 8.0 -7.3 104.8 302.2 80
2021004428 0.554 45.8 359.0 208.8 374.6 80
2021004428 0.547 495.1 129.0 500.3 285.1 80
2021004428 0.491 111.6 361.9 209.8 374.2 80
2021004428 0.483 497.8 46.7 500.2 165.9 80
2021004428 0.473 -4.7 -1.9 254.3 265.6 14
2021004428 0.396 14.5 359.7 490.4 374.9 80
2021004428 0.390 5.5 -0.3 55.4 12.0 80
2021004428 0.389 45.3 362.9 468.5 376.1 80
2021004428 0.379 -0.2 0.3 85.0 248.0 14
2021004428 0.371 0.7 11.6 77.4 385.4 80
2021004428 0.368 0.9 6.5 5.2 90.4 80
2021004428 0.367 -0.2 0.3 85.0 248.0 80
2021004428 0.328 0.6 -4.5 4.2 206.1 80
2021004428 0.314 498.0 25.8 500.3 274.8 80
2021004428 0.313 496.5 73.6 500.5 345.4 80
2021004428 0.249 492.0 13.5 502.0 386.3 80
2021004428 0.242 -4.7 -1.9 254.3 265.6 80
2021004428 0.236 -1.3 23.3 217.8 350.4 80
2021004428 0.222 0.2 52.3 3.6 256.7 80
2021004428 0.219 0.1 183.1 5.7 349.1 80
2021004428 0.196 46.6 356.6 226.0 374.8 80
2021004428 0.192 472.8 294.1 508.6 371.3 80
2021004428 0.186 -9.2 221.4 206.0 371.0 80
2021004428 0.183 189.7 73.2 265.7 189.4 80
2021004428 0.181 464.9 70.5 501.8 371.4 80
2021004428 0.164 -6.3 335.2 34.3 381.8 80
2021004428 0.154 329.1 362.9 464.7 377.5 80
2021004428 0.153 102.8 133.0 266.0 234.6 80
2021004428 0.150 324.1 216.5 502.6 368.9 80
2021004428 0.149 353.9 62.4 501.6 367.4 80
2021004428 0.147 -6.4 183.8 70.1 383.8 80
2021004428 0.145 -4.7 -1.9 254.3 265.6 11
2021004428 0.145 44.9 96.3 271.7 298.7 80
2021004428 0.143 104.5 237.0 407.0 363.4 80
2021004428 0.141 50.8 212.3 289.3 364.2 80
2021004428 0.141 296.0 343.9 426.7 371.1 80
2021004428 0.140 8.8 345.2 119.0 374.9 80
2021004428 0.139 176.9 189.9 452.9 353.7 80
2021004428 0.139 251.6 359.8 398.6 375.4 80
2021004428 0.138 81.3 136.9 421.0 311.9 80
2021004428 0.137 220.5 178.7 487.4 345.3 80
2021004428 0.136 268.3 117.2 496.7 335.4 80
2021004428 0.136 139.7 340.0 268.0 370.7 80
2021004428 0.135 14.4 132.1 253.7 334.5 80
2021004428 0.132 125.2 191.9 383.0 338.2 80
2021004428 0.132 201.3 339.0 342.5 370.2 80
2021004428 0.131 74.0 167.5 329.3 326.7 80
2021004428 0.131 396.6 349.1 493.9 373.1 80
2021004428 0.129 256.8 254.5 344.3 297.4 80
2021004428 0.128 116.5 145.7 337.6 265.0 80
2021004428 0.123 229.8 271.1 318.1 320.6 80
2021004428 0.122 233.3 171.0 406.0 275.7 80
2021004428 0.120 349.5 221.5 427.0 295.9 80
2021004428 0.119 411.3 175.7 486.8 313.5 80
2021004428 0.117 237.7 172.5 405.9 242.4 80
2021004428 0.114 309.4 230.7 403.3 287.7 80
2021004428 0.113 223.3 191.8 436.6 280.1 80
2021004428 0.111 167.2 143.3 290.4 225.3 80
2021004428 0.109 180.0 81.2 573.1 165.7 80
2021004428 0.109 234.6 78.0 599.2 160.3 80
2021004428 0.108 111.5 80.0 477.6 162.5 80
2021004428 0.106 1.3 11.3 439.0 118.5 80
2021004428 0.104 355.5 57.4 578.8 150.6 80
2021004428 0.104 32.8 3.7 526.6 89.2 80
2021004428 0.104 103.6 15.1 591.3 80.8 80
2021004428 0.103 107.1 58.4 261.3 260.4 11
2021004428 0.103 -175.4 -6.4 311.8 43.4 80
2021004428 0.103 152.1 7.8 643.3 58.2 80
2021004428 0.102 198.7 6.8 689.4 40.2 80
2021004428 0.101 110.5 69.4 260.9 261.6 11
2021004428 0.099 312.1 9.0 652.8 46.7 80
2021004428 0.097 72.4 -4.1 571.4 32.6 80
2021004428 0.091 -135.7 -1.5 363.3 21.5 80
2021004428 0.091 32.5 -8.7 531.5 22.5 80
2021004428 0.090 123.0 -1.3 622.0 26.7 80
2021004428 0.000 242.0 73.2 372.7 227.7 80
2021004428 0.000 0.9 43.1 103.5 247.8 80
2021004428 0.000 143.7 135.9 210.3 202.4 80
2021004428 0.000 211.4 111.8 275.3 178.0 80
2021004428 0.000 371.0 109.2 486.3 268.7 80
2021004428 0.000 255.8 137.9 317.1 204.5 80
2021004428 0.000 156.6 31.4 304.0 211.6 80
2021004428 0.000 45.5 217.8 107.4 288.9 80
2021004428 0.000 136.3 82.3 207.6 151.5 80
2021004428 0.000 81.5 117.6 146.9 186.5 80
2021004428 0.000 197.9 51.8 272.4 119.8 80
2021004428 0.000 453.6 128.4 499.6 211.2 80
2021004428 0.000 387.8 97.3 461.7 164.2 80
2021004428 0.000 348.6 145.3 411.0 211.1 80
2021004428 0.000 136.9 218.3 201.8 292.7 80
2021004428 0.000 19.5 26.1 206.5 194.8 80
2021004428 0.000 1.5 201.3 48.0 285.0 80
2021004428 0.000 297.9 170.7 359.9 236.2 80
2021004428 0.000 453.4 192.9 499.6 275.6 80
2021004428 0.000 356.3 197.7 415.7 265.7 80
2021004428 0.000 313.5 100.9 376.2 167.7 80
2021004428 0.000 323.9 8.3 496.6 191.8 80
2021004428 0.000 287.5 132.8 485.8 257.7 80
2021004428 0.000 205.6 160.1 267.3 225.4 80
2021004428 0.000 0.9 125.8 102.1 357.9 80
2021004428 0.000 33.3 127.4 166.8 276.8 80
2021004428 0.000 1.0 151.5 47.1 234.6 80
2021004428 0.000 89.9 187.8 149.8 253.9 80
2021004428 0.000 449.0 54.1 499.7 153.4 80
2021004428 0.000 117.9 161.9 233.2 316.5 80
2021004428 0.000 218.0 251.8 286.7 331.9 80
2021004428 0.000 149.3 172.2 210.8 237.6 80
2021004428 0.000 410.1 176.6 474.8 242.3 80
2021004428 0.000 27.0 155.1 94.9 220.9 80
2021004428 0.000 323.9 218.2 384.1 295.1 80
2021004428 0.000 202.7 116.7 319.1 275.9 80
2021004428 0.000 177.6 56.6 471.2 267.4 80
2021004428 0.000 252.3 124.0 366.8 347.9 80
2021004428 0.000 0.5 90.4 51.3 173.8 80
2021004428 0.000 0.7 22.0 51.8 106.0 80
2021004428 0.000 46.4 108.1 284.6 258.9 80
2021004428 0.000 101.1 50.5 245.1 317.1 80
2021004428 0.000 255.5 3.7 329.5 73.3 80
2021004428 0.000 322.9 47.5 406.2 116.3 80
2021004428 0.000 43.3 21.4 383.8 258.4 80
2021004428 0.000 0.6 249.6 58.3 369.8 80
2021004428 0.000 178.6 220.3 238.0 300.5 80
2021004428 0.000 442.7 245.1 499.6 368.5 80
2021004428 0.000 398.6 113.5 499.6 355.5 80
2021004428 0.000 10.6 10.6 491.5 199.6 80
2021004428 0.000 258.6 42.4 428.2 311.1 80
2021004428 0.000 90.0 16.9 408.1 364.6 80
2021004428 0.000 256.1 169.2 365.6 301.9 80
2021004428 0.000 -2.4 5.4 286.1 371.6 80
2021004428 0.000 8.1 89.0 229.6 370.1 80
2021004428 0.000 0.7 22.9 146.6 363.6 80
2021004428 0.000 213.1 6.1 497.0 372.7 80
2021004428 0.000 131.2 78.4 368.1 365.5 80
2021004428 0.000 156.2 201.7 351.1 369.4 80
2021004428 0.000 170.3 106.4 310.3 353.3 80
2021004428 0.000 153.4 21.0 355.4 360.9 80
2021004428 0.000 357.6 18.1 500.9 361.1 80
2021004428 0.000 68.8 68.1 447.4 321.4 80
2021004428 0.000 177.0 8.2 417.9 127.1 80
2021004428 0.000 43.6 254.9 289.5 373.6 80
2021004428 0.000 2.3 68.4 366.1 369.3 80
2021004428 0.000 5.1 279.1 130.5 374.3 80
2021004428 0.000 12.0 183.0 185.2 365.8 80
2021004428 0.000 305.3 180.1 482.3 365.0 80
2021004428 0.000 220.0 199.0 278.3 264.7 80
2021004428 0.000 24.3 146.3 338.1 364.6 80
2021004428 0.000 2.5 1.3 412.8 373.0 80
2021004428 0.000 150.8 131.3 355.6 228.6 80
2021004428 0.000 274.3 86.1 490.6 373.1 80
2021004428 0.000 3.0 228.5 496.0 374.4 80
2021004428 0.000 220.7 257.3 474.7 373.5 80
2021004428 0.000 84.5 1.1 496.2 372.9 80
2021004428 0.000 158.6 67.8 495.0 371.2 80
2021004428 0.000 157.9 150.5 463.3 364.9 80
2021004428 0.000 362.6 245.1 494.3 368.9 80
2021004428 0.000 44.4 60.6 117.3 136.8 80
2021004428 0.000 129.9 101.9 365.9 294.0 80
2021004428 0.000 22.3 43.4 477.5 366.6 80
2021004428 0.000 60.2 142.4 409.5 272.0 80
2021004428 0.000 0.4 100.8 499.0 366.5 80
2021004428 0.000 244.0 202.0 298.7 273.9 80
2021004428 0.000 12.6 94.7 489.8 271.8 80
2021004428 0.000 0.8 0.3 499.7 373.9 80
2021004428 0.000 1.3 18.3 498.9 309.8 80
2021004428 0.000 286.3 250.3 340.8 319.0 80
2021004428 0.000 424.2 6.2 498.9 85.7 80
2021004428 0.000 12.6 94.7 489.8 271.8 0
2021004428 0.000 0.8 0.3 499.7 373.9 7
2021004428 0.000 8.1 89.0 229.6 370.1 14
2021004428 0.000 258.6 42.4 428.2 311.1 14
2021004428 0.000 101.1 50.5 245.1 317.1 14
2021004428 0.000 170.3 106.4 310.3 353.3 14
2021004428 0.000 274.3 86.1 490.6 373.1 14
2021004428 0.000 153.4 21.0 355.4 360.9 14
2021004428 0.000 213.1 6.1 497.0 372.7 14
