2021007403 0.673 467.7 355.4 499.4 386.1 80
2021007403 0.656 19.3 126.5 152.3 285.9 0
2021007403 0.582 494.3 179.0 500.2 264.3 80
2021007403 0.557 495.4 241.6 500.2 342.9 80
2021007403 0.514 496.9 87.8 500.3 170.9 80
2021007403 0.446 27.1 126.1 151.3 297.9 80
2021007403 0.349 496.9 69.4 500.3 249.3 80
2021007403 0.320 30.1 127.6 157.2 267.7 80
2021007403 0.314 496.6 101.9 500.5 349.9 80
2021007403 0.313 23.2 130.5 162.5 272.6 80
2021007403 0.280 486.3 291.0 504.6 383.2 80
2021007403 0.243 493.1 28.3 501.4 393.9 80
2021007403 0.228 152.3 377.5 377.6 388.5 80
2021007403 0.223 0.7 61.8 3.2 162.5 80
2021007403 0.222 0.6 125.3 3.2 240.1 80
2021007403 0.221 0.3 5.1 5.1 83.3 80
2021007403 0.220 0.5 210.5 4.7 350.5 80
2021007403 0.208 1.0 66.5 7.9 222.2 80
2021007403 0.205 1.1 76.6 8.5 332.8 80
2021007403 0.197 73.9 181.8 100.9 208.7 80
2021007403 0.195 338.8 375.6 472.3 388.8 80
2021007403 0.186 -2.0 333.8 25.2 394.1 80
2021007403 0.179 467.4 98.0 502.0 376.3 80
2021007403 0.164 0.9 196.6 34.5 391.8 80
2021007403 0.161 155.5 373.8 339.4 386.7 80
2021007403 0.154 385.9 67.6 497.2 379.5 80
2021007403 0.154 81.2 199.4 143.9 248.0 80
2021007403 0.152 350.2 240.4 497.8 381.0 80
2021007403 0.145 63.5 334.3 197.6 387.3 80
2021007403 0.144 307.6 355.1 428.0 383.8 80
2021007403 0.143 37.9 184.3 146.1 262.3 80
2021007403 0.142 401.9 361.8 497.1 385.8 80
2021007403 0.142 20.5 175.0 166.3 373.7 80
2021007403 0.141 103.9 194.5 140.0 227.3 80
2021007403 0.139 124.1 244.0 386.6 370.1 80
2021007403 0.137 262.7 368.9 383.7 387.9 80
2021007403 0.136 193.7 216.1 440.3 362.8 80
2021007403 0.136 451.3 197.4 486.3 355.3 80
2021007403 0.135 144.0 347.1 263.7 381.7 80
2021007403 0.135 60.2 211.1 285.7 364.7 80
2021007403 0.135 287.3 142.4 493.0 340.4 80
2021007403 0.135 70.9 114.7 424.4 268.4 80
2021007403 0.134 211.1 351.3 328.7 382.1 80
2021007403 0.133 31.2 171.1 211.6 319.3 80
2021007403 0.132 234.7 200.9 477.8 351.9 80
2021007403 0.132 35.0 213.4 101.8 269.1 80
2021007403 0.131 19.4 348.6 95.5 385.2 80
2021007403 0.131 48.1 370.3 155.1 390.2 80
2021007403 0.131 -10.9 155.9 154.7 303.5 80
2021007403 0.131 80.6 226.6 133.5 273.2 80
2021007403 0.130 133.2 209.5 375.7 347.0 80
2021007403 0.128 114.8 368.1 222.3 389.1 80
2021007403 0.128 79.7 195.1 323.6 332.5 80
2021007403 0.127 106.7 182.0 394.9 314.0 80
2021007403 0.127 45.1 162.9 235.2 291.2 80
2021007403 0.126 59.8 136.6 276.8 249.5 80
2021007403 0.125 217.3 157.4 452.3 308.8 80
2021007403 0.125 166.7 167.0 404.6 313.4 80
2021007403 0.123 117.9 172.1 346.5 299.3 80
2021007403 0.123 145.3 206.9 199.5 252.3 80
2021007403 0.122 176.1 250.3 226.6 292.0 80
2021007403 0.121 380.9 244.8 437.2 311.2 80
2021007403 0.121 205.8 211.8 257.3 258.7 80
2021007403 0.119 340.2 262.9 391.5 311.7 80
2021007403 0.119 249.6 215.8 307.0 270.8 80
2021007403 0.119 80.7 170.7 287.9 278.3 80
2021007403 0.118 -6.6 153.3 84.0 257.4 80
2021007403 0.117 182.3 215.6 305.3 280.1 80
2021007403 0.117 284.2 180.9 395.8 253.3 80
2021007403 0.114 288.3 208.7 403.6 289.1 80
2021007403 0.114 88.5 117.7 235.1 177.9 80
2021007403 0.114 19.3 126.5 152.3 285.9 80
2021007403 0.112 90.8 80.5 441.1 160.0 80
2021007403 0.112 254.0 97.8 516.1 169.0 80
2021007403 0.112 183.7 89.5 459.7 159.0 80
2021007403 0.111 132.7 68.2 428.1 132.2 80
2021007403 0.111 76.7 67.4 378.9 132.0 80
2021007403 0.111 304.3 92.7 546.3 171.0 80
2021007403 0.110 269.9 237.7 355.6 298.0 80
2021007403 0.109 -96.0 44.3 177.0 104.8 80
2021007403 0.109 208.5 231.8 306.2 294.2 80
2021007403 0.108 426.6 73.8 519.5 157.0 80
2021007403 0.106 138.3 14.9 594.0 58.3 80
2021007403 0.104 168.4 8.9 652.5 42.0 80
2021007403 0.103 46.5 2.4 545.5 33.0 80
2021007403 0.100 198.1 6.7 693.0 34.1 80
2021007403 0.099 330.6 -0.0 650.7 20.5 80
2021007403 0.099 316.6 9.5 652.1 43.1 80
2021007403 0.099 -46.0 0.4 452.9 27.2 80
2021007403 0.096 0.6 1.1 499.6 26.6 80
2021007403 0.095 -183.4 -1.1 315.5 22.9 80
2021007403 0.094 -88.9 -2.9 150.9 23.9 80
2021007403 0.093 -38.7 -2.4 460.2 22.3 80
2021007403 0.092 -91.6 -0.7 407.3 24.3 80
2021007403 0.092 70.8 1.5 569.8 27.3 80
2021007403 0.092 -138.9 -1.4 359.6 23.6 80
2021007403 0.092 80.0 -1.8 579.0 22.2 80
2021007403 0.092 20.4 -2.0 519.4 23.5 80
2021007403 0.092 155.3 0.3 654.3 25.7 80
2021007403 0.091 19.3 126.5 152.3 285.9 2
2021007403 0.673 467.7 355.4 499.4 386.1 80
2021007403 0.656 19.3 126.5 152.3 285.9 0
2021007403 0.582 494.3 179.0 500.2 264.3 80
2021007403 0.557 495.4 241.6 500.2 342.9 80
2021007403 0.514 496.9 87.8 500.3 170.9 80
2021007403 0.446 27.1 126.1 151.3 297.9 80
2021007403 0.349 496.9 69.4 500.3 249.3 80
2021007403 0.320 30.1 127.6 157.2 267.7 80
2021007403 0.314 496.6 101.9 500.5 349.9 80
2021007403 0.313 23.2 130.5 162.5 272.6 80
2021007403 0.280 486.3 291.0 504.6 383.2 80
2021007403 0.243 493.1 28.3 501.4 393.9 80
2021007403 0.228 152.3 377.5 377.6 388.5 80
2021007403 0.223 0.7 61.8 3.2 162.5 80
2021007403 0.222 0.6 125.3 3.2 240.1 80
2021007403 0.221 0.3 5.1 5.1 83.3 80
2021007403 0.220 0.5 210.5 4.7 350.5 80
2021007403 0.208 1.0 66.5 7.9 222.2 80
2021007403 0.205 1.1 76.6 8.5 332.8 80
2021007403 0.197 73.9 181.8 100.9 208.7 80
2021007403 0.195 338.8 375.6 472.3 388.8 80
2021007403 0.186 -2.0 333.8 25.2 394.1 80
2021007403 0.179 467.4 98.0 502.0 376.3 80
2021007403 0.164 0.9 196.6 34.5 391.8 80
2021007403 0.161 155.5 373.8 339.4 386.7 80
2021007403 0.154 385.9 67.6 497.2 379.5 80
2021007403 0.154 81.2 199.4 143.9 248.0 80
2021007403 0.152 350.2 240.4 497.8 381.0 80
2021007403 0.145 63.5 334.3 197.6 387.3 80
2021007403 0.144 307.6 355.1 428.0 383.8 80
2021007403 0.143 37.9 184.3 146.1 262.3 80
2021007403 0.142 401.9 361.8 497.1 385.8 80
2021007403 0.142 20.5 175.0 166.3 373.7 80
2021007403 0.141 103.9 194.5 140.0 227.3 80
2021007403 0.139 124.1 244.0 386.6 370.1 80
2021007403 0.137 262.7 368.9 383.7 387.9 80
2021007403 0.136 193.7 216.1 440.3 362.8 80
2021007403 0.136 451.3 197.4 486.3 355.3 80
2021007403 0.135 144.0 347.1 263.7 381.7 80
2021007403 0.135 60.2 211.1 285.7 364.7 80
2021007403 0.135 287.3 142.4 493.0 340.4 80
2021007403 0.135 70.9 114.7 424.4 268.4 80
2021007403 0.134 211.1 351.3 328.7 382.1 80
2021007403 0.133 31.2 171.1 211.6 319.3 80
2021007403 0.132 234.7 200.9 477.8 351.9 80
2021007403 0.132 35.0 213.4 101.8 269.1 80
2021007403 0.131 19.4 348.6 95.5 385.2 80
2021007403 0.131 48.1 370.3 155.1 390.2 80
2021007403 0.131 -10.9 155.9 154.7 303.5 80
2021007403 0.131 80.6 226.6 133.5 273.2 80
2021007403 0.130 133.2 209.5 375.7 347.0 80
2021007403 0.128 114.8 368.1 222.3 389.1 80
2021007403 0.128 79.7 195.1 323.6 332.5 80
2021007403 0.127 106.7 182.0 394.9 314.0 80
2021007403 0.127 45.1 162.9 235.2 291.2 80
2021007403 0.126 59.8 136.6 276.8 249.5 80
2021007403 0.125 217.3 157.4 452.3 308.8 80
2021007403 0.125 166.7 167.0 404.6 313.4 80
2021007403 0.123 117.9 172.1 346.5 299.3 80
2021007403 0.123 145.3 206.9 199.5 252.3 80
2021007403 0.122 176.1 250.3 226.6 292.0 80
2021007403 0.121 380.9 244.8 437.2 311.2 80
2021007403 0.121 205.8 211.8 257.3 258.7 80
2021007403 0.119 340.2 262.9 391.5 311.7 80
2021007403 0.119 249.6 215.8 307.0 270.8 80
2021007403 0.119 80.7 170.7 287.9 278.3 80
2021007403 0.118 -6.6 153.3 84.0 257.4 80
2021007403 0.117 182.3 215.6 305.3 280.1 80
2021007403 0.117 284.2 180.9 395.8 253.3 80
2021007403 0.114 288.3 208.7 403.6 289.1 80
2021007403 0.114 88.5 117.7 235.1 177.9 80
2021007403 0.114 19.3 126.5 152.3 285.9 80
2021007403 0.112 90.8 80.5 441.1 160.0 80
2021007403 0.112 254.0 97.8 516.1 169.0 80
2021007403 0.112 183.7 89.5 459.7 159.0 80
2021007403 0.111 132.7 68.2 428.1 132.2 80
2021007403 0.111 76.7 67.4 378.9 132.0 80
2021007403 0.111 304.3 92.7 546.3 171.0 80
2021007403 0.110 269.9 237.7 355.6 298.0 80
2021007403 0.109 -96.0 44.3 177.0 104.8 80
2021007403 0.109 208.5 231.8 306.2 294.2 80
2021007403 0.108 426.6 73.8 519.5 157.0 80
2021007403 0.106 138.3 14.9 594.0 58.3 80
2021007403 0.104 168.4 8.9 652.5 42.0 80
2021007403 0.103 46.5 2.4 545.5 33.0 80
2021007403 0.100 198.1 6.7 693.0 34.1 80
2021007403 0.099 330.6 -0.0 650.7 20.5 80
2021007403 0.099 316.6 9.5 652.1 43.1 80
2021007403 0.099 -46.0 0.4 452.9 27.2 80
2021007403 0.096 0.6 1.1 499.6 26.6 80
2021007403 0.095 -183.4 -1.1 315.5 22.9 80
2021007403 0.094 -88.9 -2.9 150.9 23.9 80
2021007403 0.093 -38.7 -2.4 460.2 22.3 80
2021007403 0.092 -91.6 -0.7 407.3 24.3 80
2021007403 0.092 70.8 1.5 569.8 27.3 80
2021007403 0.092 -138.9 -1.4 359.6 23.6 80
2021007403 0.092 80.0 -1.8 579.0 22.2 80
2021007403 0.092 20.4 -2.0 519.4 23.5 80
2021007403 0.092 155.3 0.3 654.3 25.7 80
2021007403 0.091 19.3 126.5 152.3 285.9 2
2021007403 0.000 241.1 74.8 373.5 235.2 80
2021007403 0.000 0.9 43.5 103.5 255.9 80
2021007403 0.000 143.5 140.2 210.4 208.8 80
2021007403 0.000 211.1 115.2 275.5 183.5 80
2021007403 0.000 255.7 142.3 317.1 211.0 80
2021007403 0.000 370.9 112.6 486.4 277.3 80
2021007403 0.000 156.5 32.4 304.0 218.4 80
2021007403 0.000 45.5 224.8 107.3 298.3 80
2021007403 0.000 136.1 84.9 207.8 156.3 80
2021007403 0.000 81.4 121.3 147.0 192.3 80
2021007403 0.000 453.6 132.5 499.6 218.0 80
2021007403 0.000 387.4 100.4 462.0 169.4 80
2021007403 0.000 136.8 225.4 202.0 302.1 80
2021007403 0.000 197.5 53.5 272.8 123.6 80
2021007403 0.000 348.6 149.9 411.0 217.9 80
2021007403 0.000 19.6 26.7 206.4 201.2 80
2021007403 0.000 453.4 199.0 499.6 284.4 80
2021007403 0.000 297.9 176.0 359.9 243.6 80
2021007403 0.000 1.4 207.7 48.0 294.1 80
2021007403 0.000 356.3 203.9 415.7 274.1 80
2021007403 0.000 313.4 104.1 376.3 173.1 80
2021007403 0.000 287.3 137.1 486.0 265.9 80
2021007403 0.000 323.7 8.5 496.8 197.7 80
2021007403 0.000 205.6 165.2 267.3 232.6 80
2021007403 0.000 1.0 129.8 102.1 369.4 80
2021007403 0.000 33.6 131.7 166.5 285.5 80
2021007403 0.000 1.0 156.2 47.1 242.1 80
2021007403 0.000 89.9 193.8 149.8 262.0 80
2021007403 0.000 117.9 167.1 233.2 326.6 80
2021007403 0.000 217.6 259.9 286.0 341.6 80
2021007403 0.000 449.0 55.8 499.8 158.3 80
2021007403 0.000 149.2 177.6 210.9 245.2 80
2021007403 0.000 202.4 121.0 319.5 283.9 80
2021007403 0.000 27.0 160.0 95.0 227.9 80
2021007403 0.000 323.8 225.1 384.1 304.6 80
2021007403 0.000 409.8 182.3 475.1 250.1 80
2021007403 0.000 177.5 58.0 471.3 276.1 80
2021007403 0.000 0.5 93.2 51.3 179.3 80
2021007403 0.000 251.8 127.6 367.4 359.1 80
2021007403 0.000 0.7 22.6 51.8 109.5 80
2021007403 0.000 46.3 111.5 284.7 267.2 80
2021007403 0.000 101.0 52.2 245.1 327.0 80
2021007403 0.000 255.4 3.8 329.6 75.7 80
2021007403 0.000 322.6 49.0 406.5 120.0 80
2021007403 0.000 43.0 22.2 384.1 266.8 80
2021007403 0.000 178.5 227.3 238.0 310.2 80
2021007403 0.000 442.7 252.9 499.6 380.3 80
2021007403 0.000 0.6 257.6 58.4 381.5 80
2021007403 0.000 398.7 117.0 499.6 366.9 80
2021007403 0.000 10.3 10.7 491.7 206.2 80
2021007403 0.000 258.5 43.7 428.3 320.9 80
2021007403 0.000 89.9 17.4 408.1 376.2 80
2021007403 0.000 256.0 174.4 365.7 311.6 80
2021007403 0.000 -2.5 5.6 286.2 383.5 80
2021007403 0.000 8.1 91.8 229.7 381.9 80
2021007403 0.000 0.8 23.6 146.5 375.3 80
2021007403 0.000 130.9 81.0 368.5 377.3 80
2021007403 0.000 213.3 6.3 496.9 384.6 80
2021007403 0.000 155.5 208.9 351.2 381.3 80
2021007403 0.000 170.1 109.7 310.5 364.7 80
2021007403 0.000 152.9 21.6 356.1 372.5 80
2021007403 0.000 357.5 18.5 501.1 372.6 80
2021007403 0.000 68.5 70.4 447.6 331.8 80
2021007403 0.000 176.3 8.4 418.7 131.0 80
2021007403 0.000 2.3 70.5 366.0 381.1 80
2021007403 0.000 43.4 263.0 289.7 385.6 80
2021007403 0.000 5.1 288.0 130.5 386.3 80
2021007403 0.000 12.2 188.9 185.1 377.4 80
2021007403 0.000 305.3 185.5 482.3 376.7 80
2021007403 0.000 150.9 135.6 355.5 236.0 80
2021007403 0.000 24.2 151.0 338.1 376.2 80
2021007403 0.000 2.4 1.3 412.9 385.0 80
2021007403 0.000 274.3 88.9 490.6 385.0 80
2021007403 0.000 2.9 235.6 496.1 386.4 80
2021007403 0.000 220.6 265.6 474.8 385.5 80
2021007403 0.000 84.4 1.1 496.3 384.8 80
2021007403 0.000 158.4 69.9 495.2 383.1 80
2021007403 0.000 220.0 205.3 278.4 273.1 80
2021007403 0.000 157.8 155.4 463.4 376.6 80
2021007403 0.000 362.6 253.2 494.3 380.6 80
2021007403 0.000 44.6 62.7 117.1 141.2 80
2021007403 0.000 129.5 105.0 366.4 303.4 80
2021007403 0.000 22.2 44.7 477.7 378.7 80
2021007403 0.000 60.2 146.9 409.5 280.7 80
2021007403 0.000 0.4 104.2 499.0 378.4 80
2021007403 0.000 243.9 208.4 298.8 282.6 80
2021007403 0.000 12.4 97.6 490.0 280.6 80
2021007403 0.000 0.8 0.2 499.7 385.9 80
2021007403 0.000 1.3 18.8 498.9 320.1 80
2021007403 0.000 286.3 258.4 340.8 329.0 80
2021007403 0.000 424.2 6.3 498.9 88.4 80
2021007403 0.000 12.4 97.6 490.0 280.6 0
2021007403 0.000 0.8 0.2 499.7 385.9 7
2021007403 0.000 8.1 91.8 229.7 381.9 14
2021007403 0.000 258.5 43.7 428.3 320.9 14
2021007403 0.000 101.0 52.2 245.1 327.0 14
2021007403 0.000 170.1 109.7 310.5 364.7 14
2021007403 0.000 274.3 88.9 490.6 385.0 14
2021007403 0.000 152.9 21.6 356.1 372.5 14
2021007403 0.000 213.3 6.3 496.9 384.6 14
