2021000000061747 0.797 598.7 506.4 642.1 569.8 80
2021000000061747 0.782 224.2 18.1 421.4 312.0 80
2021000000061747 0.782 226.7 27.7 434.4 518.0 18
2021000000061747 0.772 487.9 191.9 499.3 202.6 80
2021000000061747 0.771 234.8 26.8 432.1 506.8 80
2021000000061747 0.769 33.2 90.3 609.5 479.0 80
2021000000061747 0.768 212.0 501.5 234.0 517.3 80
2021000000061747 0.767 600.2 169.5 613.6 184.5 80
2021000000061747 0.765 159.7 244.1 170.2 260.3 80
2021000000061747 0.765 231.8 122.3 243.4 158.1 80
2021000000061747 0.757 78.7 259.8 89.2 267.5 80
2021000000061747 0.755 238.1 240.5 302.4 304.0 80
2021000000061747 0.753 446.3 203.8 455.1 213.8 80
2021000000061747 0.752 233.0 244.4 296.5 298.6 80
2021000000061747 0.750 109.0 261.4 115.0 267.9 80
2021000000061747 0.750 233.7 35.5 400.6 378.2 80
2021000000061747 0.746 599.3 167.1 613.2 183.6 80
2021000000061747 0.746 632.5 159.7 639.5 179.9 80
2021000000061747 0.740 112.8 262.4 118.4 268.0 80
2021000000061747 0.733 639.8 146.5 640.1 227.0 80
