2021008134 0.696 369.4 174.4 413.9 230.0 80
2021008134 0.692 70.4 187.3 117.2 319.7 4
2021008134 0.672 36.3 176.4 89.1 228.6 80
2021008134 0.669 155.2 189.2 202.2 317.4 80
2021008134 0.665 169.8 190.7 214.1 283.0 80
2021008134 0.660 17.9 190.1 71.6 320.1 4
2021008134 0.657 220.4 193.1 265.5 320.2 4
2021008134 0.654 320.4 187.9 367.5 321.7 4
2021008134 0.638 220.5 195.1 260.0 289.7 80
2021008134 0.634 469.9 306.5 499.6 333.6 80
2021008134 0.633 20.0 187.1 63.5 303.3 80
2021008134 0.631 125.6 196.9 165.3 303.7 80
2021008134 0.629 277.7 16.6 320.6 147.4 80
2021008134 0.628 173.8 33.5 209.1 146.5 80
2021008134 0.627 123.0 7.5 167.9 102.0 80
2021008134 0.623 263.4 15.2 305.2 139.7 80
2021008134 0.623 175.0 17.0 212.1 137.1 80
2021008134 0.617 368.7 183.9 406.3 314.8 80
2021008134 0.616 173.0 13.2 214.8 150.2 4
2021008134 0.612 222.6 27.8 255.7 145.6 80
2021008134 0.611 224.2 9.4 267.3 150.4 4
2021008134 0.608 75.4 183.2 117.6 307.4 80
2021008134 0.607 320.8 190.3 360.8 299.4 80
2021008134 0.607 43.5 9.8 79.8 88.4 80
2021008134 0.606 80.0 8.0 121.0 69.2 80
2021008134 0.603 370.5 189.8 417.0 320.6 4
2021008134 0.603 214.6 25.4 278.6 105.3 80
2021008134 0.602 220.6 12.2 258.0 138.3 80
2021008134 0.601 418.3 182.1 468.2 320.3 80
2021008134 0.597 121.5 9.9 168.1 150.5 4
2021008134 0.597 120.2 19.4 163.3 147.0 80
2021008134 0.591 370.9 12.4 409.7 122.7 80
2021008134 0.591 270.5 178.8 314.7 309.9 4
2021008134 0.588 91.4 172.4 125.2 200.5 80
2021008134 0.581 416.6 179.3 470.4 321.2 4
2021008134 0.579 276.5 14.1 320.2 147.1 4
2021008134 0.578 325.4 33.4 353.5 143.4 80
2021008134 0.577 324.0 16.9 370.7 149.1 4
2021008134 0.575 270.7 181.2 313.5 304.2 80
2021008134 0.557 324.9 18.6 375.4 146.8 80
2021008134 0.555 28.0 1.3 69.4 38.1 80
2021008134 0.544 181.9 -0.4 228.7 14.9 80
2021008134 0.542 168.5 190.9 213.7 319.4 4
2021008134 0.534 119.6 195.1 164.3 321.9 4
2021008134 0.534 20.3 4.8 69.1 188.5 80
2021008134 0.533 319.9 5.4 362.8 32.6 80
2021008134 0.533 350.8 -1.5 389.5 34.7 80
2021008134 0.532 171.8 41.2 209.8 151.1 80
2021008134 0.520 233.8 0.2 289.7 20.6 80
2021008134 0.517 21.2 7.0 71.1 165.5 4
2021008134 0.515 435.2 -0.7 474.7 17.7 80
2021008134 0.512 42.7 172.1 78.0 206.2 80
2021008134 0.512 371.7 188.0 419.3 303.8 80
2021008134 0.506 225.7 204.6 266.2 268.7 80
2021008134 0.502 80.3 9.0 120.4 145.4 80
2021008134 0.500 120.4 194.4 165.1 316.7 80
2021008134 0.484 421.2 10.1 469.6 147.2 80
2021008134 0.467 444.6 0.1 485.6 14.9 80
2021008134 0.446 72.6 9.1 118.7 150.9 4
2021008134 0.443 374.7 14.9 428.0 146.2 4
2021008134 0.430 386.9 0.0 420.6 18.4 80
2021008134 0.388 498.1 188.5 500.2 298.3 80
2021008134 0.383 74.2 12.0 119.1 148.3 4
2021008134 0.370 421.2 16.2 473.0 148.7 4
2021008134 0.368 42.5 185.4 78.7 313.6 4
2021008134 0.355 376.2 16.4 428.7 146.2 4
2021008134 0.355 411.5 -4.3 487.7 327.7 80
2021008134 0.349 421.2 16.2 473.0 148.7 80
2021008134 0.348 498.4 97.7 500.3 221.3 80
2021008134 0.329 197.6 308.5 296.3 332.2 80
2021008134 0.328 499.3 31.8 500.2 121.2 80
2021008134 0.315 42.5 185.4 78.7 313.6 80
2021008134 0.313 280.0 206.3 315.7 268.5 80
2021008134 0.309 376.2 16.4 428.7 146.2 80
2021008134 0.279 74.2 12.0 119.1 148.3 80
2021008134 0.263 72.6 9.1 118.7 150.9 80
2021008134 0.227 0.4 178.4 4.5 312.4 80
2021008134 0.226 21.2 7.0 71.1 165.5 80
2021008134 0.225 -7.1 310.8 42.9 335.6 80
2021008134 0.219 396.9 10.1 500.7 341.9 80
2021008134 0.217 0.3 29.1 3.6 136.2 80
2021008134 0.215 0.3 80.7 3.3 220.4 80
2021008134 0.209 374.7 14.9 428.0 146.2 80
2021008134 0.202 120.4 194.4 165.1 316.7 4
2021008134 0.196 124.9 318.1 390.1 332.8 80
2021008134 0.196 421.2 10.1 469.6 147.2 4
2021008134 0.192 488.1 59.3 503.6 309.3 80
2021008134 0.184 302.6 37.8 412.4 310.5 80
2021008134 0.181 80.3 9.0 120.4 145.4 4
2021008134 0.174 324.0 16.9 370.7 149.1 80
2021008134 0.171 416.6 179.3 470.4 321.2 80
2021008134 0.170 319.9 5.4 362.8 32.6 8
2021008134 0.162 168.5 190.9 213.7 319.4 80
2021008134 0.157 124.3 312.5 232.6 336.8 80
2021008134 0.157 20.3 4.8 69.1 188.5 4
2021008134 0.155 453.2 255.4 512.8 331.0 80
2021008134 0.150 119.6 195.1 164.3 321.9 80
2021008134 0.148 -3.6 2.9 11.5 35.7 80
2021008134 0.145 137.2 224.7 317.6 330.9 80
2021008134 0.142 121.5 9.9 168.1 150.5 80
2021008134 0.696 369.4 174.4 413.9 230.0 80
2021008134 0.692 70.4 187.3 117.2 319.7 4
2021008134 0.672 36.3 176.4 89.1 228.6 80
2021008134 0.669 155.2 189.2 202.2 317.4 80
2021008134 0.665 169.8 190.7 214.1 283.0 80
2021008134 0.660 17.9 190.1 71.6 320.1 4
2021008134 0.657 220.4 193.1 265.5 320.2 4
2021008134 0.654 320.4 187.9 367.5 321.7 4
2021008134 0.638 220.5 195.1 260.0 289.7 80
2021008134 0.634 469.9 306.5 499.6 333.6 80
2021008134 0.633 20.0 187.1 63.5 303.3 80
2021008134 0.631 125.6 196.9 165.3 303.7 80
2021008134 0.629 277.7 16.6 320.6 147.4 80
2021008134 0.628 173.8 33.5 209.1 146.5 80
2021008134 0.627 123.0 7.5 167.9 102.0 80
2021008134 0.623 263.4 15.2 305.2 139.7 80
2021008134 0.623 175.0 17.0 212.1 137.1 80
2021008134 0.617 368.7 183.9 406.3 314.8 80
2021008134 0.616 173.0 13.2 214.8 150.2 4
2021008134 0.612 222.6 27.8 255.7 145.6 80
2021008134 0.611 224.2 9.4 267.3 150.4 4
2021008134 0.608 75.4 183.2 117.6 307.4 80
2021008134 0.607 320.8 190.3 360.8 299.4 80
2021008134 0.607 43.5 9.8 79.8 88.4 80
2021008134 0.606 80.0 8.0 121.0 69.2 80
2021008134 0.603 370.5 189.8 417.0 320.6 4
2021008134 0.603 214.6 25.4 278.6 105.3 80
2021008134 0.602 220.6 12.2 258.0 138.3 80
2021008134 0.601 418.3 182.1 468.2 320.3 80
2021008134 0.597 121.5 9.9 168.1 150.5 4
2021008134 0.597 120.2 19.4 163.3 147.0 80
2021008134 0.591 370.9 12.4 409.7 122.7 80
2021008134 0.591 270.5 178.8 314.7 309.9 4
2021008134 0.588 91.4 172.4 125.2 200.5 80
2021008134 0.581 416.6 179.3 470.4 321.2 4
2021008134 0.579 276.5 14.1 320.2 147.1 4
2021008134 0.578 325.4 33.4 353.5 143.4 80
2021008134 0.577 324.0 16.9 370.7 149.1 4
2021008134 0.575 270.7 181.2 313.5 304.2 80
2021008134 0.557 324.9 18.6 375.4 146.8 80
2021008134 0.555 28.0 1.3 69.4 38.1 80
2021008134 0.544 181.9 -0.4 228.7 14.9 80
2021008134 0.542 168.5 190.9 213.7 319.4 4
2021008134 0.534 119.6 195.1 164.3 321.9 4
2021008134 0.534 20.3 4.8 69.1 188.5 80
2021008134 0.533 319.9 5.4 362.8 32.6 80
2021008134 0.533 350.8 -1.5 389.5 34.7 80
2021008134 0.532 171.8 41.2 209.8 151.1 80
2021008134 0.520 233.8 0.2 289.7 20.6 80
2021008134 0.517 21.2 7.0 71.1 165.5 4
2021008134 0.515 435.2 -0.7 474.7 17.7 80
2021008134 0.512 42.7 172.1 78.0 206.2 80
2021008134 0.512 371.7 188.0 419.3 303.8 80
2021008134 0.506 225.7 204.6 266.2 268.7 80
2021008134 0.502 80.3 9.0 120.4 145.4 80
2021008134 0.500 120.4 194.4 165.1 316.7 80
2021008134 0.484 421.2 10.1 469.6 147.2 80
2021008134 0.467 444.6 0.1 485.6 14.9 80
2021008134 0.446 72.6 9.1 118.7 150.9 4
2021008134 0.443 374.7 14.9 428.0 146.2 4
2021008134 0.430 386.9 0.0 420.6 18.4 80
2021008134 0.388 498.1 188.5 500.2 298.3 80
2021008134 0.383 74.2 12.0 119.1 148.3 4
2021008134 0.370 421.2 16.2 473.0 148.7 4
2021008134 0.368 42.5 185.4 78.7 313.6 4
2021008134 0.355 376.2 16.4 428.7 146.2 4
2021008134 0.355 411.5 -4.3 487.7 327.7 80
2021008134 0.349 421.2 16.2 473.0 148.7 80
2021008134 0.348 498.4 97.7 500.3 221.3 80
2021008134 0.329 197.6 308.5 296.3 332.2 80
2021008134 0.328 499.3 31.8 500.2 121.2 80
2021008134 0.315 42.5 185.4 78.7 313.6 80
2021008134 0.313 280.0 206.3 315.7 268.5 80
2021008134 0.309 376.2 16.4 428.7 146.2 80
2021008134 0.279 74.2 12.0 119.1 148.3 80
2021008134 0.263 72.6 9.1 118.7 150.9 80
2021008134 0.227 0.4 178.4 4.5 312.4 80
2021008134 0.226 21.2 7.0 71.1 165.5 80
2021008134 0.225 -7.1 310.8 42.9 335.6 80
2021008134 0.219 396.9 10.1 500.7 341.9 80
2021008134 0.217 0.3 29.1 3.6 136.2 80
2021008134 0.215 0.3 80.7 3.3 220.4 80
2021008134 0.209 374.7 14.9 428.0 146.2 80
2021008134 0.202 120.4 194.4 165.1 316.7 4
2021008134 0.196 124.9 318.1 390.1 332.8 80
2021008134 0.196 421.2 10.1 469.6 147.2 4
2021008134 0.192 488.1 59.3 503.6 309.3 80
2021008134 0.184 302.6 37.8 412.4 310.5 80
2021008134 0.181 80.3 9.0 120.4 145.4 4
2021008134 0.174 324.0 16.9 370.7 149.1 80
2021008134 0.171 416.6 179.3 470.4 321.2 80
2021008134 0.170 319.9 5.4 362.8 32.6 8
2021008134 0.162 168.5 190.9 213.7 319.4 80
2021008134 0.157 124.3 312.5 232.6 336.8 80
2021008134 0.157 20.3 4.8 69.1 188.5 4
2021008134 0.155 453.2 255.4 512.8 331.0 80
2021008134 0.150 119.6 195.1 164.3 321.9 80
2021008134 0.148 -3.6 2.9 11.5 35.7 80
2021008134 0.145 137.2 224.7 317.6 330.9 80
2021008134 0.142 121.5 9.9 168.1 150.5 80
2021008134 0.000 0.8 39.6 103.7 219.9 80
2021008134 0.000 245.1 64.6 370.2 203.1 80
2021008134 0.000 203.1 44.4 266.1 106.7 80
2021008134 0.000 256.6 123.7 316.4 182.9 80
2021008134 0.000 372.7 97.3 484.8 238.7 80
2021008134 0.000 45.9 193.6 106.8 256.8 80
2021008134 0.000 83.8 105.7 144.8 167.7 80
2021008134 0.000 133.1 93.5 218.1 194.0 80
2021008134 0.000 390.5 85.7 458.7 145.2 80
2021008134 0.000 453.6 114.4 499.6 187.5 80
2021008134 0.000 213.4 101.7 273.6 161.0 80
2021008134 0.000 141.4 73.2 202.4 136.6 80
2021008134 0.000 22.0 26.3 202.7 174.0 80
2021008134 0.000 325.8 10.5 494.5 170.4 80
2021008134 0.000 1.5 179.1 48.0 253.0 80
2021008134 0.000 162.0 29.1 299.4 188.1 80
2021008134 0.000 349.9 130.4 409.9 189.0 80
2021008134 0.000 219.9 213.4 281.0 299.7 80
2021008134 0.000 90.6 167.7 149.2 226.6 80
2021008134 0.000 314.7 90.6 375.2 149.9 80
2021008134 0.000 357.4 176.8 415.0 236.3 80
2021008134 0.000 32.4 113.1 167.8 245.7 80
2021008134 0.000 1.0 134.7 47.1 208.2 80
2021008134 0.000 453.4 171.3 499.7 244.6 80
2021008134 0.000 0.5 112.0 102.1 317.8 80
2021008134 0.000 449.1 48.2 499.7 136.2 80
2021008134 0.000 259.7 2.5 324.6 65.8 80
2021008134 0.000 137.6 194.1 201.5 258.6 80
2021008134 0.000 298.6 152.6 359.4 210.5 80
2021008134 0.000 28.5 138.6 93.6 196.8 80
2021008134 0.000 255.4 112.1 363.3 309.4 80
2021008134 0.000 119.1 143.0 232.5 281.2 80
2021008134 0.000 149.8 153.7 210.5 211.6 80
2021008134 0.000 293.1 118.3 480.6 230.7 80
2021008134 0.000 325.6 194.5 382.1 262.6 80
2021008134 0.000 0.7 20.0 51.8 94.1 80
2021008134 0.000 219.9 176.7 278.2 235.5 80
2021008134 0.000 48.8 19.0 377.9 228.3 80
2021008134 0.000 410.2 156.8 474.8 215.0 80
2021008134 0.000 205.3 105.0 317.1 249.4 80
2021008134 0.000 0.7 221.7 58.3 328.6 80
2021008134 0.000 180.1 197.3 238.1 264.5 80
2021008134 0.000 177.0 51.2 471.7 236.8 80
2021008134 0.000 49.5 97.5 281.8 229.4 80
2021008134 0.000 325.8 41.4 402.7 103.4 80
2021008134 0.000 101.1 43.9 244.3 277.4 80
2021008134 0.000 0.3 80.7 51.5 154.3 80
2021008134 0.000 206.3 143.0 267.2 201.4 80
2021008134 0.000 442.7 217.4 499.6 327.4 80
2021008134 0.000 15.1 12.8 486.3 174.5 80
2021008134 0.000 398.5 98.9 499.4 315.8 80
2021008134 0.000 1.5 5.5 282.2 329.9 80
2021008134 0.000 94.9 14.0 401.8 325.0 80
2021008134 0.000 262.6 37.4 424.1 278.3 80
2021008134 0.000 189.1 7.3 402.0 120.4 80
2021008134 0.000 1.1 21.4 146.5 322.8 80
2021008134 0.000 212.9 5.7 497.4 331.0 80
2021008134 0.000 160.6 175.5 349.3 326.9 80
2021008134 0.000 159.4 25.0 350.2 316.2 80
2021008134 0.000 357.7 16.7 501.3 319.9 80
2021008134 0.000 11.5 79.9 225.9 328.5 80
2021008134 0.000 280.6 212.4 336.4 294.2 80
2021008134 0.000 171.4 94.0 308.9 314.0 80
2021008134 0.000 132.8 69.1 366.0 324.4 80
2021008134 0.000 257.5 148.1 363.0 272.1 80
2021008134 0.000 5.0 248.1 130.5 332.4 80
2021008134 0.000 306.3 160.5 481.9 323.9 80
2021008134 0.000 54.0 226.7 278.3 330.9 80
2021008134 0.000 11.7 162.6 185.3 324.9 80
2021008134 0.000 3.3 1.2 410.3 331.1 80
2021008134 0.000 8.2 203.4 491.3 331.4 80
2021008134 0.000 4.9 57.7 361.3 327.9 80
2021008134 0.000 223.1 227.9 472.3 331.4 80
2021008134 0.000 72.1 57.1 444.5 284.5 80
2021008134 0.000 34.1 131.1 327.0 322.2 80
2021008134 0.000 85.7 1.0 494.7 331.0 80
2021008134 0.000 278.1 77.3 486.3 331.0 80
2021008134 0.000 162.7 118.0 345.4 204.8 80
2021008134 0.000 244.5 179.3 298.1 242.7 80
2021008134 0.000 168.6 134.4 451.1 322.0 80
2021008134 0.000 362.2 218.2 494.6 327.3 80
2021008134 0.000 44.5 53.9 117.2 121.5 80
2021008134 0.000 160.2 58.7 492.6 329.0 80
2021008134 0.000 134.9 91.5 359.6 260.9 80
2021008134 0.000 67.7 127.2 402.2 241.5 80
2021008134 0.000 22.5 38.2 474.5 321.3 80
2021008134 0.000 0.6 89.3 498.5 323.8 80
2021008134 0.000 0.8 0.8 499.6 332.2 80
2021008134 0.000 17.2 85.3 483.8 240.0 80
2021008134 0.000 2.5 21.1 497.4 273.2 80
2021008134 0.000 424.3 5.6 498.8 76.0 80
2021008134 0.000 17.2 85.3 483.8 240.0 0
2021008134 0.000 262.6 37.4 424.1 278.3 14
2021008134 0.000 171.4 94.0 308.9 314.0 14
2021008134 0.000 101.1 43.9 244.3 277.4 14
2021008134 0.000 159.4 25.0 350.2 316.2 14
2021008134 0.000 11.5 79.9 225.9 328.5 14
2021008134 0.000 278.1 77.3 486.3 331.0 14
2021008134 0.000 132.8 69.1 366.0 324.4 14
2021008134 0.000 154.2 268.6 238.2 328.2 80
