2021000000557672 0.789 608.4 375.5 640.7 430.8 80
2021000000557672 0.780 220.2 38.9 521.3 429.7 18
2021000000557672 0.772 10.9 85.4 266.5 427.6 80
2021000000557672 0.769 511.8 183.2 579.0 357.2 80
2021000000557672 0.767 218.1 71.0 513.8 423.6 80
2021000000557672 0.764 236.8 194.7 503.3 421.8 80
2021000000557672 0.763 14.5 412.5 61.0 434.0 80
2021000000557672 0.762 68.7 30.4 321.9 423.7 80
2021000000557672 0.760 224.0 217.8 517.0 431.6 80
2021000000557672 0.756 96.0 37.6 512.4 427.2 80
2021000000557672 0.755 141.5 52.4 490.5 370.2 80
2021000000557672 0.754 89.8 293.8 234.3 429.1 80
2021000000557672 0.753 18.5 25.8 295.4 430.9 80
2021000000557672 0.753 86.5 295.0 230.7 429.2 80
2021000000557672 0.753 22.1 28.8 455.2 424.7 80
2021000000557672 0.753 491.3 199.6 556.9 367.1 80
2021000000557672 0.752 185.7 51.9 262.5 157.2 80
2021000000557672 0.749 205.1 53.6 284.8 153.2 80
2021000000557672 0.748 12.6 11.7 630.4 435.6 80
2021000000557672 0.748 510.5 196.1 577.6 294.4 80
