2021000000192904 0.664 318.4 1.2 635.7 148.2 80
2021000000192904 0.645 599.6 395.8 639.1 436.6 80
2021000000192904 0.644 343.6 -4.3 631.1 181.8 80
2021000000192904 0.633 315.9 -4.4 662.9 121.3 80
2021000000192904 0.619 376.3 1.0 635.8 177.1 80
2021000000192904 0.612 330.5 -6.6 654.2 334.6 80
2021000000192904 0.590 0.2 1.5 639.2 436.0 80
2021000000192904 0.502 615.9 1.4 646.7 35.9 80
2021000000192904 0.501 150.1 8.3 615.7 428.3 80
2021000000192904 0.412 638.1 25.4 640.0 180.7 80
2021000000192904 0.392 15.1 417.9 297.4 436.2 80
2021000000192904 0.390 49.0 420.4 606.3 437.8 80
2021000000192904 0.390 54.4 6.9 638.4 434.7 10
2021000000192904 0.364 637.5 230.3 640.3 370.4 80
2021000000192904 0.332 638.4 92.2 640.2 291.4 80
2021000000192904 0.302 24.6 0.9 297.4 434.5 80
2021000000192904 0.270 48.3 417.2 599.7 437.0 80
2021000000192904 0.268 633.8 19.7 641.1 411.0 80
2021000000192904 0.261 215.3 -28.3 743.9 184.1 80
2021000000192904 0.237 -2.5 2.3 45.8 434.3 80
2021000000192904 0.223 457.1 20.8 633.9 455.6 80
2021000000192904 0.220 0.2 230.2 5.9 401.1 80
2021000000192904 0.215 -0.5 -0.5 7.9 81.5 80
2021000000192904 0.215 0.0 90.8 4.4 304.1 80
2021000000192904 0.213 -1.7 392.8 39.0 440.2 80
2021000000192904 0.206 -0.4 48.2 5.4 167.6 80
2021000000192904 0.193 611.5 -25.6 656.0 317.8 80
2021000000192904 0.190 573.8 48.8 641.1 447.1 80
2021000000192904 0.189 -1.6 56.4 17.3 410.9 80
2021000000192904 0.187 12.4 21.3 141.0 421.7 80
2021000000192904 0.183 53.4 -9.3 692.3 73.1 80
2021000000192904 0.176 105.9 419.5 318.4 438.3 80
2021000000192904 0.169 431.4 422.7 593.8 438.8 80
2021000000192904 0.167 42.2 388.8 304.2 437.9 80
2021000000192904 0.164 54.4 6.9 638.4 434.7 80
2021000000192904 0.163 -2.0 255.3 48.1 437.4 80
2021000000192904 0.158 30.1 42.7 265.0 408.7 80
2021000000192904 0.157 594.7 350.3 653.0 425.8 80
2021000000192904 0.156 -2.5 97.7 20.2 289.2 80
2021000000192904 0.148 413.8 231.9 646.0 431.1 80
2021000000192904 0.144 -13.9 265.2 279.9 425.8 80
2021000000192904 0.141 -12.8 108.6 184.4 423.6 80
2021000000192904 0.140 -4.3 95.5 287.2 400.8 80
2021000000192904 0.139 86.0 155.8 555.8 366.8 80
2021000000192904 0.139 381.5 395.5 543.5 431.4 80
2021000000192904 0.138 54.4 6.9 638.4 434.7 8
2021000000192904 0.137 134.4 266.4 517.2 415.1 80
2021000000192904 0.137 64.5 261.0 381.8 416.7 80
2021000000192904 0.136 173.3 395.3 347.1 430.7 80
2021000000192904 0.135 334.0 146.6 637.8 373.3 80
2021000000192904 0.135 140.1 132.2 584.8 362.5 80
2021000000192904 0.134 282.0 217.6 617.9 389.4 80
2021000000192904 0.134 220.4 231.9 578.8 395.2 80
2021000000192904 0.134 44.8 96.8 467.5 373.0 80
2021000000192904 0.132 133.9 219.6 514.8 390.0 80
2021000000192904 0.132 83.4 -4.9 722.4 33.5 80
2021000000192904 0.131 18.3 400.0 136.1 433.5 80
2021000000192904 0.131 262.9 391.4 429.1 429.8 80
2021000000192904 0.131 16.4 186.2 332.0 385.4 80
2021000000192904 0.131 230.6 136.4 610.2 352.0 80
2021000000192904 0.130 511.5 405.2 635.1 433.8 80
2021000000192904 0.130 88.0 142.7 516.9 357.9 80
2021000000192904 0.129 36.9 135.6 374.6 372.2 80
2021000000192904 0.128 71.2 210.9 452.6 379.4 80
2021000000192904 0.127 96.6 95.7 563.3 352.3 80
2021000000192904 0.125 243.0 287.5 338.7 351.5 80
2021000000192904 0.125 41.6 102.0 434.4 340.5 80
2021000000192904 0.125 332.0 412.9 491.6 436.8 80
2021000000192904 0.124 165.9 296.9 247.1 361.1 80
2021000000192904 0.122 123.3 141.0 529.5 285.1 80
2021000000192904 0.121 243.7 224.5 369.6 311.8 80
2021000000192904 0.120 321.3 9.5 854.0 163.6 80
2021000000192904 0.119 134.7 204.3 338.3 297.5 80
2021000000192904 0.119 262.1 233.6 431.6 327.2 80
2021000000192904 0.117 174.9 133.4 590.5 338.8 80
2021000000192904 0.117 43.0 192.9 222.4 296.1 80
2021000000192904 0.117 64.0 190.7 298.1 297.0 80
2021000000192904 0.112 114.5 89.5 586.2 190.2 80
2021000000192904 0.112 492.0 89.1 711.3 348.0 80
2021000000192904 0.111 28.1 71.7 548.3 165.2 80
2021000000192904 0.111 -73.2 121.2 239.2 230.7 80
2021000000192904 0.111 204.9 173.8 673.9 333.6 80
2021000000192904 0.110 -42.2 46.0 498.9 132.1 80
2021000000192904 0.109 120.9 92.1 666.3 220.1 80
2021000000192904 0.108 171.1 36.6 777.3 207.9 80
2021000000192904 0.108 136.3 110.5 698.9 274.4 80
2021000000192904 0.108 376.3 1.0 635.8 177.1 14
2021000000192904 0.108 261.5 36.1 856.8 208.7 80
2021000000192904 0.107 307.1 76.2 803.5 310.8 80
2021000000192904 0.107 -191.7 16.6 301.3 62.5 80
2021000000192904 0.106 227.1 100.9 759.9 308.7 80
2021000000192904 0.104 -146.6 6.5 490.9 54.5 80
2021000000192904 0.101 -200.1 6.4 438.6 41.3 80
2021000000192904 0.098 343.6 -4.3 631.1 181.8 14
2021000000192904 0.097 -267.7 -3.0 351.2 20.8 80
2021000000192904 0.096 54.4 6.9 638.4 434.7 13
2021000000192904 0.095 4.7 -0.8 643.7 33.5 80
2021000000192904 0.093 109.8 -4.6 748.8 21.5 80
2021000000192904 0.092 -49.2 -1.4 589.8 25.6 80
2021000000192904 0.092 -57.3 -0.9 581.7 35.4 80
2021000000192904 0.664 318.4 1.2 635.7 148.2 80
2021000000192904 0.645 599.6 395.8 639.1 436.6 80
2021000000192904 0.644 343.6 -4.3 631.1 181.8 80
2021000000192904 0.633 315.9 -4.4 662.9 121.3 80
2021000000192904 0.619 376.3 1.0 635.8 177.1 80
2021000000192904 0.612 330.5 -6.6 654.2 334.6 80
2021000000192904 0.590 0.2 1.5 639.2 436.0 80
2021000000192904 0.502 615.9 1.4 646.7 35.9 80
2021000000192904 0.501 150.1 8.3 615.7 428.3 80
2021000000192904 0.412 638.1 25.4 640.0 180.7 80
2021000000192904 0.392 15.1 417.9 297.4 436.2 80
2021000000192904 0.390 49.0 420.4 606.3 437.8 80
2021000000192904 0.390 54.4 6.9 638.4 434.7 10
2021000000192904 0.364 637.5 230.3 640.3 370.4 80
2021000000192904 0.332 638.4 92.2 640.2 291.4 80
2021000000192904 0.302 24.6 0.9 297.4 434.5 80
2021000000192904 0.270 48.3 417.2 599.7 437.0 80
2021000000192904 0.268 633.8 19.7 641.1 411.0 80
2021000000192904 0.261 215.3 -28.3 743.9 184.1 80
2021000000192904 0.237 -2.5 2.3 45.8 434.3 80
2021000000192904 0.223 457.1 20.8 633.9 455.6 80
2021000000192904 0.220 0.2 230.2 5.9 401.1 80
2021000000192904 0.215 -0.5 -0.5 7.9 81.5 80
2021000000192904 0.215 0.0 90.8 4.4 304.1 80
2021000000192904 0.213 -1.7 392.8 39.0 440.2 80
2021000000192904 0.206 -0.4 48.2 5.4 167.6 80
2021000000192904 0.193 611.5 -25.6 656.0 317.8 80
2021000000192904 0.190 573.8 48.8 641.1 447.1 80
2021000000192904 0.189 -1.6 56.4 17.3 410.9 80
2021000000192904 0.187 12.4 21.3 141.0 421.7 80
2021000000192904 0.183 53.4 -9.3 692.3 73.1 80
2021000000192904 0.176 105.9 419.5 318.4 438.3 80
2021000000192904 0.169 431.4 422.7 593.8 438.8 80
2021000000192904 0.167 42.2 388.8 304.2 437.9 80
2021000000192904 0.164 54.4 6.9 638.4 434.7 80
2021000000192904 0.163 -2.0 255.3 48.1 437.4 80
2021000000192904 0.158 30.1 42.7 265.0 408.7 80
2021000000192904 0.157 594.7 350.3 653.0 425.8 80
2021000000192904 0.156 -2.5 97.7 20.2 289.2 80
2021000000192904 0.148 413.8 231.9 646.0 431.1 80
2021000000192904 0.144 -13.9 265.2 279.9 425.8 80
2021000000192904 0.141 -12.8 108.6 184.4 423.6 80
2021000000192904 0.140 -4.3 95.5 287.2 400.8 80
2021000000192904 0.139 86.0 155.8 555.8 366.8 80
2021000000192904 0.139 381.5 395.5 543.5 431.4 80
2021000000192904 0.138 54.4 6.9 638.4 434.7 8
2021000000192904 0.137 134.4 266.4 517.2 415.1 80
2021000000192904 0.137 64.5 261.0 381.8 416.7 80
2021000000192904 0.136 173.3 395.3 347.1 430.7 80
2021000000192904 0.135 334.0 146.6 637.8 373.3 80
2021000000192904 0.135 140.1 132.2 584.8 362.5 80
2021000000192904 0.134 282.0 217.6 617.9 389.4 80
2021000000192904 0.134 220.4 231.9 578.8 395.2 80
2021000000192904 0.134 44.8 96.8 467.5 373.0 80
2021000000192904 0.132 133.9 219.6 514.8 390.0 80
2021000000192904 0.132 83.4 -4.9 722.4 33.5 80
2021000000192904 0.131 18.3 400.0 136.1 433.5 80
2021000000192904 0.131 262.9 391.4 429.1 429.8 80
2021000000192904 0.131 16.4 186.2 332.0 385.4 80
2021000000192904 0.131 230.6 136.4 610.2 352.0 80
2021000000192904 0.130 511.5 405.2 635.1 433.8 80
2021000000192904 0.130 88.0 142.7 516.9 357.9 80
2021000000192904 0.129 36.9 135.6 374.6 372.2 80
2021000000192904 0.128 71.2 210.9 452.6 379.4 80
2021000000192904 0.127 96.6 95.7 563.3 352.3 80
2021000000192904 0.125 243.0 287.5 338.7 351.5 80
2021000000192904 0.125 41.6 102.0 434.4 340.5 80
2021000000192904 0.125 332.0 412.9 491.6 436.8 80
2021000000192904 0.124 165.9 296.9 247.1 361.1 80
2021000000192904 0.122 123.3 141.0 529.5 285.1 80
2021000000192904 0.121 243.7 224.5 369.6 311.8 80
2021000000192904 0.120 321.3 9.5 854.0 163.6 80
2021000000192904 0.119 134.7 204.3 338.3 297.5 80
2021000000192904 0.119 262.1 233.6 431.6 327.2 80
2021000000192904 0.117 174.9 133.4 590.5 338.8 80
2021000000192904 0.117 43.0 192.9 222.4 296.1 80
2021000000192904 0.117 64.0 190.7 298.1 297.0 80
2021000000192904 0.112 114.5 89.5 586.2 190.2 80
2021000000192904 0.112 492.0 89.1 711.3 348.0 80
2021000000192904 0.111 28.1 71.7 548.3 165.2 80
2021000000192904 0.111 -73.2 121.2 239.2 230.7 80
2021000000192904 0.111 204.9 173.8 673.9 333.6 80
2021000000192904 0.110 -42.2 46.0 498.9 132.1 80
2021000000192904 0.109 120.9 92.1 666.3 220.1 80
2021000000192904 0.108 171.1 36.6 777.3 207.9 80
2021000000192904 0.108 136.3 110.5 698.9 274.4 80
2021000000192904 0.108 376.3 1.0 635.8 177.1 14
2021000000192904 0.108 261.5 36.1 856.8 208.7 80
2021000000192904 0.107 307.1 76.2 803.5 310.8 80
2021000000192904 0.107 -191.7 16.6 301.3 62.5 80
2021000000192904 0.106 227.1 100.9 759.9 308.7 80
2021000000192904 0.104 -146.6 6.5 490.9 54.5 80
2021000000192904 0.101 -200.1 6.4 438.6 41.3 80
2021000000192904 0.098 343.6 -4.3 631.1 181.8 14
2021000000192904 0.097 -267.7 -3.0 351.2 20.8 80
2021000000192904 0.096 54.4 6.9 638.4 434.7 13
2021000000192904 0.095 4.7 -0.8 643.7 33.5 80
2021000000192904 0.093 109.8 -4.6 748.8 21.5 80
2021000000192904 0.092 -49.2 -1.4 589.8 25.6 80
2021000000192904 0.092 -57.3 -0.9 581.7 35.4 80
2021000000192904 0.664 318.4 1.2 635.7 148.2 80
2021000000192904 0.645 599.6 395.8 639.1 436.6 80
2021000000192904 0.644 343.6 -4.3 631.1 181.8 80
2021000000192904 0.633 315.9 -4.4 662.9 121.3 80
2021000000192904 0.619 376.3 1.0 635.8 177.1 80
2021000000192904 0.612 330.5 -6.6 654.2 334.6 80
2021000000192904 0.590 0.2 1.5 639.2 436.0 80
2021000000192904 0.502 615.9 1.4 646.7 35.9 80
2021000000192904 0.501 150.1 8.3 615.7 428.3 80
2021000000192904 0.412 638.1 25.4 640.0 180.7 80
2021000000192904 0.392 15.1 417.9 297.4 436.2 80
2021000000192904 0.390 49.0 420.4 606.3 437.8 80
2021000000192904 0.390 54.4 6.9 638.4 434.7 10
2021000000192904 0.364 637.5 230.3 640.3 370.4 80
2021000000192904 0.332 638.4 92.2 640.2 291.4 80
2021000000192904 0.302 24.6 0.9 297.4 434.5 80
2021000000192904 0.270 48.3 417.2 599.7 437.0 80
2021000000192904 0.268 633.8 19.7 641.1 411.0 80
2021000000192904 0.261 215.3 -28.3 743.9 184.1 80
2021000000192904 0.237 -2.5 2.3 45.8 434.3 80
2021000000192904 0.223 457.1 20.8 633.9 455.6 80
2021000000192904 0.220 0.2 230.2 5.9 401.1 80
2021000000192904 0.215 -0.5 -0.5 7.9 81.5 80
2021000000192904 0.215 0.0 90.8 4.4 304.1 80
2021000000192904 0.213 -1.7 392.8 39.0 440.2 80
2021000000192904 0.206 -0.4 48.2 5.4 167.6 80
2021000000192904 0.193 611.5 -25.6 656.0 317.8 80
2021000000192904 0.190 573.8 48.8 641.1 447.1 80
2021000000192904 0.189 -1.6 56.4 17.3 410.9 80
2021000000192904 0.187 12.4 21.3 141.0 421.7 80
2021000000192904 0.183 53.4 -9.3 692.3 73.1 80
2021000000192904 0.176 105.9 419.5 318.4 438.3 80
2021000000192904 0.169 431.4 422.7 593.8 438.8 80
2021000000192904 0.167 42.2 388.8 304.2 437.9 80
2021000000192904 0.164 54.4 6.9 638.4 434.7 80
2021000000192904 0.163 -2.0 255.3 48.1 437.4 80
2021000000192904 0.158 30.1 42.7 265.0 408.7 80
2021000000192904 0.157 594.7 350.3 653.0 425.8 80
2021000000192904 0.156 -2.5 97.7 20.2 289.2 80
2021000000192904 0.148 413.8 231.9 646.0 431.1 80
2021000000192904 0.144 -13.9 265.2 279.9 425.8 80
2021000000192904 0.141 -12.8 108.6 184.4 423.6 80
2021000000192904 0.140 -4.3 95.5 287.2 400.8 80
2021000000192904 0.139 86.0 155.8 555.8 366.8 80
2021000000192904 0.139 381.5 395.5 543.5 431.4 80
2021000000192904 0.138 54.4 6.9 638.4 434.7 8
2021000000192904 0.137 134.4 266.4 517.2 415.1 80
2021000000192904 0.137 64.5 261.0 381.8 416.7 80
2021000000192904 0.136 173.3 395.3 347.1 430.7 80
2021000000192904 0.135 334.0 146.6 637.8 373.3 80
2021000000192904 0.135 140.1 132.2 584.8 362.5 80
2021000000192904 0.134 282.0 217.6 617.9 389.4 80
2021000000192904 0.134 220.4 231.9 578.8 395.2 80
2021000000192904 0.134 44.8 96.8 467.5 373.0 80
2021000000192904 0.132 133.9 219.6 514.8 390.0 80
2021000000192904 0.132 83.4 -4.9 722.4 33.5 80
2021000000192904 0.131 18.3 400.0 136.1 433.5 80
2021000000192904 0.131 262.9 391.4 429.1 429.8 80
2021000000192904 0.131 16.4 186.2 332.0 385.4 80
2021000000192904 0.131 230.6 136.4 610.2 352.0 80
2021000000192904 0.130 511.5 405.2 635.1 433.8 80
2021000000192904 0.130 88.0 142.7 516.9 357.9 80
2021000000192904 0.129 36.9 135.6 374.6 372.2 80
2021000000192904 0.128 71.2 210.9 452.6 379.4 80
2021000000192904 0.127 96.6 95.7 563.3 352.3 80
2021000000192904 0.125 243.0 287.5 338.7 351.5 80
2021000000192904 0.125 41.6 102.0 434.4 340.5 80
2021000000192904 0.125 332.0 412.9 491.6 436.8 80
2021000000192904 0.124 165.9 296.9 247.1 361.1 80
2021000000192904 0.122 123.3 141.0 529.5 285.1 80
2021000000192904 0.121 243.7 224.5 369.6 311.8 80
2021000000192904 0.120 321.3 9.5 854.0 163.6 80
2021000000192904 0.119 134.7 204.3 338.3 297.5 80
2021000000192904 0.119 262.1 233.6 431.6 327.2 80
2021000000192904 0.117 174.9 133.4 590.5 338.8 80
2021000000192904 0.117 43.0 192.9 222.4 296.1 80
2021000000192904 0.117 64.0 190.7 298.1 297.0 80
2021000000192904 0.112 114.5 89.5 586.2 190.2 80
2021000000192904 0.112 492.0 89.1 711.3 348.0 80
2021000000192904 0.111 28.1 71.7 548.3 165.2 80
2021000000192904 0.111 -73.2 121.2 239.2 230.7 80
2021000000192904 0.111 204.9 173.8 673.9 333.6 80
2021000000192904 0.110 -42.2 46.0 498.9 132.1 80
2021000000192904 0.109 120.9 92.1 666.3 220.1 80
2021000000192904 0.108 171.1 36.6 777.3 207.9 80
2021000000192904 0.108 136.3 110.5 698.9 274.4 80
2021000000192904 0.108 376.3 1.0 635.8 177.1 14
2021000000192904 0.108 261.5 36.1 856.8 208.7 80
2021000000192904 0.107 307.1 76.2 803.5 310.8 80
2021000000192904 0.107 -191.7 16.6 301.3 62.5 80
2021000000192904 0.106 227.1 100.9 759.9 308.7 80
2021000000192904 0.104 -146.6 6.5 490.9 54.5 80
2021000000192904 0.101 -200.1 6.4 438.6 41.3 80
2021000000192904 0.098 343.6 -4.3 631.1 181.8 14
2021000000192904 0.097 -267.7 -3.0 351.2 20.8 80
2021000000192904 0.096 54.4 6.9 638.4 434.7 13
2021000000192904 0.095 4.7 -0.8 643.7 33.5 80
2021000000192904 0.093 109.8 -4.6 748.8 21.5 80
2021000000192904 0.092 -49.2 -1.4 589.8 25.6 80
2021000000192904 0.092 -57.3 -0.9 581.7 35.4 80
2021000000192904 0.664 318.4 1.2 635.7 148.2 80
2021000000192904 0.645 599.6 395.8 639.1 436.6 80
2021000000192904 0.644 343.6 -4.3 631.1 181.8 80
2021000000192904 0.633 315.9 -4.4 662.9 121.3 80
2021000000192904 0.619 376.3 1.0 635.8 177.1 80
2021000000192904 0.612 330.5 -6.6 654.2 334.6 80
2021000000192904 0.590 0.2 1.5 639.2 436.0 80
2021000000192904 0.502 615.9 1.4 646.7 35.9 80
2021000000192904 0.501 150.1 8.3 615.7 428.3 80
2021000000192904 0.412 638.1 25.4 640.0 180.7 80
2021000000192904 0.392 15.1 417.9 297.4 436.2 80
2021000000192904 0.390 49.0 420.4 606.3 437.8 80
2021000000192904 0.390 54.4 6.9 638.4 434.7 10
2021000000192904 0.364 637.5 230.3 640.3 370.4 80
2021000000192904 0.332 638.4 92.2 640.2 291.4 80
2021000000192904 0.302 24.6 0.9 297.4 434.5 80
2021000000192904 0.270 48.3 417.2 599.7 437.0 80
2021000000192904 0.268 633.8 19.7 641.1 411.0 80
2021000000192904 0.261 215.3 -28.3 743.9 184.1 80
2021000000192904 0.237 -2.5 2.3 45.8 434.3 80
2021000000192904 0.223 457.1 20.8 633.9 455.6 80
2021000000192904 0.220 0.2 230.2 5.9 401.1 80
2021000000192904 0.215 -0.5 -0.5 7.9 81.5 80
2021000000192904 0.215 0.0 90.8 4.4 304.1 80
2021000000192904 0.213 -1.7 392.8 39.0 440.2 80
2021000000192904 0.206 -0.4 48.2 5.4 167.6 80
2021000000192904 0.193 611.5 -25.6 656.0 317.8 80
2021000000192904 0.190 573.8 48.8 641.1 447.1 80
2021000000192904 0.189 -1.6 56.4 17.3 410.9 80
2021000000192904 0.187 12.4 21.3 141.0 421.7 80
2021000000192904 0.183 53.4 -9.3 692.3 73.1 80
2021000000192904 0.176 105.9 419.5 318.4 438.3 80
2021000000192904 0.169 431.4 422.7 593.8 438.8 80
2021000000192904 0.167 42.2 388.8 304.2 437.9 80
2021000000192904 0.164 54.4 6.9 638.4 434.7 80
2021000000192904 0.163 -2.0 255.3 48.1 437.4 80
2021000000192904 0.158 30.1 42.7 265.0 408.7 80
2021000000192904 0.157 594.7 350.3 653.0 425.8 80
2021000000192904 0.156 -2.5 97.7 20.2 289.2 80
2021000000192904 0.148 413.8 231.9 646.0 431.1 80
2021000000192904 0.144 -13.9 265.2 279.9 425.8 80
2021000000192904 0.141 -12.8 108.6 184.4 423.6 80
2021000000192904 0.140 -4.3 95.5 287.2 400.8 80
2021000000192904 0.139 86.0 155.8 555.8 366.8 80
2021000000192904 0.139 381.5 395.5 543.5 431.4 80
2021000000192904 0.138 54.4 6.9 638.4 434.7 8
2021000000192904 0.137 134.4 266.4 517.2 415.1 80
2021000000192904 0.137 64.5 261.0 381.8 416.7 80
2021000000192904 0.136 173.3 395.3 347.1 430.7 80
2021000000192904 0.135 334.0 146.6 637.8 373.3 80
2021000000192904 0.135 140.1 132.2 584.8 362.5 80
2021000000192904 0.134 282.0 217.6 617.9 389.4 80
2021000000192904 0.134 220.4 231.9 578.8 395.2 80
2021000000192904 0.134 44.8 96.8 467.5 373.0 80
2021000000192904 0.132 133.9 219.6 514.8 390.0 80
2021000000192904 0.132 83.4 -4.9 722.4 33.5 80
2021000000192904 0.131 18.3 400.0 136.1 433.5 80
2021000000192904 0.131 262.9 391.4 429.1 429.8 80
2021000000192904 0.131 16.4 186.2 332.0 385.4 80
2021000000192904 0.131 230.6 136.4 610.2 352.0 80
2021000000192904 0.130 511.5 405.2 635.1 433.8 80
2021000000192904 0.130 88.0 142.7 516.9 357.9 80
2021000000192904 0.129 36.9 135.6 374.6 372.2 80
2021000000192904 0.128 71.2 210.9 452.6 379.4 80
2021000000192904 0.127 96.6 95.7 563.3 352.3 80
2021000000192904 0.125 243.0 287.5 338.7 351.5 80
2021000000192904 0.125 41.6 102.0 434.4 340.5 80
2021000000192904 0.125 332.0 412.9 491.6 436.8 80
2021000000192904 0.124 165.9 296.9 247.1 361.1 80
2021000000192904 0.122 123.3 141.0 529.5 285.1 80
2021000000192904 0.121 243.7 224.5 369.6 311.8 80
2021000000192904 0.120 321.3 9.5 854.0 163.6 80
2021000000192904 0.119 134.7 204.3 338.3 297.5 80
2021000000192904 0.119 262.1 233.6 431.6 327.2 80
2021000000192904 0.117 174.9 133.4 590.5 338.8 80
2021000000192904 0.117 43.0 192.9 222.4 296.1 80
2021000000192904 0.117 64.0 190.7 298.1 297.0 80
2021000000192904 0.112 114.5 89.5 586.2 190.2 80
2021000000192904 0.112 492.0 89.1 711.3 348.0 80
2021000000192904 0.111 28.1 71.7 548.3 165.2 80
2021000000192904 0.111 -73.2 121.2 239.2 230.7 80
2021000000192904 0.111 204.9 173.8 673.9 333.6 80
2021000000192904 0.110 -42.2 46.0 498.9 132.1 80
2021000000192904 0.109 120.9 92.1 666.3 220.1 80
2021000000192904 0.108 171.1 36.6 777.3 207.9 80
2021000000192904 0.108 136.3 110.5 698.9 274.4 80
2021000000192904 0.108 376.3 1.0 635.8 177.1 14
2021000000192904 0.108 261.5 36.1 856.8 208.7 80
2021000000192904 0.107 307.1 76.2 803.5 310.8 80
2021000000192904 0.107 -191.7 16.6 301.3 62.5 80
2021000000192904 0.106 227.1 100.9 759.9 308.7 80
2021000000192904 0.104 -146.6 6.5 490.9 54.5 80
2021000000192904 0.101 -200.1 6.4 438.6 41.3 80
2021000000192904 0.098 343.6 -4.3 631.1 181.8 14
2021000000192904 0.097 -267.7 -3.0 351.2 20.8 80
2021000000192904 0.096 54.4 6.9 638.4 434.7 13
2021000000192904 0.095 4.7 -0.8 643.7 33.5 80
2021000000192904 0.093 109.8 -4.6 748.8 21.5 80
2021000000192904 0.092 -49.2 -1.4 589.8 25.6 80
2021000000192904 0.092 -57.3 -0.9 581.7 35.4 80
2021000000192904 0.000 0.7 50.2 132.6 288.2 80
2021000000192904 0.000 313.7 84.7 473.7 265.7 80
2021000000192904 0.000 259.6 57.8 340.6 139.7 80
2021000000192904 0.000 328.1 161.6 405.0 239.4 80
2021000000192904 0.000 476.7 127.1 620.6 312.5 80
2021000000192904 0.000 58.6 253.2 136.6 336.5 80
2021000000192904 0.000 107.0 138.0 185.4 219.4 80
2021000000192904 0.000 170.2 122.4 279.1 253.9 80
2021000000192904 0.000 499.6 111.9 587.2 190.1 80
2021000000192904 0.000 580.3 149.5 639.5 245.5 80
2021000000192904 0.000 272.8 132.7 350.4 210.7 80
2021000000192904 0.000 28.4 33.4 258.8 228.0 80
2021000000192904 0.000 180.7 95.5 259.1 178.8 80
2021000000192904 0.000 416.4 13.1 633.4 222.9 80
2021000000192904 0.000 1.6 234.1 61.5 331.3 80
2021000000192904 0.000 207.1 37.7 383.4 246.3 80
2021000000192904 0.000 447.6 170.3 524.8 247.3 80
2021000000192904 0.000 281.3 279.8 360.0 392.2 80
2021000000192904 0.000 115.6 219.2 191.0 296.7 80
2021000000192904 0.000 402.5 118.3 480.3 196.2 80
2021000000192904 0.000 457.2 231.2 531.4 309.4 80
2021000000192904 0.000 41.1 147.8 215.0 321.7 80
2021000000192904 0.000 580.1 224.0 639.6 320.3 80
2021000000192904 0.000 0.9 175.9 60.3 272.5 80
2021000000192904 0.000 0.5 146.4 130.7 416.2 80
2021000000192904 0.000 574.5 62.8 639.7 178.3 80
2021000000192904 0.000 332.0 3.0 415.6 86.1 80
2021000000192904 0.000 175.8 253.8 258.0 338.4 80
2021000000192904 0.000 381.9 199.5 460.0 275.7 80
2021000000192904 0.000 36.2 181.1 119.9 257.7 80
2021000000192904 0.000 152.0 187.0 297.7 368.1 80
2021000000192904 0.000 191.4 200.9 269.4 277.1 80
2021000000192904 0.000 326.7 146.3 464.9 405.1 80
2021000000192904 0.000 374.5 154.7 615.4 302.0 80
2021000000192904 0.000 416.6 254.4 488.8 343.7 80
2021000000192904 0.000 281.1 231.0 356.1 308.4 80
2021000000192904 0.000 0.6 25.7 66.3 123.3 80
2021000000192904 0.000 61.9 24.6 484.0 299.1 80
2021000000192904 0.000 262.4 137.1 406.0 326.4 80
2021000000192904 0.000 524.7 205.1 607.8 281.6 80
2021000000192904 0.000 0.6 290.0 74.6 430.2 80
2021000000192904 0.000 230.2 258.0 304.8 346.3 80
2021000000192904 0.000 226.4 66.9 603.7 309.9 80
2021000000192904 0.000 63.1 127.3 360.7 300.3 80
2021000000192904 0.000 0.2 105.3 65.9 202.0 80
2021000000192904 0.000 416.6 53.9 515.6 135.3 80
2021000000192904 0.000 129.2 57.3 312.7 363.0 80
2021000000192904 0.000 263.7 186.7 342.1 263.6 80
2021000000192904 0.000 566.4 284.4 639.5 428.7 80
2021000000192904 0.000 18.6 16.3 623.0 228.7 80
2021000000192904 0.000 509.8 129.4 639.3 413.4 80
2021000000192904 0.000 121.0 18.0 514.5 425.5 80
2021000000192904 0.000 1.5 6.9 361.3 431.9 80
2021000000192904 0.000 335.8 48.7 542.9 364.2 80
2021000000192904 0.000 241.4 9.2 515.4 157.0 80
2021000000192904 0.000 205.1 229.6 447.2 428.0 80
2021000000192904 0.000 1.2 27.8 187.5 422.7 80
2021000000192904 0.000 272.1 7.1 636.8 433.4 80
2021000000192904 0.000 205.1 32.7 446.8 413.7 80
2021000000192904 0.000 14.5 104.4 289.1 430.0 80
2021000000192904 0.000 457.5 21.5 641.8 418.8 80
2021000000192904 0.000 359.1 278.3 430.9 384.9 80
2021000000192904 0.000 219.0 122.8 395.6 411.2 80
2021000000192904 0.000 170.1 90.4 468.1 424.7 80
2021000000192904 0.000 329.2 193.6 464.8 356.1 80
2021000000192904 0.000 6.1 324.5 167.0 435.2 80
2021000000192904 0.000 391.8 209.7 616.9 424.1 80
2021000000192904 0.000 68.6 296.5 356.4 433.3 80
2021000000192904 0.000 14.7 212.6 237.2 425.4 80
2021000000192904 0.000 3.9 1.2 525.2 433.5 80
2021000000192904 0.000 9.8 266.0 629.1 433.9 80
2021000000192904 0.000 5.9 75.5 462.6 429.4 80
2021000000192904 0.000 91.8 74.5 569.1 372.4 80
2021000000192904 0.000 285.4 298.0 604.4 433.9 80
2021000000192904 0.000 42.6 171.3 419.5 421.9 80
2021000000192904 0.000 109.3 1.0 633.3 433.4 80
2021000000192904 0.000 355.4 100.8 622.7 433.5 80
2021000000192904 0.000 205.8 153.6 443.9 267.7 80
2021000000192904 0.000 312.6 234.5 381.5 317.8 80
2021000000192904 0.000 215.1 175.6 577.9 421.6 80
2021000000192904 0.000 56.7 70.3 149.9 159.1 80
2021000000192904 0.000 205.1 76.7 630.3 430.8 80
2021000000192904 0.000 463.3 285.5 633.1 428.6 80
2021000000192904 0.000 171.9 119.3 461.0 341.6 80
2021000000192904 0.000 86.2 166.3 515.0 316.2 80
2021000000192904 0.000 28.4 49.7 607.5 420.9 80
2021000000192904 0.000 0.5 116.6 638.1 423.9 80
2021000000192904 0.000 0.8 0.8 639.5 435.0 80
2021000000192904 0.000 21.6 111.2 619.5 314.2 80
2021000000192904 0.000 2.8 27.2 636.7 357.8 80
2021000000192904 0.000 542.8 7.0 638.5 99.5 80
2021000000192904 0.000 21.6 111.2 619.5 314.2 0
2021000000192904 0.000 335.8 48.7 542.9 364.2 14
2021000000192904 0.000 219.0 122.8 395.6 411.2 14
2021000000192904 0.000 129.2 57.3 312.7 363.0 14
2021000000192904 0.000 205.1 32.7 446.8 413.7 14
2021000000192904 0.000 14.5 104.4 289.1 430.0 14
2021000000192904 0.000 355.4 100.8 622.7 433.5 14
2021000000192904 0.000 170.1 90.4 468.1 424.7 14
2021000000192904 0.000 272.1 7.1 636.8 433.4 14
2021000000192904 0.000 0.7 50.2 132.6 288.2 80
2021000000192904 0.000 313.7 84.7 473.7 265.7 80
2021000000192904 0.000 259.6 57.8 340.6 139.7 80
2021000000192904 0.000 328.1 161.6 405.0 239.4 80
2021000000192904 0.000 476.7 127.1 620.6 312.5 80
2021000000192904 0.000 58.6 253.2 136.6 336.5 80
2021000000192904 0.000 107.0 138.0 185.4 219.4 80
2021000000192904 0.000 170.2 122.4 279.1 253.9 80
2021000000192904 0.000 499.6 111.9 587.2 190.1 80
2021000000192904 0.000 580.3 149.5 639.5 245.5 80
2021000000192904 0.000 272.8 132.7 350.4 210.7 80
2021000000192904 0.000 28.4 33.4 258.8 228.0 80
2021000000192904 0.000 180.7 95.5 259.1 178.8 80
2021000000192904 0.000 416.4 13.1 633.4 222.9 80
2021000000192904 0.000 1.6 234.1 61.5 331.3 80
2021000000192904 0.000 207.1 37.7 383.4 246.3 80
2021000000192904 0.000 447.6 170.3 524.8 247.3 80
2021000000192904 0.000 281.3 279.8 360.0 392.2 80
2021000000192904 0.000 115.6 219.2 191.0 296.7 80
2021000000192904 0.000 402.5 118.3 480.3 196.2 80
2021000000192904 0.000 457.2 231.2 531.4 309.4 80
2021000000192904 0.000 41.1 147.8 215.0 321.7 80
2021000000192904 0.000 580.1 224.0 639.6 320.3 80
2021000000192904 0.000 0.9 175.9 60.3 272.5 80
2021000000192904 0.000 0.5 146.4 130.7 416.2 80
2021000000192904 0.000 574.5 62.8 639.7 178.3 80
2021000000192904 0.000 332.0 3.0 415.6 86.1 80
2021000000192904 0.000 175.8 253.8 258.0 338.4 80
2021000000192904 0.000 381.9 199.5 460.0 275.7 80
2021000000192904 0.000 36.2 181.1 119.9 257.7 80
2021000000192904 0.000 152.0 187.0 297.7 368.1 80
2021000000192904 0.000 191.4 200.9 269.4 277.1 80
2021000000192904 0.000 326.7 146.3 464.9 405.1 80
2021000000192904 0.000 374.5 154.7 615.4 302.0 80
2021000000192904 0.000 416.6 254.4 488.8 343.7 80
2021000000192904 0.000 281.1 231.0 356.1 308.4 80
2021000000192904 0.000 0.6 25.7 66.3 123.3 80
2021000000192904 0.000 61.9 24.6 484.0 299.1 80
2021000000192904 0.000 262.4 137.1 406.0 326.4 80
2021000000192904 0.000 524.7 205.1 607.8 281.6 80
2021000000192904 0.000 0.6 290.0 74.6 430.2 80
2021000000192904 0.000 230.2 258.0 304.8 346.3 80
2021000000192904 0.000 226.4 66.9 603.7 309.9 80
2021000000192904 0.000 63.1 127.3 360.7 300.3 80
2021000000192904 0.000 0.2 105.3 65.9 202.0 80
2021000000192904 0.000 416.6 53.9 515.6 135.3 80
2021000000192904 0.000 129.2 57.3 312.7 363.0 80
2021000000192904 0.000 263.7 186.7 342.1 263.6 80
2021000000192904 0.000 566.4 284.4 639.5 428.7 80
2021000000192904 0.000 18.6 16.3 623.0 228.7 80
2021000000192904 0.000 509.8 129.4 639.3 413.4 80
2021000000192904 0.000 121.0 18.0 514.5 425.5 80
2021000000192904 0.000 1.5 6.9 361.3 431.9 80
2021000000192904 0.000 335.8 48.7 542.9 364.2 80
2021000000192904 0.000 241.4 9.2 515.4 157.0 80
2021000000192904 0.000 205.1 229.6 447.2 428.0 80
2021000000192904 0.000 1.2 27.8 187.5 422.7 80
2021000000192904 0.000 272.1 7.1 636.8 433.4 80
2021000000192904 0.000 205.1 32.7 446.8 413.7 80
2021000000192904 0.000 14.5 104.4 289.1 430.0 80
2021000000192904 0.000 457.5 21.5 641.8 418.8 80
2021000000192904 0.000 359.1 278.3 430.9 384.9 80
2021000000192904 0.000 219.0 122.8 395.6 411.2 80
2021000000192904 0.000 170.1 90.4 468.1 424.7 80
2021000000192904 0.000 329.2 193.6 464.8 356.1 80
2021000000192904 0.000 6.1 324.5 167.0 435.2 80
2021000000192904 0.000 391.8 209.7 616.9 424.1 80
2021000000192904 0.000 68.6 296.5 356.4 433.3 80
2021000000192904 0.000 14.7 212.6 237.2 425.4 80
2021000000192904 0.000 3.9 1.2 525.2 433.5 80
2021000000192904 0.000 9.8 266.0 629.1 433.9 80
2021000000192904 0.000 5.9 75.5 462.6 429.4 80
2021000000192904 0.000 91.8 74.5 569.1 372.4 80
2021000000192904 0.000 285.4 298.0 604.4 433.9 80
2021000000192904 0.000 42.6 171.3 419.5 421.9 80
2021000000192904 0.000 109.3 1.0 633.3 433.4 80
2021000000192904 0.000 355.4 100.8 622.7 433.5 80
2021000000192904 0.000 205.8 153.6 443.9 267.7 80
2021000000192904 0.000 312.6 234.5 381.5 317.8 80
2021000000192904 0.000 215.1 175.6 577.9 421.6 80
2021000000192904 0.000 56.7 70.3 149.9 159.1 80
2021000000192904 0.000 205.1 76.7 630.3 430.8 80
2021000000192904 0.000 463.3 285.5 633.1 428.6 80
2021000000192904 0.000 171.9 119.3 461.0 341.6 80
2021000000192904 0.000 86.2 166.3 515.0 316.2 80
2021000000192904 0.000 28.4 49.7 607.5 420.9 80
2021000000192904 0.000 0.5 116.6 638.1 423.9 80
2021000000192904 0.000 0.8 0.8 639.5 435.0 80
2021000000192904 0.000 21.6 111.2 619.5 314.2 80
2021000000192904 0.000 2.8 27.2 636.7 357.8 80
2021000000192904 0.000 542.8 7.0 638.5 99.5 80
2021000000192904 0.000 21.6 111.2 619.5 314.2 0
2021000000192904 0.000 335.8 48.7 542.9 364.2 14
2021000000192904 0.000 219.0 122.8 395.6 411.2 14
2021000000192904 0.000 129.2 57.3 312.7 363.0 14
2021000000192904 0.000 205.1 32.7 446.8 413.7 14
2021000000192904 0.000 14.5 104.4 289.1 430.0 14
2021000000192904 0.000 355.4 100.8 622.7 433.5 14
2021000000192904 0.000 170.1 90.4 468.1 424.7 14
2021000000192904 0.000 272.1 7.1 636.8 433.4 14
