2021000741 0.690 100.5 83.5 283.4 277.9 80
2021000741 0.686 158.3 37.4 421.7 251.4 80
2021000741 0.685 22.9 64.6 396.4 360.3 80
2021000741 0.676 29.0 93.3 256.1 300.6 80
2021000741 0.669 247.9 43.7 424.0 221.3 80
2021000741 0.669 28.0 90.0 274.9 337.8 80
2021000741 0.668 47.9 56.5 424.8 366.8 80
2021000741 0.666 24.6 54.7 321.9 360.7 80
2021000741 0.665 47.8 20.9 418.7 306.9 80
2021000741 0.664 233.6 40.5 423.1 259.3 80
2021000741 0.664 249.7 39.1 424.0 228.1 80
2021000741 0.661 54.9 220.9 326.0 372.6 80
2021000741 0.661 55.4 41.5 423.8 324.3 80
2021000741 0.658 84.4 38.1 425.4 329.2 80
2021000741 0.650 469.4 337.9 498.6 375.5 80
2021000741 0.639 76.7 209.5 405.9 376.6 80
2021000741 0.638 106.3 34.5 418.7 373.1 80
2021000741 0.630 33.4 166.2 424.4 377.2 80
2021000741 0.629 61.3 92.7 269.4 267.6 80
2021000741 0.627 233.9 27.5 425.5 377.4 80
2021000741 0.615 74.5 59.8 423.1 362.2 80
2021000741 0.603 120.4 10.7 438.1 374.7 80
2021000741 0.597 41.9 80.9 424.0 361.3 80
2021000741 0.583 31.9 72.9 424.1 379.9 80
2021000741 0.572 182.1 41.7 426.2 365.6 80
2021000741 0.572 28.7 42.6 421.4 374.3 7
2021000741 0.556 62.3 217.1 394.9 374.3 80
2021000741 0.486 496.6 191.9 500.3 347.2 80
2021000741 0.470 18.1 2.8 467.9 376.8 80
2021000741 0.469 496.3 107.4 500.2 272.1 80
2021000741 0.464 497.6 34.0 500.3 171.6 80
2021000741 0.399 24.4 88.1 263.7 301.3 7
2021000741 0.268 24.4 88.1 263.7 301.3 80
2021000741 0.239 495.6 44.7 500.7 342.2 80
2021000741 0.233 127.2 110.0 397.0 265.4 80
2021000741 0.228 482.9 19.8 504.1 393.7 80
2021000741 0.223 0.5 190.5 4.4 348.9 80
2021000741 0.216 0.3 106.5 3.4 248.6 80
2021000741 0.215 66.7 306.9 443.8 383.1 80
2021000741 0.213 0.0 41.0 3.8 153.7 80
2021000741 0.212 497.3 52.8 500.9 319.0 80
2021000741 0.211 -0.2 1.3 5.9 76.0 80
2021000741 0.202 0.2 58.7 11.0 342.6 80
2021000741 0.192 76.2 180.8 420.4 353.8 80
2021000741 0.191 62.3 217.1 394.9 374.3 7
2021000741 0.188 -1.5 303.5 18.5 385.3 80
2021000741 0.186 0.6 74.9 9.7 224.3 80
2021000741 0.183 95.0 356.4 420.3 378.1 80
2021000741 0.173 18.1 2.8 467.9 376.8 8
2021000741 0.157 84.1 193.7 224.6 277.7 80
2021000741 0.156 429.4 104.2 500.8 357.2 80
2021000741 0.155 -0.7 65.6 35.9 328.9 80
2021000741 0.153 464.5 295.6 509.8 368.3 80
2021000741 0.152 279.3 333.5 436.8 374.1 80
2021000741 0.152 6.9 244.6 317.5 371.6 80
2021000741 0.150 28.7 42.6 421.4 374.3 80
2021000741 0.150 -4.0 191.1 53.7 380.4 80
2021000741 0.145 40.5 164.7 384.7 336.9 80
2021000741 0.145 12.0 144.8 284.6 332.3 80
2021000741 0.145 322.2 205.2 501.0 365.3 80
2021000741 0.142 338.8 80.8 505.5 357.8 80
2021000741 0.142 332.6 359.9 452.0 378.4 80
2021000741 0.141 27.0 127.6 367.9 286.3 80
2021000741 0.138 166.5 191.6 437.0 343.3 80
2021000741 0.135 228.5 185.0 472.6 340.1 80
2021000741 0.135 80.6 225.9 157.0 284.7 80
2021000741 0.135 -15.0 197.5 235.0 357.6 80
2021000741 0.132 269.7 139.6 491.0 325.0 80
2021000741 0.132 61.8 43.5 483.9 197.2 80
2021000741 0.128 12.2 137.2 235.1 297.4 80
2021000741 0.128 -0.3 122.5 137.7 342.8 80
2021000741 0.128 396.1 345.4 491.4 373.3 80
2021000741 0.127 15.8 336.1 106.6 373.4 80
2021000741 0.126 403.0 135.3 486.1 350.8 80
2021000741 0.126 249.4 352.2 382.5 376.1 80
2021000741 0.123 129.9 174.6 202.0 229.8 80
2021000741 0.123 46.9 355.2 172.0 378.0 80
2021000741 0.122 158.1 86.9 311.6 173.1 80
2021000741 0.122 107.9 344.8 246.5 378.5 80
2021000741 0.122 160.3 157.0 269.8 234.6 80
2021000741 0.121 323.7 200.3 416.1 288.6 80
2021000741 0.119 54.6 228.5 140.7 291.3 80
2021000741 0.115 -10.1 155.2 142.5 222.9 80
2021000741 0.114 -3.0 68.2 276.8 144.2 80
2021000741 0.111 140.4 41.4 478.5 135.3 80
2021000741 0.109 -129.8 23.4 217.4 70.8 80
2021000741 0.108 -48.9 -1.6 435.9 107.2 80
2021000741 0.108 -112.7 18.0 312.6 74.6 80
2021000741 0.107 191.5 74.6 622.7 176.2 80
2021000741 0.106 159.2 17.6 624.7 94.4 80
2021000741 0.104 260.6 53.5 652.8 156.0 80
2021000741 0.104 18.1 2.8 467.9 376.8 17
2021000741 0.104 190.5 6.5 684.3 49.8 80
2021000741 0.099 122.6 -8.6 621.6 40.5 80
2021000741 0.098 231.4 8.1 720.3 45.7 80
2021000741 0.094 18.1 2.8 467.9 376.8 14
2021000741 0.093 -196.1 -2.5 260.2 22.9 80
2021000741 0.092 -184.9 0.3 314.1 25.1 80
2021000741 0.092 -139.6 -0.7 359.3 24.8 80
2021000741 0.091 -87.2 -2.6 411.8 24.3 80
2021000741 0.690 100.5 83.5 283.4 277.9 80
2021000741 0.686 158.3 37.4 421.7 251.4 80
2021000741 0.685 22.9 64.6 396.4 360.3 80
2021000741 0.676 29.0 93.3 256.1 300.6 80
2021000741 0.669 247.9 43.7 424.0 221.3 80
2021000741 0.669 28.0 90.0 274.9 337.8 80
2021000741 0.668 47.9 56.5 424.8 366.8 80
2021000741 0.666 24.6 54.7 321.9 360.7 80
2021000741 0.665 47.8 20.9 418.7 306.9 80
2021000741 0.664 233.6 40.5 423.1 259.3 80
2021000741 0.664 249.7 39.1 424.0 228.1 80
2021000741 0.661 54.9 220.9 326.0 372.6 80
2021000741 0.661 55.4 41.5 423.8 324.3 80
2021000741 0.658 84.4 38.1 425.4 329.2 80
2021000741 0.650 469.4 337.9 498.6 375.5 80
2021000741 0.639 76.7 209.5 405.9 376.6 80
2021000741 0.638 106.3 34.5 418.7 373.1 80
2021000741 0.630 33.4 166.2 424.4 377.2 80
2021000741 0.629 61.3 92.7 269.4 267.6 80
2021000741 0.627 233.9 27.5 425.5 377.4 80
2021000741 0.615 74.5 59.8 423.1 362.2 80
2021000741 0.603 120.4 10.7 438.1 374.7 80
2021000741 0.597 41.9 80.9 424.0 361.3 80
2021000741 0.583 31.9 72.9 424.1 379.9 80
2021000741 0.572 182.1 41.7 426.2 365.6 80
2021000741 0.572 28.7 42.6 421.4 374.3 7
2021000741 0.556 62.3 217.1 394.9 374.3 80
2021000741 0.486 496.6 191.9 500.3 347.2 80
2021000741 0.470 18.1 2.8 467.9 376.8 80
2021000741 0.469 496.3 107.4 500.2 272.1 80
2021000741 0.464 497.6 34.0 500.3 171.6 80
2021000741 0.399 24.4 88.1 263.7 301.3 7
2021000741 0.268 24.4 88.1 263.7 301.3 80
2021000741 0.239 495.6 44.7 500.7 342.2 80
2021000741 0.233 127.2 110.0 397.0 265.4 80
2021000741 0.228 482.9 19.8 504.1 393.7 80
2021000741 0.223 0.5 190.5 4.4 348.9 80
2021000741 0.216 0.3 106.5 3.4 248.6 80
2021000741 0.215 66.7 306.9 443.8 383.1 80
2021000741 0.213 0.0 41.0 3.8 153.7 80
2021000741 0.212 497.3 52.8 500.9 319.0 80
2021000741 0.211 -0.2 1.3 5.9 76.0 80
2021000741 0.202 0.2 58.7 11.0 342.6 80
2021000741 0.192 76.2 180.8 420.4 353.8 80
2021000741 0.191 62.3 217.1 394.9 374.3 7
2021000741 0.188 -1.5 303.5 18.5 385.3 80
2021000741 0.186 0.6 74.9 9.7 224.3 80
2021000741 0.183 95.0 356.4 420.3 378.1 80
2021000741 0.173 18.1 2.8 467.9 376.8 8
2021000741 0.157 84.1 193.7 224.6 277.7 80
2021000741 0.156 429.4 104.2 500.8 357.2 80
2021000741 0.155 -0.7 65.6 35.9 328.9 80
2021000741 0.153 464.5 295.6 509.8 368.3 80
2021000741 0.152 279.3 333.5 436.8 374.1 80
2021000741 0.152 6.9 244.6 317.5 371.6 80
2021000741 0.150 28.7 42.6 421.4 374.3 80
2021000741 0.150 -4.0 191.1 53.7 380.4 80
2021000741 0.145 40.5 164.7 384.7 336.9 80
2021000741 0.145 12.0 144.8 284.6 332.3 80
2021000741 0.145 322.2 205.2 501.0 365.3 80
2021000741 0.142 338.8 80.8 505.5 357.8 80
2021000741 0.142 332.6 359.9 452.0 378.4 80
2021000741 0.141 27.0 127.6 367.9 286.3 80
2021000741 0.138 166.5 191.6 437.0 343.3 80
2021000741 0.135 228.5 185.0 472.6 340.1 80
2021000741 0.135 80.6 225.9 157.0 284.7 80
2021000741 0.135 -15.0 197.5 235.0 357.6 80
2021000741 0.132 269.7 139.6 491.0 325.0 80
2021000741 0.132 61.8 43.5 483.9 197.2 80
2021000741 0.128 12.2 137.2 235.1 297.4 80
2021000741 0.128 -0.3 122.5 137.7 342.8 80
2021000741 0.128 396.1 345.4 491.4 373.3 80
2021000741 0.127 15.8 336.1 106.6 373.4 80
2021000741 0.126 403.0 135.3 486.1 350.8 80
2021000741 0.126 249.4 352.2 382.5 376.1 80
2021000741 0.123 129.9 174.6 202.0 229.8 80
2021000741 0.123 46.9 355.2 172.0 378.0 80
2021000741 0.122 158.1 86.9 311.6 173.1 80
2021000741 0.122 107.9 344.8 246.5 378.5 80
2021000741 0.122 160.3 157.0 269.8 234.6 80
2021000741 0.121 323.7 200.3 416.1 288.6 80
2021000741 0.119 54.6 228.5 140.7 291.3 80
2021000741 0.115 -10.1 155.2 142.5 222.9 80
2021000741 0.114 -3.0 68.2 276.8 144.2 80
2021000741 0.111 140.4 41.4 478.5 135.3 80
2021000741 0.109 -129.8 23.4 217.4 70.8 80
2021000741 0.108 -48.9 -1.6 435.9 107.2 80
2021000741 0.108 -112.7 18.0 312.6 74.6 80
2021000741 0.107 191.5 74.6 622.7 176.2 80
2021000741 0.106 159.2 17.6 624.7 94.4 80
2021000741 0.104 260.6 53.5 652.8 156.0 80
2021000741 0.104 18.1 2.8 467.9 376.8 17
2021000741 0.104 190.5 6.5 684.3 49.8 80
2021000741 0.099 122.6 -8.6 621.6 40.5 80
2021000741 0.098 231.4 8.1 720.3 45.7 80
2021000741 0.094 18.1 2.8 467.9 376.8 14
2021000741 0.093 -196.1 -2.5 260.2 22.9 80
2021000741 0.092 -184.9 0.3 314.1 25.1 80
2021000741 0.092 -139.6 -0.7 359.3 24.8 80
2021000741 0.091 -87.2 -2.6 411.8 24.3 80
2021000741 0.000 242.0 73.2 372.7 227.7 80
2021000741 0.000 0.9 43.1 103.5 247.8 80
2021000741 0.000 143.7 135.9 210.3 202.4 80
2021000741 0.000 211.4 111.8 275.3 178.0 80
2021000741 0.000 371.0 109.2 486.3 268.7 80
2021000741 0.000 255.8 137.9 317.1 204.5 80
2021000741 0.000 156.6 31.4 304.0 211.6 80
2021000741 0.000 45.5 217.8 107.4 288.9 80
2021000741 0.000 136.3 82.3 207.6 151.5 80
2021000741 0.000 81.5 117.6 146.9 186.5 80
2021000741 0.000 197.9 51.8 272.4 119.8 80
2021000741 0.000 453.6 128.4 499.6 211.2 80
2021000741 0.000 387.8 97.3 461.7 164.2 80
2021000741 0.000 348.6 145.3 411.0 211.1 80
2021000741 0.000 136.9 218.3 201.8 292.7 80
2021000741 0.000 19.5 26.1 206.5 194.8 80
2021000741 0.000 1.5 201.3 48.0 285.0 80
2021000741 0.000 297.9 170.7 359.9 236.2 80
2021000741 0.000 453.4 192.9 499.6 275.6 80
2021000741 0.000 356.3 197.7 415.7 265.7 80
2021000741 0.000 313.5 100.9 376.2 167.7 80
2021000741 0.000 323.9 8.3 496.6 191.8 80
2021000741 0.000 287.5 132.8 485.8 257.7 80
2021000741 0.000 205.6 160.1 267.3 225.4 80
2021000741 0.000 0.9 125.8 102.1 357.9 80
2021000741 0.000 33.3 127.4 166.8 276.8 80
2021000741 0.000 1.0 151.5 47.1 234.6 80
2021000741 0.000 89.9 187.8 149.8 253.9 80
2021000741 0.000 449.0 54.1 499.7 153.4 80
2021000741 0.000 117.9 161.9 233.2 316.5 80
2021000741 0.000 218.0 251.8 286.7 331.9 80
2021000741 0.000 149.3 172.2 210.8 237.6 80
2021000741 0.000 410.1 176.6 474.8 242.3 80
2021000741 0.000 27.0 155.1 94.9 220.9 80
2021000741 0.000 323.9 218.2 384.1 295.1 80
2021000741 0.000 202.7 116.7 319.1 275.9 80
2021000741 0.000 177.6 56.6 471.2 267.4 80
2021000741 0.000 252.3 124.0 366.8 347.9 80
2021000741 0.000 0.5 90.4 51.3 173.8 80
2021000741 0.000 0.7 22.0 51.8 106.0 80
2021000741 0.000 46.4 108.1 284.6 258.9 80
2021000741 0.000 101.1 50.5 245.1 317.1 80
2021000741 0.000 255.5 3.7 329.5 73.3 80
2021000741 0.000 322.9 47.5 406.2 116.3 80
2021000741 0.000 43.3 21.4 383.8 258.4 80
2021000741 0.000 0.6 249.6 58.3 369.8 80
2021000741 0.000 178.6 220.3 238.0 300.5 80
2021000741 0.000 442.7 245.1 499.6 368.5 80
2021000741 0.000 398.6 113.5 499.6 355.5 80
2021000741 0.000 10.6 10.6 491.5 199.6 80
2021000741 0.000 258.6 42.4 428.2 311.1 80
2021000741 0.000 90.0 16.9 408.1 364.6 80
2021000741 0.000 256.1 169.2 365.6 301.9 80
2021000741 0.000 -2.4 5.4 286.1 371.6 80
2021000741 0.000 8.1 89.0 229.6 370.1 80
2021000741 0.000 0.7 22.9 146.6 363.6 80
2021000741 0.000 213.1 6.1 497.0 372.7 80
2021000741 0.000 131.2 78.4 368.1 365.5 80
2021000741 0.000 156.2 201.7 351.1 369.4 80
2021000741 0.000 170.3 106.4 310.3 353.3 80
2021000741 0.000 153.4 21.0 355.4 360.9 80
2021000741 0.000 357.6 18.1 500.9 361.1 80
2021000741 0.000 68.8 68.1 447.4 321.4 80
2021000741 0.000 177.0 8.2 417.9 127.1 80
2021000741 0.000 43.6 254.9 289.5 373.6 80
2021000741 0.000 2.3 68.4 366.1 369.3 80
2021000741 0.000 5.1 279.1 130.5 374.3 80
2021000741 0.000 12.0 183.0 185.2 365.8 80
2021000741 0.000 305.3 180.1 482.3 365.0 80
2021000741 0.000 220.0 199.0 278.3 264.7 80
2021000741 0.000 24.3 146.3 338.1 364.6 80
2021000741 0.000 2.5 1.3 412.8 373.0 80
2021000741 0.000 150.8 131.3 355.6 228.6 80
2021000741 0.000 274.3 86.1 490.6 373.1 80
2021000741 0.000 3.0 228.5 496.0 374.4 80
2021000741 0.000 220.7 257.3 474.7 373.5 80
2021000741 0.000 84.5 1.1 496.2 372.9 80
2021000741 0.000 158.6 67.8 495.0 371.2 80
2021000741 0.000 157.9 150.5 463.3 364.9 80
2021000741 0.000 362.6 245.1 494.3 368.9 80
2021000741 0.000 44.4 60.6 117.3 136.8 80
2021000741 0.000 129.9 101.9 365.9 294.0 80
2021000741 0.000 22.3 43.4 477.5 366.6 80
2021000741 0.000 60.2 142.4 409.5 272.0 80
2021000741 0.000 0.4 100.8 499.0 366.5 80
2021000741 0.000 244.0 202.0 298.7 273.9 80
2021000741 0.000 12.6 94.7 489.8 271.8 80
2021000741 0.000 0.8 0.3 499.7 373.9 80
2021000741 0.000 1.3 18.3 498.9 309.8 80
2021000741 0.000 286.3 250.3 340.8 319.0 80
2021000741 0.000 424.2 6.2 498.9 85.7 80
2021000741 0.000 12.6 94.7 489.8 271.8 0
2021000741 0.000 0.8 0.3 499.7 373.9 7
2021000741 0.000 8.1 89.0 229.6 370.1 14
2021000741 0.000 258.6 42.4 428.2 311.1 14
2021000741 0.000 101.1 50.5 245.1 317.1 14
2021000741 0.000 170.3 106.4 310.3 353.3 14
2021000741 0.000 274.3 86.1 490.6 373.1 14
2021000741 0.000 153.4 21.0 355.4 360.9 14
2021000741 0.000 213.1 6.1 497.0 372.7 14
