2021000000088951 0.792 466.0 335.6 500.8 370.8 80
2021000000088951 0.775 13.8 40.4 490.2 347.9 80
2021000000088951 0.762 128.9 197.7 170.7 270.2 80
2021000000088951 0.762 58.1 90.4 77.9 98.8 80
2021000000088951 0.761 6.2 78.2 21.7 93.6 80
2021000000088951 0.761 11.2 82.3 66.7 96.9 80
2021000000088951 0.760 126.9 196.5 227.3 324.2 80
2021000000088951 0.759 128.4 185.4 234.5 322.4 18
2021000000088951 0.753 49.3 91.5 157.1 126.4 80
2021000000088951 0.753 130.8 192.8 188.3 248.3 80
2021000000088951 0.749 130.9 191.7 232.3 322.6 80
2021000000088951 0.748 175.0 217.7 227.4 292.9 80
2021000000088951 0.747 85.6 66.2 105.1 92.3 80
2021000000088951 0.744 234.2 300.0 277.1 339.2 80
2021000000088951 0.743 54.4 90.0 151.1 124.6 80
2021000000088951 0.742 499.4 166.1 500.2 225.3 80
2021000000088951 0.742 499.1 212.6 500.1 346.8 80
2021000000088951 0.736 238.5 301.5 292.3 338.2 80
2021000000088951 0.734 60.9 88.9 80.2 96.3 80
2021000000088951 0.733 139.2 85.3 160.1 98.0 80
