2021000108 0.702 -9.2 65.3 281.4 327.0 80
2021000108 0.691 441.9 63.6 501.3 266.3 80
2021000108 0.683 48.4 62.0 480.2 265.7 80
2021000108 0.683 4.5 59.3 431.5 312.2 80
2021000108 0.679 320.4 132.0 496.5 248.3 80
2021000108 0.664 110.8 56.1 499.2 315.7 80
2021000108 0.661 309.4 131.8 496.2 270.9 80
2021000108 0.660 58.6 92.5 479.5 367.5 80
2021000108 0.656 -2.7 102.0 201.5 266.8 11
2021000108 0.650 314.3 137.2 497.5 238.4 11
2021000108 0.649 385.5 84.4 499.8 263.1 80
2021000108 0.637 85.8 86.2 496.7 264.9 80
2021000108 0.630 322.8 138.0 488.8 220.1 80
2021000108 0.623 467.2 337.3 501.2 376.5 80
2021000108 0.623 88.5 128.0 480.5 365.6 80
2021000108 0.587 10.2 57.9 457.6 262.5 80
2021000108 0.585 2.3 132.0 485.0 380.8 80
2021000108 0.580 -8.2 66.0 414.4 262.1 80
2021000108 0.526 496.9 64.3 500.2 194.5 80
2021000108 0.524 144.4 128.9 499.1 264.8 80
2021000108 0.519 -1.5 57.9 466.0 260.8 80
2021000108 0.517 496.4 108.1 500.2 251.8 80
2021000108 0.497 296.3 134.2 467.2 228.3 80
2021000108 0.484 0.8 82.8 499.4 376.7 80
2021000108 0.474 482.2 50.0 502.7 312.6 80
2021000108 0.474 1.1 222.3 7.0 362.0 80
2021000108 0.431 0.1 52.3 498.4 354.5 80
2021000108 0.406 324.8 131.4 509.6 281.3 80
2021000108 0.403 0.1 58.8 499.0 374.0 17
2021000108 0.393 276.8 141.6 506.6 249.6 80
2021000108 0.384 498.4 175.9 500.2 296.8 80
2021000108 0.382 -7.7 99.0 209.7 257.2 80
2021000108 0.345 1.0 119.8 3.9 301.8 80
2021000108 0.281 75.2 74.8 505.4 255.5 80
2021000108 0.270 0.1 58.8 499.0 374.0 80
2021000108 0.263 0.9 67.8 3.2 186.5 80
2021000108 0.228 -1.7 340.1 20.9 378.7 80
2021000108 0.227 0.1 52.3 498.4 354.5 17
2021000108 0.219 16.4 112.2 388.6 256.1 80
2021000108 0.218 0.6 42.5 9.1 343.1 80
2021000108 0.217 0.5 1.8 4.4 83.3 80
2021000108 0.214 353.4 214.6 431.3 262.3 80
2021000108 0.206 0.6 37.9 7.0 245.5 80
2021000108 0.205 -3.3 37.6 31.0 348.7 80
2021000108 0.199 0.8 82.8 499.4 376.7 17
2021000108 0.192 -8.8 127.2 215.6 263.9 80
2021000108 0.174 5.7 75.8 171.5 364.5 80
2021000108 0.172 189.0 153.5 504.9 242.0 80
2021000108 0.170 314.3 137.2 497.5 238.4 80
2021000108 0.161 120.2 362.8 372.9 376.8 80
2021000108 0.160 479.1 283.1 506.6 364.1 80
2021000108 0.160 -0.9 175.6 36.6 382.4 80
2021000108 0.152 162.1 295.4 387.2 378.4 80
2021000108 0.150 46.1 182.4 190.8 276.3 80
2021000108 0.150 329.3 158.2 498.4 368.8 80
2021000108 0.150 43.9 196.0 164.4 267.7 80
2021000108 0.150 88.5 290.4 352.6 377.0 80
2021000108 0.149 132.0 348.6 342.9 376.5 80
2021000108 0.146 283.2 327.4 426.0 373.6 80
2021000108 0.145 10.3 252.6 296.3 378.6 80
2021000108 0.144 344.3 129.5 519.3 264.8 80
2021000108 0.144 -1.5 57.9 466.0 260.8 17
2021000108 0.141 28.4 164.0 388.9 332.7 80
2021000108 0.138 -3.9 170.9 208.5 352.0 80
2021000108 0.138 30.9 150.9 204.1 241.2 80
2021000108 0.136 52.6 115.5 455.2 258.7 80
2021000108 0.135 27.1 142.9 405.9 255.6 80
2021000108 0.135 21.2 195.7 342.8 349.5 80
2021000108 0.134 83.1 185.7 424.6 337.0 80
2021000108 0.134 25.9 152.2 228.4 312.2 80
2021000108 0.133 207.9 185.5 487.9 326.8 80
2021000108 0.131 202.6 191.7 301.4 245.9 80
2021000108 0.129 16.7 335.8 105.8 373.8 80
2021000108 0.128 -2.7 102.0 201.5 266.8 80
2021000108 0.127 66.7 148.6 402.7 297.2 80
2021000108 0.127 255.4 351.6 376.5 376.3 80
2021000108 0.126 48.5 356.7 169.1 378.3 80
2021000108 0.126 418.1 99.3 519.3 232.5 80
2021000108 0.126 33.4 137.3 357.5 270.9 80
2021000108 0.125 341.2 355.0 445.4 379.5 80
2021000108 0.123 41.0 162.9 267.9 273.6 80
2021000108 0.122 31.1 193.4 107.5 252.9 80
2021000108 0.120 403.1 341.6 493.4 372.9 80
2021000108 0.120 120.8 157.5 198.4 209.5 80
2021000108 0.120 84.1 135.6 161.2 186.3 80
2021000108 0.119 115.3 353.3 232.7 376.9 80
2021000108 0.113 -35.2 38.5 99.5 92.4 80
2021000108 0.109 153.0 67.2 534.7 158.4 80
2021000108 0.109 -82.2 44.3 273.5 110.8 80
2021000108 0.108 227.3 56.6 563.5 150.0 80
2021000108 0.107 52.9 24.1 519.2 98.9 80
2021000108 0.105 255.5 24.2 623.0 104.8 80
2021000108 0.105 -48.1 0.3 447.5 50.3 80
2021000108 0.103 -0.6 1.6 497.6 34.2 80
2021000108 0.102 74.1 -0.2 572.8 32.0 80
2021000108 0.097 126.4 -2.5 625.3 25.2 80
2021000108 0.096 -39.0 -3.1 98.7 21.8 80
2021000108 0.095 -183.9 -0.7 314.9 23.0 80
2021000108 0.093 -139.0 -1.4 359.1 23.3 80
2021000108 0.093 -90.6 -1.7 408.3 23.3 80
2021000108 0.702 -9.2 65.3 281.4 327.0 80
2021000108 0.691 441.9 63.6 501.3 266.3 80
2021000108 0.683 48.4 62.0 480.2 265.7 80
2021000108 0.683 4.5 59.3 431.5 312.2 80
2021000108 0.679 320.4 132.0 496.5 248.3 80
2021000108 0.664 110.8 56.1 499.2 315.7 80
2021000108 0.661 309.4 131.8 496.2 270.9 80
2021000108 0.660 58.6 92.5 479.5 367.5 80
2021000108 0.656 -2.7 102.0 201.5 266.8 11
2021000108 0.650 314.3 137.2 497.5 238.4 11
2021000108 0.649 385.5 84.4 499.8 263.1 80
2021000108 0.637 85.8 86.2 496.7 264.9 80
2021000108 0.630 322.8 138.0 488.8 220.1 80
2021000108 0.623 467.2 337.3 501.2 376.5 80
2021000108 0.623 88.5 128.0 480.5 365.6 80
2021000108 0.587 10.2 57.9 457.6 262.5 80
2021000108 0.585 2.3 132.0 485.0 380.8 80
2021000108 0.580 -8.2 66.0 414.4 262.1 80
2021000108 0.526 496.9 64.3 500.2 194.5 80
2021000108 0.524 144.4 128.9 499.1 264.8 80
2021000108 0.519 -1.5 57.9 466.0 260.8 80
2021000108 0.517 496.4 108.1 500.2 251.8 80
2021000108 0.497 296.3 134.2 467.2 228.3 80
2021000108 0.484 0.8 82.8 499.4 376.7 80
2021000108 0.474 482.2 50.0 502.7 312.6 80
2021000108 0.474 1.1 222.3 7.0 362.0 80
2021000108 0.431 0.1 52.3 498.4 354.5 80
2021000108 0.406 324.8 131.4 509.6 281.3 80
2021000108 0.403 0.1 58.8 499.0 374.0 17
2021000108 0.393 276.8 141.6 506.6 249.6 80
2021000108 0.384 498.4 175.9 500.2 296.8 80
2021000108 0.382 -7.7 99.0 209.7 257.2 80
2021000108 0.345 1.0 119.8 3.9 301.8 80
2021000108 0.281 75.2 74.8 505.4 255.5 80
2021000108 0.270 0.1 58.8 499.0 374.0 80
2021000108 0.263 0.9 67.8 3.2 186.5 80
2021000108 0.228 -1.7 340.1 20.9 378.7 80
2021000108 0.227 0.1 52.3 498.4 354.5 17
2021000108 0.219 16.4 112.2 388.6 256.1 80
2021000108 0.218 0.6 42.5 9.1 343.1 80
2021000108 0.217 0.5 1.8 4.4 83.3 80
2021000108 0.214 353.4 214.6 431.3 262.3 80
2021000108 0.206 0.6 37.9 7.0 245.5 80
2021000108 0.205 -3.3 37.6 31.0 348.7 80
2021000108 0.199 0.8 82.8 499.4 376.7 17
2021000108 0.192 -8.8 127.2 215.6 263.9 80
2021000108 0.174 5.7 75.8 171.5 364.5 80
2021000108 0.172 189.0 153.5 504.9 242.0 80
2021000108 0.170 314.3 137.2 497.5 238.4 80
2021000108 0.161 120.2 362.8 372.9 376.8 80
2021000108 0.160 479.1 283.1 506.6 364.1 80
2021000108 0.160 -0.9 175.6 36.6 382.4 80
2021000108 0.152 162.1 295.4 387.2 378.4 80
2021000108 0.150 46.1 182.4 190.8 276.3 80
2021000108 0.150 329.3 158.2 498.4 368.8 80
2021000108 0.150 43.9 196.0 164.4 267.7 80
2021000108 0.150 88.5 290.4 352.6 377.0 80
2021000108 0.149 132.0 348.6 342.9 376.5 80
2021000108 0.146 283.2 327.4 426.0 373.6 80
2021000108 0.145 10.3 252.6 296.3 378.6 80
2021000108 0.144 344.3 129.5 519.3 264.8 80
2021000108 0.144 -1.5 57.9 466.0 260.8 17
2021000108 0.141 28.4 164.0 388.9 332.7 80
2021000108 0.138 -3.9 170.9 208.5 352.0 80
2021000108 0.138 30.9 150.9 204.1 241.2 80
2021000108 0.136 52.6 115.5 455.2 258.7 80
2021000108 0.135 27.1 142.9 405.9 255.6 80
2021000108 0.135 21.2 195.7 342.8 349.5 80
2021000108 0.134 83.1 185.7 424.6 337.0 80
2021000108 0.134 25.9 152.2 228.4 312.2 80
2021000108 0.133 207.9 185.5 487.9 326.8 80
2021000108 0.131 202.6 191.7 301.4 245.9 80
2021000108 0.129 16.7 335.8 105.8 373.8 80
2021000108 0.128 -2.7 102.0 201.5 266.8 80
2021000108 0.127 66.7 148.6 402.7 297.2 80
2021000108 0.127 255.4 351.6 376.5 376.3 80
2021000108 0.126 48.5 356.7 169.1 378.3 80
2021000108 0.126 418.1 99.3 519.3 232.5 80
2021000108 0.126 33.4 137.3 357.5 270.9 80
2021000108 0.125 341.2 355.0 445.4 379.5 80
2021000108 0.123 41.0 162.9 267.9 273.6 80
2021000108 0.122 31.1 193.4 107.5 252.9 80
2021000108 0.120 403.1 341.6 493.4 372.9 80
2021000108 0.120 120.8 157.5 198.4 209.5 80
2021000108 0.120 84.1 135.6 161.2 186.3 80
2021000108 0.119 115.3 353.3 232.7 376.9 80
2021000108 0.113 -35.2 38.5 99.5 92.4 80
2021000108 0.109 153.0 67.2 534.7 158.4 80
2021000108 0.109 -82.2 44.3 273.5 110.8 80
2021000108 0.108 227.3 56.6 563.5 150.0 80
2021000108 0.107 52.9 24.1 519.2 98.9 80
2021000108 0.105 255.5 24.2 623.0 104.8 80
2021000108 0.105 -48.1 0.3 447.5 50.3 80
2021000108 0.103 -0.6 1.6 497.6 34.2 80
2021000108 0.102 74.1 -0.2 572.8 32.0 80
2021000108 0.097 126.4 -2.5 625.3 25.2 80
2021000108 0.096 -39.0 -3.1 98.7 21.8 80
2021000108 0.095 -183.9 -0.7 314.9 23.0 80
2021000108 0.093 -139.0 -1.4 359.1 23.3 80
2021000108 0.093 -90.6 -1.7 408.3 23.3 80
2021000108 0.000 242.0 73.2 372.7 227.7 80
2021000108 0.000 0.9 43.1 103.5 247.8 80
2021000108 0.000 143.7 135.9 210.3 202.4 80
2021000108 0.000 211.4 111.8 275.3 178.0 80
2021000108 0.000 371.0 109.2 486.3 268.7 80
2021000108 0.000 255.8 137.9 317.1 204.5 80
2021000108 0.000 156.6 31.4 304.0 211.6 80
2021000108 0.000 45.5 217.8 107.4 288.9 80
2021000108 0.000 136.3 82.3 207.6 151.5 80
2021000108 0.000 81.5 117.6 146.9 186.5 80
2021000108 0.000 197.9 51.8 272.4 119.8 80
2021000108 0.000 453.6 128.4 499.6 211.2 80
2021000108 0.000 387.8 97.3 461.7 164.2 80
2021000108 0.000 348.6 145.3 411.0 211.1 80
2021000108 0.000 136.9 218.3 201.8 292.7 80
2021000108 0.000 19.5 26.1 206.5 194.8 80
2021000108 0.000 1.5 201.3 48.0 285.0 80
2021000108 0.000 297.9 170.7 359.9 236.2 80
2021000108 0.000 453.4 192.9 499.6 275.6 80
2021000108 0.000 356.3 197.7 415.7 265.7 80
2021000108 0.000 313.5 100.9 376.2 167.7 80
2021000108 0.000 323.9 8.3 496.6 191.8 80
2021000108 0.000 287.5 132.8 485.8 257.7 80
2021000108 0.000 205.6 160.1 267.3 225.4 80
2021000108 0.000 0.9 125.8 102.1 357.9 80
2021000108 0.000 33.3 127.4 166.8 276.8 80
2021000108 0.000 1.0 151.5 47.1 234.6 80
2021000108 0.000 89.9 187.8 149.8 253.9 80
2021000108 0.000 449.0 54.1 499.7 153.4 80
2021000108 0.000 117.9 161.9 233.2 316.5 80
2021000108 0.000 218.0 251.8 286.7 331.9 80
2021000108 0.000 149.3 172.2 210.8 237.6 80
2021000108 0.000 410.1 176.6 474.8 242.3 80
2021000108 0.000 27.0 155.1 94.9 220.9 80
2021000108 0.000 323.9 218.2 384.1 295.1 80
2021000108 0.000 202.7 116.7 319.1 275.9 80
2021000108 0.000 177.6 56.6 471.2 267.4 80
2021000108 0.000 252.3 124.0 366.8 347.9 80
2021000108 0.000 0.5 90.4 51.3 173.8 80
2021000108 0.000 0.7 22.0 51.8 106.0 80
2021000108 0.000 46.4 108.1 284.6 258.9 80
2021000108 0.000 101.1 50.5 245.1 317.1 80
2021000108 0.000 255.5 3.7 329.5 73.3 80
2021000108 0.000 322.9 47.5 406.2 116.3 80
2021000108 0.000 43.3 21.4 383.8 258.4 80
2021000108 0.000 0.6 249.6 58.3 369.8 80
2021000108 0.000 178.6 220.3 238.0 300.5 80
2021000108 0.000 442.7 245.1 499.6 368.5 80
2021000108 0.000 398.6 113.5 499.6 355.5 80
2021000108 0.000 10.6 10.6 491.5 199.6 80
2021000108 0.000 258.6 42.4 428.2 311.1 80
2021000108 0.000 90.0 16.9 408.1 364.6 80
2021000108 0.000 256.1 169.2 365.6 301.9 80
2021000108 0.000 -2.4 5.4 286.1 371.6 80
2021000108 0.000 8.1 89.0 229.6 370.1 80
2021000108 0.000 0.7 22.9 146.6 363.6 80
2021000108 0.000 213.1 6.1 497.0 372.7 80
2021000108 0.000 131.2 78.4 368.1 365.5 80
2021000108 0.000 156.2 201.7 351.1 369.4 80
2021000108 0.000 170.3 106.4 310.3 353.3 80
2021000108 0.000 153.4 21.0 355.4 360.9 80
2021000108 0.000 357.6 18.1 500.9 361.1 80
2021000108 0.000 68.8 68.1 447.4 321.4 80
2021000108 0.000 177.0 8.2 417.9 127.1 80
2021000108 0.000 43.6 254.9 289.5 373.6 80
2021000108 0.000 2.3 68.4 366.1 369.3 80
2021000108 0.000 5.1 279.1 130.5 374.3 80
2021000108 0.000 12.0 183.0 185.2 365.8 80
2021000108 0.000 305.3 180.1 482.3 365.0 80
2021000108 0.000 220.0 199.0 278.3 264.7 80
2021000108 0.000 24.3 146.3 338.1 364.6 80
2021000108 0.000 2.5 1.3 412.8 373.0 80
2021000108 0.000 150.8 131.3 355.6 228.6 80
2021000108 0.000 274.3 86.1 490.6 373.1 80
2021000108 0.000 3.0 228.5 496.0 374.4 80
2021000108 0.000 220.7 257.3 474.7 373.5 80
2021000108 0.000 84.5 1.1 496.2 372.9 80
2021000108 0.000 158.6 67.8 495.0 371.2 80
2021000108 0.000 157.9 150.5 463.3 364.9 80
2021000108 0.000 362.6 245.1 494.3 368.9 80
2021000108 0.000 44.4 60.6 117.3 136.8 80
2021000108 0.000 129.9 101.9 365.9 294.0 80
2021000108 0.000 22.3 43.4 477.5 366.6 80
2021000108 0.000 60.2 142.4 409.5 272.0 80
2021000108 0.000 0.4 100.8 499.0 366.5 80
2021000108 0.000 244.0 202.0 298.7 273.9 80
2021000108 0.000 12.6 94.7 489.8 271.8 80
2021000108 0.000 0.8 0.3 499.7 373.9 80
2021000108 0.000 1.3 18.3 498.9 309.8 80
2021000108 0.000 286.3 250.3 340.8 319.0 80
2021000108 0.000 424.2 6.2 498.9 85.7 80
2021000108 0.000 12.6 94.7 489.8 271.8 0
2021000108 0.000 0.8 0.3 499.7 373.9 7
2021000108 0.000 8.1 89.0 229.6 370.1 14
2021000108 0.000 258.6 42.4 428.2 311.1 14
2021000108 0.000 101.1 50.5 245.1 317.1 14
2021000108 0.000 170.3 106.4 310.3 353.3 14
2021000108 0.000 274.3 86.1 490.6 373.1 14
2021000108 0.000 153.4 21.0 355.4 360.9 14
2021000108 0.000 213.1 6.1 497.0 372.7 14
