2021002968 0.703 179.4 133.8 375.9 278.3 2
2021002968 0.655 185.0 136.3 362.5 274.1 80
2021002968 0.654 466.6 345.2 498.8 373.5 80
2021002968 0.538 494.7 155.5 500.3 250.5 80
2021002968 0.505 167.7 140.6 389.6 278.0 80
2021002968 0.495 496.3 222.0 500.4 322.3 80
2021002968 0.489 178.8 130.1 367.7 269.0 80
2021002968 0.468 497.2 66.0 500.4 153.5 80
2021002968 0.449 151.4 146.9 398.9 271.7 80
2021002968 0.327 187.9 148.8 365.5 260.3 80
2021002968 0.278 498.7 66.2 500.2 233.1 80
2021002968 0.267 497.9 106.6 500.4 321.0 80
2021002968 0.257 215.4 190.0 286.9 242.8 80
2021002968 0.227 0.7 210.8 3.9 338.0 80
2021002968 0.223 0.6 124.4 3.1 244.5 80
2021002968 0.223 135.8 363.3 400.2 377.2 80
2021002968 0.216 0.3 49.8 3.5 148.6 80
2021002968 0.216 0.2 4.4 5.1 77.2 80
2021002968 0.207 494.2 64.4 501.0 364.0 80
2021002968 0.205 0.8 48.2 7.5 231.9 80
2021002968 0.203 0.8 72.7 8.8 333.3 80
2021002968 0.200 162.9 168.7 349.0 265.5 80
2021002968 0.187 -2.4 328.8 23.0 380.9 80
2021002968 0.185 338.8 363.7 472.4 377.0 80
2021002968 0.181 248.9 215.5 287.4 247.6 80
2021002968 0.180 207.0 207.8 240.6 237.0 80
2021002968 0.174 0.8 54.7 21.2 325.3 80
2021002968 0.173 215.7 237.6 274.6 292.0 80
2021002968 0.172 462.7 101.4 503.3 358.8 80
2021002968 0.172 0.9 199.5 26.8 371.8 80
2021002968 0.164 475.5 300.8 508.1 365.8 80
2021002968 0.163 193.0 157.3 412.9 268.8 80
2021002968 0.159 42.8 364.0 172.7 376.9 80
2021002968 0.149 332.4 212.4 504.5 366.2 80
2021002968 0.145 348.6 101.6 508.7 339.0 80
2021002968 0.143 69.4 328.7 199.2 372.8 80
2021002968 0.141 13.6 215.3 177.9 365.8 80
2021002968 0.141 301.8 340.3 428.6 371.7 80
2021002968 0.140 160.2 354.5 328.9 375.3 80
2021002968 0.139 277.9 237.5 340.0 283.4 80
2021002968 0.138 4.5 100.2 72.4 362.1 80
2021002968 0.138 194.8 202.6 430.3 330.8 80
2021002968 0.137 63.0 216.6 287.5 348.5 80
2021002968 0.137 128.1 228.0 384.1 354.2 80
2021002968 0.137 242.4 232.8 287.9 267.5 80
2021002968 0.136 277.9 233.7 325.0 270.8 80
2021002968 0.136 145.3 327.3 275.6 369.5 80
2021002968 0.136 110.7 358.0 225.4 377.0 80
2021002968 0.134 210.2 327.2 333.9 369.9 80
2021002968 0.134 182.2 238.0 223.1 271.4 80
2021002968 0.134 259.5 164.2 501.5 296.8 80
2021002968 0.133 229.0 196.6 473.7 327.4 80
2021002968 0.133 137.9 200.1 376.2 321.7 80
2021002968 0.132 261.2 355.9 386.4 375.7 80
2021002968 0.132 16.9 343.2 98.5 372.9 80
2021002968 0.132 212.4 137.7 422.5 241.6 80
2021002968 0.132 435.1 206.4 481.8 316.6 80
2021002968 0.130 401.0 348.7 495.4 373.0 80
2021002968 0.129 80.1 195.9 331.4 316.2 80
2021002968 0.128 28.1 183.5 241.9 317.8 80
2021002968 0.128 145.6 257.4 195.5 297.4 80
2021002968 0.125 20.1 143.0 182.7 303.3 80
2021002968 0.123 42.7 241.8 87.3 291.1 80
2021002968 0.123 93.2 253.5 141.0 294.3 80
2021002968 0.122 51.0 172.9 268.2 286.9 80
2021002968 0.122 278.2 131.1 504.7 242.7 80
2021002968 0.121 135.5 146.9 368.6 238.1 80
2021002968 0.121 116.0 205.6 172.8 250.2 80
2021002968 0.120 93.2 167.0 294.8 240.5 80
2021002968 0.119 329.7 187.0 397.8 237.5 80
2021002968 0.116 249.9 180.4 400.0 250.7 80
2021002968 0.116 47.2 177.3 153.1 229.4 80
2021002968 0.115 136.3 216.6 281.4 274.6 80
2021002968 0.114 59.3 170.7 188.0 257.6 80
2021002968 0.112 -27.7 109.5 148.3 169.4 80
2021002968 0.111 278.0 105.7 557.2 183.0 80
2021002968 0.111 50.1 74.3 307.8 136.7 80
2021002968 0.111 -93.6 27.0 170.0 74.0 80
2021002968 0.108 -66.9 13.8 354.6 60.6 80
2021002968 0.108 80.3 11.1 515.2 75.1 80
2021002968 0.108 166.4 37.9 546.9 107.1 80
2021002968 0.107 -126.2 11.4 318.4 51.0 80
2021002968 0.107 381.2 73.2 555.1 153.1 80
2021002968 0.105 180.9 9.5 639.3 49.7 80
2021002968 0.105 2.4 1.1 496.6 35.8 80
2021002968 0.101 -46.2 0.4 452.8 26.9 80
2021002968 0.100 194.6 5.8 692.7 31.9 80
2021002968 0.100 258.3 9.2 703.1 38.6 80
2021002968 0.099 73.4 -0.4 572.4 25.5 80
2021002968 0.095 -131.4 -2.9 194.1 22.1 80
2021002968 0.093 -185.4 1.2 313.3 24.3 80
2021002968 0.093 -139.4 -0.6 359.3 23.1 80
2021002968 0.093 -92.6 0.2 406.2 24.3 80
2021002968 0.092 -38.7 -2.3 460.3 21.6 80
2021002968 0.092 155.4 -0.4 654.3 24.5 80
2021002968 0.092 20.7 -2.6 519.7 22.5 80
2021002968 0.091 81.0 -2.6 580.0 21.3 80
2021002968 0.091 201.6 -0.3 700.6 23.6 80
2021002968 0.091 120.1 1.0 619.1 26.2 80
2021002968 0.090 234.1 1.7 732.7 26.0 80
2021002968 0.703 179.4 133.8 375.9 278.3 2
2021002968 0.655 185.0 136.3 362.5 274.1 80
2021002968 0.654 466.6 345.2 498.8 373.5 80
2021002968 0.538 494.7 155.5 500.3 250.5 80
2021002968 0.505 167.7 140.6 389.6 278.0 80
2021002968 0.495 496.3 222.0 500.4 322.3 80
2021002968 0.489 178.8 130.1 367.7 269.0 80
2021002968 0.468 497.2 66.0 500.4 153.5 80
2021002968 0.449 151.4 146.9 398.9 271.7 80
2021002968 0.327 187.9 148.8 365.5 260.3 80
2021002968 0.278 498.7 66.2 500.2 233.1 80
2021002968 0.267 497.9 106.6 500.4 321.0 80
2021002968 0.257 215.4 190.0 286.9 242.8 80
2021002968 0.227 0.7 210.8 3.9 338.0 80
2021002968 0.223 0.6 124.4 3.1 244.5 80
2021002968 0.223 135.8 363.3 400.2 377.2 80
2021002968 0.216 0.3 49.8 3.5 148.6 80
2021002968 0.216 0.2 4.4 5.1 77.2 80
2021002968 0.207 494.2 64.4 501.0 364.0 80
2021002968 0.205 0.8 48.2 7.5 231.9 80
2021002968 0.203 0.8 72.7 8.8 333.3 80
2021002968 0.200 162.9 168.7 349.0 265.5 80
2021002968 0.187 -2.4 328.8 23.0 380.9 80
2021002968 0.185 338.8 363.7 472.4 377.0 80
2021002968 0.181 248.9 215.5 287.4 247.6 80
2021002968 0.180 207.0 207.8 240.6 237.0 80
2021002968 0.174 0.8 54.7 21.2 325.3 80
2021002968 0.173 215.7 237.6 274.6 292.0 80
2021002968 0.172 462.7 101.4 503.3 358.8 80
2021002968 0.172 0.9 199.5 26.8 371.8 80
2021002968 0.164 475.5 300.8 508.1 365.8 80
2021002968 0.163 193.0 157.3 412.9 268.8 80
2021002968 0.159 42.8 364.0 172.7 376.9 80
2021002968 0.149 332.4 212.4 504.5 366.2 80
2021002968 0.145 348.6 101.6 508.7 339.0 80
2021002968 0.143 69.4 328.7 199.2 372.8 80
2021002968 0.141 13.6 215.3 177.9 365.8 80
2021002968 0.141 301.8 340.3 428.6 371.7 80
2021002968 0.140 160.2 354.5 328.9 375.3 80
2021002968 0.139 277.9 237.5 340.0 283.4 80
2021002968 0.138 4.5 100.2 72.4 362.1 80
2021002968 0.138 194.8 202.6 430.3 330.8 80
2021002968 0.137 63.0 216.6 287.5 348.5 80
2021002968 0.137 128.1 228.0 384.1 354.2 80
2021002968 0.137 242.4 232.8 287.9 267.5 80
2021002968 0.136 277.9 233.7 325.0 270.8 80
2021002968 0.136 145.3 327.3 275.6 369.5 80
2021002968 0.136 110.7 358.0 225.4 377.0 80
2021002968 0.134 210.2 327.2 333.9 369.9 80
2021002968 0.134 182.2 238.0 223.1 271.4 80
2021002968 0.134 259.5 164.2 501.5 296.8 80
2021002968 0.133 229.0 196.6 473.7 327.4 80
2021002968 0.133 137.9 200.1 376.2 321.7 80
2021002968 0.132 261.2 355.9 386.4 375.7 80
2021002968 0.132 16.9 343.2 98.5 372.9 80
2021002968 0.132 212.4 137.7 422.5 241.6 80
2021002968 0.132 435.1 206.4 481.8 316.6 80
2021002968 0.130 401.0 348.7 495.4 373.0 80
2021002968 0.129 80.1 195.9 331.4 316.2 80
2021002968 0.128 28.1 183.5 241.9 317.8 80
2021002968 0.128 145.6 257.4 195.5 297.4 80
2021002968 0.125 20.1 143.0 182.7 303.3 80
2021002968 0.123 42.7 241.8 87.3 291.1 80
2021002968 0.123 93.2 253.5 141.0 294.3 80
2021002968 0.122 51.0 172.9 268.2 286.9 80
2021002968 0.122 278.2 131.1 504.7 242.7 80
2021002968 0.121 135.5 146.9 368.6 238.1 80
2021002968 0.121 116.0 205.6 172.8 250.2 80
2021002968 0.120 93.2 167.0 294.8 240.5 80
2021002968 0.119 329.7 187.0 397.8 237.5 80
2021002968 0.116 249.9 180.4 400.0 250.7 80
2021002968 0.116 47.2 177.3 153.1 229.4 80
2021002968 0.115 136.3 216.6 281.4 274.6 80
2021002968 0.114 59.3 170.7 188.0 257.6 80
2021002968 0.112 -27.7 109.5 148.3 169.4 80
2021002968 0.111 278.0 105.7 557.2 183.0 80
2021002968 0.111 50.1 74.3 307.8 136.7 80
2021002968 0.111 -93.6 27.0 170.0 74.0 80
2021002968 0.108 -66.9 13.8 354.6 60.6 80
2021002968 0.108 80.3 11.1 515.2 75.1 80
2021002968 0.108 166.4 37.9 546.9 107.1 80
2021002968 0.107 -126.2 11.4 318.4 51.0 80
2021002968 0.107 381.2 73.2 555.1 153.1 80
2021002968 0.105 180.9 9.5 639.3 49.7 80
2021002968 0.105 2.4 1.1 496.6 35.8 80
2021002968 0.101 -46.2 0.4 452.8 26.9 80
2021002968 0.100 194.6 5.8 692.7 31.9 80
2021002968 0.100 258.3 9.2 703.1 38.6 80
2021002968 0.099 73.4 -0.4 572.4 25.5 80
2021002968 0.095 -131.4 -2.9 194.1 22.1 80
2021002968 0.093 -185.4 1.2 313.3 24.3 80
2021002968 0.093 -139.4 -0.6 359.3 23.1 80
2021002968 0.093 -92.6 0.2 406.2 24.3 80
2021002968 0.092 -38.7 -2.3 460.3 21.6 80
2021002968 0.092 155.4 -0.4 654.3 24.5 80
2021002968 0.092 20.7 -2.6 519.7 22.5 80
2021002968 0.091 81.0 -2.6 580.0 21.3 80
2021002968 0.091 201.6 -0.3 700.6 23.6 80
2021002968 0.091 120.1 1.0 619.1 26.2 80
2021002968 0.090 234.1 1.7 732.7 26.0 80
2021002968 0.000 242.0 73.2 372.7 227.7 80
2021002968 0.000 0.9 43.1 103.5 247.8 80
2021002968 0.000 143.7 135.9 210.3 202.4 80
2021002968 0.000 211.4 111.8 275.3 178.0 80
2021002968 0.000 371.0 109.2 486.3 268.7 80
2021002968 0.000 255.8 137.9 317.1 204.5 80
2021002968 0.000 156.6 31.4 304.0 211.6 80
2021002968 0.000 45.5 217.8 107.4 288.9 80
2021002968 0.000 136.3 82.3 207.6 151.5 80
2021002968 0.000 81.5 117.6 146.9 186.5 80
2021002968 0.000 197.9 51.8 272.4 119.8 80
2021002968 0.000 453.6 128.4 499.6 211.2 80
2021002968 0.000 387.8 97.3 461.7 164.2 80
2021002968 0.000 348.6 145.3 411.0 211.1 80
2021002968 0.000 136.9 218.3 201.8 292.7 80
2021002968 0.000 19.5 26.1 206.5 194.8 80
2021002968 0.000 1.5 201.3 48.0 285.0 80
2021002968 0.000 297.9 170.7 359.9 236.2 80
2021002968 0.000 453.4 192.9 499.6 275.6 80
2021002968 0.000 356.3 197.7 415.7 265.7 80
2021002968 0.000 313.5 100.9 376.2 167.7 80
2021002968 0.000 323.9 8.3 496.6 191.8 80
2021002968 0.000 287.5 132.8 485.8 257.7 80
2021002968 0.000 205.6 160.1 267.3 225.4 80
2021002968 0.000 0.9 125.8 102.1 357.9 80
2021002968 0.000 33.3 127.4 166.8 276.8 80
2021002968 0.000 1.0 151.5 47.1 234.6 80
2021002968 0.000 89.9 187.8 149.8 253.9 80
2021002968 0.000 449.0 54.1 499.7 153.4 80
2021002968 0.000 117.9 161.9 233.2 316.5 80
2021002968 0.000 218.0 251.8 286.7 331.9 80
2021002968 0.000 149.3 172.2 210.8 237.6 80
2021002968 0.000 410.1 176.6 474.8 242.3 80
2021002968 0.000 27.0 155.1 94.9 220.9 80
2021002968 0.000 323.9 218.2 384.1 295.1 80
2021002968 0.000 202.7 116.7 319.1 275.9 80
2021002968 0.000 177.6 56.6 471.2 267.4 80
2021002968 0.000 252.3 124.0 366.8 347.9 80
2021002968 0.000 0.5 90.4 51.3 173.8 80
2021002968 0.000 0.7 22.0 51.8 106.0 80
2021002968 0.000 46.4 108.1 284.6 258.9 80
2021002968 0.000 101.1 50.5 245.1 317.1 80
2021002968 0.000 255.5 3.7 329.5 73.3 80
2021002968 0.000 322.9 47.5 406.2 116.3 80
2021002968 0.000 43.3 21.4 383.8 258.4 80
2021002968 0.000 0.6 249.6 58.3 369.8 80
2021002968 0.000 178.6 220.3 238.0 300.5 80
2021002968 0.000 442.7 245.1 499.6 368.5 80
2021002968 0.000 398.6 113.5 499.6 355.5 80
2021002968 0.000 10.6 10.6 491.5 199.6 80
2021002968 0.000 258.6 42.4 428.2 311.1 80
2021002968 0.000 90.0 16.9 408.1 364.6 80
2021002968 0.000 256.1 169.2 365.6 301.9 80
2021002968 0.000 -2.4 5.4 286.1 371.6 80
2021002968 0.000 8.1 89.0 229.6 370.1 80
2021002968 0.000 0.7 22.9 146.6 363.6 80
2021002968 0.000 213.1 6.1 497.0 372.7 80
2021002968 0.000 131.2 78.4 368.1 365.5 80
2021002968 0.000 156.2 201.7 351.1 369.4 80
2021002968 0.000 170.3 106.4 310.3 353.3 80
2021002968 0.000 153.4 21.0 355.4 360.9 80
2021002968 0.000 357.6 18.1 500.9 361.1 80
2021002968 0.000 68.8 68.1 447.4 321.4 80
2021002968 0.000 177.0 8.2 417.9 127.1 80
2021002968 0.000 43.6 254.9 289.5 373.6 80
2021002968 0.000 2.3 68.4 366.1 369.3 80
2021002968 0.000 5.1 279.1 130.5 374.3 80
2021002968 0.000 12.0 183.0 185.2 365.8 80
2021002968 0.000 305.3 180.1 482.3 365.0 80
2021002968 0.000 220.0 199.0 278.3 264.7 80
2021002968 0.000 24.3 146.3 338.1 364.6 80
2021002968 0.000 2.5 1.3 412.8 373.0 80
2021002968 0.000 150.8 131.3 355.6 228.6 80
2021002968 0.000 274.3 86.1 490.6 373.1 80
2021002968 0.000 3.0 228.5 496.0 374.4 80
2021002968 0.000 220.7 257.3 474.7 373.5 80
2021002968 0.000 84.5 1.1 496.2 372.9 80
2021002968 0.000 158.6 67.8 495.0 371.2 80
2021002968 0.000 157.9 150.5 463.3 364.9 80
2021002968 0.000 362.6 245.1 494.3 368.9 80
2021002968 0.000 44.4 60.6 117.3 136.8 80
2021002968 0.000 129.9 101.9 365.9 294.0 80
2021002968 0.000 22.3 43.4 477.5 366.6 80
2021002968 0.000 60.2 142.4 409.5 272.0 80
2021002968 0.000 0.4 100.8 499.0 366.5 80
2021002968 0.000 244.0 202.0 298.7 273.9 80
2021002968 0.000 12.6 94.7 489.8 271.8 80
2021002968 0.000 0.8 0.3 499.7 373.9 80
2021002968 0.000 1.3 18.3 498.9 309.8 80
2021002968 0.000 286.3 250.3 340.8 319.0 80
2021002968 0.000 424.2 6.2 498.9 85.7 80
2021002968 0.000 12.6 94.7 489.8 271.8 0
2021002968 0.000 0.8 0.3 499.7 373.9 7
2021002968 0.000 8.1 89.0 229.6 370.1 14
2021002968 0.000 258.6 42.4 428.2 311.1 14
2021002968 0.000 101.1 50.5 245.1 317.1 14
2021002968 0.000 170.3 106.4 310.3 353.3 14
2021002968 0.000 274.3 86.1 490.6 373.1 14
2021002968 0.000 153.4 21.0 355.4 360.9 14
2021002968 0.000 213.1 6.1 497.0 372.7 14
