2021008034 0.722 166.5 118.5 224.8 197.5 80
2021008034 0.720 82.9 40.6 226.7 210.1 14
2021008034 0.715 331.1 89.6 407.1 217.7 80
2021008034 0.709 240.9 76.7 411.8 223.3 80
2021008034 0.708 237.8 42.5 406.4 228.1 14
2021008034 0.696 103.1 39.2 225.4 202.4 80
2021008034 0.685 48.7 89.1 226.4 204.9 13
2021008034 0.678 65.1 36.5 230.0 200.5 80
2021008034 0.670 208.7 55.7 421.8 234.5 80
2021008034 0.668 235.4 42.2 404.2 216.7 80
2021008034 0.667 153.2 33.4 248.1 102.5 80
2021008034 0.657 139.9 33.8 227.7 202.7 80
2021008034 0.656 73.1 50.8 428.8 219.4 80
2021008034 0.654 88.4 102.4 224.5 204.4 80
2021008034 0.647 246.3 46.1 403.9 210.6 80
2021008034 0.646 56.6 94.2 225.6 202.2 80
2021008034 0.646 303.7 43.2 409.9 154.3 80
2021008034 0.646 220.7 71.4 399.4 229.4 13
2021008034 0.645 467.0 304.0 498.6 331.1 80
2021008034 0.642 357.8 35.6 406.9 148.4 80
2021008034 0.636 221.0 97.6 391.4 226.1 80
2021008034 0.633 351.8 17.9 437.8 99.3 80
2021008034 0.630 399.4 39.3 434.3 90.0 80
2021008034 0.626 222.1 93.8 384.7 230.0 80
2021008034 0.623 80.2 15.9 423.4 274.7 80
2021008034 0.618 50.6 41.6 72.7 77.7 80
2021008034 0.616 31.6 61.9 282.8 212.1 80
2021008034 0.611 273.4 39.9 408.0 228.7 80
2021008034 0.599 298.8 45.1 405.0 116.3 80
2021008034 0.592 0.0 23.2 26.9 102.4 80
2021008034 0.589 54.5 41.1 70.4 75.5 80
2021008034 0.588 60.3 -3.6 410.7 184.2 80
2021008034 0.574 224.0 51.2 405.4 215.6 80
2021008034 0.567 52.3 101.6 225.9 209.8 80
2021008034 0.552 449.4 12.3 485.8 47.5 80
2021008034 0.537 92.6 6.8 443.5 104.8 80
2021008034 0.535 1.2 25.7 29.9 79.4 80
2021008034 0.523 3.8 21.3 28.6 70.1 80
2021008034 0.516 437.0 26.7 500.0 89.9 80
2021008034 0.515 295.1 113.6 402.8 216.0 80
2021008034 0.513 109.0 1.1 408.9 88.2 80
2021008034 0.489 494.9 24.3 501.1 81.0 80
2021008034 0.475 94.4 5.8 404.7 107.2 80
2021008034 0.461 497.3 102.9 500.1 222.4 80
2021008034 0.458 456.3 11.8 486.6 48.1 80
2021008034 0.442 42.3 65.9 246.4 197.5 80
2021008034 0.424 497.8 171.2 500.3 294.5 80
2021008034 0.412 99.1 98.7 375.9 195.5 80
2021008034 0.411 101.6 63.6 246.9 166.7 80
2021008034 0.408 0.9 20.7 29.8 79.8 80
2021008034 0.407 -2.0 28.8 22.7 141.6 80
2021008034 0.302 0.9 20.7 29.8 79.8 6
2021008034 0.266 497.2 28.2 500.5 297.4 80
2021008034 0.237 456.3 11.8 486.6 48.1 14
2021008034 0.216 94.4 5.8 404.7 107.2 5
2021008034 0.210 0.2 40.9 3.8 218.3 80
2021008034 0.209 -0.3 155.3 5.9 308.3 80
2021008034 0.206 -0.6 10.2 12.7 309.4 80
2021008034 0.183 16.7 134.8 260.0 217.5 80
2021008034 0.166 443.5 60.5 503.2 325.0 80
2021008034 0.159 -0.8 163.0 40.3 334.8 80
2021008034 0.158 468.2 255.1 510.6 325.9 80
2021008034 0.154 95.8 185.5 178.6 233.0 80
2021008034 0.153 114.0 151.2 179.0 208.7 80
2021008034 0.152 7.9 22.3 81.5 53.7 80
2021008034 0.150 -5.9 289.4 35.6 336.2 80
2021008034 0.145 183.8 319.2 324.9 333.3 80
2021008034 0.144 323.5 154.7 508.7 328.8 80
2021008034 0.143 206.7 161.7 419.1 258.6 80
2021008034 0.143 437.0 26.7 500.0 89.9 13
2021008034 0.142 109.0 1.1 408.9 88.2 5
2021008034 0.138 220.7 71.4 399.4 229.4 80
2021008034 0.138 85.3 184.5 252.5 242.5 80
2021008034 0.137 71.6 276.0 201.1 328.8 80
2021008034 0.136 2.4 165.1 200.0 319.1 80
2021008034 0.136 130.8 192.1 378.0 315.3 80
2021008034 0.135 57.4 165.8 288.0 301.7 80
2021008034 0.133 345.2 317.0 452.8 333.9 80
2021008034 0.133 2.8 81.7 86.8 318.5 80
2021008034 0.133 247.2 213.6 328.1 266.6 80
2021008034 0.132 308.8 292.3 422.5 327.0 80
2021008034 0.130 233.9 166.8 460.5 269.2 80
2021008034 0.130 471.3 13.0 515.5 67.9 80
2021008034 0.130 346.1 171.6 447.6 275.5 80
2021008034 0.129 141.7 173.1 365.5 288.2 80
2021008034 0.128 154.5 289.4 258.5 325.0 80
2021008034 0.127 146.0 149.4 205.6 204.4 80
2021008034 0.126 403.3 305.7 494.9 328.8 80
2021008034 0.125 219.0 284.8 327.3 324.4 80
2021008034 0.125 124.2 313.5 224.7 332.8 80
2021008034 0.124 273.4 39.9 408.0 228.7 14
2021008034 0.123 183.2 309.4 304.9 330.6 80
2021008034 0.122 22.2 296.6 100.2 327.4 80
2021008034 0.121 55.9 314.8 160.5 333.5 80
2021008034 0.121 269.2 309.4 379.4 331.7 80
2021008034 0.118 -6.3 105.1 59.0 198.8 80
2021008034 0.117 -2.6 158.5 228.2 222.5 80
2021008034 0.117 32.1 173.2 166.0 240.3 80
2021008034 0.113 48.7 89.1 226.4 204.9 80
2021008034 0.112 237.8 42.5 406.4 228.1 80
2021008034 0.722 166.5 118.5 224.8 197.5 80
2021008034 0.720 82.9 40.6 226.7 210.1 14
2021008034 0.715 331.1 89.6 407.1 217.7 80
2021008034 0.709 240.9 76.7 411.8 223.3 80
2021008034 0.708 237.8 42.5 406.4 228.1 14
2021008034 0.696 103.1 39.2 225.4 202.4 80
2021008034 0.685 48.7 89.1 226.4 204.9 13
2021008034 0.678 65.1 36.5 230.0 200.5 80
2021008034 0.670 208.7 55.7 421.8 234.5 80
2021008034 0.668 235.4 42.2 404.2 216.7 80
2021008034 0.667 153.2 33.4 248.1 102.5 80
2021008034 0.657 139.9 33.8 227.7 202.7 80
2021008034 0.656 73.1 50.8 428.8 219.4 80
2021008034 0.654 88.4 102.4 224.5 204.4 80
2021008034 0.647 246.3 46.1 403.9 210.6 80
2021008034 0.646 56.6 94.2 225.6 202.2 80
2021008034 0.646 303.7 43.2 409.9 154.3 80
2021008034 0.646 220.7 71.4 399.4 229.4 13
2021008034 0.645 467.0 304.0 498.6 331.1 80
2021008034 0.642 357.8 35.6 406.9 148.4 80
2021008034 0.636 221.0 97.6 391.4 226.1 80
2021008034 0.633 351.8 17.9 437.8 99.3 80
2021008034 0.630 399.4 39.3 434.3 90.0 80
2021008034 0.626 222.1 93.8 384.7 230.0 80
2021008034 0.623 80.2 15.9 423.4 274.7 80
2021008034 0.618 50.6 41.6 72.7 77.7 80
2021008034 0.616 31.6 61.9 282.8 212.1 80
2021008034 0.611 273.4 39.9 408.0 228.7 80
2021008034 0.599 298.8 45.1 405.0 116.3 80
2021008034 0.592 0.0 23.2 26.9 102.4 80
2021008034 0.589 54.5 41.1 70.4 75.5 80
2021008034 0.588 60.3 -3.6 410.7 184.2 80
2021008034 0.574 224.0 51.2 405.4 215.6 80
2021008034 0.567 52.3 101.6 225.9 209.8 80
2021008034 0.552 449.4 12.3 485.8 47.5 80
2021008034 0.537 92.6 6.8 443.5 104.8 80
2021008034 0.535 1.2 25.7 29.9 79.4 80
2021008034 0.523 3.8 21.3 28.6 70.1 80
2021008034 0.516 437.0 26.7 500.0 89.9 80
2021008034 0.515 295.1 113.6 402.8 216.0 80
2021008034 0.513 109.0 1.1 408.9 88.2 80
2021008034 0.489 494.9 24.3 501.1 81.0 80
2021008034 0.475 94.4 5.8 404.7 107.2 80
2021008034 0.461 497.3 102.9 500.1 222.4 80
2021008034 0.458 456.3 11.8 486.6 48.1 80
2021008034 0.442 42.3 65.9 246.4 197.5 80
2021008034 0.424 497.8 171.2 500.3 294.5 80
2021008034 0.412 99.1 98.7 375.9 195.5 80
2021008034 0.411 101.6 63.6 246.9 166.7 80
2021008034 0.408 0.9 20.7 29.8 79.8 80
2021008034 0.407 -2.0 28.8 22.7 141.6 80
2021008034 0.302 0.9 20.7 29.8 79.8 6
2021008034 0.266 497.2 28.2 500.5 297.4 80
2021008034 0.237 456.3 11.8 486.6 48.1 14
2021008034 0.216 94.4 5.8 404.7 107.2 5
2021008034 0.210 0.2 40.9 3.8 218.3 80
2021008034 0.209 -0.3 155.3 5.9 308.3 80
2021008034 0.206 -0.6 10.2 12.7 309.4 80
2021008034 0.183 16.7 134.8 260.0 217.5 80
2021008034 0.166 443.5 60.5 503.2 325.0 80
2021008034 0.159 -0.8 163.0 40.3 334.8 80
2021008034 0.158 468.2 255.1 510.6 325.9 80
2021008034 0.154 95.8 185.5 178.6 233.0 80
2021008034 0.153 114.0 151.2 179.0 208.7 80
2021008034 0.152 7.9 22.3 81.5 53.7 80
2021008034 0.150 -5.9 289.4 35.6 336.2 80
2021008034 0.145 183.8 319.2 324.9 333.3 80
2021008034 0.144 323.5 154.7 508.7 328.8 80
2021008034 0.143 206.7 161.7 419.1 258.6 80
2021008034 0.143 437.0 26.7 500.0 89.9 13
2021008034 0.142 109.0 1.1 408.9 88.2 5
2021008034 0.138 220.7 71.4 399.4 229.4 80
2021008034 0.138 85.3 184.5 252.5 242.5 80
2021008034 0.137 71.6 276.0 201.1 328.8 80
2021008034 0.136 2.4 165.1 200.0 319.1 80
2021008034 0.136 130.8 192.1 378.0 315.3 80
2021008034 0.135 57.4 165.8 288.0 301.7 80
2021008034 0.133 345.2 317.0 452.8 333.9 80
2021008034 0.133 2.8 81.7 86.8 318.5 80
2021008034 0.133 247.2 213.6 328.1 266.6 80
2021008034 0.132 308.8 292.3 422.5 327.0 80
2021008034 0.130 233.9 166.8 460.5 269.2 80
2021008034 0.130 471.3 13.0 515.5 67.9 80
2021008034 0.130 346.1 171.6 447.6 275.5 80
2021008034 0.129 141.7 173.1 365.5 288.2 80
2021008034 0.128 154.5 289.4 258.5 325.0 80
2021008034 0.127 146.0 149.4 205.6 204.4 80
2021008034 0.126 403.3 305.7 494.9 328.8 80
2021008034 0.125 219.0 284.8 327.3 324.4 80
2021008034 0.125 124.2 313.5 224.7 332.8 80
2021008034 0.124 273.4 39.9 408.0 228.7 14
2021008034 0.123 183.2 309.4 304.9 330.6 80
2021008034 0.122 22.2 296.6 100.2 327.4 80
2021008034 0.121 55.9 314.8 160.5 333.5 80
2021008034 0.121 269.2 309.4 379.4 331.7 80
2021008034 0.118 -6.3 105.1 59.0 198.8 80
2021008034 0.117 -2.6 158.5 228.2 222.5 80
2021008034 0.117 32.1 173.2 166.0 240.3 80
2021008034 0.113 48.7 89.1 226.4 204.9 80
2021008034 0.112 237.8 42.5 406.4 228.1 80
2021008034 0.000 0.8 39.4 103.7 218.6 80
2021008034 0.000 245.1 64.2 370.2 201.9 80
2021008034 0.000 203.1 44.1 266.1 106.0 80
2021008034 0.000 256.6 122.9 316.4 181.8 80
2021008034 0.000 372.7 96.7 484.8 237.3 80
2021008034 0.000 45.9 192.4 106.8 255.3 80
2021008034 0.000 83.8 105.1 144.8 166.6 80
2021008034 0.000 133.1 93.0 218.1 192.8 80
2021008034 0.000 390.5 85.2 458.7 144.3 80
2021008034 0.000 453.6 113.7 499.6 186.4 80
2021008034 0.000 213.4 101.1 273.6 160.1 80
2021008034 0.000 141.4 72.8 202.4 135.7 80
2021008034 0.000 22.0 26.2 202.7 172.9 80
2021008034 0.000 325.8 10.4 494.5 169.4 80
2021008034 0.000 1.5 178.0 48.0 251.5 80
2021008034 0.000 162.0 28.9 299.4 186.9 80
2021008034 0.000 349.9 129.6 409.9 187.8 80
2021008034 0.000 219.9 212.1 281.0 297.9 80
2021008034 0.000 90.6 166.7 149.2 225.3 80
2021008034 0.000 314.7 90.1 375.2 149.0 80
2021008034 0.000 357.4 175.7 415.0 234.9 80
2021008034 0.000 32.4 112.4 167.8 244.2 80
2021008034 0.000 1.0 133.9 47.1 206.9 80
2021008034 0.000 453.4 170.3 499.7 243.1 80
2021008034 0.000 0.5 111.3 102.1 315.9 80
2021008034 0.000 449.1 47.9 499.7 135.4 80
2021008034 0.000 259.7 2.5 324.6 65.4 80
2021008034 0.000 137.6 192.9 201.5 257.0 80
2021008034 0.000 298.6 151.7 359.4 209.3 80
2021008034 0.000 28.5 137.8 93.6 195.6 80
2021008034 0.000 255.4 111.4 363.3 307.6 80
2021008034 0.000 119.1 142.2 232.5 279.5 80
2021008034 0.000 149.8 152.8 210.5 210.4 80
2021008034 0.000 293.1 117.6 480.6 229.3 80
2021008034 0.000 325.6 193.4 382.1 261.0 80
2021008034 0.000 0.7 19.8 51.8 93.6 80
2021008034 0.000 219.9 175.7 278.2 234.1 80
2021008034 0.000 48.8 18.9 377.9 226.9 80
2021008034 0.000 410.2 155.9 474.8 213.7 80
2021008034 0.000 205.3 104.4 317.1 247.9 80
2021008034 0.000 0.7 220.4 58.3 326.6 80
2021008034 0.000 180.1 196.2 238.1 262.9 80
2021008034 0.000 177.0 50.9 471.7 235.4 80
2021008034 0.000 49.5 96.9 281.8 228.0 80
2021008034 0.000 325.8 41.2 402.7 102.8 80
2021008034 0.000 101.1 43.7 244.3 275.7 80
2021008034 0.000 0.3 80.2 51.5 153.3 80
2021008034 0.000 206.3 142.1 267.2 200.2 80
2021008034 0.000 442.7 216.1 499.6 325.5 80
2021008034 0.000 15.1 12.7 486.3 173.4 80
2021008034 0.000 398.5 98.3 499.4 313.9 80
2021008034 0.000 1.5 5.5 282.2 327.9 80
2021008034 0.000 94.9 13.9 401.8 323.0 80
2021008034 0.000 262.6 37.2 424.1 276.6 80
2021008034 0.000 189.1 7.2 402.0 119.7 80
2021008034 0.000 1.1 21.3 146.5 320.9 80
2021008034 0.000 212.9 5.6 497.4 329.0 80
2021008034 0.000 160.6 174.5 349.3 324.9 80
2021008034 0.000 159.4 24.8 350.2 314.3 80
2021008034 0.000 357.7 16.6 501.3 318.0 80
2021008034 0.000 11.5 79.4 225.9 326.5 80
2021008034 0.000 280.6 211.1 336.4 292.4 80
2021008034 0.000 171.4 93.4 308.9 312.2 80
2021008034 0.000 132.8 68.7 366.0 322.5 80
2021008034 0.000 257.5 147.2 363.0 270.5 80
2021008034 0.000 5.0 246.6 130.5 330.4 80
2021008034 0.000 306.3 159.6 481.9 322.0 80
2021008034 0.000 54.0 225.3 278.3 328.9 80
2021008034 0.000 11.7 161.7 185.3 322.9 80
2021008034 0.000 3.3 1.2 410.3 329.1 80
2021008034 0.000 8.2 202.2 491.3 329.4 80
2021008034 0.000 4.9 57.4 361.3 325.9 80
2021008034 0.000 223.1 226.5 472.3 329.4 80
2021008034 0.000 72.1 56.8 444.5 282.8 80
2021008034 0.000 34.1 130.3 327.0 320.3 80
2021008034 0.000 85.7 1.0 494.7 329.0 80
2021008034 0.000 278.1 76.8 486.3 329.0 80
2021008034 0.000 162.7 117.3 345.4 203.6 80
2021008034 0.000 244.5 178.3 298.1 241.2 80
2021008034 0.000 168.6 133.5 451.1 320.1 80
2021008034 0.000 362.2 216.9 494.6 325.4 80
2021008034 0.000 44.5 53.6 117.2 120.8 80
2021008034 0.000 160.2 58.4 492.6 327.1 80
2021008034 0.000 134.9 91.0 359.6 259.3 80
2021008034 0.000 67.7 126.5 402.2 240.0 80
2021008034 0.000 22.5 38.0 474.5 319.4 80
2021008034 0.000 0.6 88.8 498.5 321.8 80
2021008034 0.000 0.8 0.8 499.6 330.2 80
2021008034 0.000 17.2 84.7 483.8 238.6 80
2021008034 0.000 2.5 20.9 497.4 271.6 80
2021008034 0.000 424.3 5.5 498.8 75.5 80
2021008034 0.000 17.2 84.7 483.8 238.6 0
2021008034 0.000 262.6 37.2 424.1 276.6 14
2021008034 0.000 171.4 93.4 308.9 312.2 14
2021008034 0.000 101.1 43.7 244.3 275.7 14
2021008034 0.000 159.4 24.8 350.2 314.3 14
2021008034 0.000 11.5 79.4 225.9 326.5 14
2021008034 0.000 278.1 76.8 486.3 329.0 14
2021008034 0.000 132.8 68.7 366.0 322.5 14
2021008034 0.000 154.2 267.0 238.2 326.3 80
