2021000000365208 0.722 30.1 297.9 133.6 563.1 80
2021000000365208 0.710 36.1 345.5 274.5 625.4 80
2021000000365208 0.709 42.2 342.7 286.5 613.8 80
2021000000365208 0.707 35.5 288.8 150.4 413.7 80
2021000000365208 0.696 30.2 290.4 275.7 607.4 80
2021000000365208 0.689 34.6 297.0 277.2 617.8 80
2021000000365208 0.681 559.7 590.7 604.9 632.9 80
2021000000365208 0.681 27.8 291.3 303.1 611.3 80
2021000000365208 0.671 255.4 186.6 295.9 234.6 80
2021000000365208 0.670 36.9 434.6 86.9 539.7 80
2021000000365208 0.661 145.0 266.4 554.8 589.8 80
2021000000365208 0.660 292.3 313.0 345.4 334.2 80
2021000000365208 0.659 28.4 284.1 116.1 546.4 80
2021000000365208 0.626 4.8 249.7 595.8 606.0 80
2021000000365208 0.621 134.9 43.9 551.9 603.2 80
2021000000365208 0.613 144.6 6.2 494.3 602.9 80
2021000000365208 0.612 2.3 -0.1 602.4 638.6 80
2021000000365208 0.612 138.2 -19.0 445.0 613.4 80
2021000000365208 0.611 144.3 30.9 409.0 493.7 80
2021000000365208 0.610 167.7 293.6 554.8 574.9 80
2021000000365208 0.604 104.1 10.4 545.6 562.7 80
2021000000365208 0.589 140.0 -3.7 554.0 606.4 80
2021000000365208 0.550 598.2 406.5 603.4 510.0 80
2021000000365208 0.545 26.5 293.4 292.4 616.8 80
2021000000365208 0.538 598.0 280.4 603.5 396.4 80
2021000000365208 0.533 598.4 124.5 603.6 230.8 80
2021000000365208 0.501 108.3 -13.0 573.3 620.9 80
2021000000365208 0.417 21.8 -0.6 274.1 638.2 80
2021000000365208 0.358 47.8 -11.6 415.0 625.5 80
2021000000365208 0.326 600.8 122.0 603.0 373.8 80
2021000000365208 0.294 314.9 321.7 552.8 519.9 80
2021000000365208 0.288 600.9 220.4 603.1 507.6 80
2021000000365208 0.250 599.4 45.7 603.3 549.2 80
2021000000365208 0.250 0.6 226.4 3.8 438.8 80
2021000000365208 0.241 0.3 134.8 10.6 583.8 80
2021000000365208 0.236 0.4 40.1 8.3 447.6 80
2021000000365208 0.231 79.0 612.4 543.5 640.0 80
2021000000365208 0.230 0.4 347.3 4.7 567.7 80
2021000000365208 0.227 0.4 86.6 3.9 270.3 80
2021000000365208 0.224 0.4 8.2 5.0 140.6 80
2021000000365208 0.219 108.3 -13.0 573.3 620.9 3
2021000000365208 0.198 581.2 521.5 609.4 623.7 80
2021000000365208 0.198 585.6 139.7 603.7 629.0 80
2021000000365208 0.194 136.8 624.0 490.2 641.5 80
2021000000365208 0.187 -2.0 521.3 20.3 654.2 80
2021000000365208 0.172 387.5 620.7 572.4 643.1 80
2021000000365208 0.159 221.3 355.2 340.3 501.7 80
2021000000365208 0.156 339.9 576.0 538.0 639.7 80
2021000000365208 0.151 509.3 72.9 596.4 550.4 80
2021000000365208 0.148 144.7 530.0 342.0 641.0 80
2021000000365208 0.148 219.6 552.5 441.7 640.9 80
2021000000365208 0.144 400.5 340.0 609.6 624.5 80
2021000000365208 0.143 479.1 600.1 600.2 637.9 80
2021000000365208 0.139 208.7 357.4 543.2 568.9 80
2021000000365208 0.137 113.0 395.1 497.4 594.5 80
2021000000365208 0.136 51.0 415.9 97.5 475.3 80
2021000000365208 0.136 151.5 273.2 422.3 518.3 80
2021000000365208 0.136 13.9 577.7 134.8 641.6 80
2021000000365208 0.134 47.2 611.8 202.0 644.8 80
2021000000365208 0.133 271.1 345.9 570.3 558.1 80
2021000000365208 0.132 307.6 607.8 472.6 640.5 80
2021000000365208 0.132 65.1 110.5 334.4 519.1 80
2021000000365208 0.132 97.8 345.2 373.7 549.5 80
2021000000365208 0.131 98.4 421.5 148.0 481.5 80
2021000000365208 0.131 123.7 606.7 274.7 643.5 80
2021000000365208 0.131 150.3 355.8 462.6 560.8 80
2021000000365208 0.130 97.9 233.3 375.9 500.7 80
2021000000365208 0.129 214.4 364.2 306.6 526.7 80
2021000000365208 0.128 393.2 278.3 609.5 503.6 80
2021000000365208 0.123 281.2 209.5 555.4 448.7 80
2021000000365208 0.123 323.4 412.1 412.6 495.4 80
2021000000365208 0.123 363.8 201.9 580.7 441.8 80
2021000000365208 0.122 141.9 361.0 224.7 477.1 80
2021000000365208 0.116 81.0 385.4 242.6 515.0 80
2021000000365208 0.115 268.7 268.9 415.3 416.0 80
2021000000365208 0.115 126.3 90.5 428.6 265.1 80
2021000000365208 0.114 -36.5 66.5 108.5 159.9 80
2021000000365208 0.111 253.5 206.1 606.7 366.0 80
2021000000365208 0.111 52.7 129.2 387.6 304.1 80
2021000000365208 0.110 313.6 184.7 675.7 358.0 80
2021000000365208 0.108 -136.1 28.0 369.6 119.7 80
2021000000365208 0.108 65.6 29.5 620.3 182.8 80
2021000000365208 0.108 -75.3 29.4 423.7 131.8 80
2021000000365208 0.107 134.8 54.1 692.1 202.5 80
2021000000365208 0.106 422.0 116.8 700.3 309.5 80
2021000000365208 0.105 192.9 19.5 767.0 113.8 80
2021000000365208 0.105 534.6 17.3 646.3 94.7 80
2021000000365208 0.102 -54.9 -5.7 543.9 89.7 80
2021000000365208 0.102 236.8 10.2 833.5 71.6 80
2021000000365208 0.099 88.2 -5.1 690.2 52.3 80
2021000000365208 0.095 -47.5 -5.7 119.7 38.9 80
2021000000365208 0.093 -222.6 -0.3 379.2 39.3 80
2021000000365208 0.093 -167.6 -0.5 434.3 39.0 80
2021000000365208 0.092 -109.5 -0.0 492.5 39.9 80
2021000000365208 0.091 -44.1 -4.0 557.9 34.1 80
2021000000365208 0.091 188.7 -1.1 790.6 42.1 80
2021000000365208 0.091 99.5 -4.4 701.5 37.5 80
2021000000365208 0.090 30.6 -6.2 632.6 37.4 80
2021000000365208 0.090 286.7 0.1 887.6 41.3 80
2021000000365208 0.090 146.0 0.7 748.0 46.3 80
2021000000365208 0.722 30.1 297.9 133.6 563.1 80
2021000000365208 0.710 36.1 345.5 274.5 625.4 80
2021000000365208 0.709 42.2 342.7 286.5 613.8 80
2021000000365208 0.707 35.5 288.8 150.4 413.7 80
2021000000365208 0.696 30.2 290.4 275.7 607.4 80
2021000000365208 0.689 34.6 297.0 277.2 617.8 80
2021000000365208 0.681 559.7 590.7 604.9 632.9 80
2021000000365208 0.681 27.8 291.3 303.1 611.3 80
2021000000365208 0.671 255.4 186.6 295.9 234.6 80
2021000000365208 0.670 36.9 434.6 86.9 539.7 80
2021000000365208 0.661 145.0 266.4 554.8 589.8 80
2021000000365208 0.660 292.3 313.0 345.4 334.2 80
2021000000365208 0.659 28.4 284.1 116.1 546.4 80
2021000000365208 0.626 4.8 249.7 595.8 606.0 80
2021000000365208 0.621 134.9 43.9 551.9 603.2 80
2021000000365208 0.613 144.6 6.2 494.3 602.9 80
2021000000365208 0.612 2.3 -0.1 602.4 638.6 80
2021000000365208 0.612 138.2 -19.0 445.0 613.4 80
2021000000365208 0.611 144.3 30.9 409.0 493.7 80
2021000000365208 0.610 167.7 293.6 554.8 574.9 80
2021000000365208 0.604 104.1 10.4 545.6 562.7 80
2021000000365208 0.589 140.0 -3.7 554.0 606.4 80
2021000000365208 0.550 598.2 406.5 603.4 510.0 80
2021000000365208 0.545 26.5 293.4 292.4 616.8 80
2021000000365208 0.538 598.0 280.4 603.5 396.4 80
2021000000365208 0.533 598.4 124.5 603.6 230.8 80
2021000000365208 0.501 108.3 -13.0 573.3 620.9 80
2021000000365208 0.417 21.8 -0.6 274.1 638.2 80
2021000000365208 0.358 47.8 -11.6 415.0 625.5 80
2021000000365208 0.326 600.8 122.0 603.0 373.8 80
2021000000365208 0.294 314.9 321.7 552.8 519.9 80
2021000000365208 0.288 600.9 220.4 603.1 507.6 80
2021000000365208 0.250 599.4 45.7 603.3 549.2 80
2021000000365208 0.250 0.6 226.4 3.8 438.8 80
2021000000365208 0.241 0.3 134.8 10.6 583.8 80
2021000000365208 0.236 0.4 40.1 8.3 447.6 80
2021000000365208 0.231 79.0 612.4 543.5 640.0 80
2021000000365208 0.230 0.4 347.3 4.7 567.7 80
2021000000365208 0.227 0.4 86.6 3.9 270.3 80
2021000000365208 0.224 0.4 8.2 5.0 140.6 80
2021000000365208 0.219 108.3 -13.0 573.3 620.9 3
2021000000365208 0.198 581.2 521.5 609.4 623.7 80
2021000000365208 0.198 585.6 139.7 603.7 629.0 80
2021000000365208 0.194 136.8 624.0 490.2 641.5 80
2021000000365208 0.187 -2.0 521.3 20.3 654.2 80
2021000000365208 0.172 387.5 620.7 572.4 643.1 80
2021000000365208 0.159 221.3 355.2 340.3 501.7 80
2021000000365208 0.156 339.9 576.0 538.0 639.7 80
2021000000365208 0.151 509.3 72.9 596.4 550.4 80
2021000000365208 0.148 144.7 530.0 342.0 641.0 80
2021000000365208 0.148 219.6 552.5 441.7 640.9 80
2021000000365208 0.144 400.5 340.0 609.6 624.5 80
2021000000365208 0.143 479.1 600.1 600.2 637.9 80
2021000000365208 0.139 208.7 357.4 543.2 568.9 80
2021000000365208 0.137 113.0 395.1 497.4 594.5 80
2021000000365208 0.136 51.0 415.9 97.5 475.3 80
2021000000365208 0.136 151.5 273.2 422.3 518.3 80
2021000000365208 0.136 13.9 577.7 134.8 641.6 80
2021000000365208 0.134 47.2 611.8 202.0 644.8 80
2021000000365208 0.133 271.1 345.9 570.3 558.1 80
2021000000365208 0.132 307.6 607.8 472.6 640.5 80
2021000000365208 0.132 65.1 110.5 334.4 519.1 80
2021000000365208 0.132 97.8 345.2 373.7 549.5 80
2021000000365208 0.131 98.4 421.5 148.0 481.5 80
2021000000365208 0.131 123.7 606.7 274.7 643.5 80
2021000000365208 0.131 150.3 355.8 462.6 560.8 80
2021000000365208 0.130 97.9 233.3 375.9 500.7 80
2021000000365208 0.129 214.4 364.2 306.6 526.7 80
2021000000365208 0.128 393.2 278.3 609.5 503.6 80
2021000000365208 0.123 281.2 209.5 555.4 448.7 80
2021000000365208 0.123 323.4 412.1 412.6 495.4 80
2021000000365208 0.123 363.8 201.9 580.7 441.8 80
2021000000365208 0.122 141.9 361.0 224.7 477.1 80
2021000000365208 0.116 81.0 385.4 242.6 515.0 80
2021000000365208 0.115 268.7 268.9 415.3 416.0 80
2021000000365208 0.115 126.3 90.5 428.6 265.1 80
2021000000365208 0.114 -36.5 66.5 108.5 159.9 80
2021000000365208 0.111 253.5 206.1 606.7 366.0 80
2021000000365208 0.111 52.7 129.2 387.6 304.1 80
2021000000365208 0.110 313.6 184.7 675.7 358.0 80
2021000000365208 0.108 -136.1 28.0 369.6 119.7 80
2021000000365208 0.108 65.6 29.5 620.3 182.8 80
2021000000365208 0.108 -75.3 29.4 423.7 131.8 80
2021000000365208 0.107 134.8 54.1 692.1 202.5 80
2021000000365208 0.106 422.0 116.8 700.3 309.5 80
2021000000365208 0.105 192.9 19.5 767.0 113.8 80
2021000000365208 0.105 534.6 17.3 646.3 94.7 80
2021000000365208 0.102 -54.9 -5.7 543.9 89.7 80
2021000000365208 0.102 236.8 10.2 833.5 71.6 80
2021000000365208 0.099 88.2 -5.1 690.2 52.3 80
2021000000365208 0.095 -47.5 -5.7 119.7 38.9 80
2021000000365208 0.093 -222.6 -0.3 379.2 39.3 80
2021000000365208 0.093 -167.6 -0.5 434.3 39.0 80
2021000000365208 0.092 -109.5 -0.0 492.5 39.9 80
2021000000365208 0.091 -44.1 -4.0 557.9 34.1 80
2021000000365208 0.091 188.7 -1.1 790.6 42.1 80
2021000000365208 0.091 99.5 -4.4 701.5 37.5 80
2021000000365208 0.090 30.6 -6.2 632.6 37.4 80
2021000000365208 0.090 286.7 0.1 887.6 41.3 80
2021000000365208 0.090 146.0 0.7 748.0 46.3 80
2021000000365208 0.000 441.8 180.7 592.3 452.4 80
2021000000365208 0.000 257.6 134.6 495.1 339.8 80
2021000000365208 0.000 1.1 74.2 124.9 419.6 80
2021000000365208 0.000 120.1 265.7 306.1 521.0 80
2021000000365208 0.000 238.7 273.7 332.6 385.0 80
2021000000365208 0.000 17.2 217.9 224.1 458.1 80
2021000000365208 0.000 174.4 51.6 385.1 348.7 80
2021000000365208 0.000 331.6 235.6 601.9 432.1 80
2021000000365208 0.000 160.5 232.6 267.1 343.7 80
2021000000365208 0.000 243.3 191.8 344.5 302.6 80
2021000000365208 0.000 103.0 317.1 185.1 433.9 80
2021000000365208 0.000 0.5 256.5 57.1 399.9 80
2021000000365208 0.000 295.5 239.7 397.1 349.1 80
2021000000365208 0.000 546.6 328.2 602.5 471.8 80
2021000000365208 0.000 541.4 94.1 602.8 259.2 80
2021000000365208 0.000 546.7 218.0 602.6 361.2 80
2021000000365208 0.000 196.6 92.8 587.1 467.7 80
2021000000365208 0.000 167.2 294.5 267.8 405.0 80
2021000000365208 0.000 1.3 342.0 58.0 488.1 80
2021000000365208 0.000 487.8 302.2 579.2 414.5 80
2021000000365208 0.000 346.6 293.6 447.8 403.7 80
2021000000365208 0.000 0.9 216.9 124.0 609.6 80
2021000000365208 0.000 47.9 377.6 137.7 492.9 80
2021000000365208 0.000 419.8 342.2 512.2 459.9 80
2021000000365208 0.000 407.2 251.6 510.1 361.3 80
2021000000365208 0.000 83.6 204.6 193.4 314.5 80
2021000000365208 0.000 22.7 265.0 124.6 376.4 80
2021000000365208 0.000 39.3 182.6 360.0 446.2 80
2021000000365208 0.000 231.7 200.6 402.9 454.8 80
2021000000365208 0.000 19.1 29.1 258.9 323.0 80
2021000000365208 0.000 361.3 175.3 472.2 284.5 80
2021000000365208 0.000 533.7 419.2 602.5 627.7 80
2021000000365208 0.000 387.3 6.3 605.9 321.4 80
2021000000365208 0.000 280.4 237.2 478.1 589.1 80
2021000000365208 0.000 457.7 168.6 567.4 280.6 80
2021000000365208 0.000 293.5 75.6 538.6 525.9 80
2021000000365208 0.000 0.3 152.1 61.9 296.5 80
2021000000365208 0.000 159.2 387.5 256.1 500.6 80
2021000000365208 0.000 0.2 35.2 62.8 181.0 80
2021000000365208 0.000 480.2 200.0 603.6 605.3 80
2021000000365208 0.000 98.6 88.4 322.3 517.1 80
2021000000365208 0.000 229.1 89.3 338.8 201.2 80
2021000000365208 0.000 152.5 144.6 264.1 254.4 80
2021000000365208 0.000 160.6 241.6 452.3 404.0 80
2021000000365208 0.000 147.2 139.0 457.6 624.7 80
2021000000365208 0.000 385.3 388.2 476.7 500.2 80
2021000000365208 0.000 0.8 9.3 600.7 354.9 80
2021000000365208 0.000 259.0 327.5 494.1 494.9 80
2021000000365208 0.000 0.4 429.9 70.0 628.7 80
2021000000365208 0.000 31.9 37.1 482.7 453.5 80
2021000000365208 0.000 328.8 163.0 597.3 629.6 80
2021000000365208 0.000 1.5 154.4 286.8 633.7 80
2021000000365208 0.000 100.0 34.7 503.0 616.9 80
2021000000365208 0.000 194.0 204.9 394.0 595.3 80
2021000000365208 0.000 -2.4 12.7 351.7 632.1 80
2021000000365208 0.000 183.2 132.0 609.7 639.0 80
2021000000365208 0.000 254.9 11.9 602.9 634.9 80
2021000000365208 0.000 142.4 181.6 458.9 505.7 80
2021000000365208 0.000 72.2 130.9 549.5 552.3 80
2021000000365208 0.000 9.5 247.8 429.8 626.7 80
2021000000365208 0.000 171.1 368.3 434.1 631.4 80
2021000000365208 0.000 171.9 265.5 579.7 628.9 80
2021000000365208 0.000 -0.4 114.7 444.9 625.8 80
2021000000365208 0.000 431.1 30.8 604.2 615.0 80
2021000000365208 0.000 24.2 431.6 381.9 639.1 80
2021000000365208 0.000 5.1 322.2 228.7 628.1 80
2021000000365208 0.000 351.6 330.2 590.3 629.7 80
2021000000365208 0.000 244.2 442.5 597.4 640.1 80
2021000000365208 0.000 300.6 6.6 405.4 122.9 80
2021000000365208 0.000 52.7 253.4 517.4 480.8 80
2021000000365208 0.000 3.2 483.5 161.0 639.6 80
2021000000365208 0.000 164.9 19.5 447.6 625.4 80
2021000000365208 0.000 -2.4 28.8 178.2 622.1 80
2021000000365208 0.000 0.7 1.8 502.8 636.3 80
2021000000365208 0.000 1.0 382.6 601.4 641.6 80
2021000000365208 0.000 255.2 439.4 359.2 546.6 80
2021000000365208 0.000 432.5 431.6 597.7 633.3 80
2021000000365208 0.000 96.8 1.8 600.7 634.8 80
2021000000365208 0.000 2.8 141.8 602.1 475.7 80
2021000000365208 0.000 163.7 -0.2 557.4 205.6 80
2021000000365208 0.000 23.0 72.7 576.9 638.9 80
2021000000365208 0.000 0.4 176.0 602.3 632.0 80
2021000000365208 0.000 215.8 395.6 303.1 503.8 80
2021000000365208 0.000 1.2 26.2 602.5 544.3 80
2021000000365208 0.000 383.5 86.0 496.8 197.3 80
2021000000365208 0.000 0.8 -0.1 602.7 638.6 80
2021000000365208 0.000 42.2 108.7 152.8 231.9 80
2021000000365208 0.000 511.0 10.0 602.1 146.3 80
2021000000365208 0.000 0.8 -0.1 602.7 638.6 14
2021000000365208 0.000 0.8 -0.1 602.7 638.6 7
2021000000365208 0.000 0.8 -0.1 602.7 638.6 11
2021000000365208 0.000 96.8 1.8 600.7 634.8 14
2021000000365208 0.000 2.8 141.8 602.1 475.7 0
2021000000365208 0.000 1.5 154.4 286.8 633.7 14
2021000000365208 0.000 100.0 34.7 503.0 616.9 14
2021000000365208 0.000 254.9 11.9 602.9 634.9 14
2021000000365208 0.000 147.2 139.0 457.6 624.7 14
2021000000365208 0.000 -2.4 12.7 351.7 632.1 14
2021000000365208 0.000 328.8 163.0 597.3 629.6 14
2021000000365208 0.000 23.0 72.7 576.9 638.9 14
