2021000000554595 0.691 333.3 243.7 447.8 320.4 80
2021000000554595 0.666 470.2 341.5 499.8 375.7 80
2021000000554595 0.651 150.4 240.6 454.6 363.0 80
2021000000554595 0.649 324.1 241.0 440.8 354.4 80
2021000000554595 0.648 326.1 252.7 417.8 362.0 80
2021000000554595 0.642 165.8 248.0 461.0 372.0 80
2021000000554595 0.584 124.8 239.3 475.9 358.9 80
2021000000554595 0.563 495.8 167.2 500.1 255.0 80
2021000000554595 0.535 497.0 108.9 500.3 170.5 80
2021000000554595 0.528 496.8 230.8 500.0 333.7 80
2021000000554595 0.502 10.6 93.2 55.6 118.1 80
2021000000554595 0.481 121.5 233.8 469.1 343.7 80
2021000000554595 0.481 324.0 249.1 407.6 359.7 14
2021000000554595 0.438 329.8 271.6 410.2 332.0 80
2021000000554595 0.402 1.2 100.7 3.9 172.3 80
2021000000554595 0.389 317.7 241.2 453.8 358.8 14
2021000000554595 0.385 157.4 241.6 458.0 360.6 6
2021000000554595 0.349 1.5 34.4 4.2 103.5 80
2021000000554595 0.331 1.1 246.1 4.0 346.2 80
2021000000554595 0.316 317.7 241.2 453.8 358.8 80
2021000000554595 0.313 1.1 153.9 3.3 276.5 80
2021000000554595 0.297 76.4 249.8 463.1 365.3 80
2021000000554595 0.294 498.7 73.7 500.2 223.6 80
2021000000554595 0.290 497.9 103.1 500.3 346.9 80
2021000000554595 0.284 487.9 13.4 502.3 387.3 80
2021000000554595 0.280 324.0 249.1 407.6 359.7 80
2021000000554595 0.251 157.4 241.6 458.0 360.6 80
2021000000554595 0.221 1.1 36.5 6.4 242.3 80
2021000000554595 0.221 -1.2 341.4 23.4 379.5 80
2021000000554595 0.220 342.2 294.6 402.3 339.5 80
2021000000554595 0.218 489.0 264.2 503.9 376.0 80
2021000000554595 0.208 1.1 63.9 7.6 328.7 80
2021000000554595 0.202 0.6 32.1 20.0 340.3 80
2021000000554595 0.182 435.0 -6.9 493.9 366.2 80
2021000000554595 0.176 378.6 346.7 493.0 376.5 80
2021000000554595 0.173 1.0 199.3 25.1 377.1 80
2021000000554595 0.168 160.8 364.2 370.8 378.1 80
2021000000554595 0.166 138.9 243.6 431.7 337.2 80
2021000000554595 0.154 96.4 284.0 378.3 379.2 80
2021000000554595 0.153 2.5 77.8 51.5 372.2 80
2021000000554595 0.145 60.6 328.5 215.4 375.9 80
2021000000554595 0.143 49.0 363.5 162.8 378.1 80
2021000000554595 0.141 368.7 141.2 511.1 366.9 80
2021000000554595 0.139 11.8 215.2 176.9 373.0 80
2021000000554595 0.138 323.4 195.2 462.7 316.0 80
2021000000554595 0.137 331.3 357.2 455.7 380.9 80
2021000000554595 0.136 159.4 228.0 427.0 319.6 80
2021000000554595 0.134 116.8 360.2 224.8 377.7 80
2021000000554595 0.133 18.0 343.6 93.2 374.4 80
2021000000554595 0.131 44.1 227.8 318.9 349.0 80
2021000000554595 0.131 98.8 99.2 404.4 273.3 80
2021000000554595 0.127 219.1 112.5 453.3 283.4 80
2021000000554595 0.127 22.8 208.1 68.6 283.1 80
2021000000554595 0.126 316.9 254.8 357.8 291.9 80
2021000000554595 0.126 74.6 216.5 345.0 319.9 80
2021000000554595 0.126 19.4 183.2 252.4 323.1 80
2021000000554595 0.125 216.5 238.2 264.3 275.7 80
2021000000554595 0.125 257.4 258.0 310.9 295.1 80
2021000000554595 0.124 18.0 130.6 179.2 310.4 80
2021000000554595 0.123 37.5 164.0 282.9 298.3 80
2021000000554595 0.123 135.7 260.9 185.8 300.9 80
2021000000554595 0.122 132.0 208.0 370.1 309.3 80
2021000000554595 0.122 72.6 157.7 325.8 281.8 80
2021000000554595 0.121 153.7 199.2 214.3 246.3 80
2021000000554595 0.120 63.9 128.4 307.4 253.9 80
2021000000554595 0.118 30.3 113.6 206.5 269.9 80
2021000000554595 0.118 142.4 171.8 375.7 269.4 80
2021000000554595 0.118 248.4 246.7 380.2 295.2 80
2021000000554595 0.117 325.1 170.2 418.9 232.0 80
2021000000554595 0.116 72.6 168.2 202.3 226.1 80
2021000000554595 0.115 227.2 134.5 395.2 200.7 80
2021000000554595 0.115 171.7 107.1 370.4 169.7 80
2021000000554595 0.113 325.2 128.1 510.7 216.6 80
2021000000554595 0.113 -7.3 118.6 206.4 183.3 80
2021000000554595 0.112 77.6 74.1 453.4 150.8 80
2021000000554595 0.112 167.8 201.5 355.5 280.1 80
2021000000554595 0.111 66.0 59.4 392.5 121.0 80
2021000000554595 0.110 74.5 228.0 146.7 283.4 80
2021000000554595 0.110 15.9 46.0 344.8 102.1 80
2021000000554595 0.110 -47.4 78.7 165.0 132.0 80
2021000000554595 0.110 187.2 244.9 267.3 292.1 80
2021000000554595 0.109 -79.3 30.9 254.6 82.6 80
2021000000554595 0.108 166.6 25.4 555.6 80.3 80
2021000000554595 0.108 404.9 86.5 526.6 189.8 80
2021000000554595 0.108 -82.7 10.9 362.8 51.7 80
2021000000554595 0.107 212.6 14.4 608.4 59.6 80
2021000000554595 0.106 -146.9 -1.7 282.9 31.1 80
2021000000554595 0.104 45.6 3.5 544.4 34.8 80
2021000000554595 0.103 216.7 7.9 678.8 40.0 80
2021000000554595 0.101 157.4 241.6 458.0 360.6 3
2021000000554595 0.100 358.8 11.1 609.3 50.3 80
2021000000554595 0.099 326.1 252.7 417.8 362.0 14
2021000000554595 0.098 -0.0 1.0 498.9 26.2 80
2021000000554595 0.095 72.2 0.6 571.2 25.3 80
2021000000554595 0.095 -103.0 -2.5 164.2 21.3 80
2021000000554595 0.094 -48.0 1.7 451.0 27.2 80
2021000000554595 0.094 157.4 241.6 458.0 360.6 10
2021000000554595 0.094 -39.5 -1.8 459.5 20.6 80
2021000000554595 0.093 -139.2 -0.6 359.6 23.0 80
2021000000554595 0.092 -93.3 0.7 405.6 24.7 80
2021000000554595 0.691 333.3 243.7 447.8 320.4 80
2021000000554595 0.666 470.2 341.5 499.8 375.7 80
2021000000554595 0.651 150.4 240.6 454.6 363.0 80
2021000000554595 0.649 324.1 241.0 440.8 354.4 80
2021000000554595 0.648 326.1 252.7 417.8 362.0 80
2021000000554595 0.642 165.8 248.0 461.0 372.0 80
2021000000554595 0.584 124.8 239.3 475.9 358.9 80
2021000000554595 0.563 495.8 167.2 500.1 255.0 80
2021000000554595 0.535 497.0 108.9 500.3 170.5 80
2021000000554595 0.528 496.8 230.8 500.0 333.7 80
2021000000554595 0.502 10.6 93.2 55.6 118.1 80
2021000000554595 0.481 121.5 233.8 469.1 343.7 80
2021000000554595 0.481 324.0 249.1 407.6 359.7 14
2021000000554595 0.438 329.8 271.6 410.2 332.0 80
2021000000554595 0.402 1.2 100.7 3.9 172.3 80
2021000000554595 0.389 317.7 241.2 453.8 358.8 14
2021000000554595 0.385 157.4 241.6 458.0 360.6 6
2021000000554595 0.349 1.5 34.4 4.2 103.5 80
2021000000554595 0.331 1.1 246.1 4.0 346.2 80
2021000000554595 0.316 317.7 241.2 453.8 358.8 80
2021000000554595 0.313 1.1 153.9 3.3 276.5 80
2021000000554595 0.297 76.4 249.8 463.1 365.3 80
2021000000554595 0.294 498.7 73.7 500.2 223.6 80
2021000000554595 0.290 497.9 103.1 500.3 346.9 80
2021000000554595 0.284 487.9 13.4 502.3 387.3 80
2021000000554595 0.280 324.0 249.1 407.6 359.7 80
2021000000554595 0.251 157.4 241.6 458.0 360.6 80
2021000000554595 0.221 1.1 36.5 6.4 242.3 80
2021000000554595 0.221 -1.2 341.4 23.4 379.5 80
2021000000554595 0.220 342.2 294.6 402.3 339.5 80
2021000000554595 0.218 489.0 264.2 503.9 376.0 80
2021000000554595 0.208 1.1 63.9 7.6 328.7 80
2021000000554595 0.202 0.6 32.1 20.0 340.3 80
2021000000554595 0.182 435.0 -6.9 493.9 366.2 80
2021000000554595 0.176 378.6 346.7 493.0 376.5 80
2021000000554595 0.173 1.0 199.3 25.1 377.1 80
2021000000554595 0.168 160.8 364.2 370.8 378.1 80
2021000000554595 0.166 138.9 243.6 431.7 337.2 80
2021000000554595 0.154 96.4 284.0 378.3 379.2 80
2021000000554595 0.153 2.5 77.8 51.5 372.2 80
2021000000554595 0.145 60.6 328.5 215.4 375.9 80
2021000000554595 0.143 49.0 363.5 162.8 378.1 80
2021000000554595 0.141 368.7 141.2 511.1 366.9 80
2021000000554595 0.139 11.8 215.2 176.9 373.0 80
2021000000554595 0.138 323.4 195.2 462.7 316.0 80
2021000000554595 0.137 331.3 357.2 455.7 380.9 80
2021000000554595 0.136 159.4 228.0 427.0 319.6 80
2021000000554595 0.134 116.8 360.2 224.8 377.7 80
2021000000554595 0.133 18.0 343.6 93.2 374.4 80
2021000000554595 0.131 44.1 227.8 318.9 349.0 80
2021000000554595 0.131 98.8 99.2 404.4 273.3 80
2021000000554595 0.127 219.1 112.5 453.3 283.4 80
2021000000554595 0.127 22.8 208.1 68.6 283.1 80
2021000000554595 0.126 316.9 254.8 357.8 291.9 80
2021000000554595 0.126 74.6 216.5 345.0 319.9 80
2021000000554595 0.126 19.4 183.2 252.4 323.1 80
2021000000554595 0.125 216.5 238.2 264.3 275.7 80
2021000000554595 0.125 257.4 258.0 310.9 295.1 80
2021000000554595 0.124 18.0 130.6 179.2 310.4 80
2021000000554595 0.123 37.5 164.0 282.9 298.3 80
2021000000554595 0.123 135.7 260.9 185.8 300.9 80
2021000000554595 0.122 132.0 208.0 370.1 309.3 80
2021000000554595 0.122 72.6 157.7 325.8 281.8 80
2021000000554595 0.121 153.7 199.2 214.3 246.3 80
2021000000554595 0.120 63.9 128.4 307.4 253.9 80
2021000000554595 0.118 30.3 113.6 206.5 269.9 80
2021000000554595 0.118 142.4 171.8 375.7 269.4 80
2021000000554595 0.118 248.4 246.7 380.2 295.2 80
2021000000554595 0.117 325.1 170.2 418.9 232.0 80
2021000000554595 0.116 72.6 168.2 202.3 226.1 80
2021000000554595 0.115 227.2 134.5 395.2 200.7 80
2021000000554595 0.115 171.7 107.1 370.4 169.7 80
2021000000554595 0.113 325.2 128.1 510.7 216.6 80
2021000000554595 0.113 -7.3 118.6 206.4 183.3 80
2021000000554595 0.112 77.6 74.1 453.4 150.8 80
2021000000554595 0.112 167.8 201.5 355.5 280.1 80
2021000000554595 0.111 66.0 59.4 392.5 121.0 80
2021000000554595 0.110 74.5 228.0 146.7 283.4 80
2021000000554595 0.110 15.9 46.0 344.8 102.1 80
2021000000554595 0.110 -47.4 78.7 165.0 132.0 80
2021000000554595 0.110 187.2 244.9 267.3 292.1 80
2021000000554595 0.109 -79.3 30.9 254.6 82.6 80
2021000000554595 0.108 166.6 25.4 555.6 80.3 80
2021000000554595 0.108 404.9 86.5 526.6 189.8 80
2021000000554595 0.108 -82.7 10.9 362.8 51.7 80
2021000000554595 0.107 212.6 14.4 608.4 59.6 80
2021000000554595 0.106 -146.9 -1.7 282.9 31.1 80
2021000000554595 0.104 45.6 3.5 544.4 34.8 80
2021000000554595 0.103 216.7 7.9 678.8 40.0 80
2021000000554595 0.101 157.4 241.6 458.0 360.6 3
2021000000554595 0.100 358.8 11.1 609.3 50.3 80
2021000000554595 0.099 326.1 252.7 417.8 362.0 14
2021000000554595 0.098 -0.0 1.0 498.9 26.2 80
2021000000554595 0.095 72.2 0.6 571.2 25.3 80
2021000000554595 0.095 -103.0 -2.5 164.2 21.3 80
2021000000554595 0.094 -48.0 1.7 451.0 27.2 80
2021000000554595 0.094 157.4 241.6 458.0 360.6 10
2021000000554595 0.094 -39.5 -1.8 459.5 20.6 80
2021000000554595 0.093 -139.2 -0.6 359.6 23.0 80
2021000000554595 0.092 -93.3 0.7 405.6 24.7 80
2021000000554595 0.000 242.0 73.4 372.7 228.3 80
2021000000554595 0.000 0.9 43.2 103.5 248.4 80
2021000000554595 0.000 143.7 136.3 210.3 202.9 80
2021000000554595 0.000 211.4 112.1 275.3 178.5 80
2021000000554595 0.000 371.0 109.5 486.3 269.4 80
2021000000554595 0.000 255.8 138.3 317.1 205.0 80
2021000000554595 0.000 156.6 31.5 304.0 212.2 80
2021000000554595 0.000 45.5 218.4 107.4 289.7 80
2021000000554595 0.000 136.3 82.5 207.6 151.9 80
2021000000554595 0.000 81.5 117.9 146.9 187.0 80
2021000000554595 0.000 197.9 52.0 272.4 120.1 80
2021000000554595 0.000 453.6 128.8 499.6 211.7 80
2021000000554595 0.000 387.8 97.5 461.7 164.6 80
2021000000554595 0.000 348.6 145.7 411.0 211.6 80
2021000000554595 0.000 136.9 218.9 201.8 293.5 80
2021000000554595 0.000 19.5 26.1 206.5 195.3 80
2021000000554595 0.000 1.5 201.8 48.0 285.8 80
2021000000554595 0.000 297.9 171.1 359.9 236.8 80
2021000000554595 0.000 453.4 193.4 499.6 276.3 80
2021000000554595 0.000 356.3 198.2 415.7 266.4 80
2021000000554595 0.000 313.5 101.2 376.2 168.2 80
2021000000554595 0.000 323.9 8.4 496.6 192.3 80
2021000000554595 0.000 287.5 133.2 485.8 258.4 80
2021000000554595 0.000 205.6 160.5 267.3 226.0 80
2021000000554595 0.000 0.9 126.1 102.1 358.9 80
2021000000554595 0.000 33.3 127.8 166.8 277.5 80
2021000000554595 0.000 1.0 151.9 47.1 235.2 80
2021000000554595 0.000 89.9 188.3 149.8 254.6 80
2021000000554595 0.000 449.0 54.2 499.7 153.8 80
2021000000554595 0.000 117.9 162.4 233.2 317.3 80
2021000000554595 0.000 218.0 252.5 286.7 332.8 80
2021000000554595 0.000 149.3 172.6 210.8 238.3 80
2021000000554595 0.000 410.1 177.1 474.9 243.0 80
2021000000554595 0.000 27.0 155.5 94.9 221.5 80
2021000000554595 0.000 323.9 218.8 384.1 295.9 80
2021000000554595 0.000 202.7 117.0 319.1 276.6 80
2021000000554595 0.000 177.6 56.7 471.2 268.1 80
2021000000554595 0.000 252.3 124.3 366.8 348.8 80
2021000000554595 0.000 0.5 90.6 51.3 174.2 80
2021000000554595 0.000 0.7 22.1 51.8 106.3 80
2021000000554595 0.000 46.5 108.4 284.6 259.6 80
2021000000554595 0.000 101.1 50.7 245.1 317.9 80
2021000000554595 0.000 255.5 3.7 329.5 73.5 80
2021000000554595 0.000 322.9 47.6 406.2 116.6 80
2021000000554595 0.000 43.3 21.4 383.8 259.1 80
2021000000554595 0.000 0.6 250.2 58.3 370.8 80
2021000000554595 0.000 178.6 220.9 238.0 301.3 80
2021000000554595 0.000 442.7 245.7 499.6 369.5 80
2021000000554595 0.000 398.6 113.8 499.6 356.5 80
2021000000554595 0.000 10.6 10.6 491.5 200.1 80
2021000000554595 0.000 258.6 42.5 428.2 311.9 80
2021000000554595 0.000 90.0 16.9 408.1 365.6 80
2021000000554595 0.000 256.1 169.6 365.6 302.8 80
2021000000554595 0.000 -2.4 5.5 286.1 372.6 80
2021000000554595 0.000 8.1 89.2 229.6 371.0 80
2021000000554595 0.000 0.7 22.9 146.6 364.6 80
2021000000554595 0.000 213.1 6.2 497.0 373.7 80
2021000000554595 0.000 131.2 78.6 368.1 366.5 80
2021000000554595 0.000 156.2 202.3 351.1 370.3 80
2021000000554595 0.000 170.3 106.7 310.3 354.2 80
2021000000554595 0.000 153.4 21.1 355.4 361.8 80
2021000000554595 0.000 357.6 18.2 500.9 362.1 80
2021000000554595 0.000 68.8 68.2 447.4 322.3 80
2021000000554595 0.000 177.0 8.3 417.9 127.4 80
2021000000554595 0.000 43.6 255.6 289.5 374.6 80
2021000000554595 0.000 2.3 68.6 366.1 370.2 80
2021000000554595 0.000 5.1 279.8 130.5 375.3 80
2021000000554595 0.000 12.0 183.5 185.2 366.7 80
2021000000554595 0.000 305.3 180.6 482.3 366.0 80
2021000000554595 0.000 220.0 199.5 278.3 265.4 80
2021000000554595 0.000 24.3 146.7 338.1 365.5 80
2021000000554595 0.000 2.5 1.3 412.8 374.0 80
2021000000554595 0.000 150.8 131.7 355.6 229.2 80
2021000000554595 0.000 274.3 86.3 490.6 374.1 80
2021000000554595 0.000 3.0 229.1 496.0 375.4 80
2021000000554595 0.000 220.7 258.0 474.7 374.5 80
2021000000554595 0.000 84.5 1.1 496.2 373.9 80
2021000000554595 0.000 158.6 68.0 495.0 372.1 80
2021000000554595 0.000 157.9 150.9 463.3 365.9 80
2021000000554595 0.000 362.6 245.8 494.3 369.9 80
2021000000554595 0.000 44.4 60.8 117.3 137.1 80
2021000000554595 0.000 129.9 102.1 365.9 294.8 80
2021000000554595 0.000 22.3 43.5 477.5 367.5 80
2021000000554595 0.000 60.2 142.7 409.5 272.7 80
2021000000554595 0.000 0.4 101.1 499.0 367.5 80
2021000000554595 0.000 244.0 202.5 298.7 274.6 80
2021000000554595 0.000 12.6 94.9 489.8 272.5 80
2021000000554595 0.000 0.8 0.3 499.7 374.9 80
2021000000554595 0.000 1.3 18.3 498.9 310.6 80
2021000000554595 0.000 286.3 251.0 340.8 319.9 80
2021000000554595 0.000 424.2 6.2 498.9 85.9 80
2021000000554595 0.000 12.6 94.9 489.8 272.5 0
2021000000554595 0.000 0.8 0.3 499.7 374.9 7
2021000000554595 0.000 8.1 89.2 229.6 371.0 14
2021000000554595 0.000 258.6 42.5 428.2 311.9 14
2021000000554595 0.000 101.1 50.7 245.1 317.9 14
2021000000554595 0.000 170.3 106.7 310.3 354.2 14
2021000000554595 0.000 274.3 86.3 490.6 374.1 14
2021000000554595 0.000 153.4 21.1 355.4 361.8 14
2021000000554595 0.000 213.1 6.2 497.0 373.7 14
