2021000000178028 0.769 1.4 15.1 375.4 481.2 80
2021000000178028 0.762 209.5 340.2 369.6 493.7 80
2021000000178028 0.756 333.2 10.8 375.0 265.8 80
2021000000178028 0.756 341.5 6.4 374.0 332.0 80
2021000000178028 0.755 107.8 91.4 126.6 121.5 80
2021000000178028 0.755 194.3 363.1 368.4 496.7 80
2021000000178028 0.748 373.5 112.7 375.1 336.4 80
2021000000178028 0.745 89.0 58.0 97.8 69.2 80
2021000000178028 0.744 337.1 0.6 376.1 86.6 80
2021000000178028 0.741 198.8 118.6 213.1 144.3 80
2021000000178028 0.741 68.6 49.6 96.9 80.0 80
2021000000178028 0.740 240.0 37.4 251.5 71.0 80
2021000000178028 0.739 338.6 13.1 373.7 452.5 80
2021000000178028 0.738 373.0 45.3 375.0 173.5 80
2021000000178028 0.734 343.2 447.0 377.8 500.5 80
2021000000178028 0.733 92.9 482.2 133.7 500.8 80
2021000000178028 0.733 77.9 484.5 184.4 499.4 80
2021000000178028 0.733 367.5 183.2 375.6 497.4 80
2021000000178028 0.732 351.2 317.4 374.5 445.4 80
2021000000178028 0.732 299.1 160.9 334.8 206.3 80
