2021000000482978 0.787 -2.6 76.2 372.3 360.2 80
2021000000482978 0.775 610.5 301.9 641.1 362.3 80
2021000000482978 0.761 18.0 33.9 58.0 85.0 80
2021000000482978 0.755 9.3 58.7 648.1 360.5 80
2021000000482978 0.752 57.6 211.9 67.5 225.6 80
2021000000482978 0.752 11.6 8.1 650.2 351.9 80
2021000000482978 0.750 6.5 135.5 644.5 347.4 80
2021000000482978 0.744 -3.9 14.1 632.7 299.6 80
2021000000482978 0.742 447.9 183.7 570.8 296.3 80
2021000000482978 0.737 531.3 148.5 640.7 341.5 80
2021000000482978 0.731 525.6 156.7 581.4 341.0 80
2021000000482978 0.727 255.4 177.5 321.5 277.2 80
2021000000482978 0.726 611.4 196.9 641.3 343.9 80
2021000000482978 0.713 442.8 158.7 566.2 271.6 80
2021000000482978 0.707 532.5 182.3 641.2 340.0 80
2021000000482978 0.700 0.9 183.5 2.5 341.6 80
2021000000482978 0.696 509.1 188.4 585.1 330.4 80
2021000000482978 0.695 613.4 206.5 642.0 279.6 80
2021000000482978 0.695 0.9 192.0 1.8 255.3 80
2021000000482978 0.683 452.5 187.4 538.5 318.7 80
