2021008641 0.700 320.1 97.5 393.3 155.2 80
2021008641 0.697 403.3 271.8 433.7 315.1 80
2021008641 0.692 212.8 112.9 288.9 252.0 80
2021008641 0.685 62.5 1.4 431.8 374.7 14
2021008641 0.681 202.3 111.3 415.6 367.8 80
2021008641 0.676 138.4 185.3 412.9 370.4 80
2021008641 0.664 412.1 271.9 437.4 313.2 80
2021008641 0.664 221.4 134.2 298.3 250.7 80
2021008641 0.664 205.8 114.8 310.4 256.9 80
2021008641 0.661 408.0 274.8 436.7 308.7 80
2021008641 0.661 197.0 105.9 422.1 371.2 11
2021008641 0.654 192.3 121.0 422.8 373.9 80
2021008641 0.652 73.7 147.0 425.8 373.3 80
2021008641 0.630 62.4 2.1 439.9 375.8 80
2021008641 0.629 493.7 258.5 499.6 324.9 80
2021008641 0.628 332.8 110.3 391.0 161.3 80
2021008641 0.625 53.2 249.4 433.7 371.0 80
2021008641 0.623 478.1 339.5 500.0 376.3 80
2021008641 0.621 70.6 82.1 435.1 371.2 80
2021008641 0.616 143.2 7.5 428.4 374.2 80
2021008641 0.594 210.0 106.5 412.3 348.2 80
2021008641 0.559 190.8 127.4 437.3 369.1 80
2021008641 0.555 56.8 6.6 428.1 323.5 80
2021008641 0.553 63.9 2.1 406.1 375.7 80
2021008641 0.542 87.2 124.5 420.6 366.9 80
2021008641 0.538 65.9 101.7 416.5 368.9 80
2021008641 0.534 495.0 135.3 500.2 301.6 80
2021008641 0.530 68.3 -1.4 393.4 367.6 80
2021008641 0.445 61.0 222.4 413.9 376.8 80
2021008641 0.410 499.0 44.2 500.3 144.0 80
2021008641 0.406 494.7 109.9 500.4 344.5 80
2021008641 0.405 77.3 348.5 431.5 376.5 80
2021008641 0.402 207.4 111.5 304.9 263.2 80
2021008641 0.350 207.4 111.5 304.9 263.2 11
2021008641 0.308 1.0 67.9 3.6 175.0 80
2021008641 0.298 496.1 236.9 501.2 364.1 80
2021008641 0.281 0.7 115.5 3.3 271.6 80
2021008641 0.263 498.6 27.0 500.4 287.8 80
2021008641 0.254 76.1 0.1 329.2 368.7 80
2021008641 0.248 487.9 2.2 502.1 358.6 80
2021008641 0.238 0.7 188.9 3.9 336.5 80
2021008641 0.221 0.3 2.2 4.8 81.0 80
2021008641 0.204 52.6 42.1 386.6 339.8 80
2021008641 0.199 0.3 40.5 8.3 248.6 80
2021008641 0.198 -0.4 55.3 10.7 345.6 80
2021008641 0.181 -5.1 331.8 33.9 381.5 80
2021008641 0.180 78.4 87.2 402.8 335.2 80
2021008641 0.173 242.4 269.1 465.4 381.1 80
2021008641 0.169 -1.5 39.8 26.5 341.5 80
2021008641 0.166 -2.2 205.4 36.4 382.7 80
2021008641 0.163 214.4 336.4 412.0 380.8 80
2021008641 0.152 35.1 321.9 278.0 377.1 80
2021008641 0.146 272.1 225.2 341.3 280.9 80
2021008641 0.145 249.1 210.5 382.6 311.2 80
2021008641 0.142 197.0 105.9 422.1 371.2 14
2021008641 0.140 36.2 194.4 346.3 357.7 80
2021008641 0.139 -3.0 221.9 212.7 365.8 80
2021008641 0.136 390.6 74.7 491.8 321.3 80
2021008641 0.136 -43.6 -0.5 453.9 9.6 80
2021008641 0.135 248.5 134.5 464.1 330.1 80
2021008641 0.135 44.8 361.1 178.7 377.1 80
2021008641 0.131 386.6 344.6 487.7 374.1 80
2021008641 0.131 216.6 197.4 369.2 301.3 80
2021008641 0.131 15.4 343.0 102.8 373.2 80
2021008641 0.129 2.3 112.4 96.1 352.1 80
2021008641 0.129 38.3 124.7 324.4 318.6 80
2021008641 0.128 110.1 355.5 252.7 377.0 80
2021008641 0.127 164.2 188.2 273.5 322.9 80
2021008641 0.126 5.9 172.6 281.0 326.3 80
2021008641 0.126 332.1 356.1 444.9 379.2 80
2021008641 0.124 325.5 231.4 403.4 293.4 80
2021008641 0.123 5.4 132.0 208.8 310.6 80
2021008641 0.121 117.9 181.9 209.6 291.6 80
2021008641 0.119 124.6 107.7 333.0 243.5 80
2021008641 0.117 35.2 101.8 248.7 297.4 80
2021008641 0.116 39.9 98.5 223.8 295.3 80
2021008641 0.116 -1.9 134.6 227.0 215.2 80
2021008641 0.115 60.9 93.7 297.1 191.9 80
2021008641 0.115 304.0 150.9 491.0 231.3 80
2021008641 0.113 26.8 190.8 86.5 278.8 80
2021008641 0.113 -51.8 97.1 178.0 163.1 80
2021008641 0.111 48.0 47.1 478.3 159.4 80
2021008641 0.110 -101.6 24.2 179.5 67.7 80
2021008641 0.107 -3.8 2.7 482.0 91.6 80
2021008641 0.107 128.7 63.6 538.2 167.7 80
2021008641 0.106 299.8 73.1 614.9 177.7 80
2021008641 0.106 -103.9 7.9 384.8 50.6 80
2021008641 0.105 209.9 7.8 680.3 48.4 80
2021008641 0.104 -48.9 -4.5 448.6 60.8 80
2021008641 0.103 -155.1 7.4 343.1 38.3 80
2021008641 0.102 69.1 -4.4 568.0 40.7 80
2021008641 0.100 253.6 8.7 708.0 43.8 80
2021008641 0.097 62.5 1.4 431.8 374.7 80
2021008641 0.094 -161.1 -2.6 224.2 22.8 80
2021008641 0.094 239.0 -0.1 737.2 21.2 80
2021008641 0.093 -139.2 -0.2 359.7 23.7 80
2021008641 0.092 -185.8 1.6 313.0 25.7 80
2021008641 0.091 -90.6 0.1 408.4 24.3 80
2021008641 0.091 81.2 -1.6 580.2 21.6 80
2021008641 0.091 124.8 -1.8 623.8 26.0 80
2021008641 0.700 320.1 97.5 393.3 155.2 80
2021008641 0.697 403.3 271.8 433.7 315.1 80
2021008641 0.692 212.8 112.9 288.9 252.0 80
2021008641 0.685 62.5 1.4 431.8 374.7 14
2021008641 0.681 202.3 111.3 415.6 367.8 80
2021008641 0.676 138.4 185.3 412.9 370.4 80
2021008641 0.664 412.1 271.9 437.4 313.2 80
2021008641 0.664 221.4 134.2 298.3 250.7 80
2021008641 0.664 205.8 114.8 310.4 256.9 80
2021008641 0.661 408.0 274.8 436.7 308.7 80
2021008641 0.661 197.0 105.9 422.1 371.2 11
2021008641 0.654 192.3 121.0 422.8 373.9 80
2021008641 0.652 73.7 147.0 425.8 373.3 80
2021008641 0.630 62.4 2.1 439.9 375.8 80
2021008641 0.629 493.7 258.5 499.6 324.9 80
2021008641 0.628 332.8 110.3 391.0 161.3 80
2021008641 0.625 53.2 249.4 433.7 371.0 80
2021008641 0.623 478.1 339.5 500.0 376.3 80
2021008641 0.621 70.6 82.1 435.1 371.2 80
2021008641 0.616 143.2 7.5 428.4 374.2 80
2021008641 0.594 210.0 106.5 412.3 348.2 80
2021008641 0.559 190.8 127.4 437.3 369.1 80
2021008641 0.555 56.8 6.6 428.1 323.5 80
2021008641 0.553 63.9 2.1 406.1 375.7 80
2021008641 0.542 87.2 124.5 420.6 366.9 80
2021008641 0.538 65.9 101.7 416.5 368.9 80
2021008641 0.534 495.0 135.3 500.2 301.6 80
2021008641 0.530 68.3 -1.4 393.4 367.6 80
2021008641 0.445 61.0 222.4 413.9 376.8 80
2021008641 0.410 499.0 44.2 500.3 144.0 80
2021008641 0.406 494.7 109.9 500.4 344.5 80
2021008641 0.405 77.3 348.5 431.5 376.5 80
2021008641 0.402 207.4 111.5 304.9 263.2 80
2021008641 0.350 207.4 111.5 304.9 263.2 11
2021008641 0.308 1.0 67.9 3.6 175.0 80
2021008641 0.298 496.1 236.9 501.2 364.1 80
2021008641 0.281 0.7 115.5 3.3 271.6 80
2021008641 0.263 498.6 27.0 500.4 287.8 80
2021008641 0.254 76.1 0.1 329.2 368.7 80
2021008641 0.248 487.9 2.2 502.1 358.6 80
2021008641 0.238 0.7 188.9 3.9 336.5 80
2021008641 0.221 0.3 2.2 4.8 81.0 80
2021008641 0.204 52.6 42.1 386.6 339.8 80
2021008641 0.199 0.3 40.5 8.3 248.6 80
2021008641 0.198 -0.4 55.3 10.7 345.6 80
2021008641 0.181 -5.1 331.8 33.9 381.5 80
2021008641 0.180 78.4 87.2 402.8 335.2 80
2021008641 0.173 242.4 269.1 465.4 381.1 80
2021008641 0.169 -1.5 39.8 26.5 341.5 80
2021008641 0.166 -2.2 205.4 36.4 382.7 80
2021008641 0.163 214.4 336.4 412.0 380.8 80
2021008641 0.152 35.1 321.9 278.0 377.1 80
2021008641 0.146 272.1 225.2 341.3 280.9 80
2021008641 0.145 249.1 210.5 382.6 311.2 80
2021008641 0.142 197.0 105.9 422.1 371.2 14
2021008641 0.140 36.2 194.4 346.3 357.7 80
2021008641 0.139 -3.0 221.9 212.7 365.8 80
2021008641 0.136 390.6 74.7 491.8 321.3 80
2021008641 0.136 -43.6 -0.5 453.9 9.6 80
2021008641 0.135 248.5 134.5 464.1 330.1 80
2021008641 0.135 44.8 361.1 178.7 377.1 80
2021008641 0.131 386.6 344.6 487.7 374.1 80
2021008641 0.131 216.6 197.4 369.2 301.3 80
2021008641 0.131 15.4 343.0 102.8 373.2 80
2021008641 0.129 2.3 112.4 96.1 352.1 80
2021008641 0.129 38.3 124.7 324.4 318.6 80
2021008641 0.128 110.1 355.5 252.7 377.0 80
2021008641 0.127 164.2 188.2 273.5 322.9 80
2021008641 0.126 5.9 172.6 281.0 326.3 80
2021008641 0.126 332.1 356.1 444.9 379.2 80
2021008641 0.124 325.5 231.4 403.4 293.4 80
2021008641 0.123 5.4 132.0 208.8 310.6 80
2021008641 0.121 117.9 181.9 209.6 291.6 80
2021008641 0.119 124.6 107.7 333.0 243.5 80
2021008641 0.117 35.2 101.8 248.7 297.4 80
2021008641 0.116 39.9 98.5 223.8 295.3 80
2021008641 0.116 -1.9 134.6 227.0 215.2 80
2021008641 0.115 60.9 93.7 297.1 191.9 80
2021008641 0.115 304.0 150.9 491.0 231.3 80
2021008641 0.113 26.8 190.8 86.5 278.8 80
2021008641 0.113 -51.8 97.1 178.0 163.1 80
2021008641 0.111 48.0 47.1 478.3 159.4 80
2021008641 0.110 -101.6 24.2 179.5 67.7 80
2021008641 0.107 -3.8 2.7 482.0 91.6 80
2021008641 0.107 128.7 63.6 538.2 167.7 80
2021008641 0.106 299.8 73.1 614.9 177.7 80
2021008641 0.106 -103.9 7.9 384.8 50.6 80
2021008641 0.105 209.9 7.8 680.3 48.4 80
2021008641 0.104 -48.9 -4.5 448.6 60.8 80
2021008641 0.103 -155.1 7.4 343.1 38.3 80
2021008641 0.102 69.1 -4.4 568.0 40.7 80
2021008641 0.100 253.6 8.7 708.0 43.8 80
2021008641 0.097 62.5 1.4 431.8 374.7 80
2021008641 0.094 -161.1 -2.6 224.2 22.8 80
2021008641 0.094 239.0 -0.1 737.2 21.2 80
2021008641 0.093 -139.2 -0.2 359.7 23.7 80
2021008641 0.092 -185.8 1.6 313.0 25.7 80
2021008641 0.091 -90.6 0.1 408.4 24.3 80
2021008641 0.091 81.2 -1.6 580.2 21.6 80
2021008641 0.091 124.8 -1.8 623.8 26.0 80
2021008641 0.000 242.0 73.2 372.7 227.7 80
2021008641 0.000 0.9 43.1 103.5 247.8 80
2021008641 0.000 143.7 135.9 210.3 202.4 80
2021008641 0.000 211.4 111.8 275.3 178.0 80
2021008641 0.000 371.0 109.2 486.3 268.7 80
2021008641 0.000 255.8 137.9 317.1 204.5 80
2021008641 0.000 156.6 31.4 304.0 211.6 80
2021008641 0.000 45.5 217.8 107.4 288.9 80
2021008641 0.000 136.3 82.3 207.6 151.5 80
2021008641 0.000 81.5 117.6 146.9 186.5 80
2021008641 0.000 197.9 51.8 272.4 119.8 80
2021008641 0.000 453.6 128.4 499.6 211.2 80
2021008641 0.000 387.8 97.3 461.7 164.2 80
2021008641 0.000 348.6 145.3 411.0 211.1 80
2021008641 0.000 136.9 218.3 201.8 292.7 80
2021008641 0.000 19.5 26.1 206.5 194.8 80
2021008641 0.000 1.5 201.3 48.0 285.0 80
2021008641 0.000 297.9 170.7 359.9 236.2 80
2021008641 0.000 453.4 192.9 499.6 275.6 80
2021008641 0.000 356.3 197.7 415.7 265.7 80
2021008641 0.000 313.5 100.9 376.2 167.7 80
2021008641 0.000 323.9 8.3 496.6 191.8 80
2021008641 0.000 287.5 132.8 485.8 257.7 80
2021008641 0.000 205.6 160.1 267.3 225.4 80
2021008641 0.000 0.9 125.8 102.1 357.9 80
2021008641 0.000 33.3 127.4 166.8 276.8 80
2021008641 0.000 1.0 151.5 47.1 234.6 80
2021008641 0.000 89.9 187.8 149.8 253.9 80
2021008641 0.000 449.0 54.1 499.7 153.4 80
2021008641 0.000 117.9 161.9 233.2 316.5 80
2021008641 0.000 218.0 251.8 286.7 331.9 80
2021008641 0.000 149.3 172.2 210.8 237.6 80
2021008641 0.000 410.1 176.6 474.8 242.3 80
2021008641 0.000 27.0 155.1 94.9 220.9 80
2021008641 0.000 323.9 218.2 384.1 295.1 80
2021008641 0.000 202.7 116.7 319.1 275.9 80
2021008641 0.000 177.6 56.6 471.2 267.4 80
2021008641 0.000 252.3 124.0 366.8 347.9 80
2021008641 0.000 0.5 90.4 51.3 173.8 80
2021008641 0.000 0.7 22.0 51.8 106.0 80
2021008641 0.000 46.4 108.1 284.6 258.9 80
2021008641 0.000 101.1 50.5 245.1 317.1 80
2021008641 0.000 255.5 3.7 329.5 73.3 80
2021008641 0.000 322.9 47.5 406.2 116.3 80
2021008641 0.000 43.3 21.4 383.8 258.4 80
2021008641 0.000 0.6 249.6 58.3 369.8 80
2021008641 0.000 178.6 220.3 238.0 300.5 80
2021008641 0.000 442.7 245.1 499.6 368.5 80
2021008641 0.000 398.6 113.5 499.6 355.5 80
2021008641 0.000 10.6 10.6 491.5 199.6 80
2021008641 0.000 258.6 42.4 428.2 311.1 80
2021008641 0.000 90.0 16.9 408.1 364.6 80
2021008641 0.000 256.1 169.2 365.6 301.9 80
2021008641 0.000 -2.4 5.4 286.1 371.6 80
2021008641 0.000 8.1 89.0 229.6 370.1 80
2021008641 0.000 0.7 22.9 146.6 363.6 80
2021008641 0.000 213.1 6.1 497.0 372.7 80
2021008641 0.000 131.2 78.4 368.1 365.5 80
2021008641 0.000 156.2 201.7 351.1 369.4 80
2021008641 0.000 170.3 106.4 310.3 353.3 80
2021008641 0.000 153.4 21.0 355.4 360.9 80
2021008641 0.000 357.6 18.1 500.9 361.1 80
2021008641 0.000 68.8 68.1 447.4 321.4 80
2021008641 0.000 177.0 8.2 417.9 127.1 80
2021008641 0.000 43.6 254.9 289.5 373.6 80
2021008641 0.000 2.3 68.4 366.1 369.3 80
2021008641 0.000 5.1 279.1 130.5 374.3 80
2021008641 0.000 12.0 183.0 185.2 365.8 80
2021008641 0.000 305.3 180.1 482.3 365.0 80
2021008641 0.000 220.0 199.0 278.3 264.7 80
2021008641 0.000 24.3 146.3 338.1 364.6 80
2021008641 0.000 2.5 1.3 412.8 373.0 80
2021008641 0.000 150.8 131.3 355.6 228.6 80
2021008641 0.000 274.3 86.1 490.6 373.1 80
2021008641 0.000 3.0 228.5 496.0 374.4 80
2021008641 0.000 220.7 257.3 474.7 373.5 80
2021008641 0.000 84.5 1.1 496.2 372.9 80
2021008641 0.000 158.6 67.8 495.0 371.2 80
2021008641 0.000 157.9 150.5 463.3 364.9 80
2021008641 0.000 362.6 245.1 494.3 368.9 80
2021008641 0.000 44.4 60.6 117.3 136.8 80
2021008641 0.000 129.9 101.9 365.9 294.0 80
2021008641 0.000 22.3 43.4 477.5 366.6 80
2021008641 0.000 60.2 142.4 409.5 272.0 80
2021008641 0.000 0.4 100.8 499.0 366.5 80
2021008641 0.000 244.0 202.0 298.7 273.9 80
2021008641 0.000 12.6 94.7 489.8 271.8 80
2021008641 0.000 0.8 0.3 499.7 373.9 80
2021008641 0.000 1.3 18.3 498.9 309.8 80
2021008641 0.000 286.3 250.3 340.8 319.0 80
2021008641 0.000 424.2 6.2 498.9 85.7 80
2021008641 0.000 12.6 94.7 489.8 271.8 0
2021008641 0.000 0.8 0.3 499.7 373.9 7
2021008641 0.000 8.1 89.0 229.6 370.1 14
2021008641 0.000 258.6 42.4 428.2 311.1 14
2021008641 0.000 101.1 50.5 245.1 317.1 14
2021008641 0.000 170.3 106.4 310.3 353.3 14
2021008641 0.000 274.3 86.1 490.6 373.1 14
2021008641 0.000 153.4 21.0 355.4 360.9 14
2021008641 0.000 213.1 6.1 497.0 372.7 14
