2021004049 0.702 12.0 108.8 72.9 260.8 80
2021004049 0.684 -0.4 3.1 327.0 302.3 80
2021004049 0.682 295.5 2.0 471.9 244.5 80
2021004049 0.681 432.8 450.4 472.7 498.7 80
2021004049 0.674 19.2 1.2 345.9 182.0 80
2021004049 0.672 1.3 284.8 469.3 494.9 80
2021004049 0.672 296.5 -1.3 468.2 241.4 80
2021004049 0.669 76.9 6.4 178.5 127.4 80
2021004049 0.665 2.4 -1.6 152.0 292.9 80
2021004049 0.662 46.1 10.1 159.4 138.3 80
2021004049 0.661 0.9 -2.5 323.8 174.6 80
2021004049 0.661 -7.0 -2.5 323.2 470.5 80
2021004049 0.661 -3.3 1.0 343.2 464.4 14
2021004049 0.651 -15.8 7.2 399.6 405.9 80
2021004049 0.649 2.2 355.4 470.0 498.3 80
2021004049 0.647 0.4 76.8 468.2 491.4 80
2021004049 0.644 3.7 327.3 303.2 460.7 80
2021004049 0.639 38.9 -5.1 162.3 224.9 80
2021004049 0.638 -1.3 3.5 434.5 490.7 80
2021004049 0.635 83.0 393.1 460.9 495.6 80
2021004049 0.626 -2.1 313.2 316.3 461.8 80
2021004049 0.621 4.0 1.1 96.7 70.3 80
2021004049 0.619 283.0 1.4 361.2 34.2 80
2021004049 0.617 -2.2 13.9 330.5 437.1 80
2021004049 0.616 1.9 -3.0 440.3 181.2 80
2021004049 0.612 299.8 -4.6 464.5 442.3 80
2021004049 0.610 289.7 5.0 465.0 460.9 80
2021004049 0.603 186.2 25.7 467.0 494.7 80
2021004049 0.600 253.8 7.9 463.8 504.3 80
2021004049 0.588 179.9 2.6 470.4 501.0 80
2021004049 0.587 -3.0 -18.4 124.9 462.4 80
2021004049 0.582 427.3 -17.1 463.7 396.1 80
2021004049 0.579 0.1 -1.6 124.2 272.3 80
2021004049 0.575 373.9 -2.5 474.2 103.1 80
2021004049 0.573 420.0 0.5 469.2 143.1 80
2021004049 0.571 1.3 23.2 18.3 300.4 80
2021004049 0.571 123.8 0.6 472.8 499.4 80
2021004049 0.568 436.6 -4.7 467.9 256.4 80
2021004049 0.562 -2.7 6.3 337.2 425.2 80
2021004049 0.557 380.5 3.3 469.0 502.3 80
2021004049 0.554 402.3 -1.8 467.9 236.5 80
2021004049 0.542 465.2 101.6 468.9 337.1 80
2021004049 0.540 298.6 1.2 477.8 41.2 80
2021004049 0.537 1.1 8.0 12.4 192.9 80
2021004049 0.527 98.9 2.0 282.3 27.0 80
2021004049 0.523 465.9 262.7 469.3 414.9 80
2021004049 0.509 16.3 223.0 63.7 253.8 80
2021004049 0.506 164.8 1.4 292.1 18.9 80
2021004049 0.504 0.0 -3.6 124.1 224.2 80
2021004049 0.484 0.8 82.6 6.2 352.0 80
2021004049 0.481 5.8 440.2 471.2 503.6 80
2021004049 0.470 279.0 -1.5 464.4 496.7 80
2021004049 0.460 219.6 309.5 256.3 390.5 80
2021004049 0.454 0.4 1.5 467.4 499.4 80
2021004049 0.445 5.0 4.0 284.5 441.0 80
2021004049 0.427 -4.4 10.6 341.0 433.7 80
2021004049 0.416 -2.2 -4.2 23.3 493.7 80
2021004049 0.393 255.0 -0.4 466.0 498.1 14
2021004049 0.366 -1.5 -3.6 127.8 244.4 80
2021004049 0.363 0.3 -0.3 117.6 259.1 14
2021004049 0.362 464.5 -2.3 468.9 492.5 80
2021004049 0.356 0.3 -0.3 117.6 259.1 80
2021004049 0.352 -1.5 -3.6 127.8 244.4 14
2021004049 0.351 67.5 364.9 468.9 495.7 80
2021004049 0.344 -27.0 22.7 348.2 394.2 80
2021004049 0.311 463.9 339.9 469.6 479.4 80
2021004049 0.291 408.6 9.7 467.0 497.7 80
2021004049 0.283 255.0 -0.4 466.0 498.1 80
2021004049 0.229 0.0 -3.6 124.1 224.2 14
2021004049 0.220 147.3 72.1 475.5 462.4 80
2021004049 0.216 -0.0 173.9 5.4 471.8 80
2021004049 0.205 153.6 163.1 479.6 470.6 80
2021004049 0.204 195.0 392.1 470.1 507.5 80
2021004049 0.198 16.3 223.0 63.7 253.8 11
2021004049 0.196 -2.6 36.3 87.7 489.8 80
2021004049 0.195 279.0 -1.5 464.4 496.7 14
2021004049 0.194 0.4 1.5 467.4 499.4 14
2021004049 0.178 402.3 -1.8 467.9 236.5 14
2021004049 0.171 -3.3 402.7 27.0 517.0 80
2021004049 0.170 355.6 467.7 465.3 498.5 80
2021004049 0.165 -0.5 187.3 37.9 514.2 80
2021004049 0.161 120.8 236.0 460.3 466.1 80
2021004049 0.149 57.2 358.2 362.2 491.9 80
2021004049 0.147 15.8 109.4 346.2 393.1 80
2021004049 0.146 267.6 231.0 488.7 482.0 80
2021004049 0.145 16.0 68.3 353.8 387.8 80
2021004049 0.144 70.9 463.9 273.8 505.5 80
2021004049 0.142 110.3 -6.0 578.3 28.4 80
2021004049 0.142 373.9 -2.5 474.2 103.1 14
2021004049 0.141 420.0 0.5 469.2 143.1 14
2021004049 0.141 295.7 479.7 439.2 503.2 80
2021004049 0.141 -12.4 266.5 220.4 482.7 80
2021004049 0.139 123.8 0.6 472.8 499.4 14
2021004049 0.134 44.3 237.8 338.3 432.3 80
2021004049 0.132 5.1 171.9 302.6 397.0 80
2021004049 0.132 0.1 -1.6 124.2 272.3 14
2021004049 0.131 0.3 222.4 268.8 428.0 80
2021004049 0.130 68.9 185.0 360.4 392.1 80
2021004049 0.130 102.0 194.1 425.0 405.1 80
2021004049 0.128 -9.1 151.5 220.5 397.8 80
2021004049 0.702 12.0 108.8 72.9 260.8 80
2021004049 0.684 -0.4 3.1 327.0 302.3 80
2021004049 0.682 295.5 2.0 471.9 244.5 80
2021004049 0.681 432.8 450.4 472.7 498.7 80
2021004049 0.674 19.2 1.2 345.9 182.0 80
2021004049 0.672 1.3 284.8 469.3 494.9 80
2021004049 0.672 296.5 -1.3 468.2 241.4 80
2021004049 0.669 76.9 6.4 178.5 127.4 80
2021004049 0.665 2.4 -1.6 152.0 292.9 80
2021004049 0.662 46.1 10.1 159.4 138.3 80
2021004049 0.661 0.9 -2.5 323.8 174.6 80
2021004049 0.661 -7.0 -2.5 323.2 470.5 80
2021004049 0.661 -3.3 1.0 343.2 464.4 14
2021004049 0.651 -15.8 7.2 399.6 405.9 80
2021004049 0.649 2.2 355.4 470.0 498.3 80
2021004049 0.647 0.4 76.8 468.2 491.4 80
2021004049 0.644 3.7 327.3 303.2 460.7 80
2021004049 0.639 38.9 -5.1 162.3 224.9 80
2021004049 0.638 -1.3 3.5 434.5 490.7 80
2021004049 0.635 83.0 393.1 460.9 495.6 80
2021004049 0.626 -2.1 313.2 316.3 461.8 80
2021004049 0.621 4.0 1.1 96.7 70.3 80
2021004049 0.619 283.0 1.4 361.2 34.2 80
2021004049 0.617 -2.2 13.9 330.5 437.1 80
2021004049 0.616 1.9 -3.0 440.3 181.2 80
2021004049 0.612 299.8 -4.6 464.5 442.3 80
2021004049 0.610 289.7 5.0 465.0 460.9 80
2021004049 0.603 186.2 25.7 467.0 494.7 80
2021004049 0.600 253.8 7.9 463.8 504.3 80
2021004049 0.588 179.9 2.6 470.4 501.0 80
2021004049 0.587 -3.0 -18.4 124.9 462.4 80
2021004049 0.582 427.3 -17.1 463.7 396.1 80
2021004049 0.579 0.1 -1.6 124.2 272.3 80
2021004049 0.575 373.9 -2.5 474.2 103.1 80
2021004049 0.573 420.0 0.5 469.2 143.1 80
2021004049 0.571 1.3 23.2 18.3 300.4 80
2021004049 0.571 123.8 0.6 472.8 499.4 80
2021004049 0.568 436.6 -4.7 467.9 256.4 80
2021004049 0.562 -2.7 6.3 337.2 425.2 80
2021004049 0.557 380.5 3.3 469.0 502.3 80
2021004049 0.554 402.3 -1.8 467.9 236.5 80
2021004049 0.542 465.2 101.6 468.9 337.1 80
2021004049 0.540 298.6 1.2 477.8 41.2 80
2021004049 0.537 1.1 8.0 12.4 192.9 80
2021004049 0.527 98.9 2.0 282.3 27.0 80
2021004049 0.523 465.9 262.7 469.3 414.9 80
2021004049 0.509 16.3 223.0 63.7 253.8 80
2021004049 0.506 164.8 1.4 292.1 18.9 80
2021004049 0.504 0.0 -3.6 124.1 224.2 80
2021004049 0.484 0.8 82.6 6.2 352.0 80
2021004049 0.481 5.8 440.2 471.2 503.6 80
2021004049 0.470 279.0 -1.5 464.4 496.7 80
2021004049 0.460 219.6 309.5 256.3 390.5 80
2021004049 0.454 0.4 1.5 467.4 499.4 80
2021004049 0.445 5.0 4.0 284.5 441.0 80
2021004049 0.427 -4.4 10.6 341.0 433.7 80
2021004049 0.416 -2.2 -4.2 23.3 493.7 80
2021004049 0.393 255.0 -0.4 466.0 498.1 14
2021004049 0.366 -1.5 -3.6 127.8 244.4 80
2021004049 0.363 0.3 -0.3 117.6 259.1 14
2021004049 0.362 464.5 -2.3 468.9 492.5 80
2021004049 0.356 0.3 -0.3 117.6 259.1 80
2021004049 0.352 -1.5 -3.6 127.8 244.4 14
2021004049 0.351 67.5 364.9 468.9 495.7 80
2021004049 0.344 -27.0 22.7 348.2 394.2 80
2021004049 0.311 463.9 339.9 469.6 479.4 80
2021004049 0.291 408.6 9.7 467.0 497.7 80
2021004049 0.283 255.0 -0.4 466.0 498.1 80
2021004049 0.229 0.0 -3.6 124.1 224.2 14
2021004049 0.220 147.3 72.1 475.5 462.4 80
2021004049 0.216 -0.0 173.9 5.4 471.8 80
2021004049 0.205 153.6 163.1 479.6 470.6 80
2021004049 0.204 195.0 392.1 470.1 507.5 80
2021004049 0.198 16.3 223.0 63.7 253.8 11
2021004049 0.196 -2.6 36.3 87.7 489.8 80
2021004049 0.195 279.0 -1.5 464.4 496.7 14
2021004049 0.194 0.4 1.5 467.4 499.4 14
2021004049 0.178 402.3 -1.8 467.9 236.5 14
2021004049 0.171 -3.3 402.7 27.0 517.0 80
2021004049 0.170 355.6 467.7 465.3 498.5 80
2021004049 0.165 -0.5 187.3 37.9 514.2 80
2021004049 0.161 120.8 236.0 460.3 466.1 80
2021004049 0.149 57.2 358.2 362.2 491.9 80
2021004049 0.147 15.8 109.4 346.2 393.1 80
2021004049 0.146 267.6 231.0 488.7 482.0 80
2021004049 0.145 16.0 68.3 353.8 387.8 80
2021004049 0.144 70.9 463.9 273.8 505.5 80
2021004049 0.142 110.3 -6.0 578.3 28.4 80
2021004049 0.142 373.9 -2.5 474.2 103.1 14
2021004049 0.141 420.0 0.5 469.2 143.1 14
2021004049 0.141 295.7 479.7 439.2 503.2 80
2021004049 0.141 -12.4 266.5 220.4 482.7 80
2021004049 0.139 123.8 0.6 472.8 499.4 14
2021004049 0.134 44.3 237.8 338.3 432.3 80
2021004049 0.132 5.1 171.9 302.6 397.0 80
2021004049 0.132 0.1 -1.6 124.2 272.3 14
2021004049 0.131 0.3 222.4 268.8 428.0 80
2021004049 0.130 68.9 185.0 360.4 392.1 80
2021004049 0.130 102.0 194.1 425.0 405.1 80
2021004049 0.128 -9.1 151.5 220.5 397.8 80
2021004049 0.000 343.9 141.4 460.6 353.4 80
2021004049 0.000 200.6 105.4 385.1 265.4 80
2021004049 0.000 1.1 58.2 97.1 327.8 80
2021004049 0.000 93.7 207.8 238.1 407.0 80
2021004049 0.000 185.9 214.1 258.7 300.7 80
2021004049 0.000 13.6 170.5 174.3 357.9 80
2021004049 0.000 135.8 40.6 299.5 272.4 80
2021004049 0.000 258.1 184.2 468.1 337.6 80
2021004049 0.000 125.0 181.9 207.8 268.5 80
2021004049 0.000 189.5 150.1 268.0 236.4 80
2021004049 0.000 80.3 248.0 144.0 339.0 80
2021004049 0.000 0.6 200.6 44.4 312.5 80
2021004049 0.000 230.1 187.4 308.9 272.7 80
2021004049 0.000 425.4 256.6 468.6 368.6 80
2021004049 0.000 421.3 73.8 468.8 202.5 80
2021004049 0.000 425.4 170.5 468.7 282.2 80
2021004049 0.000 153.1 72.7 456.6 365.4 80
2021004049 0.000 130.2 230.3 208.3 316.4 80
2021004049 0.000 1.2 267.4 45.1 381.3 80
2021004049 0.000 379.6 236.3 450.5 323.9 80
2021004049 0.000 269.8 229.6 348.3 315.4 80
2021004049 0.000 0.9 169.6 96.5 476.3 80
2021004049 0.000 37.5 295.2 107.1 385.0 80
2021004049 0.000 326.7 267.6 398.3 359.3 80
2021004049 0.000 316.9 196.8 396.8 282.3 80
2021004049 0.000 65.3 160.1 150.4 245.7 80
2021004049 0.000 17.8 207.2 96.9 294.1 80
2021004049 0.000 30.8 142.9 280.0 348.6 80
2021004049 0.000 180.5 157.0 313.3 355.3 80
2021004049 0.000 15.1 23.0 201.3 252.4 80
2021004049 0.000 281.3 137.2 367.3 222.3 80
2021004049 0.000 415.3 327.7 468.6 490.4 80
2021004049 0.000 301.4 5.2 471.3 251.1 80
2021004049 0.000 218.3 185.6 371.9 460.2 80
2021004049 0.000 356.2 131.9 441.3 219.2 80
2021004049 0.000 228.5 59.3 418.9 410.8 80
2021004049 0.000 0.4 119.0 48.2 231.6 80
2021004049 0.000 124.1 302.9 199.2 391.1 80
2021004049 0.000 0.4 27.7 48.8 141.4 80
2021004049 0.000 373.7 156.5 469.5 472.9 80
2021004049 0.000 76.9 69.3 250.7 404.0 80
2021004049 0.000 178.4 70.0 263.5 157.2 80
2021004049 0.000 118.8 113.2 205.4 198.7 80
2021004049 0.000 125.2 188.9 351.8 315.7 80
2021004049 0.000 114.7 108.8 355.9 488.1 80
2021004049 0.000 299.9 303.5 370.8 390.8 80
2021004049 0.000 0.9 7.5 467.2 277.3 80
2021004049 0.000 201.7 256.1 384.3 386.6 80
2021004049 0.000 0.6 336.1 54.5 491.2 80
2021004049 0.000 25.0 29.2 375.4 354.3 80
2021004049 0.000 255.9 127.6 464.6 491.8 80
2021004049 0.000 1.4 120.9 223.1 495.1 80
2021004049 0.000 78.0 27.3 391.2 481.9 80
2021004049 0.000 151.1 160.3 306.4 465.1 80
2021004049 0.000 -1.7 10.1 273.6 493.8 80
2021004049 0.000 142.7 103.4 474.2 499.2 80
2021004049 0.000 198.4 9.5 468.9 496.1 80
2021004049 0.000 111.0 142.1 356.9 395.1 80
2021004049 0.000 56.4 102.5 427.4 431.5 80
2021004049 0.000 7.6 193.8 334.3 489.6 80
2021004049 0.000 133.3 288.0 337.7 493.3 80
2021004049 0.000 133.9 207.7 450.9 491.3 80
2021004049 0.000 -0.1 89.8 346.0 488.9 80
2021004049 0.000 335.5 24.2 470.0 480.5 80
2021004049 0.000 19.0 337.4 297.0 499.3 80
2021004049 0.000 4.2 252.0 177.9 490.7 80
2021004049 0.000 273.7 258.2 459.1 492.0 80
2021004049 0.000 190.2 346.0 464.6 500.1 80
2021004049 0.000 234.0 5.4 315.3 96.0 80
2021004049 0.000 41.2 198.2 402.4 375.6 80
2021004049 0.000 2.7 377.9 125.2 499.7 80
2021004049 0.000 128.5 15.4 348.1 488.6 80
2021004049 0.000 -1.6 22.7 138.6 486.0 80
2021004049 0.000 0.8 1.6 391.0 497.1 80
2021004049 0.000 1.0 299.1 467.8 501.3 80
2021004049 0.000 198.7 343.5 279.4 427.0 80
2021004049 0.000 336.6 337.4 464.9 494.7 80
2021004049 0.000 75.5 1.6 467.2 495.9 80
2021004049 0.000 2.4 111.0 468.3 371.7 80
2021004049 0.000 127.6 0.1 433.6 160.6 80
2021004049 0.000 18.1 57.0 448.7 499.1 80
2021004049 0.000 0.6 137.7 468.5 493.7 80
2021004049 0.000 168.1 309.2 235.8 393.6 80
2021004049 0.000 1.1 20.7 468.6 425.3 80
2021004049 0.000 298.5 67.4 386.4 154.2 80
2021004049 0.000 0.8 0.1 468.8 498.9 80
2021004049 0.000 33.0 85.2 118.8 181.1 80
2021004049 0.000 397.6 8.1 468.3 114.3 80
2021004049 0.000 0.8 0.1 468.8 498.9 14
2021004049 0.000 0.8 0.1 468.8 498.9 7
2021004049 0.000 0.8 0.1 468.8 498.9 11
2021004049 0.000 75.5 1.6 467.2 495.9 14
2021004049 0.000 2.4 111.0 468.3 371.7 0
2021004049 0.000 1.4 120.9 223.1 495.1 14
2021004049 0.000 78.0 27.3 391.2 481.9 14
2021004049 0.000 198.4 9.5 468.9 496.1 14
2021004049 0.000 114.7 108.8 355.9 488.1 14
2021004049 0.000 -1.7 10.1 273.6 493.8 14
2021004049 0.000 255.9 127.6 464.6 491.8 14
2021004049 0.000 18.1 57.0 448.7 499.1 14
