2021008097 0.704 87.4 112.3 117.5 131.7 80
2021008097 0.702 166.1 57.5 350.7 317.2 2
2021008097 0.695 330.2 113.6 389.6 156.0 80
2021008097 0.664 0.8 106.7 24.2 166.3 80
2021008097 0.649 465.1 307.7 497.5 332.6 80
2021008097 0.632 2.2 154.3 39.9 196.2 80
2021008097 0.611 87.9 109.1 134.8 131.4 80
2021008097 0.597 13.5 139.0 44.4 169.2 80
2021008097 0.591 37.0 144.2 59.8 165.2 80
2021008097 0.586 18.5 149.5 51.2 175.3 80
2021008097 0.528 173.4 55.5 351.4 309.5 80
2021008097 0.523 495.6 124.3 500.1 219.8 80
2021008097 0.517 2.7 155.0 48.7 199.6 80
2021008097 0.503 496.9 43.7 500.4 149.6 80
2021008097 0.426 496.9 185.0 500.2 289.1 80
2021008097 0.392 3.4 146.8 48.9 180.9 2
2021008097 0.377 6.9 121.9 31.9 234.7 80
2021008097 0.342 3.4 146.8 48.9 180.9 80
2021008097 0.277 498.8 53.3 500.3 189.0 80
2021008097 0.254 497.9 79.8 500.4 286.7 80
2021008097 0.240 0.6 144.3 4.8 310.7 80
2021008097 0.232 0.7 2.9 4.3 87.4 80
2021008097 0.216 145.0 87.0 376.0 301.9 80
2021008097 0.210 2.7 155.0 48.7 199.6 2
2021008097 0.207 160.7 91.1 365.3 294.6 80
2021008097 0.191 169.0 322.8 344.2 334.6 80
2021008097 0.185 -0.2 130.9 25.3 338.4 80
2021008097 0.178 173.7 119.6 337.2 264.8 80
2021008097 0.177 139.1 89.0 363.3 287.8 80
2021008097 0.176 -6.4 304.6 36.1 336.9 80
2021008097 0.164 453.7 101.5 502.1 311.1 80
2021008097 0.162 487.0 102.6 502.4 324.3 80
2021008097 0.157 459.7 266.0 512.2 326.3 80
2021008097 0.148 339.8 321.6 459.2 335.3 80
2021008097 0.147 316.2 191.5 511.3 321.3 80
2021008097 0.145 206.2 184.1 295.5 272.1 80
2021008097 0.144 183.5 187.9 229.4 243.1 80
2021008097 0.140 69.0 291.4 198.9 330.6 80
2021008097 0.140 7.5 180.8 184.8 323.7 80
2021008097 0.140 46.1 321.1 168.1 335.0 80
2021008097 0.139 144.8 197.2 369.9 316.8 80
2021008097 0.139 66.3 191.4 283.9 311.9 80
2021008097 0.139 300.1 302.0 426.8 329.1 80
2021008097 0.138 236.4 181.6 296.5 235.1 80
2021008097 0.138 8.0 141.6 48.8 223.1 80
2021008097 0.138 224.2 193.2 307.4 261.0 80
2021008097 0.138 208.8 286.1 332.4 328.9 80
2021008097 0.136 151.5 281.2 267.8 328.4 80
2021008097 0.136 113.5 317.9 228.0 334.7 80
2021008097 0.136 340.2 109.8 506.3 289.8 80
2021008097 0.135 146.7 159.4 367.2 298.1 80
2021008097 0.134 193.9 175.8 434.8 304.8 80
2021008097 0.133 170.5 313.6 305.2 332.9 80
2021008097 0.132 192.5 160.1 246.2 206.1 80
2021008097 0.131 224.7 172.1 478.7 295.8 80
2021008097 0.131 400.0 309.7 494.8 331.0 80
2021008097 0.130 96.3 162.9 320.4 288.9 80
2021008097 0.129 171.7 120.5 213.4 156.1 80
2021008097 0.129 261.2 140.3 499.4 274.4 80
2021008097 0.129 366.8 148.7 406.3 178.7 80
2021008097 0.129 16.9 302.7 103.0 330.7 80
2021008097 0.129 230.3 171.4 295.8 223.5 80
2021008097 0.129 25.2 158.6 244.4 283.4 80
2021008097 0.128 215.2 124.7 443.7 265.2 80
2021008097 0.127 141.1 119.5 364.1 234.6 80
2021008097 0.126 106.5 112.3 305.1 257.2 80
2021008097 0.125 50.3 139.4 268.1 262.4 80
2021008097 0.125 265.3 313.6 381.1 333.4 80
2021008097 0.124 15.7 127.0 179.9 265.0 80
2021008097 0.123 315.0 218.5 370.3 261.7 80
2021008097 0.123 93.6 163.0 159.6 202.2 80
2021008097 0.122 86.0 213.8 138.8 254.7 80
2021008097 0.122 213.4 112.1 422.5 239.7 80
2021008097 0.121 352.3 200.6 426.3 247.6 80
2021008097 0.121 133.1 198.1 204.2 251.9 80
2021008097 0.119 138.7 167.7 278.3 245.0 80
2021008097 0.119 245.3 154.1 327.2 204.7 80
2021008097 0.118 406.6 181.2 480.1 255.0 80
2021008097 0.118 258.8 171.3 381.1 232.6 80
2021008097 0.117 188.5 160.4 311.4 246.6 80
2021008097 0.115 339.2 145.9 478.0 193.6 80
2021008097 0.114 286.3 118.0 402.2 169.9 80
2021008097 0.113 62.9 169.7 172.9 232.4 80
2021008097 0.112 95.3 98.9 256.5 153.2 80
2021008097 0.107 62.2 10.0 450.2 57.9 80
2021008097 0.107 93.2 16.1 501.6 72.5 80
2021008097 0.107 -62.9 56.1 245.8 112.2 80
2021008097 0.106 357.9 62.1 574.6 126.9 80
2021008097 0.105 260.4 10.1 638.4 46.9 80
2021008097 0.098 238.7 7.4 719.4 36.1 80
2021008097 0.096 2.2 154.3 39.9 196.2 2
2021008097 0.094 72.4 0.3 571.4 23.3 80
2021008097 0.094 18.5 149.5 51.2 175.3 2
2021008097 0.094 -202.8 -2.4 266.8 19.2 80
2021008097 0.094 -184.6 0.4 314.4 21.0 80
2021008097 0.093 -131.2 -3.6 367.8 16.7 80
2021008097 0.093 -89.9 -1.0 409.1 20.5 80
2021008097 0.092 -37.1 -2.4 461.9 18.9 80
2021008097 0.092 155.8 -0.0 654.7 21.5 80
2021008097 0.092 21.1 -2.4 520.1 19.8 80
2021008097 0.704 87.4 112.3 117.5 131.7 80
2021008097 0.702 166.1 57.5 350.7 317.2 2
2021008097 0.695 330.2 113.6 389.6 156.0 80
2021008097 0.664 0.8 106.7 24.2 166.3 80
2021008097 0.649 465.1 307.7 497.5 332.6 80
2021008097 0.632 2.2 154.3 39.9 196.2 80
2021008097 0.611 87.9 109.1 134.8 131.4 80
2021008097 0.597 13.5 139.0 44.4 169.2 80
2021008097 0.591 37.0 144.2 59.8 165.2 80
2021008097 0.586 18.5 149.5 51.2 175.3 80
2021008097 0.528 173.4 55.5 351.4 309.5 80
2021008097 0.523 495.6 124.3 500.1 219.8 80
2021008097 0.517 2.7 155.0 48.7 199.6 80
2021008097 0.503 496.9 43.7 500.4 149.6 80
2021008097 0.426 496.9 185.0 500.2 289.1 80
2021008097 0.392 3.4 146.8 48.9 180.9 2
2021008097 0.377 6.9 121.9 31.9 234.7 80
2021008097 0.342 3.4 146.8 48.9 180.9 80
2021008097 0.277 498.8 53.3 500.3 189.0 80
2021008097 0.254 497.9 79.8 500.4 286.7 80
2021008097 0.240 0.6 144.3 4.8 310.7 80
2021008097 0.232 0.7 2.9 4.3 87.4 80
2021008097 0.216 145.0 87.0 376.0 301.9 80
2021008097 0.210 2.7 155.0 48.7 199.6 2
2021008097 0.207 160.7 91.1 365.3 294.6 80
2021008097 0.191 169.0 322.8 344.2 334.6 80
2021008097 0.185 -0.2 130.9 25.3 338.4 80
2021008097 0.178 173.7 119.6 337.2 264.8 80
2021008097 0.177 139.1 89.0 363.3 287.8 80
2021008097 0.176 -6.4 304.6 36.1 336.9 80
2021008097 0.164 453.7 101.5 502.1 311.1 80
2021008097 0.162 487.0 102.6 502.4 324.3 80
2021008097 0.157 459.7 266.0 512.2 326.3 80
2021008097 0.148 339.8 321.6 459.2 335.3 80
2021008097 0.147 316.2 191.5 511.3 321.3 80
2021008097 0.145 206.2 184.1 295.5 272.1 80
2021008097 0.144 183.5 187.9 229.4 243.1 80
2021008097 0.140 69.0 291.4 198.9 330.6 80
2021008097 0.140 7.5 180.8 184.8 323.7 80
2021008097 0.140 46.1 321.1 168.1 335.0 80
2021008097 0.139 144.8 197.2 369.9 316.8 80
2021008097 0.139 66.3 191.4 283.9 311.9 80
2021008097 0.139 300.1 302.0 426.8 329.1 80
2021008097 0.138 236.4 181.6 296.5 235.1 80
2021008097 0.138 8.0 141.6 48.8 223.1 80
2021008097 0.138 224.2 193.2 307.4 261.0 80
2021008097 0.138 208.8 286.1 332.4 328.9 80
2021008097 0.136 151.5 281.2 267.8 328.4 80
2021008097 0.136 113.5 317.9 228.0 334.7 80
2021008097 0.136 340.2 109.8 506.3 289.8 80
2021008097 0.135 146.7 159.4 367.2 298.1 80
2021008097 0.134 193.9 175.8 434.8 304.8 80
2021008097 0.133 170.5 313.6 305.2 332.9 80
2021008097 0.132 192.5 160.1 246.2 206.1 80
2021008097 0.131 224.7 172.1 478.7 295.8 80
2021008097 0.131 400.0 309.7 494.8 331.0 80
2021008097 0.130 96.3 162.9 320.4 288.9 80
2021008097 0.129 171.7 120.5 213.4 156.1 80
2021008097 0.129 261.2 140.3 499.4 274.4 80
2021008097 0.129 366.8 148.7 406.3 178.7 80
2021008097 0.129 16.9 302.7 103.0 330.7 80
2021008097 0.129 230.3 171.4 295.8 223.5 80
2021008097 0.129 25.2 158.6 244.4 283.4 80
2021008097 0.128 215.2 124.7 443.7 265.2 80
2021008097 0.127 141.1 119.5 364.1 234.6 80
2021008097 0.126 106.5 112.3 305.1 257.2 80
2021008097 0.125 50.3 139.4 268.1 262.4 80
2021008097 0.125 265.3 313.6 381.1 333.4 80
2021008097 0.124 15.7 127.0 179.9 265.0 80
2021008097 0.123 315.0 218.5 370.3 261.7 80
2021008097 0.123 93.6 163.0 159.6 202.2 80
2021008097 0.122 86.0 213.8 138.8 254.7 80
2021008097 0.122 213.4 112.1 422.5 239.7 80
2021008097 0.121 352.3 200.6 426.3 247.6 80
2021008097 0.121 133.1 198.1 204.2 251.9 80
2021008097 0.119 138.7 167.7 278.3 245.0 80
2021008097 0.119 245.3 154.1 327.2 204.7 80
2021008097 0.118 406.6 181.2 480.1 255.0 80
2021008097 0.118 258.8 171.3 381.1 232.6 80
2021008097 0.117 188.5 160.4 311.4 246.6 80
2021008097 0.115 339.2 145.9 478.0 193.6 80
2021008097 0.114 286.3 118.0 402.2 169.9 80
2021008097 0.113 62.9 169.7 172.9 232.4 80
2021008097 0.112 95.3 98.9 256.5 153.2 80
2021008097 0.107 62.2 10.0 450.2 57.9 80
2021008097 0.107 93.2 16.1 501.6 72.5 80
2021008097 0.107 -62.9 56.1 245.8 112.2 80
2021008097 0.106 357.9 62.1 574.6 126.9 80
2021008097 0.105 260.4 10.1 638.4 46.9 80
2021008097 0.098 238.7 7.4 719.4 36.1 80
2021008097 0.096 2.2 154.3 39.9 196.2 2
2021008097 0.094 72.4 0.3 571.4 23.3 80
2021008097 0.094 18.5 149.5 51.2 175.3 2
2021008097 0.094 -202.8 -2.4 266.8 19.2 80
2021008097 0.094 -184.6 0.4 314.4 21.0 80
2021008097 0.093 -131.2 -3.6 367.8 16.7 80
2021008097 0.093 -89.9 -1.0 409.1 20.5 80
2021008097 0.092 -37.1 -2.4 461.9 18.9 80
2021008097 0.092 155.8 -0.0 654.7 21.5 80
2021008097 0.092 21.1 -2.4 520.1 19.8 80
2021008097 0.000 0.8 39.6 103.7 219.9 80
2021008097 0.000 245.1 64.6 370.2 203.1 80
2021008097 0.000 203.1 44.4 266.1 106.7 80
2021008097 0.000 256.6 123.7 316.4 182.9 80
2021008097 0.000 372.7 97.3 484.8 238.7 80
2021008097 0.000 45.9 193.6 106.8 256.8 80
2021008097 0.000 83.8 105.7 144.8 167.7 80
2021008097 0.000 133.1 93.5 218.1 194.0 80
2021008097 0.000 390.5 85.7 458.7 145.2 80
2021008097 0.000 453.6 114.4 499.6 187.5 80
2021008097 0.000 213.4 101.7 273.6 161.0 80
2021008097 0.000 141.4 73.2 202.4 136.6 80
2021008097 0.000 22.0 26.3 202.7 174.0 80
2021008097 0.000 325.8 10.5 494.5 170.4 80
2021008097 0.000 1.5 179.1 48.0 253.0 80
2021008097 0.000 162.0 29.1 299.4 188.1 80
2021008097 0.000 349.9 130.4 409.9 189.0 80
2021008097 0.000 219.9 213.4 281.0 299.7 80
2021008097 0.000 90.6 167.7 149.2 226.6 80
2021008097 0.000 314.7 90.6 375.2 149.9 80
2021008097 0.000 357.4 176.8 415.0 236.3 80
2021008097 0.000 32.4 113.1 167.8 245.7 80
2021008097 0.000 1.0 134.7 47.1 208.2 80
2021008097 0.000 453.4 171.3 499.7 244.6 80
2021008097 0.000 0.5 112.0 102.1 317.8 80
2021008097 0.000 449.1 48.2 499.7 136.2 80
2021008097 0.000 259.7 2.5 324.6 65.8 80
2021008097 0.000 137.6 194.1 201.5 258.6 80
2021008097 0.000 298.6 152.6 359.4 210.5 80
2021008097 0.000 28.5 138.6 93.6 196.8 80
2021008097 0.000 255.4 112.1 363.3 309.4 80
2021008097 0.000 119.1 143.0 232.5 281.2 80
2021008097 0.000 149.8 153.7 210.5 211.6 80
2021008097 0.000 293.1 118.3 480.6 230.7 80
2021008097 0.000 325.6 194.5 382.1 262.6 80
2021008097 0.000 0.7 20.0 51.8 94.1 80
2021008097 0.000 219.9 176.7 278.2 235.5 80
2021008097 0.000 48.8 19.0 377.9 228.3 80
2021008097 0.000 410.2 156.8 474.8 215.0 80
2021008097 0.000 205.3 105.0 317.1 249.4 80
2021008097 0.000 0.7 221.7 58.3 328.6 80
2021008097 0.000 180.1 197.3 238.1 264.5 80
2021008097 0.000 177.0 51.2 471.7 236.8 80
2021008097 0.000 49.5 97.5 281.8 229.4 80
2021008097 0.000 325.8 41.4 402.7 103.4 80
2021008097 0.000 101.1 43.9 244.3 277.4 80
2021008097 0.000 0.3 80.7 51.5 154.3 80
2021008097 0.000 206.3 143.0 267.2 201.4 80
2021008097 0.000 442.7 217.4 499.6 327.4 80
2021008097 0.000 15.1 12.8 486.3 174.5 80
2021008097 0.000 398.5 98.9 499.4 315.8 80
2021008097 0.000 1.5 5.5 282.2 329.9 80
2021008097 0.000 94.9 14.0 401.8 325.0 80
2021008097 0.000 262.6 37.4 424.1 278.3 80
2021008097 0.000 189.1 7.3 402.0 120.4 80
2021008097 0.000 1.1 21.4 146.5 322.8 80
2021008097 0.000 212.9 5.7 497.4 331.0 80
2021008097 0.000 160.6 175.5 349.3 326.9 80
2021008097 0.000 159.4 25.0 350.2 316.2 80
2021008097 0.000 357.7 16.7 501.3 319.9 80
2021008097 0.000 11.5 79.9 225.9 328.5 80
2021008097 0.000 280.6 212.4 336.4 294.2 80
2021008097 0.000 171.4 94.0 308.9 314.0 80
2021008097 0.000 132.8 69.1 366.0 324.4 80
2021008097 0.000 257.5 148.1 363.0 272.1 80
2021008097 0.000 5.0 248.1 130.5 332.4 80
2021008097 0.000 306.3 160.5 481.9 323.9 80
2021008097 0.000 54.0 226.7 278.3 330.9 80
2021008097 0.000 11.7 162.6 185.3 324.9 80
2021008097 0.000 3.3 1.2 410.3 331.1 80
2021008097 0.000 8.2 203.4 491.3 331.4 80
2021008097 0.000 4.9 57.7 361.3 327.9 80
2021008097 0.000 223.1 227.9 472.3 331.4 80
2021008097 0.000 72.1 57.1 444.5 284.5 80
2021008097 0.000 34.1 131.1 327.0 322.2 80
2021008097 0.000 85.7 1.0 494.7 331.0 80
2021008097 0.000 278.1 77.3 486.3 331.0 80
2021008097 0.000 162.7 118.0 345.4 204.8 80
2021008097 0.000 244.5 179.3 298.1 242.7 80
2021008097 0.000 168.6 134.4 451.1 322.0 80
2021008097 0.000 362.2 218.2 494.6 327.3 80
2021008097 0.000 44.5 53.9 117.2 121.5 80
2021008097 0.000 160.2 58.7 492.6 329.0 80
2021008097 0.000 134.9 91.5 359.6 260.9 80
2021008097 0.000 67.7 127.2 402.2 241.5 80
2021008097 0.000 22.5 38.2 474.5 321.3 80
2021008097 0.000 0.6 89.3 498.5 323.8 80
2021008097 0.000 0.8 0.8 499.6 332.2 80
2021008097 0.000 17.2 85.3 483.8 240.0 80
2021008097 0.000 2.5 21.1 497.4 273.2 80
2021008097 0.000 424.3 5.6 498.8 76.0 80
2021008097 0.000 17.2 85.3 483.8 240.0 0
2021008097 0.000 262.6 37.4 424.1 278.3 14
2021008097 0.000 171.4 94.0 308.9 314.0 14
2021008097 0.000 101.1 43.9 244.3 277.4 14
2021008097 0.000 159.4 25.0 350.2 316.2 14
2021008097 0.000 11.5 79.9 225.9 328.5 14
2021008097 0.000 278.1 77.3 486.3 331.0 14
2021008097 0.000 132.8 69.1 366.0 324.4 14
2021008097 0.000 154.2 268.6 238.2 328.2 80
