2021004888 0.723 95.6 189.7 203.6 382.0 7
2021004888 0.664 205.8 190.9 347.1 397.6 7
2021004888 0.638 354.2 455.3 376.6 496.3 80
2021004888 0.601 102.1 191.6 187.8 274.1 80
2021004888 0.597 100.9 192.8 202.1 373.3 80
2021004888 0.570 161.9 185.3 342.1 371.1 80
2021004888 0.541 60.3 188.3 331.9 355.5 80
2021004888 0.534 372.8 115.0 375.0 191.5 80
2021004888 0.513 372.4 232.2 375.3 298.6 80
2021004888 0.502 96.7 191.6 215.5 382.9 80
2021004888 0.492 373.0 313.0 375.4 386.4 80
2021004888 0.491 216.6 188.7 348.0 371.1 80
2021004888 0.475 95.4 195.8 182.4 350.4 80
2021004888 0.435 197.8 193.5 360.6 392.3 80
2021004888 0.416 8.6 205.5 370.9 391.3 80
2021004888 0.408 372.1 12.3 375.7 67.8 80
2021004888 0.383 372.9 111.3 374.9 285.0 80
2021004888 0.381 47.6 183.1 223.7 352.6 80
2021004888 0.353 117.4 208.8 199.9 276.8 80
2021004888 0.348 373.4 206.5 374.9 374.9 80
2021004888 0.335 370.9 65.4 375.1 410.8 80
2021004888 0.328 368.9 107.5 374.4 486.1 80
2021004888 0.319 207.9 166.8 360.3 399.0 80
2021004888 0.308 0.9 200.4 2.8 326.1 80
2021004888 0.289 182.4 195.6 349.8 374.6 80
2021004888 0.274 86.2 192.0 208.9 364.4 80
2021004888 0.270 0.8 101.5 2.5 215.1 80
2021004888 0.248 372.9 335.3 375.6 451.8 80
2021004888 0.232 0.6 283.7 3.2 463.3 80
2021004888 0.230 1.0 65.0 4.4 286.6 80
2021004888 0.224 0.5 6.2 3.2 112.0 80
2021004888 0.213 0.9 85.6 5.9 440.6 80
2021004888 0.201 0.1 396.8 8.6 510.2 80
2021004888 0.198 109.9 292.9 141.7 345.4 80
2021004888 0.193 -0.1 64.4 16.0 431.3 80
2021004888 0.183 2.1 91.2 37.3 523.3 80
2021004888 0.178 1.0 228.7 18.1 498.8 80
2021004888 0.169 12.3 92.2 360.9 392.1 80
2021004888 0.167 263.7 213.2 365.6 487.5 80
2021004888 0.161 237.6 316.3 296.0 397.1 80
2021004888 0.157 252.6 299.0 300.1 353.3 80
2021004888 0.156 225.5 308.5 256.6 353.5 80
2021004888 0.151 215.1 375.0 344.0 505.0 80
2021004888 0.150 198.1 216.3 346.9 435.3 80
2021004888 0.148 39.9 378.7 168.7 503.4 80
2021004888 0.147 53.6 217.8 213.9 360.1 80
2021004888 0.146 149.3 291.3 180.2 335.7 80
2021004888 0.145 98.1 397.2 222.5 494.4 80
2021004888 0.144 142.8 408.7 272.2 497.2 80
2021004888 0.139 1.3 243.4 150.2 491.1 80
2021004888 0.139 114.2 462.3 252.7 501.1 80
2021004888 0.138 123.7 202.4 264.2 285.5 80
2021004888 0.137 143.4 269.1 330.3 443.2 80
2021004888 0.137 88.6 229.1 337.5 365.8 80
2021004888 0.137 82.0 300.5 299.1 466.6 80
2021004888 0.136 11.2 235.1 194.5 419.2 80
2021004888 0.135 37.7 274.2 223.7 452.7 80
2021004888 0.133 18.7 189.9 192.6 332.4 80
2021004888 0.133 63.1 252.6 242.0 408.4 80
2021004888 0.132 182.5 316.0 232.4 373.4 80
2021004888 0.132 363.6 31.3 379.5 192.5 80
2021004888 0.131 92.5 273.1 286.7 429.8 80
2021004888 0.130 255.5 475.9 344.5 504.9 80
2021004888 0.130 261.4 291.4 343.3 374.3 80
2021004888 0.129 33.7 318.6 76.9 389.7 80
2021004888 0.129 12.1 441.2 70.7 496.9 80
2021004888 0.128 275.7 289.4 323.3 347.4 80
2021004888 0.128 127.2 477.9 248.5 503.3 80
2021004888 0.127 13.6 201.4 142.9 397.2 80
2021004888 0.124 198.5 272.8 309.3 361.8 80
2021004888 0.123 311.1 447.0 371.2 496.2 80
2021004888 0.122 171.5 232.1 223.0 294.1 80
2021004888 0.122 105.8 231.9 152.2 297.1 80
2021004888 0.120 34.4 247.4 177.7 343.9 80
2021004888 0.119 84.2 467.6 171.8 502.6 80
2021004888 0.119 36.7 471.9 119.8 504.1 80
2021004888 0.117 197.0 462.7 287.6 499.9 80
2021004888 0.113 -31.7 39.6 76.3 106.0 80
2021004888 0.113 3.8 203.8 162.4 303.2 80
2021004888 0.111 -25.8 152.4 114.9 246.0 80
2021004888 0.110 105.2 71.7 410.3 203.1 80
2021004888 0.109 260.8 95.8 433.0 275.6 80
2021004888 0.109 127.4 41.1 458.6 163.6 80
2021004888 0.108 -43.1 40.2 252.6 127.3 80
2021004888 0.108 29.5 7.9 398.2 122.8 80
2021004888 0.106 -35.2 -2.3 337.8 65.6 80
2021004888 0.106 -92.0 20.9 237.3 96.0 80
2021004888 0.106 164.8 16.3 492.8 116.4 80
2021004888 0.104 1.8 -2.4 375.7 57.6 80
2021004888 0.101 54.9 -7.7 428.9 55.2 80
2021004888 0.100 93.5 -9.4 467.5 46.7 80
2021004888 0.100 -1.1 -5.4 36.1 35.1 80
2021004888 0.094 -137.3 -1.3 236.5 29.8 80
2021004888 0.093 205.8 190.9 347.1 397.6 16
2021004888 0.092 -27.9 -3.6 346.1 30.0 80
2021004888 0.091 -103.8 -1.5 270.0 31.7 80
2021004888 0.091 -66.9 -1.8 307.1 32.6 80
2021004888 0.090 17.2 -3.7 391.2 31.5 80
2021004888 0.090 62.6 -3.9 436.6 28.9 80
2021004888 0.090 120.5 -3.5 494.5 30.8 80
2021004888 0.723 95.6 189.7 203.6 382.0 7
2021004888 0.664 205.8 190.9 347.1 397.6 7
2021004888 0.638 354.2 455.3 376.6 496.3 80
2021004888 0.601 102.1 191.6 187.8 274.1 80
2021004888 0.597 100.9 192.8 202.1 373.3 80
2021004888 0.570 161.9 185.3 342.1 371.1 80
2021004888 0.541 60.3 188.3 331.9 355.5 80
2021004888 0.534 372.8 115.0 375.0 191.5 80
2021004888 0.513 372.4 232.2 375.3 298.6 80
2021004888 0.502 96.7 191.6 215.5 382.9 80
2021004888 0.492 373.0 313.0 375.4 386.4 80
2021004888 0.491 216.6 188.7 348.0 371.1 80
2021004888 0.475 95.4 195.8 182.4 350.4 80
2021004888 0.435 197.8 193.5 360.6 392.3 80
2021004888 0.416 8.6 205.5 370.9 391.3 80
2021004888 0.408 372.1 12.3 375.7 67.8 80
2021004888 0.383 372.9 111.3 374.9 285.0 80
2021004888 0.381 47.6 183.1 223.7 352.6 80
2021004888 0.353 117.4 208.8 199.9 276.8 80
2021004888 0.348 373.4 206.5 374.9 374.9 80
2021004888 0.335 370.9 65.4 375.1 410.8 80
2021004888 0.328 368.9 107.5 374.4 486.1 80
2021004888 0.319 207.9 166.8 360.3 399.0 80
2021004888 0.308 0.9 200.4 2.8 326.1 80
2021004888 0.289 182.4 195.6 349.8 374.6 80
2021004888 0.274 86.2 192.0 208.9 364.4 80
2021004888 0.270 0.8 101.5 2.5 215.1 80
2021004888 0.248 372.9 335.3 375.6 451.8 80
2021004888 0.232 0.6 283.7 3.2 463.3 80
2021004888 0.230 1.0 65.0 4.4 286.6 80
2021004888 0.224 0.5 6.2 3.2 112.0 80
2021004888 0.213 0.9 85.6 5.9 440.6 80
2021004888 0.201 0.1 396.8 8.6 510.2 80
2021004888 0.198 109.9 292.9 141.7 345.4 80
2021004888 0.193 -0.1 64.4 16.0 431.3 80
2021004888 0.183 2.1 91.2 37.3 523.3 80
2021004888 0.178 1.0 228.7 18.1 498.8 80
2021004888 0.169 12.3 92.2 360.9 392.1 80
2021004888 0.167 263.7 213.2 365.6 487.5 80
2021004888 0.161 237.6 316.3 296.0 397.1 80
2021004888 0.157 252.6 299.0 300.1 353.3 80
2021004888 0.156 225.5 308.5 256.6 353.5 80
2021004888 0.151 215.1 375.0 344.0 505.0 80
2021004888 0.150 198.1 216.3 346.9 435.3 80
2021004888 0.148 39.9 378.7 168.7 503.4 80
2021004888 0.147 53.6 217.8 213.9 360.1 80
2021004888 0.146 149.3 291.3 180.2 335.7 80
2021004888 0.145 98.1 397.2 222.5 494.4 80
2021004888 0.144 142.8 408.7 272.2 497.2 80
2021004888 0.139 1.3 243.4 150.2 491.1 80
2021004888 0.139 114.2 462.3 252.7 501.1 80
2021004888 0.138 123.7 202.4 264.2 285.5 80
2021004888 0.137 143.4 269.1 330.3 443.2 80
2021004888 0.137 88.6 229.1 337.5 365.8 80
2021004888 0.137 82.0 300.5 299.1 466.6 80
2021004888 0.136 11.2 235.1 194.5 419.2 80
2021004888 0.135 37.7 274.2 223.7 452.7 80
2021004888 0.133 18.7 189.9 192.6 332.4 80
2021004888 0.133 63.1 252.6 242.0 408.4 80
2021004888 0.132 182.5 316.0 232.4 373.4 80
2021004888 0.132 363.6 31.3 379.5 192.5 80
2021004888 0.131 92.5 273.1 286.7 429.8 80
2021004888 0.130 255.5 475.9 344.5 504.9 80
2021004888 0.130 261.4 291.4 343.3 374.3 80
2021004888 0.129 33.7 318.6 76.9 389.7 80
2021004888 0.129 12.1 441.2 70.7 496.9 80
2021004888 0.128 275.7 289.4 323.3 347.4 80
2021004888 0.128 127.2 477.9 248.5 503.3 80
2021004888 0.127 13.6 201.4 142.9 397.2 80
2021004888 0.124 198.5 272.8 309.3 361.8 80
2021004888 0.123 311.1 447.0 371.2 496.2 80
2021004888 0.122 171.5 232.1 223.0 294.1 80
2021004888 0.122 105.8 231.9 152.2 297.1 80
2021004888 0.120 34.4 247.4 177.7 343.9 80
2021004888 0.119 84.2 467.6 171.8 502.6 80
2021004888 0.119 36.7 471.9 119.8 504.1 80
2021004888 0.117 197.0 462.7 287.6 499.9 80
2021004888 0.113 -31.7 39.6 76.3 106.0 80
2021004888 0.113 3.8 203.8 162.4 303.2 80
2021004888 0.111 -25.8 152.4 114.9 246.0 80
2021004888 0.110 105.2 71.7 410.3 203.1 80
2021004888 0.109 260.8 95.8 433.0 275.6 80
2021004888 0.109 127.4 41.1 458.6 163.6 80
2021004888 0.108 -43.1 40.2 252.6 127.3 80
2021004888 0.108 29.5 7.9 398.2 122.8 80
2021004888 0.106 -35.2 -2.3 337.8 65.6 80
2021004888 0.106 -92.0 20.9 237.3 96.0 80
2021004888 0.106 164.8 16.3 492.8 116.4 80
2021004888 0.104 1.8 -2.4 375.7 57.6 80
2021004888 0.101 54.9 -7.7 428.9 55.2 80
2021004888 0.100 93.5 -9.4 467.5 46.7 80
2021004888 0.100 -1.1 -5.4 36.1 35.1 80
2021004888 0.094 -137.3 -1.3 236.5 29.8 80
2021004888 0.093 205.8 190.9 347.1 397.6 16
2021004888 0.092 -27.9 -3.6 346.1 30.0 80
2021004888 0.091 -103.8 -1.5 270.0 31.7 80
2021004888 0.091 -66.9 -1.8 307.1 32.6 80
2021004888 0.090 17.2 -3.7 391.2 31.5 80
2021004888 0.090 62.6 -3.9 436.6 28.9 80
2021004888 0.090 120.5 -3.5 494.5 30.8 80
2021004888 0.000 274.2 138.0 369.7 347.9 80
2021004888 0.000 3.6 170.1 147.4 355.4 80
2021004888 0.000 159.5 102.9 310.9 256.1 80
2021004888 0.000 103.6 47.3 248.7 250.8 80
2021004888 0.000 205.5 188.2 375.2 338.3 80
2021004888 0.000 0.6 39.8 77.2 331.8 80
2021004888 0.000 337.9 85.0 374.9 195.1 80
2021004888 0.000 148.0 215.9 208.1 302.0 80
2021004888 0.000 0.6 172.5 77.2 475.3 80
2021004888 0.000 0.5 200.0 35.7 311.7 80
2021004888 0.000 62.3 251.8 118.1 339.7 80
2021004888 0.000 340.0 254.9 374.9 369.7 80
2021004888 0.000 340.3 170.4 374.8 282.3 80
2021004888 0.000 119.2 71.1 368.6 369.0 80
2021004888 0.000 100.1 182.7 166.4 269.0 80
2021004888 0.000 301.8 236.4 362.2 323.5 80
2021004888 0.000 1.4 268.4 36.0 380.1 80
2021004888 0.000 13.3 207.2 78.7 293.8 80
2021004888 0.000 103.5 230.1 167.4 316.1 80
2021004888 0.000 332.8 333.4 374.2 485.8 80
2021004888 0.000 19.8 142.9 228.6 350.8 80
2021004888 0.000 182.2 186.1 248.8 271.3 80
2021004888 0.000 214.8 230.6 279.9 315.8 80
2021004888 0.000 149.6 149.7 216.4 235.9 80
2021004888 0.000 239.7 3.9 379.0 248.6 80
2021004888 0.000 251.8 196.9 319.2 281.9 80
2021004888 0.000 298.6 156.7 375.3 472.3 80
2021004888 0.000 52.2 160.7 120.5 246.1 80
2021004888 0.000 260.5 271.5 321.0 357.5 80
2021004888 0.000 0.4 28.2 39.1 140.9 80
2021004888 0.000 181.5 63.4 337.0 411.1 80
2021004888 0.000 8.3 22.9 168.3 245.8 80
2021004888 0.000 100.0 187.3 279.6 316.6 80
2021004888 0.000 144.1 160.5 252.6 355.3 80
2021004888 0.000 208.1 135.6 368.6 491.0 80
2021004888 0.000 0.5 118.7 38.5 231.7 80
2021004888 0.000 177.6 201.0 296.7 451.0 80
2021004888 0.000 79.0 193.2 190.1 412.5 80
2021004888 0.000 1.4 2.6 374.5 276.2 80
2021004888 0.000 27.4 295.8 88.6 385.4 80
2021004888 0.000 224.5 138.9 294.4 223.7 80
2021004888 0.000 0.7 336.0 43.4 492.6 80
2021004888 0.000 22.2 33.5 298.9 344.9 80
2021004888 0.000 142.3 71.5 211.7 157.2 80
2021004888 0.000 118.9 167.3 248.8 462.4 80
2021004888 0.000 91.7 112.8 285.5 485.5 80
2021004888 0.000 -2.7 123.0 182.9 494.6 80
2021004888 0.000 284.1 135.0 354.1 220.6 80
2021004888 0.000 83.3 133.0 290.8 394.5 80
2021004888 0.000 113.3 104.8 380.6 498.3 80
2021004888 0.000 58.8 31.2 318.3 478.2 80
2021004888 0.000 6.2 193.7 267.3 491.0 80
2021004888 0.000 109.2 282.4 267.9 494.0 80
2021004888 0.000 55.4 65.2 206.8 408.4 80
2021004888 0.000 269.0 26.2 375.4 479.9 80
2021004888 0.000 95.1 114.2 164.6 199.4 80
2021004888 0.000 109.6 216.1 358.3 491.7 80
2021004888 0.000 -1.2 257.1 145.8 493.4 80
2021004888 0.000 6.2 329.7 246.3 497.1 80
2021004888 0.000 157.3 9.2 376.5 496.0 80
2021004888 0.000 221.4 257.5 366.2 491.0 80
2021004888 0.000 -1.9 97.8 279.1 495.3 80
2021004888 0.000 2.8 375.1 99.7 499.1 80
2021004888 0.000 -1.9 10.2 220.9 494.3 80
2021004888 0.000 42.1 106.1 344.7 433.9 80
2021004888 0.000 99.8 304.0 159.9 387.7 80
2021004888 0.000 150.3 350.1 373.1 499.9 80
2021004888 0.000 30.7 199.4 324.1 375.2 80
2021004888 0.000 270.4 335.5 370.9 494.4 80
2021004888 0.000 1.1 303.4 374.1 500.9 80
2021004888 0.000 1.0 2.1 312.9 497.1 80
2021004888 0.000 -1.3 22.1 110.8 486.5 80
2021004888 0.000 97.4 13.4 283.8 488.1 80
2021004888 0.000 60.2 2.4 373.5 495.5 80
2021004888 0.000 101.0 -2.3 348.6 159.1 80
2021004888 0.000 0.4 148.7 374.3 495.6 80
2021004888 0.000 12.6 59.4 358.2 501.6 80
2021004888 0.000 1.0 30.2 374.6 444.6 80
2021004888 0.000 2.0 121.5 374.6 375.6 80
2021004888 0.000 166.8 268.0 310.0 390.2 80
2021004888 0.000 0.8 0.3 374.8 499.0 80
2021004888 0.000 185.7 6.4 254.1 97.0 80
2021004888 0.000 156.2 335.2 235.4 426.5 80
2021004888 0.000 136.0 307.5 193.9 389.0 80
2021004888 0.000 238.1 69.8 310.2 155.8 80
2021004888 0.000 319.2 7.2 373.2 114.4 80
2021004888 0.000 243.3 301.9 305.5 381.3 80
2021004888 0.000 24.2 89.9 98.0 179.5 80
2021004888 0.000 0.8 0.3 374.8 499.0 14
2021004888 0.000 114.7 396.1 176.3 484.8 80
2021004888 0.000 0.8 0.3 374.8 499.0 7
2021004888 0.000 0.8 0.3 374.8 499.0 11
2021004888 0.000 60.2 2.4 373.5 495.5 14
2021004888 0.000 58.8 31.2 318.3 478.2 14
2021004888 0.000 157.3 9.2 376.5 496.0 14
2021004888 0.000 -2.7 123.0 182.9 494.6 14
2021004888 0.000 12.6 59.4 358.2 501.6 14
2021004888 0.000 1.0 2.1 312.9 497.1 14
2021004888 0.000 -1.9 10.2 220.9 494.3 14
2021004888 0.000 91.7 112.8 285.5 485.5 14
