2021002424 0.668 203.4 173.0 231.7 202.9 80
2021002424 0.665 421.0 222.5 487.1 286.7 80
2021002424 0.655 401.9 221.9 487.8 289.0 6
2021002424 0.650 407.2 229.1 462.3 280.3 80
2021002424 0.648 131.7 217.5 169.5 250.3 80
2021002424 0.644 405.4 224.8 445.6 264.6 80
2021002424 0.638 404.5 228.1 483.8 290.1 80
2021002424 0.623 221.7 174.9 238.8 197.8 80
2021002424 0.623 474.7 290.6 499.9 321.3 80
2021002424 0.612 437.5 223.3 487.5 272.5 80
2021002424 0.591 168.6 151.9 237.0 247.2 80
2021002424 0.590 142.6 211.3 166.8 229.3 80
2021002424 0.566 133.2 217.2 173.2 251.4 80
2021002424 0.559 137.6 218.9 165.9 248.9 80
2021002424 0.556 163.5 140.3 342.9 262.2 80
2021002424 0.539 157.4 135.5 350.3 265.1 80
2021002424 0.536 152.0 140.4 350.4 262.9 80
2021002424 0.520 112.7 197.3 135.6 229.2 80
2021002424 0.485 421.4 229.3 449.2 254.0 80
2021002424 0.482 132.5 218.6 172.7 251.1 6
2021002424 0.450 497.4 217.8 500.1 268.7 80
2021002424 0.416 153.6 138.9 359.6 265.1 80
2021002424 0.385 138.6 202.3 167.1 238.3 80
2021002424 0.382 497.9 163.4 500.2 224.9 80
2021002424 0.357 167.3 140.2 343.9 268.7 18
2021002424 0.295 176.5 134.8 332.2 235.9 80
2021002424 0.276 499.6 67.6 500.2 116.9 80
2021002424 0.272 186.9 193.2 217.9 229.8 80
2021002424 0.251 0.9 193.0 4.0 297.1 80
2021002424 0.231 0.7 106.2 3.0 217.7 80
2021002424 0.225 0.6 37.7 3.3 139.7 80
2021002424 0.222 0.5 2.9 4.4 64.7 80
2021002424 0.221 498.7 90.8 500.3 236.7 80
2021002424 0.208 167.3 140.2 343.9 268.7 5
2021002424 0.207 0.9 29.0 7.2 206.9 80
2021002424 0.206 -1.8 290.3 22.5 326.8 80
2021002424 0.205 0.9 62.3 8.7 289.4 80
2021002424 0.185 132.5 218.6 172.7 251.1 80
2021002424 0.180 -4.6 -0.8 60.3 8.1 80
2021002424 0.180 0.3 26.7 22.1 290.9 80
2021002424 0.176 433.8 219.3 484.7 264.8 80
2021002424 0.171 0.8 160.2 26.8 328.6 80
2021002424 0.161 103.1 227.2 131.1 253.7 80
2021002424 0.160 308.2 285.1 450.2 323.1 80
2021002424 0.148 102.9 237.1 131.3 261.4 80
2021002424 0.143 251.3 223.5 305.9 260.8 80
2021002424 0.142 311.0 222.8 348.3 255.0 80
2021002424 0.141 148.2 258.6 279.3 321.5 80
2021002424 0.140 81.8 141.4 311.3 214.2 80
2021002424 0.138 183.5 306.7 317.4 326.7 80
2021002424 0.137 209.8 271.7 325.6 319.8 80
2021002424 0.136 141.6 190.8 368.6 290.7 80
2021002424 0.136 288.9 204.4 326.8 233.3 80
2021002424 0.135 247.1 220.2 320.2 266.1 80
2021002424 0.133 176.6 299.5 306.6 324.0 80
2021002424 0.132 303.4 143.5 487.7 265.9 80
2021002424 0.132 18.9 292.6 96.7 321.4 80
2021002424 0.132 202.9 181.9 418.6 279.0 80
2021002424 0.131 3.7 93.0 89.0 304.2 80
2021002424 0.131 -0.4 172.1 202.3 303.9 80
2021002424 0.131 83.5 167.5 337.8 259.9 80
2021002424 0.130 288.1 215.8 336.1 258.6 80
2021002424 0.129 50.7 308.7 158.7 325.6 80
2021002424 0.128 344.8 305.2 450.8 326.9 80
2021002424 0.128 246.8 184.4 286.8 216.5 80
2021002424 0.127 122.3 115.4 380.1 207.0 80
2021002424 0.126 320.5 96.9 484.4 234.8 80
2021002424 0.125 119.6 301.8 215.7 325.7 80
2021002424 0.124 217.1 118.6 449.0 209.8 80
2021002424 0.124 432.7 197.1 469.3 243.8 80
2021002424 0.122 31.7 115.7 222.4 211.8 80
2021002424 0.122 244.9 184.3 457.4 275.9 80
2021002424 0.121 267.7 297.3 373.6 324.3 80
2021002424 0.120 346.1 172.6 393.9 213.8 80
2021002424 0.120 190.2 151.9 240.0 192.0 80
2021002424 0.119 229.2 162.5 288.6 208.9 80
2021002424 0.118 167.3 140.2 343.9 268.7 80
2021002424 0.117 382.2 159.0 442.2 212.5 80
2021002424 0.116 401.9 221.9 487.8 289.0 80
2021002424 0.115 326.8 197.4 384.5 240.2 80
2021002424 0.113 82.5 96.4 254.7 157.8 80
2021002424 0.112 -0.6 118.3 111.8 178.0 80
2021002424 0.112 19.2 142.6 134.5 221.0 80
2021002424 0.110 -96.2 17.7 171.4 52.8 80
2021002424 0.109 181.3 29.3 536.4 80.3 80
2021002424 0.107 55.8 5.1 536.6 35.8 80
2021002424 0.106 -102.7 7.5 378.5 37.2 80
2021002424 0.106 178.8 8.9 636.1 38.7 80
2021002424 0.106 327.6 11.3 629.7 40.0 80
2021002424 0.105 133.2 217.2 173.2 251.4 6
2021002424 0.104 -46.1 1.0 452.5 24.6 80
2021002424 0.103 201.0 6.6 686.2 29.9 80
2021002424 0.103 2.1 1.5 499.8 23.6 80
2021002424 0.101 -156.1 5.6 342.5 27.1 80
2021002424 0.099 132.5 218.6 172.7 251.1 5
2021002424 0.094 70.4 1.2 569.3 21.8 80
2021002424 0.094 -139.1 -0.4 359.7 17.8 80
2021002424 0.094 -38.6 -1.6 460.3 17.7 80
2021002424 0.093 155.2 -0.3 653.8 20.2 80
2021002424 0.093 -93.7 0.6 404.9 20.8 80
2021002424 0.668 203.4 173.0 231.7 202.9 80
2021002424 0.665 421.0 222.5 487.1 286.7 80
2021002424 0.655 401.9 221.9 487.8 289.0 6
2021002424 0.650 407.2 229.1 462.3 280.3 80
2021002424 0.648 131.7 217.5 169.5 250.3 80
2021002424 0.644 405.4 224.8 445.6 264.6 80
2021002424 0.638 404.5 228.1 483.8 290.1 80
2021002424 0.623 221.7 174.9 238.8 197.8 80
2021002424 0.623 474.7 290.6 499.9 321.3 80
2021002424 0.612 437.5 223.3 487.5 272.5 80
2021002424 0.591 168.6 151.9 237.0 247.2 80
2021002424 0.590 142.6 211.3 166.8 229.3 80
2021002424 0.566 133.2 217.2 173.2 251.4 80
2021002424 0.559 137.6 218.9 165.9 248.9 80
2021002424 0.556 163.5 140.3 342.9 262.2 80
2021002424 0.539 157.4 135.5 350.3 265.1 80
2021002424 0.536 152.0 140.4 350.4 262.9 80
2021002424 0.520 112.7 197.3 135.6 229.2 80
2021002424 0.485 421.4 229.3 449.2 254.0 80
2021002424 0.482 132.5 218.6 172.7 251.1 6
2021002424 0.450 497.4 217.8 500.1 268.7 80
2021002424 0.416 153.6 138.9 359.6 265.1 80
2021002424 0.385 138.6 202.3 167.1 238.3 80
2021002424 0.382 497.9 163.4 500.2 224.9 80
2021002424 0.357 167.3 140.2 343.9 268.7 18
2021002424 0.295 176.5 134.8 332.2 235.9 80
2021002424 0.276 499.6 67.6 500.2 116.9 80
2021002424 0.272 186.9 193.2 217.9 229.8 80
2021002424 0.251 0.9 193.0 4.0 297.1 80
2021002424 0.231 0.7 106.2 3.0 217.7 80
2021002424 0.225 0.6 37.7 3.3 139.7 80
2021002424 0.222 0.5 2.9 4.4 64.7 80
2021002424 0.221 498.7 90.8 500.3 236.7 80
2021002424 0.208 167.3 140.2 343.9 268.7 5
2021002424 0.207 0.9 29.0 7.2 206.9 80
2021002424 0.206 -1.8 290.3 22.5 326.8 80
2021002424 0.205 0.9 62.3 8.7 289.4 80
2021002424 0.185 132.5 218.6 172.7 251.1 80
2021002424 0.180 -4.6 -0.8 60.3 8.1 80
2021002424 0.180 0.3 26.7 22.1 290.9 80
2021002424 0.176 433.8 219.3 484.7 264.8 80
2021002424 0.171 0.8 160.2 26.8 328.6 80
2021002424 0.161 103.1 227.2 131.1 253.7 80
2021002424 0.160 308.2 285.1 450.2 323.1 80
2021002424 0.148 102.9 237.1 131.3 261.4 80
2021002424 0.143 251.3 223.5 305.9 260.8 80
2021002424 0.142 311.0 222.8 348.3 255.0 80
2021002424 0.141 148.2 258.6 279.3 321.5 80
2021002424 0.140 81.8 141.4 311.3 214.2 80
2021002424 0.138 183.5 306.7 317.4 326.7 80
2021002424 0.137 209.8 271.7 325.6 319.8 80
2021002424 0.136 141.6 190.8 368.6 290.7 80
2021002424 0.136 288.9 204.4 326.8 233.3 80
2021002424 0.135 247.1 220.2 320.2 266.1 80
2021002424 0.133 176.6 299.5 306.6 324.0 80
2021002424 0.132 303.4 143.5 487.7 265.9 80
2021002424 0.132 18.9 292.6 96.7 321.4 80
2021002424 0.132 202.9 181.9 418.6 279.0 80
2021002424 0.131 3.7 93.0 89.0 304.2 80
2021002424 0.131 -0.4 172.1 202.3 303.9 80
2021002424 0.131 83.5 167.5 337.8 259.9 80
2021002424 0.130 288.1 215.8 336.1 258.6 80
2021002424 0.129 50.7 308.7 158.7 325.6 80
2021002424 0.128 344.8 305.2 450.8 326.9 80
2021002424 0.128 246.8 184.4 286.8 216.5 80
2021002424 0.127 122.3 115.4 380.1 207.0 80
2021002424 0.126 320.5 96.9 484.4 234.8 80
2021002424 0.125 119.6 301.8 215.7 325.7 80
2021002424 0.124 217.1 118.6 449.0 209.8 80
2021002424 0.124 432.7 197.1 469.3 243.8 80
2021002424 0.122 31.7 115.7 222.4 211.8 80
2021002424 0.122 244.9 184.3 457.4 275.9 80
2021002424 0.121 267.7 297.3 373.6 324.3 80
2021002424 0.120 346.1 172.6 393.9 213.8 80
2021002424 0.120 190.2 151.9 240.0 192.0 80
2021002424 0.119 229.2 162.5 288.6 208.9 80
2021002424 0.118 167.3 140.2 343.9 268.7 80
2021002424 0.117 382.2 159.0 442.2 212.5 80
2021002424 0.116 401.9 221.9 487.8 289.0 80
2021002424 0.115 326.8 197.4 384.5 240.2 80
2021002424 0.113 82.5 96.4 254.7 157.8 80
2021002424 0.112 -0.6 118.3 111.8 178.0 80
2021002424 0.112 19.2 142.6 134.5 221.0 80
2021002424 0.110 -96.2 17.7 171.4 52.8 80
2021002424 0.109 181.3 29.3 536.4 80.3 80
2021002424 0.107 55.8 5.1 536.6 35.8 80
2021002424 0.106 -102.7 7.5 378.5 37.2 80
2021002424 0.106 178.8 8.9 636.1 38.7 80
2021002424 0.106 327.6 11.3 629.7 40.0 80
2021002424 0.105 133.2 217.2 173.2 251.4 6
2021002424 0.104 -46.1 1.0 452.5 24.6 80
2021002424 0.103 201.0 6.6 686.2 29.9 80
2021002424 0.103 2.1 1.5 499.8 23.6 80
2021002424 0.101 -156.1 5.6 342.5 27.1 80
2021002424 0.099 132.5 218.6 172.7 251.1 5
2021002424 0.094 70.4 1.2 569.3 21.8 80
2021002424 0.094 -139.1 -0.4 359.7 17.8 80
2021002424 0.094 -38.6 -1.6 460.3 17.7 80
2021002424 0.093 155.2 -0.3 653.8 20.2 80
2021002424 0.093 -93.7 0.6 404.9 20.8 80
2021002424 0.000 0.7 38.0 103.7 213.4 80
2021002424 0.000 246.2 62.8 369.4 197.2 80
2021002424 0.000 204.0 43.3 265.3 104.0 80
2021002424 0.000 84.2 102.9 144.5 163.4 80
2021002424 0.000 257.0 120.5 316.1 178.0 80
2021002424 0.000 45.8 187.7 106.9 249.0 80
2021002424 0.000 373.1 94.7 484.6 231.6 80
2021002424 0.000 141.8 71.4 202.1 133.2 80
2021002424 0.000 453.6 111.1 499.6 181.9 80
2021002424 0.000 125.6 76.7 220.7 192.2 80
2021002424 0.000 24.6 26.2 198.9 169.5 80
2021002424 0.000 325.8 10.8 494.7 164.8 80
2021002424 0.000 390.7 83.4 458.6 140.7 80
2021002424 0.000 1.5 173.8 48.0 245.4 80
2021002424 0.000 213.7 99.1 273.4 156.7 80
2021002424 0.000 90.8 163.0 148.9 220.6 80
2021002424 0.000 261.5 1.8 322.3 64.0 80
2021002424 0.000 350.3 127.0 409.6 184.0 80
2021002424 0.000 219.4 201.3 279.9 292.9 80
2021002424 0.000 163.6 28.6 298.3 182.5 80
2021002424 0.000 1.0 130.7 47.1 201.9 80
2021002424 0.000 32.6 110.0 167.8 238.1 80
2021002424 0.000 357.9 171.4 414.2 229.6 80
2021002424 0.000 449.1 46.9 499.7 132.0 80
2021002424 0.000 0.4 108.8 102.2 308.3 80
2021002424 0.000 315.0 88.3 375.0 145.7 80
2021002424 0.000 453.4 166.2 499.7 237.2 80
2021002424 0.000 28.4 134.4 93.7 190.8 80
2021002424 0.000 138.2 188.9 201.1 251.2 80
2021002424 0.000 256.7 110.7 362.4 300.3 80
2021002424 0.000 150.0 149.4 210.3 205.7 80
2021002424 0.000 298.8 148.4 359.2 204.5 80
2021002424 0.000 119.8 138.7 232.0 273.3 80
2021002424 0.000 0.7 19.4 51.8 91.3 80
2021002424 0.000 327.4 187.9 377.5 255.6 80
2021002424 0.000 220.1 171.6 278.3 228.1 80
2021002424 0.000 327.5 40.8 401.2 101.0 80
2021002424 0.000 0.7 215.1 58.3 318.8 80
2021002424 0.000 180.8 191.7 237.5 255.8 80
2021002424 0.000 50.7 17.6 376.0 220.6 80
2021002424 0.000 205.9 102.8 316.3 243.5 80
2021002424 0.000 410.2 152.3 474.8 208.7 80
2021002424 0.000 299.0 116.1 475.1 224.6 80
2021002424 0.000 50.8 95.3 280.3 222.7 80
2021002424 0.000 180.6 50.8 468.4 227.6 80
2021002424 0.000 17.4 13.5 483.1 168.2 80
2021002424 0.000 4.1 6.6 280.0 319.6 80
2021002424 0.000 442.7 210.7 499.7 317.8 80
2021002424 0.000 0.3 78.5 51.6 149.6 80
2021002424 0.000 206.6 139.3 266.7 195.7 80
2021002424 0.000 99.1 41.3 246.0 266.0 80
2021002424 0.000 191.9 6.4 394.3 121.5 80
2021002424 0.000 96.4 12.9 400.4 316.2 80
2021002424 0.000 398.6 94.9 499.3 306.2 80
2021002424 0.000 280.4 203.6 334.4 286.2 80
2021002424 0.000 264.7 36.9 422.1 270.1 80
2021002424 0.000 162.1 25.8 347.8 306.1 80
2021002424 0.000 357.8 16.7 501.5 310.0 80
2021002424 0.000 1.1 20.8 146.5 313.0 80
2021002424 0.000 213.0 5.6 497.4 321.0 80
2021002424 0.000 164.7 169.1 348.3 316.5 80
2021002424 0.000 12.2 77.8 225.2 318.6 80
2021002424 0.000 173.9 93.0 306.6 303.6 80
2021002424 0.000 135.9 67.7 362.4 314.4 80
2021002424 0.000 306.0 156.3 482.2 314.3 80
2021002424 0.000 4.9 240.8 130.5 322.4 80
2021002424 0.000 58.1 219.7 274.4 320.9 80
2021002424 0.000 11.6 157.8 185.3 315.1 80
2021002424 0.000 3.9 1.2 409.2 321.1 80
2021002424 0.000 10.7 197.6 489.4 321.0 80
2021002424 0.000 257.8 143.4 362.3 265.6 80
2021002424 0.000 224.3 220.9 470.9 321.4 80
2021002424 0.000 86.1 1.0 493.3 321.0 80
2021002424 0.000 6.4 55.2 358.9 317.5 80
2021002424 0.000 38.5 127.6 322.0 312.0 80
2021002424 0.000 280.8 75.8 483.2 320.7 80
2021002424 0.000 74.5 54.5 442.2 274.0 80
2021002424 0.000 168.6 114.5 340.0 200.4 80
2021002424 0.000 244.8 174.0 298.6 233.6 80
2021002424 0.000 44.4 52.3 117.2 117.8 80
2021002424 0.000 171.9 130.5 447.3 311.1 80
2021002424 0.000 162.1 56.4 490.4 318.5 80
2021002424 0.000 361.8 212.3 494.7 317.6 80
2021002424 0.000 136.6 87.3 357.4 252.8 80
2021002424 0.000 0.8 1.3 499.5 322.5 80
2021002424 0.000 70.4 124.3 399.7 233.7 80
2021002424 0.000 0.7 87.1 498.4 313.7 80
2021002424 0.000 22.8 36.7 473.4 310.6 80
2021002424 0.000 20.8 81.7 478.8 230.7 80
2021002424 0.000 3.0 22.4 496.9 264.8 80
2021002424 0.000 424.2 5.5 498.9 73.7 80
2021002424 0.000 20.8 81.7 478.8 230.7 0
2021002424 0.000 264.7 36.9 422.1 270.1 14
2021002424 0.000 99.1 41.3 246.0 266.0 14
2021002424 0.000 173.9 93.0 306.6 303.6 14
2021002424 0.000 162.1 25.8 347.8 306.1 14
2021002424 0.000 12.2 77.8 225.2 318.6 14
2021002424 0.000 135.9 67.7 362.4 314.4 14
2021002424 0.000 152.7 259.6 236.5 317.4 80
2021002424 0.000 280.8 75.8 483.2 320.7 14
