2021005409 0.753 254.3 79.0 457.3 334.6 14
2021005409 0.694 195.7 234.9 360.3 334.0 80
2021005409 0.680 139.5 285.5 226.4 331.3 80
2021005409 0.673 168.6 273.6 250.7 334.0 80
2021005409 0.660 217.8 67.6 458.7 333.1 80
2021005409 0.649 3.0 12.6 297.8 333.3 80
2021005409 0.648 -0.4 66.6 492.3 325.9 80
2021005409 0.635 463.9 311.7 496.4 335.4 80
2021005409 0.634 2.8 21.6 453.9 332.2 80
2021005409 0.633 -2.5 28.6 476.5 330.3 80
2021005409 0.619 243.3 83.8 450.9 327.0 80
2021005409 0.572 252.7 89.2 458.2 323.5 80
2021005409 0.571 8.2 22.8 298.2 328.3 80
2021005409 0.540 9.0 19.8 295.7 332.9 12
2021005409 0.527 16.1 20.6 298.5 334.3 80
2021005409 0.496 4.1 21.2 147.8 332.9 80
2021005409 0.472 498.0 80.9 500.2 144.8 80
2021005409 0.465 123.0 2.0 156.8 15.7 80
2021005409 0.460 -1.2 14.4 62.7 338.0 80
2021005409 0.457 497.8 137.4 500.0 227.6 80
2021005409 0.418 498.4 188.8 500.1 293.9 80
2021005409 0.399 11.9 38.4 301.0 315.6 80
2021005409 0.352 4.6 -0.3 38.3 5.1 80
2021005409 0.272 497.8 64.4 500.5 308.3 80
2021005409 0.258 499.0 58.9 500.2 220.6 80
2021005409 0.243 142.1 319.9 372.6 336.3 80
2021005409 0.230 0.2 2.5 5.0 66.2 80
2021005409 0.228 24.4 64.5 406.4 260.6 80
2021005409 0.210 -0.1 33.7 3.9 130.2 80
2021005409 0.210 -0.0 56.4 3.7 228.5 80
2021005409 0.208 -0.5 160.7 6.0 311.5 80
2021005409 0.188 9.0 19.8 295.7 332.9 80
2021005409 0.180 214.8 182.7 441.5 328.6 80
2021005409 0.176 31.2 52.7 297.7 300.6 80
2021005409 0.176 -4.8 23.0 22.4 327.2 80
2021005409 0.173 487.1 83.9 502.7 361.8 80
2021005409 0.167 224.4 129.1 486.2 310.7 80
2021005409 0.160 444.0 79.7 503.3 330.0 80
2021005409 0.158 274.5 281.0 456.2 338.4 80
2021005409 0.156 470.7 256.2 509.8 328.7 80
2021005409 0.150 248.1 304.8 392.8 338.3 80
2021005409 0.149 -8.7 301.8 41.0 339.5 80
2021005409 0.149 -7.4 187.1 61.8 340.3 80
2021005409 0.145 59.8 278.5 219.6 336.4 80
2021005409 0.144 330.0 322.5 454.5 336.6 80
2021005409 0.143 296.8 207.7 340.9 250.0 80
2021005409 0.142 163.6 316.2 324.9 334.2 80
2021005409 0.139 311.9 95.1 483.4 304.6 80
2021005409 0.139 -13.7 165.5 225.4 324.5 80
2021005409 0.138 304.4 171.6 517.4 324.4 80
2021005409 0.138 63.3 147.5 237.6 291.3 80
2021005409 0.137 -7.0 120.6 287.7 296.6 80
2021005409 0.136 45.9 169.3 301.4 311.2 80
2021005409 0.136 104.4 194.1 403.5 317.1 80
2021005409 0.136 -12.6 82.8 154.0 313.6 80
2021005409 0.135 16.1 20.6 298.5 334.3 12
2021005409 0.134 -7.6 83.8 231.1 290.4 80
2021005409 0.133 72.9 150.1 324.9 289.9 80
2021005409 0.132 314.1 206.9 397.6 290.5 80
2021005409 0.132 393.3 311.5 489.7 332.8 80
2021005409 0.132 150.8 123.0 426.2 282.8 80
2021005409 0.132 316.2 187.5 403.9 246.9 80
2021005409 0.128 131.1 172.5 378.2 300.2 80
2021005409 0.127 -6.6 118.7 35.9 230.2 80
2021005409 0.127 50.7 318.4 160.7 336.7 80
2021005409 0.127 59.7 161.7 177.6 263.9 80
2021005409 0.126 260.1 222.0 309.3 264.5 80
2021005409 0.126 16.7 301.8 106.2 332.5 80
2021005409 0.125 283.7 190.1 395.6 271.4 80
2021005409 0.124 129.1 134.0 331.9 270.1 80
2021005409 0.123 190.5 189.3 248.9 234.4 80
2021005409 0.121 133.5 194.9 225.2 267.3 80
2021005409 0.120 101.3 142.8 195.0 202.7 80
2021005409 0.119 58.1 107.3 192.6 179.8 80
2021005409 0.118 14.5 143.9 110.5 229.2 80
2021005409 0.117 369.1 188.4 479.6 264.9 80
2021005409 0.117 295.8 132.1 384.6 184.7 80
2021005409 0.116 76.3 146.6 227.7 246.4 80
2021005409 0.116 292.4 209.9 384.7 281.1 80
2021005409 0.116 128.6 115.0 254.5 177.9 80
2021005409 0.116 322.5 147.7 467.8 207.5 80
2021005409 0.115 184.6 120.6 336.3 180.4 80
2021005409 0.110 -79.2 53.3 266.5 127.2 80
2021005409 0.108 222.1 35.7 572.2 96.7 80
2021005409 0.107 199.1 193.8 312.4 255.1 80
2021005409 0.107 -136.7 29.0 224.3 86.8 80
2021005409 0.105 292.4 71.8 618.5 155.0 80
2021005409 0.105 47.8 6.6 534.4 63.2 80
2021005409 0.104 216.7 7.5 673.0 41.8 80
2021005409 0.100 292.3 8.5 672.9 40.4 80
2021005409 0.099 73.2 -0.8 572.2 25.2 80
2021005409 0.098 0.7 0.2 499.7 26.2 80
2021005409 0.097 -47.0 -1.0 452.0 30.0 80
2021005409 0.093 -182.3 -1.7 316.7 19.1 80
2021005409 0.093 123.9 -1.6 622.9 22.1 80
2021005409 0.092 -39.1 -0.7 459.9 20.0 80
2021005409 0.091 -136.5 -0.3 362.5 18.9 80
2021005409 0.091 156.0 -0.6 654.9 22.1 80
2021005409 0.091 20.7 -1.6 519.6 21.1 80
2021005409 0.090 201.9 -0.7 700.8 22.0 80
2021005409 0.753 254.3 79.0 457.3 334.6 14
2021005409 0.694 195.7 234.9 360.3 334.0 80
2021005409 0.680 139.5 285.5 226.4 331.3 80
2021005409 0.673 168.6 273.6 250.7 334.0 80
2021005409 0.660 217.8 67.6 458.7 333.1 80
2021005409 0.649 3.0 12.6 297.8 333.3 80
2021005409 0.648 -0.4 66.6 492.3 325.9 80
2021005409 0.635 463.9 311.7 496.4 335.4 80
2021005409 0.634 2.8 21.6 453.9 332.2 80
2021005409 0.633 -2.5 28.6 476.5 330.3 80
2021005409 0.619 243.3 83.8 450.9 327.0 80
2021005409 0.572 252.7 89.2 458.2 323.5 80
2021005409 0.571 8.2 22.8 298.2 328.3 80
2021005409 0.540 9.0 19.8 295.7 332.9 12
2021005409 0.527 16.1 20.6 298.5 334.3 80
2021005409 0.496 4.1 21.2 147.8 332.9 80
2021005409 0.472 498.0 80.9 500.2 144.8 80
2021005409 0.465 123.0 2.0 156.8 15.7 80
2021005409 0.460 -1.2 14.4 62.7 338.0 80
2021005409 0.457 497.8 137.4 500.0 227.6 80
2021005409 0.418 498.4 188.8 500.1 293.9 80
2021005409 0.399 11.9 38.4 301.0 315.6 80
2021005409 0.352 4.6 -0.3 38.3 5.1 80
2021005409 0.272 497.8 64.4 500.5 308.3 80
2021005409 0.258 499.0 58.9 500.2 220.6 80
2021005409 0.243 142.1 319.9 372.6 336.3 80
2021005409 0.230 0.2 2.5 5.0 66.2 80
2021005409 0.228 24.4 64.5 406.4 260.6 80
2021005409 0.210 -0.1 33.7 3.9 130.2 80
2021005409 0.210 -0.0 56.4 3.7 228.5 80
2021005409 0.208 -0.5 160.7 6.0 311.5 80
2021005409 0.188 9.0 19.8 295.7 332.9 80
2021005409 0.180 214.8 182.7 441.5 328.6 80
2021005409 0.176 31.2 52.7 297.7 300.6 80
2021005409 0.176 -4.8 23.0 22.4 327.2 80
2021005409 0.173 487.1 83.9 502.7 361.8 80
2021005409 0.167 224.4 129.1 486.2 310.7 80
2021005409 0.160 444.0 79.7 503.3 330.0 80
2021005409 0.158 274.5 281.0 456.2 338.4 80
2021005409 0.156 470.7 256.2 509.8 328.7 80
2021005409 0.150 248.1 304.8 392.8 338.3 80
2021005409 0.149 -8.7 301.8 41.0 339.5 80
2021005409 0.149 -7.4 187.1 61.8 340.3 80
2021005409 0.145 59.8 278.5 219.6 336.4 80
2021005409 0.144 330.0 322.5 454.5 336.6 80
2021005409 0.143 296.8 207.7 340.9 250.0 80
2021005409 0.142 163.6 316.2 324.9 334.2 80
2021005409 0.139 311.9 95.1 483.4 304.6 80
2021005409 0.139 -13.7 165.5 225.4 324.5 80
2021005409 0.138 304.4 171.6 517.4 324.4 80
2021005409 0.138 63.3 147.5 237.6 291.3 80
2021005409 0.137 -7.0 120.6 287.7 296.6 80
2021005409 0.136 45.9 169.3 301.4 311.2 80
2021005409 0.136 104.4 194.1 403.5 317.1 80
2021005409 0.136 -12.6 82.8 154.0 313.6 80
2021005409 0.135 16.1 20.6 298.5 334.3 12
2021005409 0.134 -7.6 83.8 231.1 290.4 80
2021005409 0.133 72.9 150.1 324.9 289.9 80
2021005409 0.132 314.1 206.9 397.6 290.5 80
2021005409 0.132 393.3 311.5 489.7 332.8 80
2021005409 0.132 150.8 123.0 426.2 282.8 80
2021005409 0.132 316.2 187.5 403.9 246.9 80
2021005409 0.128 131.1 172.5 378.2 300.2 80
2021005409 0.127 -6.6 118.7 35.9 230.2 80
2021005409 0.127 50.7 318.4 160.7 336.7 80
2021005409 0.127 59.7 161.7 177.6 263.9 80
2021005409 0.126 260.1 222.0 309.3 264.5 80
2021005409 0.126 16.7 301.8 106.2 332.5 80
2021005409 0.125 283.7 190.1 395.6 271.4 80
2021005409 0.124 129.1 134.0 331.9 270.1 80
2021005409 0.123 190.5 189.3 248.9 234.4 80
2021005409 0.121 133.5 194.9 225.2 267.3 80
2021005409 0.120 101.3 142.8 195.0 202.7 80
2021005409 0.119 58.1 107.3 192.6 179.8 80
2021005409 0.118 14.5 143.9 110.5 229.2 80
2021005409 0.117 369.1 188.4 479.6 264.9 80
2021005409 0.117 295.8 132.1 384.6 184.7 80
2021005409 0.116 76.3 146.6 227.7 246.4 80
2021005409 0.116 292.4 209.9 384.7 281.1 80
2021005409 0.116 128.6 115.0 254.5 177.9 80
2021005409 0.116 322.5 147.7 467.8 207.5 80
2021005409 0.115 184.6 120.6 336.3 180.4 80
2021005409 0.110 -79.2 53.3 266.5 127.2 80
2021005409 0.108 222.1 35.7 572.2 96.7 80
2021005409 0.107 199.1 193.8 312.4 255.1 80
2021005409 0.107 -136.7 29.0 224.3 86.8 80
2021005409 0.105 292.4 71.8 618.5 155.0 80
2021005409 0.105 47.8 6.6 534.4 63.2 80
2021005409 0.104 216.7 7.5 673.0 41.8 80
2021005409 0.100 292.3 8.5 672.9 40.4 80
2021005409 0.099 73.2 -0.8 572.2 25.2 80
2021005409 0.098 0.7 0.2 499.7 26.2 80
2021005409 0.097 -47.0 -1.0 452.0 30.0 80
2021005409 0.093 -182.3 -1.7 316.7 19.1 80
2021005409 0.093 123.9 -1.6 622.9 22.1 80
2021005409 0.092 -39.1 -0.7 459.9 20.0 80
2021005409 0.091 -136.5 -0.3 362.5 18.9 80
2021005409 0.091 156.0 -0.6 654.9 22.1 80
2021005409 0.091 20.7 -1.6 519.6 21.1 80
2021005409 0.090 201.9 -0.7 700.8 22.0 80
2021005409 0.000 0.8 39.7 103.7 220.6 80
2021005409 0.000 245.1 64.8 370.2 203.7 80
2021005409 0.000 203.1 44.5 266.1 107.0 80
2021005409 0.000 256.6 124.0 316.4 183.4 80
2021005409 0.000 372.7 97.6 484.8 239.4 80
2021005409 0.000 45.9 194.2 106.8 257.6 80
2021005409 0.000 83.8 106.0 144.8 168.1 80
2021005409 0.000 133.1 93.8 218.1 194.6 80
2021005409 0.000 390.5 86.0 458.7 145.6 80
2021005409 0.000 453.6 114.7 499.6 188.1 80
2021005409 0.000 213.4 102.0 273.6 161.5 80
2021005409 0.000 141.4 73.5 202.4 137.0 80
2021005409 0.000 22.2 26.3 202.4 174.5 80
2021005409 0.000 325.8 10.5 494.5 170.9 80
2021005409 0.000 1.5 179.6 48.0 253.8 80
2021005409 0.000 162.1 29.2 299.4 188.6 80
2021005409 0.000 349.9 130.8 409.9 189.5 80
2021005409 0.000 219.9 214.0 281.0 300.6 80
2021005409 0.000 90.6 168.2 149.2 227.3 80
2021005409 0.000 314.7 90.9 375.2 150.4 80
2021005409 0.000 357.4 177.3 415.0 237.0 80
2021005409 0.000 32.3 113.5 167.9 246.4 80
2021005409 0.000 1.0 135.1 47.1 208.8 80
2021005409 0.000 453.4 171.8 499.7 245.3 80
2021005409 0.000 0.5 112.3 102.1 318.8 80
2021005409 0.000 449.1 48.3 499.7 136.6 80
2021005409 0.000 259.7 2.5 324.6 66.0 80
2021005409 0.000 137.6 194.7 201.5 259.4 80
2021005409 0.000 298.6 153.1 359.4 211.2 80
2021005409 0.000 28.5 139.0 93.6 197.4 80
2021005409 0.000 255.4 112.4 363.3 310.3 80
2021005409 0.000 119.1 143.5 232.5 282.1 80
2021005409 0.000 149.8 154.1 210.5 212.3 80
2021005409 0.000 293.0 118.7 480.6 231.4 80
2021005409 0.000 325.5 195.1 382.1 263.4 80
2021005409 0.000 0.7 20.0 51.8 94.4 80
2021005409 0.000 219.9 177.2 278.2 236.2 80
2021005409 0.000 48.8 19.0 377.9 228.9 80
2021005409 0.000 410.2 157.3 474.7 215.7 80
2021005409 0.000 205.3 105.4 317.1 250.1 80
2021005409 0.000 0.7 222.4 58.3 329.6 80
2021005409 0.000 180.1 197.9 238.1 265.3 80
2021005409 0.000 177.0 51.4 471.7 237.5 80
2021005409 0.000 49.5 97.8 281.8 230.1 80
2021005409 0.000 325.8 41.5 402.7 103.7 80
2021005409 0.000 101.1 44.0 244.3 278.2 80
2021005409 0.000 0.3 80.9 51.5 154.7 80
2021005409 0.000 206.3 143.4 267.1 202.0 80
2021005409 0.000 442.7 218.1 499.6 328.4 80
2021005409 0.000 15.1 12.8 486.3 175.0 80
2021005409 0.000 398.5 99.3 499.4 316.7 80
2021005409 0.000 1.5 5.5 282.2 330.9 80
2021005409 0.000 94.9 14.0 401.8 325.9 80
2021005409 0.000 262.6 37.5 424.1 279.1 80
2021005409 0.000 189.1 7.3 402.1 120.7 80
2021005409 0.000 1.1 21.5 146.5 323.8 80
2021005409 0.000 160.6 176.0 349.3 327.9 80
2021005409 0.000 212.9 5.7 497.4 332.0 80
2021005409 0.000 159.4 25.0 350.2 317.2 80
2021005409 0.000 11.5 80.1 225.9 329.5 80
2021005409 0.000 357.6 16.8 501.4 320.8 80
2021005409 0.000 280.6 213.0 336.4 295.1 80
2021005409 0.000 171.4 94.3 308.9 315.0 80
2021005409 0.000 132.8 69.4 366.0 325.4 80
2021005409 0.000 257.5 148.5 363.0 273.0 80
2021005409 0.000 5.0 248.8 130.5 333.4 80
2021005409 0.000 306.3 161.0 481.9 324.9 80
2021005409 0.000 54.0 227.3 278.3 331.9 80
2021005409 0.000 11.7 163.1 185.3 325.9 80
2021005409 0.000 3.3 1.2 410.3 332.1 80
2021005409 0.000 8.1 204.0 491.3 332.4 80
2021005409 0.000 4.9 57.9 361.3 328.9 80
2021005409 0.000 223.1 228.5 472.3 332.4 80
2021005409 0.000 72.1 57.3 444.4 285.3 80
2021005409 0.000 34.1 131.5 327.1 323.2 80
2021005409 0.000 85.7 1.0 494.7 332.0 80
2021005409 0.000 278.1 77.5 486.3 332.0 80
2021005409 0.000 162.7 118.3 345.3 205.4 80
2021005409 0.000 244.5 179.9 298.0 243.4 80
2021005409 0.000 168.6 134.8 451.1 323.0 80
2021005409 0.000 362.2 218.9 494.6 328.3 80
2021005409 0.000 44.5 54.1 117.2 121.9 80
2021005409 0.000 160.2 58.9 492.6 330.0 80
2021005409 0.000 134.9 91.8 359.7 261.7 80
2021005409 0.000 67.7 127.6 402.2 242.2 80
2021005409 0.000 22.4 38.3 474.4 322.3 80
2021005409 0.000 0.6 89.6 498.5 324.7 80
2021005409 0.000 0.8 0.8 499.6 333.2 80
2021005409 0.000 17.1 85.6 484.0 240.8 80
2021005409 0.000 2.5 21.1 497.4 274.0 80
2021005409 0.000 424.3 5.6 498.8 76.2 80
2021005409 0.000 17.1 85.6 484.0 240.8 0
2021005409 0.000 262.6 37.5 424.1 279.1 14
2021005409 0.000 171.4 94.3 308.9 315.0 14
2021005409 0.000 101.1 44.0 244.3 278.2 14
2021005409 0.000 159.4 25.0 350.2 317.2 14
2021005409 0.000 11.5 80.1 225.9 329.5 14
2021005409 0.000 278.1 77.5 486.3 332.0 14
2021005409 0.000 132.8 69.4 366.0 325.4 14
2021005409 0.000 154.2 269.4 238.2 329.2 80
