2021000000346638 0.730 161.2 227.7 215.9 313.5 80
2021000000346638 0.720 133.7 239.7 211.8 314.2 80
2021000000346638 0.714 565.7 288.7 637.9 379.6 80
2021000000346638 0.711 574.5 292.8 642.4 424.0 80
2021000000346638 0.710 157.5 226.3 211.1 309.5 80
2021000000346638 0.706 209.0 212.0 307.7 319.8 80
2021000000346638 0.685 566.2 287.9 632.7 399.4 80
2021000000346638 0.679 324.8 4.1 552.5 339.9 80
2021000000346638 0.672 459.9 64.8 566.6 438.4 4
2021000000346638 0.670 333.7 5.9 591.1 312.8 80
2021000000346638 0.669 212.0 213.8 309.2 319.3 80
2021000000346638 0.661 332.6 8.5 497.2 311.0 80
2021000000346638 0.658 392.7 426.1 631.9 479.6 80
2021000000346638 0.620 403.0 447.7 483.4 479.0 80
2021000000346638 0.617 610.4 430.7 639.9 479.1 80
2021000000346638 0.602 168.1 247.0 209.6 307.8 80
2021000000346638 0.602 -7.0 282.9 248.6 477.3 80
2021000000346638 0.596 348.6 -10.1 588.8 457.0 80
2021000000346638 0.592 466.3 67.7 569.1 422.2 80
2021000000346638 0.579 629.8 240.0 639.6 365.3 80
2021000000346638 0.578 630.1 279.5 639.8 431.1 80
2021000000346638 0.524 394.3 434.0 572.7 482.7 80
2021000000346638 0.494 16.1 447.2 634.8 479.1 80
2021000000346638 0.493 399.0 0.2 575.7 449.8 80
2021000000346638 0.491 485.4 91.7 556.4 232.3 80
2021000000346638 0.472 230.9 464.9 474.2 479.0 80
2021000000346638 0.470 634.9 107.4 640.5 325.9 80
2021000000346638 0.459 463.5 76.4 563.3 362.0 80
2021000000346638 0.419 1.5 303.4 6.8 432.1 80
2021000000346638 0.414 606.0 -25.4 645.2 452.7 80
2021000000346638 0.406 634.2 49.3 640.7 404.8 80
2021000000346638 0.367 1.3 236.8 5.0 352.5 80
2021000000346638 0.285 449.4 238.0 581.8 438.4 80
2021000000346638 0.239 239.6 276.7 279.1 329.7 80
2021000000346638 0.235 0.3 10.6 5.3 118.4 80
2021000000346638 0.223 0.5 60.6 4.1 198.6 80
2021000000346638 0.214 0.1 87.1 10.1 429.3 80
2021000000346638 0.214 1.3 34.6 8.4 304.1 80
2021000000346638 0.194 112.8 3.8 534.5 479.7 80
2021000000346638 0.194 -4.5 429.3 39.6 485.0 80
2021000000346638 0.179 475.9 180.1 533.1 270.7 80
2021000000346638 0.178 0.1 233.4 30.5 485.4 80
2021000000346638 0.175 332.1 71.9 520.0 337.9 80
2021000000346638 0.165 -1.0 45.7 40.6 427.1 80
2021000000346638 0.164 29.0 355.9 341.6 484.0 80
2021000000346638 0.148 479.4 448.7 628.5 479.8 80
2021000000346638 0.147 428.5 121.2 628.5 408.1 80
2021000000346638 0.142 11.4 423.9 156.1 482.0 80
2021000000346638 0.141 258.7 291.0 558.1 455.2 80
2021000000346638 0.141 132.9 306.5 517.9 458.6 80
2021000000346638 0.140 407.8 143.1 607.3 408.4 80
2021000000346638 0.139 158.9 424.4 376.2 475.8 80
2021000000346638 0.139 434.5 174.9 559.3 371.6 80
2021000000346638 0.139 54.6 273.8 388.3 450.6 80
2021000000346638 0.139 -0.7 124.0 143.6 466.2 80
2021000000346638 0.137 328.4 232.4 596.0 445.4 80
2021000000346638 0.137 267.3 441.1 440.0 475.1 80
2021000000346638 0.135 292.4 134.6 574.3 399.7 80
2021000000346638 0.133 43.6 92.5 235.4 396.2 80
2021000000346638 0.132 164.8 258.9 486.7 432.2 80
2021000000346638 0.131 195.4 292.7 291.7 359.5 80
2021000000346638 0.130 36.2 218.2 303.4 419.8 80
2021000000346638 0.130 91.4 241.3 427.0 418.6 80
2021000000346638 0.130 282.1 270.1 390.2 342.6 80
2021000000346638 0.130 149.1 222.6 496.5 395.1 80
2021000000346638 0.129 20.6 152.4 240.2 412.9 80
2021000000346638 0.129 221.1 182.8 514.9 397.4 80
2021000000346638 0.126 58.3 458.3 211.2 483.4 80
2021000000346638 0.124 146.4 456.7 303.2 481.7 80
2021000000346638 0.121 251.1 252.6 319.8 310.8 80
2021000000346638 0.121 295.6 172.0 421.4 287.7 80
2021000000346638 0.120 336.6 212.3 458.9 327.4 80
2021000000346638 0.120 114.1 162.1 351.4 324.4 80
2021000000346638 0.120 18.4 139.4 166.8 358.3 80
2021000000346638 0.118 74.5 239.1 178.7 309.2 80
2021000000346638 0.118 223.5 185.0 321.1 259.3 80
2021000000346638 0.114 253.3 139.9 456.5 234.5 80
2021000000346638 0.114 141.7 163.7 287.1 249.6 80
2021000000346638 0.113 1.9 165.1 138.1 250.4 80
2021000000346638 0.111 227.6 219.0 425.6 319.4 80
2021000000346638 0.109 -131.5 35.3 231.8 97.5 80
2021000000346638 0.107 -65.2 30.4 426.3 104.6 80
2021000000346638 0.107 142.1 20.4 635.2 131.2 80
2021000000346638 0.105 -50.2 -0.1 578.7 55.2 80
2021000000346638 0.105 326.3 85.8 807.1 260.1 80
2021000000346638 0.105 -175.2 14.0 420.1 67.7 80
2021000000346638 0.104 14.4 1.2 643.9 48.1 80
2021000000346638 0.104 182.4 -17.4 779.2 87.8 80
2021000000346638 0.102 343.8 18.0 867.4 117.9 80
2021000000346638 0.101 110.0 -4.4 738.7 53.4 80
2021000000346638 0.094 -192.7 -4.4 273.4 29.0 80
2021000000346638 0.094 -47.4 -3.0 591.6 24.4 80
2021000000346638 0.093 -236.0 -0.4 402.8 29.8 80
2021000000346638 0.093 -114.2 -2.3 524.8 28.5 80
2021000000346638 0.093 -177.6 -2.1 461.0 29.0 80
2021000000346638 0.091 207.5 -6.8 846.5 28.6 80
2021000000346638 0.091 105.5 -2.8 744.5 25.6 80
2021000000346638 0.090 36.3 -5.5 675.3 26.3 80
2021000000346638 0.090 259.3 -1.8 898.2 30.3 80
2021000000346638 0.089 296.1 1.3 935.0 35.0 80
2021000000346638 0.730 161.2 227.7 215.9 313.5 80
2021000000346638 0.720 133.7 239.7 211.8 314.2 80
2021000000346638 0.714 565.7 288.7 637.9 379.6 80
2021000000346638 0.711 574.5 292.8 642.4 424.0 80
2021000000346638 0.710 157.5 226.3 211.1 309.5 80
2021000000346638 0.706 209.0 212.0 307.7 319.8 80
2021000000346638 0.685 566.2 287.9 632.7 399.4 80
2021000000346638 0.679 324.8 4.1 552.5 339.9 80
2021000000346638 0.672 459.9 64.8 566.6 438.4 4
2021000000346638 0.670 333.7 5.9 591.1 312.8 80
2021000000346638 0.669 212.0 213.8 309.2 319.3 80
2021000000346638 0.661 332.6 8.5 497.2 311.0 80
2021000000346638 0.658 392.7 426.1 631.9 479.6 80
2021000000346638 0.620 403.0 447.7 483.4 479.0 80
2021000000346638 0.617 610.4 430.7 639.9 479.1 80
2021000000346638 0.602 168.1 247.0 209.6 307.8 80
2021000000346638 0.602 -7.0 282.9 248.6 477.3 80
2021000000346638 0.596 348.6 -10.1 588.8 457.0 80
2021000000346638 0.592 466.3 67.7 569.1 422.2 80
2021000000346638 0.579 629.8 240.0 639.6 365.3 80
2021000000346638 0.578 630.1 279.5 639.8 431.1 80
2021000000346638 0.524 394.3 434.0 572.7 482.7 80
2021000000346638 0.494 16.1 447.2 634.8 479.1 80
2021000000346638 0.493 399.0 0.2 575.7 449.8 80
2021000000346638 0.491 485.4 91.7 556.4 232.3 80
2021000000346638 0.472 230.9 464.9 474.2 479.0 80
2021000000346638 0.470 634.9 107.4 640.5 325.9 80
2021000000346638 0.459 463.5 76.4 563.3 362.0 80
2021000000346638 0.419 1.5 303.4 6.8 432.1 80
2021000000346638 0.414 606.0 -25.4 645.2 452.7 80
2021000000346638 0.406 634.2 49.3 640.7 404.8 80
2021000000346638 0.367 1.3 236.8 5.0 352.5 80
2021000000346638 0.285 449.4 238.0 581.8 438.4 80
2021000000346638 0.239 239.6 276.7 279.1 329.7 80
2021000000346638 0.235 0.3 10.6 5.3 118.4 80
2021000000346638 0.223 0.5 60.6 4.1 198.6 80
2021000000346638 0.214 0.1 87.1 10.1 429.3 80
2021000000346638 0.214 1.3 34.6 8.4 304.1 80
2021000000346638 0.194 112.8 3.8 534.5 479.7 80
2021000000346638 0.194 -4.5 429.3 39.6 485.0 80
2021000000346638 0.179 475.9 180.1 533.1 270.7 80
2021000000346638 0.178 0.1 233.4 30.5 485.4 80
2021000000346638 0.175 332.1 71.9 520.0 337.9 80
2021000000346638 0.165 -1.0 45.7 40.6 427.1 80
2021000000346638 0.164 29.0 355.9 341.6 484.0 80
2021000000346638 0.148 479.4 448.7 628.5 479.8 80
2021000000346638 0.147 428.5 121.2 628.5 408.1 80
2021000000346638 0.142 11.4 423.9 156.1 482.0 80
2021000000346638 0.141 258.7 291.0 558.1 455.2 80
2021000000346638 0.141 132.9 306.5 517.9 458.6 80
2021000000346638 0.140 407.8 143.1 607.3 408.4 80
2021000000346638 0.139 158.9 424.4 376.2 475.8 80
2021000000346638 0.139 434.5 174.9 559.3 371.6 80
2021000000346638 0.139 54.6 273.8 388.3 450.6 80
2021000000346638 0.139 -0.7 124.0 143.6 466.2 80
2021000000346638 0.137 328.4 232.4 596.0 445.4 80
2021000000346638 0.137 267.3 441.1 440.0 475.1 80
2021000000346638 0.135 292.4 134.6 574.3 399.7 80
2021000000346638 0.133 43.6 92.5 235.4 396.2 80
2021000000346638 0.132 164.8 258.9 486.7 432.2 80
2021000000346638 0.131 195.4 292.7 291.7 359.5 80
2021000000346638 0.130 36.2 218.2 303.4 419.8 80
2021000000346638 0.130 91.4 241.3 427.0 418.6 80
2021000000346638 0.130 282.1 270.1 390.2 342.6 80
2021000000346638 0.130 149.1 222.6 496.5 395.1 80
2021000000346638 0.129 20.6 152.4 240.2 412.9 80
2021000000346638 0.129 221.1 182.8 514.9 397.4 80
2021000000346638 0.126 58.3 458.3 211.2 483.4 80
2021000000346638 0.124 146.4 456.7 303.2 481.7 80
2021000000346638 0.121 251.1 252.6 319.8 310.8 80
2021000000346638 0.121 295.6 172.0 421.4 287.7 80
2021000000346638 0.120 336.6 212.3 458.9 327.4 80
2021000000346638 0.120 114.1 162.1 351.4 324.4 80
2021000000346638 0.120 18.4 139.4 166.8 358.3 80
2021000000346638 0.118 74.5 239.1 178.7 309.2 80
2021000000346638 0.118 223.5 185.0 321.1 259.3 80
2021000000346638 0.114 253.3 139.9 456.5 234.5 80
2021000000346638 0.114 141.7 163.7 287.1 249.6 80
2021000000346638 0.113 1.9 165.1 138.1 250.4 80
2021000000346638 0.111 227.6 219.0 425.6 319.4 80
2021000000346638 0.109 -131.5 35.3 231.8 97.5 80
2021000000346638 0.107 -65.2 30.4 426.3 104.6 80
2021000000346638 0.107 142.1 20.4 635.2 131.2 80
2021000000346638 0.105 -50.2 -0.1 578.7 55.2 80
2021000000346638 0.105 326.3 85.8 807.1 260.1 80
2021000000346638 0.105 -175.2 14.0 420.1 67.7 80
2021000000346638 0.104 14.4 1.2 643.9 48.1 80
2021000000346638 0.104 182.4 -17.4 779.2 87.8 80
2021000000346638 0.102 343.8 18.0 867.4 117.9 80
2021000000346638 0.101 110.0 -4.4 738.7 53.4 80
2021000000346638 0.094 -192.7 -4.4 273.4 29.0 80
2021000000346638 0.094 -47.4 -3.0 591.6 24.4 80
2021000000346638 0.093 -236.0 -0.4 402.8 29.8 80
2021000000346638 0.093 -114.2 -2.3 524.8 28.5 80
2021000000346638 0.093 -177.6 -2.1 461.0 29.0 80
2021000000346638 0.091 207.5 -6.8 846.5 28.6 80
2021000000346638 0.091 105.5 -2.8 744.5 25.6 80
2021000000346638 0.090 36.3 -5.5 675.3 26.3 80
2021000000346638 0.090 259.3 -1.8 898.2 30.3 80
2021000000346638 0.089 296.1 1.3 935.0 35.0 80
2021000000346638 0.000 309.5 93.5 477.1 291.4 80
2021000000346638 0.000 0.9 54.9 132.5 317.2 80
2021000000346638 0.000 183.6 173.7 269.1 259.1 80
2021000000346638 0.000 270.3 142.8 352.4 227.9 80
2021000000346638 0.000 474.6 139.5 622.4 344.0 80
2021000000346638 0.000 327.1 176.3 405.8 261.8 80
2021000000346638 0.000 200.2 40.0 389.1 270.9 80
2021000000346638 0.000 57.9 278.5 137.4 369.8 80
2021000000346638 0.000 174.2 105.0 265.7 193.9 80
2021000000346638 0.000 104.1 150.3 188.1 238.7 80
2021000000346638 0.000 253.0 66.1 348.6 153.4 80
2021000000346638 0.000 580.3 164.1 639.5 270.3 80
2021000000346638 0.000 496.1 124.2 591.0 210.2 80
2021000000346638 0.000 446.0 185.7 526.1 270.2 80
2021000000346638 0.000 174.9 279.1 258.3 374.7 80
2021000000346638 0.000 24.7 33.1 264.3 249.3 80
2021000000346638 0.000 1.6 257.4 61.5 364.8 80
2021000000346638 0.000 381.1 218.2 460.6 302.3 80
2021000000346638 0.000 580.1 246.6 639.5 352.7 80
2021000000346638 0.000 455.8 252.8 532.1 340.1 80
2021000000346638 0.000 401.0 128.9 481.6 214.7 80
2021000000346638 0.000 414.3 10.4 635.7 245.5 80
2021000000346638 0.000 367.7 169.8 621.8 329.9 80
2021000000346638 0.000 262.9 204.7 342.1 288.5 80
2021000000346638 0.000 0.8 160.8 130.7 458.1 80
2021000000346638 0.000 42.4 162.8 213.5 354.3 80
2021000000346638 0.000 1.0 193.6 60.2 300.2 80
2021000000346638 0.000 114.8 240.1 191.7 325.0 80
2021000000346638 0.000 574.5 68.9 639.7 196.4 80
2021000000346638 0.000 150.7 207.0 298.4 405.1 80
2021000000346638 0.000 278.8 322.1 366.9 424.9 80
2021000000346638 0.000 190.8 220.1 269.9 304.2 80
2021000000346638 0.000 524.6 225.8 607.8 310.2 80
2021000000346638 0.000 34.3 198.2 121.5 282.7 80
2021000000346638 0.000 414.3 279.0 491.7 377.7 80
2021000000346638 0.000 259.2 149.1 408.4 353.2 80
2021000000346638 0.000 227.0 72.1 603.2 342.2 80
2021000000346638 0.000 322.7 158.4 469.5 445.3 80
2021000000346638 0.000 0.3 115.4 65.7 222.4 80
2021000000346638 0.000 0.6 27.9 66.3 135.7 80
2021000000346638 0.000 59.2 138.1 364.3 331.4 80
2021000000346638 0.000 129.1 64.4 313.7 405.8 80
2021000000346638 0.000 326.8 4.4 421.7 93.9 80
2021000000346638 0.000 413.0 60.5 519.9 148.9 80
2021000000346638 0.000 55.1 27.1 491.3 330.7 80
2021000000346638 0.000 0.6 319.1 74.7 473.3 80
2021000000346638 0.000 228.3 281.8 304.6 384.6 80
2021000000346638 0.000 566.4 313.4 639.5 471.7 80
2021000000346638 0.000 510.0 145.0 639.5 455.1 80
2021000000346638 0.000 13.2 13.3 629.1 255.5 80
2021000000346638 0.000 330.7 54.0 548.1 398.2 80
2021000000346638 0.000 114.9 21.3 522.3 466.7 80
2021000000346638 0.000 327.6 216.2 468.0 386.5 80
2021000000346638 0.000 -3.3 6.7 366.2 475.7 80
2021000000346638 0.000 10.1 113.6 294.0 473.7 80
2021000000346638 0.000 0.6 29.0 187.7 465.4 80
2021000000346638 0.000 272.5 7.6 636.2 477.0 80
2021000000346638 0.000 167.6 100.1 471.2 467.9 80
2021000000346638 0.000 199.6 258.0 449.4 472.8 80
2021000000346638 0.000 217.7 135.9 397.2 452.2 80
2021000000346638 0.000 196.0 26.6 455.0 461.9 80
2021000000346638 0.000 457.4 22.9 641.1 462.3 80
2021000000346638 0.000 87.7 86.9 572.7 411.4 80
2021000000346638 0.000 226.3 10.3 534.9 162.7 80
2021000000346638 0.000 55.5 326.0 370.6 478.2 80
2021000000346638 0.000 2.7 87.3 468.6 472.6 80
2021000000346638 0.000 6.3 357.0 167.0 479.1 80
2021000000346638 0.000 15.1 234.0 237.0 468.2 80
2021000000346638 0.000 390.5 230.2 617.4 467.3 80
2021000000346638 0.000 281.3 254.4 356.3 338.8 80
2021000000346638 0.000 30.8 187.0 432.8 466.7 80
2021000000346638 0.000 2.9 1.4 528.4 477.4 80
2021000000346638 0.000 192.8 167.8 455.2 292.6 80
2021000000346638 0.000 350.8 109.9 628.0 477.5 80
2021000000346638 0.000 3.6 292.2 634.8 479.2 80
2021000000346638 0.000 282.2 329.1 607.6 478.1 80
2021000000346638 0.000 107.9 1.1 635.1 477.3 80
2021000000346638 0.000 202.7 86.5 633.6 475.1 80
2021000000346638 0.000 201.8 192.4 593.0 467.1 80
2021000000346638 0.000 463.8 313.5 632.7 472.2 80
2021000000346638 0.000 56.5 77.3 150.1 175.0 80
2021000000346638 0.000 166.0 130.1 468.3 376.3 80
2021000000346638 0.000 28.3 55.2 611.2 469.2 80
2021000000346638 0.000 76.8 181.9 524.2 348.1 80
2021000000346638 0.000 0.2 128.8 638.7 469.2 80
2021000000346638 0.000 312.1 258.2 382.3 350.5 80
2021000000346638 0.000 15.9 120.9 627.0 347.9 80
2021000000346638 0.000 0.8 0.1 639.6 478.6 80
2021000000346638 0.000 1.4 23.1 638.5 396.5 80
2021000000346638 0.000 366.2 320.1 436.2 408.4 80
2021000000346638 0.000 542.7 7.6 638.5 109.6 80
2021000000346638 0.000 15.9 120.9 627.0 347.9 0
2021000000346638 0.000 0.8 0.1 639.6 478.6 7
2021000000346638 0.000 10.1 113.6 294.0 473.7 14
2021000000346638 0.000 330.7 54.0 548.1 398.2 14
2021000000346638 0.000 129.1 64.4 313.7 405.8 14
2021000000346638 0.000 217.7 135.9 397.2 452.2 14
2021000000346638 0.000 350.8 109.9 628.0 477.5 14
2021000000346638 0.000 196.0 26.6 455.0 461.9 14
2021000000346638 0.000 272.5 7.6 636.2 477.0 14
