2021009219 0.761 119.4 89.0 216.0 323.4 14
2021009219 0.753 211.5 70.5 304.5 285.1 14
2021009219 0.748 7.5 45.8 152.9 374.7 14
2021009219 0.745 310.5 57.6 425.1 367.9 14
2021009219 0.705 8.1 47.5 142.2 162.9 80
2021009219 0.697 51.5 69.0 147.9 158.8 80
2021009219 0.694 121.7 93.1 207.4 203.8 80
2021009219 0.693 76.7 54.3 170.5 337.0 80
2021009219 0.688 340.4 67.1 424.6 216.7 80
2021009219 0.686 126.1 100.0 218.7 315.1 80
2021009219 0.681 111.7 84.6 196.6 318.9 80
2021009219 0.679 128.4 91.1 215.9 300.4 80
2021009219 0.673 117.5 106.7 208.7 320.3 80
2021009219 0.672 310.1 61.7 431.1 358.8 80
2021009219 0.670 12.8 44.3 182.3 372.0 80
2021009219 0.668 170.9 109.9 222.3 244.3 80
2021009219 0.668 118.4 121.7 179.5 322.1 80
2021009219 0.664 345.6 57.1 423.4 287.6 80
2021009219 0.661 112.8 135.1 209.3 326.0 80
2021009219 0.661 62.1 68.4 250.1 327.9 80
2021009219 0.656 275.9 2.3 383.8 26.9 80
2021009219 0.654 14.4 45.8 156.0 319.4 80
2021009219 0.651 294.9 38.7 464.6 365.5 80
2021009219 0.645 316.9 59.3 389.7 325.2 80
2021009219 0.641 317.3 60.3 423.7 326.8 80
2021009219 0.637 375.0 1.2 411.8 27.4 80
2021009219 0.634 238.4 -1.8 321.3 25.0 80
2021009219 0.629 215.4 75.3 295.3 268.6 80
2021009219 0.626 475.7 336.0 499.4 376.9 80
2021009219 0.617 379.4 41.7 499.2 361.5 80
2021009219 0.602 110.6 108.4 217.7 318.0 80
2021009219 0.599 410.5 24.9 497.5 369.5 80
2021009219 0.594 174.5 106.5 220.7 295.3 80
2021009219 0.592 2.5 20.4 501.2 362.4 80
2021009219 0.591 207.7 78.9 305.5 275.5 80
2021009219 0.589 316.7 56.9 424.2 364.6 80
2021009219 0.589 21.5 57.6 155.8 362.0 80
2021009219 0.583 323.7 44.2 504.8 368.6 80
2021009219 0.583 157.5 92.5 208.5 167.7 80
2021009219 0.560 310.0 49.0 421.8 353.8 80
2021009219 0.548 496.6 114.0 499.9 271.1 80
2021009219 0.548 218.3 80.1 301.4 253.2 80
2021009219 0.531 497.1 61.4 500.1 190.9 80
2021009219 0.490 348.9 35.6 494.9 373.6 80
2021009219 0.464 106.9 67.9 390.9 289.5 80
2021009219 0.448 498.1 185.1 500.0 330.2 80
2021009219 0.438 388.6 33.9 497.5 378.2 80
2021009219 0.383 259.2 -1.0 433.0 13.7 80
2021009219 0.361 24.4 99.5 103.2 163.9 80
2021009219 0.343 218.1 1.2 420.8 16.1 80
2021009219 0.342 5.9 42.4 124.8 358.7 80
2021009219 0.332 -5.8 61.1 155.3 355.9 80
2021009219 0.279 130.5 108.0 293.9 275.4 80
2021009219 0.252 388.6 32.9 520.7 375.9 80
2021009219 0.241 0.7 2.1 3.9 102.4 80
2021009219 0.229 -3.1 330.3 30.1 380.4 80
2021009219 0.228 0.3 50.6 3.4 148.2 80
2021009219 0.223 0.3 185.1 4.5 354.4 80
2021009219 0.219 0.1 76.3 3.5 270.4 80
2021009219 0.216 278.7 102.0 456.5 353.1 80
2021009219 0.215 388.6 33.9 497.5 378.2 14
2021009219 0.213 293.8 195.6 442.4 368.6 80
2021009219 0.211 -1.4 44.4 15.4 359.6 80
2021009219 0.207 366.1 82.1 510.9 383.3 80
2021009219 0.200 348.9 35.6 494.9 373.6 14
2021009219 0.199 52.8 364.1 151.0 376.8 80
2021009219 0.174 173.6 365.1 351.8 376.7 80
2021009219 0.169 308.7 134.4 522.3 371.3 80
2021009219 0.162 450.5 279.6 507.7 377.5 80
2021009219 0.152 -4.4 104.2 19.7 274.5 80
2021009219 0.148 246.3 147.1 303.7 199.3 80
2021009219 0.145 -12.4 193.1 82.1 386.1 80
2021009219 0.144 174.5 106.5 220.7 295.3 14
2021009219 0.143 334.2 361.3 455.0 378.4 80
2021009219 0.143 15.1 339.6 99.7 375.5 80
2021009219 0.141 142.5 300.6 265.4 376.4 80
2021009219 0.138 171.1 357.8 321.1 375.1 80
2021009219 0.138 392.9 343.9 495.2 374.7 80
2021009219 0.138 50.9 232.3 231.3 376.2 80
2021009219 0.135 7.4 176.6 189.9 349.5 80
2021009219 0.134 128.9 216.3 380.7 358.5 80
2021009219 0.133 213.8 324.3 333.6 372.0 80
2021009219 0.132 116.5 160.2 388.5 291.3 80
2021009219 0.132 201.8 182.0 443.4 348.4 80
2021009219 0.127 151.9 194.5 352.6 319.8 80
2021009219 0.126 266.0 349.9 377.0 376.7 80
2021009219 0.126 189.8 158.8 366.7 272.3 80
2021009219 0.125 116.5 352.7 214.5 377.8 80
2021009219 0.122 177.0 146.1 330.3 255.9 80
2021009219 0.121 -1.7 125.2 93.3 197.0 80
2021009219 0.119 18.8 161.5 126.9 300.9 80
2021009219 0.117 254.3 191.8 359.0 262.1 80
2021009219 0.115 316.7 56.9 424.2 364.6 14
2021009219 0.114 190.0 94.1 294.8 150.4 80
2021009219 0.112 210.8 146.8 385.9 234.6 80
2021009219 0.109 228.3 61.0 487.9 193.4 80
2021009219 0.108 323.7 44.2 504.8 368.6 14
2021009219 0.106 233.2 39.7 619.8 132.7 80
2021009219 0.104 -41.8 -1.3 457.2 16.8 80
2021009219 0.103 273.6 31.7 659.4 136.0 80
2021009219 0.761 119.4 89.0 216.0 323.4 14
2021009219 0.753 211.5 70.5 304.5 285.1 14
2021009219 0.748 7.5 45.8 152.9 374.7 14
2021009219 0.745 310.5 57.6 425.1 367.9 14
2021009219 0.705 8.1 47.5 142.2 162.9 80
2021009219 0.697 51.5 69.0 147.9 158.8 80
2021009219 0.694 121.7 93.1 207.4 203.8 80
2021009219 0.693 76.7 54.3 170.5 337.0 80
2021009219 0.688 340.4 67.1 424.6 216.7 80
2021009219 0.686 126.1 100.0 218.7 315.1 80
2021009219 0.681 111.7 84.6 196.6 318.9 80
2021009219 0.679 128.4 91.1 215.9 300.4 80
2021009219 0.673 117.5 106.7 208.7 320.3 80
2021009219 0.672 310.1 61.7 431.1 358.8 80
2021009219 0.670 12.8 44.3 182.3 372.0 80
2021009219 0.668 170.9 109.9 222.3 244.3 80
2021009219 0.668 118.4 121.7 179.5 322.1 80
2021009219 0.664 345.6 57.1 423.4 287.6 80
2021009219 0.661 112.8 135.1 209.3 326.0 80
2021009219 0.661 62.1 68.4 250.1 327.9 80
2021009219 0.656 275.9 2.3 383.8 26.9 80
2021009219 0.654 14.4 45.8 156.0 319.4 80
2021009219 0.651 294.9 38.7 464.6 365.5 80
2021009219 0.645 316.9 59.3 389.7 325.2 80
2021009219 0.641 317.3 60.3 423.7 326.8 80
2021009219 0.637 375.0 1.2 411.8 27.4 80
2021009219 0.634 238.4 -1.8 321.3 25.0 80
2021009219 0.629 215.4 75.3 295.3 268.6 80
2021009219 0.626 475.7 336.0 499.4 376.9 80
2021009219 0.617 379.4 41.7 499.2 361.5 80
2021009219 0.602 110.6 108.4 217.7 318.0 80
2021009219 0.599 410.5 24.9 497.5 369.5 80
2021009219 0.594 174.5 106.5 220.7 295.3 80
2021009219 0.592 2.5 20.4 501.2 362.4 80
2021009219 0.591 207.7 78.9 305.5 275.5 80
2021009219 0.589 316.7 56.9 424.2 364.6 80
2021009219 0.589 21.5 57.6 155.8 362.0 80
2021009219 0.583 323.7 44.2 504.8 368.6 80
2021009219 0.583 157.5 92.5 208.5 167.7 80
2021009219 0.560 310.0 49.0 421.8 353.8 80
2021009219 0.548 496.6 114.0 499.9 271.1 80
2021009219 0.548 218.3 80.1 301.4 253.2 80
2021009219 0.531 497.1 61.4 500.1 190.9 80
2021009219 0.490 348.9 35.6 494.9 373.6 80
2021009219 0.464 106.9 67.9 390.9 289.5 80
2021009219 0.448 498.1 185.1 500.0 330.2 80
2021009219 0.438 388.6 33.9 497.5 378.2 80
2021009219 0.383 259.2 -1.0 433.0 13.7 80
2021009219 0.361 24.4 99.5 103.2 163.9 80
2021009219 0.343 218.1 1.2 420.8 16.1 80
2021009219 0.342 5.9 42.4 124.8 358.7 80
2021009219 0.332 -5.8 61.1 155.3 355.9 80
2021009219 0.279 130.5 108.0 293.9 275.4 80
2021009219 0.252 388.6 32.9 520.7 375.9 80
2021009219 0.241 0.7 2.1 3.9 102.4 80
2021009219 0.229 -3.1 330.3 30.1 380.4 80
2021009219 0.228 0.3 50.6 3.4 148.2 80
2021009219 0.223 0.3 185.1 4.5 354.4 80
2021009219 0.219 0.1 76.3 3.5 270.4 80
2021009219 0.216 278.7 102.0 456.5 353.1 80
2021009219 0.215 388.6 33.9 497.5 378.2 14
2021009219 0.213 293.8 195.6 442.4 368.6 80
2021009219 0.211 -1.4 44.4 15.4 359.6 80
2021009219 0.207 366.1 82.1 510.9 383.3 80
2021009219 0.200 348.9 35.6 494.9 373.6 14
2021009219 0.199 52.8 364.1 151.0 376.8 80
2021009219 0.174 173.6 365.1 351.8 376.7 80
2021009219 0.169 308.7 134.4 522.3 371.3 80
2021009219 0.162 450.5 279.6 507.7 377.5 80
2021009219 0.152 -4.4 104.2 19.7 274.5 80
2021009219 0.148 246.3 147.1 303.7 199.3 80
2021009219 0.145 -12.4 193.1 82.1 386.1 80
2021009219 0.144 174.5 106.5 220.7 295.3 14
2021009219 0.143 334.2 361.3 455.0 378.4 80
2021009219 0.143 15.1 339.6 99.7 375.5 80
2021009219 0.141 142.5 300.6 265.4 376.4 80
2021009219 0.138 171.1 357.8 321.1 375.1 80
2021009219 0.138 392.9 343.9 495.2 374.7 80
2021009219 0.138 50.9 232.3 231.3 376.2 80
2021009219 0.135 7.4 176.6 189.9 349.5 80
2021009219 0.134 128.9 216.3 380.7 358.5 80
2021009219 0.133 213.8 324.3 333.6 372.0 80
2021009219 0.132 116.5 160.2 388.5 291.3 80
2021009219 0.132 201.8 182.0 443.4 348.4 80
2021009219 0.127 151.9 194.5 352.6 319.8 80
2021009219 0.126 266.0 349.9 377.0 376.7 80
2021009219 0.126 189.8 158.8 366.7 272.3 80
2021009219 0.125 116.5 352.7 214.5 377.8 80
2021009219 0.122 177.0 146.1 330.3 255.9 80
2021009219 0.121 -1.7 125.2 93.3 197.0 80
2021009219 0.119 18.8 161.5 126.9 300.9 80
2021009219 0.117 254.3 191.8 359.0 262.1 80
2021009219 0.115 316.7 56.9 424.2 364.6 14
2021009219 0.114 190.0 94.1 294.8 150.4 80
2021009219 0.112 210.8 146.8 385.9 234.6 80
2021009219 0.109 228.3 61.0 487.9 193.4 80
2021009219 0.108 323.7 44.2 504.8 368.6 14
2021009219 0.106 233.2 39.7 619.8 132.7 80
2021009219 0.104 -41.8 -1.3 457.2 16.8 80
2021009219 0.103 273.6 31.7 659.4 136.0 80
2021009219 0.000 242.0 73.2 372.7 227.7 80
2021009219 0.000 0.9 43.1 103.5 247.8 80
2021009219 0.000 143.7 135.9 210.3 202.4 80
2021009219 0.000 211.4 111.8 275.3 178.0 80
2021009219 0.000 371.0 109.2 486.3 268.7 80
2021009219 0.000 255.8 137.9 317.1 204.5 80
2021009219 0.000 156.6 31.4 304.0 211.6 80
2021009219 0.000 45.5 217.8 107.4 288.9 80
2021009219 0.000 136.3 82.3 207.6 151.5 80
2021009219 0.000 81.5 117.6 146.9 186.5 80
2021009219 0.000 197.9 51.8 272.4 119.8 80
2021009219 0.000 453.6 128.4 499.6 211.2 80
2021009219 0.000 387.8 97.3 461.7 164.2 80
2021009219 0.000 348.6 145.3 411.0 211.1 80
2021009219 0.000 136.9 218.3 201.8 292.7 80
2021009219 0.000 19.5 26.1 206.5 194.8 80
2021009219 0.000 1.5 201.3 48.0 285.0 80
2021009219 0.000 297.9 170.7 359.9 236.2 80
2021009219 0.000 453.4 192.9 499.6 275.6 80
2021009219 0.000 356.3 197.7 415.7 265.7 80
2021009219 0.000 313.5 100.9 376.2 167.7 80
2021009219 0.000 323.9 8.3 496.6 191.8 80
2021009219 0.000 287.5 132.8 485.8 257.7 80
2021009219 0.000 205.6 160.1 267.3 225.4 80
2021009219 0.000 0.9 125.8 102.1 357.9 80
2021009219 0.000 33.3 127.4 166.8 276.8 80
2021009219 0.000 1.0 151.5 47.1 234.6 80
2021009219 0.000 89.9 187.8 149.8 253.9 80
2021009219 0.000 449.0 54.1 499.7 153.4 80
2021009219 0.000 117.9 161.9 233.2 316.5 80
2021009219 0.000 218.0 251.8 286.7 331.9 80
2021009219 0.000 149.3 172.2 210.8 237.6 80
2021009219 0.000 410.1 176.6 474.8 242.3 80
2021009219 0.000 27.0 155.1 94.9 220.9 80
2021009219 0.000 323.9 218.2 384.1 295.1 80
2021009219 0.000 202.7 116.7 319.1 275.9 80
2021009219 0.000 177.6 56.6 471.2 267.4 80
2021009219 0.000 252.3 124.0 366.8 347.9 80
2021009219 0.000 0.5 90.4 51.3 173.8 80
2021009219 0.000 0.7 22.0 51.8 106.0 80
2021009219 0.000 46.4 108.1 284.6 258.9 80
2021009219 0.000 101.1 50.5 245.1 317.1 80
2021009219 0.000 255.5 3.7 329.5 73.3 80
2021009219 0.000 322.9 47.5 406.2 116.3 80
2021009219 0.000 43.3 21.4 383.8 258.4 80
2021009219 0.000 0.6 249.6 58.3 369.8 80
2021009219 0.000 178.6 220.3 238.0 300.5 80
2021009219 0.000 442.7 245.1 499.6 368.5 80
2021009219 0.000 398.6 113.5 499.6 355.5 80
2021009219 0.000 10.6 10.6 491.5 199.6 80
2021009219 0.000 258.6 42.4 428.2 311.1 80
2021009219 0.000 90.0 16.9 408.1 364.6 80
2021009219 0.000 256.1 169.2 365.6 301.9 80
2021009219 0.000 -2.4 5.4 286.1 371.6 80
2021009219 0.000 8.1 89.0 229.6 370.1 80
2021009219 0.000 0.7 22.9 146.6 363.6 80
2021009219 0.000 213.1 6.1 497.0 372.7 80
2021009219 0.000 131.2 78.4 368.1 365.5 80
2021009219 0.000 156.2 201.7 351.1 369.4 80
2021009219 0.000 170.3 106.4 310.3 353.3 80
2021009219 0.000 153.4 21.0 355.4 360.9 80
2021009219 0.000 357.6 18.1 500.9 361.1 80
2021009219 0.000 68.8 68.1 447.4 321.4 80
2021009219 0.000 177.0 8.2 417.9 127.1 80
2021009219 0.000 43.6 254.9 289.5 373.6 80
2021009219 0.000 2.3 68.4 366.1 369.3 80
2021009219 0.000 5.1 279.1 130.5 374.3 80
2021009219 0.000 12.0 183.0 185.2 365.8 80
2021009219 0.000 305.3 180.1 482.3 365.0 80
2021009219 0.000 220.0 199.0 278.3 264.7 80
2021009219 0.000 24.3 146.3 338.1 364.6 80
2021009219 0.000 2.5 1.3 412.8 373.0 80
2021009219 0.000 150.8 131.3 355.6 228.6 80
2021009219 0.000 274.3 86.1 490.6 373.1 80
2021009219 0.000 3.0 228.5 496.0 374.4 80
2021009219 0.000 220.7 257.3 474.7 373.5 80
2021009219 0.000 84.5 1.1 496.2 372.9 80
2021009219 0.000 158.6 67.8 495.0 371.2 80
2021009219 0.000 157.9 150.5 463.3 364.9 80
2021009219 0.000 362.6 245.1 494.3 368.9 80
2021009219 0.000 44.4 60.6 117.3 136.8 80
2021009219 0.000 129.9 101.9 365.9 294.0 80
2021009219 0.000 22.3 43.4 477.5 366.6 80
2021009219 0.000 60.2 142.4 409.5 272.0 80
2021009219 0.000 0.4 100.8 499.0 366.5 80
2021009219 0.000 244.0 202.0 298.7 273.9 80
2021009219 0.000 12.6 94.7 489.8 271.8 80
2021009219 0.000 0.8 0.3 499.7 373.9 80
2021009219 0.000 1.3 18.3 498.9 309.8 80
2021009219 0.000 286.3 250.3 340.8 319.0 80
2021009219 0.000 424.2 6.2 498.9 85.7 80
2021009219 0.000 12.6 94.7 489.8 271.8 0
2021009219 0.000 0.8 0.3 499.7 373.9 7
2021009219 0.000 8.1 89.0 229.6 370.1 14
2021009219 0.000 258.6 42.4 428.2 311.1 14
2021009219 0.000 101.1 50.5 245.1 317.1 14
2021009219 0.000 170.3 106.4 310.3 353.3 14
2021009219 0.000 274.3 86.1 490.6 373.1 14
2021009219 0.000 153.4 21.0 355.4 360.9 14
2021009219 0.000 213.1 6.1 497.0 372.7 14
