2021001114 0.714 208.0 115.9 396.8 311.3 12
2021001114 0.657 463.9 308.7 497.4 333.7 80
2021001114 0.570 494.1 136.3 500.3 235.0 80
2021001114 0.534 496.0 195.8 500.2 310.5 80
2021001114 0.490 1.2 189.8 5.5 243.0 80
2021001114 0.477 207.4 119.0 394.4 298.9 80
2021001114 0.452 205.6 114.0 400.7 283.4 80
2021001114 0.400 179.5 321.8 341.0 333.4 80
2021001114 0.399 498.4 72.3 500.4 148.8 80
2021001114 0.345 1.2 203.9 3.9 290.5 80
2021001114 0.279 498.3 83.2 500.4 302.0 80
2021001114 0.278 498.8 67.3 500.2 204.8 80
2021001114 0.276 213.5 129.7 283.0 287.7 80
2021001114 0.250 166.4 132.9 392.3 285.5 80
2021001114 0.245 0.8 57.5 3.1 160.8 80
2021001114 0.224 0.9 27.5 7.0 233.1 80
2021001114 0.219 0.3 2.2 5.1 70.5 80
2021001114 0.209 0.6 68.0 7.6 296.8 80
2021001114 0.202 -3.6 304.5 30.2 336.9 80
2021001114 0.200 198.7 127.3 392.0 260.5 80
2021001114 0.197 111.2 322.3 258.1 334.3 80
2021001114 0.188 482.5 246.3 506.9 331.5 80
2021001114 0.179 -0.3 30.9 23.5 303.8 80
2021001114 0.178 489.1 84.6 501.9 352.0 80
2021001114 0.174 189.5 156.5 425.3 294.9 80
2021001114 0.169 -0.3 169.9 28.4 341.1 80
2021001114 0.167 456.9 77.8 505.1 329.4 80
2021001114 0.161 249.5 219.4 327.7 284.2 80
2021001114 0.160 267.1 220.2 336.9 272.0 80
2021001114 0.151 45.5 322.9 167.2 335.0 80
2021001114 0.150 211.3 135.2 380.9 247.2 80
2021001114 0.149 254.3 203.6 287.2 232.2 80
2021001114 0.147 300.0 296.8 431.9 332.5 80
2021001114 0.143 235.1 215.3 274.6 248.5 80
2021001114 0.142 69.3 295.4 193.5 331.6 80
2021001114 0.142 319.5 170.0 515.7 326.7 80
2021001114 0.142 207.9 282.0 347.6 333.3 80
2021001114 0.141 286.0 217.0 326.2 247.9 80
2021001114 0.141 168.1 316.1 308.2 333.5 80
2021001114 0.138 4.0 89.3 73.1 324.3 80
2021001114 0.138 15.9 187.2 168.5 326.3 80
2021001114 0.137 339.5 320.5 454.8 336.0 80
2021001114 0.136 151.8 290.3 266.2 329.9 80
2021001114 0.136 70.6 193.3 279.1 312.7 80
2021001114 0.136 339.4 101.3 510.5 298.3 80
2021001114 0.135 247.4 208.3 285.8 237.2 80
2021001114 0.135 17.7 305.6 94.1 331.7 80
2021001114 0.134 133.6 193.4 382.6 315.5 80
2021001114 0.133 239.5 161.1 457.7 295.3 80
2021001114 0.132 403.4 311.0 495.2 331.6 80
2021001114 0.132 217.5 238.1 255.0 275.6 80
2021001114 0.131 286.9 219.0 343.7 257.0 80
2021001114 0.130 152.6 171.5 373.2 294.0 80
2021001114 0.129 268.2 140.3 490.4 277.6 80
2021001114 0.129 429.4 193.9 473.7 277.7 80
2021001114 0.129 97.2 168.7 317.5 286.3 80
2021001114 0.127 30.9 159.0 238.7 285.8 80
2021001114 0.126 291.0 223.9 355.8 267.5 80
2021001114 0.126 260.5 311.0 375.9 334.5 80
2021001114 0.124 144.7 229.3 187.6 266.1 80
2021001114 0.124 21.5 121.3 174.8 274.5 80
2021001114 0.123 57.1 144.8 262.4 263.3 80
2021001114 0.121 147.5 135.6 358.1 224.9 80
2021001114 0.120 166.8 186.7 217.4 228.3 80
2021001114 0.120 334.7 172.4 391.1 213.9 80
2021001114 0.119 34.7 205.9 81.5 254.6 80
2021001114 0.118 111.6 148.0 286.6 246.1 80
2021001114 0.117 100.3 164.2 182.1 210.8 80
2021001114 0.115 32.8 141.9 168.6 195.5 80
2021001114 0.113 -4.5 112.0 116.0 169.7 80
2021001114 0.112 300.2 104.0 533.8 172.1 80
2021001114 0.112 90.1 213.9 145.6 255.5 80
2021001114 0.112 151.9 105.0 298.8 156.2 80
2021001114 0.112 117.4 170.1 264.9 233.2 80
2021001114 0.112 59.2 151.2 178.5 234.7 80
2021001114 0.112 -76.0 25.5 150.1 68.9 80
2021001114 0.111 333.9 179.1 449.1 240.0 80
2021001114 0.109 9.1 33.3 363.1 81.9 80
2021001114 0.108 182.3 37.6 530.0 95.1 80
2021001114 0.108 385.8 74.2 544.8 146.5 80
2021001114 0.107 89.6 8.6 514.5 58.5 80
2021001114 0.104 -110.9 6.6 382.8 31.5 80
2021001114 0.104 -155.3 7.2 338.9 31.8 80
2021001114 0.104 173.5 8.4 645.0 40.7 80
2021001114 0.100 0.8 1.0 499.7 23.7 80
2021001114 0.098 236.5 7.8 720.6 31.1 80
2021001114 0.098 193.1 4.5 691.9 26.9 80
2021001114 0.097 72.4 0.4 571.4 22.4 80
2021001114 0.094 -48.6 2.1 450.4 24.2 80
2021001114 0.094 -195.0 -2.2 259.0 19.1 80
2021001114 0.093 208.0 115.9 396.8 311.3 80
2021001114 0.093 -139.4 -0.3 359.3 20.5 80
2021001114 0.093 -39.0 -1.7 459.8 19.3 80
2021001114 0.092 -94.0 1.0 404.7 22.4 80
2021001114 0.092 -186.3 2.1 312.2 22.9 80
2021001114 0.092 155.1 -0.1 653.9 22.0 80
2021001114 0.092 20.1 -1.9 519.0 20.1 80
2021001114 0.092 200.9 0.3 699.7 21.9 80
2021001114 0.092 80.5 -2.0 579.5 18.9 80
2021001114 0.091 119.7 1.1 618.7 23.4 80
2021001114 0.714 208.0 115.9 396.8 311.3 12
2021001114 0.657 463.9 308.7 497.4 333.7 80
2021001114 0.570 494.1 136.3 500.3 235.0 80
2021001114 0.534 496.0 195.8 500.2 310.5 80
2021001114 0.490 1.2 189.8 5.5 243.0 80
2021001114 0.477 207.4 119.0 394.4 298.9 80
2021001114 0.452 205.6 114.0 400.7 283.4 80
2021001114 0.400 179.5 321.8 341.0 333.4 80
2021001114 0.399 498.4 72.3 500.4 148.8 80
2021001114 0.345 1.2 203.9 3.9 290.5 80
2021001114 0.279 498.3 83.2 500.4 302.0 80
2021001114 0.278 498.8 67.3 500.2 204.8 80
2021001114 0.276 213.5 129.7 283.0 287.7 80
2021001114 0.250 166.4 132.9 392.3 285.5 80
2021001114 0.245 0.8 57.5 3.1 160.8 80
2021001114 0.224 0.9 27.5 7.0 233.1 80
2021001114 0.219 0.3 2.2 5.1 70.5 80
2021001114 0.209 0.6 68.0 7.6 296.8 80
2021001114 0.202 -3.6 304.5 30.2 336.9 80
2021001114 0.200 198.7 127.3 392.0 260.5 80
2021001114 0.197 111.2 322.3 258.1 334.3 80
2021001114 0.188 482.5 246.3 506.9 331.5 80
2021001114 0.179 -0.3 30.9 23.5 303.8 80
2021001114 0.178 489.1 84.6 501.9 352.0 80
2021001114 0.174 189.5 156.5 425.3 294.9 80
2021001114 0.169 -0.3 169.9 28.4 341.1 80
2021001114 0.167 456.9 77.8 505.1 329.4 80
2021001114 0.161 249.5 219.4 327.7 284.2 80
2021001114 0.160 267.1 220.2 336.9 272.0 80
2021001114 0.151 45.5 322.9 167.2 335.0 80
2021001114 0.150 211.3 135.2 380.9 247.2 80
2021001114 0.149 254.3 203.6 287.2 232.2 80
2021001114 0.147 300.0 296.8 431.9 332.5 80
2021001114 0.143 235.1 215.3 274.6 248.5 80
2021001114 0.142 69.3 295.4 193.5 331.6 80
2021001114 0.142 319.5 170.0 515.7 326.7 80
2021001114 0.142 207.9 282.0 347.6 333.3 80
2021001114 0.141 286.0 217.0 326.2 247.9 80
2021001114 0.141 168.1 316.1 308.2 333.5 80
2021001114 0.138 4.0 89.3 73.1 324.3 80
2021001114 0.138 15.9 187.2 168.5 326.3 80
2021001114 0.137 339.5 320.5 454.8 336.0 80
2021001114 0.136 151.8 290.3 266.2 329.9 80
2021001114 0.136 70.6 193.3 279.1 312.7 80
2021001114 0.136 339.4 101.3 510.5 298.3 80
2021001114 0.135 247.4 208.3 285.8 237.2 80
2021001114 0.135 17.7 305.6 94.1 331.7 80
2021001114 0.134 133.6 193.4 382.6 315.5 80
2021001114 0.133 239.5 161.1 457.7 295.3 80
2021001114 0.132 403.4 311.0 495.2 331.6 80
2021001114 0.132 217.5 238.1 255.0 275.6 80
2021001114 0.131 286.9 219.0 343.7 257.0 80
2021001114 0.130 152.6 171.5 373.2 294.0 80
2021001114 0.129 268.2 140.3 490.4 277.6 80
2021001114 0.129 429.4 193.9 473.7 277.7 80
2021001114 0.129 97.2 168.7 317.5 286.3 80
2021001114 0.127 30.9 159.0 238.7 285.8 80
2021001114 0.126 291.0 223.9 355.8 267.5 80
2021001114 0.126 260.5 311.0 375.9 334.5 80
2021001114 0.124 144.7 229.3 187.6 266.1 80
2021001114 0.124 21.5 121.3 174.8 274.5 80
2021001114 0.123 57.1 144.8 262.4 263.3 80
2021001114 0.121 147.5 135.6 358.1 224.9 80
2021001114 0.120 166.8 186.7 217.4 228.3 80
2021001114 0.120 334.7 172.4 391.1 213.9 80
2021001114 0.119 34.7 205.9 81.5 254.6 80
2021001114 0.118 111.6 148.0 286.6 246.1 80
2021001114 0.117 100.3 164.2 182.1 210.8 80
2021001114 0.115 32.8 141.9 168.6 195.5 80
2021001114 0.113 -4.5 112.0 116.0 169.7 80
2021001114 0.112 300.2 104.0 533.8 172.1 80
2021001114 0.112 90.1 213.9 145.6 255.5 80
2021001114 0.112 151.9 105.0 298.8 156.2 80
2021001114 0.112 117.4 170.1 264.9 233.2 80
2021001114 0.112 59.2 151.2 178.5 234.7 80
2021001114 0.112 -76.0 25.5 150.1 68.9 80
2021001114 0.111 333.9 179.1 449.1 240.0 80
2021001114 0.109 9.1 33.3 363.1 81.9 80
2021001114 0.108 182.3 37.6 530.0 95.1 80
2021001114 0.108 385.8 74.2 544.8 146.5 80
2021001114 0.107 89.6 8.6 514.5 58.5 80
2021001114 0.104 -110.9 6.6 382.8 31.5 80
2021001114 0.104 -155.3 7.2 338.9 31.8 80
2021001114 0.104 173.5 8.4 645.0 40.7 80
2021001114 0.100 0.8 1.0 499.7 23.7 80
2021001114 0.098 236.5 7.8 720.6 31.1 80
2021001114 0.098 193.1 4.5 691.9 26.9 80
2021001114 0.097 72.4 0.4 571.4 22.4 80
2021001114 0.094 -48.6 2.1 450.4 24.2 80
2021001114 0.094 -195.0 -2.2 259.0 19.1 80
2021001114 0.093 208.0 115.9 396.8 311.3 80
2021001114 0.093 -139.4 -0.3 359.3 20.5 80
2021001114 0.093 -39.0 -1.7 459.8 19.3 80
2021001114 0.092 -94.0 1.0 404.7 22.4 80
2021001114 0.092 -186.3 2.1 312.2 22.9 80
2021001114 0.092 155.1 -0.1 653.9 22.0 80
2021001114 0.092 20.1 -1.9 519.0 20.1 80
2021001114 0.092 200.9 0.3 699.7 21.9 80
2021001114 0.092 80.5 -2.0 579.5 18.9 80
2021001114 0.091 119.7 1.1 618.7 23.4 80
2021001114 0.000 0.8 39.6 103.7 219.9 80
2021001114 0.000 245.1 64.6 370.2 203.1 80
2021001114 0.000 203.1 44.4 266.1 106.7 80
2021001114 0.000 256.6 123.7 316.4 182.9 80
2021001114 0.000 372.7 97.3 484.8 238.7 80
2021001114 0.000 45.9 193.6 106.8 256.8 80
2021001114 0.000 83.8 105.7 144.8 167.7 80
2021001114 0.000 133.1 93.5 218.1 194.0 80
2021001114 0.000 390.5 85.7 458.7 145.2 80
2021001114 0.000 453.6 114.4 499.6 187.5 80
2021001114 0.000 213.4 101.7 273.6 161.0 80
2021001114 0.000 141.4 73.2 202.4 136.6 80
2021001114 0.000 22.0 26.3 202.7 174.0 80
2021001114 0.000 325.8 10.5 494.5 170.4 80
2021001114 0.000 1.5 179.1 48.0 253.0 80
2021001114 0.000 162.0 29.1 299.4 188.1 80
2021001114 0.000 349.9 130.4 409.9 189.0 80
2021001114 0.000 219.9 213.4 281.0 299.7 80
2021001114 0.000 90.6 167.7 149.2 226.6 80
2021001114 0.000 314.7 90.6 375.2 149.9 80
2021001114 0.000 357.4 176.8 415.0 236.3 80
2021001114 0.000 32.4 113.1 167.8 245.7 80
2021001114 0.000 1.0 134.7 47.1 208.2 80
2021001114 0.000 453.4 171.3 499.7 244.6 80
2021001114 0.000 0.5 112.0 102.1 317.8 80
2021001114 0.000 449.1 48.2 499.7 136.2 80
2021001114 0.000 259.7 2.5 324.6 65.8 80
2021001114 0.000 137.6 194.1 201.5 258.6 80
2021001114 0.000 298.6 152.6 359.4 210.5 80
2021001114 0.000 28.5 138.6 93.6 196.8 80
2021001114 0.000 255.4 112.1 363.3 309.4 80
2021001114 0.000 119.1 143.0 232.5 281.2 80
2021001114 0.000 149.8 153.7 210.5 211.6 80
2021001114 0.000 293.1 118.3 480.6 230.7 80
2021001114 0.000 325.6 194.5 382.1 262.6 80
2021001114 0.000 0.7 20.0 51.8 94.1 80
2021001114 0.000 219.9 176.7 278.2 235.5 80
2021001114 0.000 48.8 19.0 377.9 228.3 80
2021001114 0.000 410.2 156.8 474.8 215.0 80
2021001114 0.000 205.3 105.0 317.1 249.4 80
2021001114 0.000 0.7 221.7 58.3 328.6 80
2021001114 0.000 180.1 197.3 238.1 264.5 80
2021001114 0.000 177.0 51.2 471.7 236.8 80
2021001114 0.000 49.5 97.5 281.8 229.4 80
2021001114 0.000 325.8 41.4 402.7 103.4 80
2021001114 0.000 101.1 43.9 244.3 277.4 80
2021001114 0.000 0.3 80.7 51.5 154.3 80
2021001114 0.000 206.3 143.0 267.2 201.4 80
2021001114 0.000 442.7 217.4 499.6 327.4 80
2021001114 0.000 15.1 12.8 486.3 174.5 80
2021001114 0.000 398.5 98.9 499.4 315.8 80
2021001114 0.000 1.5 5.5 282.2 329.9 80
2021001114 0.000 94.9 14.0 401.8 325.0 80
2021001114 0.000 262.6 37.4 424.1 278.3 80
2021001114 0.000 189.1 7.3 402.0 120.4 80
2021001114 0.000 1.1 21.4 146.5 322.8 80
2021001114 0.000 212.9 5.7 497.4 331.0 80
2021001114 0.000 160.6 175.5 349.3 326.9 80
2021001114 0.000 159.4 25.0 350.2 316.2 80
2021001114 0.000 357.7 16.7 501.3 319.9 80
2021001114 0.000 11.5 79.9 225.9 328.5 80
2021001114 0.000 280.6 212.4 336.4 294.2 80
2021001114 0.000 171.4 94.0 308.9 314.0 80
2021001114 0.000 132.8 69.1 366.0 324.4 80
2021001114 0.000 257.5 148.1 363.0 272.1 80
2021001114 0.000 5.0 248.1 130.5 332.4 80
2021001114 0.000 306.3 160.5 481.9 323.9 80
2021001114 0.000 54.0 226.7 278.3 330.9 80
2021001114 0.000 11.7 162.6 185.3 324.9 80
2021001114 0.000 3.3 1.2 410.3 331.1 80
2021001114 0.000 8.2 203.4 491.3 331.4 80
2021001114 0.000 4.9 57.7 361.3 327.9 80
2021001114 0.000 223.1 227.9 472.3 331.4 80
2021001114 0.000 72.1 57.1 444.5 284.5 80
2021001114 0.000 34.1 131.1 327.0 322.2 80
2021001114 0.000 85.7 1.0 494.7 331.0 80
2021001114 0.000 278.1 77.3 486.3 331.0 80
2021001114 0.000 162.7 118.0 345.4 204.8 80
2021001114 0.000 244.5 179.3 298.1 242.7 80
2021001114 0.000 168.6 134.4 451.1 322.0 80
2021001114 0.000 362.2 218.2 494.6 327.3 80
2021001114 0.000 44.5 53.9 117.2 121.5 80
2021001114 0.000 160.2 58.7 492.6 329.0 80
2021001114 0.000 134.9 91.5 359.6 260.9 80
2021001114 0.000 67.7 127.2 402.2 241.5 80
2021001114 0.000 22.5 38.2 474.5 321.3 80
2021001114 0.000 0.6 89.3 498.5 323.8 80
2021001114 0.000 0.8 0.8 499.6 332.2 80
2021001114 0.000 17.2 85.3 483.8 240.0 80
2021001114 0.000 2.5 21.1 497.4 273.2 80
2021001114 0.000 424.3 5.6 498.8 76.0 80
2021001114 0.000 17.2 85.3 483.8 240.0 0
2021001114 0.000 262.6 37.4 424.1 278.3 14
2021001114 0.000 171.4 94.0 308.9 314.0 14
2021001114 0.000 101.1 43.9 244.3 277.4 14
2021001114 0.000 159.4 25.0 350.2 316.2 14
2021001114 0.000 11.5 79.9 225.9 328.5 14
2021001114 0.000 278.1 77.3 486.3 331.0 14
2021001114 0.000 132.8 69.1 366.0 324.4 14
2021001114 0.000 154.2 268.6 238.2 328.2 80
