2021004822 0.762 180.8 26.3 372.2 321.5 14
2021004822 0.717 210.7 102.6 370.7 314.2 80
2021004822 0.711 179.3 90.0 463.8 361.5 13
2021004822 0.706 195.8 30.2 374.5 144.2 80
2021004822 0.700 224.8 84.5 381.5 310.9 80
2021004822 0.690 184.5 28.4 367.2 182.0 80
2021004822 0.643 181.6 26.6 360.4 301.3 80
2021004822 0.640 185.5 24.1 372.6 275.3 80
2021004822 0.632 471.0 342.5 498.4 375.9 80
2021004822 0.627 173.1 97.4 445.4 346.4 80
2021004822 0.607 20.1 49.1 80.0 67.8 80
2021004822 0.583 177.3 46.6 387.2 304.9 80
2021004822 0.578 494.8 47.3 500.6 106.1 80
2021004822 0.573 184.7 26.5 354.9 282.0 80
2021004822 0.566 5.7 38.6 43.8 65.1 80
2021004822 0.553 58.6 47.0 145.8 67.6 80
2021004822 0.549 182.3 70.6 458.3 344.8 80
2021004822 0.528 176.3 50.3 424.7 341.0 80
2021004822 0.486 177.9 26.5 373.9 289.7 80
2021004822 0.481 495.3 29.2 500.6 69.2 80
2021004822 0.477 497.0 125.3 500.1 245.0 80
2021004822 0.431 0.9 43.5 7.1 74.7 80
2021004822 0.396 498.1 181.0 500.1 312.3 80
2021004822 0.355 184.7 116.3 356.8 300.3 80
2021004822 0.331 202.6 79.9 291.4 256.2 80
2021004822 0.301 179.8 109.3 458.2 320.0 80
2021004822 0.300 133.0 100.4 452.1 339.0 80
2021004822 0.297 1.0 72.3 3.3 169.2 80
2021004822 0.290 0.9 127.9 3.1 261.5 80
2021004822 0.252 0.8 207.7 3.8 342.0 80
2021004822 0.251 499.2 39.5 500.2 185.1 80
2021004822 0.233 498.6 77.6 500.4 313.7 80
2021004822 0.209 0.9 42.1 6.8 219.8 80
2021004822 0.201 0.3 58.0 9.0 335.0 80
2021004822 0.180 -4.0 337.5 26.2 381.2 80
2021004822 0.175 472.9 82.1 499.6 366.3 80
2021004822 0.174 108.7 85.0 416.6 307.5 80
2021004822 0.168 -1.0 54.1 23.9 326.0 80
2021004822 0.168 -0.4 189.6 31.0 383.9 80
2021004822 0.166 160.1 363.6 359.4 377.1 80
2021004822 0.150 161.3 164.4 468.1 332.9 80
2021004822 0.148 280.3 304.2 445.4 378.9 80
2021004822 0.140 211.2 167.4 477.0 327.2 80
2021004822 0.139 463.8 299.0 510.2 362.9 80
2021004822 0.139 198.1 303.9 363.8 375.1 80
2021004822 0.138 3.3 92.1 67.8 363.2 80
2021004822 0.138 16.9 206.8 166.4 368.7 80
2021004822 0.136 71.4 329.3 191.9 371.6 80
2021004822 0.136 300.8 198.3 518.2 352.9 80
2021004822 0.136 59.9 211.1 290.6 350.7 80
2021004822 0.133 116.8 218.0 396.8 351.0 80
2021004822 0.130 149.5 321.6 270.0 369.1 80
2021004822 0.129 48.5 359.9 157.8 377.5 80
2021004822 0.129 315.5 212.5 442.0 298.6 80
2021004822 0.129 75.5 191.1 335.9 319.5 80
2021004822 0.128 130.3 179.8 400.2 330.6 80
2021004822 0.128 172.0 351.6 316.6 375.2 80
2021004822 0.128 19.1 338.0 93.1 372.4 80
2021004822 0.128 229.1 158.2 470.0 310.7 80
2021004822 0.127 29.5 177.5 239.7 321.1 80
2021004822 0.126 329.7 100.4 373.8 133.8 80
2021004822 0.124 20.8 139.6 177.0 299.8 80
2021004822 0.124 118.4 356.3 230.8 376.9 80
2021004822 0.123 52.0 162.4 266.5 293.0 80
2021004822 0.123 140.9 235.1 201.7 288.0 80
2021004822 0.122 39.2 233.1 83.7 287.1 80
2021004822 0.122 338.2 354.4 448.0 379.6 80
2021004822 0.121 463.0 145.0 509.1 270.8 80
2021004822 0.120 188.5 83.6 389.5 188.9 80
2021004822 0.120 85.7 248.7 134.4 294.0 80
2021004822 0.119 169.0 176.5 258.3 254.9 80
2021004822 0.119 398.8 343.6 493.0 372.0 80
2021004822 0.119 135.3 198.6 269.3 270.7 80
2021004822 0.118 260.8 345.4 380.9 376.0 80
2021004822 0.116 297.5 202.4 407.3 286.7 80
2021004822 0.115 65.9 194.9 160.0 266.0 80
2021004822 0.113 18.8 118.3 287.0 189.6 80
2021004822 0.113 137.6 202.7 277.9 276.6 80
2021004822 0.113 285.7 162.5 579.0 246.4 80
2021004822 0.111 -43.2 95.7 263.1 161.2 80
2021004822 0.110 -75.1 71.7 203.6 128.5 80
2021004822 0.109 182.8 174.3 319.0 256.3 80
2021004822 0.109 222.1 87.6 599.5 163.0 80
2021004822 0.108 206.3 120.8 505.7 204.0 80
2021004822 0.108 55.3 19.1 452.7 105.7 80
2021004822 0.107 -134.2 15.4 213.7 47.9 80
2021004822 0.106 -40.5 20.9 414.2 74.1 80
2021004822 0.104 -84.7 -7.2 410.3 34.3 80
2021004822 0.103 163.6 13.2 636.0 65.9 80
2021004822 0.103 275.6 47.1 650.2 115.0 80
2021004822 0.101 -116.3 6.0 382.5 32.5 80
2021004822 0.101 -46.5 -2.0 452.4 39.2 80
2021004822 0.101 -157.6 6.0 341.4 29.8 80
2021004822 0.098 193.6 5.5 692.4 32.9 80
2021004822 0.094 234.3 4.9 731.2 29.4 80
2021004822 0.091 32.1 -6.6 531.1 20.0 80
2021004822 0.090 156.6 -1.0 655.5 23.9 80
2021004822 0.090 -27.8 -5.5 471.2 18.8 80
2021004822 0.090 84.1 -3.6 583.1 21.2 80
2021004822 0.089 205.2 -2.0 704.2 22.1 80
2021004822 0.762 180.8 26.3 372.2 321.5 14
2021004822 0.717 210.7 102.6 370.7 314.2 80
2021004822 0.711 179.3 90.0 463.8 361.5 13
2021004822 0.706 195.8 30.2 374.5 144.2 80
2021004822 0.700 224.8 84.5 381.5 310.9 80
2021004822 0.690 184.5 28.4 367.2 182.0 80
2021004822 0.643 181.6 26.6 360.4 301.3 80
2021004822 0.640 185.5 24.1 372.6 275.3 80
2021004822 0.632 471.0 342.5 498.4 375.9 80
2021004822 0.627 173.1 97.4 445.4 346.4 80
2021004822 0.607 20.1 49.1 80.0 67.8 80
2021004822 0.583 177.3 46.6 387.2 304.9 80
2021004822 0.578 494.8 47.3 500.6 106.1 80
2021004822 0.573 184.7 26.5 354.9 282.0 80
2021004822 0.566 5.7 38.6 43.8 65.1 80
2021004822 0.553 58.6 47.0 145.8 67.6 80
2021004822 0.549 182.3 70.6 458.3 344.8 80
2021004822 0.528 176.3 50.3 424.7 341.0 80
2021004822 0.486 177.9 26.5 373.9 289.7 80
2021004822 0.481 495.3 29.2 500.6 69.2 80
2021004822 0.477 497.0 125.3 500.1 245.0 80
2021004822 0.431 0.9 43.5 7.1 74.7 80
2021004822 0.396 498.1 181.0 500.1 312.3 80
2021004822 0.355 184.7 116.3 356.8 300.3 80
2021004822 0.331 202.6 79.9 291.4 256.2 80
2021004822 0.301 179.8 109.3 458.2 320.0 80
2021004822 0.300 133.0 100.4 452.1 339.0 80
2021004822 0.297 1.0 72.3 3.3 169.2 80
2021004822 0.290 0.9 127.9 3.1 261.5 80
2021004822 0.252 0.8 207.7 3.8 342.0 80
2021004822 0.251 499.2 39.5 500.2 185.1 80
2021004822 0.233 498.6 77.6 500.4 313.7 80
2021004822 0.209 0.9 42.1 6.8 219.8 80
2021004822 0.201 0.3 58.0 9.0 335.0 80
2021004822 0.180 -4.0 337.5 26.2 381.2 80
2021004822 0.175 472.9 82.1 499.6 366.3 80
2021004822 0.174 108.7 85.0 416.6 307.5 80
2021004822 0.168 -1.0 54.1 23.9 326.0 80
2021004822 0.168 -0.4 189.6 31.0 383.9 80
2021004822 0.166 160.1 363.6 359.4 377.1 80
2021004822 0.150 161.3 164.4 468.1 332.9 80
2021004822 0.148 280.3 304.2 445.4 378.9 80
2021004822 0.140 211.2 167.4 477.0 327.2 80
2021004822 0.139 463.8 299.0 510.2 362.9 80
2021004822 0.139 198.1 303.9 363.8 375.1 80
2021004822 0.138 3.3 92.1 67.8 363.2 80
2021004822 0.138 16.9 206.8 166.4 368.7 80
2021004822 0.136 71.4 329.3 191.9 371.6 80
2021004822 0.136 300.8 198.3 518.2 352.9 80
2021004822 0.136 59.9 211.1 290.6 350.7 80
2021004822 0.133 116.8 218.0 396.8 351.0 80
2021004822 0.130 149.5 321.6 270.0 369.1 80
2021004822 0.129 48.5 359.9 157.8 377.5 80
2021004822 0.129 315.5 212.5 442.0 298.6 80
2021004822 0.129 75.5 191.1 335.9 319.5 80
2021004822 0.128 130.3 179.8 400.2 330.6 80
2021004822 0.128 172.0 351.6 316.6 375.2 80
2021004822 0.128 19.1 338.0 93.1 372.4 80
2021004822 0.128 229.1 158.2 470.0 310.7 80
2021004822 0.127 29.5 177.5 239.7 321.1 80
2021004822 0.126 329.7 100.4 373.8 133.8 80
2021004822 0.124 20.8 139.6 177.0 299.8 80
2021004822 0.124 118.4 356.3 230.8 376.9 80
2021004822 0.123 52.0 162.4 266.5 293.0 80
2021004822 0.123 140.9 235.1 201.7 288.0 80
2021004822 0.122 39.2 233.1 83.7 287.1 80
2021004822 0.122 338.2 354.4 448.0 379.6 80
2021004822 0.121 463.0 145.0 509.1 270.8 80
2021004822 0.120 188.5 83.6 389.5 188.9 80
2021004822 0.120 85.7 248.7 134.4 294.0 80
2021004822 0.119 169.0 176.5 258.3 254.9 80
2021004822 0.119 398.8 343.6 493.0 372.0 80
2021004822 0.119 135.3 198.6 269.3 270.7 80
2021004822 0.118 260.8 345.4 380.9 376.0 80
2021004822 0.116 297.5 202.4 407.3 286.7 80
2021004822 0.115 65.9 194.9 160.0 266.0 80
2021004822 0.113 18.8 118.3 287.0 189.6 80
2021004822 0.113 137.6 202.7 277.9 276.6 80
2021004822 0.113 285.7 162.5 579.0 246.4 80
2021004822 0.111 -43.2 95.7 263.1 161.2 80
2021004822 0.110 -75.1 71.7 203.6 128.5 80
2021004822 0.109 182.8 174.3 319.0 256.3 80
2021004822 0.109 222.1 87.6 599.5 163.0 80
2021004822 0.108 206.3 120.8 505.7 204.0 80
2021004822 0.108 55.3 19.1 452.7 105.7 80
2021004822 0.107 -134.2 15.4 213.7 47.9 80
2021004822 0.106 -40.5 20.9 414.2 74.1 80
2021004822 0.104 -84.7 -7.2 410.3 34.3 80
2021004822 0.103 163.6 13.2 636.0 65.9 80
2021004822 0.103 275.6 47.1 650.2 115.0 80
2021004822 0.101 -116.3 6.0 382.5 32.5 80
2021004822 0.101 -46.5 -2.0 452.4 39.2 80
2021004822 0.101 -157.6 6.0 341.4 29.8 80
2021004822 0.098 193.6 5.5 692.4 32.9 80
2021004822 0.094 234.3 4.9 731.2 29.4 80
2021004822 0.091 32.1 -6.6 531.1 20.0 80
2021004822 0.090 156.6 -1.0 655.5 23.9 80
2021004822 0.090 -27.8 -5.5 471.2 18.8 80
2021004822 0.090 84.1 -3.6 583.1 21.2 80
2021004822 0.089 205.2 -2.0 704.2 22.1 80
2021004822 0.000 242.0 73.2 372.7 227.7 80
2021004822 0.000 0.9 43.1 103.5 247.8 80
2021004822 0.000 143.7 135.9 210.3 202.4 80
2021004822 0.000 211.4 111.8 275.3 178.0 80
2021004822 0.000 371.0 109.2 486.3 268.7 80
2021004822 0.000 255.8 137.9 317.1 204.5 80
2021004822 0.000 156.6 31.4 304.0 211.6 80
2021004822 0.000 45.5 217.8 107.4 288.9 80
2021004822 0.000 136.3 82.3 207.6 151.5 80
2021004822 0.000 81.5 117.6 146.9 186.5 80
2021004822 0.000 197.9 51.8 272.4 119.8 80
2021004822 0.000 453.6 128.4 499.6 211.2 80
2021004822 0.000 387.8 97.3 461.7 164.2 80
2021004822 0.000 348.6 145.3 411.0 211.1 80
2021004822 0.000 136.9 218.3 201.8 292.7 80
2021004822 0.000 19.5 26.1 206.5 194.8 80
2021004822 0.000 1.5 201.3 48.0 285.0 80
2021004822 0.000 297.9 170.7 359.9 236.2 80
2021004822 0.000 453.4 192.9 499.6 275.6 80
2021004822 0.000 356.3 197.7 415.7 265.7 80
2021004822 0.000 313.5 100.9 376.2 167.7 80
2021004822 0.000 323.9 8.3 496.6 191.8 80
2021004822 0.000 287.5 132.8 485.8 257.7 80
2021004822 0.000 205.6 160.1 267.3 225.4 80
2021004822 0.000 0.9 125.8 102.1 357.9 80
2021004822 0.000 33.3 127.4 166.8 276.8 80
2021004822 0.000 1.0 151.5 47.1 234.6 80
2021004822 0.000 89.9 187.8 149.8 253.9 80
2021004822 0.000 449.0 54.1 499.7 153.4 80
2021004822 0.000 117.9 161.9 233.2 316.5 80
2021004822 0.000 218.0 251.8 286.7 331.9 80
2021004822 0.000 149.3 172.2 210.8 237.6 80
2021004822 0.000 410.1 176.6 474.8 242.3 80
2021004822 0.000 27.0 155.1 94.9 220.9 80
2021004822 0.000 323.9 218.2 384.1 295.1 80
2021004822 0.000 202.7 116.7 319.1 275.9 80
2021004822 0.000 177.6 56.6 471.2 267.4 80
2021004822 0.000 252.3 124.0 366.8 347.9 80
2021004822 0.000 0.5 90.4 51.3 173.8 80
2021004822 0.000 0.7 22.0 51.8 106.0 80
2021004822 0.000 46.4 108.1 284.6 258.9 80
2021004822 0.000 101.1 50.5 245.1 317.1 80
2021004822 0.000 255.5 3.7 329.5 73.3 80
2021004822 0.000 322.9 47.5 406.2 116.3 80
2021004822 0.000 43.3 21.4 383.8 258.4 80
2021004822 0.000 0.6 249.6 58.3 369.8 80
2021004822 0.000 178.6 220.3 238.0 300.5 80
2021004822 0.000 442.7 245.1 499.6 368.5 80
2021004822 0.000 398.6 113.5 499.6 355.5 80
2021004822 0.000 10.6 10.6 491.5 199.6 80
2021004822 0.000 258.6 42.4 428.2 311.1 80
2021004822 0.000 90.0 16.9 408.1 364.6 80
2021004822 0.000 256.1 169.2 365.6 301.9 80
2021004822 0.000 -2.4 5.4 286.1 371.6 80
2021004822 0.000 8.1 89.0 229.6 370.1 80
2021004822 0.000 0.7 22.9 146.6 363.6 80
2021004822 0.000 213.1 6.1 497.0 372.7 80
2021004822 0.000 131.2 78.4 368.1 365.5 80
2021004822 0.000 156.2 201.7 351.1 369.4 80
2021004822 0.000 170.3 106.4 310.3 353.3 80
2021004822 0.000 153.4 21.0 355.4 360.9 80
2021004822 0.000 357.6 18.1 500.9 361.1 80
2021004822 0.000 68.8 68.1 447.4 321.4 80
2021004822 0.000 177.0 8.2 417.9 127.1 80
2021004822 0.000 43.6 254.9 289.5 373.6 80
2021004822 0.000 2.3 68.4 366.1 369.3 80
2021004822 0.000 5.1 279.1 130.5 374.3 80
2021004822 0.000 12.0 183.0 185.2 365.8 80
2021004822 0.000 305.3 180.1 482.3 365.0 80
2021004822 0.000 220.0 199.0 278.3 264.7 80
2021004822 0.000 24.3 146.3 338.1 364.6 80
2021004822 0.000 2.5 1.3 412.8 373.0 80
2021004822 0.000 150.8 131.3 355.6 228.6 80
2021004822 0.000 274.3 86.1 490.6 373.1 80
2021004822 0.000 3.0 228.5 496.0 374.4 80
2021004822 0.000 220.7 257.3 474.7 373.5 80
2021004822 0.000 84.5 1.1 496.2 372.9 80
2021004822 0.000 158.6 67.8 495.0 371.2 80
2021004822 0.000 157.9 150.5 463.3 364.9 80
2021004822 0.000 362.6 245.1 494.3 368.9 80
2021004822 0.000 44.4 60.6 117.3 136.8 80
2021004822 0.000 129.9 101.9 365.9 294.0 80
2021004822 0.000 22.3 43.4 477.5 366.6 80
2021004822 0.000 60.2 142.4 409.5 272.0 80
2021004822 0.000 0.4 100.8 499.0 366.5 80
2021004822 0.000 244.0 202.0 298.7 273.9 80
2021004822 0.000 12.6 94.7 489.8 271.8 80
2021004822 0.000 0.8 0.3 499.7 373.9 80
2021004822 0.000 1.3 18.3 498.9 309.8 80
2021004822 0.000 286.3 250.3 340.8 319.0 80
2021004822 0.000 424.2 6.2 498.9 85.7 80
2021004822 0.000 12.6 94.7 489.8 271.8 0
2021004822 0.000 0.8 0.3 499.7 373.9 7
2021004822 0.000 8.1 89.0 229.6 370.1 14
2021004822 0.000 258.6 42.4 428.2 311.1 14
2021004822 0.000 101.1 50.5 245.1 317.1 14
2021004822 0.000 170.3 106.4 310.3 353.3 14
2021004822 0.000 274.3 86.1 490.6 373.1 14
2021004822 0.000 153.4 21.0 355.4 360.9 14
2021004822 0.000 213.1 6.1 497.0 372.7 14
