2021000000462904 0.796 600.9 423.3 639.2 476.4 80
2021000000462904 0.745 90.2 168.4 115.2 190.7 80
2021000000462904 0.742 560.4 175.0 627.0 190.0 80
2021000000462904 0.742 494.6 163.1 514.9 184.5 80
2021000000462904 0.731 583.7 10.5 641.7 89.2 80
2021000000462904 0.727 638.5 189.9 640.0 250.7 80
2021000000462904 0.727 406.2 138.3 421.3 162.6 80
2021000000462904 0.723 417.3 144.3 438.1 171.2 80
2021000000462904 0.723 626.0 175.7 640.7 192.6 80
2021000000462904 0.723 21.0 159.0 45.8 198.1 80
2021000000462904 0.722 151.7 142.6 169.7 166.3 80
2021000000462904 0.721 620.5 179.5 639.1 194.3 80
2021000000462904 0.720 515.0 177.9 545.8 189.2 80
2021000000462904 0.720 416.3 144.5 446.7 180.8 18
2021000000462904 0.717 564.1 179.6 604.4 192.0 80
2021000000462904 0.717 151.7 185.1 470.8 380.2 80
2021000000462904 0.714 109.4 136.4 492.0 285.5 80
2021000000462904 0.710 377.9 160.9 587.2 189.7 80
2021000000462904 0.709 481.1 147.7 497.2 175.2 80
2021000000462904 0.709 520.2 178.6 570.5 189.5 80
