2021000000514586 0.706 6.1 235.7 106.8 346.6 80
2021000000514586 0.702 262.8 426.5 350.8 493.8 80
2021000000514586 0.692 180.4 123.7 211.6 168.0 80
2021000000514586 0.676 45.5 59.2 276.5 507.8 14
2021000000514586 0.673 215.0 123.0 249.8 183.7 80
2021000000514586 0.673 325.3 460.1 354.2 495.5 80
2021000000514586 0.666 3.7 209.8 56.5 448.7 80
2021000000514586 0.663 243.2 463.1 333.4 499.5 80
2021000000514586 0.662 213.5 112.9 236.3 154.2 80
2021000000514586 0.662 -0.0 196.2 79.1 312.9 80
2021000000514586 0.650 208.6 112.4 253.6 176.0 80
2021000000514586 0.641 0.2 6.0 352.2 501.0 80
2021000000514586 0.623 3.3 245.9 61.5 329.2 80
2021000000514586 0.613 40.2 53.0 277.9 499.4 80
2021000000514586 0.600 227.4 106.3 256.6 148.6 80
2021000000514586 0.600 0.1 217.9 23.1 302.6 80
2021000000514586 0.599 -9.8 1.1 226.3 500.0 80
2021000000514586 0.590 283.5 128.9 316.5 155.3 80
2021000000514586 0.587 300.8 195.2 345.0 231.4 80
2021000000514586 0.587 304.5 181.3 350.3 219.1 80
2021000000514586 0.585 230.0 111.4 257.6 154.9 80
2021000000514586 0.585 305.5 99.3 352.6 508.9 80
2021000000514586 0.570 4.8 255.4 61.8 352.5 80
2021000000514586 0.557 291.4 68.9 353.6 525.0 80
2021000000514586 0.547 3.1 179.1 17.7 209.3 80
2021000000514586 0.543 350.9 202.3 354.2 276.9 80
2021000000514586 0.539 2.1 243.5 54.2 353.0 80
2021000000514586 0.536 210.4 105.6 256.0 179.0 14
2021000000514586 0.532 0.5 186.0 18.0 213.5 80
2021000000514586 0.529 17.8 40.8 265.7 492.8 80
2021000000514586 0.528 329.4 79.7 352.8 152.1 80
2021000000514586 0.519 21.5 240.6 77.6 302.4 80
2021000000514586 0.515 333.7 53.1 355.3 152.2 80
2021000000514586 0.513 352.2 318.4 354.2 406.0 80
2021000000514586 0.512 303.8 181.5 353.5 225.6 80
2021000000514586 0.457 322.6 159.9 352.2 195.3 80
2021000000514586 0.451 333.1 111.1 352.5 215.7 80
2021000000514586 0.429 0.7 168.4 5.4 460.0 80
2021000000514586 0.420 156.2 480.1 326.1 500.1 80
2021000000514586 0.414 350.4 101.2 354.3 472.4 80
2021000000514586 0.393 1.1 468.4 353.8 500.4 80
2021000000514586 0.382 22.9 95.9 311.1 484.4 80
2021000000514586 0.381 0.9 202.5 24.3 248.4 14
2021000000514586 0.365 325.5 115.6 353.7 154.2 80
2021000000514586 0.360 49.9 73.2 277.0 481.4 80
2021000000514586 0.352 9.7 194.9 61.0 344.1 80
2021000000514586 0.324 334.1 378.9 356.7 497.2 80
2021000000514586 0.318 1.1 36.5 3.0 144.2 80
2021000000514586 0.317 324.3 116.1 354.1 155.9 6
2021000000514586 0.316 0.9 202.5 24.3 248.4 80
2021000000514586 0.285 324.3 116.1 354.1 155.9 80
2021000000514586 0.268 325.5 115.6 353.7 154.2 6
2021000000514586 0.230 210.4 105.6 256.0 179.0 80
2021000000514586 0.226 49.3 488.6 317.6 501.1 80
2021000000514586 0.202 198.4 455.7 343.5 504.5 80
2021000000514586 0.201 21.5 240.6 77.6 302.4 14
2021000000514586 0.200 63.3 154.2 225.9 333.4 80
2021000000514586 0.198 46.5 107.0 277.4 370.2 80
2021000000514586 0.190 0.2 379.6 8.1 514.8 80
2021000000514586 0.183 4.8 255.4 61.8 352.5 1
2021000000514586 0.177 46.9 129.4 281.5 448.4 80
2021000000514586 0.166 0.4 -7.2 13.5 34.1 80
2021000000514586 0.165 22.7 110.5 269.7 438.4 80
2021000000514586 0.161 240.2 312.6 355.0 508.4 80
2021000000514586 0.161 62.2 129.4 252.2 353.5 80
2021000000514586 0.158 19.5 382.7 196.0 511.1 80
2021000000514586 0.154 2.1 243.5 54.2 353.0 1
2021000000514586 0.153 220.5 107.7 348.3 500.9 80
2021000000514586 0.149 79.5 424.5 219.5 501.0 80
2021000000514586 0.147 128.6 447.7 256.1 498.8 80
2021000000514586 0.143 7.6 192.6 74.9 384.0 80
2021000000514586 0.141 8.9 136.9 232.2 449.5 80
2021000000514586 0.140 21.1 259.2 230.7 474.3 80
2021000000514586 0.139 155.8 240.4 346.4 469.8 80
2021000000514586 0.139 85.4 160.9 291.3 433.1 80
2021000000514586 0.139 122.2 265.0 320.9 470.5 80
2021000000514586 0.139 33.8 217.1 256.7 445.9 80
2021000000514586 0.138 303.8 181.5 353.5 225.6 9
2021000000514586 0.137 66.5 295.1 290.6 473.5 80
2021000000514586 0.136 9.7 440.3 70.0 503.2 80
2021000000514586 0.135 4.4 243.5 130.6 473.5 80
2021000000514586 0.134 79.5 246.9 275.5 449.3 80
2021000000514586 0.132 5.0 197.8 192.5 451.1 80
2021000000514586 0.129 94.7 219.7 162.9 316.2 80
2021000000514586 0.129 109.5 272.7 187.9 385.6 80
2021000000514586 0.128 138.5 178.6 325.8 415.2 80
2021000000514586 0.127 109.0 349.7 156.5 423.6 80
2021000000514586 0.127 134.7 210.0 273.0 411.6 80
2021000000514586 0.125 31.5 474.6 116.0 504.7 80
2021000000514586 0.123 75.5 472.4 165.1 502.5 80
2021000000514586 0.121 76.6 253.6 141.8 353.9 80
2021000000514586 0.120 0.1 217.9 23.1 302.6 14
2021000000514586 0.117 131.6 266.4 216.2 392.7 80
2021000000514586 0.116 230.0 111.4 257.6 154.9 14
2021000000514586 0.115 0.5 186.0 18.0 213.5 6
2021000000514586 0.112 32.3 121.2 306.6 285.6 80
2021000000514586 0.111 81.1 193.1 246.3 368.1 80
2021000000514586 0.109 135.8 203.7 377.3 333.0 80
2021000000514586 0.109 -25.2 25.8 296.0 151.2 80
2021000000514586 0.108 -66.0 58.0 194.8 173.9 80
2021000000514586 0.706 6.1 235.7 106.8 346.6 80
2021000000514586 0.702 262.8 426.5 350.8 493.8 80
2021000000514586 0.692 180.4 123.7 211.6 168.0 80
2021000000514586 0.676 45.5 59.2 276.5 507.8 14
2021000000514586 0.673 215.0 123.0 249.8 183.7 80
2021000000514586 0.673 325.3 460.1 354.2 495.5 80
2021000000514586 0.666 3.7 209.8 56.5 448.7 80
2021000000514586 0.663 243.2 463.1 333.4 499.5 80
2021000000514586 0.662 213.5 112.9 236.3 154.2 80
2021000000514586 0.662 -0.0 196.2 79.1 312.9 80
2021000000514586 0.650 208.6 112.4 253.6 176.0 80
2021000000514586 0.641 0.2 6.0 352.2 501.0 80
2021000000514586 0.623 3.3 245.9 61.5 329.2 80
2021000000514586 0.613 40.2 53.0 277.9 499.4 80
2021000000514586 0.600 227.4 106.3 256.6 148.6 80
2021000000514586 0.600 0.1 217.9 23.1 302.6 80
2021000000514586 0.599 -9.8 1.1 226.3 500.0 80
2021000000514586 0.590 283.5 128.9 316.5 155.3 80
2021000000514586 0.587 300.8 195.2 345.0 231.4 80
2021000000514586 0.587 304.5 181.3 350.3 219.1 80
2021000000514586 0.585 230.0 111.4 257.6 154.9 80
2021000000514586 0.585 305.5 99.3 352.6 508.9 80
2021000000514586 0.570 4.8 255.4 61.8 352.5 80
2021000000514586 0.557 291.4 68.9 353.6 525.0 80
2021000000514586 0.547 3.1 179.1 17.7 209.3 80
2021000000514586 0.543 350.9 202.3 354.2 276.9 80
2021000000514586 0.539 2.1 243.5 54.2 353.0 80
2021000000514586 0.536 210.4 105.6 256.0 179.0 14
2021000000514586 0.532 0.5 186.0 18.0 213.5 80
2021000000514586 0.529 17.8 40.8 265.7 492.8 80
2021000000514586 0.528 329.4 79.7 352.8 152.1 80
2021000000514586 0.519 21.5 240.6 77.6 302.4 80
2021000000514586 0.515 333.7 53.1 355.3 152.2 80
2021000000514586 0.513 352.2 318.4 354.2 406.0 80
2021000000514586 0.512 303.8 181.5 353.5 225.6 80
2021000000514586 0.457 322.6 159.9 352.2 195.3 80
2021000000514586 0.451 333.1 111.1 352.5 215.7 80
2021000000514586 0.429 0.7 168.4 5.4 460.0 80
2021000000514586 0.420 156.2 480.1 326.1 500.1 80
2021000000514586 0.414 350.4 101.2 354.3 472.4 80
2021000000514586 0.393 1.1 468.4 353.8 500.4 80
2021000000514586 0.382 22.9 95.9 311.1 484.4 80
2021000000514586 0.381 0.9 202.5 24.3 248.4 14
2021000000514586 0.365 325.5 115.6 353.7 154.2 80
2021000000514586 0.360 49.9 73.2 277.0 481.4 80
2021000000514586 0.352 9.7 194.9 61.0 344.1 80
2021000000514586 0.324 334.1 378.9 356.7 497.2 80
2021000000514586 0.318 1.1 36.5 3.0 144.2 80
2021000000514586 0.317 324.3 116.1 354.1 155.9 6
2021000000514586 0.316 0.9 202.5 24.3 248.4 80
2021000000514586 0.285 324.3 116.1 354.1 155.9 80
2021000000514586 0.268 325.5 115.6 353.7 154.2 6
2021000000514586 0.230 210.4 105.6 256.0 179.0 80
2021000000514586 0.226 49.3 488.6 317.6 501.1 80
2021000000514586 0.202 198.4 455.7 343.5 504.5 80
2021000000514586 0.201 21.5 240.6 77.6 302.4 14
2021000000514586 0.200 63.3 154.2 225.9 333.4 80
2021000000514586 0.198 46.5 107.0 277.4 370.2 80
2021000000514586 0.190 0.2 379.6 8.1 514.8 80
2021000000514586 0.183 4.8 255.4 61.8 352.5 1
2021000000514586 0.177 46.9 129.4 281.5 448.4 80
2021000000514586 0.166 0.4 -7.2 13.5 34.1 80
2021000000514586 0.165 22.7 110.5 269.7 438.4 80
2021000000514586 0.161 240.2 312.6 355.0 508.4 80
2021000000514586 0.161 62.2 129.4 252.2 353.5 80
2021000000514586 0.158 19.5 382.7 196.0 511.1 80
2021000000514586 0.154 2.1 243.5 54.2 353.0 1
2021000000514586 0.153 220.5 107.7 348.3 500.9 80
2021000000514586 0.149 79.5 424.5 219.5 501.0 80
2021000000514586 0.147 128.6 447.7 256.1 498.8 80
2021000000514586 0.143 7.6 192.6 74.9 384.0 80
2021000000514586 0.141 8.9 136.9 232.2 449.5 80
2021000000514586 0.140 21.1 259.2 230.7 474.3 80
2021000000514586 0.139 155.8 240.4 346.4 469.8 80
2021000000514586 0.139 85.4 160.9 291.3 433.1 80
2021000000514586 0.139 122.2 265.0 320.9 470.5 80
2021000000514586 0.139 33.8 217.1 256.7 445.9 80
2021000000514586 0.138 303.8 181.5 353.5 225.6 9
2021000000514586 0.137 66.5 295.1 290.6 473.5 80
2021000000514586 0.136 9.7 440.3 70.0 503.2 80
2021000000514586 0.135 4.4 243.5 130.6 473.5 80
2021000000514586 0.134 79.5 246.9 275.5 449.3 80
2021000000514586 0.132 5.0 197.8 192.5 451.1 80
2021000000514586 0.129 94.7 219.7 162.9 316.2 80
2021000000514586 0.129 109.5 272.7 187.9 385.6 80
2021000000514586 0.128 138.5 178.6 325.8 415.2 80
2021000000514586 0.127 109.0 349.7 156.5 423.6 80
2021000000514586 0.127 134.7 210.0 273.0 411.6 80
2021000000514586 0.125 31.5 474.6 116.0 504.7 80
2021000000514586 0.123 75.5 472.4 165.1 502.5 80
2021000000514586 0.121 76.6 253.6 141.8 353.9 80
2021000000514586 0.120 0.1 217.9 23.1 302.6 14
2021000000514586 0.117 131.6 266.4 216.2 392.7 80
2021000000514586 0.116 230.0 111.4 257.6 154.9 14
2021000000514586 0.115 0.5 186.0 18.0 213.5 6
2021000000514586 0.112 32.3 121.2 306.6 285.6 80
2021000000514586 0.111 81.1 193.1 246.3 368.1 80
2021000000514586 0.109 135.8 203.7 377.3 333.0 80
2021000000514586 0.109 -25.2 25.8 296.0 151.2 80
2021000000514586 0.108 -66.0 58.0 194.8 173.9 80
2021000000514586 0.706 6.1 235.7 106.8 346.6 80
2021000000514586 0.702 262.8 426.5 350.8 493.8 80
2021000000514586 0.692 180.4 123.7 211.6 168.0 80
2021000000514586 0.676 45.5 59.2 276.5 507.8 14
2021000000514586 0.673 215.0 123.0 249.8 183.7 80
2021000000514586 0.673 325.3 460.1 354.2 495.5 80
2021000000514586 0.666 3.7 209.8 56.5 448.7 80
2021000000514586 0.663 243.2 463.1 333.4 499.5 80
2021000000514586 0.662 213.5 112.9 236.3 154.2 80
2021000000514586 0.662 -0.0 196.2 79.1 312.9 80
2021000000514586 0.650 208.6 112.4 253.6 176.0 80
2021000000514586 0.641 0.2 6.0 352.2 501.0 80
2021000000514586 0.623 3.3 245.9 61.5 329.2 80
2021000000514586 0.613 40.2 53.0 277.9 499.4 80
2021000000514586 0.600 227.4 106.3 256.6 148.6 80
2021000000514586 0.600 0.1 217.9 23.1 302.6 80
2021000000514586 0.599 -9.8 1.1 226.3 500.0 80
2021000000514586 0.590 283.5 128.9 316.5 155.3 80
2021000000514586 0.587 300.8 195.2 345.0 231.4 80
2021000000514586 0.587 304.5 181.3 350.3 219.1 80
2021000000514586 0.585 230.0 111.4 257.6 154.9 80
2021000000514586 0.585 305.5 99.3 352.6 508.9 80
2021000000514586 0.570 4.8 255.4 61.8 352.5 80
2021000000514586 0.557 291.4 68.9 353.6 525.0 80
2021000000514586 0.547 3.1 179.1 17.7 209.3 80
2021000000514586 0.543 350.9 202.3 354.2 276.9 80
2021000000514586 0.539 2.1 243.5 54.2 353.0 80
2021000000514586 0.536 210.4 105.6 256.0 179.0 14
2021000000514586 0.532 0.5 186.0 18.0 213.5 80
2021000000514586 0.529 17.8 40.8 265.7 492.8 80
2021000000514586 0.528 329.4 79.7 352.8 152.1 80
2021000000514586 0.519 21.5 240.6 77.6 302.4 80
2021000000514586 0.515 333.7 53.1 355.3 152.2 80
2021000000514586 0.513 352.2 318.4 354.2 406.0 80
2021000000514586 0.512 303.8 181.5 353.5 225.6 80
2021000000514586 0.457 322.6 159.9 352.2 195.3 80
2021000000514586 0.451 333.1 111.1 352.5 215.7 80
2021000000514586 0.429 0.7 168.4 5.4 460.0 80
2021000000514586 0.420 156.2 480.1 326.1 500.1 80
2021000000514586 0.414 350.4 101.2 354.3 472.4 80
2021000000514586 0.393 1.1 468.4 353.8 500.4 80
2021000000514586 0.382 22.9 95.9 311.1 484.4 80
2021000000514586 0.381 0.9 202.5 24.3 248.4 14
2021000000514586 0.365 325.5 115.6 353.7 154.2 80
2021000000514586 0.360 49.9 73.2 277.0 481.4 80
2021000000514586 0.352 9.7 194.9 61.0 344.1 80
2021000000514586 0.324 334.1 378.9 356.7 497.2 80
2021000000514586 0.318 1.1 36.5 3.0 144.2 80
2021000000514586 0.317 324.3 116.1 354.1 155.9 6
2021000000514586 0.316 0.9 202.5 24.3 248.4 80
2021000000514586 0.285 324.3 116.1 354.1 155.9 80
2021000000514586 0.268 325.5 115.6 353.7 154.2 6
2021000000514586 0.230 210.4 105.6 256.0 179.0 80
2021000000514586 0.226 49.3 488.6 317.6 501.1 80
2021000000514586 0.202 198.4 455.7 343.5 504.5 80
2021000000514586 0.201 21.5 240.6 77.6 302.4 14
2021000000514586 0.200 63.3 154.2 225.9 333.4 80
2021000000514586 0.198 46.5 107.0 277.4 370.2 80
2021000000514586 0.190 0.2 379.6 8.1 514.8 80
2021000000514586 0.183 4.8 255.4 61.8 352.5 1
2021000000514586 0.177 46.9 129.4 281.5 448.4 80
2021000000514586 0.166 0.4 -7.2 13.5 34.1 80
2021000000514586 0.165 22.7 110.5 269.7 438.4 80
2021000000514586 0.161 240.2 312.6 355.0 508.4 80
2021000000514586 0.161 62.2 129.4 252.2 353.5 80
2021000000514586 0.158 19.5 382.7 196.0 511.1 80
2021000000514586 0.154 2.1 243.5 54.2 353.0 1
2021000000514586 0.153 220.5 107.7 348.3 500.9 80
2021000000514586 0.149 79.5 424.5 219.5 501.0 80
2021000000514586 0.147 128.6 447.7 256.1 498.8 80
2021000000514586 0.143 7.6 192.6 74.9 384.0 80
2021000000514586 0.141 8.9 136.9 232.2 449.5 80
2021000000514586 0.140 21.1 259.2 230.7 474.3 80
2021000000514586 0.139 155.8 240.4 346.4 469.8 80
2021000000514586 0.139 85.4 160.9 291.3 433.1 80
2021000000514586 0.139 122.2 265.0 320.9 470.5 80
2021000000514586 0.139 33.8 217.1 256.7 445.9 80
2021000000514586 0.138 303.8 181.5 353.5 225.6 9
2021000000514586 0.137 66.5 295.1 290.6 473.5 80
2021000000514586 0.136 9.7 440.3 70.0 503.2 80
2021000000514586 0.135 4.4 243.5 130.6 473.5 80
2021000000514586 0.134 79.5 246.9 275.5 449.3 80
2021000000514586 0.132 5.0 197.8 192.5 451.1 80
2021000000514586 0.129 94.7 219.7 162.9 316.2 80
2021000000514586 0.129 109.5 272.7 187.9 385.6 80
2021000000514586 0.128 138.5 178.6 325.8 415.2 80
2021000000514586 0.127 109.0 349.7 156.5 423.6 80
2021000000514586 0.127 134.7 210.0 273.0 411.6 80
2021000000514586 0.125 31.5 474.6 116.0 504.7 80
2021000000514586 0.123 75.5 472.4 165.1 502.5 80
2021000000514586 0.121 76.6 253.6 141.8 353.9 80
2021000000514586 0.120 0.1 217.9 23.1 302.6 14
2021000000514586 0.117 131.6 266.4 216.2 392.7 80
2021000000514586 0.116 230.0 111.4 257.6 154.9 14
2021000000514586 0.115 0.5 186.0 18.0 213.5 6
2021000000514586 0.112 32.3 121.2 306.6 285.6 80
2021000000514586 0.111 81.1 193.1 246.3 368.1 80
2021000000514586 0.109 135.8 203.7 377.3 333.0 80
2021000000514586 0.109 -25.2 25.8 296.0 151.2 80
2021000000514586 0.108 -66.0 58.0 194.8 173.9 80
2021000000514586 0.706 6.1 235.7 106.8 346.6 80
2021000000514586 0.702 262.8 426.5 350.8 493.8 80
2021000000514586 0.692 180.4 123.7 211.6 168.0 80
2021000000514586 0.676 45.5 59.2 276.5 507.8 14
2021000000514586 0.673 215.0 123.0 249.8 183.7 80
2021000000514586 0.673 325.3 460.1 354.2 495.5 80
2021000000514586 0.666 3.7 209.8 56.5 448.7 80
2021000000514586 0.663 243.2 463.1 333.4 499.5 80
2021000000514586 0.662 213.5 112.9 236.3 154.2 80
2021000000514586 0.662 -0.0 196.2 79.1 312.9 80
2021000000514586 0.650 208.6 112.4 253.6 176.0 80
2021000000514586 0.641 0.2 6.0 352.2 501.0 80
2021000000514586 0.623 3.3 245.9 61.5 329.2 80
2021000000514586 0.613 40.2 53.0 277.9 499.4 80
2021000000514586 0.600 227.4 106.3 256.6 148.6 80
2021000000514586 0.600 0.1 217.9 23.1 302.6 80
2021000000514586 0.599 -9.8 1.1 226.3 500.0 80
2021000000514586 0.590 283.5 128.9 316.5 155.3 80
2021000000514586 0.587 300.8 195.2 345.0 231.4 80
2021000000514586 0.587 304.5 181.3 350.3 219.1 80
2021000000514586 0.585 230.0 111.4 257.6 154.9 80
2021000000514586 0.585 305.5 99.3 352.6 508.9 80
2021000000514586 0.570 4.8 255.4 61.8 352.5 80
2021000000514586 0.557 291.4 68.9 353.6 525.0 80
2021000000514586 0.547 3.1 179.1 17.7 209.3 80
2021000000514586 0.543 350.9 202.3 354.2 276.9 80
2021000000514586 0.539 2.1 243.5 54.2 353.0 80
2021000000514586 0.536 210.4 105.6 256.0 179.0 14
2021000000514586 0.532 0.5 186.0 18.0 213.5 80
2021000000514586 0.529 17.8 40.8 265.7 492.8 80
2021000000514586 0.528 329.4 79.7 352.8 152.1 80
2021000000514586 0.519 21.5 240.6 77.6 302.4 80
2021000000514586 0.515 333.7 53.1 355.3 152.2 80
2021000000514586 0.513 352.2 318.4 354.2 406.0 80
2021000000514586 0.512 303.8 181.5 353.5 225.6 80
2021000000514586 0.457 322.6 159.9 352.2 195.3 80
2021000000514586 0.451 333.1 111.1 352.5 215.7 80
2021000000514586 0.429 0.7 168.4 5.4 460.0 80
2021000000514586 0.420 156.2 480.1 326.1 500.1 80
2021000000514586 0.414 350.4 101.2 354.3 472.4 80
2021000000514586 0.393 1.1 468.4 353.8 500.4 80
2021000000514586 0.382 22.9 95.9 311.1 484.4 80
2021000000514586 0.381 0.9 202.5 24.3 248.4 14
2021000000514586 0.365 325.5 115.6 353.7 154.2 80
2021000000514586 0.360 49.9 73.2 277.0 481.4 80
2021000000514586 0.352 9.7 194.9 61.0 344.1 80
2021000000514586 0.324 334.1 378.9 356.7 497.2 80
2021000000514586 0.318 1.1 36.5 3.0 144.2 80
2021000000514586 0.317 324.3 116.1 354.1 155.9 6
2021000000514586 0.316 0.9 202.5 24.3 248.4 80
2021000000514586 0.285 324.3 116.1 354.1 155.9 80
2021000000514586 0.268 325.5 115.6 353.7 154.2 6
2021000000514586 0.230 210.4 105.6 256.0 179.0 80
2021000000514586 0.226 49.3 488.6 317.6 501.1 80
2021000000514586 0.202 198.4 455.7 343.5 504.5 80
2021000000514586 0.201 21.5 240.6 77.6 302.4 14
2021000000514586 0.200 63.3 154.2 225.9 333.4 80
2021000000514586 0.198 46.5 107.0 277.4 370.2 80
2021000000514586 0.190 0.2 379.6 8.1 514.8 80
2021000000514586 0.183 4.8 255.4 61.8 352.5 1
2021000000514586 0.177 46.9 129.4 281.5 448.4 80
2021000000514586 0.166 0.4 -7.2 13.5 34.1 80
2021000000514586 0.165 22.7 110.5 269.7 438.4 80
2021000000514586 0.161 240.2 312.6 355.0 508.4 80
2021000000514586 0.161 62.2 129.4 252.2 353.5 80
2021000000514586 0.158 19.5 382.7 196.0 511.1 80
2021000000514586 0.154 2.1 243.5 54.2 353.0 1
2021000000514586 0.153 220.5 107.7 348.3 500.9 80
2021000000514586 0.149 79.5 424.5 219.5 501.0 80
2021000000514586 0.147 128.6 447.7 256.1 498.8 80
2021000000514586 0.143 7.6 192.6 74.9 384.0 80
2021000000514586 0.141 8.9 136.9 232.2 449.5 80
2021000000514586 0.140 21.1 259.2 230.7 474.3 80
2021000000514586 0.139 155.8 240.4 346.4 469.8 80
2021000000514586 0.139 85.4 160.9 291.3 433.1 80
2021000000514586 0.139 122.2 265.0 320.9 470.5 80
2021000000514586 0.139 33.8 217.1 256.7 445.9 80
2021000000514586 0.138 303.8 181.5 353.5 225.6 9
2021000000514586 0.137 66.5 295.1 290.6 473.5 80
2021000000514586 0.136 9.7 440.3 70.0 503.2 80
2021000000514586 0.135 4.4 243.5 130.6 473.5 80
2021000000514586 0.134 79.5 246.9 275.5 449.3 80
2021000000514586 0.132 5.0 197.8 192.5 451.1 80
2021000000514586 0.129 94.7 219.7 162.9 316.2 80
2021000000514586 0.129 109.5 272.7 187.9 385.6 80
2021000000514586 0.128 138.5 178.6 325.8 415.2 80
2021000000514586 0.127 109.0 349.7 156.5 423.6 80
2021000000514586 0.127 134.7 210.0 273.0 411.6 80
2021000000514586 0.125 31.5 474.6 116.0 504.7 80
2021000000514586 0.123 75.5 472.4 165.1 502.5 80
2021000000514586 0.121 76.6 253.6 141.8 353.9 80
2021000000514586 0.120 0.1 217.9 23.1 302.6 14
2021000000514586 0.117 131.6 266.4 216.2 392.7 80
2021000000514586 0.116 230.0 111.4 257.6 154.9 14
2021000000514586 0.115 0.5 186.0 18.0 213.5 6
2021000000514586 0.112 32.3 121.2 306.6 285.6 80
2021000000514586 0.111 81.1 193.1 246.3 368.1 80
2021000000514586 0.109 135.8 203.7 377.3 333.0 80
2021000000514586 0.109 -25.2 25.8 296.0 151.2 80
2021000000514586 0.108 -66.0 58.0 194.8 173.9 80
2021000000514586 0.000 258.2 138.6 349.7 347.9 80
2021000000514586 0.000 2.6 170.2 140.2 355.1 80
2021000000514586 0.000 150.2 102.1 294.4 255.0 80
2021000000514586 0.000 97.7 48.0 234.7 249.3 80
2021000000514586 0.000 194.1 186.7 354.6 339.4 80
2021000000514586 0.000 319.0 86.9 354.1 193.8 80
2021000000514586 0.000 0.5 39.0 72.8 332.2 80
2021000000514586 0.000 0.7 172.5 72.8 475.1 80
2021000000514586 0.000 0.5 199.6 33.7 312.0 80
2021000000514586 0.000 284.7 235.8 342.2 322.9 80
2021000000514586 0.000 138.7 215.5 197.3 301.5 80
2021000000514586 0.000 90.6 178.4 160.9 268.3 80
2021000000514586 0.000 58.7 252.6 112.0 339.0 80
2021000000514586 0.000 321.1 255.5 353.8 369.2 80
2021000000514586 0.000 321.3 170.2 353.8 282.6 80
2021000000514586 0.000 111.2 70.5 349.3 371.0 80
2021000000514586 0.000 12.5 206.0 74.3 292.9 80
2021000000514586 0.000 1.3 267.9 34.0 380.3 80
2021000000514586 0.000 314.4 334.5 353.1 485.0 80
2021000000514586 0.000 97.7 229.3 158.0 315.4 80
2021000000514586 0.000 17.1 142.8 217.5 350.4 80
2021000000514586 0.000 171.9 185.9 235.1 271.1 80
2021000000514586 0.000 226.7 4.7 357.3 249.6 80
2021000000514586 0.000 281.9 158.1 354.1 471.6 80
2021000000514586 0.000 202.6 230.0 264.5 315.2 80
2021000000514586 0.000 237.6 197.2 301.6 282.0 80
2021000000514586 0.000 141.1 149.4 204.3 235.8 80
2021000000514586 0.000 95.1 186.5 263.5 317.0 80
2021000000514586 0.000 49.3 160.8 113.8 246.2 80
2021000000514586 0.000 171.2 66.1 318.7 411.1 80
2021000000514586 0.000 0.4 28.1 37.0 140.8 80
2021000000514586 0.000 245.5 271.4 303.8 355.2 80
2021000000514586 0.000 200.2 144.1 344.5 487.8 80
2021000000514586 0.000 7.5 21.8 159.7 244.8 80
2021000000514586 0.000 133.1 176.4 241.2 357.9 80
2021000000514586 0.000 0.6 119.0 36.3 231.8 80
2021000000514586 0.000 170.1 206.6 279.0 444.8 80
2021000000514586 0.000 1.6 -0.2 353.8 274.4 80
2021000000514586 0.000 0.7 334.6 40.9 494.6 80
2021000000514586 0.000 20.8 33.8 282.5 343.4 80
2021000000514586 0.000 90.2 118.0 266.3 482.3 80
2021000000514586 0.000 5.8 194.5 252.5 491.3 80
2021000000514586 0.000 106.6 105.3 359.6 499.0 80
2021000000514586 0.000 26.0 295.6 83.5 385.6 80
2021000000514586 0.000 113.5 170.4 233.7 461.5 80
2021000000514586 0.000 268.2 135.0 334.3 220.6 80
2021000000514586 0.000 211.9 139.2 278.1 223.9 80
2021000000514586 0.000 134.2 71.9 200.0 157.3 80
2021000000514586 0.000 254.4 27.8 354.1 480.1 80
2021000000514586 0.000 74.7 129.3 278.6 395.1 80
2021000000514586 0.000 -2.6 123.4 172.7 495.2 80
2021000000514586 0.000 102.7 282.9 253.2 494.0 80
2021000000514586 0.000 74.8 193.4 180.9 423.4 80
2021000000514586 0.000 54.0 37.3 299.7 472.7 80
2021000000514586 0.000 -3.2 259.1 139.0 493.6 80
2021000000514586 0.000 105.0 216.9 336.8 492.1 80
2021000000514586 0.000 1.7 325.7 236.5 496.4 80
2021000000514586 0.000 209.2 256.8 345.7 491.1 80
2021000000514586 0.000 -1.3 98.0 263.1 496.7 80
2021000000514586 0.000 146.9 8.5 357.2 496.1 80
2021000000514586 0.000 2.9 373.9 94.0 498.9 80
2021000000514586 0.000 89.8 113.3 155.1 198.8 80
2021000000514586 0.000 43.4 55.4 204.2 426.6 80
2021000000514586 0.000 40.9 112.8 324.3 430.9 80
2021000000514586 0.000 -2.6 9.4 210.2 494.7 80
2021000000514586 0.000 141.8 350.2 352.4 500.0 80
2021000000514586 0.000 256.1 335.2 349.7 494.2 80
2021000000514586 0.000 1.3 306.9 353.1 500.8 80
2021000000514586 0.000 28.3 199.7 306.6 374.5 80
2021000000514586 0.000 1.3 2.4 296.6 497.1 80
2021000000514586 0.000 94.5 304.1 150.9 387.6 80
2021000000514586 0.000 91.3 13.0 268.5 488.2 80
2021000000514586 0.000 55.9 6.2 352.1 497.1 80
2021000000514586 0.000 97.5 -3.9 327.9 156.8 80
2021000000514586 0.000 -0.8 23.4 104.6 487.3 80
2021000000514586 0.000 0.6 148.7 353.6 496.1 80
2021000000514586 0.000 11.0 60.3 337.7 502.1 80
2021000000514586 0.000 1.1 36.7 353.7 452.2 80
2021000000514586 0.000 125.7 307.9 242.4 449.0 80
2021000000514586 0.000 0.9 0.5 353.8 499.2 80
2021000000514586 0.000 175.1 6.8 240.2 97.3 80
2021000000514586 0.000 2.4 148.6 354.5 385.9 80
2021000000514586 0.000 161.8 276.5 287.6 386.6 80
2021000000514586 0.000 224.6 70.7 293.2 156.3 80
2021000000514586 0.000 301.6 7.1 352.1 114.5 80
2021000000514586 0.000 129.8 305.5 186.1 386.6 80
2021000000514586 0.000 22.3 90.6 93.1 178.5 80
2021000000514586 0.000 153.3 261.4 203.5 347.0 80
2021000000514586 0.000 0.9 0.5 353.8 499.2 14
2021000000514586 0.000 0.9 0.5 353.8 499.2 7
2021000000514586 0.000 108.0 393.2 165.6 481.3 80
2021000000514586 0.000 55.9 6.2 352.1 497.1 14
2021000000514586 0.000 0.9 0.5 353.8 499.2 11
2021000000514586 0.000 54.0 37.3 299.7 472.7 14
2021000000514586 0.000 146.9 8.5 357.2 496.1 14
2021000000514586 0.000 230.7 297.5 289.2 377.9 80
2021000000514586 0.000 11.0 60.3 337.7 502.1 14
2021000000514586 0.000 -2.6 123.4 172.7 495.2 14
2021000000514586 0.000 -2.6 9.4 210.2 494.7 14
2021000000514586 0.000 1.3 2.4 296.6 497.1 14
2021000000514586 0.000 258.2 138.6 349.7 347.9 80
2021000000514586 0.000 2.6 170.2 140.2 355.1 80
2021000000514586 0.000 150.2 102.1 294.4 255.0 80
2021000000514586 0.000 97.7 48.0 234.7 249.3 80
2021000000514586 0.000 194.1 186.7 354.6 339.4 80
2021000000514586 0.000 319.0 86.9 354.1 193.8 80
2021000000514586 0.000 0.5 39.0 72.8 332.2 80
2021000000514586 0.000 0.7 172.5 72.8 475.1 80
2021000000514586 0.000 0.5 199.6 33.7 312.0 80
2021000000514586 0.000 284.7 235.8 342.2 322.9 80
2021000000514586 0.000 138.7 215.5 197.3 301.5 80
2021000000514586 0.000 90.6 178.4 160.9 268.3 80
2021000000514586 0.000 58.7 252.6 112.0 339.0 80
2021000000514586 0.000 321.1 255.5 353.8 369.2 80
2021000000514586 0.000 321.3 170.2 353.8 282.6 80
2021000000514586 0.000 111.2 70.5 349.3 371.0 80
2021000000514586 0.000 12.5 206.0 74.3 292.9 80
2021000000514586 0.000 1.3 267.9 34.0 380.3 80
2021000000514586 0.000 314.4 334.5 353.1 485.0 80
2021000000514586 0.000 97.7 229.3 158.0 315.4 80
2021000000514586 0.000 17.1 142.8 217.5 350.4 80
2021000000514586 0.000 171.9 185.9 235.1 271.1 80
2021000000514586 0.000 226.7 4.7 357.3 249.6 80
2021000000514586 0.000 281.9 158.1 354.1 471.6 80
2021000000514586 0.000 202.6 230.0 264.5 315.2 80
2021000000514586 0.000 237.6 197.2 301.6 282.0 80
2021000000514586 0.000 141.1 149.4 204.3 235.8 80
2021000000514586 0.000 95.1 186.5 263.5 317.0 80
2021000000514586 0.000 49.3 160.8 113.8 246.2 80
2021000000514586 0.000 171.2 66.1 318.7 411.1 80
2021000000514586 0.000 0.4 28.1 37.0 140.8 80
2021000000514586 0.000 245.5 271.4 303.8 355.2 80
2021000000514586 0.000 200.2 144.1 344.5 487.8 80
2021000000514586 0.000 7.5 21.8 159.7 244.8 80
2021000000514586 0.000 133.1 176.4 241.2 357.9 80
2021000000514586 0.000 0.6 119.0 36.3 231.8 80
2021000000514586 0.000 170.1 206.6 279.0 444.8 80
2021000000514586 0.000 1.6 -0.2 353.8 274.4 80
2021000000514586 0.000 0.7 334.6 40.9 494.6 80
2021000000514586 0.000 20.8 33.8 282.5 343.4 80
2021000000514586 0.000 90.2 118.0 266.3 482.3 80
2021000000514586 0.000 5.8 194.5 252.5 491.3 80
2021000000514586 0.000 106.6 105.3 359.6 499.0 80
2021000000514586 0.000 26.0 295.6 83.5 385.6 80
2021000000514586 0.000 113.5 170.4 233.7 461.5 80
2021000000514586 0.000 268.2 135.0 334.3 220.6 80
2021000000514586 0.000 211.9 139.2 278.1 223.9 80
2021000000514586 0.000 134.2 71.9 200.0 157.3 80
2021000000514586 0.000 254.4 27.8 354.1 480.1 80
2021000000514586 0.000 74.7 129.3 278.6 395.1 80
2021000000514586 0.000 -2.6 123.4 172.7 495.2 80
2021000000514586 0.000 102.7 282.9 253.2 494.0 80
2021000000514586 0.000 74.8 193.4 180.9 423.4 80
2021000000514586 0.000 54.0 37.3 299.7 472.7 80
2021000000514586 0.000 -3.2 259.1 139.0 493.6 80
2021000000514586 0.000 105.0 216.9 336.8 492.1 80
2021000000514586 0.000 1.7 325.7 236.5 496.4 80
2021000000514586 0.000 209.2 256.8 345.7 491.1 80
2021000000514586 0.000 -1.3 98.0 263.1 496.7 80
2021000000514586 0.000 146.9 8.5 357.2 496.1 80
2021000000514586 0.000 2.9 373.9 94.0 498.9 80
2021000000514586 0.000 89.8 113.3 155.1 198.8 80
2021000000514586 0.000 43.4 55.4 204.2 426.6 80
2021000000514586 0.000 40.9 112.8 324.3 430.9 80
2021000000514586 0.000 -2.6 9.4 210.2 494.7 80
2021000000514586 0.000 141.8 350.2 352.4 500.0 80
2021000000514586 0.000 256.1 335.2 349.7 494.2 80
2021000000514586 0.000 1.3 306.9 353.1 500.8 80
2021000000514586 0.000 28.3 199.7 306.6 374.5 80
2021000000514586 0.000 1.3 2.4 296.6 497.1 80
2021000000514586 0.000 94.5 304.1 150.9 387.6 80
2021000000514586 0.000 91.3 13.0 268.5 488.2 80
2021000000514586 0.000 55.9 6.2 352.1 497.1 80
2021000000514586 0.000 97.5 -3.9 327.9 156.8 80
2021000000514586 0.000 -0.8 23.4 104.6 487.3 80
2021000000514586 0.000 0.6 148.7 353.6 496.1 80
2021000000514586 0.000 11.0 60.3 337.7 502.1 80
2021000000514586 0.000 1.1 36.7 353.7 452.2 80
2021000000514586 0.000 125.7 307.9 242.4 449.0 80
2021000000514586 0.000 0.9 0.5 353.8 499.2 80
2021000000514586 0.000 175.1 6.8 240.2 97.3 80
2021000000514586 0.000 2.4 148.6 354.5 385.9 80
2021000000514586 0.000 161.8 276.5 287.6 386.6 80
2021000000514586 0.000 224.6 70.7 293.2 156.3 80
2021000000514586 0.000 301.6 7.1 352.1 114.5 80
2021000000514586 0.000 129.8 305.5 186.1 386.6 80
2021000000514586 0.000 22.3 90.6 93.1 178.5 80
2021000000514586 0.000 153.3 261.4 203.5 347.0 80
2021000000514586 0.000 0.9 0.5 353.8 499.2 14
2021000000514586 0.000 0.9 0.5 353.8 499.2 7
2021000000514586 0.000 108.0 393.2 165.6 481.3 80
2021000000514586 0.000 55.9 6.2 352.1 497.1 14
2021000000514586 0.000 0.9 0.5 353.8 499.2 11
2021000000514586 0.000 54.0 37.3 299.7 472.7 14
2021000000514586 0.000 146.9 8.5 357.2 496.1 14
2021000000514586 0.000 230.7 297.5 289.2 377.9 80
2021000000514586 0.000 11.0 60.3 337.7 502.1 14
2021000000514586 0.000 -2.6 123.4 172.7 495.2 14
2021000000514586 0.000 -2.6 9.4 210.2 494.7 14
2021000000514586 0.000 1.3 2.4 296.6 497.1 14
