2021000000012062 0.673 361.2 238.8 645.4 427.0 80
2021000000012062 0.672 12.8 177.9 268.9 290.6 80
2021000000012062 0.665 59.2 175.0 307.3 288.4 80
2021000000012062 0.657 173.1 69.9 563.7 275.4 16
2021000000012062 0.655 413.8 189.7 563.2 258.1 80
2021000000012062 0.655 70.0 173.9 300.4 283.8 80
2021000000012062 0.653 1.4 174.5 271.5 415.6 80
2021000000012062 0.643 7.6 149.7 469.8 279.2 80
2021000000012062 0.638 259.6 251.8 632.2 424.3 80
2021000000012062 0.629 24.9 95.2 594.4 394.9 80
2021000000012062 0.623 53.4 171.4 384.9 286.5 80
2021000000012062 0.612 -0.3 144.8 634.7 383.7 80
2021000000012062 0.612 477.9 200.1 564.9 262.4 80
2021000000012062 0.611 445.7 219.5 561.8 259.0 80
2021000000012062 0.611 63.7 83.1 567.2 276.8 80
2021000000012062 0.610 616.5 388.2 639.4 426.7 80
2021000000012062 0.606 163.0 240.8 629.5 422.6 80
2021000000012062 0.589 160.9 81.8 585.8 280.3 80
2021000000012062 0.584 69.7 170.0 476.3 284.1 80
2021000000012062 0.563 618.9 329.2 640.8 423.4 80
2021000000012062 0.552 19.0 181.0 295.9 316.0 80
2021000000012062 0.551 176.4 286.3 620.3 423.8 80
2021000000012062 0.550 406.9 227.1 552.7 281.1 80
2021000000012062 0.549 630.8 285.3 640.4 421.4 80
2021000000012062 0.545 531.4 386.4 654.4 426.8 80
2021000000012062 0.544 608.8 59.7 640.7 131.7 80
2021000000012062 0.532 13.1 174.0 330.9 282.9 80
2021000000012062 0.521 7.4 162.9 207.2 422.3 80
2021000000012062 0.519 144.5 73.2 571.6 266.5 80
2021000000012062 0.513 2.1 261.6 639.5 426.5 80
2021000000012062 0.472 636.4 179.4 640.2 284.5 80
2021000000012062 0.470 619.2 58.0 640.7 133.8 80
2021000000012062 0.462 152.3 68.2 563.0 245.2 80
2021000000012062 0.461 176.6 76.8 569.7 263.1 80
2021000000012062 0.456 606.2 56.7 640.7 127.7 80
2021000000012062 0.455 1.3 144.2 6.8 223.9 80
2021000000012062 0.414 110.5 272.4 637.2 421.3 80
2021000000012062 0.410 294.4 0.5 369.6 10.4 80
2021000000012062 0.380 1.0 163.0 6.0 275.3 80
2021000000012062 0.378 634.9 115.1 640.4 400.5 80
2021000000012062 0.373 43.0 175.1 285.5 284.2 80
2021000000012062 0.352 14.2 232.6 640.6 429.9 80
2021000000012062 0.324 43.0 175.1 285.5 284.2 16
2021000000012062 0.321 14.2 232.6 640.6 429.9 16
2021000000012062 0.312 603.6 57.6 639.2 136.0 16
2021000000012062 0.287 158.9 104.2 585.1 266.3 80
2021000000012062 0.272 612.8 60.1 640.9 440.1 80
2021000000012062 0.268 226.4 224.1 658.2 410.7 80
2021000000012062 0.264 45.9 398.0 620.8 430.4 80
2021000000012062 0.241 603.6 57.6 639.2 136.0 80
2021000000012062 0.223 1.1 47.1 7.9 253.2 80
2021000000012062 0.216 0.3 217.4 5.5 383.2 80
2021000000012062 0.214 0.9 62.8 10.2 373.4 80
2021000000012062 0.213 0.2 1.8 6.0 90.7 80
2021000000012062 0.190 150.2 266.3 229.9 309.9 80
2021000000012062 0.164 -6.6 375.9 38.1 433.9 80
2021000000012062 0.154 75.2 324.8 507.9 429.7 80
2021000000012062 0.153 106.4 139.2 561.3 273.8 80
2021000000012062 0.152 43.3 203.3 469.9 338.3 80
2021000000012062 0.150 289.0 218.4 451.4 289.6 80
2021000000012062 0.148 606.2 56.7 640.7 127.7 16
2021000000012062 0.148 112.5 282.7 166.1 319.3 80
2021000000012062 0.148 -7.2 237.4 73.0 426.4 80
2021000000012062 0.146 12.3 299.7 381.6 428.3 80
2021000000012062 0.145 407.1 409.7 627.7 430.8 80
2021000000012062 0.143 603.6 57.6 639.2 136.0 2
2021000000012062 0.141 4.1 232.3 46.0 328.5 80
2021000000012062 0.140 616.1 102.1 648.3 317.2 80
2021000000012062 0.139 77.3 138.6 497.8 267.7 80
2021000000012062 0.139 194.1 228.3 502.5 293.7 80
2021000000012062 0.139 29.6 242.3 225.6 304.7 80
2021000000012062 0.139 309.6 167.2 532.2 279.3 80
2021000000012062 0.139 26.3 229.2 433.6 394.9 80
2021000000012062 0.138 432.8 200.6 555.9 278.9 80
2021000000012062 0.134 406.9 227.1 552.7 281.1 16
2021000000012062 0.133 238.7 190.4 609.0 286.8 80
2021000000012062 0.133 278.6 146.6 596.0 256.6 80
2021000000012062 0.132 247.1 208.0 335.9 268.4 80
2021000000012062 0.129 18.0 385.3 142.9 425.4 80
2021000000012062 0.128 140.6 114.2 522.8 239.8 80
2021000000012062 0.128 61.0 407.5 220.7 430.4 80
2021000000012062 0.127 312.4 166.7 409.9 220.2 80
2021000000012062 0.127 141.4 236.2 504.6 368.4 80
2021000000012062 0.122 48.4 246.5 108.9 290.5 80
2021000000012062 0.121 145.8 403.6 307.1 428.9 80
2021000000012062 0.120 173.0 174.1 251.1 230.8 80
2021000000012062 0.114 109.9 132.3 375.3 238.4 80
2021000000012062 0.113 -62.4 39.8 148.4 97.9 80
2021000000012062 0.112 203.8 117.4 624.8 209.9 80
2021000000012062 0.111 -28.7 53.3 378.0 125.0 80
2021000000012062 0.108 -141.5 22.7 389.1 85.5 80
2021000000012062 0.107 -41.5 2.3 573.7 56.8 80
2021000000012062 0.106 36.8 4.7 621.9 58.3 80
2021000000012062 0.104 219.1 21.9 795.5 93.6 80
2021000000012062 0.103 387.3 55.9 807.0 145.0 80
2021000000012062 0.103 -53.3 -2.1 585.6 16.1 80
2021000000012062 0.103 91.6 -1.6 727.5 43.0 80
2021000000012062 0.099 101.8 -2.4 740.7 16.8 80
2021000000012062 0.097 258.8 5.9 894.7 42.4 80
2021000000012062 0.095 160.5 -3.3 799.5 27.1 80
2021000000012062 0.673 361.2 238.8 645.4 427.0 80
2021000000012062 0.672 12.8 177.9 268.9 290.6 80
2021000000012062 0.665 59.2 175.0 307.3 288.4 80
2021000000012062 0.657 173.1 69.9 563.7 275.4 16
2021000000012062 0.655 413.8 189.7 563.2 258.1 80
2021000000012062 0.655 70.0 173.9 300.4 283.8 80
2021000000012062 0.653 1.4 174.5 271.5 415.6 80
2021000000012062 0.643 7.6 149.7 469.8 279.2 80
2021000000012062 0.638 259.6 251.8 632.2 424.3 80
2021000000012062 0.629 24.9 95.2 594.4 394.9 80
2021000000012062 0.623 53.4 171.4 384.9 286.5 80
2021000000012062 0.612 -0.3 144.8 634.7 383.7 80
2021000000012062 0.612 477.9 200.1 564.9 262.4 80
2021000000012062 0.611 445.7 219.5 561.8 259.0 80
2021000000012062 0.611 63.7 83.1 567.2 276.8 80
2021000000012062 0.610 616.5 388.2 639.4 426.7 80
2021000000012062 0.606 163.0 240.8 629.5 422.6 80
2021000000012062 0.589 160.9 81.8 585.8 280.3 80
2021000000012062 0.584 69.7 170.0 476.3 284.1 80
2021000000012062 0.563 618.9 329.2 640.8 423.4 80
2021000000012062 0.552 19.0 181.0 295.9 316.0 80
2021000000012062 0.551 176.4 286.3 620.3 423.8 80
2021000000012062 0.550 406.9 227.1 552.7 281.1 80
2021000000012062 0.549 630.8 285.3 640.4 421.4 80
2021000000012062 0.545 531.4 386.4 654.4 426.8 80
2021000000012062 0.544 608.8 59.7 640.7 131.7 80
2021000000012062 0.532 13.1 174.0 330.9 282.9 80
2021000000012062 0.521 7.4 162.9 207.2 422.3 80
2021000000012062 0.519 144.5 73.2 571.6 266.5 80
2021000000012062 0.513 2.1 261.6 639.5 426.5 80
2021000000012062 0.472 636.4 179.4 640.2 284.5 80
2021000000012062 0.470 619.2 58.0 640.7 133.8 80
2021000000012062 0.462 152.3 68.2 563.0 245.2 80
2021000000012062 0.461 176.6 76.8 569.7 263.1 80
2021000000012062 0.456 606.2 56.7 640.7 127.7 80
2021000000012062 0.455 1.3 144.2 6.8 223.9 80
2021000000012062 0.414 110.5 272.4 637.2 421.3 80
2021000000012062 0.410 294.4 0.5 369.6 10.4 80
2021000000012062 0.380 1.0 163.0 6.0 275.3 80
2021000000012062 0.378 634.9 115.1 640.4 400.5 80
2021000000012062 0.373 43.0 175.1 285.5 284.2 80
2021000000012062 0.352 14.2 232.6 640.6 429.9 80
2021000000012062 0.324 43.0 175.1 285.5 284.2 16
2021000000012062 0.321 14.2 232.6 640.6 429.9 16
2021000000012062 0.312 603.6 57.6 639.2 136.0 16
2021000000012062 0.287 158.9 104.2 585.1 266.3 80
2021000000012062 0.272 612.8 60.1 640.9 440.1 80
2021000000012062 0.268 226.4 224.1 658.2 410.7 80
2021000000012062 0.264 45.9 398.0 620.8 430.4 80
2021000000012062 0.241 603.6 57.6 639.2 136.0 80
2021000000012062 0.223 1.1 47.1 7.9 253.2 80
2021000000012062 0.216 0.3 217.4 5.5 383.2 80
2021000000012062 0.214 0.9 62.8 10.2 373.4 80
2021000000012062 0.213 0.2 1.8 6.0 90.7 80
2021000000012062 0.190 150.2 266.3 229.9 309.9 80
2021000000012062 0.164 -6.6 375.9 38.1 433.9 80
2021000000012062 0.154 75.2 324.8 507.9 429.7 80
2021000000012062 0.153 106.4 139.2 561.3 273.8 80
2021000000012062 0.152 43.3 203.3 469.9 338.3 80
2021000000012062 0.150 289.0 218.4 451.4 289.6 80
2021000000012062 0.148 606.2 56.7 640.7 127.7 16
2021000000012062 0.148 112.5 282.7 166.1 319.3 80
2021000000012062 0.148 -7.2 237.4 73.0 426.4 80
2021000000012062 0.146 12.3 299.7 381.6 428.3 80
2021000000012062 0.145 407.1 409.7 627.7 430.8 80
2021000000012062 0.143 603.6 57.6 639.2 136.0 2
2021000000012062 0.141 4.1 232.3 46.0 328.5 80
2021000000012062 0.140 616.1 102.1 648.3 317.2 80
2021000000012062 0.139 77.3 138.6 497.8 267.7 80
2021000000012062 0.139 194.1 228.3 502.5 293.7 80
2021000000012062 0.139 29.6 242.3 225.6 304.7 80
2021000000012062 0.139 309.6 167.2 532.2 279.3 80
2021000000012062 0.139 26.3 229.2 433.6 394.9 80
2021000000012062 0.138 432.8 200.6 555.9 278.9 80
2021000000012062 0.134 406.9 227.1 552.7 281.1 16
2021000000012062 0.133 238.7 190.4 609.0 286.8 80
2021000000012062 0.133 278.6 146.6 596.0 256.6 80
2021000000012062 0.132 247.1 208.0 335.9 268.4 80
2021000000012062 0.129 18.0 385.3 142.9 425.4 80
2021000000012062 0.128 140.6 114.2 522.8 239.8 80
2021000000012062 0.128 61.0 407.5 220.7 430.4 80
2021000000012062 0.127 312.4 166.7 409.9 220.2 80
2021000000012062 0.127 141.4 236.2 504.6 368.4 80
2021000000012062 0.122 48.4 246.5 108.9 290.5 80
2021000000012062 0.121 145.8 403.6 307.1 428.9 80
2021000000012062 0.120 173.0 174.1 251.1 230.8 80
2021000000012062 0.114 109.9 132.3 375.3 238.4 80
2021000000012062 0.113 -62.4 39.8 148.4 97.9 80
2021000000012062 0.112 203.8 117.4 624.8 209.9 80
2021000000012062 0.111 -28.7 53.3 378.0 125.0 80
2021000000012062 0.108 -141.5 22.7 389.1 85.5 80
2021000000012062 0.107 -41.5 2.3 573.7 56.8 80
2021000000012062 0.106 36.8 4.7 621.9 58.3 80
2021000000012062 0.104 219.1 21.9 795.5 93.6 80
2021000000012062 0.103 387.3 55.9 807.0 145.0 80
2021000000012062 0.103 -53.3 -2.1 585.6 16.1 80
2021000000012062 0.103 91.6 -1.6 727.5 43.0 80
2021000000012062 0.099 101.8 -2.4 740.7 16.8 80
2021000000012062 0.097 258.8 5.9 894.7 42.4 80
2021000000012062 0.095 160.5 -3.3 799.5 27.1 80
2021000000012062 0.000 0.7 50.5 132.8 282.0 80
2021000000012062 0.000 313.4 82.5 473.9 260.4 80
2021000000012062 0.000 259.6 56.6 340.6 136.8 80
2021000000012062 0.000 328.1 158.3 405.0 234.5 80
2021000000012062 0.000 476.8 124.5 620.6 306.1 80
2021000000012062 0.000 58.5 248.0 136.7 329.4 80
2021000000012062 0.000 107.0 135.3 185.4 215.0 80
2021000000012062 0.000 170.1 119.7 279.1 248.7 80
2021000000012062 0.000 499.6 109.7 587.2 186.2 80
2021000000012062 0.000 580.3 146.4 639.5 240.4 80
2021000000012062 0.000 272.9 130.1 350.3 206.5 80
2021000000012062 0.000 180.7 93.6 259.1 175.1 80
2021000000012062 0.000 28.1 33.3 259.1 223.1 80
2021000000012062 0.000 416.8 13.1 632.9 218.5 80
2021000000012062 0.000 1.6 229.4 61.4 324.5 80
2021000000012062 0.000 207.2 37.0 383.3 241.2 80
2021000000012062 0.000 447.6 166.9 524.7 242.3 80
2021000000012062 0.000 281.2 273.3 359.7 384.3 80
2021000000012062 0.000 115.6 214.7 191.0 290.6 80
2021000000012062 0.000 402.5 115.9 480.3 192.2 80
2021000000012062 0.000 457.2 226.4 531.3 303.0 80
2021000000012062 0.000 41.1 144.8 215.0 315.0 80
2021000000012062 0.000 1.0 172.4 60.3 266.9 80
2021000000012062 0.000 580.1 219.4 639.6 313.6 80
2021000000012062 0.000 0.4 143.3 130.7 407.5 80
2021000000012062 0.000 574.5 61.5 639.6 174.6 80
2021000000012062 0.000 332.1 2.9 415.5 84.3 80
2021000000012062 0.000 175.8 248.6 257.9 331.6 80
2021000000012062 0.000 381.9 195.4 460.0 270.0 80
2021000000012062 0.000 36.2 177.4 119.8 252.3 80
2021000000012062 0.000 326.6 143.4 465.0 396.8 80
2021000000012062 0.000 152.2 183.1 297.6 360.6 80
2021000000012062 0.000 191.4 196.8 269.4 271.4 80
2021000000012062 0.000 374.8 151.5 615.2 295.8 80
2021000000012062 0.000 416.4 249.2 489.1 336.7 80
2021000000012062 0.000 0.6 25.3 66.3 120.7 80
2021000000012062 0.000 281.2 226.3 356.1 302.0 80
2021000000012062 0.000 62.2 24.0 483.7 292.7 80
2021000000012062 0.000 524.7 200.8 607.7 275.7 80
2021000000012062 0.000 262.4 134.4 405.9 319.8 80
2021000000012062 0.000 0.6 284.0 74.6 421.4 80
2021000000012062 0.000 230.2 252.8 304.8 339.1 80
2021000000012062 0.000 226.3 65.4 603.8 303.7 80
2021000000012062 0.000 63.1 124.7 360.6 294.1 80
2021000000012062 0.000 416.7 52.8 515.5 132.6 80
2021000000012062 0.000 129.2 56.0 312.7 355.7 80
2021000000012062 0.000 0.1 103.2 65.9 197.8 80
2021000000012062 0.000 263.8 183.0 341.9 258.2 80
2021000000012062 0.000 566.4 278.5 639.5 419.9 80
2021000000012062 0.000 19.0 16.1 622.4 223.7 80
2021000000012062 0.000 509.8 126.6 639.3 404.9 80
2021000000012062 0.000 1.6 6.8 361.3 423.0 80
2021000000012062 0.000 121.2 17.7 514.2 416.7 80
2021000000012062 0.000 335.8 47.7 542.9 356.8 80
2021000000012062 0.000 241.7 9.1 514.7 154.3 80
2021000000012062 0.000 1.2 27.2 187.5 413.9 80
2021000000012062 0.000 205.3 224.8 447.1 419.2 80
2021000000012062 0.000 272.2 7.0 636.7 424.4 80
2021000000012062 0.000 203.8 31.7 448.2 405.5 80
2021000000012062 0.000 14.5 102.2 289.2 421.2 80
2021000000012062 0.000 457.5 21.1 641.7 410.2 80
2021000000012062 0.000 358.9 272.0 430.6 377.2 80
2021000000012062 0.000 219.1 120.2 395.4 402.7 80
2021000000012062 0.000 169.6 88.4 468.5 416.0 80
2021000000012062 0.000 329.3 189.5 464.6 349.0 80
2021000000012062 0.000 6.1 317.8 167.0 426.2 80
2021000000012062 0.000 391.8 205.6 616.9 415.3 80
2021000000012062 0.000 68.8 290.4 356.2 424.3 80
2021000000012062 0.000 14.6 208.3 237.2 416.6 80
2021000000012062 0.000 4.0 1.2 525.2 424.5 80
2021000000012062 0.000 10.2 260.5 628.9 424.9 80
2021000000012062 0.000 5.9 73.8 462.5 420.5 80
2021000000012062 0.000 285.2 291.9 604.5 425.0 80
2021000000012062 0.000 92.0 73.0 568.9 364.8 80
2021000000012062 0.000 43.3 167.8 418.6 413.1 80
2021000000012062 0.000 109.4 1.0 633.2 424.5 80
2021000000012062 0.000 355.6 98.8 622.5 424.5 80
2021000000012062 0.000 208.0 151.0 442.0 262.6 80
2021000000012062 0.000 312.6 229.7 381.5 311.2 80
2021000000012062 0.000 215.5 172.0 577.5 412.9 80
2021000000012062 0.000 463.3 279.5 633.1 419.8 80
2021000000012062 0.000 56.7 68.9 150.0 155.8 80
2021000000012062 0.000 204.8 75.0 630.5 421.9 80
2021000000012062 0.000 172.4 117.1 460.4 334.6 80
2021000000012062 0.000 86.4 162.8 514.8 309.7 80
2021000000012062 0.000 28.5 48.7 607.3 412.0 80
2021000000012062 0.000 0.5 114.3 638.1 415.2 80
2021000000012062 0.000 0.8 0.8 639.5 426.0 80
2021000000012062 0.000 21.6 109.2 619.5 307.9 80
2021000000012062 0.000 2.9 26.7 636.7 350.3 80
2021000000012062 0.000 542.8 6.9 638.4 97.4 80
2021000000012062 0.000 21.6 109.2 619.5 307.9 0
2021000000012062 0.000 335.8 47.7 542.9 356.8 14
2021000000012062 0.000 219.1 120.2 395.4 402.7 14
2021000000012062 0.000 129.2 56.0 312.7 355.7 14
2021000000012062 0.000 203.8 31.7 448.2 405.5 14
2021000000012062 0.000 14.5 102.2 289.2 421.2 14
2021000000012062 0.000 355.6 98.8 622.5 424.5 14
2021000000012062 0.000 169.6 88.4 468.5 416.0 14
2021000000012062 0.000 197.1 344.2 304.9 420.9 80
