2021000000073946 0.791 604.9 380.6 639.3 425.5 80
2021000000073946 0.781 261.3 78.0 593.6 336.6 80
2021000000073946 0.765 358.0 66.3 623.7 423.8 80
2021000000073946 0.762 115.7 77.1 310.3 423.1 80
2021000000073946 0.760 249.1 92.0 507.7 376.6 80
2021000000073946 0.756 179.6 92.0 452.9 428.1 80
2021000000073946 0.752 202.4 134.9 404.1 307.7 80
2021000000073946 0.752 118.0 100.6 403.4 328.9 80
2021000000073946 0.747 186.9 77.6 495.9 425.2 80
2021000000073946 0.746 0.9 344.4 40.4 424.0 80
2021000000073946 0.741 637.8 255.1 640.1 417.1 80
2021000000073946 0.737 142.6 153.3 186.7 192.0 80
2021000000073946 0.736 350.1 191.5 402.2 233.6 80
2021000000073946 0.728 638.9 226.6 640.1 301.5 80
2021000000073946 0.728 197.3 350.5 611.1 426.0 80
2021000000073946 0.726 -0.2 361.0 41.6 422.7 80
2021000000073946 0.721 293.3 65.4 639.9 425.8 80
2021000000073946 0.716 246.7 101.8 462.5 402.1 80
2021000000073946 0.708 4.3 56.3 639.2 428.7 80
2021000000073946 0.704 151.7 70.9 617.9 416.4 80
2021000000073946 0.791 604.9 380.6 639.3 425.5 80
2021000000073946 0.781 261.3 78.0 593.6 336.6 80
2021000000073946 0.765 358.0 66.3 623.7 423.8 80
2021000000073946 0.762 115.7 77.1 310.3 423.1 80
2021000000073946 0.760 249.1 92.0 507.7 376.6 80
2021000000073946 0.756 179.6 92.0 452.9 428.1 80
2021000000073946 0.752 202.4 134.9 404.1 307.7 80
2021000000073946 0.752 118.0 100.6 403.4 328.9 80
2021000000073946 0.747 186.9 77.6 495.9 425.2 80
2021000000073946 0.746 0.9 344.4 40.4 424.0 80
2021000000073946 0.741 637.8 255.1 640.1 417.1 80
2021000000073946 0.737 142.6 153.3 186.7 192.0 80
2021000000073946 0.736 350.1 191.5 402.2 233.6 80
2021000000073946 0.728 638.9 226.6 640.1 301.5 80
2021000000073946 0.728 197.3 350.5 611.1 426.0 80
2021000000073946 0.726 -0.2 361.0 41.6 422.7 80
2021000000073946 0.721 293.3 65.4 639.9 425.8 80
2021000000073946 0.716 246.7 101.8 462.5 402.1 80
2021000000073946 0.708 4.3 56.3 639.2 428.7 80
2021000000073946 0.704 151.7 70.9 617.9 416.4 80
2021000000073946 0.699 231.0 390.0 396.9 427.8 80
2021000000073946 0.692 230.0 378.6 559.3 426.1 80
2021000000073946 0.691 116.5 377.6 418.9 425.9 80
2021000000073946 0.688 276.6 162.9 403.0 244.2 80
2021000000073946 0.686 117.8 87.0 283.1 399.7 80
2021000000073946 0.672 249.5 116.6 410.2 327.4 80
2021000000073946 0.671 119.7 87.0 356.5 428.1 80
2021000000073946 0.663 307.6 391.7 412.3 428.7 80
2021000000073946 0.618 193.9 390.5 399.5 427.7 80
2021000000073946 0.612 256.4 113.9 405.9 239.3 80
2021000000073946 0.608 259.1 100.1 412.9 240.5 80
2021000000073946 0.607 218.4 67.9 639.1 425.8 80
2021000000073946 0.596 213.0 68.8 633.2 424.4 80
2021000000073946 0.580 111.9 95.2 409.9 427.0 80
2021000000073946 0.577 3.1 74.7 44.7 441.5 80
2021000000073946 0.529 376.4 66.2 640.1 422.4 18
2021000000073946 0.498 235.1 389.5 403.4 427.3 80
2021000000073946 0.461 111.7 92.4 411.1 426.7 80
2021000000073946 0.457 246.7 67.5 636.5 425.1 80
2021000000073946 0.397 113.5 82.9 287.3 425.0 18
2021000000073946 0.304 595.4 61.8 651.5 472.1 80
2021000000073946 0.303 113.5 82.9 287.3 425.0 80
2021000000073946 0.261 111.7 92.4 411.1 426.7 18
2021000000073946 0.259 246.7 67.5 636.5 425.1 18
2021000000073946 0.205 192.9 140.3 359.6 221.1 80
2021000000073946 0.200 376.4 66.2 640.1 422.4 80
2021000000073946 0.184 235.1 389.5 403.4 427.3 18
2021000000073946 0.164 213.0 68.8 633.2 424.4 18
2021000000073946 0.159 -173.4 422.3 380.7 430.7 80
2021000000073946 0.149 -22.5 404.7 65.7 424.8 80
2021000000073946 0.148 36.1 414.8 155.9 430.0 80
2021000000073946 0.147 111.9 95.2 409.9 427.0 18
2021000000073946 0.145 218.4 67.9 639.1 425.8 18
2021000000073946 0.120 501.9 66.1 611.9 108.2 80
2021000000073946 0.117 454.3 160.4 564.2 233.4 80
2021000000073946 0.112 86.2 154.8 172.1 202.3 80
2021000000073946 0.111 486.7 291.8 595.6 361.5 80
2021000000073946 0.111 112.5 118.9 199.1 169.1 80
2021000000073946 0.110 476.0 196.7 594.5 281.1 80
2021000000073946 0.109 70.5 257.8 200.2 364.8 80
2021000000073946 0.108 96.8 197.3 198.1 264.8 80
2021000000073946 0.107 178.5 156.8 273.9 216.8 80
2021000000073946 0.107 262.8 106.7 345.3 152.2 80
2021000000073946 0.106 423.1 164.6 527.5 233.7 80
2021000000073946 0.106 259.1 100.1 412.9 240.5 2
2021000000073946 0.106 256.4 113.9 405.9 239.3 2
2021000000073946 0.105 119.7 87.0 356.5 428.1 18
2021000000073946 0.104 120.2 238.4 217.3 311.7 80
2021000000073946 0.103 502.9 225.1 619.2 327.1 80
2021000000073946 0.102 332.7 96.3 420.0 148.4 80
2021000000073946 0.101 372.8 124.6 458.9 174.2 80
2021000000073946 0.100 193.9 390.5 399.5 427.7 18
2021000000073946 0.099 -5.4 175.9 77.3 226.2 80
2021000000073946 0.098 41.2 177.8 125.9 229.4 80
2021000000073946 0.097 161.4 108.6 245.0 160.5 80
2021000000073946 0.093 573.1 170.4 652.6 222.6 80
2021000000073946 0.093 413.1 126.9 499.8 181.7 80
2021000000073946 0.092 536.6 187.6 622.1 246.1 80
2021000000073946 0.091 56.7 209.2 163.6 301.5 80
2021000000073946 0.090 433.6 296.3 572.1 404.5 80
2021000000073946 0.089 554.3 224.9 646.4 303.2 80
2021000000073946 0.087 -25.4 198.4 63.8 302.9 80
2021000000073946 0.087 9.0 130.3 161.7 446.2 80
2021000000073946 0.087 249.5 116.6 410.2 327.4 2
2021000000073946 0.087 11.6 212.1 111.4 311.7 80
2021000000073946 0.083 307.6 391.7 412.3 428.7 18
2021000000073946 0.082 151.7 70.9 617.9 416.4 18
2021000000073946 0.082 -7.5 390.5 104.4 424.0 80
2021000000073946 0.080 345.9 392.6 446.4 426.9 80
2021000000073946 0.079 428.7 382.5 525.3 420.3 80
2021000000073946 0.079 117.8 87.0 283.1 399.7 18
2021000000073946 0.077 509.3 364.1 608.5 406.1 80
2021000000073946 0.077 519.1 144.8 648.3 451.9 80
2021000000073946 0.075 293.3 65.4 639.9 425.8 18
2021000000073946 0.074 220.9 0.6 294.1 1.4 80
2021000000073946 0.069 276.6 162.9 403.0 244.2 2
2021000000073946 0.069 508.4 8.1 668.5 51.7 80
2021000000073946 0.069 4.3 56.3 639.2 428.7 18
2021000000073946 0.068 381.8 5.5 544.4 48.2 80
2021000000073946 0.068 -40.6 6.5 145.8 49.2 80
2021000000073946 0.791 604.9 380.6 639.3 425.5 80
2021000000073946 0.781 261.3 78.0 593.6 336.6 80
2021000000073946 0.765 358.0 66.3 623.7 423.8 80
2021000000073946 0.762 115.7 77.1 310.3 423.1 80
2021000000073946 0.760 249.1 92.0 507.7 376.6 80
2021000000073946 0.756 179.6 92.0 452.9 428.1 80
2021000000073946 0.752 202.4 134.9 404.1 307.7 80
2021000000073946 0.752 118.0 100.6 403.4 328.9 80
2021000000073946 0.747 186.9 77.6 495.9 425.2 80
2021000000073946 0.746 0.9 344.4 40.4 424.0 80
2021000000073946 0.741 637.8 255.1 640.1 417.1 80
2021000000073946 0.737 142.6 153.3 186.7 192.0 80
2021000000073946 0.736 350.1 191.5 402.2 233.6 80
2021000000073946 0.728 638.9 226.6 640.1 301.5 80
2021000000073946 0.728 197.3 350.5 611.1 426.0 80
2021000000073946 0.726 -0.2 361.0 41.6 422.7 80
2021000000073946 0.721 293.3 65.4 639.9 425.8 80
2021000000073946 0.716 246.7 101.8 462.5 402.1 80
2021000000073946 0.708 4.3 56.3 639.2 428.7 80
2021000000073946 0.704 151.7 70.9 617.9 416.4 80
2021000000073946 0.699 231.0 390.0 396.9 427.8 80
2021000000073946 0.692 230.0 378.6 559.3 426.1 80
2021000000073946 0.691 116.5 377.6 418.9 425.9 80
2021000000073946 0.688 276.6 162.9 403.0 244.2 80
2021000000073946 0.686 117.8 87.0 283.1 399.7 80
2021000000073946 0.672 249.5 116.6 410.2 327.4 80
2021000000073946 0.671 119.7 87.0 356.5 428.1 80
2021000000073946 0.663 307.6 391.7 412.3 428.7 80
2021000000073946 0.618 193.9 390.5 399.5 427.7 80
2021000000073946 0.612 256.4 113.9 405.9 239.3 80
2021000000073946 0.608 259.1 100.1 412.9 240.5 80
2021000000073946 0.607 218.4 67.9 639.1 425.8 80
2021000000073946 0.596 213.0 68.8 633.2 424.4 80
2021000000073946 0.580 111.9 95.2 409.9 427.0 80
2021000000073946 0.577 3.1 74.7 44.7 441.5 80
2021000000073946 0.529 376.4 66.2 640.1 422.4 18
2021000000073946 0.498 235.1 389.5 403.4 427.3 80
2021000000073946 0.461 111.7 92.4 411.1 426.7 80
2021000000073946 0.457 246.7 67.5 636.5 425.1 80
2021000000073946 0.397 113.5 82.9 287.3 425.0 18
2021000000073946 0.304 595.4 61.8 651.5 472.1 80
2021000000073946 0.303 113.5 82.9 287.3 425.0 80
2021000000073946 0.261 111.7 92.4 411.1 426.7 18
2021000000073946 0.259 246.7 67.5 636.5 425.1 18
2021000000073946 0.205 192.9 140.3 359.6 221.1 80
2021000000073946 0.200 376.4 66.2 640.1 422.4 80
2021000000073946 0.184 235.1 389.5 403.4 427.3 18
2021000000073946 0.164 213.0 68.8 633.2 424.4 18
2021000000073946 0.159 -173.4 422.3 380.7 430.7 80
2021000000073946 0.149 -22.5 404.7 65.7 424.8 80
2021000000073946 0.148 36.1 414.8 155.9 430.0 80
2021000000073946 0.147 111.9 95.2 409.9 427.0 18
2021000000073946 0.145 218.4 67.9 639.1 425.8 18
2021000000073946 0.120 501.9 66.1 611.9 108.2 80
2021000000073946 0.117 454.3 160.4 564.2 233.4 80
2021000000073946 0.112 86.2 154.8 172.1 202.3 80
2021000000073946 0.111 486.7 291.8 595.6 361.5 80
2021000000073946 0.111 112.5 118.9 199.1 169.1 80
2021000000073946 0.110 476.0 196.7 594.5 281.1 80
2021000000073946 0.109 70.5 257.8 200.2 364.8 80
2021000000073946 0.108 96.8 197.3 198.1 264.8 80
2021000000073946 0.107 178.5 156.8 273.9 216.8 80
2021000000073946 0.107 262.8 106.7 345.3 152.2 80
2021000000073946 0.106 423.1 164.6 527.5 233.7 80
2021000000073946 0.106 259.1 100.1 412.9 240.5 2
2021000000073946 0.106 256.4 113.9 405.9 239.3 2
2021000000073946 0.105 119.7 87.0 356.5 428.1 18
2021000000073946 0.104 120.2 238.4 217.3 311.7 80
2021000000073946 0.103 502.9 225.1 619.2 327.1 80
2021000000073946 0.102 332.7 96.3 420.0 148.4 80
2021000000073946 0.101 372.8 124.6 458.9 174.2 80
2021000000073946 0.100 193.9 390.5 399.5 427.7 18
2021000000073946 0.099 -5.4 175.9 77.3 226.2 80
2021000000073946 0.098 41.2 177.8 125.9 229.4 80
2021000000073946 0.097 161.4 108.6 245.0 160.5 80
2021000000073946 0.093 573.1 170.4 652.6 222.6 80
2021000000073946 0.093 413.1 126.9 499.8 181.7 80
2021000000073946 0.092 536.6 187.6 622.1 246.1 80
2021000000073946 0.091 56.7 209.2 163.6 301.5 80
2021000000073946 0.090 433.6 296.3 572.1 404.5 80
2021000000073946 0.089 554.3 224.9 646.4 303.2 80
2021000000073946 0.087 -25.4 198.4 63.8 302.9 80
2021000000073946 0.087 9.0 130.3 161.7 446.2 80
2021000000073946 0.087 249.5 116.6 410.2 327.4 2
2021000000073946 0.087 11.6 212.1 111.4 311.7 80
2021000000073946 0.083 307.6 391.7 412.3 428.7 18
2021000000073946 0.082 151.7 70.9 617.9 416.4 18
2021000000073946 0.082 -7.5 390.5 104.4 424.0 80
2021000000073946 0.080 345.9 392.6 446.4 426.9 80
2021000000073946 0.079 428.7 382.5 525.3 420.3 80
2021000000073946 0.079 117.8 87.0 283.1 399.7 18
2021000000073946 0.077 509.3 364.1 608.5 406.1 80
2021000000073946 0.077 519.1 144.8 648.3 451.9 80
2021000000073946 0.075 293.3 65.4 639.9 425.8 18
2021000000073946 0.074 220.9 0.6 294.1 1.4 80
2021000000073946 0.069 276.6 162.9 403.0 244.2 2
2021000000073946 0.069 508.4 8.1 668.5 51.7 80
2021000000073946 0.069 4.3 56.3 639.2 428.7 18
2021000000073946 0.068 381.8 5.5 544.4 48.2 80
2021000000073946 0.068 -40.6 6.5 145.8 49.2 80
2021000000073946 0.791 604.9 380.6 639.3 425.5 80
2021000000073946 0.781 261.3 78.0 593.6 336.6 80
2021000000073946 0.765 358.0 66.3 623.7 423.8 80
2021000000073946 0.762 115.7 77.1 310.3 423.1 80
2021000000073946 0.760 249.1 92.0 507.7 376.6 80
2021000000073946 0.756 179.6 92.0 452.9 428.1 80
2021000000073946 0.752 202.4 134.9 404.1 307.7 80
2021000000073946 0.752 118.0 100.6 403.4 328.9 80
2021000000073946 0.747 186.9 77.6 495.9 425.2 80
2021000000073946 0.746 0.9 344.4 40.4 424.0 80
2021000000073946 0.741 637.8 255.1 640.1 417.1 80
2021000000073946 0.737 142.6 153.3 186.7 192.0 80
2021000000073946 0.736 350.1 191.5 402.2 233.6 80
2021000000073946 0.728 638.9 226.6 640.1 301.5 80
2021000000073946 0.728 197.3 350.5 611.1 426.0 80
2021000000073946 0.726 -0.2 361.0 41.6 422.7 80
2021000000073946 0.721 293.3 65.4 639.9 425.8 80
2021000000073946 0.716 246.7 101.8 462.5 402.1 80
2021000000073946 0.708 4.3 56.3 639.2 428.7 80
2021000000073946 0.704 151.7 70.9 617.9 416.4 80
2021000000073946 0.699 231.0 390.0 396.9 427.8 80
2021000000073946 0.692 230.0 378.6 559.3 426.1 80
2021000000073946 0.691 116.5 377.6 418.9 425.9 80
2021000000073946 0.688 276.6 162.9 403.0 244.2 80
2021000000073946 0.686 117.8 87.0 283.1 399.7 80
2021000000073946 0.672 249.5 116.6 410.2 327.4 80
2021000000073946 0.671 119.7 87.0 356.5 428.1 80
2021000000073946 0.663 307.6 391.7 412.3 428.7 80
2021000000073946 0.618 193.9 390.5 399.5 427.7 80
2021000000073946 0.612 256.4 113.9 405.9 239.3 80
2021000000073946 0.608 259.1 100.1 412.9 240.5 80
2021000000073946 0.607 218.4 67.9 639.1 425.8 80
2021000000073946 0.596 213.0 68.8 633.2 424.4 80
2021000000073946 0.580 111.9 95.2 409.9 427.0 80
2021000000073946 0.577 3.1 74.7 44.7 441.5 80
2021000000073946 0.529 376.4 66.2 640.1 422.4 18
2021000000073946 0.498 235.1 389.5 403.4 427.3 80
2021000000073946 0.461 111.7 92.4 411.1 426.7 80
2021000000073946 0.457 246.7 67.5 636.5 425.1 80
2021000000073946 0.397 113.5 82.9 287.3 425.0 18
2021000000073946 0.304 595.4 61.8 651.5 472.1 80
2021000000073946 0.303 113.5 82.9 287.3 425.0 80
2021000000073946 0.261 111.7 92.4 411.1 426.7 18
2021000000073946 0.259 246.7 67.5 636.5 425.1 18
2021000000073946 0.205 192.9 140.3 359.6 221.1 80
2021000000073946 0.200 376.4 66.2 640.1 422.4 80
2021000000073946 0.184 235.1 389.5 403.4 427.3 18
2021000000073946 0.164 213.0 68.8 633.2 424.4 18
2021000000073946 0.159 -173.4 422.3 380.7 430.7 80
2021000000073946 0.149 -22.5 404.7 65.7 424.8 80
2021000000073946 0.148 36.1 414.8 155.9 430.0 80
2021000000073946 0.147 111.9 95.2 409.9 427.0 18
2021000000073946 0.145 218.4 67.9 639.1 425.8 18
2021000000073946 0.120 501.9 66.1 611.9 108.2 80
2021000000073946 0.117 454.3 160.4 564.2 233.4 80
2021000000073946 0.112 86.2 154.8 172.1 202.3 80
2021000000073946 0.111 486.7 291.8 595.6 361.5 80
2021000000073946 0.111 112.5 118.9 199.1 169.1 80
2021000000073946 0.110 476.0 196.7 594.5 281.1 80
2021000000073946 0.109 70.5 257.8 200.2 364.8 80
2021000000073946 0.108 96.8 197.3 198.1 264.8 80
2021000000073946 0.107 178.5 156.8 273.9 216.8 80
2021000000073946 0.107 262.8 106.7 345.3 152.2 80
2021000000073946 0.106 423.1 164.6 527.5 233.7 80
2021000000073946 0.106 259.1 100.1 412.9 240.5 2
2021000000073946 0.106 256.4 113.9 405.9 239.3 2
2021000000073946 0.105 119.7 87.0 356.5 428.1 18
2021000000073946 0.104 120.2 238.4 217.3 311.7 80
2021000000073946 0.103 502.9 225.1 619.2 327.1 80
2021000000073946 0.102 332.7 96.3 420.0 148.4 80
2021000000073946 0.101 372.8 124.6 458.9 174.2 80
2021000000073946 0.100 193.9 390.5 399.5 427.7 18
2021000000073946 0.099 -5.4 175.9 77.3 226.2 80
2021000000073946 0.098 41.2 177.8 125.9 229.4 80
2021000000073946 0.097 161.4 108.6 245.0 160.5 80
2021000000073946 0.093 573.1 170.4 652.6 222.6 80
2021000000073946 0.093 413.1 126.9 499.8 181.7 80
2021000000073946 0.092 536.6 187.6 622.1 246.1 80
2021000000073946 0.091 56.7 209.2 163.6 301.5 80
2021000000073946 0.090 433.6 296.3 572.1 404.5 80
2021000000073946 0.089 554.3 224.9 646.4 303.2 80
2021000000073946 0.087 -25.4 198.4 63.8 302.9 80
2021000000073946 0.087 9.0 130.3 161.7 446.2 80
2021000000073946 0.087 249.5 116.6 410.2 327.4 2
2021000000073946 0.087 11.6 212.1 111.4 311.7 80
2021000000073946 0.083 307.6 391.7 412.3 428.7 18
2021000000073946 0.082 151.7 70.9 617.9 416.4 18
2021000000073946 0.082 -7.5 390.5 104.4 424.0 80
2021000000073946 0.080 345.9 392.6 446.4 426.9 80
2021000000073946 0.079 428.7 382.5 525.3 420.3 80
2021000000073946 0.079 117.8 87.0 283.1 399.7 18
2021000000073946 0.077 509.3 364.1 608.5 406.1 80
2021000000073946 0.077 519.1 144.8 648.3 451.9 80
2021000000073946 0.075 293.3 65.4 639.9 425.8 18
2021000000073946 0.074 220.9 0.6 294.1 1.4 80
2021000000073946 0.069 276.6 162.9 403.0 244.2 2
2021000000073946 0.069 508.4 8.1 668.5 51.7 80
2021000000073946 0.069 4.3 56.3 639.2 428.7 18
2021000000073946 0.068 381.8 5.5 544.4 48.2 80
2021000000073946 0.068 -40.6 6.5 145.8 49.2 80
2021000000073946 0.791 604.9 380.6 639.3 425.5 80
2021000000073946 0.781 261.3 78.0 593.6 336.6 80
2021000000073946 0.765 358.0 66.3 623.7 423.8 80
2021000000073946 0.762 115.7 77.1 310.3 423.1 80
2021000000073946 0.760 249.1 92.0 507.7 376.6 80
2021000000073946 0.756 179.6 92.0 452.9 428.1 80
2021000000073946 0.752 202.4 134.9 404.1 307.7 80
2021000000073946 0.752 118.0 100.6 403.4 328.9 80
2021000000073946 0.747 186.9 77.6 495.9 425.2 80
2021000000073946 0.746 0.9 344.4 40.4 424.0 80
2021000000073946 0.741 637.8 255.1 640.1 417.1 80
2021000000073946 0.737 142.6 153.3 186.7 192.0 80
2021000000073946 0.736 350.1 191.5 402.2 233.6 80
2021000000073946 0.728 638.9 226.6 640.1 301.5 80
2021000000073946 0.728 197.3 350.5 611.1 426.0 80
2021000000073946 0.726 -0.2 361.0 41.6 422.7 80
2021000000073946 0.721 293.3 65.4 639.9 425.8 80
2021000000073946 0.716 246.7 101.8 462.5 402.1 80
2021000000073946 0.708 4.3 56.3 639.2 428.7 80
2021000000073946 0.704 151.7 70.9 617.9 416.4 80
2021000000073946 0.699 231.0 390.0 396.9 427.8 80
2021000000073946 0.692 230.0 378.6 559.3 426.1 80
2021000000073946 0.691 116.5 377.6 418.9 425.9 80
2021000000073946 0.688 276.6 162.9 403.0 244.2 80
2021000000073946 0.686 117.8 87.0 283.1 399.7 80
2021000000073946 0.672 249.5 116.6 410.2 327.4 80
2021000000073946 0.671 119.7 87.0 356.5 428.1 80
2021000000073946 0.663 307.6 391.7 412.3 428.7 80
2021000000073946 0.618 193.9 390.5 399.5 427.7 80
2021000000073946 0.612 256.4 113.9 405.9 239.3 80
2021000000073946 0.608 259.1 100.1 412.9 240.5 80
2021000000073946 0.607 218.4 67.9 639.1 425.8 80
2021000000073946 0.596 213.0 68.8 633.2 424.4 80
2021000000073946 0.580 111.9 95.2 409.9 427.0 80
2021000000073946 0.577 3.1 74.7 44.7 441.5 80
2021000000073946 0.529 376.4 66.2 640.1 422.4 18
2021000000073946 0.498 235.1 389.5 403.4 427.3 80
2021000000073946 0.461 111.7 92.4 411.1 426.7 80
2021000000073946 0.457 246.7 67.5 636.5 425.1 80
2021000000073946 0.397 113.5 82.9 287.3 425.0 18
2021000000073946 0.304 595.4 61.8 651.5 472.1 80
2021000000073946 0.303 113.5 82.9 287.3 425.0 80
2021000000073946 0.261 111.7 92.4 411.1 426.7 18
2021000000073946 0.259 246.7 67.5 636.5 425.1 18
2021000000073946 0.205 192.9 140.3 359.6 221.1 80
2021000000073946 0.200 376.4 66.2 640.1 422.4 80
2021000000073946 0.184 235.1 389.5 403.4 427.3 18
2021000000073946 0.164 213.0 68.8 633.2 424.4 18
2021000000073946 0.159 -173.4 422.3 380.7 430.7 80
2021000000073946 0.149 -22.5 404.7 65.7 424.8 80
2021000000073946 0.148 36.1 414.8 155.9 430.0 80
2021000000073946 0.147 111.9 95.2 409.9 427.0 18
2021000000073946 0.145 218.4 67.9 639.1 425.8 18
2021000000073946 0.120 501.9 66.1 611.9 108.2 80
2021000000073946 0.117 454.3 160.4 564.2 233.4 80
2021000000073946 0.112 86.2 154.8 172.1 202.3 80
2021000000073946 0.111 486.7 291.8 595.6 361.5 80
2021000000073946 0.111 112.5 118.9 199.1 169.1 80
2021000000073946 0.110 476.0 196.7 594.5 281.1 80
2021000000073946 0.109 70.5 257.8 200.2 364.8 80
2021000000073946 0.108 96.8 197.3 198.1 264.8 80
2021000000073946 0.107 178.5 156.8 273.9 216.8 80
2021000000073946 0.107 262.8 106.7 345.3 152.2 80
2021000000073946 0.106 423.1 164.6 527.5 233.7 80
2021000000073946 0.106 259.1 100.1 412.9 240.5 2
2021000000073946 0.106 256.4 113.9 405.9 239.3 2
2021000000073946 0.105 119.7 87.0 356.5 428.1 18
2021000000073946 0.104 120.2 238.4 217.3 311.7 80
2021000000073946 0.103 502.9 225.1 619.2 327.1 80
2021000000073946 0.102 332.7 96.3 420.0 148.4 80
2021000000073946 0.101 372.8 124.6 458.9 174.2 80
2021000000073946 0.100 193.9 390.5 399.5 427.7 18
2021000000073946 0.099 -5.4 175.9 77.3 226.2 80
2021000000073946 0.098 41.2 177.8 125.9 229.4 80
2021000000073946 0.097 161.4 108.6 245.0 160.5 80
2021000000073946 0.093 573.1 170.4 652.6 222.6 80
2021000000073946 0.093 413.1 126.9 499.8 181.7 80
2021000000073946 0.092 536.6 187.6 622.1 246.1 80
2021000000073946 0.091 56.7 209.2 163.6 301.5 80
2021000000073946 0.090 433.6 296.3 572.1 404.5 80
2021000000073946 0.089 554.3 224.9 646.4 303.2 80
2021000000073946 0.087 -25.4 198.4 63.8 302.9 80
2021000000073946 0.087 9.0 130.3 161.7 446.2 80
2021000000073946 0.087 249.5 116.6 410.2 327.4 2
2021000000073946 0.087 11.6 212.1 111.4 311.7 80
2021000000073946 0.083 307.6 391.7 412.3 428.7 18
2021000000073946 0.082 151.7 70.9 617.9 416.4 18
2021000000073946 0.082 -7.5 390.5 104.4 424.0 80
2021000000073946 0.080 345.9 392.6 446.4 426.9 80
2021000000073946 0.079 428.7 382.5 525.3 420.3 80
2021000000073946 0.079 117.8 87.0 283.1 399.7 18
2021000000073946 0.077 509.3 364.1 608.5 406.1 80
2021000000073946 0.077 519.1 144.8 648.3 451.9 80
2021000000073946 0.075 293.3 65.4 639.9 425.8 18
2021000000073946 0.074 220.9 0.6 294.1 1.4 80
2021000000073946 0.069 276.6 162.9 403.0 244.2 2
2021000000073946 0.069 508.4 8.1 668.5 51.7 80
2021000000073946 0.069 4.3 56.3 639.2 428.7 18
2021000000073946 0.068 381.8 5.5 544.4 48.2 80
2021000000073946 0.068 -40.6 6.5 145.8 49.2 80
2021000000073946 0.791 604.9 380.6 639.3 425.5 80
2021000000073946 0.781 261.3 78.0 593.6 336.6 80
2021000000073946 0.765 358.0 66.3 623.7 423.8 80
2021000000073946 0.762 115.7 77.1 310.3 423.1 80
2021000000073946 0.760 249.1 92.0 507.7 376.6 80
2021000000073946 0.756 179.6 92.0 452.9 428.1 80
2021000000073946 0.752 202.4 134.9 404.1 307.7 80
2021000000073946 0.752 118.0 100.6 403.4 328.9 80
2021000000073946 0.747 186.9 77.6 495.9 425.2 80
2021000000073946 0.746 0.9 344.4 40.4 424.0 80
2021000000073946 0.741 637.8 255.1 640.1 417.1 80
2021000000073946 0.737 142.6 153.3 186.7 192.0 80
2021000000073946 0.736 350.1 191.5 402.2 233.6 80
2021000000073946 0.728 638.9 226.6 640.1 301.5 80
2021000000073946 0.728 197.3 350.5 611.1 426.0 80
2021000000073946 0.726 -0.2 361.0 41.6 422.7 80
2021000000073946 0.721 293.3 65.4 639.9 425.8 80
2021000000073946 0.716 246.7 101.8 462.5 402.1 80
2021000000073946 0.708 4.3 56.3 639.2 428.7 80
2021000000073946 0.704 151.7 70.9 617.9 416.4 80
2021000000073946 0.699 231.0 390.0 396.9 427.8 80
2021000000073946 0.692 230.0 378.6 559.3 426.1 80
2021000000073946 0.691 116.5 377.6 418.9 425.9 80
2021000000073946 0.688 276.6 162.9 403.0 244.2 80
2021000000073946 0.686 117.8 87.0 283.1 399.7 80
2021000000073946 0.672 249.5 116.6 410.2 327.4 80
2021000000073946 0.671 119.7 87.0 356.5 428.1 80
2021000000073946 0.663 307.6 391.7 412.3 428.7 80
2021000000073946 0.618 193.9 390.5 399.5 427.7 80
2021000000073946 0.612 256.4 113.9 405.9 239.3 80
2021000000073946 0.608 259.1 100.1 412.9 240.5 80
2021000000073946 0.607 218.4 67.9 639.1 425.8 80
2021000000073946 0.596 213.0 68.8 633.2 424.4 80
2021000000073946 0.580 111.9 95.2 409.9 427.0 80
2021000000073946 0.577 3.1 74.7 44.7 441.5 80
2021000000073946 0.529 376.4 66.2 640.1 422.4 18
2021000000073946 0.498 235.1 389.5 403.4 427.3 80
2021000000073946 0.461 111.7 92.4 411.1 426.7 80
2021000000073946 0.457 246.7 67.5 636.5 425.1 80
2021000000073946 0.397 113.5 82.9 287.3 425.0 18
2021000000073946 0.304 595.4 61.8 651.5 472.1 80
2021000000073946 0.303 113.5 82.9 287.3 425.0 80
2021000000073946 0.261 111.7 92.4 411.1 426.7 18
2021000000073946 0.259 246.7 67.5 636.5 425.1 18
2021000000073946 0.205 192.9 140.3 359.6 221.1 80
2021000000073946 0.200 376.4 66.2 640.1 422.4 80
2021000000073946 0.184 235.1 389.5 403.4 427.3 18
2021000000073946 0.164 213.0 68.8 633.2 424.4 18
2021000000073946 0.159 -173.4 422.3 380.7 430.7 80
2021000000073946 0.149 -22.5 404.7 65.7 424.8 80
2021000000073946 0.148 36.1 414.8 155.9 430.0 80
2021000000073946 0.147 111.9 95.2 409.9 427.0 18
2021000000073946 0.145 218.4 67.9 639.1 425.8 18
2021000000073946 0.120 501.9 66.1 611.9 108.2 80
2021000000073946 0.117 454.3 160.4 564.2 233.4 80
2021000000073946 0.112 86.2 154.8 172.1 202.3 80
2021000000073946 0.111 486.7 291.8 595.6 361.5 80
2021000000073946 0.111 112.5 118.9 199.1 169.1 80
2021000000073946 0.110 476.0 196.7 594.5 281.1 80
2021000000073946 0.109 70.5 257.8 200.2 364.8 80
2021000000073946 0.108 96.8 197.3 198.1 264.8 80
2021000000073946 0.107 178.5 156.8 273.9 216.8 80
2021000000073946 0.107 262.8 106.7 345.3 152.2 80
2021000000073946 0.106 423.1 164.6 527.5 233.7 80
2021000000073946 0.106 259.1 100.1 412.9 240.5 2
2021000000073946 0.106 256.4 113.9 405.9 239.3 2
2021000000073946 0.105 119.7 87.0 356.5 428.1 18
2021000000073946 0.104 120.2 238.4 217.3 311.7 80
2021000000073946 0.103 502.9 225.1 619.2 327.1 80
2021000000073946 0.102 332.7 96.3 420.0 148.4 80
2021000000073946 0.101 372.8 124.6 458.9 174.2 80
2021000000073946 0.100 193.9 390.5 399.5 427.7 18
2021000000073946 0.099 -5.4 175.9 77.3 226.2 80
2021000000073946 0.098 41.2 177.8 125.9 229.4 80
2021000000073946 0.097 161.4 108.6 245.0 160.5 80
2021000000073946 0.093 573.1 170.4 652.6 222.6 80
2021000000073946 0.093 413.1 126.9 499.8 181.7 80
2021000000073946 0.092 536.6 187.6 622.1 246.1 80
2021000000073946 0.091 56.7 209.2 163.6 301.5 80
2021000000073946 0.090 433.6 296.3 572.1 404.5 80
2021000000073946 0.089 554.3 224.9 646.4 303.2 80
2021000000073946 0.087 -25.4 198.4 63.8 302.9 80
2021000000073946 0.087 9.0 130.3 161.7 446.2 80
2021000000073946 0.087 249.5 116.6 410.2 327.4 2
2021000000073946 0.087 11.6 212.1 111.4 311.7 80
2021000000073946 0.083 307.6 391.7 412.3 428.7 18
2021000000073946 0.082 151.7 70.9 617.9 416.4 18
2021000000073946 0.082 -7.5 390.5 104.4 424.0 80
2021000000073946 0.080 345.9 392.6 446.4 426.9 80
2021000000073946 0.079 428.7 382.5 525.3 420.3 80
2021000000073946 0.079 117.8 87.0 283.1 399.7 18
2021000000073946 0.077 509.3 364.1 608.5 406.1 80
2021000000073946 0.077 519.1 144.8 648.3 451.9 80
2021000000073946 0.075 293.3 65.4 639.9 425.8 18
2021000000073946 0.074 220.9 0.6 294.1 1.4 80
2021000000073946 0.069 276.6 162.9 403.0 244.2 2
2021000000073946 0.069 508.4 8.1 668.5 51.7 80
2021000000073946 0.069 4.3 56.3 639.2 428.7 18
2021000000073946 0.068 381.8 5.5 544.4 48.2 80
2021000000073946 0.068 -40.6 6.5 145.8 49.2 80
2021000000073946 0.791 604.9 380.6 639.3 425.5 80
2021000000073946 0.781 261.3 78.0 593.6 336.6 80
2021000000073946 0.765 358.0 66.3 623.7 423.8 80
2021000000073946 0.762 115.7 77.1 310.3 423.1 80
2021000000073946 0.760 249.1 92.0 507.7 376.6 80
2021000000073946 0.756 179.6 92.0 452.9 428.1 80
2021000000073946 0.752 202.4 134.9 404.1 307.7 80
2021000000073946 0.752 118.0 100.6 403.4 328.9 80
2021000000073946 0.747 186.9 77.6 495.9 425.2 80
2021000000073946 0.746 0.9 344.4 40.4 424.0 80
2021000000073946 0.741 637.8 255.1 640.1 417.1 80
2021000000073946 0.737 142.6 153.3 186.7 192.0 80
2021000000073946 0.736 350.1 191.5 402.2 233.6 80
2021000000073946 0.728 638.9 226.6 640.1 301.5 80
2021000000073946 0.728 197.3 350.5 611.1 426.0 80
2021000000073946 0.726 -0.2 361.0 41.6 422.7 80
2021000000073946 0.721 293.3 65.4 639.9 425.8 80
2021000000073946 0.716 246.7 101.8 462.5 402.1 80
2021000000073946 0.708 4.3 56.3 639.2 428.7 80
2021000000073946 0.704 151.7 70.9 617.9 416.4 80
2021000000073946 0.699 231.0 390.0 396.9 427.8 80
2021000000073946 0.692 230.0 378.6 559.3 426.1 80
2021000000073946 0.691 116.5 377.6 418.9 425.9 80
2021000000073946 0.688 276.6 162.9 403.0 244.2 80
2021000000073946 0.686 117.8 87.0 283.1 399.7 80
2021000000073946 0.672 249.5 116.6 410.2 327.4 80
2021000000073946 0.671 119.7 87.0 356.5 428.1 80
2021000000073946 0.663 307.6 391.7 412.3 428.7 80
2021000000073946 0.618 193.9 390.5 399.5 427.7 80
2021000000073946 0.612 256.4 113.9 405.9 239.3 80
2021000000073946 0.608 259.1 100.1 412.9 240.5 80
2021000000073946 0.607 218.4 67.9 639.1 425.8 80
2021000000073946 0.596 213.0 68.8 633.2 424.4 80
2021000000073946 0.580 111.9 95.2 409.9 427.0 80
2021000000073946 0.577 3.1 74.7 44.7 441.5 80
2021000000073946 0.529 376.4 66.2 640.1 422.4 18
2021000000073946 0.498 235.1 389.5 403.4 427.3 80
2021000000073946 0.461 111.7 92.4 411.1 426.7 80
2021000000073946 0.457 246.7 67.5 636.5 425.1 80
2021000000073946 0.397 113.5 82.9 287.3 425.0 18
2021000000073946 0.304 595.4 61.8 651.5 472.1 80
2021000000073946 0.303 113.5 82.9 287.3 425.0 80
2021000000073946 0.261 111.7 92.4 411.1 426.7 18
2021000000073946 0.259 246.7 67.5 636.5 425.1 18
2021000000073946 0.205 192.9 140.3 359.6 221.1 80
2021000000073946 0.200 376.4 66.2 640.1 422.4 80
2021000000073946 0.184 235.1 389.5 403.4 427.3 18
2021000000073946 0.164 213.0 68.8 633.2 424.4 18
2021000000073946 0.159 -173.4 422.3 380.7 430.7 80
2021000000073946 0.149 -22.5 404.7 65.7 424.8 80
2021000000073946 0.148 36.1 414.8 155.9 430.0 80
2021000000073946 0.147 111.9 95.2 409.9 427.0 18
2021000000073946 0.145 218.4 67.9 639.1 425.8 18
2021000000073946 0.120 501.9 66.1 611.9 108.2 80
2021000000073946 0.117 454.3 160.4 564.2 233.4 80
2021000000073946 0.112 86.2 154.8 172.1 202.3 80
2021000000073946 0.111 486.7 291.8 595.6 361.5 80
2021000000073946 0.111 112.5 118.9 199.1 169.1 80
2021000000073946 0.110 476.0 196.7 594.5 281.1 80
2021000000073946 0.109 70.5 257.8 200.2 364.8 80
2021000000073946 0.108 96.8 197.3 198.1 264.8 80
2021000000073946 0.107 178.5 156.8 273.9 216.8 80
2021000000073946 0.107 262.8 106.7 345.3 152.2 80
2021000000073946 0.106 423.1 164.6 527.5 233.7 80
2021000000073946 0.106 259.1 100.1 412.9 240.5 2
2021000000073946 0.106 256.4 113.9 405.9 239.3 2
2021000000073946 0.105 119.7 87.0 356.5 428.1 18
2021000000073946 0.104 120.2 238.4 217.3 311.7 80
2021000000073946 0.103 502.9 225.1 619.2 327.1 80
2021000000073946 0.102 332.7 96.3 420.0 148.4 80
2021000000073946 0.101 372.8 124.6 458.9 174.2 80
2021000000073946 0.100 193.9 390.5 399.5 427.7 18
2021000000073946 0.099 -5.4 175.9 77.3 226.2 80
2021000000073946 0.098 41.2 177.8 125.9 229.4 80
2021000000073946 0.097 161.4 108.6 245.0 160.5 80
2021000000073946 0.093 573.1 170.4 652.6 222.6 80
2021000000073946 0.093 413.1 126.9 499.8 181.7 80
2021000000073946 0.092 536.6 187.6 622.1 246.1 80
2021000000073946 0.091 56.7 209.2 163.6 301.5 80
2021000000073946 0.090 433.6 296.3 572.1 404.5 80
2021000000073946 0.089 554.3 224.9 646.4 303.2 80
2021000000073946 0.087 -25.4 198.4 63.8 302.9 80
2021000000073946 0.087 9.0 130.3 161.7 446.2 80
2021000000073946 0.087 249.5 116.6 410.2 327.4 2
2021000000073946 0.087 11.6 212.1 111.4 311.7 80
2021000000073946 0.083 307.6 391.7 412.3 428.7 18
2021000000073946 0.082 151.7 70.9 617.9 416.4 18
2021000000073946 0.082 -7.5 390.5 104.4 424.0 80
2021000000073946 0.080 345.9 392.6 446.4 426.9 80
2021000000073946 0.079 428.7 382.5 525.3 420.3 80
2021000000073946 0.079 117.8 87.0 283.1 399.7 18
2021000000073946 0.077 509.3 364.1 608.5 406.1 80
2021000000073946 0.077 519.1 144.8 648.3 451.9 80
2021000000073946 0.075 293.3 65.4 639.9 425.8 18
2021000000073946 0.074 220.9 0.6 294.1 1.4 80
2021000000073946 0.069 276.6 162.9 403.0 244.2 2
2021000000073946 0.069 508.4 8.1 668.5 51.7 80
2021000000073946 0.069 4.3 56.3 639.2 428.7 18
2021000000073946 0.068 381.8 5.5 544.4 48.2 80
2021000000073946 0.068 -40.6 6.5 145.8 49.2 80
2021000000073946 0.791 604.9 380.6 639.3 425.5 80
2021000000073946 0.781 261.3 78.0 593.6 336.6 80
2021000000073946 0.765 358.0 66.3 623.7 423.8 80
2021000000073946 0.762 115.7 77.1 310.3 423.1 80
2021000000073946 0.760 249.1 92.0 507.7 376.6 80
2021000000073946 0.756 179.6 92.0 452.9 428.1 80
2021000000073946 0.752 202.4 134.9 404.1 307.7 80
2021000000073946 0.752 118.0 100.6 403.4 328.9 80
2021000000073946 0.747 186.9 77.6 495.9 425.2 80
2021000000073946 0.746 0.9 344.4 40.4 424.0 80
2021000000073946 0.741 637.8 255.1 640.1 417.1 80
2021000000073946 0.737 142.6 153.3 186.7 192.0 80
2021000000073946 0.736 350.1 191.5 402.2 233.6 80
2021000000073946 0.728 638.9 226.6 640.1 301.5 80
2021000000073946 0.728 197.3 350.5 611.1 426.0 80
2021000000073946 0.726 -0.2 361.0 41.6 422.7 80
2021000000073946 0.721 293.3 65.4 639.9 425.8 80
2021000000073946 0.716 246.7 101.8 462.5 402.1 80
2021000000073946 0.708 4.3 56.3 639.2 428.7 80
2021000000073946 0.704 151.7 70.9 617.9 416.4 80
2021000000073946 0.699 231.0 390.0 396.9 427.8 80
2021000000073946 0.692 230.0 378.6 559.3 426.1 80
2021000000073946 0.691 116.5 377.6 418.9 425.9 80
2021000000073946 0.688 276.6 162.9 403.0 244.2 80
2021000000073946 0.686 117.8 87.0 283.1 399.7 80
2021000000073946 0.672 249.5 116.6 410.2 327.4 80
2021000000073946 0.671 119.7 87.0 356.5 428.1 80
2021000000073946 0.663 307.6 391.7 412.3 428.7 80
2021000000073946 0.618 193.9 390.5 399.5 427.7 80
2021000000073946 0.612 256.4 113.9 405.9 239.3 80
2021000000073946 0.608 259.1 100.1 412.9 240.5 80
2021000000073946 0.607 218.4 67.9 639.1 425.8 80
2021000000073946 0.596 213.0 68.8 633.2 424.4 80
2021000000073946 0.580 111.9 95.2 409.9 427.0 80
2021000000073946 0.577 3.1 74.7 44.7 441.5 80
2021000000073946 0.529 376.4 66.2 640.1 422.4 18
2021000000073946 0.498 235.1 389.5 403.4 427.3 80
2021000000073946 0.461 111.7 92.4 411.1 426.7 80
2021000000073946 0.457 246.7 67.5 636.5 425.1 80
2021000000073946 0.397 113.5 82.9 287.3 425.0 18
2021000000073946 0.304 595.4 61.8 651.5 472.1 80
2021000000073946 0.303 113.5 82.9 287.3 425.0 80
2021000000073946 0.261 111.7 92.4 411.1 426.7 18
2021000000073946 0.259 246.7 67.5 636.5 425.1 18
2021000000073946 0.205 192.9 140.3 359.6 221.1 80
2021000000073946 0.200 376.4 66.2 640.1 422.4 80
2021000000073946 0.184 235.1 389.5 403.4 427.3 18
2021000000073946 0.164 213.0 68.8 633.2 424.4 18
2021000000073946 0.159 -173.4 422.3 380.7 430.7 80
2021000000073946 0.149 -22.5 404.7 65.7 424.8 80
2021000000073946 0.148 36.1 414.8 155.9 430.0 80
2021000000073946 0.147 111.9 95.2 409.9 427.0 18
2021000000073946 0.145 218.4 67.9 639.1 425.8 18
2021000000073946 0.120 501.9 66.1 611.9 108.2 80
2021000000073946 0.117 454.3 160.4 564.2 233.4 80
2021000000073946 0.112 86.2 154.8 172.1 202.3 80
2021000000073946 0.111 486.7 291.8 595.6 361.5 80
2021000000073946 0.111 112.5 118.9 199.1 169.1 80
2021000000073946 0.110 476.0 196.7 594.5 281.1 80
2021000000073946 0.109 70.5 257.8 200.2 364.8 80
2021000000073946 0.108 96.8 197.3 198.1 264.8 80
2021000000073946 0.107 178.5 156.8 273.9 216.8 80
2021000000073946 0.107 262.8 106.7 345.3 152.2 80
2021000000073946 0.106 423.1 164.6 527.5 233.7 80
2021000000073946 0.106 259.1 100.1 412.9 240.5 2
2021000000073946 0.106 256.4 113.9 405.9 239.3 2
2021000000073946 0.105 119.7 87.0 356.5 428.1 18
2021000000073946 0.104 120.2 238.4 217.3 311.7 80
2021000000073946 0.103 502.9 225.1 619.2 327.1 80
2021000000073946 0.102 332.7 96.3 420.0 148.4 80
2021000000073946 0.101 372.8 124.6 458.9 174.2 80
2021000000073946 0.100 193.9 390.5 399.5 427.7 18
2021000000073946 0.099 -5.4 175.9 77.3 226.2 80
2021000000073946 0.098 41.2 177.8 125.9 229.4 80
2021000000073946 0.097 161.4 108.6 245.0 160.5 80
2021000000073946 0.093 573.1 170.4 652.6 222.6 80
2021000000073946 0.093 413.1 126.9 499.8 181.7 80
2021000000073946 0.092 536.6 187.6 622.1 246.1 80
2021000000073946 0.091 56.7 209.2 163.6 301.5 80
2021000000073946 0.090 433.6 296.3 572.1 404.5 80
2021000000073946 0.089 554.3 224.9 646.4 303.2 80
2021000000073946 0.087 -25.4 198.4 63.8 302.9 80
2021000000073946 0.087 9.0 130.3 161.7 446.2 80
2021000000073946 0.087 249.5 116.6 410.2 327.4 2
2021000000073946 0.087 11.6 212.1 111.4 311.7 80
2021000000073946 0.083 307.6 391.7 412.3 428.7 18
2021000000073946 0.082 151.7 70.9 617.9 416.4 18
2021000000073946 0.082 -7.5 390.5 104.4 424.0 80
2021000000073946 0.080 345.9 392.6 446.4 426.9 80
2021000000073946 0.079 428.7 382.5 525.3 420.3 80
2021000000073946 0.079 117.8 87.0 283.1 399.7 18
2021000000073946 0.077 509.3 364.1 608.5 406.1 80
2021000000073946 0.077 519.1 144.8 648.3 451.9 80
2021000000073946 0.075 293.3 65.4 639.9 425.8 18
2021000000073946 0.074 220.9 0.6 294.1 1.4 80
2021000000073946 0.069 276.6 162.9 403.0 244.2 2
2021000000073946 0.069 508.4 8.1 668.5 51.7 80
2021000000073946 0.069 4.3 56.3 639.2 428.7 18
2021000000073946 0.068 381.8 5.5 544.4 48.2 80
2021000000073946 0.068 -40.6 6.5 145.8 49.2 80
2021000000073946 0.791 604.9 380.6 639.3 425.5 80
2021000000073946 0.781 261.3 78.0 593.6 336.6 80
2021000000073946 0.765 358.0 66.3 623.7 423.8 80
2021000000073946 0.762 115.7 77.1 310.3 423.1 80
2021000000073946 0.760 249.1 92.0 507.7 376.6 80
2021000000073946 0.756 179.6 92.0 452.9 428.1 80
2021000000073946 0.752 202.4 134.9 404.1 307.7 80
2021000000073946 0.752 118.0 100.6 403.4 328.9 80
2021000000073946 0.747 186.9 77.6 495.9 425.2 80
2021000000073946 0.746 0.9 344.4 40.4 424.0 80
2021000000073946 0.741 637.8 255.1 640.1 417.1 80
2021000000073946 0.737 142.6 153.3 186.7 192.0 80
2021000000073946 0.736 350.1 191.5 402.2 233.6 80
2021000000073946 0.728 638.9 226.6 640.1 301.5 80
2021000000073946 0.728 197.3 350.5 611.1 426.0 80
2021000000073946 0.726 -0.2 361.0 41.6 422.7 80
2021000000073946 0.721 293.3 65.4 639.9 425.8 80
2021000000073946 0.716 246.7 101.8 462.5 402.1 80
2021000000073946 0.708 4.3 56.3 639.2 428.7 80
2021000000073946 0.704 151.7 70.9 617.9 416.4 80
2021000000073946 0.699 231.0 390.0 396.9 427.8 80
2021000000073946 0.692 230.0 378.6 559.3 426.1 80
2021000000073946 0.691 116.5 377.6 418.9 425.9 80
2021000000073946 0.688 276.6 162.9 403.0 244.2 80
2021000000073946 0.686 117.8 87.0 283.1 399.7 80
2021000000073946 0.672 249.5 116.6 410.2 327.4 80
2021000000073946 0.671 119.7 87.0 356.5 428.1 80
2021000000073946 0.663 307.6 391.7 412.3 428.7 80
2021000000073946 0.618 193.9 390.5 399.5 427.7 80
2021000000073946 0.612 256.4 113.9 405.9 239.3 80
2021000000073946 0.608 259.1 100.1 412.9 240.5 80
2021000000073946 0.607 218.4 67.9 639.1 425.8 80
2021000000073946 0.596 213.0 68.8 633.2 424.4 80
2021000000073946 0.580 111.9 95.2 409.9 427.0 80
2021000000073946 0.577 3.1 74.7 44.7 441.5 80
2021000000073946 0.529 376.4 66.2 640.1 422.4 18
2021000000073946 0.498 235.1 389.5 403.4 427.3 80
2021000000073946 0.461 111.7 92.4 411.1 426.7 80
2021000000073946 0.457 246.7 67.5 636.5 425.1 80
2021000000073946 0.397 113.5 82.9 287.3 425.0 18
2021000000073946 0.304 595.4 61.8 651.5 472.1 80
2021000000073946 0.303 113.5 82.9 287.3 425.0 80
2021000000073946 0.261 111.7 92.4 411.1 426.7 18
2021000000073946 0.259 246.7 67.5 636.5 425.1 18
2021000000073946 0.205 192.9 140.3 359.6 221.1 80
2021000000073946 0.200 376.4 66.2 640.1 422.4 80
2021000000073946 0.184 235.1 389.5 403.4 427.3 18
2021000000073946 0.164 213.0 68.8 633.2 424.4 18
2021000000073946 0.159 -173.4 422.3 380.7 430.7 80
2021000000073946 0.149 -22.5 404.7 65.7 424.8 80
2021000000073946 0.148 36.1 414.8 155.9 430.0 80
2021000000073946 0.147 111.9 95.2 409.9 427.0 18
2021000000073946 0.145 218.4 67.9 639.1 425.8 18
2021000000073946 0.120 501.9 66.1 611.9 108.2 80
2021000000073946 0.117 454.3 160.4 564.2 233.4 80
2021000000073946 0.112 86.2 154.8 172.1 202.3 80
2021000000073946 0.111 486.7 291.8 595.6 361.5 80
2021000000073946 0.111 112.5 118.9 199.1 169.1 80
2021000000073946 0.110 476.0 196.7 594.5 281.1 80
2021000000073946 0.109 70.5 257.8 200.2 364.8 80
2021000000073946 0.108 96.8 197.3 198.1 264.8 80
2021000000073946 0.107 178.5 156.8 273.9 216.8 80
2021000000073946 0.107 262.8 106.7 345.3 152.2 80
2021000000073946 0.106 423.1 164.6 527.5 233.7 80
2021000000073946 0.106 259.1 100.1 412.9 240.5 2
2021000000073946 0.106 256.4 113.9 405.9 239.3 2
2021000000073946 0.105 119.7 87.0 356.5 428.1 18
2021000000073946 0.104 120.2 238.4 217.3 311.7 80
2021000000073946 0.103 502.9 225.1 619.2 327.1 80
2021000000073946 0.102 332.7 96.3 420.0 148.4 80
2021000000073946 0.101 372.8 124.6 458.9 174.2 80
2021000000073946 0.100 193.9 390.5 399.5 427.7 18
2021000000073946 0.099 -5.4 175.9 77.3 226.2 80
2021000000073946 0.098 41.2 177.8 125.9 229.4 80
2021000000073946 0.097 161.4 108.6 245.0 160.5 80
2021000000073946 0.093 573.1 170.4 652.6 222.6 80
2021000000073946 0.093 413.1 126.9 499.8 181.7 80
2021000000073946 0.092 536.6 187.6 622.1 246.1 80
2021000000073946 0.091 56.7 209.2 163.6 301.5 80
2021000000073946 0.090 433.6 296.3 572.1 404.5 80
2021000000073946 0.089 554.3 224.9 646.4 303.2 80
2021000000073946 0.087 -25.4 198.4 63.8 302.9 80
2021000000073946 0.087 9.0 130.3 161.7 446.2 80
2021000000073946 0.087 249.5 116.6 410.2 327.4 2
2021000000073946 0.087 11.6 212.1 111.4 311.7 80
2021000000073946 0.083 307.6 391.7 412.3 428.7 18
2021000000073946 0.082 151.7 70.9 617.9 416.4 18
2021000000073946 0.082 -7.5 390.5 104.4 424.0 80
2021000000073946 0.080 345.9 392.6 446.4 426.9 80
2021000000073946 0.079 428.7 382.5 525.3 420.3 80
2021000000073946 0.079 117.8 87.0 283.1 399.7 18
2021000000073946 0.077 509.3 364.1 608.5 406.1 80
2021000000073946 0.077 519.1 144.8 648.3 451.9 80
2021000000073946 0.075 293.3 65.4 639.9 425.8 18
2021000000073946 0.074 220.9 0.6 294.1 1.4 80
2021000000073946 0.069 276.6 162.9 403.0 244.2 2
2021000000073946 0.069 508.4 8.1 668.5 51.7 80
2021000000073946 0.069 4.3 56.3 639.2 428.7 18
2021000000073946 0.068 381.8 5.5 544.4 48.2 80
2021000000073946 0.068 -40.6 6.5 145.8 49.2 80
