2021003581 0.754 301.7 26.6 496.7 374.9 14
2021003581 0.754 0.9 24.0 258.8 375.7 14
2021003581 0.727 320.3 185.3 497.8 375.0 80
2021003581 0.702 2.4 183.0 93.3 372.0 80
2021003581 0.678 1.5 130.1 168.1 373.0 80
2021003581 0.669 -9.7 22.3 271.8 373.4 80
2021003581 0.667 312.0 182.7 487.5 370.4 80
2021003581 0.655 4.1 127.6 43.7 374.2 80
2021003581 0.655 -1.2 22.1 497.8 372.2 80
2021003581 0.652 271.6 12.2 495.8 376.0 80
2021003581 0.649 279.2 134.7 496.8 371.9 80
2021003581 0.648 -1.2 156.5 497.5 376.7 80
2021003581 0.647 0.5 174.5 233.8 375.7 80
2021003581 0.646 -1.6 121.6 497.4 371.8 80
2021003581 0.632 483.6 103.4 501.0 318.3 80
2021003581 0.631 306.5 23.4 490.9 374.7 80
2021003581 0.628 466.3 342.4 498.8 376.1 80
2021003581 0.626 2.2 115.7 245.9 370.6 80
2021003581 0.620 491.0 210.6 500.7 349.5 80
2021003581 0.609 -3.7 25.4 280.0 368.3 80
2021003581 0.587 285.7 14.6 366.4 81.2 80
2021003581 0.585 0.7 159.2 229.8 373.7 80
2021003581 0.570 8.0 138.1 256.8 374.2 80
2021003581 0.556 278.4 6.4 315.0 66.2 80
2021003581 0.548 298.9 37.1 505.8 361.4 80
2021003581 0.537 483.3 36.6 501.2 316.9 80
2021003581 0.523 285.5 14.0 313.4 68.2 80
2021003581 0.501 -9.8 228.3 189.9 377.2 80
2021003581 0.490 488.3 50.4 501.2 375.7 80
2021003581 0.483 1.2 224.1 6.9 359.2 80
2021003581 0.461 -3.5 11.2 51.4 376.8 80
2021003581 0.448 303.9 18.8 481.7 366.5 80
2021003581 0.444 0.8 141.0 5.1 320.9 80
2021003581 0.421 1.3 277.0 47.9 383.1 80
2021003581 0.420 275.0 17.6 301.7 66.8 80
2021003581 0.405 1.3 117.1 4.2 193.4 80
2021003581 0.405 292.2 15.3 370.3 77.1 8
2021003581 0.403 279.0 1.1 323.8 63.3 14
2021003581 0.391 474.5 14.5 506.0 388.4 80
2021003581 0.381 498.6 42.8 500.3 197.2 80
2021003581 0.363 280.2 63.0 516.7 362.0 80
2021003581 0.349 278.1 1.3 322.8 65.5 14
2021003581 0.319 292.2 15.3 370.3 77.1 80
2021003581 0.296 278.1 1.3 322.8 65.5 80
2021003581 0.291 279.0 1.1 323.8 63.3 80
2021003581 0.279 -1.3 18.5 10.1 347.0 80
2021003581 0.275 80.7 364.9 444.5 376.1 80
2021003581 0.252 4.9 31.1 211.3 355.9 80
2021003581 0.241 369.3 59.8 499.0 377.6 80
2021003581 0.224 0.6 6.7 4.0 90.0 80
2021003581 0.221 485.4 256.9 504.5 377.4 80
2021003581 0.199 73.8 354.8 435.1 376.4 80
2021003581 0.190 38.2 141.6 298.3 358.1 80
2021003581 0.184 0.7 159.2 229.8 373.7 8
2021003581 0.176 -25.3 81.8 256.1 343.1 80
2021003581 0.175 12.1 95.2 278.6 338.1 80
2021003581 0.171 0.1 63.4 252.9 331.2 80
2021003581 0.160 375.0 340.9 495.5 377.0 80
2021003581 0.149 180.5 171.6 468.6 349.9 80
2021003581 0.146 2.2 115.7 245.9 370.6 8
2021003581 0.146 329.8 360.6 464.1 378.2 80
2021003581 0.142 119.2 320.8 289.7 374.0 80
2021003581 0.140 193.9 324.8 351.7 372.5 80
2021003581 0.137 35.1 355.5 169.3 378.5 80
2021003581 0.135 275.0 17.6 301.7 66.8 14
2021003581 0.135 240.9 96.7 470.6 332.4 80
2021003581 0.132 259.0 355.7 392.6 375.8 80
2021003581 0.131 111.3 190.8 395.2 337.3 80
2021003581 0.126 102.6 354.0 221.8 377.3 80
2021003581 0.126 332.5 140.4 462.1 305.9 80
2021003581 0.124 351.8 189.0 430.5 295.9 80
2021003581 0.123 180.1 191.7 243.6 238.7 80
2021003581 0.122 55.9 169.0 201.1 290.6 80
2021003581 0.122 67.5 186.3 171.5 300.2 80
2021003581 0.120 67.4 136.2 255.6 304.0 80
2021003581 0.120 60.4 115.8 193.5 208.1 80
2021003581 0.120 159.9 201.4 299.6 272.4 80
2021003581 0.118 162.8 174.6 408.1 297.7 80
2021003581 0.116 309.0 150.6 412.2 268.4 80
2021003581 0.116 278.4 6.4 315.0 66.2 14
2021003581 0.115 64.2 94.1 336.1 161.0 80
2021003581 0.115 -18.3 138.5 156.7 246.6 80
2021003581 0.114 53.7 106.5 222.3 199.5 80
2021003581 0.113 69.8 157.8 248.6 251.5 80
2021003581 0.113 105.4 180.7 275.5 262.8 80
2021003581 0.113 292.3 82.6 490.5 194.7 80
2021003581 0.112 149.6 120.5 446.2 195.9 80
2021003581 0.112 -59.3 36.8 127.6 96.1 80
2021003581 0.111 150.8 210.4 300.2 292.5 80
2021003581 0.111 -86.1 52.3 275.4 138.6 80
2021003581 0.111 219.8 246.8 286.7 294.3 80
2021003581 0.108 246.9 187.9 393.3 274.5 80
2021003581 0.107 20.7 50.8 495.3 150.3 80
2021003581 0.106 254.0 83.3 627.2 232.4 80
2021003581 0.106 209.7 17.9 652.2 94.1 80
2021003581 0.105 275.0 17.6 301.7 66.8 8
2021003581 0.105 -48.9 -0.0 444.5 53.0 80
2021003581 0.105 311.0 16.7 641.7 93.8 80
2021003581 0.103 278.1 1.3 322.8 65.5 8
2021003581 0.101 61.6 6.0 560.6 31.7 80
2021003581 0.754 301.7 26.6 496.7 374.9 14
2021003581 0.754 0.9 24.0 258.8 375.7 14
2021003581 0.727 320.3 185.3 497.8 375.0 80
2021003581 0.702 2.4 183.0 93.3 372.0 80
2021003581 0.678 1.5 130.1 168.1 373.0 80
2021003581 0.669 -9.7 22.3 271.8 373.4 80
2021003581 0.667 312.0 182.7 487.5 370.4 80
2021003581 0.655 4.1 127.6 43.7 374.2 80
2021003581 0.655 -1.2 22.1 497.8 372.2 80
2021003581 0.652 271.6 12.2 495.8 376.0 80
2021003581 0.649 279.2 134.7 496.8 371.9 80
2021003581 0.648 -1.2 156.5 497.5 376.7 80
2021003581 0.647 0.5 174.5 233.8 375.7 80
2021003581 0.646 -1.6 121.6 497.4 371.8 80
2021003581 0.632 483.6 103.4 501.0 318.3 80
2021003581 0.631 306.5 23.4 490.9 374.7 80
2021003581 0.628 466.3 342.4 498.8 376.1 80
2021003581 0.626 2.2 115.7 245.9 370.6 80
2021003581 0.620 491.0 210.6 500.7 349.5 80
2021003581 0.609 -3.7 25.4 280.0 368.3 80
2021003581 0.587 285.7 14.6 366.4 81.2 80
2021003581 0.585 0.7 159.2 229.8 373.7 80
2021003581 0.570 8.0 138.1 256.8 374.2 80
2021003581 0.556 278.4 6.4 315.0 66.2 80
2021003581 0.548 298.9 37.1 505.8 361.4 80
2021003581 0.537 483.3 36.6 501.2 316.9 80
2021003581 0.523 285.5 14.0 313.4 68.2 80
2021003581 0.501 -9.8 228.3 189.9 377.2 80
2021003581 0.490 488.3 50.4 501.2 375.7 80
2021003581 0.483 1.2 224.1 6.9 359.2 80
2021003581 0.461 -3.5 11.2 51.4 376.8 80
2021003581 0.448 303.9 18.8 481.7 366.5 80
2021003581 0.444 0.8 141.0 5.1 320.9 80
2021003581 0.421 1.3 277.0 47.9 383.1 80
2021003581 0.420 275.0 17.6 301.7 66.8 80
2021003581 0.405 1.3 117.1 4.2 193.4 80
2021003581 0.405 292.2 15.3 370.3 77.1 8
2021003581 0.403 279.0 1.1 323.8 63.3 14
2021003581 0.391 474.5 14.5 506.0 388.4 80
2021003581 0.381 498.6 42.8 500.3 197.2 80
2021003581 0.363 280.2 63.0 516.7 362.0 80
2021003581 0.349 278.1 1.3 322.8 65.5 14
2021003581 0.319 292.2 15.3 370.3 77.1 80
2021003581 0.296 278.1 1.3 322.8 65.5 80
2021003581 0.291 279.0 1.1 323.8 63.3 80
2021003581 0.279 -1.3 18.5 10.1 347.0 80
2021003581 0.275 80.7 364.9 444.5 376.1 80
2021003581 0.252 4.9 31.1 211.3 355.9 80
2021003581 0.241 369.3 59.8 499.0 377.6 80
2021003581 0.224 0.6 6.7 4.0 90.0 80
2021003581 0.221 485.4 256.9 504.5 377.4 80
2021003581 0.199 73.8 354.8 435.1 376.4 80
2021003581 0.190 38.2 141.6 298.3 358.1 80
2021003581 0.184 0.7 159.2 229.8 373.7 8
2021003581 0.176 -25.3 81.8 256.1 343.1 80
2021003581 0.175 12.1 95.2 278.6 338.1 80
2021003581 0.171 0.1 63.4 252.9 331.2 80
2021003581 0.160 375.0 340.9 495.5 377.0 80
2021003581 0.149 180.5 171.6 468.6 349.9 80
2021003581 0.146 2.2 115.7 245.9 370.6 8
2021003581 0.146 329.8 360.6 464.1 378.2 80
2021003581 0.142 119.2 320.8 289.7 374.0 80
2021003581 0.140 193.9 324.8 351.7 372.5 80
2021003581 0.137 35.1 355.5 169.3 378.5 80
2021003581 0.135 275.0 17.6 301.7 66.8 14
2021003581 0.135 240.9 96.7 470.6 332.4 80
2021003581 0.132 259.0 355.7 392.6 375.8 80
2021003581 0.131 111.3 190.8 395.2 337.3 80
2021003581 0.126 102.6 354.0 221.8 377.3 80
2021003581 0.126 332.5 140.4 462.1 305.9 80
2021003581 0.124 351.8 189.0 430.5 295.9 80
2021003581 0.123 180.1 191.7 243.6 238.7 80
2021003581 0.122 55.9 169.0 201.1 290.6 80
2021003581 0.122 67.5 186.3 171.5 300.2 80
2021003581 0.120 67.4 136.2 255.6 304.0 80
2021003581 0.120 60.4 115.8 193.5 208.1 80
2021003581 0.120 159.9 201.4 299.6 272.4 80
2021003581 0.118 162.8 174.6 408.1 297.7 80
2021003581 0.116 309.0 150.6 412.2 268.4 80
2021003581 0.116 278.4 6.4 315.0 66.2 14
2021003581 0.115 64.2 94.1 336.1 161.0 80
2021003581 0.115 -18.3 138.5 156.7 246.6 80
2021003581 0.114 53.7 106.5 222.3 199.5 80
2021003581 0.113 69.8 157.8 248.6 251.5 80
2021003581 0.113 105.4 180.7 275.5 262.8 80
2021003581 0.113 292.3 82.6 490.5 194.7 80
2021003581 0.112 149.6 120.5 446.2 195.9 80
2021003581 0.112 -59.3 36.8 127.6 96.1 80
2021003581 0.111 150.8 210.4 300.2 292.5 80
2021003581 0.111 -86.1 52.3 275.4 138.6 80
2021003581 0.111 219.8 246.8 286.7 294.3 80
2021003581 0.108 246.9 187.9 393.3 274.5 80
2021003581 0.107 20.7 50.8 495.3 150.3 80
2021003581 0.106 254.0 83.3 627.2 232.4 80
2021003581 0.106 209.7 17.9 652.2 94.1 80
2021003581 0.105 275.0 17.6 301.7 66.8 8
2021003581 0.105 -48.9 -0.0 444.5 53.0 80
2021003581 0.105 311.0 16.7 641.7 93.8 80
2021003581 0.103 278.1 1.3 322.8 65.5 8
2021003581 0.101 61.6 6.0 560.6 31.7 80
2021003581 0.000 242.0 73.2 372.7 227.7 80
2021003581 0.000 0.9 43.1 103.5 247.8 80
2021003581 0.000 143.7 135.9 210.3 202.4 80
2021003581 0.000 211.4 111.8 275.3 178.0 80
2021003581 0.000 371.0 109.2 486.3 268.7 80
2021003581 0.000 255.8 137.9 317.1 204.5 80
2021003581 0.000 156.6 31.4 304.0 211.6 80
2021003581 0.000 45.5 217.8 107.4 288.9 80
2021003581 0.000 136.3 82.3 207.6 151.5 80
2021003581 0.000 81.5 117.6 146.9 186.5 80
2021003581 0.000 197.9 51.8 272.4 119.8 80
2021003581 0.000 453.6 128.4 499.6 211.2 80
2021003581 0.000 387.8 97.3 461.7 164.2 80
2021003581 0.000 348.6 145.3 411.0 211.1 80
2021003581 0.000 136.9 218.3 201.8 292.7 80
2021003581 0.000 19.5 26.1 206.5 194.8 80
2021003581 0.000 1.5 201.3 48.0 285.0 80
2021003581 0.000 297.9 170.7 359.9 236.2 80
2021003581 0.000 453.4 192.9 499.6 275.6 80
2021003581 0.000 356.3 197.7 415.7 265.7 80
2021003581 0.000 313.5 100.9 376.2 167.7 80
2021003581 0.000 323.9 8.3 496.6 191.8 80
2021003581 0.000 287.5 132.8 485.8 257.7 80
2021003581 0.000 205.6 160.1 267.3 225.4 80
2021003581 0.000 0.9 125.8 102.1 357.9 80
2021003581 0.000 33.3 127.4 166.8 276.8 80
2021003581 0.000 1.0 151.5 47.1 234.6 80
2021003581 0.000 89.9 187.8 149.8 253.9 80
2021003581 0.000 449.0 54.1 499.7 153.4 80
2021003581 0.000 117.9 161.9 233.2 316.5 80
2021003581 0.000 218.0 251.8 286.7 331.9 80
2021003581 0.000 149.3 172.2 210.8 237.6 80
2021003581 0.000 410.1 176.6 474.8 242.3 80
2021003581 0.000 27.0 155.1 94.9 220.9 80
2021003581 0.000 323.9 218.2 384.1 295.1 80
2021003581 0.000 202.7 116.7 319.1 275.9 80
2021003581 0.000 177.6 56.6 471.2 267.4 80
2021003581 0.000 252.3 124.0 366.8 347.9 80
2021003581 0.000 0.5 90.4 51.3 173.8 80
2021003581 0.000 0.7 22.0 51.8 106.0 80
2021003581 0.000 46.4 108.1 284.6 258.9 80
2021003581 0.000 101.1 50.5 245.1 317.1 80
2021003581 0.000 255.5 3.7 329.5 73.3 80
2021003581 0.000 322.9 47.5 406.2 116.3 80
2021003581 0.000 43.3 21.4 383.8 258.4 80
2021003581 0.000 0.6 249.6 58.3 369.8 80
2021003581 0.000 178.6 220.3 238.0 300.5 80
2021003581 0.000 442.7 245.1 499.6 368.5 80
2021003581 0.000 398.6 113.5 499.6 355.5 80
2021003581 0.000 10.6 10.6 491.5 199.6 80
2021003581 0.000 258.6 42.4 428.2 311.1 80
2021003581 0.000 90.0 16.9 408.1 364.6 80
2021003581 0.000 256.1 169.2 365.6 301.9 80
2021003581 0.000 -2.4 5.4 286.1 371.6 80
2021003581 0.000 8.1 89.0 229.6 370.1 80
2021003581 0.000 0.7 22.9 146.6 363.6 80
2021003581 0.000 213.1 6.1 497.0 372.7 80
2021003581 0.000 131.2 78.4 368.1 365.5 80
2021003581 0.000 156.2 201.7 351.1 369.4 80
2021003581 0.000 170.3 106.4 310.3 353.3 80
2021003581 0.000 153.4 21.0 355.4 360.9 80
2021003581 0.000 357.6 18.1 500.9 361.1 80
2021003581 0.000 68.8 68.1 447.4 321.4 80
2021003581 0.000 177.0 8.2 417.9 127.1 80
2021003581 0.000 43.6 254.9 289.5 373.6 80
2021003581 0.000 2.3 68.4 366.1 369.3 80
2021003581 0.000 5.1 279.1 130.5 374.3 80
2021003581 0.000 12.0 183.0 185.2 365.8 80
2021003581 0.000 305.3 180.1 482.3 365.0 80
2021003581 0.000 220.0 199.0 278.3 264.7 80
2021003581 0.000 24.3 146.3 338.1 364.6 80
2021003581 0.000 2.5 1.3 412.8 373.0 80
2021003581 0.000 150.8 131.3 355.6 228.6 80
2021003581 0.000 274.3 86.1 490.6 373.1 80
2021003581 0.000 3.0 228.5 496.0 374.4 80
2021003581 0.000 220.7 257.3 474.7 373.5 80
2021003581 0.000 84.5 1.1 496.2 372.9 80
2021003581 0.000 158.6 67.8 495.0 371.2 80
2021003581 0.000 157.9 150.5 463.3 364.9 80
2021003581 0.000 362.6 245.1 494.3 368.9 80
2021003581 0.000 44.4 60.6 117.3 136.8 80
2021003581 0.000 129.9 101.9 365.9 294.0 80
2021003581 0.000 22.3 43.4 477.5 366.6 80
2021003581 0.000 60.2 142.4 409.5 272.0 80
2021003581 0.000 0.4 100.8 499.0 366.5 80
2021003581 0.000 244.0 202.0 298.7 273.9 80
2021003581 0.000 12.6 94.7 489.8 271.8 80
2021003581 0.000 0.8 0.3 499.7 373.9 80
2021003581 0.000 1.3 18.3 498.9 309.8 80
2021003581 0.000 286.3 250.3 340.8 319.0 80
2021003581 0.000 424.2 6.2 498.9 85.7 80
2021003581 0.000 12.6 94.7 489.8 271.8 0
2021003581 0.000 0.8 0.3 499.7 373.9 7
2021003581 0.000 8.1 89.0 229.6 370.1 14
2021003581 0.000 258.6 42.4 428.2 311.1 14
2021003581 0.000 101.1 50.5 245.1 317.1 14
2021003581 0.000 170.3 106.4 310.3 353.3 14
2021003581 0.000 274.3 86.1 490.6 373.1 14
2021003581 0.000 153.4 21.0 355.4 360.9 14
2021003581 0.000 213.1 6.1 497.0 372.7 14
