2021001705 0.685 355.2 227.6 481.7 367.3 80
2021001705 0.669 469.5 336.7 499.4 374.8 80
2021001705 0.649 1.1 38.9 499.9 319.6 3
2021001705 0.645 5.8 199.5 80.0 245.1 80
2021001705 0.635 -1.3 95.4 235.5 296.0 80
2021001705 0.633 1.9 195.6 94.5 291.2 80
2021001705 0.627 2.1 162.8 153.2 275.4 80
2021001705 0.609 443.0 239.3 471.6 376.2 80
2021001705 0.604 -1.2 126.5 192.2 293.6 80
2021001705 0.586 446.7 236.6 474.9 299.4 80
2021001705 0.583 238.7 340.4 443.9 369.4 80
2021001705 0.582 442.2 224.9 484.6 373.1 80
2021001705 0.582 3.0 222.7 24.9 312.5 80
2021001705 0.562 169.8 125.9 195.1 149.4 80
2021001705 0.562 262.8 257.2 492.7 371.3 80
2021001705 0.552 0.9 221.7 15.9 268.6 80
2021001705 0.550 4.4 208.6 17.4 243.9 80
2021001705 0.550 -0.2 4.7 498.8 368.7 80
2021001705 0.543 5.0 310.8 502.4 365.9 80
2021001705 0.524 4.6 221.4 24.9 317.6 80
2021001705 0.522 454.2 189.8 490.1 358.4 80
2021001705 0.520 124.3 357.3 424.7 373.5 80
2021001705 0.510 496.7 80.4 500.4 152.7 80
2021001705 0.507 443.5 237.1 475.0 295.5 80
2021001705 0.500 2.4 221.2 17.1 319.9 80
2021001705 0.497 1.0 222.2 23.9 320.3 14
2021001705 0.497 1.6 197.1 9.5 240.7 80
2021001705 0.491 0.4 24.6 499.4 289.1 80
2021001705 0.473 348.6 352.7 476.3 374.1 80
2021001705 0.473 497.5 172.4 500.0 251.0 80
2021001705 0.463 497.8 236.0 500.1 317.1 80
2021001705 0.447 456.1 9.0 500.4 375.7 80
2021001705 0.423 -7.8 67.8 270.8 279.9 80
2021001705 0.354 445.2 235.7 471.0 300.4 80
2021001705 0.343 445.2 235.7 471.0 300.4 14
2021001705 0.279 498.4 59.6 500.2 241.3 80
2021001705 0.242 1.4 111.6 498.5 304.1 80
2021001705 0.242 162.8 148.3 210.1 172.4 80
2021001705 0.227 19.1 88.1 335.7 271.1 80
2021001705 0.219 0.6 2.4 4.3 81.6 80
2021001705 0.211 443.5 237.1 475.0 295.5 14
2021001705 0.206 1.0 222.2 23.9 320.3 80
2021001705 0.202 3.2 184.1 250.6 292.2 80
2021001705 0.192 121.8 54.4 473.1 299.0 80
2021001705 0.180 8.7 91.9 390.8 260.3 80
2021001705 0.170 175.9 347.2 397.0 374.2 80
2021001705 0.165 8.3 134.7 82.6 240.7 80
2021001705 0.161 38.1 216.9 463.5 337.7 80
2021001705 0.158 0.9 221.7 15.9 268.6 14
2021001705 0.149 58.6 215.6 147.8 272.9 80
2021001705 0.145 50.5 310.1 227.1 380.5 80
2021001705 0.144 217.5 202.7 490.8 335.7 80
2021001705 0.143 280.5 154.0 494.7 326.5 80
2021001705 0.143 49.5 362.9 159.0 377.1 80
2021001705 0.142 126.3 339.2 307.1 372.5 80
2021001705 0.142 17.4 331.7 78.8 377.3 80
2021001705 0.141 169.8 125.9 195.1 149.4 14
2021001705 0.140 442.2 224.9 484.6 373.1 14
2021001705 0.139 105.2 218.5 202.1 279.9 80
2021001705 0.139 160.4 211.7 465.1 335.6 80
2021001705 0.137 119.7 361.6 245.2 376.2 80
2021001705 0.137 27.5 208.3 330.4 341.9 80
2021001705 0.137 11.5 185.8 170.0 346.7 80
2021001705 0.136 98.1 144.1 462.2 290.8 80
2021001705 0.135 86.8 197.4 414.3 323.7 80
2021001705 0.134 38.5 189.8 367.8 307.9 80
2021001705 0.133 49.0 151.1 414.8 282.1 80
2021001705 0.133 183.2 149.4 473.3 284.8 80
2021001705 0.132 20.1 130.1 376.9 267.9 80
2021001705 0.132 20.6 102.2 411.0 245.3 80
2021001705 0.132 45.4 115.7 460.3 255.1 80
2021001705 0.131 20.2 161.7 304.3 279.5 80
2021001705 0.128 120.7 171.7 220.1 230.0 80
2021001705 0.126 128.3 125.5 469.4 253.4 80
2021001705 0.124 146.4 123.5 225.4 169.7 80
2021001705 0.123 278.5 215.5 417.4 285.6 80
2021001705 0.122 174.4 195.8 363.7 263.1 80
2021001705 0.122 347.8 202.7 456.4 286.6 80
2021001705 0.117 230.7 184.7 394.9 266.8 80
2021001705 0.117 -3.6 45.7 52.5 108.9 80
2021001705 0.117 51.8 112.7 201.2 178.2 80
2021001705 0.117 97.7 154.5 371.0 238.0 80
2021001705 0.115 446.7 236.6 474.9 299.4 14
2021001705 0.112 466.7 -1.6 516.8 16.6 80
2021001705 0.110 68.0 101.7 445.8 191.4 80
2021001705 0.110 110.2 120.6 478.7 221.6 80
2021001705 0.108 186.2 111.0 536.1 217.3 80
2021001705 0.108 -95.4 38.2 285.0 110.1 80
2021001705 0.107 242.5 100.1 581.6 211.4 80
2021001705 0.107 330.6 93.3 579.6 225.5 80
2021001705 0.106 1.1 38.9 499.9 319.6 0
2021001705 0.106 253.2 16.6 630.3 79.3 80
2021001705 0.105 28.3 3.6 526.1 84.7 80
2021001705 0.105 112.3 26.8 575.1 108.9 80
2021001705 0.105 -0.6 1.3 493.1 57.1 80
2021001705 0.104 170.4 14.0 623.0 81.0 80
2021001705 0.103 391.5 14.5 576.8 74.2 80
2021001705 0.096 -67.9 -2.7 128.6 21.1 80
2021001705 0.095 -184.0 -0.5 314.9 22.2 80
2021001705 0.094 75.4 -2.2 574.4 24.2 80
2021001705 0.685 355.2 227.6 481.7 367.3 80
2021001705 0.669 469.5 336.7 499.4 374.8 80
2021001705 0.649 1.1 38.9 499.9 319.6 3
2021001705 0.645 5.8 199.5 80.0 245.1 80
2021001705 0.635 -1.3 95.4 235.5 296.0 80
2021001705 0.633 1.9 195.6 94.5 291.2 80
2021001705 0.627 2.1 162.8 153.2 275.4 80
2021001705 0.609 443.0 239.3 471.6 376.2 80
2021001705 0.604 -1.2 126.5 192.2 293.6 80
2021001705 0.586 446.7 236.6 474.9 299.4 80
2021001705 0.583 238.7 340.4 443.9 369.4 80
2021001705 0.582 442.2 224.9 484.6 373.1 80
2021001705 0.582 3.0 222.7 24.9 312.5 80
2021001705 0.562 169.8 125.9 195.1 149.4 80
2021001705 0.562 262.8 257.2 492.7 371.3 80
2021001705 0.552 0.9 221.7 15.9 268.6 80
2021001705 0.550 4.4 208.6 17.4 243.9 80
2021001705 0.550 -0.2 4.7 498.8 368.7 80
2021001705 0.543 5.0 310.8 502.4 365.9 80
2021001705 0.524 4.6 221.4 24.9 317.6 80
2021001705 0.522 454.2 189.8 490.1 358.4 80
2021001705 0.520 124.3 357.3 424.7 373.5 80
2021001705 0.510 496.7 80.4 500.4 152.7 80
2021001705 0.507 443.5 237.1 475.0 295.5 80
2021001705 0.500 2.4 221.2 17.1 319.9 80
2021001705 0.497 1.0 222.2 23.9 320.3 14
2021001705 0.497 1.6 197.1 9.5 240.7 80
2021001705 0.491 0.4 24.6 499.4 289.1 80
2021001705 0.473 348.6 352.7 476.3 374.1 80
2021001705 0.473 497.5 172.4 500.0 251.0 80
2021001705 0.463 497.8 236.0 500.1 317.1 80
2021001705 0.447 456.1 9.0 500.4 375.7 80
2021001705 0.423 -7.8 67.8 270.8 279.9 80
2021001705 0.354 445.2 235.7 471.0 300.4 80
2021001705 0.343 445.2 235.7 471.0 300.4 14
2021001705 0.279 498.4 59.6 500.2 241.3 80
2021001705 0.242 1.4 111.6 498.5 304.1 80
2021001705 0.242 162.8 148.3 210.1 172.4 80
2021001705 0.227 19.1 88.1 335.7 271.1 80
2021001705 0.219 0.6 2.4 4.3 81.6 80
2021001705 0.211 443.5 237.1 475.0 295.5 14
2021001705 0.206 1.0 222.2 23.9 320.3 80
2021001705 0.202 3.2 184.1 250.6 292.2 80
2021001705 0.192 121.8 54.4 473.1 299.0 80
2021001705 0.180 8.7 91.9 390.8 260.3 80
2021001705 0.170 175.9 347.2 397.0 374.2 80
2021001705 0.165 8.3 134.7 82.6 240.7 80
2021001705 0.161 38.1 216.9 463.5 337.7 80
2021001705 0.158 0.9 221.7 15.9 268.6 14
2021001705 0.149 58.6 215.6 147.8 272.9 80
2021001705 0.145 50.5 310.1 227.1 380.5 80
2021001705 0.144 217.5 202.7 490.8 335.7 80
2021001705 0.143 280.5 154.0 494.7 326.5 80
2021001705 0.143 49.5 362.9 159.0 377.1 80
2021001705 0.142 126.3 339.2 307.1 372.5 80
2021001705 0.142 17.4 331.7 78.8 377.3 80
2021001705 0.141 169.8 125.9 195.1 149.4 14
2021001705 0.140 442.2 224.9 484.6 373.1 14
2021001705 0.139 105.2 218.5 202.1 279.9 80
2021001705 0.139 160.4 211.7 465.1 335.6 80
2021001705 0.137 119.7 361.6 245.2 376.2 80
2021001705 0.137 27.5 208.3 330.4 341.9 80
2021001705 0.137 11.5 185.8 170.0 346.7 80
2021001705 0.136 98.1 144.1 462.2 290.8 80
2021001705 0.135 86.8 197.4 414.3 323.7 80
2021001705 0.134 38.5 189.8 367.8 307.9 80
2021001705 0.133 49.0 151.1 414.8 282.1 80
2021001705 0.133 183.2 149.4 473.3 284.8 80
2021001705 0.132 20.1 130.1 376.9 267.9 80
2021001705 0.132 20.6 102.2 411.0 245.3 80
2021001705 0.132 45.4 115.7 460.3 255.1 80
2021001705 0.131 20.2 161.7 304.3 279.5 80
2021001705 0.128 120.7 171.7 220.1 230.0 80
2021001705 0.126 128.3 125.5 469.4 253.4 80
2021001705 0.124 146.4 123.5 225.4 169.7 80
2021001705 0.123 278.5 215.5 417.4 285.6 80
2021001705 0.122 174.4 195.8 363.7 263.1 80
2021001705 0.122 347.8 202.7 456.4 286.6 80
2021001705 0.117 230.7 184.7 394.9 266.8 80
2021001705 0.117 -3.6 45.7 52.5 108.9 80
2021001705 0.117 51.8 112.7 201.2 178.2 80
2021001705 0.117 97.7 154.5 371.0 238.0 80
2021001705 0.115 446.7 236.6 474.9 299.4 14
2021001705 0.112 466.7 -1.6 516.8 16.6 80
2021001705 0.110 68.0 101.7 445.8 191.4 80
2021001705 0.110 110.2 120.6 478.7 221.6 80
2021001705 0.108 186.2 111.0 536.1 217.3 80
2021001705 0.108 -95.4 38.2 285.0 110.1 80
2021001705 0.107 242.5 100.1 581.6 211.4 80
2021001705 0.107 330.6 93.3 579.6 225.5 80
2021001705 0.106 1.1 38.9 499.9 319.6 0
2021001705 0.106 253.2 16.6 630.3 79.3 80
2021001705 0.105 28.3 3.6 526.1 84.7 80
2021001705 0.105 112.3 26.8 575.1 108.9 80
2021001705 0.105 -0.6 1.3 493.1 57.1 80
2021001705 0.104 170.4 14.0 623.0 81.0 80
2021001705 0.103 391.5 14.5 576.8 74.2 80
2021001705 0.096 -67.9 -2.7 128.6 21.1 80
2021001705 0.095 -184.0 -0.5 314.9 22.2 80
2021001705 0.094 75.4 -2.2 574.4 24.2 80
2021001705 0.000 242.0 73.2 372.7 227.7 80
2021001705 0.000 0.9 43.1 103.5 247.8 80
2021001705 0.000 143.7 135.9 210.3 202.4 80
2021001705 0.000 211.4 111.8 275.3 178.0 80
2021001705 0.000 371.0 109.2 486.3 268.7 80
2021001705 0.000 255.8 137.9 317.1 204.5 80
2021001705 0.000 156.6 31.4 304.0 211.6 80
2021001705 0.000 45.5 217.8 107.4 288.9 80
2021001705 0.000 136.3 82.3 207.6 151.5 80
2021001705 0.000 81.5 117.6 146.9 186.5 80
2021001705 0.000 197.9 51.8 272.4 119.8 80
2021001705 0.000 453.6 128.4 499.6 211.2 80
2021001705 0.000 387.8 97.3 461.7 164.2 80
2021001705 0.000 348.6 145.3 411.0 211.1 80
2021001705 0.000 136.9 218.3 201.8 292.7 80
2021001705 0.000 19.5 26.1 206.5 194.8 80
2021001705 0.000 1.5 201.3 48.0 285.0 80
2021001705 0.000 297.9 170.7 359.9 236.2 80
2021001705 0.000 453.4 192.9 499.6 275.6 80
2021001705 0.000 356.3 197.7 415.7 265.7 80
2021001705 0.000 313.5 100.9 376.2 167.7 80
2021001705 0.000 323.9 8.3 496.6 191.8 80
2021001705 0.000 287.5 132.8 485.8 257.7 80
2021001705 0.000 205.6 160.1 267.3 225.4 80
2021001705 0.000 0.9 125.8 102.1 357.9 80
2021001705 0.000 33.3 127.4 166.8 276.8 80
2021001705 0.000 1.0 151.5 47.1 234.6 80
2021001705 0.000 89.9 187.8 149.8 253.9 80
2021001705 0.000 449.0 54.1 499.7 153.4 80
2021001705 0.000 117.9 161.9 233.2 316.5 80
2021001705 0.000 218.0 251.8 286.7 331.9 80
2021001705 0.000 149.3 172.2 210.8 237.6 80
2021001705 0.000 410.1 176.6 474.8 242.3 80
2021001705 0.000 27.0 155.1 94.9 220.9 80
2021001705 0.000 323.9 218.2 384.1 295.1 80
2021001705 0.000 202.7 116.7 319.1 275.9 80
2021001705 0.000 177.6 56.6 471.2 267.4 80
2021001705 0.000 252.3 124.0 366.8 347.9 80
2021001705 0.000 0.5 90.4 51.3 173.8 80
2021001705 0.000 0.7 22.0 51.8 106.0 80
2021001705 0.000 46.4 108.1 284.6 258.9 80
2021001705 0.000 101.1 50.5 245.1 317.1 80
2021001705 0.000 255.5 3.7 329.5 73.3 80
2021001705 0.000 322.9 47.5 406.2 116.3 80
2021001705 0.000 43.3 21.4 383.8 258.4 80
2021001705 0.000 0.6 249.6 58.3 369.8 80
2021001705 0.000 178.6 220.3 238.0 300.5 80
2021001705 0.000 442.7 245.1 499.6 368.5 80
2021001705 0.000 398.6 113.5 499.6 355.5 80
2021001705 0.000 10.6 10.6 491.5 199.6 80
2021001705 0.000 258.6 42.4 428.2 311.1 80
2021001705 0.000 90.0 16.9 408.1 364.6 80
2021001705 0.000 256.1 169.2 365.6 301.9 80
2021001705 0.000 -2.4 5.4 286.1 371.6 80
2021001705 0.000 8.1 89.0 229.6 370.1 80
2021001705 0.000 0.7 22.9 146.6 363.6 80
2021001705 0.000 213.1 6.1 497.0 372.7 80
2021001705 0.000 131.2 78.4 368.1 365.5 80
2021001705 0.000 156.2 201.7 351.1 369.4 80
2021001705 0.000 170.3 106.4 310.3 353.3 80
2021001705 0.000 153.4 21.0 355.4 360.9 80
2021001705 0.000 357.6 18.1 500.9 361.1 80
2021001705 0.000 68.8 68.1 447.4 321.4 80
2021001705 0.000 177.0 8.2 417.9 127.1 80
2021001705 0.000 43.6 254.9 289.5 373.6 80
2021001705 0.000 2.3 68.4 366.1 369.3 80
2021001705 0.000 5.1 279.1 130.5 374.3 80
2021001705 0.000 12.0 183.0 185.2 365.8 80
2021001705 0.000 305.3 180.1 482.3 365.0 80
2021001705 0.000 220.0 199.0 278.3 264.7 80
2021001705 0.000 24.3 146.3 338.1 364.6 80
2021001705 0.000 2.5 1.3 412.8 373.0 80
2021001705 0.000 150.8 131.3 355.6 228.6 80
2021001705 0.000 274.3 86.1 490.6 373.1 80
2021001705 0.000 3.0 228.5 496.0 374.4 80
2021001705 0.000 220.7 257.3 474.7 373.5 80
2021001705 0.000 84.5 1.1 496.2 372.9 80
2021001705 0.000 158.6 67.8 495.0 371.2 80
2021001705 0.000 157.9 150.5 463.3 364.9 80
2021001705 0.000 362.6 245.1 494.3 368.9 80
2021001705 0.000 44.4 60.6 117.3 136.8 80
2021001705 0.000 129.9 101.9 365.9 294.0 80
2021001705 0.000 22.3 43.4 477.5 366.6 80
2021001705 0.000 60.2 142.4 409.5 272.0 80
2021001705 0.000 0.4 100.8 499.0 366.5 80
2021001705 0.000 244.0 202.0 298.7 273.9 80
2021001705 0.000 12.6 94.7 489.8 271.8 80
2021001705 0.000 0.8 0.3 499.7 373.9 80
2021001705 0.000 1.3 18.3 498.9 309.8 80
2021001705 0.000 286.3 250.3 340.8 319.0 80
2021001705 0.000 424.2 6.2 498.9 85.7 80
2021001705 0.000 12.6 94.7 489.8 271.8 0
2021001705 0.000 0.8 0.3 499.7 373.9 7
2021001705 0.000 8.1 89.0 229.6 370.1 14
2021001705 0.000 258.6 42.4 428.2 311.1 14
2021001705 0.000 101.1 50.5 245.1 317.1 14
2021001705 0.000 170.3 106.4 310.3 353.3 14
2021001705 0.000 274.3 86.1 490.6 373.1 14
2021001705 0.000 153.4 21.0 355.4 360.9 14
2021001705 0.000 213.1 6.1 497.0 372.7 14
