2021004444 0.728 66.1 286.9 177.9 331.1 80
2021004444 0.657 17.0 292.6 197.8 331.9 80
2021004444 0.653 40.5 20.7 403.1 331.9 7
2021004444 0.634 97.0 9.0 523.5 330.4 80
2021004444 0.610 0.6 252.6 475.6 332.4 80
2021004444 0.604 30.2 12.8 494.4 331.6 80
2021004444 0.590 494.5 200.8 499.9 308.3 80
2021004444 0.585 472.3 303.9 498.7 332.7 80
2021004444 0.493 40.8 22.3 389.5 319.5 80
2021004444 0.431 496.1 121.9 500.1 253.2 80
2021004444 0.427 25.4 31.3 425.9 256.5 80
2021004444 0.406 498.0 45.9 500.2 140.8 80
2021004444 0.379 24.6 314.0 470.9 333.4 80
2021004444 0.253 496.0 42.3 500.7 308.8 80
2021004444 0.249 62.5 80.8 439.3 307.6 80
2021004444 0.245 475.7 21.1 505.0 351.8 80
2021004444 0.233 0.6 81.3 3.2 227.8 80
2021004444 0.230 58.2 315.0 267.5 334.1 80
2021004444 0.226 0.5 163.8 4.2 296.1 80
2021004444 0.225 0.5 41.4 3.3 136.6 80
2021004444 0.224 0.1 6.1 33.4 331.3 80
2021004444 0.218 -0.1 2.1 5.8 68.8 80
2021004444 0.207 249.2 291.5 483.4 333.3 80
2021004444 0.205 497.6 56.3 500.8 272.7 80
2021004444 0.204 0.9 33.3 8.5 224.0 80
2021004444 0.201 0.1 45.2 11.5 308.0 80
2021004444 0.189 75.5 179.3 434.1 324.4 80
2021004444 0.183 338.7 29.6 501.3 337.3 80
2021004444 0.177 -2.5 265.8 21.2 342.6 80
2021004444 0.173 38.1 298.7 236.6 334.5 80
2021004444 0.171 432.6 63.8 500.3 333.9 80
2021004444 0.166 68.8 54.2 410.2 280.4 80
2021004444 0.160 464.7 257.9 509.9 326.7 80
2021004444 0.157 240.8 83.6 519.1 307.5 80
2021004444 0.157 -1.8 216.7 46.2 327.0 80
2021004444 0.156 54.7 41.9 196.2 308.9 80
2021004444 0.154 4.1 233.3 201.7 333.8 80
2021004444 0.150 56.0 51.1 243.6 297.6 80
2021004444 0.149 36.7 66.9 389.6 288.0 80
2021004444 0.148 300.7 169.7 517.0 328.2 80
2021004444 0.145 203.3 155.7 503.7 311.5 80
2021004444 0.145 397.0 72.3 497.8 344.8 80
2021004444 0.144 46.8 200.8 313.4 320.9 80
2021004444 0.142 -9.8 84.5 143.4 327.1 80
2021004444 0.141 187.4 292.9 352.5 328.6 80
2021004444 0.140 160.6 172.3 467.5 311.1 80
2021004444 0.140 388.4 309.4 486.7 330.9 80
2021004444 0.139 69.0 103.7 398.9 277.4 80
2021004444 0.138 130.0 292.8 287.7 328.0 80
2021004444 0.136 112.4 165.4 392.6 299.1 80
2021004444 0.135 58.6 151.5 362.1 295.8 80
2021004444 0.134 192.3 103.0 472.0 280.9 80
2021004444 0.134 141.6 117.7 413.7 277.4 80
2021004444 0.133 296.1 119.0 449.4 279.5 80
2021004444 0.133 329.5 317.1 450.3 335.3 80
2021004444 0.132 19.4 90.5 200.8 303.7 80
2021004444 0.131 19.3 145.9 262.2 296.0 80
2021004444 0.130 101.9 110.5 324.9 203.5 80
2021004444 0.130 38.0 77.7 396.8 264.6 80
2021004444 0.129 34.8 111.7 303.5 282.9 80
2021004444 0.127 139.8 165.3 277.6 263.7 80
2021004444 0.127 137.3 160.4 297.3 241.3 80
2021004444 0.126 109.9 173.5 204.6 248.1 80
2021004444 0.126 293.1 189.0 419.4 274.7 80
2021004444 0.126 40.7 122.7 115.1 281.8 80
2021004444 0.125 249.7 312.0 390.0 332.5 80
2021004444 0.125 167.7 93.9 395.9 265.1 80
2021004444 0.124 141.9 80.9 322.6 144.7 80
2021004444 0.124 120.3 122.6 239.5 193.7 80
2021004444 0.122 112.7 176.5 279.1 280.2 80
2021004444 0.122 154.2 144.4 325.1 254.6 80
2021004444 0.119 64.4 67.1 323.5 141.2 80
2021004444 0.118 35.1 147.1 180.7 224.9 80
2021004444 0.116 56.7 86.7 413.6 191.7 80
2021004444 0.115 63.6 56.3 461.4 136.6 80
2021004444 0.112 125.4 106.1 520.5 218.3 80
2021004444 0.111 77.0 78.1 503.4 173.7 80
2021004444 0.111 -63.0 32.6 339.7 98.5 80
2021004444 0.110 -97.1 78.1 237.9 147.7 80
2021004444 0.109 220.0 73.3 607.5 158.4 80
2021004444 0.108 -144.3 15.4 231.6 52.8 80
2021004444 0.107 151.9 64.8 595.4 152.2 80
2021004444 0.104 282.6 51.8 634.1 138.7 80
2021004444 0.104 93.3 15.5 587.7 84.8 80
2021004444 0.104 -154.1 6.8 342.4 47.9 80
2021004444 0.103 65.9 -3.3 564.2 45.7 80
2021004444 0.102 148.4 7.4 644.7 53.6 80
2021004444 0.100 192.1 5.0 689.7 37.3 80
2021004444 0.098 227.1 7.3 722.8 36.1 80
2021004444 0.092 -213.6 -2.1 278.5 19.8 80
2021004444 0.091 -184.1 0.2 314.8 22.4 80
2021004444 0.091 -137.7 -1.3 361.1 20.8 80
2021004444 0.090 40.5 20.7 403.1 331.9 80
2021004444 0.090 156.4 0.7 655.4 23.3 80
2021004444 0.090 126.5 -2.2 625.5 23.7 80
2021004444 0.089 201.4 0.8 700.4 22.9 80
2021004444 0.089 -86.3 -2.0 412.7 21.7 80
2021004444 0.089 -29.3 -4.5 469.7 18.2 80
2021004444 0.089 31.5 -5.2 530.5 18.8 80
2021004444 0.088 87.6 -3.2 586.6 18.9 80
2021004444 0.728 66.1 286.9 177.9 331.1 80
2021004444 0.657 17.0 292.6 197.8 331.9 80
2021004444 0.653 40.5 20.7 403.1 331.9 7
2021004444 0.634 97.0 9.0 523.5 330.4 80
2021004444 0.610 0.6 252.6 475.6 332.4 80
2021004444 0.604 30.2 12.8 494.4 331.6 80
2021004444 0.590 494.5 200.8 499.9 308.3 80
2021004444 0.585 472.3 303.9 498.7 332.7 80
2021004444 0.493 40.8 22.3 389.5 319.5 80
2021004444 0.431 496.1 121.9 500.1 253.2 80
2021004444 0.427 25.4 31.3 425.9 256.5 80
2021004444 0.406 498.0 45.9 500.2 140.8 80
2021004444 0.379 24.6 314.0 470.9 333.4 80
2021004444 0.253 496.0 42.3 500.7 308.8 80
2021004444 0.249 62.5 80.8 439.3 307.6 80
2021004444 0.245 475.7 21.1 505.0 351.8 80
2021004444 0.233 0.6 81.3 3.2 227.8 80
2021004444 0.230 58.2 315.0 267.5 334.1 80
2021004444 0.226 0.5 163.8 4.2 296.1 80
2021004444 0.225 0.5 41.4 3.3 136.6 80
2021004444 0.224 0.1 6.1 33.4 331.3 80
2021004444 0.218 -0.1 2.1 5.8 68.8 80
2021004444 0.207 249.2 291.5 483.4 333.3 80
2021004444 0.205 497.6 56.3 500.8 272.7 80
2021004444 0.204 0.9 33.3 8.5 224.0 80
2021004444 0.201 0.1 45.2 11.5 308.0 80
2021004444 0.189 75.5 179.3 434.1 324.4 80
2021004444 0.183 338.7 29.6 501.3 337.3 80
2021004444 0.177 -2.5 265.8 21.2 342.6 80
2021004444 0.173 38.1 298.7 236.6 334.5 80
2021004444 0.171 432.6 63.8 500.3 333.9 80
2021004444 0.166 68.8 54.2 410.2 280.4 80
2021004444 0.160 464.7 257.9 509.9 326.7 80
2021004444 0.157 240.8 83.6 519.1 307.5 80
2021004444 0.157 -1.8 216.7 46.2 327.0 80
2021004444 0.156 54.7 41.9 196.2 308.9 80
2021004444 0.154 4.1 233.3 201.7 333.8 80
2021004444 0.150 56.0 51.1 243.6 297.6 80
2021004444 0.149 36.7 66.9 389.6 288.0 80
2021004444 0.148 300.7 169.7 517.0 328.2 80
2021004444 0.145 203.3 155.7 503.7 311.5 80
2021004444 0.145 397.0 72.3 497.8 344.8 80
2021004444 0.144 46.8 200.8 313.4 320.9 80
2021004444 0.142 -9.8 84.5 143.4 327.1 80
2021004444 0.141 187.4 292.9 352.5 328.6 80
2021004444 0.140 160.6 172.3 467.5 311.1 80
2021004444 0.140 388.4 309.4 486.7 330.9 80
2021004444 0.139 69.0 103.7 398.9 277.4 80
2021004444 0.138 130.0 292.8 287.7 328.0 80
2021004444 0.136 112.4 165.4 392.6 299.1 80
2021004444 0.135 58.6 151.5 362.1 295.8 80
2021004444 0.134 192.3 103.0 472.0 280.9 80
2021004444 0.134 141.6 117.7 413.7 277.4 80
2021004444 0.133 296.1 119.0 449.4 279.5 80
2021004444 0.133 329.5 317.1 450.3 335.3 80
2021004444 0.132 19.4 90.5 200.8 303.7 80
2021004444 0.131 19.3 145.9 262.2 296.0 80
2021004444 0.130 101.9 110.5 324.9 203.5 80
2021004444 0.130 38.0 77.7 396.8 264.6 80
2021004444 0.129 34.8 111.7 303.5 282.9 80
2021004444 0.127 139.8 165.3 277.6 263.7 80
2021004444 0.127 137.3 160.4 297.3 241.3 80
2021004444 0.126 109.9 173.5 204.6 248.1 80
2021004444 0.126 293.1 189.0 419.4 274.7 80
2021004444 0.126 40.7 122.7 115.1 281.8 80
2021004444 0.125 249.7 312.0 390.0 332.5 80
2021004444 0.125 167.7 93.9 395.9 265.1 80
2021004444 0.124 141.9 80.9 322.6 144.7 80
2021004444 0.124 120.3 122.6 239.5 193.7 80
2021004444 0.122 112.7 176.5 279.1 280.2 80
2021004444 0.122 154.2 144.4 325.1 254.6 80
2021004444 0.119 64.4 67.1 323.5 141.2 80
2021004444 0.118 35.1 147.1 180.7 224.9 80
2021004444 0.116 56.7 86.7 413.6 191.7 80
2021004444 0.115 63.6 56.3 461.4 136.6 80
2021004444 0.112 125.4 106.1 520.5 218.3 80
2021004444 0.111 77.0 78.1 503.4 173.7 80
2021004444 0.111 -63.0 32.6 339.7 98.5 80
2021004444 0.110 -97.1 78.1 237.9 147.7 80
2021004444 0.109 220.0 73.3 607.5 158.4 80
2021004444 0.108 -144.3 15.4 231.6 52.8 80
2021004444 0.107 151.9 64.8 595.4 152.2 80
2021004444 0.104 282.6 51.8 634.1 138.7 80
2021004444 0.104 93.3 15.5 587.7 84.8 80
2021004444 0.104 -154.1 6.8 342.4 47.9 80
2021004444 0.103 65.9 -3.3 564.2 45.7 80
2021004444 0.102 148.4 7.4 644.7 53.6 80
2021004444 0.100 192.1 5.0 689.7 37.3 80
2021004444 0.098 227.1 7.3 722.8 36.1 80
2021004444 0.092 -213.6 -2.1 278.5 19.8 80
2021004444 0.091 -184.1 0.2 314.8 22.4 80
2021004444 0.091 -137.7 -1.3 361.1 20.8 80
2021004444 0.090 40.5 20.7 403.1 331.9 80
2021004444 0.090 156.4 0.7 655.4 23.3 80
2021004444 0.090 126.5 -2.2 625.5 23.7 80
2021004444 0.089 201.4 0.8 700.4 22.9 80
2021004444 0.089 -86.3 -2.0 412.7 21.7 80
2021004444 0.089 -29.3 -4.5 469.7 18.2 80
2021004444 0.089 31.5 -5.2 530.5 18.8 80
2021004444 0.088 87.6 -3.2 586.6 18.9 80
2021004444 0.000 0.8 39.5 103.7 219.3 80
2021004444 0.000 245.1 64.4 370.2 202.5 80
2021004444 0.000 203.1 44.3 266.1 106.4 80
2021004444 0.000 256.6 123.3 316.4 182.3 80
2021004444 0.000 372.7 97.0 484.8 238.0 80
2021004444 0.000 45.9 193.0 106.8 256.1 80
2021004444 0.000 83.8 105.4 144.8 167.1 80
2021004444 0.000 133.1 93.2 218.1 193.4 80
2021004444 0.000 390.5 85.5 458.7 144.7 80
2021004444 0.000 453.6 114.1 499.6 186.9 80
2021004444 0.000 213.4 101.4 273.6 160.6 80
2021004444 0.000 141.4 73.0 202.4 136.1 80
2021004444 0.000 22.0 26.2 202.7 173.4 80
2021004444 0.000 325.8 10.4 494.5 169.9 80
2021004444 0.000 1.5 178.6 48.0 252.3 80
2021004444 0.000 162.0 29.0 299.4 187.5 80
2021004444 0.000 349.9 130.0 409.9 188.4 80
2021004444 0.000 219.9 212.8 281.0 298.8 80
2021004444 0.000 90.6 167.2 149.2 226.0 80
2021004444 0.000 314.7 90.3 375.2 149.5 80
2021004444 0.000 357.4 176.3 415.0 235.6 80
2021004444 0.000 32.4 112.8 167.8 245.0 80
2021004444 0.000 1.0 134.3 47.1 207.5 80
2021004444 0.000 453.4 170.8 499.7 243.8 80
2021004444 0.000 0.5 111.6 102.1 316.9 80
2021004444 0.000 449.1 48.0 499.7 135.8 80
2021004444 0.000 259.7 2.5 324.6 65.6 80
2021004444 0.000 137.6 193.5 201.5 257.8 80
2021004444 0.000 298.6 152.1 359.4 209.9 80
2021004444 0.000 28.5 138.2 93.6 196.2 80
2021004444 0.000 255.4 111.8 363.3 308.5 80
2021004444 0.000 119.1 142.6 232.5 280.4 80
2021004444 0.000 149.8 153.2 210.5 211.0 80
2021004444 0.000 293.1 118.0 480.6 230.0 80
2021004444 0.000 325.6 193.9 382.1 261.8 80
2021004444 0.000 0.7 19.9 51.8 93.9 80
2021004444 0.000 219.9 176.2 278.2 234.8 80
2021004444 0.000 48.8 18.9 377.9 227.6 80
2021004444 0.000 410.2 156.3 474.8 214.4 80
2021004444 0.000 205.3 104.7 317.1 248.6 80
2021004444 0.000 0.7 221.1 58.3 327.6 80
2021004444 0.000 180.1 196.8 238.1 263.7 80
2021004444 0.000 177.0 51.1 471.7 236.1 80
2021004444 0.000 49.5 97.2 281.8 228.7 80
2021004444 0.000 325.8 41.3 402.7 103.1 80
2021004444 0.000 101.1 43.8 244.3 276.6 80
2021004444 0.000 0.3 80.5 51.5 153.8 80
2021004444 0.000 206.3 142.5 267.2 200.8 80
2021004444 0.000 442.7 216.8 499.6 326.5 80
2021004444 0.000 15.1 12.7 486.3 174.0 80
2021004444 0.000 398.5 98.6 499.4 314.8 80
2021004444 0.000 1.5 5.5 282.2 328.9 80
2021004444 0.000 94.9 13.9 401.8 324.0 80
2021004444 0.000 262.6 37.3 424.1 277.4 80
2021004444 0.000 189.1 7.3 402.0 120.0 80
2021004444 0.000 1.1 21.3 146.5 321.8 80
2021004444 0.000 212.9 5.6 497.4 330.0 80
2021004444 0.000 160.6 175.0 349.3 325.9 80
2021004444 0.000 159.4 24.9 350.2 315.3 80
2021004444 0.000 357.7 16.7 501.3 318.9 80
2021004444 0.000 11.5 79.7 225.9 327.5 80
2021004444 0.000 280.6 211.7 336.4 293.3 80
2021004444 0.000 171.4 93.7 308.9 313.1 80
2021004444 0.000 132.8 68.9 366.0 323.5 80
2021004444 0.000 257.5 147.6 363.0 271.3 80
2021004444 0.000 5.0 247.4 130.5 331.4 80
2021004444 0.000 306.3 160.1 481.9 322.9 80
2021004444 0.000 54.0 226.0 278.3 329.9 80
2021004444 0.000 11.7 162.2 185.3 323.9 80
2021004444 0.000 3.3 1.2 410.3 330.1 80
2021004444 0.000 8.2 202.8 491.3 330.4 80
2021004444 0.000 4.9 57.6 361.3 326.9 80
2021004444 0.000 223.1 227.2 472.3 330.4 80
2021004444 0.000 72.1 57.0 444.5 283.6 80
2021004444 0.000 34.1 130.7 327.0 321.2 80
2021004444 0.000 85.7 1.0 494.7 330.0 80
2021004444 0.000 278.1 77.1 486.3 330.0 80
2021004444 0.000 162.7 117.6 345.4 204.2 80
2021004444 0.000 244.5 178.8 298.1 242.0 80
2021004444 0.000 168.6 133.9 451.1 321.0 80
2021004444 0.000 362.2 217.5 494.6 326.4 80
2021004444 0.000 44.5 53.8 117.2 121.1 80
2021004444 0.000 160.2 58.6 492.6 328.0 80
2021004444 0.000 134.9 91.2 359.6 260.1 80
2021004444 0.000 67.7 126.9 402.2 240.7 80
2021004444 0.000 22.5 38.1 474.5 320.4 80
2021004444 0.000 0.6 89.1 498.5 322.8 80
2021004444 0.000 0.8 0.8 499.6 331.2 80
2021004444 0.000 17.2 85.0 483.8 239.3 80
2021004444 0.000 2.5 21.0 497.4 272.4 80
2021004444 0.000 424.3 5.6 498.8 75.8 80
2021004444 0.000 17.2 85.0 483.8 239.3 0
2021004444 0.000 262.6 37.3 424.1 277.4 14
2021004444 0.000 171.4 93.7 308.9 313.1 14
2021004444 0.000 101.1 43.8 244.3 276.6 14
2021004444 0.000 159.4 24.9 350.2 315.3 14
2021004444 0.000 11.5 79.7 225.9 327.5 14
2021004444 0.000 278.1 77.1 486.3 330.0 14
2021004444 0.000 132.8 68.9 366.0 323.5 14
2021004444 0.000 154.2 267.8 238.2 327.2 80
