2021007747 0.693 343.8 188.9 503.0 366.3 80
2021007747 0.677 14.9 203.0 152.0 318.3 80
2021007747 0.674 462.4 128.8 500.9 200.2 80
2021007747 0.664 309.2 249.4 489.8 372.6 80
2021007747 0.662 14.1 183.2 196.7 304.2 80
2021007747 0.661 282.4 340.5 377.1 373.8 80
2021007747 0.659 407.5 194.6 499.3 374.2 80
2021007747 0.659 67.4 193.2 193.3 296.5 80
2021007747 0.656 461.2 322.4 498.8 371.2 80
2021007747 0.650 62.8 195.8 186.6 287.3 80
2021007747 0.648 161.3 247.6 190.0 297.3 80
2021007747 0.645 377.0 2.0 419.1 56.6 80
2021007747 0.644 253.0 184.7 294.0 245.4 80
2021007747 0.643 90.9 195.5 193.7 274.5 80
2021007747 0.642 462.3 142.6 501.4 374.2 80
2021007747 0.633 -1.3 303.5 496.0 379.1 80
2021007747 0.631 424.8 307.6 490.4 375.0 80
2021007747 0.628 8.4 302.9 156.2 375.1 80
2021007747 0.625 346.9 311.4 481.4 371.1 80
2021007747 0.622 440.5 218.9 499.7 375.4 80
2021007747 0.618 28.7 200.1 193.3 312.1 80
2021007747 0.617 256.6 178.5 277.9 239.9 80
2021007747 0.615 16.0 198.9 196.6 314.3 17
2021007747 0.608 204.5 198.8 267.3 263.0 80
2021007747 0.606 44.8 307.5 236.8 372.3 80
2021007747 0.603 163.1 254.0 190.3 297.7 80
2021007747 0.603 1.4 259.5 18.5 327.6 80
2021007747 0.601 54.3 298.1 173.3 376.1 80
2021007747 0.601 1.4 213.5 12.8 254.1 80
2021007747 0.579 464.1 80.5 502.7 383.6 80
2021007747 0.578 257.4 180.0 281.2 241.6 80
2021007747 0.578 491.4 188.7 500.0 361.5 80
2021007747 0.577 487.9 109.3 500.8 229.7 80
2021007747 0.576 0.3 239.9 25.8 352.4 80
2021007747 0.575 344.3 231.0 497.1 375.3 80
2021007747 0.556 3.6 215.4 21.6 330.7 80
2021007747 0.549 383.7 164.3 413.9 195.0 80
2021007747 0.528 94.3 350.0 419.0 375.0 80
2021007747 0.514 258.0 180.4 282.6 244.1 80
2021007747 0.508 488.1 96.9 499.8 138.4 80
2021007747 0.469 490.5 74.9 500.3 172.6 80
2021007747 0.465 327.0 198.6 500.7 373.7 80
2021007747 0.459 284.1 -0.1 366.4 10.0 80
2021007747 0.455 66.7 302.4 144.8 375.9 80
2021007747 0.452 490.1 62.9 500.1 106.0 80
2021007747 0.451 380.9 176.0 392.9 197.5 80
2021007747 0.442 160.1 -0.3 248.5 10.6 80
2021007747 0.421 163.5 254.0 191.1 299.4 80
2021007747 0.419 237.1 -0.2 304.6 8.6 80
2021007747 0.373 -10.5 199.8 210.9 319.0 80
2021007747 0.363 383.4 163.9 415.0 192.0 80
2021007747 0.346 1.8 110.8 9.2 297.7 80
2021007747 0.329 383.4 163.9 415.0 192.0 19
2021007747 0.292 66.7 302.4 144.8 375.9 15
2021007747 0.286 0.4 182.4 20.4 370.3 80
2021007747 0.247 389.3 32.8 493.9 368.5 80
2021007747 0.241 0.8 87.1 3.4 213.0 80
2021007747 0.240 110.3 229.3 173.7 278.1 80
2021007747 0.237 29.1 153.4 230.4 302.3 80
2021007747 0.234 482.4 73.6 503.0 344.7 80
2021007747 0.214 258.0 180.4 282.6 244.1 15
2021007747 0.210 0.2 0.8 4.9 87.7 80
2021007747 0.203 488.1 96.9 499.8 138.4 4
2021007747 0.177 344.3 231.0 497.1 375.3 17
2021007747 0.163 258.8 222.0 504.2 353.6 80
2021007747 0.159 41.6 214.6 78.8 255.3 80
2021007747 0.149 169.3 247.8 201.9 280.8 80
2021007747 0.149 115.7 317.2 259.6 375.4 80
2021007747 0.143 196.8 332.0 351.3 374.1 80
2021007747 0.143 231.0 215.0 281.2 260.5 80
2021007747 0.142 1.6 126.9 35.7 307.5 80
2021007747 0.141 258.4 237.0 288.7 269.9 80
2021007747 0.137 101.1 241.7 402.2 354.4 80
2021007747 0.136 383.7 164.3 413.9 195.0 19
2021007747 0.134 205.2 231.1 453.9 350.6 80
2021007747 0.132 88.8 189.4 400.8 305.3 80
2021007747 0.131 387.4 192.2 416.6 226.1 80
2021007747 0.130 318.1 251.2 358.1 288.0 80
2021007747 0.127 144.2 212.0 361.1 333.8 80
2021007747 0.125 490.1 62.9 500.1 106.0 15
2021007747 0.125 424.8 307.6 490.4 375.0 8
2021007747 0.124 97.4 152.6 141.8 194.4 80
2021007747 0.124 103.8 115.8 392.2 257.7 80
2021007747 0.123 346.9 311.4 481.4 371.1 8
2021007747 0.123 280.0 196.9 324.5 238.9 80
2021007747 0.122 267.6 96.7 444.3 294.6 80
2021007747 0.122 257.4 180.0 281.2 241.6 15
2021007747 0.120 138.5 145.9 354.0 244.7 80
2021007747 0.118 126.5 148.8 193.2 201.7 80
2021007747 0.117 170.9 204.5 279.9 261.8 80
2021007747 0.117 2.2 169.0 177.1 265.9 80
2021007747 0.115 336.2 180.1 432.7 285.1 80
2021007747 0.115 344.3 231.0 497.1 375.3 8
2021007747 0.114 163.5 254.0 191.1 299.4 14
2021007747 0.114 -19.9 67.9 83.0 135.9 80
2021007747 0.112 246.1 198.4 428.0 295.5 80
2021007747 0.111 65.4 198.2 142.8 249.4 80
2021007747 0.111 87.1 75.8 363.9 142.1 80
2021007747 0.110 87.8 66.4 450.9 140.3 80
2021007747 0.110 -41.9 61.8 218.7 126.2 80
2021007747 0.693 343.8 188.9 503.0 366.3 80
2021007747 0.677 14.9 203.0 152.0 318.3 80
2021007747 0.674 462.4 128.8 500.9 200.2 80
2021007747 0.664 309.2 249.4 489.8 372.6 80
2021007747 0.662 14.1 183.2 196.7 304.2 80
2021007747 0.661 282.4 340.5 377.1 373.8 80
2021007747 0.659 407.5 194.6 499.3 374.2 80
2021007747 0.659 67.4 193.2 193.3 296.5 80
2021007747 0.656 461.2 322.4 498.8 371.2 80
2021007747 0.650 62.8 195.8 186.6 287.3 80
2021007747 0.648 161.3 247.6 190.0 297.3 80
2021007747 0.645 377.0 2.0 419.1 56.6 80
2021007747 0.644 253.0 184.7 294.0 245.4 80
2021007747 0.643 90.9 195.5 193.7 274.5 80
2021007747 0.642 462.3 142.6 501.4 374.2 80
2021007747 0.633 -1.3 303.5 496.0 379.1 80
2021007747 0.631 424.8 307.6 490.4 375.0 80
2021007747 0.628 8.4 302.9 156.2 375.1 80
2021007747 0.625 346.9 311.4 481.4 371.1 80
2021007747 0.622 440.5 218.9 499.7 375.4 80
2021007747 0.618 28.7 200.1 193.3 312.1 80
2021007747 0.617 256.6 178.5 277.9 239.9 80
2021007747 0.615 16.0 198.9 196.6 314.3 17
2021007747 0.608 204.5 198.8 267.3 263.0 80
2021007747 0.606 44.8 307.5 236.8 372.3 80
2021007747 0.603 163.1 254.0 190.3 297.7 80
2021007747 0.603 1.4 259.5 18.5 327.6 80
2021007747 0.601 54.3 298.1 173.3 376.1 80
2021007747 0.601 1.4 213.5 12.8 254.1 80
2021007747 0.579 464.1 80.5 502.7 383.6 80
2021007747 0.578 257.4 180.0 281.2 241.6 80
2021007747 0.578 491.4 188.7 500.0 361.5 80
2021007747 0.577 487.9 109.3 500.8 229.7 80
2021007747 0.576 0.3 239.9 25.8 352.4 80
2021007747 0.575 344.3 231.0 497.1 375.3 80
2021007747 0.556 3.6 215.4 21.6 330.7 80
2021007747 0.549 383.7 164.3 413.9 195.0 80
2021007747 0.528 94.3 350.0 419.0 375.0 80
2021007747 0.514 258.0 180.4 282.6 244.1 80
2021007747 0.508 488.1 96.9 499.8 138.4 80
2021007747 0.469 490.5 74.9 500.3 172.6 80
2021007747 0.465 327.0 198.6 500.7 373.7 80
2021007747 0.459 284.1 -0.1 366.4 10.0 80
2021007747 0.455 66.7 302.4 144.8 375.9 80
2021007747 0.452 490.1 62.9 500.1 106.0 80
2021007747 0.451 380.9 176.0 392.9 197.5 80
2021007747 0.442 160.1 -0.3 248.5 10.6 80
2021007747 0.421 163.5 254.0 191.1 299.4 80
2021007747 0.419 237.1 -0.2 304.6 8.6 80
2021007747 0.373 -10.5 199.8 210.9 319.0 80
2021007747 0.363 383.4 163.9 415.0 192.0 80
2021007747 0.346 1.8 110.8 9.2 297.7 80
2021007747 0.329 383.4 163.9 415.0 192.0 19
2021007747 0.292 66.7 302.4 144.8 375.9 15
2021007747 0.286 0.4 182.4 20.4 370.3 80
2021007747 0.247 389.3 32.8 493.9 368.5 80
2021007747 0.241 0.8 87.1 3.4 213.0 80
2021007747 0.240 110.3 229.3 173.7 278.1 80
2021007747 0.237 29.1 153.4 230.4 302.3 80
2021007747 0.234 482.4 73.6 503.0 344.7 80
2021007747 0.214 258.0 180.4 282.6 244.1 15
2021007747 0.210 0.2 0.8 4.9 87.7 80
2021007747 0.203 488.1 96.9 499.8 138.4 4
2021007747 0.177 344.3 231.0 497.1 375.3 17
2021007747 0.163 258.8 222.0 504.2 353.6 80
2021007747 0.159 41.6 214.6 78.8 255.3 80
2021007747 0.149 169.3 247.8 201.9 280.8 80
2021007747 0.149 115.7 317.2 259.6 375.4 80
2021007747 0.143 196.8 332.0 351.3 374.1 80
2021007747 0.143 231.0 215.0 281.2 260.5 80
2021007747 0.142 1.6 126.9 35.7 307.5 80
2021007747 0.141 258.4 237.0 288.7 269.9 80
2021007747 0.137 101.1 241.7 402.2 354.4 80
2021007747 0.136 383.7 164.3 413.9 195.0 19
2021007747 0.134 205.2 231.1 453.9 350.6 80
2021007747 0.132 88.8 189.4 400.8 305.3 80
2021007747 0.131 387.4 192.2 416.6 226.1 80
2021007747 0.130 318.1 251.2 358.1 288.0 80
2021007747 0.127 144.2 212.0 361.1 333.8 80
2021007747 0.125 490.1 62.9 500.1 106.0 15
2021007747 0.125 424.8 307.6 490.4 375.0 8
2021007747 0.124 97.4 152.6 141.8 194.4 80
2021007747 0.124 103.8 115.8 392.2 257.7 80
2021007747 0.123 346.9 311.4 481.4 371.1 8
2021007747 0.123 280.0 196.9 324.5 238.9 80
2021007747 0.122 267.6 96.7 444.3 294.6 80
2021007747 0.122 257.4 180.0 281.2 241.6 15
2021007747 0.120 138.5 145.9 354.0 244.7 80
2021007747 0.118 126.5 148.8 193.2 201.7 80
2021007747 0.117 170.9 204.5 279.9 261.8 80
2021007747 0.117 2.2 169.0 177.1 265.9 80
2021007747 0.115 336.2 180.1 432.7 285.1 80
2021007747 0.115 344.3 231.0 497.1 375.3 8
2021007747 0.114 163.5 254.0 191.1 299.4 14
2021007747 0.114 -19.9 67.9 83.0 135.9 80
2021007747 0.112 246.1 198.4 428.0 295.5 80
2021007747 0.111 65.4 198.2 142.8 249.4 80
2021007747 0.111 87.1 75.8 363.9 142.1 80
2021007747 0.110 87.8 66.4 450.9 140.3 80
2021007747 0.110 -41.9 61.8 218.7 126.2 80
2021007747 0.000 242.0 73.2 372.7 227.7 80
2021007747 0.000 0.9 43.1 103.5 247.8 80
2021007747 0.000 143.7 135.9 210.3 202.4 80
2021007747 0.000 211.4 111.8 275.3 178.0 80
2021007747 0.000 371.0 109.2 486.3 268.7 80
2021007747 0.000 255.8 137.9 317.1 204.5 80
2021007747 0.000 156.6 31.4 304.0 211.6 80
2021007747 0.000 45.5 217.8 107.4 288.9 80
2021007747 0.000 136.3 82.3 207.6 151.5 80
2021007747 0.000 81.5 117.6 146.9 186.5 80
2021007747 0.000 197.9 51.8 272.4 119.8 80
2021007747 0.000 453.6 128.4 499.6 211.2 80
2021007747 0.000 387.8 97.3 461.7 164.2 80
2021007747 0.000 348.6 145.3 411.0 211.1 80
2021007747 0.000 136.9 218.3 201.8 292.7 80
2021007747 0.000 19.5 26.1 206.5 194.8 80
2021007747 0.000 1.5 201.3 48.0 285.0 80
2021007747 0.000 297.9 170.7 359.9 236.2 80
2021007747 0.000 453.4 192.9 499.6 275.6 80
2021007747 0.000 356.3 197.7 415.7 265.7 80
2021007747 0.000 313.5 100.9 376.2 167.7 80
2021007747 0.000 323.9 8.3 496.6 191.8 80
2021007747 0.000 287.5 132.8 485.8 257.7 80
2021007747 0.000 205.6 160.1 267.3 225.4 80
2021007747 0.000 0.9 125.8 102.1 357.9 80
2021007747 0.000 33.3 127.4 166.8 276.8 80
2021007747 0.000 1.0 151.5 47.1 234.6 80
2021007747 0.000 89.9 187.8 149.8 253.9 80
2021007747 0.000 449.0 54.1 499.7 153.4 80
2021007747 0.000 117.9 161.9 233.2 316.5 80
2021007747 0.000 218.0 251.8 286.7 331.9 80
2021007747 0.000 149.3 172.2 210.8 237.6 80
2021007747 0.000 410.1 176.6 474.8 242.3 80
2021007747 0.000 27.0 155.1 94.9 220.9 80
2021007747 0.000 323.9 218.2 384.1 295.1 80
2021007747 0.000 202.7 116.7 319.1 275.9 80
2021007747 0.000 177.6 56.6 471.2 267.4 80
2021007747 0.000 252.3 124.0 366.8 347.9 80
2021007747 0.000 0.5 90.4 51.3 173.8 80
2021007747 0.000 0.7 22.0 51.8 106.0 80
2021007747 0.000 46.4 108.1 284.6 258.9 80
2021007747 0.000 101.1 50.5 245.1 317.1 80
2021007747 0.000 255.5 3.7 329.5 73.3 80
2021007747 0.000 322.9 47.5 406.2 116.3 80
2021007747 0.000 43.3 21.4 383.8 258.4 80
2021007747 0.000 0.6 249.6 58.3 369.8 80
2021007747 0.000 178.6 220.3 238.0 300.5 80
2021007747 0.000 442.7 245.1 499.6 368.5 80
2021007747 0.000 398.6 113.5 499.6 355.5 80
2021007747 0.000 10.6 10.6 491.5 199.6 80
2021007747 0.000 258.6 42.4 428.2 311.1 80
2021007747 0.000 90.0 16.9 408.1 364.6 80
2021007747 0.000 256.1 169.2 365.6 301.9 80
2021007747 0.000 -2.4 5.4 286.1 371.6 80
2021007747 0.000 8.1 89.0 229.6 370.1 80
2021007747 0.000 0.7 22.9 146.6 363.6 80
2021007747 0.000 213.1 6.1 497.0 372.7 80
2021007747 0.000 131.2 78.4 368.1 365.5 80
2021007747 0.000 156.2 201.7 351.1 369.4 80
2021007747 0.000 170.3 106.4 310.3 353.3 80
2021007747 0.000 153.4 21.0 355.4 360.9 80
2021007747 0.000 357.6 18.1 500.9 361.1 80
2021007747 0.000 68.8 68.1 447.4 321.4 80
2021007747 0.000 177.0 8.2 417.9 127.1 80
2021007747 0.000 43.6 254.9 289.5 373.6 80
2021007747 0.000 2.3 68.4 366.1 369.3 80
2021007747 0.000 5.1 279.1 130.5 374.3 80
2021007747 0.000 12.0 183.0 185.2 365.8 80
2021007747 0.000 305.3 180.1 482.3 365.0 80
2021007747 0.000 220.0 199.0 278.3 264.7 80
2021007747 0.000 24.3 146.3 338.1 364.6 80
2021007747 0.000 2.5 1.3 412.8 373.0 80
2021007747 0.000 150.8 131.3 355.6 228.6 80
2021007747 0.000 274.3 86.1 490.6 373.1 80
2021007747 0.000 3.0 228.5 496.0 374.4 80
2021007747 0.000 220.7 257.3 474.7 373.5 80
2021007747 0.000 84.5 1.1 496.2 372.9 80
2021007747 0.000 158.6 67.8 495.0 371.2 80
2021007747 0.000 157.9 150.5 463.3 364.9 80
2021007747 0.000 362.6 245.1 494.3 368.9 80
2021007747 0.000 44.4 60.6 117.3 136.8 80
2021007747 0.000 129.9 101.9 365.9 294.0 80
2021007747 0.000 22.3 43.4 477.5 366.6 80
2021007747 0.000 60.2 142.4 409.5 272.0 80
2021007747 0.000 0.4 100.8 499.0 366.5 80
2021007747 0.000 244.0 202.0 298.7 273.9 80
2021007747 0.000 12.6 94.7 489.8 271.8 80
2021007747 0.000 0.8 0.3 499.7 373.9 80
2021007747 0.000 1.3 18.3 498.9 309.8 80
2021007747 0.000 286.3 250.3 340.8 319.0 80
2021007747 0.000 424.2 6.2 498.9 85.7 80
2021007747 0.000 12.6 94.7 489.8 271.8 0
2021007747 0.000 0.8 0.3 499.7 373.9 7
2021007747 0.000 8.1 89.0 229.6 370.1 14
2021007747 0.000 258.6 42.4 428.2 311.1 14
2021007747 0.000 101.1 50.5 245.1 317.1 14
2021007747 0.000 170.3 106.4 310.3 353.3 14
2021007747 0.000 274.3 86.1 490.6 373.1 14
2021007747 0.000 153.4 21.0 355.4 360.9 14
2021007747 0.000 213.1 6.1 497.0 372.7 14
