2021000000359540 0.726 155.3 169.0 283.4 344.9 14
2021000000359540 0.725 65.2 53.7 115.5 145.1 14
2021000000359540 0.711 418.7 215.5 511.5 340.8 14
2021000000359540 0.676 173.2 173.0 262.2 261.6 80
2021000000359540 0.676 161.1 254.0 276.5 337.1 80
2021000000359540 0.663 339.2 202.4 375.0 242.9 80
2021000000359540 0.650 595.0 398.3 636.4 427.1 80
2021000000359540 0.636 66.8 55.3 108.5 130.6 80
2021000000359540 0.635 430.9 219.8 482.4 277.9 80
2021000000359540 0.631 417.5 214.4 504.5 338.8 80
2021000000359540 0.628 385.1 224.5 469.2 324.3 80
2021000000359540 0.624 346.2 206.9 393.4 248.1 80
2021000000359540 0.624 435.2 210.4 511.5 320.0 80
2021000000359540 0.621 346.2 221.7 448.6 339.4 80
2021000000359540 0.600 191.9 181.3 240.1 222.5 80
2021000000359540 0.590 155.4 177.2 279.1 336.8 80
2021000000359540 0.583 163.7 173.5 264.7 320.4 80
2021000000359540 0.569 339.4 203.8 517.5 336.3 80
2021000000359540 0.569 355.4 11.5 375.6 38.7 80
2021000000359540 0.553 634.1 207.7 640.0 296.6 80
2021000000359540 0.543 68.3 79.7 105.6 139.8 80
2021000000359540 0.527 635.6 263.6 640.2 356.1 80
2021000000359540 0.527 346.2 223.9 442.1 339.1 80
2021000000359540 0.521 234.6 177.2 259.8 208.0 80
2021000000359540 0.513 506.2 38.7 529.6 85.3 80
2021000000359540 0.469 358.6 222.4 507.6 337.1 80
2021000000359540 0.447 637.4 98.3 640.3 171.4 80
2021000000359540 0.440 342.5 206.3 452.0 343.6 14
2021000000359540 0.432 346.4 0.4 388.1 12.1 80
2021000000359540 0.425 355.2 -0.4 396.2 9.7 80
2021000000359540 0.406 186.9 194.2 475.6 308.9 80
2021000000359540 0.371 174.7 209.4 480.8 316.1 80
2021000000359540 0.362 134.9 199.4 292.6 333.1 80
2021000000359540 0.346 344.6 203.4 448.2 340.2 14
2021000000359540 0.318 509.8 35.8 533.0 81.5 80
2021000000359540 0.310 344.6 203.4 448.2 340.2 80
2021000000359540 0.306 148.1 179.7 286.2 319.0 80
2021000000359540 0.282 350.1 250.0 370.1 277.7 80
2021000000359540 0.272 251.2 415.4 406.8 428.1 80
2021000000359540 0.259 509.8 35.8 533.0 81.5 14
2021000000359540 0.259 0.8 4.3 4.9 88.8 80
2021000000359540 0.254 342.5 206.3 452.0 343.6 80
2021000000359540 0.239 637.6 146.2 640.5 359.1 80
2021000000359540 0.234 638.8 85.3 640.3 263.3 80
2021000000359540 0.221 0.5 51.5 4.0 173.9 80
2021000000359540 0.216 0.4 119.9 3.9 277.4 80
2021000000359540 0.215 0.1 227.6 5.5 387.1 80
2021000000359540 0.213 441.9 416.1 590.8 428.8 80
2021000000359540 0.193 0.7 59.9 10.4 246.9 80
2021000000359540 0.185 -0.5 75.5 14.5 388.9 80
2021000000359540 0.183 -5.9 386.3 37.5 432.1 80
2021000000359540 0.182 346.2 223.9 442.1 339.1 14
2021000000359540 0.180 187.8 282.5 238.6 324.0 80
2021000000359540 0.175 612.4 333.6 650.1 420.4 80
2021000000359540 0.164 62.3 414.2 205.0 429.3 80
2021000000359540 0.162 -1.5 234.6 44.9 431.0 80
2021000000359540 0.161 -0.2 77.2 31.7 368.1 80
2021000000359540 0.157 150.9 410.0 283.7 429.3 80
2021000000359540 0.151 558.3 139.4 648.0 401.7 80
2021000000359540 0.151 157.9 248.4 216.6 311.8 80
2021000000359540 0.148 76.5 341.3 267.4 430.7 80
2021000000359540 0.148 368.1 325.9 580.9 435.7 80
2021000000359540 0.147 215.3 408.2 381.4 427.4 80
2021000000359540 0.145 183.2 351.1 331.4 427.7 80
2021000000359540 0.142 271.2 348.9 434.7 427.9 80
2021000000359540 0.141 347.0 306.4 391.3 353.3 80
2021000000359540 0.140 410.3 218.3 659.0 418.9 80
2021000000359540 0.138 611.9 213.9 641.3 385.4 80
2021000000359540 0.136 22.1 392.3 125.0 424.8 80
2021000000359540 0.136 11.2 232.9 239.1 410.8 80
2021000000359540 0.135 358.6 222.4 507.6 337.1 14
2021000000359540 0.133 337.8 402.7 470.9 428.9 80
2021000000359540 0.133 286.8 282.3 334.2 322.4 80
2021000000359540 0.132 514.2 397.5 630.5 425.0 80
2021000000359540 0.131 167.9 252.5 484.0 397.6 80
2021000000359540 0.129 39.3 207.7 312.4 353.3 80
2021000000359540 0.129 6.7 133.0 119.7 393.3 80
2021000000359540 0.127 413.3 167.1 651.3 349.0 80
2021000000359540 0.127 193.2 232.4 460.4 369.3 80
2021000000359540 0.124 17.1 169.1 245.8 337.6 80
2021000000359540 0.123 532.1 271.5 594.1 342.4 80
2021000000359540 0.122 138.4 290.3 205.5 336.0 80
2021000000359540 0.120 192.9 164.9 451.0 275.4 80
2021000000359540 0.118 55.8 249.0 125.6 313.9 80
2021000000359540 0.117 290.2 210.9 372.1 275.4 80
2021000000359540 0.116 182.4 216.9 401.0 315.1 80
2021000000359540 0.115 450.8 188.3 580.5 258.6 80
2021000000359540 0.115 85.5 207.3 242.7 293.2 80
2021000000359540 0.110 506.2 38.7 529.6 85.3 14
2021000000359540 0.109 509.8 35.8 533.0 81.5 12
2021000000359540 0.107 -36.6 108.0 301.7 177.8 80
2021000000359540 0.107 -77.0 21.7 426.1 80.3 80
2021000000359540 0.107 202.3 29.8 713.1 105.8 80
2021000000359540 0.105 438.0 72.1 749.8 150.3 80
2021000000359540 0.104 418.7 215.5 511.5 340.8 80
2021000000359540 0.103 -219.8 15.4 336.2 54.6 80
2021000000359540 0.102 -59.1 0.9 579.8 31.3 80
2021000000359540 0.099 293.4 10.0 923.2 41.5 80
2021000000359540 0.098 0.1 1.5 639.0 27.8 80
2021000000359540 0.097 160.9 -4.5 799.9 27.5 80
2021000000359540 0.726 155.3 169.0 283.4 344.9 14
2021000000359540 0.725 65.2 53.7 115.5 145.1 14
2021000000359540 0.711 418.7 215.5 511.5 340.8 14
2021000000359540 0.676 173.2 173.0 262.2 261.6 80
2021000000359540 0.676 161.1 254.0 276.5 337.1 80
2021000000359540 0.663 339.2 202.4 375.0 242.9 80
2021000000359540 0.650 595.0 398.3 636.4 427.1 80
2021000000359540 0.636 66.8 55.3 108.5 130.6 80
2021000000359540 0.635 430.9 219.8 482.4 277.9 80
2021000000359540 0.631 417.5 214.4 504.5 338.8 80
2021000000359540 0.628 385.1 224.5 469.2 324.3 80
2021000000359540 0.624 346.2 206.9 393.4 248.1 80
2021000000359540 0.624 435.2 210.4 511.5 320.0 80
2021000000359540 0.621 346.2 221.7 448.6 339.4 80
2021000000359540 0.600 191.9 181.3 240.1 222.5 80
2021000000359540 0.590 155.4 177.2 279.1 336.8 80
2021000000359540 0.583 163.7 173.5 264.7 320.4 80
2021000000359540 0.569 339.4 203.8 517.5 336.3 80
2021000000359540 0.569 355.4 11.5 375.6 38.7 80
2021000000359540 0.553 634.1 207.7 640.0 296.6 80
2021000000359540 0.543 68.3 79.7 105.6 139.8 80
2021000000359540 0.527 635.6 263.6 640.2 356.1 80
2021000000359540 0.527 346.2 223.9 442.1 339.1 80
2021000000359540 0.521 234.6 177.2 259.8 208.0 80
2021000000359540 0.513 506.2 38.7 529.6 85.3 80
2021000000359540 0.469 358.6 222.4 507.6 337.1 80
2021000000359540 0.447 637.4 98.3 640.3 171.4 80
2021000000359540 0.440 342.5 206.3 452.0 343.6 14
2021000000359540 0.432 346.4 0.4 388.1 12.1 80
2021000000359540 0.425 355.2 -0.4 396.2 9.7 80
2021000000359540 0.406 186.9 194.2 475.6 308.9 80
2021000000359540 0.371 174.7 209.4 480.8 316.1 80
2021000000359540 0.362 134.9 199.4 292.6 333.1 80
2021000000359540 0.346 344.6 203.4 448.2 340.2 14
2021000000359540 0.318 509.8 35.8 533.0 81.5 80
2021000000359540 0.310 344.6 203.4 448.2 340.2 80
2021000000359540 0.306 148.1 179.7 286.2 319.0 80
2021000000359540 0.282 350.1 250.0 370.1 277.7 80
2021000000359540 0.272 251.2 415.4 406.8 428.1 80
2021000000359540 0.259 509.8 35.8 533.0 81.5 14
2021000000359540 0.259 0.8 4.3 4.9 88.8 80
2021000000359540 0.254 342.5 206.3 452.0 343.6 80
2021000000359540 0.239 637.6 146.2 640.5 359.1 80
2021000000359540 0.234 638.8 85.3 640.3 263.3 80
2021000000359540 0.221 0.5 51.5 4.0 173.9 80
2021000000359540 0.216 0.4 119.9 3.9 277.4 80
2021000000359540 0.215 0.1 227.6 5.5 387.1 80
2021000000359540 0.213 441.9 416.1 590.8 428.8 80
2021000000359540 0.193 0.7 59.9 10.4 246.9 80
2021000000359540 0.185 -0.5 75.5 14.5 388.9 80
2021000000359540 0.183 -5.9 386.3 37.5 432.1 80
2021000000359540 0.182 346.2 223.9 442.1 339.1 14
2021000000359540 0.180 187.8 282.5 238.6 324.0 80
2021000000359540 0.175 612.4 333.6 650.1 420.4 80
2021000000359540 0.164 62.3 414.2 205.0 429.3 80
2021000000359540 0.162 -1.5 234.6 44.9 431.0 80
2021000000359540 0.161 -0.2 77.2 31.7 368.1 80
2021000000359540 0.157 150.9 410.0 283.7 429.3 80
2021000000359540 0.151 558.3 139.4 648.0 401.7 80
2021000000359540 0.151 157.9 248.4 216.6 311.8 80
2021000000359540 0.148 76.5 341.3 267.4 430.7 80
2021000000359540 0.148 368.1 325.9 580.9 435.7 80
2021000000359540 0.147 215.3 408.2 381.4 427.4 80
2021000000359540 0.145 183.2 351.1 331.4 427.7 80
2021000000359540 0.142 271.2 348.9 434.7 427.9 80
2021000000359540 0.141 347.0 306.4 391.3 353.3 80
2021000000359540 0.140 410.3 218.3 659.0 418.9 80
2021000000359540 0.138 611.9 213.9 641.3 385.4 80
2021000000359540 0.136 22.1 392.3 125.0 424.8 80
2021000000359540 0.136 11.2 232.9 239.1 410.8 80
2021000000359540 0.135 358.6 222.4 507.6 337.1 14
2021000000359540 0.133 337.8 402.7 470.9 428.9 80
2021000000359540 0.133 286.8 282.3 334.2 322.4 80
2021000000359540 0.132 514.2 397.5 630.5 425.0 80
2021000000359540 0.131 167.9 252.5 484.0 397.6 80
2021000000359540 0.129 39.3 207.7 312.4 353.3 80
2021000000359540 0.129 6.7 133.0 119.7 393.3 80
2021000000359540 0.127 413.3 167.1 651.3 349.0 80
2021000000359540 0.127 193.2 232.4 460.4 369.3 80
2021000000359540 0.124 17.1 169.1 245.8 337.6 80
2021000000359540 0.123 532.1 271.5 594.1 342.4 80
2021000000359540 0.122 138.4 290.3 205.5 336.0 80
2021000000359540 0.120 192.9 164.9 451.0 275.4 80
2021000000359540 0.118 55.8 249.0 125.6 313.9 80
2021000000359540 0.117 290.2 210.9 372.1 275.4 80
2021000000359540 0.116 182.4 216.9 401.0 315.1 80
2021000000359540 0.115 450.8 188.3 580.5 258.6 80
2021000000359540 0.115 85.5 207.3 242.7 293.2 80
2021000000359540 0.110 506.2 38.7 529.6 85.3 14
2021000000359540 0.109 509.8 35.8 533.0 81.5 12
2021000000359540 0.107 -36.6 108.0 301.7 177.8 80
2021000000359540 0.107 -77.0 21.7 426.1 80.3 80
2021000000359540 0.107 202.3 29.8 713.1 105.8 80
2021000000359540 0.105 438.0 72.1 749.8 150.3 80
2021000000359540 0.104 418.7 215.5 511.5 340.8 80
2021000000359540 0.103 -219.8 15.4 336.2 54.6 80
2021000000359540 0.102 -59.1 0.9 579.8 31.3 80
2021000000359540 0.099 293.4 10.0 923.2 41.5 80
2021000000359540 0.098 0.1 1.5 639.0 27.8 80
2021000000359540 0.097 160.9 -4.5 799.9 27.5 80
2021000000359540 0.000 0.7 50.5 132.8 282.0 80
2021000000359540 0.000 313.4 82.5 473.9 260.4 80
2021000000359540 0.000 259.6 56.6 340.6 136.8 80
2021000000359540 0.000 328.1 158.3 405.0 234.5 80
2021000000359540 0.000 476.8 124.5 620.6 306.1 80
2021000000359540 0.000 58.5 248.0 136.7 329.4 80
2021000000359540 0.000 107.0 135.3 185.4 215.0 80
2021000000359540 0.000 170.1 119.7 279.1 248.7 80
2021000000359540 0.000 499.6 109.7 587.2 186.2 80
2021000000359540 0.000 580.3 146.4 639.5 240.4 80
2021000000359540 0.000 272.9 130.1 350.3 206.5 80
2021000000359540 0.000 180.7 93.6 259.1 175.1 80
2021000000359540 0.000 28.1 33.3 259.1 223.1 80
2021000000359540 0.000 416.8 13.1 632.9 218.5 80
2021000000359540 0.000 1.6 229.4 61.4 324.5 80
2021000000359540 0.000 207.2 37.0 383.3 241.2 80
2021000000359540 0.000 447.6 166.9 524.7 242.3 80
2021000000359540 0.000 281.2 273.3 359.7 384.3 80
2021000000359540 0.000 115.6 214.7 191.0 290.6 80
2021000000359540 0.000 402.5 115.9 480.3 192.2 80
2021000000359540 0.000 457.2 226.4 531.3 303.0 80
2021000000359540 0.000 41.1 144.8 215.0 315.0 80
2021000000359540 0.000 1.0 172.4 60.3 266.9 80
2021000000359540 0.000 580.1 219.4 639.6 313.6 80
2021000000359540 0.000 0.4 143.3 130.7 407.5 80
2021000000359540 0.000 574.5 61.5 639.6 174.6 80
2021000000359540 0.000 332.1 2.9 415.5 84.3 80
2021000000359540 0.000 175.8 248.6 257.9 331.6 80
2021000000359540 0.000 381.9 195.4 460.0 270.0 80
2021000000359540 0.000 36.2 177.4 119.8 252.3 80
2021000000359540 0.000 326.6 143.4 465.0 396.8 80
2021000000359540 0.000 152.2 183.1 297.6 360.6 80
2021000000359540 0.000 191.4 196.8 269.4 271.4 80
2021000000359540 0.000 374.8 151.5 615.2 295.8 80
2021000000359540 0.000 416.4 249.2 489.1 336.7 80
2021000000359540 0.000 0.6 25.3 66.3 120.7 80
2021000000359540 0.000 281.2 226.3 356.1 302.0 80
2021000000359540 0.000 62.2 24.0 483.7 292.7 80
2021000000359540 0.000 524.7 200.8 607.7 275.7 80
2021000000359540 0.000 262.4 134.4 405.9 319.8 80
2021000000359540 0.000 0.6 284.0 74.6 421.4 80
2021000000359540 0.000 230.2 252.8 304.8 339.1 80
2021000000359540 0.000 226.3 65.4 603.8 303.7 80
2021000000359540 0.000 63.1 124.7 360.6 294.1 80
2021000000359540 0.000 416.7 52.8 515.5 132.6 80
2021000000359540 0.000 129.2 56.0 312.7 355.7 80
2021000000359540 0.000 0.1 103.2 65.9 197.8 80
2021000000359540 0.000 263.8 183.0 341.9 258.2 80
2021000000359540 0.000 566.4 278.5 639.5 419.9 80
2021000000359540 0.000 19.0 16.1 622.4 223.7 80
2021000000359540 0.000 509.8 126.6 639.3 404.9 80
2021000000359540 0.000 1.6 6.8 361.3 423.0 80
2021000000359540 0.000 121.2 17.7 514.2 416.7 80
2021000000359540 0.000 335.8 47.7 542.9 356.8 80
2021000000359540 0.000 241.7 9.1 514.7 154.3 80
2021000000359540 0.000 1.2 27.2 187.5 413.9 80
2021000000359540 0.000 205.3 224.8 447.1 419.2 80
2021000000359540 0.000 272.2 7.0 636.7 424.4 80
2021000000359540 0.000 203.8 31.7 448.2 405.5 80
2021000000359540 0.000 14.5 102.2 289.2 421.2 80
2021000000359540 0.000 457.5 21.1 641.7 410.2 80
2021000000359540 0.000 358.9 272.0 430.6 377.2 80
2021000000359540 0.000 219.1 120.2 395.4 402.7 80
2021000000359540 0.000 169.6 88.4 468.5 416.0 80
2021000000359540 0.000 329.3 189.5 464.6 349.0 80
2021000000359540 0.000 6.1 317.8 167.0 426.2 80
2021000000359540 0.000 391.8 205.6 616.9 415.3 80
2021000000359540 0.000 68.8 290.4 356.2 424.3 80
2021000000359540 0.000 14.6 208.3 237.2 416.6 80
2021000000359540 0.000 4.0 1.2 525.2 424.5 80
2021000000359540 0.000 10.2 260.5 628.9 424.9 80
2021000000359540 0.000 5.9 73.8 462.5 420.5 80
2021000000359540 0.000 285.2 291.9 604.5 425.0 80
2021000000359540 0.000 92.0 73.0 568.9 364.8 80
2021000000359540 0.000 43.3 167.8 418.6 413.1 80
2021000000359540 0.000 109.4 1.0 633.2 424.5 80
2021000000359540 0.000 355.6 98.8 622.5 424.5 80
2021000000359540 0.000 208.0 151.0 442.0 262.6 80
2021000000359540 0.000 312.6 229.7 381.5 311.2 80
2021000000359540 0.000 215.5 172.0 577.5 412.9 80
2021000000359540 0.000 463.3 279.5 633.1 419.8 80
2021000000359540 0.000 56.7 68.9 150.0 155.8 80
2021000000359540 0.000 204.8 75.0 630.5 421.9 80
2021000000359540 0.000 172.4 117.1 460.4 334.6 80
2021000000359540 0.000 86.4 162.8 514.8 309.7 80
2021000000359540 0.000 28.5 48.7 607.3 412.0 80
2021000000359540 0.000 0.5 114.3 638.1 415.2 80
2021000000359540 0.000 0.8 0.8 639.5 426.0 80
2021000000359540 0.000 21.6 109.2 619.5 307.9 80
2021000000359540 0.000 2.9 26.7 636.7 350.3 80
2021000000359540 0.000 542.8 6.9 638.4 97.4 80
2021000000359540 0.000 21.6 109.2 619.5 307.9 0
2021000000359540 0.000 335.8 47.7 542.9 356.8 14
2021000000359540 0.000 219.1 120.2 395.4 402.7 14
2021000000359540 0.000 129.2 56.0 312.7 355.7 14
2021000000359540 0.000 203.8 31.7 448.2 405.5 14
2021000000359540 0.000 14.5 102.2 289.2 421.2 14
2021000000359540 0.000 355.6 98.8 622.5 424.5 14
2021000000359540 0.000 169.6 88.4 468.5 416.0 14
2021000000359540 0.000 197.1 344.2 304.9 420.9 80
