2021004427 0.667 67.6 15.4 391.2 317.7 80
2021004427 0.663 291.2 8.0 367.3 250.3 80
2021004427 0.660 470.3 344.1 498.0 373.3 80
2021004427 0.654 41.5 14.2 308.4 375.6 80
2021004427 0.652 223.6 96.4 292.4 230.3 80
2021004427 0.641 0.9 21.4 18.6 228.1 80
2021004427 0.627 0.7 19.8 15.9 138.7 80
2021004427 0.626 201.7 49.9 432.0 373.5 80
2021004427 0.623 158.2 124.1 437.6 370.6 80
2021004427 0.615 295.9 8.0 367.2 252.2 80
2021004427 0.614 414.8 345.8 481.1 374.9 80
2021004427 0.611 101.7 69.8 438.6 373.4 80
2021004427 0.609 5.1 4.0 264.3 377.1 80
2021004427 0.607 172.3 4.5 440.5 377.3 80
2021004427 0.595 3.0 2.3 171.2 376.2 80
2021004427 0.594 64.4 20.9 430.6 375.7 80
2021004427 0.594 91.5 31.0 280.9 375.0 7
2021004427 0.591 4.0 7.4 219.1 373.0 80
2021004427 0.581 83.3 38.2 284.4 372.1 80
2021004427 0.578 5.6 2.5 107.9 376.5 80
2021004427 0.576 88.3 36.4 291.4 363.0 80
2021004427 0.565 242.8 3.2 416.8 376.3 80
2021004427 0.563 173.6 5.4 414.8 376.6 80
2021004427 0.558 495.4 34.9 500.4 203.9 80
2021004427 0.558 61.9 75.5 446.2 374.2 80
2021004427 0.554 491.3 56.2 500.6 341.7 80
2021004427 0.548 0.2 0.9 294.8 374.7 80
2021004427 0.548 12.1 3.5 454.7 376.8 80
2021004427 0.518 486.1 61.9 500.1 369.5 80
2021004427 0.504 89.7 29.2 274.7 334.2 80
2021004427 0.499 495.8 147.8 500.3 358.2 80
2021004427 0.467 293.6 6.9 368.3 259.9 80
2021004427 0.435 494.3 18.6 500.2 312.8 80
2021004427 0.379 485.9 -1.7 501.0 367.5 80
2021004427 0.361 -4.1 -9.8 24.1 364.0 80
2021004427 0.335 -11.9 19.6 157.3 358.0 80
2021004427 0.329 328.6 363.6 500.0 375.9 80
2021004427 0.273 0.1 -4.9 4.7 321.7 80
2021004427 0.252 55.6 368.1 201.0 375.8 80
2021004427 0.230 98.9 73.4 302.7 351.3 80
2021004427 0.215 490.2 228.1 502.4 371.9 80
2021004427 0.213 -0.4 185.6 6.0 347.4 80
2021004427 0.202 465.9 66.9 499.3 373.7 80
2021004427 0.181 78.5 172.0 432.5 362.3 80
2021004427 0.180 -6.2 26.9 74.6 364.2 80
2021004427 0.167 215.1 165.6 277.0 239.5 80
2021004427 0.161 131.4 361.6 378.6 377.1 80
2021004427 0.150 177.6 301.3 377.8 376.5 80
2021004427 0.150 100.9 361.0 237.1 376.9 80
2021004427 0.148 48.8 314.1 231.0 377.8 80
2021004427 0.147 278.2 324.5 435.5 375.0 80
2021004427 0.146 214.3 164.7 463.6 337.8 80
2021004427 0.145 -19.4 204.7 104.0 378.3 80
2021004427 0.144 123.7 303.3 305.9 374.8 80
2021004427 0.143 328.3 81.0 509.6 350.5 80
2021004427 0.142 311.2 197.9 512.6 362.0 80
2021004427 0.142 416.7 73.5 501.1 387.3 80
2021004427 0.140 -11.1 337.1 47.7 380.4 80
2021004427 0.139 42.6 106.1 288.8 322.9 80
2021004427 0.138 70.9 156.0 339.3 331.1 80
2021004427 0.136 102.0 174.4 410.0 338.4 80
2021004427 0.136 -13.0 186.3 218.5 354.5 80
2021004427 0.136 42.9 193.5 309.3 348.7 80
2021004427 0.134 270.8 92.3 392.2 315.8 80
2021004427 0.134 18.7 126.8 102.6 347.9 80
2021004427 0.133 160.7 352.8 322.4 374.8 80
2021004427 0.132 258.4 134.5 485.1 315.9 80
2021004427 0.132 3.7 143.6 268.6 327.8 80
2021004427 0.131 13.5 341.1 109.0 373.7 80
2021004427 0.129 123.6 95.9 244.2 181.0 80
2021004427 0.127 0.2 0.9 294.8 374.7 8
2021004427 0.125 113.6 141.7 259.2 267.3 80
2021004427 0.124 286.1 127.9 381.2 256.9 80
2021004427 0.124 194.0 229.7 280.9 304.1 80
2021004427 0.123 250.1 349.0 380.8 376.3 80
2021004427 0.123 98.0 171.5 210.9 298.6 80
2021004427 0.121 293.6 6.9 368.3 259.9 15
2021004427 0.121 112.0 114.2 255.8 228.3 80
2021004427 0.120 110.1 121.3 241.3 242.3 80
2021004427 0.118 34.3 150.1 163.7 287.5 80
2021004427 0.118 12.1 3.5 454.7 376.8 8
2021004427 0.112 65.3 48.2 385.9 125.4 80
2021004427 0.108 91.5 31.0 280.9 375.0 80
2021004427 0.107 206.1 71.0 612.5 173.7 80
2021004427 0.107 -147.5 25.3 232.5 99.2 80
2021004427 0.106 293.6 6.9 368.3 259.9 8
2021004427 0.106 179.6 19.6 610.4 92.7 80
2021004427 0.106 64.4 20.9 430.6 375.7 8
2021004427 0.106 -132.9 11.5 324.8 75.2 80
2021004427 0.105 127.5 -6.6 618.7 44.3 80
2021004427 0.104 -109.6 10.0 380.0 78.6 80
2021004427 0.104 42.8 9.0 524.8 107.4 80
2021004427 0.104 278.3 50.0 640.5 163.7 80
2021004427 0.102 76.0 -5.6 565.0 63.2 80
2021004427 0.099 189.5 4.9 688.4 38.1 80
2021004427 0.098 293.6 6.9 368.3 259.9 4
2021004427 0.098 259.0 6.3 706.6 44.7 80
2021004427 0.093 -137.9 -0.2 361.1 20.8 80
2021004427 0.093 12.1 3.5 454.7 376.8 17
2021004427 0.093 -214.8 -1.4 279.9 20.0 80
2021004427 0.667 67.6 15.4 391.2 317.7 80
2021004427 0.663 291.2 8.0 367.3 250.3 80
2021004427 0.660 470.3 344.1 498.0 373.3 80
2021004427 0.654 41.5 14.2 308.4 375.6 80
2021004427 0.652 223.6 96.4 292.4 230.3 80
2021004427 0.641 0.9 21.4 18.6 228.1 80
2021004427 0.627 0.7 19.8 15.9 138.7 80
2021004427 0.626 201.7 49.9 432.0 373.5 80
2021004427 0.623 158.2 124.1 437.6 370.6 80
2021004427 0.615 295.9 8.0 367.2 252.2 80
2021004427 0.614 414.8 345.8 481.1 374.9 80
2021004427 0.611 101.7 69.8 438.6 373.4 80
2021004427 0.609 5.1 4.0 264.3 377.1 80
2021004427 0.607 172.3 4.5 440.5 377.3 80
2021004427 0.595 3.0 2.3 171.2 376.2 80
2021004427 0.594 64.4 20.9 430.6 375.7 80
2021004427 0.594 91.5 31.0 280.9 375.0 7
2021004427 0.591 4.0 7.4 219.1 373.0 80
2021004427 0.581 83.3 38.2 284.4 372.1 80
2021004427 0.578 5.6 2.5 107.9 376.5 80
2021004427 0.576 88.3 36.4 291.4 363.0 80
2021004427 0.565 242.8 3.2 416.8 376.3 80
2021004427 0.563 173.6 5.4 414.8 376.6 80
2021004427 0.558 495.4 34.9 500.4 203.9 80
2021004427 0.558 61.9 75.5 446.2 374.2 80
2021004427 0.554 491.3 56.2 500.6 341.7 80
2021004427 0.548 0.2 0.9 294.8 374.7 80
2021004427 0.548 12.1 3.5 454.7 376.8 80
2021004427 0.518 486.1 61.9 500.1 369.5 80
2021004427 0.504 89.7 29.2 274.7 334.2 80
2021004427 0.499 495.8 147.8 500.3 358.2 80
2021004427 0.467 293.6 6.9 368.3 259.9 80
2021004427 0.435 494.3 18.6 500.2 312.8 80
2021004427 0.379 485.9 -1.7 501.0 367.5 80
2021004427 0.361 -4.1 -9.8 24.1 364.0 80
2021004427 0.335 -11.9 19.6 157.3 358.0 80
2021004427 0.329 328.6 363.6 500.0 375.9 80
2021004427 0.273 0.1 -4.9 4.7 321.7 80
2021004427 0.252 55.6 368.1 201.0 375.8 80
2021004427 0.230 98.9 73.4 302.7 351.3 80
2021004427 0.215 490.2 228.1 502.4 371.9 80
2021004427 0.213 -0.4 185.6 6.0 347.4 80
2021004427 0.202 465.9 66.9 499.3 373.7 80
2021004427 0.181 78.5 172.0 432.5 362.3 80
2021004427 0.180 -6.2 26.9 74.6 364.2 80
2021004427 0.167 215.1 165.6 277.0 239.5 80
2021004427 0.161 131.4 361.6 378.6 377.1 80
2021004427 0.150 177.6 301.3 377.8 376.5 80
2021004427 0.150 100.9 361.0 237.1 376.9 80
2021004427 0.148 48.8 314.1 231.0 377.8 80
2021004427 0.147 278.2 324.5 435.5 375.0 80
2021004427 0.146 214.3 164.7 463.6 337.8 80
2021004427 0.145 -19.4 204.7 104.0 378.3 80
2021004427 0.144 123.7 303.3 305.9 374.8 80
2021004427 0.143 328.3 81.0 509.6 350.5 80
2021004427 0.142 311.2 197.9 512.6 362.0 80
2021004427 0.142 416.7 73.5 501.1 387.3 80
2021004427 0.140 -11.1 337.1 47.7 380.4 80
2021004427 0.139 42.6 106.1 288.8 322.9 80
2021004427 0.138 70.9 156.0 339.3 331.1 80
2021004427 0.136 102.0 174.4 410.0 338.4 80
2021004427 0.136 -13.0 186.3 218.5 354.5 80
2021004427 0.136 42.9 193.5 309.3 348.7 80
2021004427 0.134 270.8 92.3 392.2 315.8 80
2021004427 0.134 18.7 126.8 102.6 347.9 80
2021004427 0.133 160.7 352.8 322.4 374.8 80
2021004427 0.132 258.4 134.5 485.1 315.9 80
2021004427 0.132 3.7 143.6 268.6 327.8 80
2021004427 0.131 13.5 341.1 109.0 373.7 80
2021004427 0.129 123.6 95.9 244.2 181.0 80
2021004427 0.127 0.2 0.9 294.8 374.7 8
2021004427 0.125 113.6 141.7 259.2 267.3 80
2021004427 0.124 286.1 127.9 381.2 256.9 80
2021004427 0.124 194.0 229.7 280.9 304.1 80
2021004427 0.123 250.1 349.0 380.8 376.3 80
2021004427 0.123 98.0 171.5 210.9 298.6 80
2021004427 0.121 293.6 6.9 368.3 259.9 15
2021004427 0.121 112.0 114.2 255.8 228.3 80
2021004427 0.120 110.1 121.3 241.3 242.3 80
2021004427 0.118 34.3 150.1 163.7 287.5 80
2021004427 0.118 12.1 3.5 454.7 376.8 8
2021004427 0.112 65.3 48.2 385.9 125.4 80
2021004427 0.108 91.5 31.0 280.9 375.0 80
2021004427 0.107 206.1 71.0 612.5 173.7 80
2021004427 0.107 -147.5 25.3 232.5 99.2 80
2021004427 0.106 293.6 6.9 368.3 259.9 8
2021004427 0.106 179.6 19.6 610.4 92.7 80
2021004427 0.106 64.4 20.9 430.6 375.7 8
2021004427 0.106 -132.9 11.5 324.8 75.2 80
2021004427 0.105 127.5 -6.6 618.7 44.3 80
2021004427 0.104 -109.6 10.0 380.0 78.6 80
2021004427 0.104 42.8 9.0 524.8 107.4 80
2021004427 0.104 278.3 50.0 640.5 163.7 80
2021004427 0.102 76.0 -5.6 565.0 63.2 80
2021004427 0.099 189.5 4.9 688.4 38.1 80
2021004427 0.098 293.6 6.9 368.3 259.9 4
2021004427 0.098 259.0 6.3 706.6 44.7 80
2021004427 0.093 -137.9 -0.2 361.1 20.8 80
2021004427 0.093 12.1 3.5 454.7 376.8 17
2021004427 0.093 -214.8 -1.4 279.9 20.0 80
2021004427 0.000 242.0 73.2 372.7 227.7 80
2021004427 0.000 0.9 43.1 103.5 247.8 80
2021004427 0.000 143.7 135.9 210.3 202.4 80
2021004427 0.000 211.4 111.8 275.3 178.0 80
2021004427 0.000 371.0 109.2 486.3 268.7 80
2021004427 0.000 255.8 137.9 317.1 204.5 80
2021004427 0.000 156.6 31.4 304.0 211.6 80
2021004427 0.000 45.5 217.8 107.4 288.9 80
2021004427 0.000 136.3 82.3 207.6 151.5 80
2021004427 0.000 81.5 117.6 146.9 186.5 80
2021004427 0.000 197.9 51.8 272.4 119.8 80
2021004427 0.000 453.6 128.4 499.6 211.2 80
2021004427 0.000 387.8 97.3 461.7 164.2 80
2021004427 0.000 348.6 145.3 411.0 211.1 80
2021004427 0.000 136.9 218.3 201.8 292.7 80
2021004427 0.000 19.5 26.1 206.5 194.8 80
2021004427 0.000 1.5 201.3 48.0 285.0 80
2021004427 0.000 297.9 170.7 359.9 236.2 80
2021004427 0.000 453.4 192.9 499.6 275.6 80
2021004427 0.000 356.3 197.7 415.7 265.7 80
2021004427 0.000 313.5 100.9 376.2 167.7 80
2021004427 0.000 323.9 8.3 496.6 191.8 80
2021004427 0.000 287.5 132.8 485.8 257.7 80
2021004427 0.000 205.6 160.1 267.3 225.4 80
2021004427 0.000 0.9 125.8 102.1 357.9 80
2021004427 0.000 33.3 127.4 166.8 276.8 80
2021004427 0.000 1.0 151.5 47.1 234.6 80
2021004427 0.000 89.9 187.8 149.8 253.9 80
2021004427 0.000 449.0 54.1 499.7 153.4 80
2021004427 0.000 117.9 161.9 233.2 316.5 80
2021004427 0.000 218.0 251.8 286.7 331.9 80
2021004427 0.000 149.3 172.2 210.8 237.6 80
2021004427 0.000 410.1 176.6 474.8 242.3 80
2021004427 0.000 27.0 155.1 94.9 220.9 80
2021004427 0.000 323.9 218.2 384.1 295.1 80
2021004427 0.000 202.7 116.7 319.1 275.9 80
2021004427 0.000 177.6 56.6 471.2 267.4 80
2021004427 0.000 252.3 124.0 366.8 347.9 80
2021004427 0.000 0.5 90.4 51.3 173.8 80
2021004427 0.000 0.7 22.0 51.8 106.0 80
2021004427 0.000 46.4 108.1 284.6 258.9 80
2021004427 0.000 101.1 50.5 245.1 317.1 80
2021004427 0.000 255.5 3.7 329.5 73.3 80
2021004427 0.000 322.9 47.5 406.2 116.3 80
2021004427 0.000 43.3 21.4 383.8 258.4 80
2021004427 0.000 0.6 249.6 58.3 369.8 80
2021004427 0.000 178.6 220.3 238.0 300.5 80
2021004427 0.000 442.7 245.1 499.6 368.5 80
2021004427 0.000 398.6 113.5 499.6 355.5 80
2021004427 0.000 10.6 10.6 491.5 199.6 80
2021004427 0.000 258.6 42.4 428.2 311.1 80
2021004427 0.000 90.0 16.9 408.1 364.6 80
2021004427 0.000 256.1 169.2 365.6 301.9 80
2021004427 0.000 -2.4 5.4 286.1 371.6 80
2021004427 0.000 8.1 89.0 229.6 370.1 80
2021004427 0.000 0.7 22.9 146.6 363.6 80
2021004427 0.000 213.1 6.1 497.0 372.7 80
2021004427 0.000 131.2 78.4 368.1 365.5 80
2021004427 0.000 156.2 201.7 351.1 369.4 80
2021004427 0.000 170.3 106.4 310.3 353.3 80
2021004427 0.000 153.4 21.0 355.4 360.9 80
2021004427 0.000 357.6 18.1 500.9 361.1 80
2021004427 0.000 68.8 68.1 447.4 321.4 80
2021004427 0.000 177.0 8.2 417.9 127.1 80
2021004427 0.000 43.6 254.9 289.5 373.6 80
2021004427 0.000 2.3 68.4 366.1 369.3 80
2021004427 0.000 5.1 279.1 130.5 374.3 80
2021004427 0.000 12.0 183.0 185.2 365.8 80
2021004427 0.000 305.3 180.1 482.3 365.0 80
2021004427 0.000 220.0 199.0 278.3 264.7 80
2021004427 0.000 24.3 146.3 338.1 364.6 80
2021004427 0.000 2.5 1.3 412.8 373.0 80
2021004427 0.000 150.8 131.3 355.6 228.6 80
2021004427 0.000 274.3 86.1 490.6 373.1 80
2021004427 0.000 3.0 228.5 496.0 374.4 80
2021004427 0.000 220.7 257.3 474.7 373.5 80
2021004427 0.000 84.5 1.1 496.2 372.9 80
2021004427 0.000 158.6 67.8 495.0 371.2 80
2021004427 0.000 157.9 150.5 463.3 364.9 80
2021004427 0.000 362.6 245.1 494.3 368.9 80
2021004427 0.000 44.4 60.6 117.3 136.8 80
2021004427 0.000 129.9 101.9 365.9 294.0 80
2021004427 0.000 22.3 43.4 477.5 366.6 80
2021004427 0.000 60.2 142.4 409.5 272.0 80
2021004427 0.000 0.4 100.8 499.0 366.5 80
2021004427 0.000 244.0 202.0 298.7 273.9 80
2021004427 0.000 12.6 94.7 489.8 271.8 80
2021004427 0.000 0.8 0.3 499.7 373.9 80
2021004427 0.000 1.3 18.3 498.9 309.8 80
2021004427 0.000 286.3 250.3 340.8 319.0 80
2021004427 0.000 424.2 6.2 498.9 85.7 80
2021004427 0.000 12.6 94.7 489.8 271.8 0
2021004427 0.000 0.8 0.3 499.7 373.9 7
2021004427 0.000 8.1 89.0 229.6 370.1 14
2021004427 0.000 258.6 42.4 428.2 311.1 14
2021004427 0.000 101.1 50.5 245.1 317.1 14
2021004427 0.000 170.3 106.4 310.3 353.3 14
2021004427 0.000 274.3 86.1 490.6 373.1 14
2021004427 0.000 153.4 21.0 355.4 360.9 14
2021004427 0.000 213.1 6.1 497.0 372.7 14
