2021000000299887 0.749 208.3 108.7 422.7 481.8 14
2021000000299887 0.732 366.4 117.8 518.7 479.7 14
2021000000299887 0.678 10.8 132.5 377.7 480.9 80
2021000000299887 0.669 580.9 445.2 635.9 478.6 80
2021000000299887 0.650 36.3 184.9 117.0 217.8 80
2021000000299887 0.648 98.3 191.1 129.2 220.7 80
2021000000299887 0.641 36.2 256.0 432.1 478.7 80
2021000000299887 0.638 -5.3 129.6 534.5 486.2 80
2021000000299887 0.637 189.7 116.0 442.9 467.8 80
2021000000299887 0.636 5.5 153.2 432.8 472.5 80
2021000000299887 0.634 57.0 114.4 517.6 476.1 80
2021000000299887 0.616 -6.2 120.7 419.9 470.6 80
2021000000299887 0.613 3.8 191.9 529.4 479.8 80
2021000000299887 0.608 6.0 130.6 379.5 479.1 13
2021000000299887 0.580 16.2 186.3 46.0 210.2 80
2021000000299887 0.567 -7.2 114.7 358.8 470.3 80
2021000000299887 0.556 186.9 120.7 426.2 466.6 80
2021000000299887 0.539 1.8 184.6 46.6 218.2 80
2021000000299887 0.527 1.5 324.0 9.6 453.7 80
2021000000299887 0.501 352.2 130.5 512.9 458.1 80
2021000000299887 0.494 -0.1 443.4 59.0 479.7 80
2021000000299887 0.482 109.6 458.7 152.2 479.6 80
2021000000299887 0.481 14.1 135.8 317.4 463.4 80
2021000000299887 0.465 98.9 461.6 152.6 477.5 80
2021000000299887 0.452 636.9 198.2 640.0 295.9 80
2021000000299887 0.439 637.3 90.4 640.3 173.7 80
2021000000299887 0.421 637.6 279.6 640.1 393.2 80
2021000000299887 0.421 3.3 163.9 15.7 214.8 80
2021000000299887 0.412 195.5 316.1 473.7 480.6 80
2021000000299887 0.382 1.0 187.8 5.2 277.2 80
2021000000299887 0.376 290.3 105.4 511.1 458.2 80
2021000000299887 0.371 1.0 186.5 46.2 217.2 6
2021000000299887 0.315 1.9 183.1 426.4 457.0 80
2021000000299887 0.294 431.6 468.3 618.2 481.1 80
2021000000299887 0.274 -0.2 80.2 11.4 453.6 80
2021000000299887 0.267 1.0 186.5 46.2 217.2 80
2021000000299887 0.267 637.0 121.9 640.5 423.2 80
2021000000299887 0.254 4.7 117.2 96.9 479.2 80
2021000000299887 0.241 638.8 99.6 640.1 277.5 80
2021000000299887 0.231 85.5 223.6 123.8 260.5 80
2021000000299887 0.201 72.9 95.3 512.2 424.7 80
2021000000299887 0.192 226.1 165.0 403.1 424.7 80
2021000000299887 0.184 192.5 466.9 430.0 481.9 80
2021000000299887 0.180 6.0 130.6 379.5 479.1 80
2021000000299887 0.175 628.1 127.9 642.2 491.1 80
2021000000299887 0.172 51.5 138.5 422.0 430.4 80
2021000000299887 0.171 15.8 165.0 316.4 422.9 80
2021000000299887 0.165 141.8 439.1 451.8 486.3 80
2021000000299887 0.155 595.1 390.1 653.4 471.9 80
2021000000299887 0.154 561.9 142.3 646.2 452.1 80
2021000000299887 0.153 -8.9 224.7 61.9 500.8 80
2021000000299887 0.146 369.3 427.3 542.0 478.5 80
2021000000299887 0.146 499.0 453.3 639.6 479.4 80
2021000000299887 0.144 109.6 458.7 152.2 479.6 4
2021000000299887 0.142 6.8 288.3 371.8 480.9 80
2021000000299887 0.142 423.1 278.3 634.4 471.3 80
2021000000299887 0.139 -39.4 227.6 332.6 457.5 80
2021000000299887 0.139 1.8 184.6 46.6 218.2 6
2021000000299887 0.138 259.5 266.1 371.5 382.4 80
2021000000299887 0.138 180.4 224.7 471.3 441.9 80
2021000000299887 0.136 411.0 296.6 489.8 416.7 80
2021000000299887 0.136 126.8 454.2 295.2 484.5 80
2021000000299887 0.134 407.7 239.4 468.1 299.1 80
2021000000299887 0.133 321.0 455.6 475.5 481.9 80
2021000000299887 0.132 235.4 245.2 560.0 444.0 80
2021000000299887 0.131 323.5 220.1 578.0 430.9 80
2021000000299887 0.131 424.5 150.0 652.0 423.8 80
2021000000299887 0.129 359.4 172.9 589.1 415.6 80
2021000000299887 0.128 74.2 326.6 166.2 406.2 80
2021000000299887 0.127 247.5 238.3 317.9 301.5 80
2021000000299887 0.126 412.5 258.1 490.9 331.8 80
2021000000299887 0.126 536.0 291.0 597.1 389.0 80
2021000000299887 0.125 133.4 277.0 204.2 338.0 80
2021000000299887 0.124 209.5 273.5 282.0 340.5 80
2021000000299887 0.124 287.4 257.8 363.9 329.5 80
2021000000299887 0.123 287.2 230.9 361.8 295.3 80
2021000000299887 0.123 137.6 323.2 238.6 395.2 80
2021000000299887 0.120 -8.2 235.1 73.1 346.2 80
2021000000299887 0.119 264.2 259.7 385.3 372.2 80
2021000000299887 0.119 353.3 270.8 462.9 385.6 80
2021000000299887 0.117 342.1 222.5 447.1 301.6 80
2021000000299887 0.116 123.0 162.1 298.8 230.6 80
2021000000299887 0.116 388.3 240.0 489.2 343.0 80
2021000000299887 0.113 389.3 171.5 651.1 266.9 80
2021000000299887 0.112 8.5 83.9 324.7 159.7 80
2021000000299887 0.108 149.7 43.7 605.5 129.8 80
2021000000299887 0.108 71.9 13.7 580.7 83.7 80
2021000000299887 0.108 267.0 29.2 762.7 101.3 80
2021000000299887 0.106 448.1 96.1 738.5 196.9 80
2021000000299887 0.104 96.3 -0.8 730.8 45.7 80
2021000000299887 0.102 -58.4 0.4 580.5 40.4 80
2021000000299887 0.098 245.8 7.2 884.4 40.4 80
2021000000299887 0.095 293.0 9.3 930.2 42.2 80
2021000000299887 0.094 -84.8 -4.4 163.2 29.5 80
2021000000299887 0.094 -235.7 -1.0 402.8 29.5 80
2021000000299887 0.092 -178.2 -1.5 459.0 30.6 80
2021000000299887 0.092 157.6 -1.9 796.6 31.9 80
2021000000299887 0.092 -118.2 -0.7 520.5 31.4 80
2021000000299887 0.092 198.2 -0.4 836.9 32.6 80
2021000000299887 0.092 -50.1 -2.9 588.5 28.9 80
2021000000299887 0.749 208.3 108.7 422.7 481.8 14
2021000000299887 0.732 366.4 117.8 518.7 479.7 14
2021000000299887 0.678 10.8 132.5 377.7 480.9 80
2021000000299887 0.669 580.9 445.2 635.9 478.6 80
2021000000299887 0.650 36.3 184.9 117.0 217.8 80
2021000000299887 0.648 98.3 191.1 129.2 220.7 80
2021000000299887 0.641 36.2 256.0 432.1 478.7 80
2021000000299887 0.638 -5.3 129.6 534.5 486.2 80
2021000000299887 0.637 189.7 116.0 442.9 467.8 80
2021000000299887 0.636 5.5 153.2 432.8 472.5 80
2021000000299887 0.634 57.0 114.4 517.6 476.1 80
2021000000299887 0.616 -6.2 120.7 419.9 470.6 80
2021000000299887 0.613 3.8 191.9 529.4 479.8 80
2021000000299887 0.608 6.0 130.6 379.5 479.1 13
2021000000299887 0.580 16.2 186.3 46.0 210.2 80
2021000000299887 0.567 -7.2 114.7 358.8 470.3 80
2021000000299887 0.556 186.9 120.7 426.2 466.6 80
2021000000299887 0.539 1.8 184.6 46.6 218.2 80
2021000000299887 0.527 1.5 324.0 9.6 453.7 80
2021000000299887 0.501 352.2 130.5 512.9 458.1 80
2021000000299887 0.494 -0.1 443.4 59.0 479.7 80
2021000000299887 0.482 109.6 458.7 152.2 479.6 80
2021000000299887 0.481 14.1 135.8 317.4 463.4 80
2021000000299887 0.465 98.9 461.6 152.6 477.5 80
2021000000299887 0.452 636.9 198.2 640.0 295.9 80
2021000000299887 0.439 637.3 90.4 640.3 173.7 80
2021000000299887 0.421 637.6 279.6 640.1 393.2 80
2021000000299887 0.421 3.3 163.9 15.7 214.8 80
2021000000299887 0.412 195.5 316.1 473.7 480.6 80
2021000000299887 0.382 1.0 187.8 5.2 277.2 80
2021000000299887 0.376 290.3 105.4 511.1 458.2 80
2021000000299887 0.371 1.0 186.5 46.2 217.2 6
2021000000299887 0.315 1.9 183.1 426.4 457.0 80
2021000000299887 0.294 431.6 468.3 618.2 481.1 80
2021000000299887 0.274 -0.2 80.2 11.4 453.6 80
2021000000299887 0.267 1.0 186.5 46.2 217.2 80
2021000000299887 0.267 637.0 121.9 640.5 423.2 80
2021000000299887 0.254 4.7 117.2 96.9 479.2 80
2021000000299887 0.241 638.8 99.6 640.1 277.5 80
2021000000299887 0.231 85.5 223.6 123.8 260.5 80
2021000000299887 0.201 72.9 95.3 512.2 424.7 80
2021000000299887 0.192 226.1 165.0 403.1 424.7 80
2021000000299887 0.184 192.5 466.9 430.0 481.9 80
2021000000299887 0.180 6.0 130.6 379.5 479.1 80
2021000000299887 0.175 628.1 127.9 642.2 491.1 80
2021000000299887 0.172 51.5 138.5 422.0 430.4 80
2021000000299887 0.171 15.8 165.0 316.4 422.9 80
2021000000299887 0.165 141.8 439.1 451.8 486.3 80
2021000000299887 0.155 595.1 390.1 653.4 471.9 80
2021000000299887 0.154 561.9 142.3 646.2 452.1 80
2021000000299887 0.153 -8.9 224.7 61.9 500.8 80
2021000000299887 0.146 369.3 427.3 542.0 478.5 80
2021000000299887 0.146 499.0 453.3 639.6 479.4 80
2021000000299887 0.144 109.6 458.7 152.2 479.6 4
2021000000299887 0.142 6.8 288.3 371.8 480.9 80
2021000000299887 0.142 423.1 278.3 634.4 471.3 80
2021000000299887 0.139 -39.4 227.6 332.6 457.5 80
2021000000299887 0.139 1.8 184.6 46.6 218.2 6
2021000000299887 0.138 259.5 266.1 371.5 382.4 80
2021000000299887 0.138 180.4 224.7 471.3 441.9 80
2021000000299887 0.136 411.0 296.6 489.8 416.7 80
2021000000299887 0.136 126.8 454.2 295.2 484.5 80
2021000000299887 0.134 407.7 239.4 468.1 299.1 80
2021000000299887 0.133 321.0 455.6 475.5 481.9 80
2021000000299887 0.132 235.4 245.2 560.0 444.0 80
2021000000299887 0.131 323.5 220.1 578.0 430.9 80
2021000000299887 0.131 424.5 150.0 652.0 423.8 80
2021000000299887 0.129 359.4 172.9 589.1 415.6 80
2021000000299887 0.128 74.2 326.6 166.2 406.2 80
2021000000299887 0.127 247.5 238.3 317.9 301.5 80
2021000000299887 0.126 412.5 258.1 490.9 331.8 80
2021000000299887 0.126 536.0 291.0 597.1 389.0 80
2021000000299887 0.125 133.4 277.0 204.2 338.0 80
2021000000299887 0.124 209.5 273.5 282.0 340.5 80
2021000000299887 0.124 287.4 257.8 363.9 329.5 80
2021000000299887 0.123 287.2 230.9 361.8 295.3 80
2021000000299887 0.123 137.6 323.2 238.6 395.2 80
2021000000299887 0.120 -8.2 235.1 73.1 346.2 80
2021000000299887 0.119 264.2 259.7 385.3 372.2 80
2021000000299887 0.119 353.3 270.8 462.9 385.6 80
2021000000299887 0.117 342.1 222.5 447.1 301.6 80
2021000000299887 0.116 123.0 162.1 298.8 230.6 80
2021000000299887 0.116 388.3 240.0 489.2 343.0 80
2021000000299887 0.113 389.3 171.5 651.1 266.9 80
2021000000299887 0.112 8.5 83.9 324.7 159.7 80
2021000000299887 0.108 149.7 43.7 605.5 129.8 80
2021000000299887 0.108 71.9 13.7 580.7 83.7 80
2021000000299887 0.108 267.0 29.2 762.7 101.3 80
2021000000299887 0.106 448.1 96.1 738.5 196.9 80
2021000000299887 0.104 96.3 -0.8 730.8 45.7 80
2021000000299887 0.102 -58.4 0.4 580.5 40.4 80
2021000000299887 0.098 245.8 7.2 884.4 40.4 80
2021000000299887 0.095 293.0 9.3 930.2 42.2 80
2021000000299887 0.094 -84.8 -4.4 163.2 29.5 80
2021000000299887 0.094 -235.7 -1.0 402.8 29.5 80
2021000000299887 0.092 -178.2 -1.5 459.0 30.6 80
2021000000299887 0.092 157.6 -1.9 796.6 31.9 80
2021000000299887 0.092 -118.2 -0.7 520.5 31.4 80
2021000000299887 0.092 198.2 -0.4 836.9 32.6 80
2021000000299887 0.092 -50.1 -2.9 588.5 28.9 80
2021000000299887 0.000 309.5 93.5 477.1 291.4 80
2021000000299887 0.000 0.9 54.9 132.5 317.2 80
2021000000299887 0.000 183.6 173.7 269.1 259.1 80
2021000000299887 0.000 270.3 142.8 352.4 227.9 80
2021000000299887 0.000 474.6 139.5 622.4 344.0 80
2021000000299887 0.000 327.1 176.3 405.8 261.8 80
2021000000299887 0.000 200.2 40.0 389.1 270.9 80
2021000000299887 0.000 57.9 278.5 137.4 369.8 80
2021000000299887 0.000 174.2 105.0 265.7 193.9 80
2021000000299887 0.000 104.1 150.3 188.1 238.7 80
2021000000299887 0.000 253.0 66.1 348.6 153.4 80
2021000000299887 0.000 580.3 164.1 639.5 270.3 80
2021000000299887 0.000 496.1 124.2 591.0 210.2 80
2021000000299887 0.000 446.0 185.7 526.1 270.2 80
2021000000299887 0.000 174.9 279.1 258.3 374.7 80
2021000000299887 0.000 24.7 33.1 264.3 249.3 80
2021000000299887 0.000 1.6 257.4 61.5 364.8 80
2021000000299887 0.000 381.1 218.2 460.6 302.3 80
2021000000299887 0.000 580.1 246.6 639.5 352.7 80
2021000000299887 0.000 455.8 252.8 532.1 340.1 80
2021000000299887 0.000 401.0 128.9 481.6 214.7 80
2021000000299887 0.000 414.3 10.4 635.7 245.5 80
2021000000299887 0.000 367.7 169.8 621.8 329.9 80
2021000000299887 0.000 262.9 204.7 342.1 288.5 80
2021000000299887 0.000 0.8 160.8 130.7 458.1 80
2021000000299887 0.000 42.4 162.8 213.5 354.3 80
2021000000299887 0.000 1.0 193.6 60.2 300.2 80
2021000000299887 0.000 114.8 240.1 191.7 325.0 80
2021000000299887 0.000 574.5 68.9 639.7 196.4 80
2021000000299887 0.000 150.7 207.0 298.4 405.1 80
2021000000299887 0.000 278.8 322.1 366.9 424.9 80
2021000000299887 0.000 190.8 220.1 269.9 304.2 80
2021000000299887 0.000 524.6 225.8 607.8 310.2 80
2021000000299887 0.000 34.3 198.2 121.5 282.7 80
2021000000299887 0.000 414.3 279.0 491.7 377.7 80
2021000000299887 0.000 259.2 149.1 408.4 353.2 80
2021000000299887 0.000 227.0 72.1 603.2 342.2 80
2021000000299887 0.000 322.7 158.4 469.5 445.3 80
2021000000299887 0.000 0.3 115.4 65.7 222.4 80
2021000000299887 0.000 0.6 27.9 66.3 135.7 80
2021000000299887 0.000 59.2 138.1 364.3 331.4 80
2021000000299887 0.000 129.1 64.4 313.7 405.8 80
2021000000299887 0.000 326.8 4.4 421.7 93.9 80
2021000000299887 0.000 413.0 60.5 519.9 148.9 80
2021000000299887 0.000 55.1 27.1 491.3 330.7 80
2021000000299887 0.000 0.6 319.1 74.7 473.3 80
2021000000299887 0.000 228.3 281.8 304.6 384.6 80
2021000000299887 0.000 566.4 313.4 639.5 471.7 80
2021000000299887 0.000 510.0 145.0 639.5 455.1 80
2021000000299887 0.000 13.2 13.3 629.1 255.5 80
2021000000299887 0.000 330.7 54.0 548.1 398.2 80
2021000000299887 0.000 114.9 21.3 522.3 466.7 80
2021000000299887 0.000 327.6 216.2 468.0 386.5 80
2021000000299887 0.000 -3.3 6.7 366.2 475.7 80
2021000000299887 0.000 10.1 113.6 294.0 473.7 80
2021000000299887 0.000 0.6 29.0 187.7 465.4 80
2021000000299887 0.000 272.5 7.6 636.2 477.0 80
2021000000299887 0.000 167.6 100.1 471.2 467.9 80
2021000000299887 0.000 199.6 258.0 449.4 472.8 80
2021000000299887 0.000 217.7 135.9 397.2 452.2 80
2021000000299887 0.000 196.0 26.6 455.0 461.9 80
2021000000299887 0.000 457.4 22.9 641.1 462.3 80
2021000000299887 0.000 87.7 86.9 572.7 411.4 80
2021000000299887 0.000 226.3 10.3 534.9 162.7 80
2021000000299887 0.000 55.5 326.0 370.6 478.2 80
2021000000299887 0.000 2.7 87.3 468.6 472.6 80
2021000000299887 0.000 6.3 357.0 167.0 479.1 80
2021000000299887 0.000 15.1 234.0 237.0 468.2 80
2021000000299887 0.000 390.5 230.2 617.4 467.3 80
2021000000299887 0.000 281.3 254.4 356.3 338.8 80
2021000000299887 0.000 30.8 187.0 432.8 466.7 80
2021000000299887 0.000 2.9 1.4 528.4 477.4 80
2021000000299887 0.000 192.8 167.8 455.2 292.6 80
2021000000299887 0.000 350.8 109.9 628.0 477.5 80
2021000000299887 0.000 3.6 292.2 634.8 479.2 80
2021000000299887 0.000 282.2 329.1 607.6 478.1 80
2021000000299887 0.000 107.9 1.1 635.1 477.3 80
2021000000299887 0.000 202.7 86.5 633.6 475.1 80
2021000000299887 0.000 201.8 192.4 593.0 467.1 80
2021000000299887 0.000 463.8 313.5 632.7 472.2 80
2021000000299887 0.000 56.5 77.3 150.1 175.0 80
2021000000299887 0.000 166.0 130.1 468.3 376.3 80
2021000000299887 0.000 28.3 55.2 611.2 469.2 80
2021000000299887 0.000 76.8 181.9 524.2 348.1 80
2021000000299887 0.000 0.2 128.8 638.7 469.2 80
2021000000299887 0.000 312.1 258.2 382.3 350.5 80
2021000000299887 0.000 15.9 120.9 627.0 347.9 80
2021000000299887 0.000 0.8 0.1 639.6 478.6 80
2021000000299887 0.000 1.4 23.1 638.5 396.5 80
2021000000299887 0.000 366.2 320.1 436.2 408.4 80
2021000000299887 0.000 542.7 7.6 638.5 109.6 80
2021000000299887 0.000 15.9 120.9 627.0 347.9 0
2021000000299887 0.000 0.8 0.1 639.6 478.6 7
2021000000299887 0.000 10.1 113.6 294.0 473.7 14
2021000000299887 0.000 330.7 54.0 548.1 398.2 14
2021000000299887 0.000 129.1 64.4 313.7 405.8 14
2021000000299887 0.000 217.7 135.9 397.2 452.2 14
2021000000299887 0.000 350.8 109.9 628.0 477.5 14
2021000000299887 0.000 196.0 26.6 455.0 461.9 14
2021000000299887 0.000 272.5 7.6 636.2 477.0 14
