2021000000178618 0.757 16.6 266.2 406.1 387.9 80
2021000000178618 0.757 436.0 538.2 446.8 633.7 80
2021000000178618 0.754 324.9 329.9 385.6 401.5 80
2021000000178618 0.750 259.0 279.1 337.4 353.7 80
2021000000178618 0.750 36.2 271.5 411.7 378.6 80
2021000000178618 0.749 265.2 237.7 395.1 332.6 80
2021000000178618 0.745 336.6 270.8 380.0 352.1 80
2021000000178618 0.742 444.3 431.0 446.2 563.9 80
2021000000178618 0.741 13.5 260.7 352.6 376.6 80
2021000000178618 0.741 250.5 264.2 416.5 440.0 80
2021000000178618 0.738 250.2 313.5 325.0 370.4 80
2021000000178618 0.738 195.3 293.8 214.1 324.0 80
2021000000178618 0.737 0.3 256.5 443.9 367.0 80
2021000000178618 0.736 242.2 241.4 414.3 426.0 13
2021000000178618 0.735 350.3 320.4 417.6 373.5 80
2021000000178618 0.734 320.3 254.7 411.4 383.5 80
2021000000178618 0.731 18.9 275.2 149.7 359.0 80
2021000000178618 0.724 418.0 270.5 424.7 281.5 80
2021000000178618 0.722 216.3 283.9 239.9 320.0 80
2021000000178618 0.721 387.0 332.3 415.8 363.5 80
