2021006303 0.720 357.5 285.8 494.7 369.9 80
2021006303 0.709 65.6 122.9 112.3 272.5 14
2021006303 0.698 351.2 282.2 492.7 363.4 80
2021006303 0.663 468.5 337.1 498.6 369.1 80
2021006303 0.654 72.2 127.4 111.6 244.2 80
2021006303 0.651 114.9 141.9 299.5 359.7 80
2021006303 0.650 102.3 137.8 303.7 367.2 7
2021006303 0.647 67.8 123.9 101.1 189.3 80
2021006303 0.645 5.5 110.9 31.0 199.2 80
2021006303 0.644 335.5 6.2 501.8 341.1 80
2021006303 0.644 184.8 140.1 306.0 329.9 80
2021006303 0.640 493.0 260.3 499.9 324.5 80
2021006303 0.631 343.0 -1.7 505.4 366.7 80
2021006303 0.619 494.4 70.1 499.9 189.9 80
2021006303 0.618 192.9 154.5 283.4 227.4 80
2021006303 0.614 168.8 144.6 299.2 322.7 80
2021006303 0.605 484.0 269.4 500.3 361.4 80
2021006303 0.601 69.3 127.0 113.2 273.0 80
2021006303 0.568 105.6 141.9 289.7 354.0 80
2021006303 0.558 495.9 95.4 499.8 289.2 80
2021006303 0.553 341.0 -3.5 503.0 366.2 80
2021006303 0.548 75.2 132.1 404.3 363.0 80
2021006303 0.523 492.2 14.7 499.8 308.3 80
2021006303 0.507 63.8 120.0 113.4 274.2 80
2021006303 0.462 493.8 84.4 499.8 347.7 80
2021006303 0.440 484.0 -9.0 501.9 358.5 80
2021006303 0.390 111.9 100.0 328.7 348.4 80
2021006303 0.341 341.1 281.2 517.1 377.7 80
2021006303 0.332 245.9 181.4 282.6 222.3 80
2021006303 0.321 65.1 100.8 307.3 331.2 80
2021006303 0.313 69.9 330.8 461.1 375.4 80
2021006303 0.297 0.6 76.7 4.6 192.2 80
2021006303 0.292 82.3 350.7 444.0 373.9 80
2021006303 0.262 104.3 148.6 334.7 353.4 80
2021006303 0.232 0.6 96.3 3.2 250.9 80
2021006303 0.226 93.9 238.3 334.6 364.4 80
2021006303 0.220 358.2 16.0 511.6 379.8 80
2021006303 0.218 0.5 190.6 4.4 333.5 80
2021006303 0.216 408.3 64.5 508.5 377.8 80
2021006303 0.212 273.5 334.7 493.4 371.8 80
2021006303 0.209 0.5 46.8 9.4 339.2 80
2021006303 0.202 -0.4 7.6 5.7 78.8 80
2021006303 0.200 349.1 50.9 512.3 342.1 80
2021006303 0.196 207.6 201.2 238.9 235.6 80
2021006303 0.190 97.8 5.7 417.2 368.3 80
2021006303 0.177 -2.9 309.5 24.0 379.5 80
2021006303 0.169 -1.0 69.2 28.2 319.0 80
2021006303 0.163 -0.2 179.8 32.9 372.9 80
2021006303 0.161 60.2 232.1 94.5 278.3 80
2021006303 0.157 179.8 240.0 267.6 316.4 80
2021006303 0.156 269.7 210.5 306.0 249.5 80
2021006303 0.150 180.4 314.4 336.3 370.9 80
2021006303 0.149 50.9 306.7 239.1 372.7 80
2021006303 0.146 299.5 88.3 499.9 351.2 80
2021006303 0.146 178.5 241.2 220.6 280.8 80
2021006303 0.145 211.8 214.1 294.9 285.3 80
2021006303 0.144 42.7 69.6 183.0 312.1 80
2021006303 0.142 66.0 148.2 291.9 322.1 80
2021006303 0.141 124.8 220.8 379.4 351.1 80
2021006303 0.140 8.7 156.4 42.4 204.2 80
2021006303 0.137 52.8 196.3 312.9 344.0 80
2021006303 0.137 -0.5 193.0 206.2 358.0 80
2021006303 0.135 191.7 202.0 434.7 347.4 80
2021006303 0.134 257.8 351.5 389.7 371.6 80
2021006303 0.133 227.7 191.1 482.9 338.8 80
2021006303 0.133 5.1 111.0 121.0 347.2 80
2021006303 0.133 23.6 167.0 258.6 327.0 80
2021006303 0.132 39.9 354.6 164.2 373.4 80
2021006303 0.130 13.7 335.5 111.0 369.2 80
2021006303 0.129 218.1 76.2 458.1 302.2 80
2021006303 0.127 226.3 205.2 282.6 256.0 80
2021006303 0.127 89.7 192.9 146.1 255.1 80
2021006303 0.126 216.9 145.1 449.1 296.1 80
2021006303 0.126 150.7 264.3 205.9 314.5 80
2021006303 0.126 109.7 345.3 231.8 374.0 80
2021006303 0.122 295.9 213.2 350.2 262.8 80
2021006303 0.119 205.3 196.9 292.7 276.2 80
2021006303 0.119 252.5 102.2 469.5 283.2 80
2021006303 0.115 90.6 128.0 231.9 193.5 80
2021006303 0.115 48.0 104.1 190.6 169.1 80
2021006303 0.113 276.2 113.3 495.1 224.9 80
2021006303 0.107 151.8 22.1 568.9 82.9 80
2021006303 0.107 59.5 5.8 535.9 63.7 80
2021006303 0.105 2.2 0.4 497.2 39.3 80
2021006303 0.104 199.5 10.2 629.4 67.5 80
2021006303 0.104 221.0 7.4 663.7 67.5 80
2021006303 0.103 102.3 137.8 303.7 367.2 80
2021006303 0.102 251.6 -1.3 727.6 17.4 80
2021006303 0.100 -45.4 0.2 453.6 28.1 80
2021006303 0.099 291.0 4.0 681.6 50.0 80
2021006303 0.094 -183.4 -0.8 315.5 22.6 80
2021006303 0.094 -147.1 -3.3 210.1 22.7 80
2021006303 0.094 73.8 -0.0 572.8 26.2 80
2021006303 0.093 65.6 122.9 112.3 272.5 80
2021006303 0.093 168.8 144.6 299.2 322.7 7
2021006303 0.093 -138.8 -1.1 359.8 23.2 80
2021006303 0.092 -38.4 -2.0 460.5 21.9 80
2021006303 0.092 -92.2 -0.0 406.7 24.3 80
2021006303 0.091 20.7 -2.2 519.7 22.8 80
2021006303 0.091 81.7 -2.3 580.6 21.8 80
2021006303 0.720 357.5 285.8 494.7 369.9 80
2021006303 0.709 65.6 122.9 112.3 272.5 14
2021006303 0.698 351.2 282.2 492.7 363.4 80
2021006303 0.663 468.5 337.1 498.6 369.1 80
2021006303 0.654 72.2 127.4 111.6 244.2 80
2021006303 0.651 114.9 141.9 299.5 359.7 80
2021006303 0.650 102.3 137.8 303.7 367.2 7
2021006303 0.647 67.8 123.9 101.1 189.3 80
2021006303 0.645 5.5 110.9 31.0 199.2 80
2021006303 0.644 335.5 6.2 501.8 341.1 80
2021006303 0.644 184.8 140.1 306.0 329.9 80
2021006303 0.640 493.0 260.3 499.9 324.5 80
2021006303 0.631 343.0 -1.7 505.4 366.7 80
2021006303 0.619 494.4 70.1 499.9 189.9 80
2021006303 0.618 192.9 154.5 283.4 227.4 80
2021006303 0.614 168.8 144.6 299.2 322.7 80
2021006303 0.605 484.0 269.4 500.3 361.4 80
2021006303 0.601 69.3 127.0 113.2 273.0 80
2021006303 0.568 105.6 141.9 289.7 354.0 80
2021006303 0.558 495.9 95.4 499.8 289.2 80
2021006303 0.553 341.0 -3.5 503.0 366.2 80
2021006303 0.548 75.2 132.1 404.3 363.0 80
2021006303 0.523 492.2 14.7 499.8 308.3 80
2021006303 0.507 63.8 120.0 113.4 274.2 80
2021006303 0.462 493.8 84.4 499.8 347.7 80
2021006303 0.440 484.0 -9.0 501.9 358.5 80
2021006303 0.390 111.9 100.0 328.7 348.4 80
2021006303 0.341 341.1 281.2 517.1 377.7 80
2021006303 0.332 245.9 181.4 282.6 222.3 80
2021006303 0.321 65.1 100.8 307.3 331.2 80
2021006303 0.313 69.9 330.8 461.1 375.4 80
2021006303 0.297 0.6 76.7 4.6 192.2 80
2021006303 0.292 82.3 350.7 444.0 373.9 80
2021006303 0.262 104.3 148.6 334.7 353.4 80
2021006303 0.232 0.6 96.3 3.2 250.9 80
2021006303 0.226 93.9 238.3 334.6 364.4 80
2021006303 0.220 358.2 16.0 511.6 379.8 80
2021006303 0.218 0.5 190.6 4.4 333.5 80
2021006303 0.216 408.3 64.5 508.5 377.8 80
2021006303 0.212 273.5 334.7 493.4 371.8 80
2021006303 0.209 0.5 46.8 9.4 339.2 80
2021006303 0.202 -0.4 7.6 5.7 78.8 80
2021006303 0.200 349.1 50.9 512.3 342.1 80
2021006303 0.196 207.6 201.2 238.9 235.6 80
2021006303 0.190 97.8 5.7 417.2 368.3 80
2021006303 0.177 -2.9 309.5 24.0 379.5 80
2021006303 0.169 -1.0 69.2 28.2 319.0 80
2021006303 0.163 -0.2 179.8 32.9 372.9 80
2021006303 0.161 60.2 232.1 94.5 278.3 80
2021006303 0.157 179.8 240.0 267.6 316.4 80
2021006303 0.156 269.7 210.5 306.0 249.5 80
2021006303 0.150 180.4 314.4 336.3 370.9 80
2021006303 0.149 50.9 306.7 239.1 372.7 80
2021006303 0.146 299.5 88.3 499.9 351.2 80
2021006303 0.146 178.5 241.2 220.6 280.8 80
2021006303 0.145 211.8 214.1 294.9 285.3 80
2021006303 0.144 42.7 69.6 183.0 312.1 80
2021006303 0.142 66.0 148.2 291.9 322.1 80
2021006303 0.141 124.8 220.8 379.4 351.1 80
2021006303 0.140 8.7 156.4 42.4 204.2 80
2021006303 0.137 52.8 196.3 312.9 344.0 80
2021006303 0.137 -0.5 193.0 206.2 358.0 80
2021006303 0.135 191.7 202.0 434.7 347.4 80
2021006303 0.134 257.8 351.5 389.7 371.6 80
2021006303 0.133 227.7 191.1 482.9 338.8 80
2021006303 0.133 5.1 111.0 121.0 347.2 80
2021006303 0.133 23.6 167.0 258.6 327.0 80
2021006303 0.132 39.9 354.6 164.2 373.4 80
2021006303 0.130 13.7 335.5 111.0 369.2 80
2021006303 0.129 218.1 76.2 458.1 302.2 80
2021006303 0.127 226.3 205.2 282.6 256.0 80
2021006303 0.127 89.7 192.9 146.1 255.1 80
2021006303 0.126 216.9 145.1 449.1 296.1 80
2021006303 0.126 150.7 264.3 205.9 314.5 80
2021006303 0.126 109.7 345.3 231.8 374.0 80
2021006303 0.122 295.9 213.2 350.2 262.8 80
2021006303 0.119 205.3 196.9 292.7 276.2 80
2021006303 0.119 252.5 102.2 469.5 283.2 80
2021006303 0.115 90.6 128.0 231.9 193.5 80
2021006303 0.115 48.0 104.1 190.6 169.1 80
2021006303 0.113 276.2 113.3 495.1 224.9 80
2021006303 0.107 151.8 22.1 568.9 82.9 80
2021006303 0.107 59.5 5.8 535.9 63.7 80
2021006303 0.105 2.2 0.4 497.2 39.3 80
2021006303 0.104 199.5 10.2 629.4 67.5 80
2021006303 0.104 221.0 7.4 663.7 67.5 80
2021006303 0.103 102.3 137.8 303.7 367.2 80
2021006303 0.102 251.6 -1.3 727.6 17.4 80
2021006303 0.100 -45.4 0.2 453.6 28.1 80
2021006303 0.099 291.0 4.0 681.6 50.0 80
2021006303 0.094 -183.4 -0.8 315.5 22.6 80
2021006303 0.094 -147.1 -3.3 210.1 22.7 80
2021006303 0.094 73.8 -0.0 572.8 26.2 80
2021006303 0.093 65.6 122.9 112.3 272.5 80
2021006303 0.093 168.8 144.6 299.2 322.7 7
2021006303 0.093 -138.8 -1.1 359.8 23.2 80
2021006303 0.092 -38.4 -2.0 460.5 21.9 80
2021006303 0.092 -92.2 -0.0 406.7 24.3 80
2021006303 0.091 20.7 -2.2 519.7 22.8 80
2021006303 0.091 81.7 -2.3 580.6 21.8 80
2021006303 0.000 242.0 72.5 372.7 225.2 80
2021006303 0.000 0.9 42.6 103.5 245.1 80
2021006303 0.000 143.7 134.5 210.2 200.2 80
2021006303 0.000 211.4 110.6 275.3 176.1 80
2021006303 0.000 371.0 108.0 486.3 265.9 80
2021006303 0.000 255.8 136.5 317.1 202.3 80
2021006303 0.000 156.5 31.1 304.0 209.4 80
2021006303 0.000 45.5 215.5 107.4 285.8 80
2021006303 0.000 136.3 81.4 207.6 149.9 80
2021006303 0.000 81.5 116.4 146.9 184.5 80
2021006303 0.000 197.9 51.3 272.3 118.5 80
2021006303 0.000 453.6 127.1 499.6 208.9 80
2021006303 0.000 387.8 96.2 461.7 162.4 80
2021006303 0.000 348.6 143.7 411.1 208.8 80
2021006303 0.000 136.9 216.0 201.8 289.6 80
2021006303 0.000 19.5 25.8 206.5 192.7 80
2021006303 0.000 1.5 199.2 48.0 282.0 80
2021006303 0.000 297.9 168.9 359.9 233.6 80
2021006303 0.000 453.4 190.8 499.6 272.6 80
2021006303 0.000 356.3 195.6 415.7 262.9 80
2021006303 0.000 313.6 99.9 376.2 166.0 80
2021006303 0.000 323.9 8.3 496.6 189.7 80
2021006303 0.000 287.5 131.4 485.8 255.0 80
2021006303 0.000 205.6 158.4 267.3 223.0 80
2021006303 0.000 0.9 124.5 102.1 354.1 80
2021006303 0.000 33.3 126.1 166.8 273.8 80
2021006303 0.000 1.0 149.8 47.1 232.1 80
2021006303 0.000 89.9 185.8 149.8 251.2 80
2021006303 0.000 449.0 53.5 499.7 151.8 80
2021006303 0.000 117.9 160.2 233.2 313.1 80
2021006303 0.000 218.0 249.2 286.7 328.4 80
2021006303 0.000 149.3 170.4 210.8 235.1 80
2021006303 0.000 410.1 174.8 474.8 239.8 80
2021006303 0.000 27.0 153.4 94.9 218.5 80
2021006303 0.000 323.9 215.9 384.1 291.9 80
2021006303 0.000 202.7 115.5 319.1 273.0 80
2021006303 0.000 177.6 56.0 471.2 264.5 80
2021006303 0.000 252.3 122.7 366.7 344.2 80
2021006303 0.000 0.5 89.4 51.3 171.9 80
2021006303 0.000 0.7 21.8 51.8 104.9 80
2021006303 0.000 46.4 106.9 284.6 256.1 80
2021006303 0.000 101.1 50.0 245.1 313.7 80
2021006303 0.000 255.5 3.6 329.5 72.5 80
2021006303 0.000 323.0 47.0 406.0 115.1 80
2021006303 0.000 43.3 21.2 383.8 255.6 80
2021006303 0.000 0.6 246.9 58.3 365.9 80
2021006303 0.000 178.6 218.0 238.0 297.3 80
2021006303 0.000 442.7 242.5 499.6 364.6 80
2021006303 0.000 398.6 112.3 499.7 351.7 80
2021006303 0.000 10.5 10.5 491.5 197.5 80
2021006303 0.000 258.6 42.0 428.2 307.8 80
2021006303 0.000 90.0 16.7 408.1 360.7 80
2021006303 0.000 256.1 167.4 365.6 298.7 80
2021006303 0.000 -2.4 5.4 286.1 367.6 80
2021006303 0.000 8.1 88.0 229.7 366.1 80
2021006303 0.000 0.7 22.6 146.6 359.7 80
2021006303 0.000 213.1 6.1 497.0 368.7 80
2021006303 0.000 131.2 77.6 368.1 361.6 80
2021006303 0.000 156.2 199.6 351.1 365.4 80
2021006303 0.000 170.3 105.2 310.3 349.5 80
2021006303 0.000 153.4 20.8 355.4 357.0 80
2021006303 0.000 357.6 18.0 500.9 357.3 80
2021006303 0.000 68.7 67.3 447.4 318.0 80
2021006303 0.000 177.0 8.1 417.9 125.7 80
2021006303 0.000 43.6 252.2 289.5 369.6 80
2021006303 0.000 2.3 67.7 366.1 365.3 80
2021006303 0.000 5.1 276.1 130.5 370.3 80
2021006303 0.000 12.0 181.1 185.2 361.9 80
2021006303 0.000 305.3 178.2 482.3 361.1 80
2021006303 0.000 220.0 196.9 278.3 261.8 80
2021006303 0.000 24.3 144.8 338.1 360.7 80
2021006303 0.000 2.5 1.3 412.8 369.0 80
2021006303 0.000 150.8 130.0 355.6 226.2 80
2021006303 0.000 274.3 85.2 490.6 369.1 80
2021006303 0.000 3.0 226.0 496.0 370.4 80
2021006303 0.000 220.7 254.6 474.7 369.5 80
2021006303 0.000 84.5 1.1 496.2 368.9 80
2021006303 0.000 158.6 67.1 495.0 367.2 80
2021006303 0.000 157.9 148.9 463.3 361.0 80
2021006303 0.000 362.6 242.5 494.3 364.9 80
2021006303 0.000 44.4 60.0 117.3 135.3 80
2021006303 0.000 129.9 100.8 365.9 290.9 80
2021006303 0.000 22.4 42.9 477.5 362.6 80
2021006303 0.000 60.2 140.9 409.5 269.1 80
2021006303 0.000 0.4 99.8 499.0 362.6 80
2021006303 0.000 244.0 199.8 298.7 270.9 80
2021006303 0.000 12.6 93.7 489.8 268.9 80
2021006303 0.000 0.8 0.3 499.7 370.0 80
2021006303 0.000 1.3 18.1 498.9 306.4 80
2021006303 0.000 286.3 247.7 340.8 315.6 80
2021006303 0.000 424.2 6.1 498.9 84.8 80
2021006303 0.000 12.6 93.7 489.8 268.9 0
2021006303 0.000 0.8 0.3 499.7 370.0 7
2021006303 0.000 8.1 88.0 229.7 366.1 14
2021006303 0.000 258.6 42.0 428.2 307.8 14
2021006303 0.000 101.1 50.0 245.1 313.7 14
2021006303 0.000 170.3 105.2 310.3 349.5 14
2021006303 0.000 274.3 85.2 490.6 369.1 14
2021006303 0.000 153.4 20.8 355.4 357.0 14
2021006303 0.000 213.1 6.1 497.0 368.7 14
