2021000000109055 0.793 593.8 418.6 642.0 477.7 80
2021000000109055 0.759 255.6 103.0 453.3 319.7 80
2021000000109055 0.753 174.1 42.1 555.9 219.0 80
2021000000109055 0.751 627.8 167.8 640.2 271.2 80
2021000000109055 0.749 285.2 16.2 645.0 310.8 80
2021000000109055 0.749 121.4 74.6 498.0 435.9 80
2021000000109055 0.737 355.7 23.5 477.8 134.6 80
2021000000109055 0.736 5.7 4.1 81.9 246.6 80
2021000000109055 0.735 131.0 2.8 621.7 367.4 80
2021000000109055 0.734 172.4 6.6 490.7 245.3 80
2021000000109055 0.734 5.0 6.9 451.7 287.5 80
2021000000109055 0.733 534.7 24.7 586.3 60.7 80
2021000000109055 0.732 7.2 3.4 179.9 253.1 80
2021000000109055 0.731 133.6 79.5 530.2 453.8 80
2021000000109055 0.729 130.1 111.9 496.7 452.8 80
2021000000109055 0.728 23.0 10.7 314.1 268.6 80
2021000000109055 0.727 56.4 3.4 258.7 203.8 80
2021000000109055 0.727 153.0 0.7 195.2 16.7 80
2021000000109055 0.726 242.8 8.9 627.3 335.4 80
2021000000109055 0.725 125.2 385.7 376.5 445.0 80
