2021000000130465 0.787 591.6 410.6 638.9 427.0 80
2021000000130465 0.771 245.3 288.8 623.4 425.8 80
2021000000130465 0.771 311.8 348.0 480.6 424.5 80
2021000000130465 0.765 519.6 73.3 538.0 84.6 80
2021000000130465 0.761 13.5 105.7 629.9 401.2 80
2021000000130465 0.758 168.1 177.1 191.3 197.4 80
2021000000130465 0.757 226.4 138.5 396.2 252.4 80
2021000000130465 0.757 341.7 142.5 391.7 231.0 80
2021000000130465 0.754 240.9 397.5 464.2 427.5 80
2021000000130465 0.753 368.6 413.5 441.5 428.0 80
2021000000130465 0.752 520.9 234.3 573.3 327.0 80
2021000000130465 0.751 302.2 414.0 631.1 428.0 80
2021000000130465 0.746 204.3 194.4 224.1 222.8 80
2021000000130465 0.745 9.8 419.9 31.6 428.6 80
2021000000130465 0.739 638.6 289.1 640.1 402.7 80
2021000000130465 0.732 635.9 166.0 640.2 201.7 80
2021000000130465 0.730 553.7 91.6 572.2 122.2 80
2021000000130465 0.728 343.2 134.4 368.3 157.4 80
2021000000130465 0.728 637.0 136.0 640.2 199.4 80
2021000000130465 0.726 343.5 134.9 380.0 175.2 80
