2021000000434247 0.781 599.2 430.5 638.8 475.7 80
2021000000434247 0.709 184.5 281.8 196.8 293.6 80
2021000000434247 0.703 36.5 282.9 49.3 312.7 18
2021000000434247 0.702 18.8 296.2 63.2 324.3 9
2021000000434247 0.701 138.3 278.8 150.6 307.0 18
2021000000434247 0.686 123.0 292.0 163.3 318.8 9
2021000000434247 0.678 37.6 283.7 47.8 306.5 80
2021000000434247 0.677 19.5 298.1 44.0 318.0 80
2021000000434247 0.667 23.2 291.3 62.5 315.0 80
2021000000434247 0.660 36.8 287.6 46.0 308.4 80
2021000000434247 0.658 623.8 256.7 637.4 263.4 80
2021000000434247 0.656 603.0 265.8 609.1 269.6 80
2021000000434247 0.653 96.3 278.6 307.4 315.4 80
2021000000434247 0.645 140.2 284.0 149.1 301.7 80
2021000000434247 0.645 41.6 284.9 53.7 309.3 80
2021000000434247 0.644 138.6 279.9 147.1 296.3 80
2021000000434247 0.639 132.8 287.3 151.6 304.1 80
2021000000434247 0.632 224.4 279.2 235.2 292.4 80
2021000000434247 0.631 619.4 267.1 624.7 270.9 80
2021000000434247 0.631 143.0 280.3 155.9 304.4 80
