2021000000115870 0.792 605.6 375.2 640.4 424.2 80
2021000000115870 0.776 234.7 243.3 596.1 420.5 80
2021000000115870 0.771 146.9 234.3 613.3 423.3 80
2021000000115870 0.769 447.5 238.3 572.5 392.2 80
2021000000115870 0.769 125.0 178.6 583.0 423.4 80
2021000000115870 0.768 310.7 246.2 610.9 418.8 80
2021000000115870 0.765 154.7 104.7 614.5 429.0 80
2021000000115870 0.765 205.3 92.4 245.4 195.1 80
2021000000115870 0.764 422.6 168.9 437.0 188.6 80
2021000000115870 0.764 396.3 241.5 609.8 420.6 80
2021000000115870 0.762 420.2 176.2 434.5 187.7 80
2021000000115870 0.761 370.4 247.8 586.3 422.1 80
2021000000115870 0.760 273.1 122.0 312.5 181.9 80
2021000000115870 0.759 207.7 159.0 269.2 347.2 80
2021000000115870 0.758 159.5 246.7 619.6 419.0 80
2021000000115870 0.757 170.5 128.2 614.6 427.3 80
2021000000115870 0.757 28.1 212.9 614.0 431.2 80
2021000000115870 0.757 272.2 130.9 282.9 150.8 80
2021000000115870 0.756 24.1 82.7 365.3 321.9 80
2021000000115870 0.755 21.5 97.2 386.9 344.9 80
