2021005684 0.721 160.5 289.7 289.6 380.8 80
2021005684 0.715 145.5 176.5 185.8 205.2 80
2021005684 0.702 24.4 304.6 171.1 397.9 80
2021005684 0.697 161.8 172.9 191.0 205.9 80
2021005684 0.695 1.8 283.2 50.7 395.1 80
2021005684 0.694 166.5 282.7 281.8 362.7 80
2021005684 0.687 74.3 299.2 160.9 343.7 80
2021005684 0.686 -2.3 140.0 76.9 404.4 80
2021005684 0.677 173.0 173.1 196.1 206.5 80
2021005684 0.674 1.5 263.4 12.4 392.2 80
2021005684 0.665 170.4 287.7 280.5 350.1 80
2021005684 0.659 1.4 283.0 110.9 401.4 80
2021005684 0.658 282.1 314.1 301.8 396.4 80
2021005684 0.656 3.4 311.4 104.6 397.4 80
2021005684 0.654 161.0 177.6 191.7 205.4 80
2021005684 0.647 294.2 122.5 300.0 166.9 80
2021005684 0.646 4.5 298.0 137.8 397.3 80
2021005684 0.644 0.5 274.0 299.3 392.3 80
2021005684 0.640 56.6 246.6 178.3 290.8 80
2021005684 0.634 144.0 250.6 180.4 273.7 80
2021005684 0.633 1.7 314.3 300.6 402.1 80
2021005684 0.621 73.4 292.1 254.9 343.7 80
2021005684 0.618 145.3 254.5 175.1 275.5 80
2021005684 0.614 291.8 111.0 299.8 197.7 80
2021005684 0.613 95.4 295.8 205.8 338.2 80
2021005684 0.608 47.5 246.3 167.9 296.0 80
2021005684 0.597 0.6 329.5 71.2 398.0 80
2021005684 0.595 88.0 295.5 215.6 348.8 80
2021005684 0.595 61.1 249.3 167.9 291.6 80
2021005684 0.579 99.4 354.6 309.6 396.0 80
2021005684 0.566 245.2 354.9 305.1 397.7 80
2021005684 0.562 38.2 247.4 178.6 303.7 80
2021005684 0.551 3.0 298.4 100.3 401.1 80
2021005684 0.549 210.6 356.2 304.3 400.2 80
2021005684 0.546 273.9 123.9 300.0 425.6 80
2021005684 0.541 298.0 192.8 300.2 236.6 80
2021005684 0.533 92.4 301.3 164.9 355.4 80
2021005684 0.523 -9.3 -0.8 107.1 398.1 80
2021005684 0.515 298.5 268.7 300.3 321.9 80
2021005684 0.511 -1.0 52.2 15.7 415.1 80
2021005684 0.505 28.4 365.9 295.3 400.0 80
2021005684 0.496 2.8 228.5 285.8 339.8 80
2021005684 0.457 0.4 120.3 4.0 354.8 80
2021005684 0.449 1.1 55.2 3.8 106.1 80
2021005684 0.446 297.7 173.8 299.8 332.5 80
2021005684 0.434 296.9 78.1 299.9 168.1 80
2021005684 0.425 0.9 94.6 3.1 176.4 80
2021005684 0.420 218.5 346.8 300.1 398.0 80
2021005684 0.403 -1.7 11.4 22.4 409.5 80
2021005684 0.400 296.9 83.4 299.8 317.3 80
2021005684 0.352 299.4 53.5 300.1 104.0 80
2021005684 0.351 -2.7 7.0 42.6 402.3 80
2021005684 0.297 0.3 9.7 5.0 331.0 80
2021005684 0.282 227.9 60.9 302.3 424.9 80
2021005684 0.279 218.5 346.8 300.1 398.0 1
2021005684 0.278 140.2 205.3 168.9 229.2 80
2021005684 0.265 43.2 248.2 184.1 304.8 80
2021005684 0.238 0.7 64.9 97.5 411.1 80
2021005684 0.237 296.1 43.4 300.8 212.6 80
2021005684 0.224 153.3 215.3 176.1 242.1 80
2021005684 0.224 165.5 280.5 297.0 363.7 80
2021005684 0.222 292.8 41.6 300.3 397.4 80
2021005684 0.153 3.0 298.4 100.3 401.1 8
2021005684 0.139 -0.3 56.2 14.6 120.3 80
2021005684 0.135 40.3 99.5 255.9 290.1 80
2021005684 0.133 103.2 257.8 132.3 294.9 80
2021005684 0.133 28.6 128.9 188.3 279.3 80
2021005684 0.126 9.7 109.5 142.5 308.5 80
2021005684 0.126 25.7 158.0 176.1 272.1 80
2021005684 0.125 65.8 144.3 229.5 257.4 80
2021005684 0.123 123.8 192.9 274.1 302.6 80
2021005684 0.122 64.2 227.0 99.6 274.8 80
2021005684 0.122 210.6 356.2 304.3 400.2 1
2021005684 0.121 138.2 148.4 269.6 258.7 80
2021005684 0.120 199.6 149.0 289.0 288.5 80
2021005684 0.118 184.3 171.8 260.2 226.8 80
2021005684 0.118 92.4 301.3 164.9 355.4 14
2021005684 0.116 70.4 174.5 187.0 257.7 80
2021005684 0.115 6.0 134.0 42.2 214.6 80
2021005684 0.113 129.3 80.5 291.1 148.1 80
2021005684 0.113 50.6 107.7 214.0 179.6 80
2021005684 0.113 13.8 156.4 96.3 230.3 80
2021005684 0.111 7.4 71.5 202.9 143.9 80
2021005684 0.110 196.8 96.7 324.2 174.1 80
2021005684 0.110 182.4 226.4 252.0 286.7 80
2021005684 0.110 27.4 79.3 284.1 164.6 80
2021005684 0.107 33.9 8.7 320.7 68.9 80
2021005684 0.107 -43.8 19.2 209.2 78.3 80
2021005684 0.106 132.8 22.8 359.6 81.1 80
2021005684 0.106 -69.6 16.9 178.7 70.3 80
2021005684 0.105 43.2 248.2 184.1 304.8 8
2021005684 0.105 -0.1 -4.0 23.8 27.4 80
2021005684 0.105 0.7 1.7 298.1 38.7 80
2021005684 0.104 195.6 16.2 355.3 69.8 80
2021005684 0.103 245.2 354.9 305.1 397.7 1
2021005684 0.103 -27.4 0.3 271.5 33.7 80
2021005684 0.101 45.0 -1.4 344.0 30.1 80
2021005684 0.097 -109.6 -1.4 189.2 22.3 80
2021005684 0.093 -22.0 -2.4 277.0 21.2 80
2021005684 0.092 -83.1 -0.8 215.7 24.2 80
2021005684 0.721 160.5 289.7 289.6 380.8 80
2021005684 0.715 145.5 176.5 185.8 205.2 80
2021005684 0.702 24.4 304.6 171.1 397.9 80
2021005684 0.697 161.8 172.9 191.0 205.9 80
2021005684 0.695 1.8 283.2 50.7 395.1 80
2021005684 0.694 166.5 282.7 281.8 362.7 80
2021005684 0.687 74.3 299.2 160.9 343.7 80
2021005684 0.686 -2.3 140.0 76.9 404.4 80
2021005684 0.677 173.0 173.1 196.1 206.5 80
2021005684 0.674 1.5 263.4 12.4 392.2 80
2021005684 0.665 170.4 287.7 280.5 350.1 80
2021005684 0.659 1.4 283.0 110.9 401.4 80
2021005684 0.658 282.1 314.1 301.8 396.4 80
2021005684 0.656 3.4 311.4 104.6 397.4 80
2021005684 0.654 161.0 177.6 191.7 205.4 80
2021005684 0.647 294.2 122.5 300.0 166.9 80
2021005684 0.646 4.5 298.0 137.8 397.3 80
2021005684 0.644 0.5 274.0 299.3 392.3 80
2021005684 0.640 56.6 246.6 178.3 290.8 80
2021005684 0.634 144.0 250.6 180.4 273.7 80
2021005684 0.633 1.7 314.3 300.6 402.1 80
2021005684 0.621 73.4 292.1 254.9 343.7 80
2021005684 0.618 145.3 254.5 175.1 275.5 80
2021005684 0.614 291.8 111.0 299.8 197.7 80
2021005684 0.613 95.4 295.8 205.8 338.2 80
2021005684 0.608 47.5 246.3 167.9 296.0 80
2021005684 0.597 0.6 329.5 71.2 398.0 80
2021005684 0.595 88.0 295.5 215.6 348.8 80
2021005684 0.595 61.1 249.3 167.9 291.6 80
2021005684 0.579 99.4 354.6 309.6 396.0 80
2021005684 0.566 245.2 354.9 305.1 397.7 80
2021005684 0.562 38.2 247.4 178.6 303.7 80
2021005684 0.551 3.0 298.4 100.3 401.1 80
2021005684 0.549 210.6 356.2 304.3 400.2 80
2021005684 0.546 273.9 123.9 300.0 425.6 80
2021005684 0.541 298.0 192.8 300.2 236.6 80
2021005684 0.533 92.4 301.3 164.9 355.4 80
2021005684 0.523 -9.3 -0.8 107.1 398.1 80
2021005684 0.515 298.5 268.7 300.3 321.9 80
2021005684 0.511 -1.0 52.2 15.7 415.1 80
2021005684 0.505 28.4 365.9 295.3 400.0 80
2021005684 0.496 2.8 228.5 285.8 339.8 80
2021005684 0.457 0.4 120.3 4.0 354.8 80
2021005684 0.449 1.1 55.2 3.8 106.1 80
2021005684 0.446 297.7 173.8 299.8 332.5 80
2021005684 0.434 296.9 78.1 299.9 168.1 80
2021005684 0.425 0.9 94.6 3.1 176.4 80
2021005684 0.420 218.5 346.8 300.1 398.0 80
2021005684 0.403 -1.7 11.4 22.4 409.5 80
2021005684 0.400 296.9 83.4 299.8 317.3 80
2021005684 0.352 299.4 53.5 300.1 104.0 80
2021005684 0.351 -2.7 7.0 42.6 402.3 80
2021005684 0.297 0.3 9.7 5.0 331.0 80
2021005684 0.282 227.9 60.9 302.3 424.9 80
2021005684 0.279 218.5 346.8 300.1 398.0 1
2021005684 0.278 140.2 205.3 168.9 229.2 80
2021005684 0.265 43.2 248.2 184.1 304.8 80
2021005684 0.238 0.7 64.9 97.5 411.1 80
2021005684 0.237 296.1 43.4 300.8 212.6 80
2021005684 0.224 153.3 215.3 176.1 242.1 80
2021005684 0.224 165.5 280.5 297.0 363.7 80
2021005684 0.222 292.8 41.6 300.3 397.4 80
2021005684 0.153 3.0 298.4 100.3 401.1 8
2021005684 0.139 -0.3 56.2 14.6 120.3 80
2021005684 0.135 40.3 99.5 255.9 290.1 80
2021005684 0.133 103.2 257.8 132.3 294.9 80
2021005684 0.133 28.6 128.9 188.3 279.3 80
2021005684 0.126 9.7 109.5 142.5 308.5 80
2021005684 0.126 25.7 158.0 176.1 272.1 80
2021005684 0.125 65.8 144.3 229.5 257.4 80
2021005684 0.123 123.8 192.9 274.1 302.6 80
2021005684 0.122 64.2 227.0 99.6 274.8 80
2021005684 0.122 210.6 356.2 304.3 400.2 1
2021005684 0.121 138.2 148.4 269.6 258.7 80
2021005684 0.120 199.6 149.0 289.0 288.5 80
2021005684 0.118 184.3 171.8 260.2 226.8 80
2021005684 0.118 92.4 301.3 164.9 355.4 14
2021005684 0.116 70.4 174.5 187.0 257.7 80
2021005684 0.115 6.0 134.0 42.2 214.6 80
2021005684 0.113 129.3 80.5 291.1 148.1 80
2021005684 0.113 50.6 107.7 214.0 179.6 80
2021005684 0.113 13.8 156.4 96.3 230.3 80
2021005684 0.111 7.4 71.5 202.9 143.9 80
2021005684 0.110 196.8 96.7 324.2 174.1 80
2021005684 0.110 182.4 226.4 252.0 286.7 80
2021005684 0.110 27.4 79.3 284.1 164.6 80
2021005684 0.107 33.9 8.7 320.7 68.9 80
2021005684 0.107 -43.8 19.2 209.2 78.3 80
2021005684 0.106 132.8 22.8 359.6 81.1 80
2021005684 0.106 -69.6 16.9 178.7 70.3 80
2021005684 0.105 43.2 248.2 184.1 304.8 8
2021005684 0.105 -0.1 -4.0 23.8 27.4 80
2021005684 0.105 0.7 1.7 298.1 38.7 80
2021005684 0.104 195.6 16.2 355.3 69.8 80
2021005684 0.103 245.2 354.9 305.1 397.7 1
2021005684 0.103 -27.4 0.3 271.5 33.7 80
2021005684 0.101 45.0 -1.4 344.0 30.1 80
2021005684 0.097 -109.6 -1.4 189.2 22.3 80
2021005684 0.093 -22.0 -2.4 277.0 21.2 80
2021005684 0.092 -83.1 -0.8 215.7 24.2 80
2021005684 0.000 219.6 110.6 295.8 278.3 80
2021005684 0.000 3.1 136.3 117.9 284.3 80
2021005684 0.000 127.8 82.5 248.8 204.9 80
2021005684 0.000 83.1 38.0 199.0 200.7 80
2021005684 0.000 164.6 150.7 300.2 270.7 80
2021005684 0.000 0.7 32.0 61.8 265.5 80
2021005684 0.000 270.5 68.2 299.9 156.1 80
2021005684 0.000 118.6 172.9 166.5 241.6 80
2021005684 0.000 0.7 138.2 61.7 380.2 80
2021005684 0.000 0.6 160.2 28.6 249.4 80
2021005684 0.000 50.1 201.7 94.5 271.7 80
2021005684 0.000 272.2 204.1 299.9 295.8 80
2021005684 0.000 272.5 136.6 299.8 225.8 80
2021005684 0.000 95.6 57.1 294.9 295.2 80
2021005684 0.000 80.3 146.3 133.1 215.2 80
2021005684 0.000 241.7 189.3 289.7 258.8 80
2021005684 0.000 1.3 214.9 28.8 304.1 80
2021005684 0.000 10.9 165.9 62.9 235.1 80
2021005684 0.000 83.0 184.3 133.9 252.9 80
2021005684 0.000 266.5 266.9 299.4 388.6 80
2021005684 0.000 16.1 114.5 182.9 280.6 80
2021005684 0.000 146.0 149.1 199.1 217.1 80
2021005684 0.000 172.1 184.7 223.9 252.6 80
2021005684 0.000 119.9 120.0 173.1 188.7 80
2021005684 0.000 192.0 3.3 303.2 198.9 80
2021005684 0.000 201.6 157.7 255.4 225.5 80
2021005684 0.000 239.1 125.5 300.2 377.9 80
2021005684 0.000 42.0 128.7 96.4 196.9 80
2021005684 0.000 208.6 217.4 256.8 286.0 80
2021005684 0.000 0.6 22.7 31.3 112.7 80
2021005684 0.000 145.4 50.9 269.6 328.9 80
2021005684 0.000 6.8 18.5 134.7 196.6 80
2021005684 0.000 80.2 150.0 223.7 253.3 80
2021005684 0.000 115.5 128.6 202.1 284.2 80
2021005684 0.000 166.7 108.7 294.9 392.8 80
2021005684 0.000 0.6 95.2 30.8 185.3 80
2021005684 0.000 142.3 161.0 237.3 360.8 80
2021005684 0.000 63.4 154.7 152.1 330.0 80
2021005684 0.000 1.3 2.3 299.6 221.0 80
2021005684 0.000 22.1 236.8 70.9 308.3 80
2021005684 0.000 179.8 111.4 235.6 179.0 80
2021005684 0.000 0.7 269.0 34.7 394.0 80
2021005684 0.000 18.0 27.0 239.1 275.9 80
2021005684 0.000 114.0 57.4 169.3 125.8 80
2021005684 0.000 95.3 134.0 199.1 369.9 80
2021005684 0.000 73.5 90.5 228.4 388.4 80
2021005684 0.000 -2.0 98.6 146.3 395.7 80
2021005684 0.000 227.5 108.2 283.3 176.5 80
2021005684 0.000 66.8 106.6 232.6 315.6 80
2021005684 0.000 90.8 84.0 304.4 398.7 80
2021005684 0.000 47.3 25.1 254.7 382.6 80
2021005684 0.000 5.2 155.2 213.9 392.8 80
2021005684 0.000 87.5 226.1 214.3 395.2 80
2021005684 0.000 44.5 52.4 165.5 326.7 80
2021005684 0.000 215.4 21.1 300.3 383.9 80
2021005684 0.000 76.2 91.5 131.7 159.5 80
2021005684 0.000 87.9 173.1 286.7 393.4 80
2021005684 0.000 -0.8 205.9 116.7 394.7 80
2021005684 0.000 5.1 263.9 197.1 397.7 80
2021005684 0.000 126.1 7.5 301.2 396.8 80
2021005684 0.000 177.3 206.2 293.0 392.8 80
2021005684 0.000 -1.3 78.5 223.3 396.2 80
2021005684 0.000 2.5 300.3 79.8 399.2 80
2021005684 0.000 -1.3 8.4 176.7 395.5 80
2021005684 0.000 33.9 85.1 275.7 347.1 80
2021005684 0.000 80.1 243.4 127.9 310.1 80
2021005684 0.000 120.4 280.3 298.5 399.9 80
2021005684 0.000 24.8 159.7 259.3 300.2 80
2021005684 0.000 216.5 268.6 296.7 395.5 80
2021005684 0.000 1.1 242.9 299.3 400.7 80
2021005684 0.000 1.0 1.9 250.3 397.7 80
2021005684 0.000 -0.8 17.8 88.6 389.2 80
2021005684 0.000 78.1 10.9 227.0 390.5 80
2021005684 0.000 48.3 2.1 298.8 396.4 80
2021005684 0.000 81.0 -1.6 278.9 127.3 80
2021005684 0.000 0.5 119.1 299.5 396.5 80
2021005684 0.000 10.3 47.7 286.5 401.3 80
2021005684 0.000 1.0 24.4 299.7 355.7 80
2021005684 0.000 1.8 97.4 299.7 300.5 80
2021005684 0.000 133.6 214.6 248.0 312.1 80
2021005684 0.000 0.9 0.5 299.9 399.2 80
2021005684 0.000 148.8 5.4 203.3 77.6 80
2021005684 0.000 125.1 268.3 188.3 341.2 80
2021005684 0.000 109.0 246.2 155.2 311.2 80
2021005684 0.000 190.6 56.0 248.2 124.6 80
2021005684 0.000 255.6 6.0 298.6 91.5 80
2021005684 0.000 194.9 241.7 244.4 305.1 80
2021005684 0.000 19.5 72.1 78.4 143.6 80
2021005684 0.000 0.9 0.5 299.9 399.2 14
2021005684 0.000 92.0 317.1 141.0 387.8 80
2021005684 0.000 0.9 0.5 299.9 399.2 7
2021005684 0.000 0.9 0.5 299.9 399.2 11
2021005684 0.000 48.3 2.1 298.8 396.4 14
2021005684 0.000 47.3 25.1 254.7 382.6 14
2021005684 0.000 126.1 7.5 301.2 396.8 14
2021005684 0.000 -2.0 98.6 146.3 395.7 14
2021005684 0.000 10.3 47.7 286.5 401.3 14
2021005684 0.000 1.0 1.9 250.3 397.7 14
2021005684 0.000 -1.3 8.4 176.7 395.5 14
2021005684 0.000 73.5 90.5 228.4 388.4 14
