2021000000193245 0.753 29.1 187.8 188.3 238.0 80
2021000000193245 0.748 20.6 213.1 26.8 218.5 80
2021000000193245 0.738 156.0 199.6 177.6 233.7 80
2021000000193245 0.737 26.8 212.8 34.1 218.6 80
2021000000193245 0.734 268.9 0.9 313.9 11.5 80
2021000000193245 0.733 154.3 202.3 177.8 270.2 80
2021000000193245 0.731 60.7 211.9 63.7 216.7 80
2021000000193245 0.729 36.7 212.6 41.3 219.5 80
2021000000193245 0.728 61.0 211.0 64.0 215.5 80
2021000000193245 0.727 73.8 212.6 81.7 220.0 80
2021000000193245 0.726 256.4 182.9 296.2 285.7 80
2021000000193245 0.724 296.4 203.2 307.4 230.3 80
2021000000193245 0.716 83.9 193.3 96.4 226.7 80
2021000000193245 0.713 79.8 175.3 148.5 372.2 18
2021000000193245 0.712 82.7 194.5 260.9 285.7 80
2021000000193245 0.712 179.2 200.3 184.5 206.7 80
2021000000193245 0.712 293.0 205.0 304.0 226.3 80
2021000000193245 0.704 170.7 199.4 182.3 210.8 80
2021000000193245 0.703 83.8 189.9 96.5 227.3 80
2021000000193245 0.697 27.2 202.7 346.8 249.6 80
2021000000193245 0.753 29.1 187.8 188.3 238.0 80
2021000000193245 0.748 20.6 213.1 26.8 218.5 80
2021000000193245 0.738 156.0 199.6 177.6 233.7 80
2021000000193245 0.737 26.8 212.8 34.1 218.6 80
2021000000193245 0.734 268.9 0.9 313.9 11.5 80
2021000000193245 0.733 154.3 202.3 177.8 270.2 80
2021000000193245 0.731 60.7 211.9 63.7 216.7 80
2021000000193245 0.729 36.7 212.6 41.3 219.5 80
2021000000193245 0.728 61.0 211.0 64.0 215.5 80
2021000000193245 0.727 73.8 212.6 81.7 220.0 80
2021000000193245 0.726 256.4 182.9 296.2 285.7 80
2021000000193245 0.724 296.4 203.2 307.4 230.3 80
2021000000193245 0.716 83.9 193.3 96.4 226.7 80
2021000000193245 0.713 79.8 175.3 148.5 372.2 18
2021000000193245 0.712 82.7 194.5 260.9 285.7 80
2021000000193245 0.712 179.2 200.3 184.5 206.7 80
2021000000193245 0.712 293.0 205.0 304.0 226.3 80
2021000000193245 0.704 170.7 199.4 182.3 210.8 80
2021000000193245 0.703 83.8 189.9 96.5 227.3 80
2021000000193245 0.697 27.2 202.7 346.8 249.6 80
2021000000193245 0.693 279.3 193.3 286.8 207.1 80
2021000000193245 0.693 295.8 204.2 308.2 233.7 80
2021000000193245 0.690 1.0 201.2 1.6 216.2 80
2021000000193245 0.690 472.0 161.7 486.1 177.1 80
2021000000193245 0.686 212.3 205.1 219.4 212.3 80
2021000000193245 0.685 216.2 205.7 222.5 213.6 80
2021000000193245 0.680 254.4 178.6 296.2 289.0 18
2021000000193245 0.674 5.1 195.6 330.8 248.3 80
2021000000193245 0.673 332.6 202.9 341.2 229.4 80
2021000000193245 0.673 410.7 189.4 423.4 231.5 80
2021000000193245 0.671 233.0 202.6 239.9 221.4 80
2021000000193245 0.669 1.1 209.0 2.0 217.8 80
2021000000193245 0.664 74.9 193.1 380.3 274.9 80
2021000000193245 0.656 241.7 196.7 263.1 276.5 80
2021000000193245 0.652 154.1 201.3 181.9 270.1 18
2021000000193245 0.638 419.1 181.1 442.5 251.2 18
2021000000193245 0.635 201.8 198.9 205.6 207.1 80
2021000000193245 0.634 467.3 185.6 481.0 197.7 80
2021000000193245 0.633 342.1 191.7 348.3 204.7 80
2021000000193245 0.629 486.2 163.2 500.4 200.8 80
2021000000193245 0.620 395.2 194.0 401.0 206.7 80
2021000000193245 0.620 73.4 182.2 426.4 261.7 80
2021000000193245 0.619 197.5 198.3 202.0 208.1 80
2021000000193245 0.618 241.1 195.0 264.6 277.8 18
2021000000193245 0.615 457.7 190.6 467.1 211.9 80
2021000000193245 0.612 90.0 188.4 463.4 246.7 80
2021000000193245 0.609 464.0 161.9 499.5 290.6 18
2021000000193245 0.607 436.4 183.5 448.1 205.3 80
2021000000193245 0.605 479.0 211.6 499.4 374.0 80
2021000000193245 0.603 234.1 204.0 241.0 220.6 80
2021000000193245 0.601 293.5 202.8 307.0 234.1 18
2021000000193245 0.596 386.0 188.5 394.6 206.1 80
2021000000193245 0.594 356.7 189.3 363.5 200.3 80
2021000000193245 0.585 334.4 199.7 343.7 227.2 18
2021000000193245 0.585 359.3 182.0 502.7 250.6 80
2021000000193245 0.584 257.1 193.4 265.9 210.6 80
2021000000193245 0.580 256.6 194.2 265.8 216.8 80
2021000000193245 0.578 35.7 167.5 502.4 341.6 80
2021000000193245 0.577 458.6 196.3 469.1 212.8 80
2021000000193245 0.577 324.0 192.9 328.8 207.9 80
2021000000193245 0.575 373.5 191.8 379.0 205.9 80
2021000000193245 0.572 159.3 176.6 486.2 247.9 80
2021000000193245 0.567 414.5 177.9 425.2 201.5 80
2021000000193245 0.567 489.3 170.8 500.3 312.8 80
2021000000193245 0.548 383.9 190.0 389.0 204.8 80
2021000000193245 0.546 329.3 194.2 335.7 208.1 80
2021000000193245 0.537 198.2 198.0 202.3 207.4 80
2021000000193245 0.535 400.7 190.8 418.3 231.7 18
2021000000193245 0.533 281.5 184.1 481.7 245.2 80
2021000000193245 0.530 324.0 194.6 329.6 211.2 80
2021000000193245 0.526 219.6 181.4 490.8 247.8 80
2021000000193245 0.515 396.5 191.2 402.2 203.1 80
2021000000193245 0.494 471.7 160.0 500.4 376.4 80
2021000000193245 0.485 362.3 193.6 367.5 205.5 80
2021000000193245 0.482 434.0 189.9 446.5 236.6 80
2021000000193245 0.476 362.5 194.4 368.1 207.4 80
2021000000193245 0.471 329.8 195.7 335.7 209.7 80
2021000000193245 0.457 27.1 182.4 481.0 246.4 80
2021000000193245 0.454 434.9 187.4 446.3 232.9 80
2021000000193245 0.446 415.5 182.5 425.6 226.0 80
2021000000193245 0.417 213.2 205.5 220.3 212.6 80
2021000000193245 0.348 479.2 159.0 500.3 375.0 18
2021000000193245 0.344 385.4 188.1 390.5 204.1 18
2021000000193245 0.342 374.1 193.3 378.9 205.9 18
2021000000193245 0.322 374.1 193.3 378.9 205.9 80
2021000000193245 0.314 385.4 188.1 390.5 204.1 80
2021000000193245 0.311 479.2 159.0 500.3 375.0 80
2021000000193245 0.250 27.1 182.4 481.0 246.4 18
2021000000193245 0.248 213.2 205.5 220.3 212.6 18
2021000000193245 0.235 415.5 182.5 425.6 226.0 18
2021000000193245 0.232 434.9 187.4 446.3 232.9 18
2021000000193245 0.214 329.8 195.7 335.7 209.7 18
2021000000193245 0.210 362.5 194.4 368.1 207.4 18
2021000000193245 0.204 362.3 193.6 367.5 205.5 18
2021000000193245 0.203 434.0 189.9 446.5 236.6 18
2021000000193245 0.192 471.7 160.0 500.4 376.4 18
2021000000193245 0.187 396.5 191.2 402.2 203.1 18
2021000000193245 0.181 219.6 181.4 490.8 247.8 18
2021000000193245 0.176 400.7 190.8 418.3 231.7 80
2021000000193245 0.171 281.5 184.1 481.7 245.2 18
2021000000193245 0.753 29.1 187.8 188.3 238.0 80
2021000000193245 0.748 20.6 213.1 26.8 218.5 80
2021000000193245 0.738 156.0 199.6 177.6 233.7 80
2021000000193245 0.737 26.8 212.8 34.1 218.6 80
2021000000193245 0.734 268.9 0.9 313.9 11.5 80
2021000000193245 0.733 154.3 202.3 177.8 270.2 80
2021000000193245 0.731 60.7 211.9 63.7 216.7 80
2021000000193245 0.729 36.7 212.6 41.3 219.5 80
2021000000193245 0.728 61.0 211.0 64.0 215.5 80
2021000000193245 0.727 73.8 212.6 81.7 220.0 80
2021000000193245 0.726 256.4 182.9 296.2 285.7 80
2021000000193245 0.724 296.4 203.2 307.4 230.3 80
2021000000193245 0.716 83.9 193.3 96.4 226.7 80
2021000000193245 0.713 79.8 175.3 148.5 372.2 18
2021000000193245 0.712 82.7 194.5 260.9 285.7 80
2021000000193245 0.712 179.2 200.3 184.5 206.7 80
2021000000193245 0.712 293.0 205.0 304.0 226.3 80
2021000000193245 0.704 170.7 199.4 182.3 210.8 80
2021000000193245 0.703 83.8 189.9 96.5 227.3 80
2021000000193245 0.697 27.2 202.7 346.8 249.6 80
2021000000193245 0.693 279.3 193.3 286.8 207.1 80
2021000000193245 0.693 295.8 204.2 308.2 233.7 80
2021000000193245 0.690 1.0 201.2 1.6 216.2 80
2021000000193245 0.690 472.0 161.7 486.1 177.1 80
2021000000193245 0.686 212.3 205.1 219.4 212.3 80
2021000000193245 0.685 216.2 205.7 222.5 213.6 80
2021000000193245 0.680 254.4 178.6 296.2 289.0 18
2021000000193245 0.674 5.1 195.6 330.8 248.3 80
2021000000193245 0.673 332.6 202.9 341.2 229.4 80
2021000000193245 0.673 410.7 189.4 423.4 231.5 80
2021000000193245 0.671 233.0 202.6 239.9 221.4 80
2021000000193245 0.669 1.1 209.0 2.0 217.8 80
2021000000193245 0.664 74.9 193.1 380.3 274.9 80
2021000000193245 0.656 241.7 196.7 263.1 276.5 80
2021000000193245 0.652 154.1 201.3 181.9 270.1 18
2021000000193245 0.638 419.1 181.1 442.5 251.2 18
2021000000193245 0.635 201.8 198.9 205.6 207.1 80
2021000000193245 0.634 467.3 185.6 481.0 197.7 80
2021000000193245 0.633 342.1 191.7 348.3 204.7 80
2021000000193245 0.629 486.2 163.2 500.4 200.8 80
2021000000193245 0.620 395.2 194.0 401.0 206.7 80
2021000000193245 0.620 73.4 182.2 426.4 261.7 80
2021000000193245 0.619 197.5 198.3 202.0 208.1 80
2021000000193245 0.618 241.1 195.0 264.6 277.8 18
2021000000193245 0.615 457.7 190.6 467.1 211.9 80
2021000000193245 0.612 90.0 188.4 463.4 246.7 80
2021000000193245 0.609 464.0 161.9 499.5 290.6 18
2021000000193245 0.607 436.4 183.5 448.1 205.3 80
2021000000193245 0.605 479.0 211.6 499.4 374.0 80
2021000000193245 0.603 234.1 204.0 241.0 220.6 80
2021000000193245 0.601 293.5 202.8 307.0 234.1 18
2021000000193245 0.596 386.0 188.5 394.6 206.1 80
2021000000193245 0.594 356.7 189.3 363.5 200.3 80
2021000000193245 0.585 334.4 199.7 343.7 227.2 18
2021000000193245 0.585 359.3 182.0 502.7 250.6 80
2021000000193245 0.584 257.1 193.4 265.9 210.6 80
2021000000193245 0.580 256.6 194.2 265.8 216.8 80
2021000000193245 0.578 35.7 167.5 502.4 341.6 80
2021000000193245 0.577 458.6 196.3 469.1 212.8 80
2021000000193245 0.577 324.0 192.9 328.8 207.9 80
2021000000193245 0.575 373.5 191.8 379.0 205.9 80
2021000000193245 0.572 159.3 176.6 486.2 247.9 80
2021000000193245 0.567 414.5 177.9 425.2 201.5 80
2021000000193245 0.567 489.3 170.8 500.3 312.8 80
2021000000193245 0.548 383.9 190.0 389.0 204.8 80
2021000000193245 0.546 329.3 194.2 335.7 208.1 80
2021000000193245 0.537 198.2 198.0 202.3 207.4 80
2021000000193245 0.535 400.7 190.8 418.3 231.7 18
2021000000193245 0.533 281.5 184.1 481.7 245.2 80
2021000000193245 0.530 324.0 194.6 329.6 211.2 80
2021000000193245 0.526 219.6 181.4 490.8 247.8 80
2021000000193245 0.515 396.5 191.2 402.2 203.1 80
2021000000193245 0.494 471.7 160.0 500.4 376.4 80
2021000000193245 0.485 362.3 193.6 367.5 205.5 80
2021000000193245 0.482 434.0 189.9 446.5 236.6 80
2021000000193245 0.476 362.5 194.4 368.1 207.4 80
2021000000193245 0.471 329.8 195.7 335.7 209.7 80
2021000000193245 0.457 27.1 182.4 481.0 246.4 80
2021000000193245 0.454 434.9 187.4 446.3 232.9 80
2021000000193245 0.446 415.5 182.5 425.6 226.0 80
2021000000193245 0.417 213.2 205.5 220.3 212.6 80
2021000000193245 0.348 479.2 159.0 500.3 375.0 18
2021000000193245 0.344 385.4 188.1 390.5 204.1 18
2021000000193245 0.342 374.1 193.3 378.9 205.9 18
2021000000193245 0.322 374.1 193.3 378.9 205.9 80
2021000000193245 0.314 385.4 188.1 390.5 204.1 80
2021000000193245 0.311 479.2 159.0 500.3 375.0 80
2021000000193245 0.250 27.1 182.4 481.0 246.4 18
2021000000193245 0.248 213.2 205.5 220.3 212.6 18
2021000000193245 0.235 415.5 182.5 425.6 226.0 18
2021000000193245 0.232 434.9 187.4 446.3 232.9 18
2021000000193245 0.214 329.8 195.7 335.7 209.7 18
2021000000193245 0.210 362.5 194.4 368.1 207.4 18
2021000000193245 0.204 362.3 193.6 367.5 205.5 18
2021000000193245 0.203 434.0 189.9 446.5 236.6 18
2021000000193245 0.192 471.7 160.0 500.4 376.4 18
2021000000193245 0.187 396.5 191.2 402.2 203.1 18
2021000000193245 0.181 219.6 181.4 490.8 247.8 18
2021000000193245 0.176 400.7 190.8 418.3 231.7 80
2021000000193245 0.171 281.5 184.1 481.7 245.2 18
2021000000193245 0.753 29.1 187.8 188.3 238.0 80
2021000000193245 0.748 20.6 213.1 26.8 218.5 80
2021000000193245 0.738 156.0 199.6 177.6 233.7 80
2021000000193245 0.737 26.8 212.8 34.1 218.6 80
2021000000193245 0.734 268.9 0.9 313.9 11.5 80
2021000000193245 0.733 154.3 202.3 177.8 270.2 80
2021000000193245 0.731 60.7 211.9 63.7 216.7 80
2021000000193245 0.729 36.7 212.6 41.3 219.5 80
2021000000193245 0.728 61.0 211.0 64.0 215.5 80
2021000000193245 0.727 73.8 212.6 81.7 220.0 80
2021000000193245 0.726 256.4 182.9 296.2 285.7 80
2021000000193245 0.724 296.4 203.2 307.4 230.3 80
2021000000193245 0.716 83.9 193.3 96.4 226.7 80
2021000000193245 0.713 79.8 175.3 148.5 372.2 18
2021000000193245 0.712 82.7 194.5 260.9 285.7 80
2021000000193245 0.712 179.2 200.3 184.5 206.7 80
2021000000193245 0.712 293.0 205.0 304.0 226.3 80
2021000000193245 0.704 170.7 199.4 182.3 210.8 80
2021000000193245 0.703 83.8 189.9 96.5 227.3 80
2021000000193245 0.697 27.2 202.7 346.8 249.6 80
2021000000193245 0.693 279.3 193.3 286.8 207.1 80
2021000000193245 0.693 295.8 204.2 308.2 233.7 80
2021000000193245 0.690 1.0 201.2 1.6 216.2 80
2021000000193245 0.690 472.0 161.7 486.1 177.1 80
2021000000193245 0.686 212.3 205.1 219.4 212.3 80
2021000000193245 0.685 216.2 205.7 222.5 213.6 80
2021000000193245 0.680 254.4 178.6 296.2 289.0 18
2021000000193245 0.674 5.1 195.6 330.8 248.3 80
2021000000193245 0.673 332.6 202.9 341.2 229.4 80
2021000000193245 0.673 410.7 189.4 423.4 231.5 80
2021000000193245 0.671 233.0 202.6 239.9 221.4 80
2021000000193245 0.669 1.1 209.0 2.0 217.8 80
2021000000193245 0.664 74.9 193.1 380.3 274.9 80
2021000000193245 0.656 241.7 196.7 263.1 276.5 80
2021000000193245 0.652 154.1 201.3 181.9 270.1 18
2021000000193245 0.638 419.1 181.1 442.5 251.2 18
2021000000193245 0.635 201.8 198.9 205.6 207.1 80
2021000000193245 0.634 467.3 185.6 481.0 197.7 80
2021000000193245 0.633 342.1 191.7 348.3 204.7 80
2021000000193245 0.629 486.2 163.2 500.4 200.8 80
2021000000193245 0.620 395.2 194.0 401.0 206.7 80
2021000000193245 0.620 73.4 182.2 426.4 261.7 80
2021000000193245 0.619 197.5 198.3 202.0 208.1 80
2021000000193245 0.618 241.1 195.0 264.6 277.8 18
2021000000193245 0.615 457.7 190.6 467.1 211.9 80
2021000000193245 0.612 90.0 188.4 463.4 246.7 80
2021000000193245 0.609 464.0 161.9 499.5 290.6 18
2021000000193245 0.607 436.4 183.5 448.1 205.3 80
2021000000193245 0.605 479.0 211.6 499.4 374.0 80
2021000000193245 0.603 234.1 204.0 241.0 220.6 80
2021000000193245 0.601 293.5 202.8 307.0 234.1 18
2021000000193245 0.596 386.0 188.5 394.6 206.1 80
2021000000193245 0.594 356.7 189.3 363.5 200.3 80
2021000000193245 0.585 334.4 199.7 343.7 227.2 18
2021000000193245 0.585 359.3 182.0 502.7 250.6 80
2021000000193245 0.584 257.1 193.4 265.9 210.6 80
2021000000193245 0.580 256.6 194.2 265.8 216.8 80
2021000000193245 0.578 35.7 167.5 502.4 341.6 80
2021000000193245 0.577 458.6 196.3 469.1 212.8 80
2021000000193245 0.577 324.0 192.9 328.8 207.9 80
2021000000193245 0.575 373.5 191.8 379.0 205.9 80
2021000000193245 0.572 159.3 176.6 486.2 247.9 80
2021000000193245 0.567 414.5 177.9 425.2 201.5 80
2021000000193245 0.567 489.3 170.8 500.3 312.8 80
2021000000193245 0.548 383.9 190.0 389.0 204.8 80
2021000000193245 0.546 329.3 194.2 335.7 208.1 80
2021000000193245 0.537 198.2 198.0 202.3 207.4 80
2021000000193245 0.535 400.7 190.8 418.3 231.7 18
2021000000193245 0.533 281.5 184.1 481.7 245.2 80
2021000000193245 0.530 324.0 194.6 329.6 211.2 80
2021000000193245 0.526 219.6 181.4 490.8 247.8 80
2021000000193245 0.515 396.5 191.2 402.2 203.1 80
2021000000193245 0.494 471.7 160.0 500.4 376.4 80
2021000000193245 0.485 362.3 193.6 367.5 205.5 80
2021000000193245 0.482 434.0 189.9 446.5 236.6 80
2021000000193245 0.476 362.5 194.4 368.1 207.4 80
2021000000193245 0.471 329.8 195.7 335.7 209.7 80
2021000000193245 0.457 27.1 182.4 481.0 246.4 80
2021000000193245 0.454 434.9 187.4 446.3 232.9 80
2021000000193245 0.446 415.5 182.5 425.6 226.0 80
2021000000193245 0.417 213.2 205.5 220.3 212.6 80
2021000000193245 0.348 479.2 159.0 500.3 375.0 18
2021000000193245 0.344 385.4 188.1 390.5 204.1 18
2021000000193245 0.342 374.1 193.3 378.9 205.9 18
2021000000193245 0.322 374.1 193.3 378.9 205.9 80
2021000000193245 0.314 385.4 188.1 390.5 204.1 80
2021000000193245 0.311 479.2 159.0 500.3 375.0 80
2021000000193245 0.250 27.1 182.4 481.0 246.4 18
2021000000193245 0.248 213.2 205.5 220.3 212.6 18
2021000000193245 0.235 415.5 182.5 425.6 226.0 18
2021000000193245 0.232 434.9 187.4 446.3 232.9 18
2021000000193245 0.214 329.8 195.7 335.7 209.7 18
2021000000193245 0.210 362.5 194.4 368.1 207.4 18
2021000000193245 0.204 362.3 193.6 367.5 205.5 18
2021000000193245 0.203 434.0 189.9 446.5 236.6 18
2021000000193245 0.192 471.7 160.0 500.4 376.4 18
2021000000193245 0.187 396.5 191.2 402.2 203.1 18
2021000000193245 0.181 219.6 181.4 490.8 247.8 18
2021000000193245 0.176 400.7 190.8 418.3 231.7 80
2021000000193245 0.171 281.5 184.1 481.7 245.2 18
2021000000193245 0.753 29.1 187.8 188.3 238.0 80
2021000000193245 0.748 20.6 213.1 26.8 218.5 80
2021000000193245 0.738 156.0 199.6 177.6 233.7 80
2021000000193245 0.737 26.8 212.8 34.1 218.6 80
2021000000193245 0.734 268.9 0.9 313.9 11.5 80
2021000000193245 0.733 154.3 202.3 177.8 270.2 80
2021000000193245 0.731 60.7 211.9 63.7 216.7 80
2021000000193245 0.729 36.7 212.6 41.3 219.5 80
2021000000193245 0.728 61.0 211.0 64.0 215.5 80
2021000000193245 0.727 73.8 212.6 81.7 220.0 80
2021000000193245 0.726 256.4 182.9 296.2 285.7 80
2021000000193245 0.724 296.4 203.2 307.4 230.3 80
2021000000193245 0.716 83.9 193.3 96.4 226.7 80
2021000000193245 0.713 79.8 175.3 148.5 372.2 18
2021000000193245 0.712 82.7 194.5 260.9 285.7 80
2021000000193245 0.712 179.2 200.3 184.5 206.7 80
2021000000193245 0.712 293.0 205.0 304.0 226.3 80
2021000000193245 0.704 170.7 199.4 182.3 210.8 80
2021000000193245 0.703 83.8 189.9 96.5 227.3 80
2021000000193245 0.697 27.2 202.7 346.8 249.6 80
2021000000193245 0.693 279.3 193.3 286.8 207.1 80
2021000000193245 0.693 295.8 204.2 308.2 233.7 80
2021000000193245 0.690 1.0 201.2 1.6 216.2 80
2021000000193245 0.690 472.0 161.7 486.1 177.1 80
2021000000193245 0.686 212.3 205.1 219.4 212.3 80
2021000000193245 0.685 216.2 205.7 222.5 213.6 80
2021000000193245 0.680 254.4 178.6 296.2 289.0 18
2021000000193245 0.674 5.1 195.6 330.8 248.3 80
2021000000193245 0.673 332.6 202.9 341.2 229.4 80
2021000000193245 0.673 410.7 189.4 423.4 231.5 80
2021000000193245 0.671 233.0 202.6 239.9 221.4 80
2021000000193245 0.669 1.1 209.0 2.0 217.8 80
2021000000193245 0.664 74.9 193.1 380.3 274.9 80
2021000000193245 0.656 241.7 196.7 263.1 276.5 80
2021000000193245 0.652 154.1 201.3 181.9 270.1 18
2021000000193245 0.638 419.1 181.1 442.5 251.2 18
2021000000193245 0.635 201.8 198.9 205.6 207.1 80
2021000000193245 0.634 467.3 185.6 481.0 197.7 80
2021000000193245 0.633 342.1 191.7 348.3 204.7 80
2021000000193245 0.629 486.2 163.2 500.4 200.8 80
2021000000193245 0.620 395.2 194.0 401.0 206.7 80
2021000000193245 0.620 73.4 182.2 426.4 261.7 80
2021000000193245 0.619 197.5 198.3 202.0 208.1 80
2021000000193245 0.618 241.1 195.0 264.6 277.8 18
2021000000193245 0.615 457.7 190.6 467.1 211.9 80
2021000000193245 0.612 90.0 188.4 463.4 246.7 80
2021000000193245 0.609 464.0 161.9 499.5 290.6 18
2021000000193245 0.607 436.4 183.5 448.1 205.3 80
2021000000193245 0.605 479.0 211.6 499.4 374.0 80
2021000000193245 0.603 234.1 204.0 241.0 220.6 80
2021000000193245 0.601 293.5 202.8 307.0 234.1 18
2021000000193245 0.596 386.0 188.5 394.6 206.1 80
2021000000193245 0.594 356.7 189.3 363.5 200.3 80
2021000000193245 0.585 334.4 199.7 343.7 227.2 18
2021000000193245 0.585 359.3 182.0 502.7 250.6 80
2021000000193245 0.584 257.1 193.4 265.9 210.6 80
2021000000193245 0.580 256.6 194.2 265.8 216.8 80
2021000000193245 0.578 35.7 167.5 502.4 341.6 80
2021000000193245 0.577 458.6 196.3 469.1 212.8 80
2021000000193245 0.577 324.0 192.9 328.8 207.9 80
2021000000193245 0.575 373.5 191.8 379.0 205.9 80
2021000000193245 0.572 159.3 176.6 486.2 247.9 80
2021000000193245 0.567 414.5 177.9 425.2 201.5 80
2021000000193245 0.567 489.3 170.8 500.3 312.8 80
2021000000193245 0.548 383.9 190.0 389.0 204.8 80
2021000000193245 0.546 329.3 194.2 335.7 208.1 80
2021000000193245 0.537 198.2 198.0 202.3 207.4 80
2021000000193245 0.535 400.7 190.8 418.3 231.7 18
2021000000193245 0.533 281.5 184.1 481.7 245.2 80
2021000000193245 0.530 324.0 194.6 329.6 211.2 80
2021000000193245 0.526 219.6 181.4 490.8 247.8 80
2021000000193245 0.515 396.5 191.2 402.2 203.1 80
2021000000193245 0.494 471.7 160.0 500.4 376.4 80
2021000000193245 0.485 362.3 193.6 367.5 205.5 80
2021000000193245 0.482 434.0 189.9 446.5 236.6 80
2021000000193245 0.476 362.5 194.4 368.1 207.4 80
2021000000193245 0.471 329.8 195.7 335.7 209.7 80
2021000000193245 0.457 27.1 182.4 481.0 246.4 80
2021000000193245 0.454 434.9 187.4 446.3 232.9 80
2021000000193245 0.446 415.5 182.5 425.6 226.0 80
2021000000193245 0.417 213.2 205.5 220.3 212.6 80
2021000000193245 0.348 479.2 159.0 500.3 375.0 18
2021000000193245 0.344 385.4 188.1 390.5 204.1 18
2021000000193245 0.342 374.1 193.3 378.9 205.9 18
2021000000193245 0.322 374.1 193.3 378.9 205.9 80
2021000000193245 0.314 385.4 188.1 390.5 204.1 80
2021000000193245 0.311 479.2 159.0 500.3 375.0 80
2021000000193245 0.250 27.1 182.4 481.0 246.4 18
2021000000193245 0.248 213.2 205.5 220.3 212.6 18
2021000000193245 0.235 415.5 182.5 425.6 226.0 18
2021000000193245 0.232 434.9 187.4 446.3 232.9 18
2021000000193245 0.214 329.8 195.7 335.7 209.7 18
2021000000193245 0.210 362.5 194.4 368.1 207.4 18
2021000000193245 0.204 362.3 193.6 367.5 205.5 18
2021000000193245 0.203 434.0 189.9 446.5 236.6 18
2021000000193245 0.192 471.7 160.0 500.4 376.4 18
2021000000193245 0.187 396.5 191.2 402.2 203.1 18
2021000000193245 0.181 219.6 181.4 490.8 247.8 18
2021000000193245 0.176 400.7 190.8 418.3 231.7 80
2021000000193245 0.171 281.5 184.1 481.7 245.2 18
2021000000193245 0.753 29.1 187.8 188.3 238.0 80
2021000000193245 0.748 20.6 213.1 26.8 218.5 80
2021000000193245 0.738 156.0 199.6 177.6 233.7 80
2021000000193245 0.737 26.8 212.8 34.1 218.6 80
2021000000193245 0.734 268.9 0.9 313.9 11.5 80
2021000000193245 0.733 154.3 202.3 177.8 270.2 80
2021000000193245 0.731 60.7 211.9 63.7 216.7 80
2021000000193245 0.729 36.7 212.6 41.3 219.5 80
2021000000193245 0.728 61.0 211.0 64.0 215.5 80
2021000000193245 0.727 73.8 212.6 81.7 220.0 80
2021000000193245 0.726 256.4 182.9 296.2 285.7 80
2021000000193245 0.724 296.4 203.2 307.4 230.3 80
2021000000193245 0.716 83.9 193.3 96.4 226.7 80
2021000000193245 0.713 79.8 175.3 148.5 372.2 18
2021000000193245 0.712 82.7 194.5 260.9 285.7 80
2021000000193245 0.712 179.2 200.3 184.5 206.7 80
2021000000193245 0.712 293.0 205.0 304.0 226.3 80
2021000000193245 0.704 170.7 199.4 182.3 210.8 80
2021000000193245 0.703 83.8 189.9 96.5 227.3 80
2021000000193245 0.697 27.2 202.7 346.8 249.6 80
2021000000193245 0.693 279.3 193.3 286.8 207.1 80
2021000000193245 0.693 295.8 204.2 308.2 233.7 80
2021000000193245 0.690 1.0 201.2 1.6 216.2 80
2021000000193245 0.690 472.0 161.7 486.1 177.1 80
2021000000193245 0.686 212.3 205.1 219.4 212.3 80
2021000000193245 0.685 216.2 205.7 222.5 213.6 80
2021000000193245 0.680 254.4 178.6 296.2 289.0 18
2021000000193245 0.674 5.1 195.6 330.8 248.3 80
2021000000193245 0.673 332.6 202.9 341.2 229.4 80
2021000000193245 0.673 410.7 189.4 423.4 231.5 80
2021000000193245 0.671 233.0 202.6 239.9 221.4 80
2021000000193245 0.669 1.1 209.0 2.0 217.8 80
2021000000193245 0.664 74.9 193.1 380.3 274.9 80
2021000000193245 0.656 241.7 196.7 263.1 276.5 80
2021000000193245 0.652 154.1 201.3 181.9 270.1 18
2021000000193245 0.638 419.1 181.1 442.5 251.2 18
2021000000193245 0.635 201.8 198.9 205.6 207.1 80
2021000000193245 0.634 467.3 185.6 481.0 197.7 80
2021000000193245 0.633 342.1 191.7 348.3 204.7 80
2021000000193245 0.629 486.2 163.2 500.4 200.8 80
2021000000193245 0.620 395.2 194.0 401.0 206.7 80
2021000000193245 0.620 73.4 182.2 426.4 261.7 80
2021000000193245 0.619 197.5 198.3 202.0 208.1 80
2021000000193245 0.618 241.1 195.0 264.6 277.8 18
2021000000193245 0.615 457.7 190.6 467.1 211.9 80
2021000000193245 0.612 90.0 188.4 463.4 246.7 80
2021000000193245 0.609 464.0 161.9 499.5 290.6 18
2021000000193245 0.607 436.4 183.5 448.1 205.3 80
2021000000193245 0.605 479.0 211.6 499.4 374.0 80
2021000000193245 0.603 234.1 204.0 241.0 220.6 80
2021000000193245 0.601 293.5 202.8 307.0 234.1 18
2021000000193245 0.596 386.0 188.5 394.6 206.1 80
2021000000193245 0.594 356.7 189.3 363.5 200.3 80
2021000000193245 0.585 334.4 199.7 343.7 227.2 18
2021000000193245 0.585 359.3 182.0 502.7 250.6 80
2021000000193245 0.584 257.1 193.4 265.9 210.6 80
2021000000193245 0.580 256.6 194.2 265.8 216.8 80
2021000000193245 0.578 35.7 167.5 502.4 341.6 80
2021000000193245 0.577 458.6 196.3 469.1 212.8 80
2021000000193245 0.577 324.0 192.9 328.8 207.9 80
2021000000193245 0.575 373.5 191.8 379.0 205.9 80
2021000000193245 0.572 159.3 176.6 486.2 247.9 80
2021000000193245 0.567 414.5 177.9 425.2 201.5 80
2021000000193245 0.567 489.3 170.8 500.3 312.8 80
2021000000193245 0.548 383.9 190.0 389.0 204.8 80
2021000000193245 0.546 329.3 194.2 335.7 208.1 80
2021000000193245 0.537 198.2 198.0 202.3 207.4 80
2021000000193245 0.535 400.7 190.8 418.3 231.7 18
2021000000193245 0.533 281.5 184.1 481.7 245.2 80
2021000000193245 0.530 324.0 194.6 329.6 211.2 80
2021000000193245 0.526 219.6 181.4 490.8 247.8 80
2021000000193245 0.515 396.5 191.2 402.2 203.1 80
2021000000193245 0.494 471.7 160.0 500.4 376.4 80
2021000000193245 0.485 362.3 193.6 367.5 205.5 80
2021000000193245 0.482 434.0 189.9 446.5 236.6 80
2021000000193245 0.476 362.5 194.4 368.1 207.4 80
2021000000193245 0.471 329.8 195.7 335.7 209.7 80
2021000000193245 0.457 27.1 182.4 481.0 246.4 80
2021000000193245 0.454 434.9 187.4 446.3 232.9 80
2021000000193245 0.446 415.5 182.5 425.6 226.0 80
2021000000193245 0.417 213.2 205.5 220.3 212.6 80
2021000000193245 0.348 479.2 159.0 500.3 375.0 18
2021000000193245 0.344 385.4 188.1 390.5 204.1 18
2021000000193245 0.342 374.1 193.3 378.9 205.9 18
2021000000193245 0.322 374.1 193.3 378.9 205.9 80
2021000000193245 0.314 385.4 188.1 390.5 204.1 80
2021000000193245 0.311 479.2 159.0 500.3 375.0 80
2021000000193245 0.250 27.1 182.4 481.0 246.4 18
2021000000193245 0.248 213.2 205.5 220.3 212.6 18
2021000000193245 0.235 415.5 182.5 425.6 226.0 18
2021000000193245 0.232 434.9 187.4 446.3 232.9 18
2021000000193245 0.214 329.8 195.7 335.7 209.7 18
2021000000193245 0.210 362.5 194.4 368.1 207.4 18
2021000000193245 0.204 362.3 193.6 367.5 205.5 18
2021000000193245 0.203 434.0 189.9 446.5 236.6 18
2021000000193245 0.192 471.7 160.0 500.4 376.4 18
2021000000193245 0.187 396.5 191.2 402.2 203.1 18
2021000000193245 0.181 219.6 181.4 490.8 247.8 18
2021000000193245 0.176 400.7 190.8 418.3 231.7 80
2021000000193245 0.171 281.5 184.1 481.7 245.2 18
2021000000193245 0.753 29.1 187.8 188.3 238.0 80
2021000000193245 0.748 20.6 213.1 26.8 218.5 80
2021000000193245 0.738 156.0 199.6 177.6 233.7 80
2021000000193245 0.737 26.8 212.8 34.1 218.6 80
2021000000193245 0.734 268.9 0.9 313.9 11.5 80
2021000000193245 0.733 154.3 202.3 177.8 270.2 80
2021000000193245 0.731 60.7 211.9 63.7 216.7 80
2021000000193245 0.729 36.7 212.6 41.3 219.5 80
2021000000193245 0.728 61.0 211.0 64.0 215.5 80
2021000000193245 0.727 73.8 212.6 81.7 220.0 80
2021000000193245 0.726 256.4 182.9 296.2 285.7 80
2021000000193245 0.724 296.4 203.2 307.4 230.3 80
2021000000193245 0.716 83.9 193.3 96.4 226.7 80
2021000000193245 0.713 79.8 175.3 148.5 372.2 18
2021000000193245 0.712 82.7 194.5 260.9 285.7 80
2021000000193245 0.712 179.2 200.3 184.5 206.7 80
2021000000193245 0.712 293.0 205.0 304.0 226.3 80
2021000000193245 0.704 170.7 199.4 182.3 210.8 80
2021000000193245 0.703 83.8 189.9 96.5 227.3 80
2021000000193245 0.697 27.2 202.7 346.8 249.6 80
2021000000193245 0.693 279.3 193.3 286.8 207.1 80
2021000000193245 0.693 295.8 204.2 308.2 233.7 80
2021000000193245 0.690 1.0 201.2 1.6 216.2 80
2021000000193245 0.690 472.0 161.7 486.1 177.1 80
2021000000193245 0.686 212.3 205.1 219.4 212.3 80
2021000000193245 0.685 216.2 205.7 222.5 213.6 80
2021000000193245 0.680 254.4 178.6 296.2 289.0 18
2021000000193245 0.674 5.1 195.6 330.8 248.3 80
2021000000193245 0.673 332.6 202.9 341.2 229.4 80
2021000000193245 0.673 410.7 189.4 423.4 231.5 80
2021000000193245 0.671 233.0 202.6 239.9 221.4 80
2021000000193245 0.669 1.1 209.0 2.0 217.8 80
2021000000193245 0.664 74.9 193.1 380.3 274.9 80
2021000000193245 0.656 241.7 196.7 263.1 276.5 80
2021000000193245 0.652 154.1 201.3 181.9 270.1 18
2021000000193245 0.638 419.1 181.1 442.5 251.2 18
2021000000193245 0.635 201.8 198.9 205.6 207.1 80
2021000000193245 0.634 467.3 185.6 481.0 197.7 80
2021000000193245 0.633 342.1 191.7 348.3 204.7 80
2021000000193245 0.629 486.2 163.2 500.4 200.8 80
2021000000193245 0.620 395.2 194.0 401.0 206.7 80
2021000000193245 0.620 73.4 182.2 426.4 261.7 80
2021000000193245 0.619 197.5 198.3 202.0 208.1 80
2021000000193245 0.618 241.1 195.0 264.6 277.8 18
2021000000193245 0.615 457.7 190.6 467.1 211.9 80
2021000000193245 0.612 90.0 188.4 463.4 246.7 80
2021000000193245 0.609 464.0 161.9 499.5 290.6 18
2021000000193245 0.607 436.4 183.5 448.1 205.3 80
2021000000193245 0.605 479.0 211.6 499.4 374.0 80
2021000000193245 0.603 234.1 204.0 241.0 220.6 80
2021000000193245 0.601 293.5 202.8 307.0 234.1 18
2021000000193245 0.596 386.0 188.5 394.6 206.1 80
2021000000193245 0.594 356.7 189.3 363.5 200.3 80
2021000000193245 0.585 334.4 199.7 343.7 227.2 18
2021000000193245 0.585 359.3 182.0 502.7 250.6 80
2021000000193245 0.584 257.1 193.4 265.9 210.6 80
2021000000193245 0.580 256.6 194.2 265.8 216.8 80
2021000000193245 0.578 35.7 167.5 502.4 341.6 80
2021000000193245 0.577 458.6 196.3 469.1 212.8 80
2021000000193245 0.577 324.0 192.9 328.8 207.9 80
2021000000193245 0.575 373.5 191.8 379.0 205.9 80
2021000000193245 0.572 159.3 176.6 486.2 247.9 80
2021000000193245 0.567 414.5 177.9 425.2 201.5 80
2021000000193245 0.567 489.3 170.8 500.3 312.8 80
2021000000193245 0.548 383.9 190.0 389.0 204.8 80
2021000000193245 0.546 329.3 194.2 335.7 208.1 80
2021000000193245 0.537 198.2 198.0 202.3 207.4 80
2021000000193245 0.535 400.7 190.8 418.3 231.7 18
2021000000193245 0.533 281.5 184.1 481.7 245.2 80
2021000000193245 0.530 324.0 194.6 329.6 211.2 80
2021000000193245 0.526 219.6 181.4 490.8 247.8 80
2021000000193245 0.515 396.5 191.2 402.2 203.1 80
2021000000193245 0.494 471.7 160.0 500.4 376.4 80
2021000000193245 0.485 362.3 193.6 367.5 205.5 80
2021000000193245 0.482 434.0 189.9 446.5 236.6 80
2021000000193245 0.476 362.5 194.4 368.1 207.4 80
2021000000193245 0.471 329.8 195.7 335.7 209.7 80
2021000000193245 0.457 27.1 182.4 481.0 246.4 80
2021000000193245 0.454 434.9 187.4 446.3 232.9 80
2021000000193245 0.446 415.5 182.5 425.6 226.0 80
2021000000193245 0.417 213.2 205.5 220.3 212.6 80
2021000000193245 0.348 479.2 159.0 500.3 375.0 18
2021000000193245 0.344 385.4 188.1 390.5 204.1 18
2021000000193245 0.342 374.1 193.3 378.9 205.9 18
2021000000193245 0.322 374.1 193.3 378.9 205.9 80
2021000000193245 0.314 385.4 188.1 390.5 204.1 80
2021000000193245 0.311 479.2 159.0 500.3 375.0 80
2021000000193245 0.250 27.1 182.4 481.0 246.4 18
2021000000193245 0.248 213.2 205.5 220.3 212.6 18
2021000000193245 0.235 415.5 182.5 425.6 226.0 18
2021000000193245 0.232 434.9 187.4 446.3 232.9 18
2021000000193245 0.214 329.8 195.7 335.7 209.7 18
2021000000193245 0.210 362.5 194.4 368.1 207.4 18
2021000000193245 0.204 362.3 193.6 367.5 205.5 18
2021000000193245 0.203 434.0 189.9 446.5 236.6 18
2021000000193245 0.192 471.7 160.0 500.4 376.4 18
2021000000193245 0.187 396.5 191.2 402.2 203.1 18
2021000000193245 0.181 219.6 181.4 490.8 247.8 18
2021000000193245 0.176 400.7 190.8 418.3 231.7 80
2021000000193245 0.171 281.5 184.1 481.7 245.2 18
2021000000193245 0.753 29.1 187.8 188.3 238.0 80
2021000000193245 0.748 20.6 213.1 26.8 218.5 80
2021000000193245 0.738 156.0 199.6 177.6 233.7 80
2021000000193245 0.737 26.8 212.8 34.1 218.6 80
2021000000193245 0.734 268.9 0.9 313.9 11.5 80
2021000000193245 0.733 154.3 202.3 177.8 270.2 80
2021000000193245 0.731 60.7 211.9 63.7 216.7 80
2021000000193245 0.729 36.7 212.6 41.3 219.5 80
2021000000193245 0.728 61.0 211.0 64.0 215.5 80
2021000000193245 0.727 73.8 212.6 81.7 220.0 80
2021000000193245 0.726 256.4 182.9 296.2 285.7 80
2021000000193245 0.724 296.4 203.2 307.4 230.3 80
2021000000193245 0.716 83.9 193.3 96.4 226.7 80
2021000000193245 0.713 79.8 175.3 148.5 372.2 18
2021000000193245 0.712 82.7 194.5 260.9 285.7 80
2021000000193245 0.712 179.2 200.3 184.5 206.7 80
2021000000193245 0.712 293.0 205.0 304.0 226.3 80
2021000000193245 0.704 170.7 199.4 182.3 210.8 80
2021000000193245 0.703 83.8 189.9 96.5 227.3 80
2021000000193245 0.697 27.2 202.7 346.8 249.6 80
2021000000193245 0.693 279.3 193.3 286.8 207.1 80
2021000000193245 0.693 295.8 204.2 308.2 233.7 80
2021000000193245 0.690 1.0 201.2 1.6 216.2 80
2021000000193245 0.690 472.0 161.7 486.1 177.1 80
2021000000193245 0.686 212.3 205.1 219.4 212.3 80
2021000000193245 0.685 216.2 205.7 222.5 213.6 80
2021000000193245 0.680 254.4 178.6 296.2 289.0 18
2021000000193245 0.674 5.1 195.6 330.8 248.3 80
2021000000193245 0.673 332.6 202.9 341.2 229.4 80
2021000000193245 0.673 410.7 189.4 423.4 231.5 80
2021000000193245 0.671 233.0 202.6 239.9 221.4 80
2021000000193245 0.669 1.1 209.0 2.0 217.8 80
2021000000193245 0.664 74.9 193.1 380.3 274.9 80
2021000000193245 0.656 241.7 196.7 263.1 276.5 80
2021000000193245 0.652 154.1 201.3 181.9 270.1 18
2021000000193245 0.638 419.1 181.1 442.5 251.2 18
2021000000193245 0.635 201.8 198.9 205.6 207.1 80
2021000000193245 0.634 467.3 185.6 481.0 197.7 80
2021000000193245 0.633 342.1 191.7 348.3 204.7 80
2021000000193245 0.629 486.2 163.2 500.4 200.8 80
2021000000193245 0.620 395.2 194.0 401.0 206.7 80
2021000000193245 0.620 73.4 182.2 426.4 261.7 80
2021000000193245 0.619 197.5 198.3 202.0 208.1 80
2021000000193245 0.618 241.1 195.0 264.6 277.8 18
2021000000193245 0.615 457.7 190.6 467.1 211.9 80
2021000000193245 0.612 90.0 188.4 463.4 246.7 80
2021000000193245 0.609 464.0 161.9 499.5 290.6 18
2021000000193245 0.607 436.4 183.5 448.1 205.3 80
2021000000193245 0.605 479.0 211.6 499.4 374.0 80
2021000000193245 0.603 234.1 204.0 241.0 220.6 80
2021000000193245 0.601 293.5 202.8 307.0 234.1 18
2021000000193245 0.596 386.0 188.5 394.6 206.1 80
2021000000193245 0.594 356.7 189.3 363.5 200.3 80
2021000000193245 0.585 334.4 199.7 343.7 227.2 18
2021000000193245 0.585 359.3 182.0 502.7 250.6 80
2021000000193245 0.584 257.1 193.4 265.9 210.6 80
2021000000193245 0.580 256.6 194.2 265.8 216.8 80
2021000000193245 0.578 35.7 167.5 502.4 341.6 80
2021000000193245 0.577 458.6 196.3 469.1 212.8 80
2021000000193245 0.577 324.0 192.9 328.8 207.9 80
2021000000193245 0.575 373.5 191.8 379.0 205.9 80
2021000000193245 0.572 159.3 176.6 486.2 247.9 80
2021000000193245 0.567 414.5 177.9 425.2 201.5 80
2021000000193245 0.567 489.3 170.8 500.3 312.8 80
2021000000193245 0.548 383.9 190.0 389.0 204.8 80
2021000000193245 0.546 329.3 194.2 335.7 208.1 80
2021000000193245 0.537 198.2 198.0 202.3 207.4 80
2021000000193245 0.535 400.7 190.8 418.3 231.7 18
2021000000193245 0.533 281.5 184.1 481.7 245.2 80
2021000000193245 0.530 324.0 194.6 329.6 211.2 80
2021000000193245 0.526 219.6 181.4 490.8 247.8 80
2021000000193245 0.515 396.5 191.2 402.2 203.1 80
2021000000193245 0.494 471.7 160.0 500.4 376.4 80
2021000000193245 0.485 362.3 193.6 367.5 205.5 80
2021000000193245 0.482 434.0 189.9 446.5 236.6 80
2021000000193245 0.476 362.5 194.4 368.1 207.4 80
2021000000193245 0.471 329.8 195.7 335.7 209.7 80
2021000000193245 0.457 27.1 182.4 481.0 246.4 80
2021000000193245 0.454 434.9 187.4 446.3 232.9 80
2021000000193245 0.446 415.5 182.5 425.6 226.0 80
2021000000193245 0.417 213.2 205.5 220.3 212.6 80
2021000000193245 0.348 479.2 159.0 500.3 375.0 18
2021000000193245 0.344 385.4 188.1 390.5 204.1 18
2021000000193245 0.342 374.1 193.3 378.9 205.9 18
2021000000193245 0.322 374.1 193.3 378.9 205.9 80
2021000000193245 0.314 385.4 188.1 390.5 204.1 80
2021000000193245 0.311 479.2 159.0 500.3 375.0 80
2021000000193245 0.250 27.1 182.4 481.0 246.4 18
2021000000193245 0.248 213.2 205.5 220.3 212.6 18
2021000000193245 0.235 415.5 182.5 425.6 226.0 18
2021000000193245 0.232 434.9 187.4 446.3 232.9 18
2021000000193245 0.214 329.8 195.7 335.7 209.7 18
2021000000193245 0.210 362.5 194.4 368.1 207.4 18
2021000000193245 0.204 362.3 193.6 367.5 205.5 18
2021000000193245 0.203 434.0 189.9 446.5 236.6 18
2021000000193245 0.192 471.7 160.0 500.4 376.4 18
2021000000193245 0.187 396.5 191.2 402.2 203.1 18
2021000000193245 0.181 219.6 181.4 490.8 247.8 18
2021000000193245 0.176 400.7 190.8 418.3 231.7 80
2021000000193245 0.171 281.5 184.1 481.7 245.2 18
2021000000193245 0.753 29.1 187.8 188.3 238.0 80
2021000000193245 0.748 20.6 213.1 26.8 218.5 80
2021000000193245 0.738 156.0 199.6 177.6 233.7 80
2021000000193245 0.737 26.8 212.8 34.1 218.6 80
2021000000193245 0.734 268.9 0.9 313.9 11.5 80
2021000000193245 0.733 154.3 202.3 177.8 270.2 80
2021000000193245 0.731 60.7 211.9 63.7 216.7 80
2021000000193245 0.729 36.7 212.6 41.3 219.5 80
2021000000193245 0.728 61.0 211.0 64.0 215.5 80
2021000000193245 0.727 73.8 212.6 81.7 220.0 80
2021000000193245 0.726 256.4 182.9 296.2 285.7 80
2021000000193245 0.724 296.4 203.2 307.4 230.3 80
2021000000193245 0.716 83.9 193.3 96.4 226.7 80
2021000000193245 0.713 79.8 175.3 148.5 372.2 18
2021000000193245 0.712 82.7 194.5 260.9 285.7 80
2021000000193245 0.712 179.2 200.3 184.5 206.7 80
2021000000193245 0.712 293.0 205.0 304.0 226.3 80
2021000000193245 0.704 170.7 199.4 182.3 210.8 80
2021000000193245 0.703 83.8 189.9 96.5 227.3 80
2021000000193245 0.697 27.2 202.7 346.8 249.6 80
2021000000193245 0.693 279.3 193.3 286.8 207.1 80
2021000000193245 0.693 295.8 204.2 308.2 233.7 80
2021000000193245 0.690 1.0 201.2 1.6 216.2 80
2021000000193245 0.690 472.0 161.7 486.1 177.1 80
2021000000193245 0.686 212.3 205.1 219.4 212.3 80
2021000000193245 0.685 216.2 205.7 222.5 213.6 80
2021000000193245 0.680 254.4 178.6 296.2 289.0 18
2021000000193245 0.674 5.1 195.6 330.8 248.3 80
2021000000193245 0.673 332.6 202.9 341.2 229.4 80
2021000000193245 0.673 410.7 189.4 423.4 231.5 80
2021000000193245 0.671 233.0 202.6 239.9 221.4 80
2021000000193245 0.669 1.1 209.0 2.0 217.8 80
2021000000193245 0.664 74.9 193.1 380.3 274.9 80
2021000000193245 0.656 241.7 196.7 263.1 276.5 80
2021000000193245 0.652 154.1 201.3 181.9 270.1 18
2021000000193245 0.638 419.1 181.1 442.5 251.2 18
2021000000193245 0.635 201.8 198.9 205.6 207.1 80
2021000000193245 0.634 467.3 185.6 481.0 197.7 80
2021000000193245 0.633 342.1 191.7 348.3 204.7 80
2021000000193245 0.629 486.2 163.2 500.4 200.8 80
2021000000193245 0.620 395.2 194.0 401.0 206.7 80
2021000000193245 0.620 73.4 182.2 426.4 261.7 80
2021000000193245 0.619 197.5 198.3 202.0 208.1 80
2021000000193245 0.618 241.1 195.0 264.6 277.8 18
2021000000193245 0.615 457.7 190.6 467.1 211.9 80
2021000000193245 0.612 90.0 188.4 463.4 246.7 80
2021000000193245 0.609 464.0 161.9 499.5 290.6 18
2021000000193245 0.607 436.4 183.5 448.1 205.3 80
2021000000193245 0.605 479.0 211.6 499.4 374.0 80
2021000000193245 0.603 234.1 204.0 241.0 220.6 80
2021000000193245 0.601 293.5 202.8 307.0 234.1 18
2021000000193245 0.596 386.0 188.5 394.6 206.1 80
2021000000193245 0.594 356.7 189.3 363.5 200.3 80
2021000000193245 0.585 334.4 199.7 343.7 227.2 18
2021000000193245 0.585 359.3 182.0 502.7 250.6 80
2021000000193245 0.584 257.1 193.4 265.9 210.6 80
2021000000193245 0.580 256.6 194.2 265.8 216.8 80
2021000000193245 0.578 35.7 167.5 502.4 341.6 80
2021000000193245 0.577 458.6 196.3 469.1 212.8 80
2021000000193245 0.577 324.0 192.9 328.8 207.9 80
2021000000193245 0.575 373.5 191.8 379.0 205.9 80
2021000000193245 0.572 159.3 176.6 486.2 247.9 80
2021000000193245 0.567 414.5 177.9 425.2 201.5 80
2021000000193245 0.567 489.3 170.8 500.3 312.8 80
2021000000193245 0.548 383.9 190.0 389.0 204.8 80
2021000000193245 0.546 329.3 194.2 335.7 208.1 80
2021000000193245 0.537 198.2 198.0 202.3 207.4 80
2021000000193245 0.535 400.7 190.8 418.3 231.7 18
2021000000193245 0.533 281.5 184.1 481.7 245.2 80
2021000000193245 0.530 324.0 194.6 329.6 211.2 80
2021000000193245 0.526 219.6 181.4 490.8 247.8 80
2021000000193245 0.515 396.5 191.2 402.2 203.1 80
2021000000193245 0.494 471.7 160.0 500.4 376.4 80
2021000000193245 0.485 362.3 193.6 367.5 205.5 80
2021000000193245 0.482 434.0 189.9 446.5 236.6 80
2021000000193245 0.476 362.5 194.4 368.1 207.4 80
2021000000193245 0.471 329.8 195.7 335.7 209.7 80
2021000000193245 0.457 27.1 182.4 481.0 246.4 80
2021000000193245 0.454 434.9 187.4 446.3 232.9 80
2021000000193245 0.446 415.5 182.5 425.6 226.0 80
2021000000193245 0.417 213.2 205.5 220.3 212.6 80
2021000000193245 0.348 479.2 159.0 500.3 375.0 18
2021000000193245 0.344 385.4 188.1 390.5 204.1 18
2021000000193245 0.342 374.1 193.3 378.9 205.9 18
2021000000193245 0.322 374.1 193.3 378.9 205.9 80
2021000000193245 0.314 385.4 188.1 390.5 204.1 80
2021000000193245 0.311 479.2 159.0 500.3 375.0 80
2021000000193245 0.250 27.1 182.4 481.0 246.4 18
2021000000193245 0.248 213.2 205.5 220.3 212.6 18
2021000000193245 0.235 415.5 182.5 425.6 226.0 18
2021000000193245 0.232 434.9 187.4 446.3 232.9 18
2021000000193245 0.214 329.8 195.7 335.7 209.7 18
2021000000193245 0.210 362.5 194.4 368.1 207.4 18
2021000000193245 0.204 362.3 193.6 367.5 205.5 18
2021000000193245 0.203 434.0 189.9 446.5 236.6 18
2021000000193245 0.192 471.7 160.0 500.4 376.4 18
2021000000193245 0.187 396.5 191.2 402.2 203.1 18
2021000000193245 0.181 219.6 181.4 490.8 247.8 18
2021000000193245 0.176 400.7 190.8 418.3 231.7 80
2021000000193245 0.171 281.5 184.1 481.7 245.2 18
