2021004018 0.685 47.4 113.8 346.9 327.0 80
2021004018 0.675 5.3 111.2 350.9 330.5 80
2021004018 0.668 156.3 120.0 351.1 327.8 80
2021004018 0.657 469.1 303.9 498.5 331.5 80
2021004018 0.644 -5.3 104.2 350.7 328.3 80
2021004018 0.627 6.6 109.9 356.1 331.7 2
2021004018 0.610 5.6 108.7 349.2 327.0 80
2021004018 0.558 494.9 135.7 500.3 235.4 80
2021004018 0.533 10.4 112.7 383.7 330.7 80
2021004018 0.497 496.9 189.0 500.2 294.4 80
2021004018 0.476 497.5 42.0 500.4 145.3 80
2021004018 0.419 34.3 283.9 440.6 336.7 80
2021004018 0.345 37.5 105.6 361.9 297.8 80
2021004018 0.311 72.8 313.8 433.8 336.6 80
2021004018 0.284 497.3 82.7 500.4 298.6 80
2021004018 0.272 1.4 292.7 21.6 334.4 80
2021004018 0.271 498.8 50.1 500.2 211.8 80
2021004018 0.248 20.7 129.3 221.6 309.4 80
2021004018 0.243 0.8 196.1 4.1 309.1 80
2021004018 0.216 0.1 0.2 5.4 72.1 80
2021004018 0.215 0.3 87.5 3.3 223.4 80
2021004018 0.215 0.2 37.8 3.5 136.8 80
2021004018 0.208 492.3 39.9 501.4 348.5 80
2021004018 0.205 0.5 31.0 7.9 213.3 80
2021004018 0.203 0.0 53.8 10.9 306.7 80
2021004018 0.200 -1.9 10.8 24.8 319.8 80
2021004018 0.194 116.2 172.8 323.4 305.1 80
2021004018 0.189 479.8 247.2 507.4 329.3 80
2021004018 0.189 340.0 324.5 472.1 334.5 80
2021004018 0.170 455.1 85.9 504.8 321.8 80
2021004018 0.168 6.7 101.4 287.5 284.4 80
2021004018 0.165 -1.5 179.5 31.5 335.3 80
2021004018 0.159 69.7 58.4 408.1 284.3 80
2021004018 0.155 93.9 258.6 329.0 336.1 80
2021004018 0.155 195.9 254.8 366.4 334.7 80
2021004018 0.154 284.9 304.0 441.6 331.9 80
2021004018 0.152 221.8 201.8 315.0 267.3 80
2021004018 0.152 11.1 253.4 297.8 337.3 80
2021004018 0.149 321.8 200.4 509.9 329.9 80
2021004018 0.147 93.7 196.1 383.2 315.8 80
2021004018 0.147 160.1 217.9 224.7 254.1 80
2021004018 0.144 229.1 226.7 357.3 281.1 80
2021004018 0.144 355.7 82.7 505.5 311.0 80
2021004018 0.144 117.5 204.7 279.7 282.4 80
2021004018 0.142 122.3 226.3 175.9 258.3 80
2021004018 0.140 202.8 217.0 268.4 255.4 80
2021004018 0.140 10.2 175.5 340.1 306.9 80
2021004018 0.140 397.4 312.3 495.5 331.9 80
2021004018 0.139 -18.8 152.2 316.5 288.7 80
2021004018 0.137 124.7 176.0 369.6 299.2 80
2021004018 0.136 120.7 233.4 236.0 289.3 80
2021004018 0.136 -26.8 180.2 254.5 317.7 80
2021004018 0.135 250.3 315.2 388.5 334.3 80
2021004018 0.135 439.7 171.2 481.9 298.7 80
2021004018 0.134 231.3 215.8 301.5 262.4 80
2021004018 0.133 266.6 140.5 499.4 281.5 80
2021004018 0.131 229.3 181.3 473.0 298.2 80
2021004018 0.131 11.0 304.0 118.4 332.4 80
2021004018 0.131 0.8 108.8 120.9 313.0 80
2021004018 0.130 43.2 317.5 181.6 335.6 80
2021004018 0.128 193.2 183.0 236.6 214.7 80
2021004018 0.127 80.6 210.9 134.0 248.0 80
2021004018 0.127 104.0 314.9 225.7 335.1 80
2021004018 0.126 294.0 215.1 342.9 252.9 80
2021004018 0.125 145.0 175.7 188.2 209.3 80
2021004018 0.125 239.8 158.8 387.2 257.0 80
2021004018 0.123 94.9 234.5 195.0 282.4 80
2021004018 0.121 6.6 109.9 356.1 331.7 80
2021004018 0.121 56.4 229.7 113.4 278.2 80
2021004018 0.119 223.8 147.7 297.3 192.8 80
2021004018 0.116 220.5 131.6 381.9 191.8 80
2021004018 0.115 229.2 136.7 431.6 227.8 80
2021004018 0.115 253.9 104.3 501.7 169.1 80
2021004018 0.115 122.6 116.7 375.4 182.6 80
2021004018 0.114 -24.8 113.7 146.3 177.1 80
2021004018 0.112 338.2 166.1 459.9 244.3 80
2021004018 0.111 -94.9 20.6 171.1 60.8 80
2021004018 0.111 260.9 72.9 582.2 139.1 80
2021004018 0.109 273.2 157.3 435.0 230.4 80
2021004018 0.109 -50.2 25.9 327.6 80.8 80
2021004018 0.107 132.9 14.9 588.9 56.8 80
2021004018 0.107 -135.6 9.3 327.5 47.3 80
2021004018 0.106 353.1 46.8 584.7 107.7 80
2021004018 0.104 46.5 2.7 544.7 35.9 80
2021004018 0.101 1.0 0.3 500.0 25.6 80
2021004018 0.101 -45.8 -0.3 453.2 26.7 80
2021004018 0.100 156.1 5.5 655.0 30.6 80
2021004018 0.096 227.1 5.8 725.7 28.4 80
2021004018 0.095 189.7 3.9 688.7 26.6 80
2021004018 0.094 -38.6 -1.6 460.4 17.7 80
2021004018 0.093 -192.5 -2.5 256.7 19.7 80
2021004018 0.093 72.3 0.6 571.3 23.5 80
2021004018 0.093 -92.2 -0.3 406.8 21.6 80
2021004018 0.092 -139.3 -0.3 359.6 21.3 80
2021004018 0.092 -185.5 1.1 313.2 22.8 80
2021004018 0.092 201.6 -0.0 700.6 20.3 80
2021004018 0.092 156.2 0.1 655.2 21.5 80
2021004018 0.091 21.0 -1.9 519.9 20.1 80
2021004018 0.091 81.8 -1.9 580.7 18.8 80
2021004018 0.090 236.2 1.2 734.9 22.1 80
2021004018 0.685 47.4 113.8 346.9 327.0 80
2021004018 0.675 5.3 111.2 350.9 330.5 80
2021004018 0.668 156.3 120.0 351.1 327.8 80
2021004018 0.657 469.1 303.9 498.5 331.5 80
2021004018 0.644 -5.3 104.2 350.7 328.3 80
2021004018 0.627 6.6 109.9 356.1 331.7 2
2021004018 0.610 5.6 108.7 349.2 327.0 80
2021004018 0.558 494.9 135.7 500.3 235.4 80
2021004018 0.533 10.4 112.7 383.7 330.7 80
2021004018 0.497 496.9 189.0 500.2 294.4 80
2021004018 0.476 497.5 42.0 500.4 145.3 80
2021004018 0.419 34.3 283.9 440.6 336.7 80
2021004018 0.345 37.5 105.6 361.9 297.8 80
2021004018 0.311 72.8 313.8 433.8 336.6 80
2021004018 0.284 497.3 82.7 500.4 298.6 80
2021004018 0.272 1.4 292.7 21.6 334.4 80
2021004018 0.271 498.8 50.1 500.2 211.8 80
2021004018 0.248 20.7 129.3 221.6 309.4 80
2021004018 0.243 0.8 196.1 4.1 309.1 80
2021004018 0.216 0.1 0.2 5.4 72.1 80
2021004018 0.215 0.3 87.5 3.3 223.4 80
2021004018 0.215 0.2 37.8 3.5 136.8 80
2021004018 0.208 492.3 39.9 501.4 348.5 80
2021004018 0.205 0.5 31.0 7.9 213.3 80
2021004018 0.203 0.0 53.8 10.9 306.7 80
2021004018 0.200 -1.9 10.8 24.8 319.8 80
2021004018 0.194 116.2 172.8 323.4 305.1 80
2021004018 0.189 479.8 247.2 507.4 329.3 80
2021004018 0.189 340.0 324.5 472.1 334.5 80
2021004018 0.170 455.1 85.9 504.8 321.8 80
2021004018 0.168 6.7 101.4 287.5 284.4 80
2021004018 0.165 -1.5 179.5 31.5 335.3 80
2021004018 0.159 69.7 58.4 408.1 284.3 80
2021004018 0.155 93.9 258.6 329.0 336.1 80
2021004018 0.155 195.9 254.8 366.4 334.7 80
2021004018 0.154 284.9 304.0 441.6 331.9 80
2021004018 0.152 221.8 201.8 315.0 267.3 80
2021004018 0.152 11.1 253.4 297.8 337.3 80
2021004018 0.149 321.8 200.4 509.9 329.9 80
2021004018 0.147 93.7 196.1 383.2 315.8 80
2021004018 0.147 160.1 217.9 224.7 254.1 80
2021004018 0.144 229.1 226.7 357.3 281.1 80
2021004018 0.144 355.7 82.7 505.5 311.0 80
2021004018 0.144 117.5 204.7 279.7 282.4 80
2021004018 0.142 122.3 226.3 175.9 258.3 80
2021004018 0.140 202.8 217.0 268.4 255.4 80
2021004018 0.140 10.2 175.5 340.1 306.9 80
2021004018 0.140 397.4 312.3 495.5 331.9 80
2021004018 0.139 -18.8 152.2 316.5 288.7 80
2021004018 0.137 124.7 176.0 369.6 299.2 80
2021004018 0.136 120.7 233.4 236.0 289.3 80
2021004018 0.136 -26.8 180.2 254.5 317.7 80
2021004018 0.135 250.3 315.2 388.5 334.3 80
2021004018 0.135 439.7 171.2 481.9 298.7 80
2021004018 0.134 231.3 215.8 301.5 262.4 80
2021004018 0.133 266.6 140.5 499.4 281.5 80
2021004018 0.131 229.3 181.3 473.0 298.2 80
2021004018 0.131 11.0 304.0 118.4 332.4 80
2021004018 0.131 0.8 108.8 120.9 313.0 80
2021004018 0.130 43.2 317.5 181.6 335.6 80
2021004018 0.128 193.2 183.0 236.6 214.7 80
2021004018 0.127 80.6 210.9 134.0 248.0 80
2021004018 0.127 104.0 314.9 225.7 335.1 80
2021004018 0.126 294.0 215.1 342.9 252.9 80
2021004018 0.125 145.0 175.7 188.2 209.3 80
2021004018 0.125 239.8 158.8 387.2 257.0 80
2021004018 0.123 94.9 234.5 195.0 282.4 80
2021004018 0.121 6.6 109.9 356.1 331.7 80
2021004018 0.121 56.4 229.7 113.4 278.2 80
2021004018 0.119 223.8 147.7 297.3 192.8 80
2021004018 0.116 220.5 131.6 381.9 191.8 80
2021004018 0.115 229.2 136.7 431.6 227.8 80
2021004018 0.115 253.9 104.3 501.7 169.1 80
2021004018 0.115 122.6 116.7 375.4 182.6 80
2021004018 0.114 -24.8 113.7 146.3 177.1 80
2021004018 0.112 338.2 166.1 459.9 244.3 80
2021004018 0.111 -94.9 20.6 171.1 60.8 80
2021004018 0.111 260.9 72.9 582.2 139.1 80
2021004018 0.109 273.2 157.3 435.0 230.4 80
2021004018 0.109 -50.2 25.9 327.6 80.8 80
2021004018 0.107 132.9 14.9 588.9 56.8 80
2021004018 0.107 -135.6 9.3 327.5 47.3 80
2021004018 0.106 353.1 46.8 584.7 107.7 80
2021004018 0.104 46.5 2.7 544.7 35.9 80
2021004018 0.101 1.0 0.3 500.0 25.6 80
2021004018 0.101 -45.8 -0.3 453.2 26.7 80
2021004018 0.100 156.1 5.5 655.0 30.6 80
2021004018 0.096 227.1 5.8 725.7 28.4 80
2021004018 0.095 189.7 3.9 688.7 26.6 80
2021004018 0.094 -38.6 -1.6 460.4 17.7 80
2021004018 0.093 -192.5 -2.5 256.7 19.7 80
2021004018 0.093 72.3 0.6 571.3 23.5 80
2021004018 0.093 -92.2 -0.3 406.8 21.6 80
2021004018 0.092 -139.3 -0.3 359.6 21.3 80
2021004018 0.092 -185.5 1.1 313.2 22.8 80
2021004018 0.092 201.6 -0.0 700.6 20.3 80
2021004018 0.092 156.2 0.1 655.2 21.5 80
2021004018 0.091 21.0 -1.9 519.9 20.1 80
2021004018 0.091 81.8 -1.9 580.7 18.8 80
2021004018 0.090 236.2 1.2 734.9 22.1 80
2021004018 0.000 0.8 39.6 103.7 219.9 80
2021004018 0.000 245.1 64.6 370.2 203.1 80
2021004018 0.000 203.1 44.4 266.1 106.7 80
2021004018 0.000 256.6 123.7 316.4 182.9 80
2021004018 0.000 372.7 97.3 484.8 238.7 80
2021004018 0.000 45.9 193.6 106.8 256.8 80
2021004018 0.000 83.8 105.7 144.8 167.7 80
2021004018 0.000 133.1 93.5 218.1 194.0 80
2021004018 0.000 390.5 85.7 458.7 145.2 80
2021004018 0.000 453.6 114.4 499.6 187.5 80
2021004018 0.000 213.4 101.7 273.6 161.0 80
2021004018 0.000 141.4 73.2 202.4 136.6 80
2021004018 0.000 22.0 26.3 202.7 174.0 80
2021004018 0.000 325.8 10.5 494.5 170.4 80
2021004018 0.000 1.5 179.1 48.0 253.0 80
2021004018 0.000 162.0 29.1 299.4 188.1 80
2021004018 0.000 349.9 130.4 409.9 189.0 80
2021004018 0.000 219.9 213.4 281.0 299.7 80
2021004018 0.000 90.6 167.7 149.2 226.6 80
2021004018 0.000 314.7 90.6 375.2 149.9 80
2021004018 0.000 357.4 176.8 415.0 236.3 80
2021004018 0.000 32.4 113.1 167.8 245.7 80
2021004018 0.000 1.0 134.7 47.1 208.2 80
2021004018 0.000 453.4 171.3 499.7 244.6 80
2021004018 0.000 0.5 112.0 102.1 317.8 80
2021004018 0.000 449.1 48.2 499.7 136.2 80
2021004018 0.000 259.7 2.5 324.6 65.8 80
2021004018 0.000 137.6 194.1 201.5 258.6 80
2021004018 0.000 298.6 152.6 359.4 210.5 80
2021004018 0.000 28.5 138.6 93.6 196.8 80
2021004018 0.000 255.4 112.1 363.3 309.4 80
2021004018 0.000 119.1 143.0 232.5 281.2 80
2021004018 0.000 149.8 153.7 210.5 211.6 80
2021004018 0.000 293.1 118.3 480.6 230.7 80
2021004018 0.000 325.6 194.5 382.1 262.6 80
2021004018 0.000 0.7 20.0 51.8 94.1 80
2021004018 0.000 219.9 176.7 278.2 235.5 80
2021004018 0.000 48.8 19.0 377.9 228.3 80
2021004018 0.000 410.2 156.8 474.8 215.0 80
2021004018 0.000 205.3 105.0 317.1 249.4 80
2021004018 0.000 0.7 221.7 58.3 328.6 80
2021004018 0.000 180.1 197.3 238.1 264.5 80
2021004018 0.000 177.0 51.2 471.7 236.8 80
2021004018 0.000 49.5 97.5 281.8 229.4 80
2021004018 0.000 325.8 41.4 402.7 103.4 80
2021004018 0.000 101.1 43.9 244.3 277.4 80
2021004018 0.000 0.3 80.7 51.5 154.3 80
2021004018 0.000 206.3 143.0 267.2 201.4 80
2021004018 0.000 442.7 217.4 499.6 327.4 80
2021004018 0.000 15.1 12.8 486.3 174.5 80
2021004018 0.000 398.5 98.9 499.4 315.8 80
2021004018 0.000 1.5 5.5 282.2 329.9 80
2021004018 0.000 94.9 14.0 401.8 325.0 80
2021004018 0.000 262.6 37.4 424.1 278.3 80
2021004018 0.000 189.1 7.3 402.0 120.4 80
2021004018 0.000 1.1 21.4 146.5 322.8 80
2021004018 0.000 212.9 5.7 497.4 331.0 80
2021004018 0.000 160.6 175.5 349.3 326.9 80
2021004018 0.000 159.4 25.0 350.2 316.2 80
2021004018 0.000 357.7 16.7 501.3 319.9 80
2021004018 0.000 11.5 79.9 225.9 328.5 80
2021004018 0.000 280.6 212.4 336.4 294.2 80
2021004018 0.000 171.4 94.0 308.9 314.0 80
2021004018 0.000 132.8 69.1 366.0 324.4 80
2021004018 0.000 257.5 148.1 363.0 272.1 80
2021004018 0.000 5.0 248.1 130.5 332.4 80
2021004018 0.000 306.3 160.5 481.9 323.9 80
2021004018 0.000 54.0 226.7 278.3 330.9 80
2021004018 0.000 11.7 162.6 185.3 324.9 80
2021004018 0.000 3.3 1.2 410.3 331.1 80
2021004018 0.000 8.2 203.4 491.3 331.4 80
2021004018 0.000 4.9 57.7 361.3 327.9 80
2021004018 0.000 223.1 227.9 472.3 331.4 80
2021004018 0.000 72.1 57.1 444.5 284.5 80
2021004018 0.000 34.1 131.1 327.0 322.2 80
2021004018 0.000 85.7 1.0 494.7 331.0 80
2021004018 0.000 278.1 77.3 486.3 331.0 80
2021004018 0.000 162.7 118.0 345.4 204.8 80
2021004018 0.000 244.5 179.3 298.1 242.7 80
2021004018 0.000 168.6 134.4 451.1 322.0 80
2021004018 0.000 362.2 218.2 494.6 327.3 80
2021004018 0.000 44.5 53.9 117.2 121.5 80
2021004018 0.000 160.2 58.7 492.6 329.0 80
2021004018 0.000 134.9 91.5 359.6 260.9 80
2021004018 0.000 67.7 127.2 402.2 241.5 80
2021004018 0.000 22.5 38.2 474.5 321.3 80
2021004018 0.000 0.6 89.3 498.5 323.8 80
2021004018 0.000 0.8 0.8 499.6 332.2 80
2021004018 0.000 17.2 85.3 483.8 240.0 80
2021004018 0.000 2.5 21.1 497.4 273.2 80
2021004018 0.000 424.3 5.6 498.8 76.0 80
2021004018 0.000 17.2 85.3 483.8 240.0 0
2021004018 0.000 262.6 37.4 424.1 278.3 14
2021004018 0.000 171.4 94.0 308.9 314.0 14
2021004018 0.000 101.1 43.9 244.3 277.4 14
2021004018 0.000 159.4 25.0 350.2 316.2 14
2021004018 0.000 11.5 79.9 225.9 328.5 14
2021004018 0.000 278.1 77.3 486.3 331.0 14
2021004018 0.000 132.8 69.1 366.0 324.4 14
2021004018 0.000 154.2 268.6 238.2 328.2 80
