2021003101 0.686 283.8 0.7 504.8 255.5 5
2021003101 0.670 3.3 135.7 149.7 289.7 80
2021003101 0.665 -1.5 -3.9 247.6 296.3 5
2021003101 0.654 5.0 130.7 57.9 173.1 80
2021003101 0.631 378.2 21.3 496.2 198.9 80
2021003101 0.620 79.2 26.2 256.5 257.0 80
2021003101 0.618 210.0 111.1 255.0 206.0 80
2021003101 0.613 469.8 35.2 496.1 52.8 80
2021003101 0.611 474.5 308.4 498.5 331.4 80
2021003101 0.611 36.9 112.7 59.5 143.1 80
2021003101 0.605 308.1 7.9 507.0 197.5 80
2021003101 0.602 34.1 109.8 57.1 142.5 80
2021003101 0.600 270.1 170.8 286.0 196.1 80
2021003101 0.592 447.2 57.3 499.4 180.6 80
2021003101 0.589 -6.1 134.0 187.3 288.8 80
2021003101 0.582 189.9 71.8 253.1 218.9 80
2021003101 0.574 295.2 -0.8 399.8 243.6 80
2021003101 0.573 212.4 159.3 253.0 209.0 80
2021003101 0.566 479.3 93.3 501.1 172.8 80
2021003101 0.564 1.4 131.8 10.2 167.7 80
2021003101 0.556 313.7 189.9 499.1 247.4 80
2021003101 0.555 254.5 160.3 267.0 189.1 80
2021003101 0.555 421.6 205.6 499.5 252.5 80
2021003101 0.551 5.1 -10.8 116.0 293.2 80
2021003101 0.548 451.8 78.4 498.7 181.2 80
2021003101 0.544 412.6 204.6 499.2 253.4 80
2021003101 0.534 494.6 122.5 500.2 201.8 80
2021003101 0.521 431.2 40.5 503.0 239.4 80
2021003101 0.520 296.5 7.8 400.2 210.9 80
2021003101 0.515 -0.3 14.2 498.4 266.1 80
2021003101 0.511 276.8 100.9 512.9 247.7 80
2021003101 0.507 497.1 195.9 500.1 258.9 80
2021003101 0.506 -15.4 1.0 260.3 292.2 80
2021003101 0.488 283.0 167.4 292.7 188.7 80
2021003101 0.479 1.3 133.3 6.3 188.0 80
2021003101 0.455 228.2 158.7 248.2 191.5 80
2021003101 0.446 285.3 14.6 504.9 248.4 80
2021003101 0.433 271.8 9.3 494.0 254.4 80
2021003101 0.404 256.6 169.2 283.5 191.5 6
2021003101 0.387 287.2 9.9 497.4 232.4 80
2021003101 0.375 28.4 24.4 256.3 265.1 80
2021003101 0.372 204.0 75.2 258.0 213.5 80
2021003101 0.371 257.0 166.3 281.6 188.7 80
2021003101 0.360 204.0 75.2 258.0 213.5 5
2021003101 0.360 -9.1 6.1 260.7 270.6 80
2021003101 0.350 259.6 169.9 281.2 191.4 6
2021003101 0.342 23.8 27.1 271.8 268.4 80
2021003101 0.324 193.8 168.0 207.3 214.5 80
2021003101 0.324 496.8 145.2 500.8 288.0 80
2021003101 0.318 104.8 66.8 248.4 242.7 80
2021003101 0.313 -9.6 6.4 186.6 276.0 80
2021003101 0.286 0.8 16.4 4.3 106.3 80
2021003101 0.279 259.6 169.9 281.2 191.4 80
2021003101 0.272 258.4 18.9 523.9 240.2 80
2021003101 0.252 297.3 37.8 522.0 233.1 80
2021003101 0.241 256.6 169.2 283.5 191.5 80
2021003101 0.233 257.0 166.3 281.6 188.7 6
2021003101 0.212 0.1 154.2 5.3 290.0 80
2021003101 0.190 -1.8 66.9 32.9 290.0 80
2021003101 0.183 112.9 98.0 290.7 204.8 80
2021003101 0.168 451.8 78.4 498.7 181.2 5
2021003101 0.166 334.1 322.7 463.4 335.2 80
2021003101 0.154 421.6 205.6 499.5 252.5 6
2021003101 0.150 412.6 204.6 499.2 253.4 6
2021003101 0.148 -8.5 160.9 92.0 316.7 80
2021003101 0.144 61.0 255.6 195.1 337.1 80
2021003101 0.140 294.8 118.7 535.8 243.6 80
2021003101 0.139 -27.4 107.5 240.0 257.7 80
2021003101 0.139 257.0 151.5 472.3 287.7 80
2021003101 0.138 23.9 102.1 283.4 255.8 80
2021003101 0.137 -3.8 132.6 265.4 273.3 80
2021003101 0.135 134.3 192.7 375.4 320.0 80
2021003101 0.135 184.0 320.2 321.9 335.6 80
2021003101 0.134 -6.6 284.7 42.6 337.6 80
2021003101 0.133 204.5 168.1 434.1 300.7 80
2021003101 0.133 56.4 168.3 282.6 302.0 80
2021003101 0.131 313.6 293.5 426.1 328.1 80
2021003101 0.131 2.6 94.8 229.8 228.4 80
2021003101 0.130 153.1 281.8 254.6 328.1 80
2021003101 0.128 55.0 318.9 152.2 335.3 80
2021003101 0.128 108.5 154.6 390.7 249.0 80
2021003101 0.128 332.4 103.4 465.6 202.6 80
2021003101 0.127 227.1 129.9 456.0 241.8 80
2021003101 0.126 269.2 314.1 379.6 334.2 80
2021003101 0.124 221.1 286.0 325.3 327.2 80
2021003101 0.124 121.2 314.0 216.2 335.0 80
2021003101 0.123 180.0 311.0 301.5 333.0 80
2021003101 0.123 22.3 98.5 132.8 186.2 80
2021003101 0.122 20.7 293.5 100.9 329.9 80
2021003101 0.119 406.4 301.8 491.4 330.8 80
2021003101 0.115 18.8 85.0 269.0 210.8 80
2021003101 0.113 51.9 86.8 436.3 196.3 80
2021003101 0.111 -17.1 72.5 269.5 169.5 80
2021003101 0.108 149.4 45.2 438.6 115.3 80
2021003101 0.107 61.9 15.1 439.2 71.7 80
2021003101 0.106 -31.1 8.2 421.3 78.2 80
2021003101 0.104 -145.4 -2.2 281.7 55.4 80
2021003101 0.100 142.8 -5.5 617.7 41.7 80
2021003101 0.100 86.1 -0.7 579.4 33.0 80
2021003101 0.095 212.4 159.3 253.0 209.0 6
2021003101 0.686 283.8 0.7 504.8 255.5 5
2021003101 0.670 3.3 135.7 149.7 289.7 80
2021003101 0.665 -1.5 -3.9 247.6 296.3 5
2021003101 0.654 5.0 130.7 57.9 173.1 80
2021003101 0.631 378.2 21.3 496.2 198.9 80
2021003101 0.620 79.2 26.2 256.5 257.0 80
2021003101 0.618 210.0 111.1 255.0 206.0 80
2021003101 0.613 469.8 35.2 496.1 52.8 80
2021003101 0.611 474.5 308.4 498.5 331.4 80
2021003101 0.611 36.9 112.7 59.5 143.1 80
2021003101 0.605 308.1 7.9 507.0 197.5 80
2021003101 0.602 34.1 109.8 57.1 142.5 80
2021003101 0.600 270.1 170.8 286.0 196.1 80
2021003101 0.592 447.2 57.3 499.4 180.6 80
2021003101 0.589 -6.1 134.0 187.3 288.8 80
2021003101 0.582 189.9 71.8 253.1 218.9 80
2021003101 0.574 295.2 -0.8 399.8 243.6 80
2021003101 0.573 212.4 159.3 253.0 209.0 80
2021003101 0.566 479.3 93.3 501.1 172.8 80
2021003101 0.564 1.4 131.8 10.2 167.7 80
2021003101 0.556 313.7 189.9 499.1 247.4 80
2021003101 0.555 254.5 160.3 267.0 189.1 80
2021003101 0.555 421.6 205.6 499.5 252.5 80
2021003101 0.551 5.1 -10.8 116.0 293.2 80
2021003101 0.548 451.8 78.4 498.7 181.2 80
2021003101 0.544 412.6 204.6 499.2 253.4 80
2021003101 0.534 494.6 122.5 500.2 201.8 80
2021003101 0.521 431.2 40.5 503.0 239.4 80
2021003101 0.520 296.5 7.8 400.2 210.9 80
2021003101 0.515 -0.3 14.2 498.4 266.1 80
2021003101 0.511 276.8 100.9 512.9 247.7 80
2021003101 0.507 497.1 195.9 500.1 258.9 80
2021003101 0.506 -15.4 1.0 260.3 292.2 80
2021003101 0.488 283.0 167.4 292.7 188.7 80
2021003101 0.479 1.3 133.3 6.3 188.0 80
2021003101 0.455 228.2 158.7 248.2 191.5 80
2021003101 0.446 285.3 14.6 504.9 248.4 80
2021003101 0.433 271.8 9.3 494.0 254.4 80
2021003101 0.404 256.6 169.2 283.5 191.5 6
2021003101 0.387 287.2 9.9 497.4 232.4 80
2021003101 0.375 28.4 24.4 256.3 265.1 80
2021003101 0.372 204.0 75.2 258.0 213.5 80
2021003101 0.371 257.0 166.3 281.6 188.7 80
2021003101 0.360 204.0 75.2 258.0 213.5 5
2021003101 0.360 -9.1 6.1 260.7 270.6 80
2021003101 0.350 259.6 169.9 281.2 191.4 6
2021003101 0.342 23.8 27.1 271.8 268.4 80
2021003101 0.324 193.8 168.0 207.3 214.5 80
2021003101 0.324 496.8 145.2 500.8 288.0 80
2021003101 0.318 104.8 66.8 248.4 242.7 80
2021003101 0.313 -9.6 6.4 186.6 276.0 80
2021003101 0.286 0.8 16.4 4.3 106.3 80
2021003101 0.279 259.6 169.9 281.2 191.4 80
2021003101 0.272 258.4 18.9 523.9 240.2 80
2021003101 0.252 297.3 37.8 522.0 233.1 80
2021003101 0.241 256.6 169.2 283.5 191.5 80
2021003101 0.233 257.0 166.3 281.6 188.7 6
2021003101 0.212 0.1 154.2 5.3 290.0 80
2021003101 0.190 -1.8 66.9 32.9 290.0 80
2021003101 0.183 112.9 98.0 290.7 204.8 80
2021003101 0.168 451.8 78.4 498.7 181.2 5
2021003101 0.166 334.1 322.7 463.4 335.2 80
2021003101 0.154 421.6 205.6 499.5 252.5 6
2021003101 0.150 412.6 204.6 499.2 253.4 6
2021003101 0.148 -8.5 160.9 92.0 316.7 80
2021003101 0.144 61.0 255.6 195.1 337.1 80
2021003101 0.140 294.8 118.7 535.8 243.6 80
2021003101 0.139 -27.4 107.5 240.0 257.7 80
2021003101 0.139 257.0 151.5 472.3 287.7 80
2021003101 0.138 23.9 102.1 283.4 255.8 80
2021003101 0.137 -3.8 132.6 265.4 273.3 80
2021003101 0.135 134.3 192.7 375.4 320.0 80
2021003101 0.135 184.0 320.2 321.9 335.6 80
2021003101 0.134 -6.6 284.7 42.6 337.6 80
2021003101 0.133 204.5 168.1 434.1 300.7 80
2021003101 0.133 56.4 168.3 282.6 302.0 80
2021003101 0.131 313.6 293.5 426.1 328.1 80
2021003101 0.131 2.6 94.8 229.8 228.4 80
2021003101 0.130 153.1 281.8 254.6 328.1 80
2021003101 0.128 55.0 318.9 152.2 335.3 80
2021003101 0.128 108.5 154.6 390.7 249.0 80
2021003101 0.128 332.4 103.4 465.6 202.6 80
2021003101 0.127 227.1 129.9 456.0 241.8 80
2021003101 0.126 269.2 314.1 379.6 334.2 80
2021003101 0.124 221.1 286.0 325.3 327.2 80
2021003101 0.124 121.2 314.0 216.2 335.0 80
2021003101 0.123 180.0 311.0 301.5 333.0 80
2021003101 0.123 22.3 98.5 132.8 186.2 80
2021003101 0.122 20.7 293.5 100.9 329.9 80
2021003101 0.119 406.4 301.8 491.4 330.8 80
2021003101 0.115 18.8 85.0 269.0 210.8 80
2021003101 0.113 51.9 86.8 436.3 196.3 80
2021003101 0.111 -17.1 72.5 269.5 169.5 80
2021003101 0.108 149.4 45.2 438.6 115.3 80
2021003101 0.107 61.9 15.1 439.2 71.7 80
2021003101 0.106 -31.1 8.2 421.3 78.2 80
2021003101 0.104 -145.4 -2.2 281.7 55.4 80
2021003101 0.100 142.8 -5.5 617.7 41.7 80
2021003101 0.100 86.1 -0.7 579.4 33.0 80
2021003101 0.095 212.4 159.3 253.0 209.0 6
2021003101 0.000 0.8 39.6 103.7 219.9 80
2021003101 0.000 245.1 64.6 370.2 203.1 80
2021003101 0.000 203.1 44.4 266.1 106.7 80
2021003101 0.000 256.6 123.7 316.4 182.9 80
2021003101 0.000 372.7 97.3 484.8 238.7 80
2021003101 0.000 45.9 193.6 106.8 256.8 80
2021003101 0.000 83.8 105.7 144.8 167.7 80
2021003101 0.000 133.1 93.5 218.1 194.0 80
2021003101 0.000 390.5 85.7 458.7 145.2 80
2021003101 0.000 453.6 114.4 499.6 187.5 80
2021003101 0.000 213.4 101.7 273.6 161.0 80
2021003101 0.000 141.4 73.2 202.4 136.6 80
2021003101 0.000 22.0 26.3 202.7 174.0 80
2021003101 0.000 325.8 10.5 494.5 170.4 80
2021003101 0.000 1.5 179.1 48.0 253.0 80
2021003101 0.000 162.0 29.1 299.4 188.1 80
2021003101 0.000 349.9 130.4 409.9 189.0 80
2021003101 0.000 219.9 213.4 281.0 299.7 80
2021003101 0.000 90.6 167.7 149.2 226.6 80
2021003101 0.000 314.7 90.6 375.2 149.9 80
2021003101 0.000 357.4 176.8 415.0 236.3 80
2021003101 0.000 32.4 113.1 167.8 245.7 80
2021003101 0.000 1.0 134.7 47.1 208.2 80
2021003101 0.000 453.4 171.3 499.7 244.6 80
2021003101 0.000 0.5 112.0 102.1 317.8 80
2021003101 0.000 449.1 48.2 499.7 136.2 80
2021003101 0.000 259.7 2.5 324.6 65.8 80
2021003101 0.000 137.6 194.1 201.5 258.6 80
2021003101 0.000 298.6 152.6 359.4 210.5 80
2021003101 0.000 28.5 138.6 93.6 196.8 80
2021003101 0.000 255.4 112.1 363.3 309.4 80
2021003101 0.000 119.1 143.0 232.5 281.2 80
2021003101 0.000 149.8 153.7 210.5 211.6 80
2021003101 0.000 293.1 118.3 480.6 230.7 80
2021003101 0.000 325.6 194.5 382.1 262.6 80
2021003101 0.000 0.7 20.0 51.8 94.1 80
2021003101 0.000 219.9 176.7 278.2 235.5 80
2021003101 0.000 48.8 19.0 377.9 228.3 80
2021003101 0.000 410.2 156.8 474.8 215.0 80
2021003101 0.000 205.3 105.0 317.1 249.4 80
2021003101 0.000 0.7 221.7 58.3 328.6 80
2021003101 0.000 180.1 197.3 238.1 264.5 80
2021003101 0.000 177.0 51.2 471.7 236.8 80
2021003101 0.000 49.5 97.5 281.8 229.4 80
2021003101 0.000 325.8 41.4 402.7 103.4 80
2021003101 0.000 101.1 43.9 244.3 277.4 80
2021003101 0.000 0.3 80.7 51.5 154.3 80
2021003101 0.000 206.3 143.0 267.2 201.4 80
2021003101 0.000 442.7 217.4 499.6 327.4 80
2021003101 0.000 15.1 12.8 486.3 174.5 80
2021003101 0.000 398.5 98.9 499.4 315.8 80
2021003101 0.000 1.5 5.5 282.2 329.9 80
2021003101 0.000 94.9 14.0 401.8 325.0 80
2021003101 0.000 262.6 37.4 424.1 278.3 80
2021003101 0.000 189.1 7.3 402.0 120.4 80
2021003101 0.000 1.1 21.4 146.5 322.8 80
2021003101 0.000 212.9 5.7 497.4 331.0 80
2021003101 0.000 160.6 175.5 349.3 326.9 80
2021003101 0.000 159.4 25.0 350.2 316.2 80
2021003101 0.000 357.7 16.7 501.3 319.9 80
2021003101 0.000 11.5 79.9 225.9 328.5 80
2021003101 0.000 280.6 212.4 336.4 294.2 80
2021003101 0.000 171.4 94.0 308.9 314.0 80
2021003101 0.000 132.8 69.1 366.0 324.4 80
2021003101 0.000 257.5 148.1 363.0 272.1 80
2021003101 0.000 5.0 248.1 130.5 332.4 80
2021003101 0.000 306.3 160.5 481.9 323.9 80
2021003101 0.000 54.0 226.7 278.3 330.9 80
2021003101 0.000 11.7 162.6 185.3 324.9 80
2021003101 0.000 3.3 1.2 410.3 331.1 80
2021003101 0.000 8.2 203.4 491.3 331.4 80
2021003101 0.000 4.9 57.7 361.3 327.9 80
2021003101 0.000 223.1 227.9 472.3 331.4 80
2021003101 0.000 72.1 57.1 444.5 284.5 80
2021003101 0.000 34.1 131.1 327.0 322.2 80
2021003101 0.000 85.7 1.0 494.7 331.0 80
2021003101 0.000 278.1 77.3 486.3 331.0 80
2021003101 0.000 162.7 118.0 345.4 204.8 80
2021003101 0.000 244.5 179.3 298.1 242.7 80
2021003101 0.000 168.6 134.4 451.1 322.0 80
2021003101 0.000 362.2 218.2 494.6 327.3 80
2021003101 0.000 44.5 53.9 117.2 121.5 80
2021003101 0.000 160.2 58.7 492.6 329.0 80
2021003101 0.000 134.9 91.5 359.6 260.9 80
2021003101 0.000 67.7 127.2 402.2 241.5 80
2021003101 0.000 22.5 38.2 474.5 321.3 80
2021003101 0.000 0.6 89.3 498.5 323.8 80
2021003101 0.000 0.8 0.8 499.6 332.2 80
2021003101 0.000 17.2 85.3 483.8 240.0 80
2021003101 0.000 2.5 21.1 497.4 273.2 80
2021003101 0.000 424.3 5.6 498.8 76.0 80
2021003101 0.000 17.2 85.3 483.8 240.0 0
2021003101 0.000 262.6 37.4 424.1 278.3 14
2021003101 0.000 171.4 94.0 308.9 314.0 14
2021003101 0.000 101.1 43.9 244.3 277.4 14
2021003101 0.000 159.4 25.0 350.2 316.2 14
2021003101 0.000 11.5 79.9 225.9 328.5 14
2021003101 0.000 278.1 77.3 486.3 331.0 14
2021003101 0.000 132.8 69.1 366.0 324.4 14
2021003101 0.000 154.2 268.6 238.2 328.2 80
