2021001856 0.659 214.9 182.2 232.8 212.8 80
2021001856 0.631 314.7 467.2 334.7 495.6 80
2021001856 0.625 191.0 236.9 254.5 355.2 80
2021001856 0.624 241.7 240.9 259.3 264.2 80
2021001856 0.621 123.6 190.7 166.3 239.5 80
2021001856 0.618 196.6 260.5 267.9 396.2 80
2021001856 0.616 164.4 194.4 186.0 220.1 80
2021001856 0.616 114.1 217.5 260.2 305.1 80
2021001856 0.616 143.8 205.8 189.6 246.2 80
2021001856 0.608 101.9 232.5 145.8 310.8 80
2021001856 0.607 115.6 192.1 162.4 266.9 80
2021001856 0.603 329.4 246.1 333.2 294.9 80
2021001856 0.602 104.0 216.0 157.0 314.8 80
2021001856 0.600 247.4 241.0 261.3 260.5 80
2021001856 0.593 95.7 220.7 132.2 311.5 80
2021001856 0.592 92.1 193.7 105.9 217.6 80
2021001856 0.590 143.8 222.0 194.6 266.4 80
2021001856 0.587 193.6 241.8 253.1 352.8 80
2021001856 0.582 105.2 199.9 120.1 222.1 80
2021001856 0.573 330.5 332.7 333.2 390.7 80
2021001856 0.550 330.8 125.0 333.2 174.4 80
2021001856 0.548 168.1 191.5 182.0 213.1 80
2021001856 0.505 113.4 193.1 160.7 288.4 14
2021001856 0.504 69.8 210.1 166.8 280.8 80
2021001856 0.498 152.0 197.1 168.3 223.4 80
2021001856 0.470 194.4 233.2 251.3 261.2 80
2021001856 0.470 95.9 215.9 120.2 274.7 80
2021001856 0.465 195.9 266.9 268.1 397.6 80
2021001856 0.463 92.8 217.6 115.2 263.0 80
2021001856 0.462 152.5 190.0 174.0 222.6 80
2021001856 0.454 1.0 153.6 3.6 215.2 80
2021001856 0.439 96.2 193.4 111.4 214.7 80
2021001856 0.435 0.9 224.6 3.7 316.8 80
2021001856 0.433 246.6 235.3 259.7 257.7 80
2021001856 0.392 168.6 204.9 276.1 373.5 80
2021001856 0.386 330.1 340.9 333.1 472.1 80
2021001856 0.371 331.7 127.0 333.1 263.9 80
2021001856 0.363 193.9 253.9 263.4 396.2 10
2021001856 0.342 93.5 193.7 112.3 215.0 14
2021001856 0.333 331.8 186.5 333.1 395.7 80
2021001856 0.325 184.0 258.3 284.2 395.7 80
2021001856 0.324 1.3 120.4 4.5 268.3 80
2021001856 0.318 134.6 212.5 191.1 243.9 80
2021001856 0.305 93.5 193.7 112.3 215.0 80
2021001856 0.302 326.2 108.1 333.3 514.0 80
2021001856 0.299 154.4 186.2 172.5 212.1 80
2021001856 0.284 330.1 80.3 333.2 396.8 80
2021001856 0.276 164.1 240.4 302.4 372.9 80
2021001856 0.259 4.4 120.6 88.7 525.6 80
2021001856 0.244 154.4 186.2 172.5 212.1 14
2021001856 0.239 0.8 16.0 2.7 113.5 80
2021001856 0.226 0.6 275.6 2.6 445.5 80
2021001856 0.216 332.3 9.9 333.5 48.6 80
2021001856 0.211 113.4 193.1 160.7 288.4 80
2021001856 0.208 0.9 96.9 4.6 426.7 80
2021001856 0.207 92.8 217.6 115.2 263.0 8
2021001856 0.207 193.9 253.9 263.4 396.2 80
2021001856 0.202 246.6 235.3 259.7 257.7 8
2021001856 0.191 194.4 233.2 251.3 261.2 8
2021001856 0.190 195.9 266.9 268.1 397.6 10
2021001856 0.188 97.3 489.6 249.7 501.7 80
2021001856 0.186 -0.4 405.6 9.6 509.5 80
2021001856 0.184 218.1 485.3 324.6 502.8 80
2021001856 0.181 152.5 190.0 174.0 222.6 14
2021001856 0.172 270.3 441.3 340.3 505.7 80
2021001856 0.163 95.9 215.9 120.2 274.7 8
2021001856 0.161 193.9 253.9 263.4 396.2 8
2021001856 0.154 -2.9 268.2 30.8 501.6 80
2021001856 0.154 193.6 241.8 253.1 352.8 8
2021001856 0.152 124.7 254.5 146.1 292.1 80
2021001856 0.151 194.5 383.5 307.6 509.3 80
2021001856 0.150 232.3 241.3 334.3 492.0 80
2021001856 0.150 96.2 193.4 111.4 214.7 14
2021001856 0.149 33.1 408.7 142.6 503.8 80
2021001856 0.147 121.0 290.9 251.9 381.8 80
2021001856 0.142 133.2 426.5 232.7 497.5 80
2021001856 0.141 102.3 474.4 221.8 500.6 80
2021001856 0.140 92.5 432.6 185.9 494.2 80
2021001856 0.139 2.7 252.1 127.7 478.5 80
2021001856 0.139 52.7 274.9 117.2 379.9 80
2021001856 0.138 0.7 240.2 22.1 369.1 80
2021001856 0.136 25.6 481.3 109.0 503.2 80
2021001856 0.135 39.8 275.3 192.0 462.9 80
2021001856 0.135 7.6 449.9 70.2 498.6 80
2021001856 0.134 81.2 306.1 258.4 467.0 80
2021001856 0.133 71.4 477.5 153.0 502.5 80
2021001856 0.132 21.1 223.8 150.8 437.0 80
2021001856 0.132 101.9 232.5 145.8 310.8 8
2021001856 0.130 -0.2 59.8 20.5 123.4 80
2021001856 0.130 172.1 471.7 254.1 501.5 80
2021001856 0.130 91.1 275.7 250.7 436.5 80
2021001856 0.130 31.8 313.5 86.8 398.5 80
2021001856 0.128 77.8 175.8 254.7 329.1 80
2021001856 0.126 211.4 228.4 330.4 387.9 80
2021001856 0.124 95.7 220.7 132.2 311.5 8
2021001856 0.123 31.7 320.6 90.9 428.3 80
2021001856 0.121 61.4 276.1 206.7 409.6 80
2021001856 0.120 249.5 195.9 331.5 342.1 80
2021001856 0.118 321.3 38.0 337.3 119.9 80
2021001856 0.116 191.0 236.9 254.5 355.2 8
2021001856 0.659 214.9 182.2 232.8 212.8 80
2021001856 0.631 314.7 467.2 334.7 495.6 80
2021001856 0.625 191.0 236.9 254.5 355.2 80
2021001856 0.624 241.7 240.9 259.3 264.2 80
2021001856 0.621 123.6 190.7 166.3 239.5 80
2021001856 0.618 196.6 260.5 267.9 396.2 80
2021001856 0.616 164.4 194.4 186.0 220.1 80
2021001856 0.616 114.1 217.5 260.2 305.1 80
2021001856 0.616 143.8 205.8 189.6 246.2 80
2021001856 0.608 101.9 232.5 145.8 310.8 80
2021001856 0.607 115.6 192.1 162.4 266.9 80
2021001856 0.603 329.4 246.1 333.2 294.9 80
2021001856 0.602 104.0 216.0 157.0 314.8 80
2021001856 0.600 247.4 241.0 261.3 260.5 80
2021001856 0.593 95.7 220.7 132.2 311.5 80
2021001856 0.592 92.1 193.7 105.9 217.6 80
2021001856 0.590 143.8 222.0 194.6 266.4 80
2021001856 0.587 193.6 241.8 253.1 352.8 80
2021001856 0.582 105.2 199.9 120.1 222.1 80
2021001856 0.573 330.5 332.7 333.2 390.7 80
2021001856 0.550 330.8 125.0 333.2 174.4 80
2021001856 0.548 168.1 191.5 182.0 213.1 80
2021001856 0.505 113.4 193.1 160.7 288.4 14
2021001856 0.504 69.8 210.1 166.8 280.8 80
2021001856 0.498 152.0 197.1 168.3 223.4 80
2021001856 0.470 194.4 233.2 251.3 261.2 80
2021001856 0.470 95.9 215.9 120.2 274.7 80
2021001856 0.465 195.9 266.9 268.1 397.6 80
2021001856 0.463 92.8 217.6 115.2 263.0 80
2021001856 0.462 152.5 190.0 174.0 222.6 80
2021001856 0.454 1.0 153.6 3.6 215.2 80
2021001856 0.439 96.2 193.4 111.4 214.7 80
2021001856 0.435 0.9 224.6 3.7 316.8 80
2021001856 0.433 246.6 235.3 259.7 257.7 80
2021001856 0.392 168.6 204.9 276.1 373.5 80
2021001856 0.386 330.1 340.9 333.1 472.1 80
2021001856 0.371 331.7 127.0 333.1 263.9 80
2021001856 0.363 193.9 253.9 263.4 396.2 10
2021001856 0.342 93.5 193.7 112.3 215.0 14
2021001856 0.333 331.8 186.5 333.1 395.7 80
2021001856 0.325 184.0 258.3 284.2 395.7 80
2021001856 0.324 1.3 120.4 4.5 268.3 80
2021001856 0.318 134.6 212.5 191.1 243.9 80
2021001856 0.305 93.5 193.7 112.3 215.0 80
2021001856 0.302 326.2 108.1 333.3 514.0 80
2021001856 0.299 154.4 186.2 172.5 212.1 80
2021001856 0.284 330.1 80.3 333.2 396.8 80
2021001856 0.276 164.1 240.4 302.4 372.9 80
2021001856 0.259 4.4 120.6 88.7 525.6 80
2021001856 0.244 154.4 186.2 172.5 212.1 14
2021001856 0.239 0.8 16.0 2.7 113.5 80
2021001856 0.226 0.6 275.6 2.6 445.5 80
2021001856 0.216 332.3 9.9 333.5 48.6 80
2021001856 0.211 113.4 193.1 160.7 288.4 80
2021001856 0.208 0.9 96.9 4.6 426.7 80
2021001856 0.207 92.8 217.6 115.2 263.0 8
2021001856 0.207 193.9 253.9 263.4 396.2 80
2021001856 0.202 246.6 235.3 259.7 257.7 8
2021001856 0.191 194.4 233.2 251.3 261.2 8
2021001856 0.190 195.9 266.9 268.1 397.6 10
2021001856 0.188 97.3 489.6 249.7 501.7 80
2021001856 0.186 -0.4 405.6 9.6 509.5 80
2021001856 0.184 218.1 485.3 324.6 502.8 80
2021001856 0.181 152.5 190.0 174.0 222.6 14
2021001856 0.172 270.3 441.3 340.3 505.7 80
2021001856 0.163 95.9 215.9 120.2 274.7 8
2021001856 0.161 193.9 253.9 263.4 396.2 8
2021001856 0.154 -2.9 268.2 30.8 501.6 80
2021001856 0.154 193.6 241.8 253.1 352.8 8
2021001856 0.152 124.7 254.5 146.1 292.1 80
2021001856 0.151 194.5 383.5 307.6 509.3 80
2021001856 0.150 232.3 241.3 334.3 492.0 80
2021001856 0.150 96.2 193.4 111.4 214.7 14
2021001856 0.149 33.1 408.7 142.6 503.8 80
2021001856 0.147 121.0 290.9 251.9 381.8 80
2021001856 0.142 133.2 426.5 232.7 497.5 80
2021001856 0.141 102.3 474.4 221.8 500.6 80
2021001856 0.140 92.5 432.6 185.9 494.2 80
2021001856 0.139 2.7 252.1 127.7 478.5 80
2021001856 0.139 52.7 274.9 117.2 379.9 80
2021001856 0.138 0.7 240.2 22.1 369.1 80
2021001856 0.136 25.6 481.3 109.0 503.2 80
2021001856 0.135 39.8 275.3 192.0 462.9 80
2021001856 0.135 7.6 449.9 70.2 498.6 80
2021001856 0.134 81.2 306.1 258.4 467.0 80
2021001856 0.133 71.4 477.5 153.0 502.5 80
2021001856 0.132 21.1 223.8 150.8 437.0 80
2021001856 0.132 101.9 232.5 145.8 310.8 8
2021001856 0.130 -0.2 59.8 20.5 123.4 80
2021001856 0.130 172.1 471.7 254.1 501.5 80
2021001856 0.130 91.1 275.7 250.7 436.5 80
2021001856 0.130 31.8 313.5 86.8 398.5 80
2021001856 0.128 77.8 175.8 254.7 329.1 80
2021001856 0.126 211.4 228.4 330.4 387.9 80
2021001856 0.124 95.7 220.7 132.2 311.5 8
2021001856 0.123 31.7 320.6 90.9 428.3 80
2021001856 0.121 61.4 276.1 206.7 409.6 80
2021001856 0.120 249.5 195.9 331.5 342.1 80
2021001856 0.118 321.3 38.0 337.3 119.9 80
2021001856 0.116 191.0 236.9 254.5 355.2 8
2021001856 0.000 242.1 139.1 329.7 349.7 80
2021001856 0.000 2.5 167.6 131.8 355.2 80
2021001856 0.000 140.4 104.0 277.6 257.6 80
2021001856 0.000 90.5 49.7 224.0 244.1 80
2021001856 0.000 183.0 183.6 333.4 341.1 80
2021001856 0.000 0.6 42.5 68.3 331.4 80
2021001856 0.000 300.4 87.4 332.8 193.4 80
2021001856 0.000 267.3 236.0 322.5 322.9 80
2021001856 0.000 0.8 172.0 68.4 475.0 80
2021001856 0.000 0.6 199.7 31.7 312.2 80
2021001856 0.000 302.2 255.9 332.8 368.9 80
2021001856 0.000 55.1 253.3 105.7 338.6 80
2021001856 0.000 302.3 170.1 332.8 282.8 80
2021001856 0.000 11.9 205.2 69.8 292.2 80
2021001856 0.000 129.9 214.9 186.1 300.8 80
2021001856 0.000 82.8 176.3 153.8 269.0 80
2021001856 0.000 1.3 267.6 32.0 380.4 80
2021001856 0.000 265.3 161.4 332.8 470.2 80
2021001856 0.000 103.4 68.5 329.9 372.7 80
2021001856 0.000 159.7 80.3 302.9 409.1 80
2021001856 0.000 213.5 5.5 335.4 250.0 80
2021001856 0.000 295.8 334.6 332.2 484.9 80
2021001856 0.000 14.3 140.5 206.7 349.5 80
2021001856 0.000 91.5 228.7 149.0 314.9 80
2021001856 0.000 161.6 186.0 221.3 271.2 80
2021001856 0.000 89.5 186.0 248.3 317.4 80
2021001856 0.000 190.4 230.1 249.0 315.2 80
2021001856 0.000 191.9 152.1 320.8 484.8 80
2021001856 0.000 223.1 197.3 284.2 282.0 80
2021001856 0.000 0.4 28.1 34.9 140.7 80
2021001856 0.000 230.0 270.5 286.6 354.2 80
2021001856 0.000 46.3 160.9 107.2 246.4 80
2021001856 0.000 6.0 21.8 152.2 243.9 80
2021001856 0.000 132.7 149.6 192.2 235.9 80
2021001856 0.000 1.6 -17.0 332.6 285.6 80
2021001856 0.000 0.8 334.2 38.4 495.6 80
2021001856 0.000 0.6 119.3 34.2 231.8 80
2021001856 0.000 5.1 195.4 238.1 491.4 80
2021001856 0.000 19.9 34.4 265.8 337.7 80
2021001856 0.000 96.1 285.2 238.8 494.2 80
2021001856 0.000 252.4 134.9 314.4 220.8 80
2021001856 0.000 85.2 119.4 250.2 482.5 80
2021001856 0.000 107.2 172.4 219.7 460.6 80
2021001856 0.000 -1.0 125.3 161.0 495.4 80
2021001856 0.000 64.3 122.9 268.5 395.9 80
2021001856 0.000 161.6 217.9 264.0 445.0 80
2021001856 0.000 -4.1 260.8 131.5 493.7 80
2021001856 0.000 199.3 139.6 261.7 224.2 80
2021001856 0.000 126.2 72.2 188.4 157.4 80
2021001856 0.000 47.5 49.6 284.3 461.9 80
2021001856 0.000 99.9 217.1 315.6 492.4 80
2021001856 0.000 2.9 326.3 221.4 496.5 80
2021001856 0.000 239.5 28.3 332.9 480.9 80
2021001856 0.000 196.7 258.0 325.3 491.0 80
2021001856 0.000 3.0 372.6 88.1 498.8 80
2021001856 0.000 0.6 95.3 245.2 496.7 80
2021001856 0.000 138.2 8.1 336.1 496.4 80
2021001856 0.000 241.7 335.1 328.7 494.1 80
2021001856 0.000 97.8 107.0 341.0 501.4 80
2021001856 0.000 84.6 112.1 145.6 198.0 80
2021001856 0.000 119.9 199.1 231.3 355.6 80
2021001856 0.000 24.5 295.5 78.5 386.2 80
2021001856 0.000 37.5 115.0 306.0 430.5 80
2021001856 0.000 -3.2 9.9 198.5 494.6 80
2021001856 0.000 133.3 350.2 331.7 500.1 80
2021001856 0.000 31.7 53.6 202.4 448.0 80
2021001856 0.000 57.7 142.2 180.1 477.5 80
2021001856 0.000 111.1 271.1 233.3 459.5 80
2021001856 0.000 1.5 309.5 332.2 500.6 80
2021001856 0.000 95.1 -1.9 305.0 156.1 80
2021001856 0.000 1.4 3.4 279.7 496.8 80
2021001856 0.000 90.7 22.6 248.6 481.6 80
2021001856 0.000 88.9 304.6 142.0 388.0 80
2021001856 0.000 26.4 201.0 288.5 372.5 80
2021001856 0.000 50.0 11.3 332.6 499.2 80
2021001856 0.000 0.7 149.6 332.7 496.7 80
2021001856 0.000 4.1 40.3 96.7 484.5 80
2021001856 0.000 9.6 60.9 317.2 502.9 80
2021001856 0.000 1.1 40.6 332.8 458.1 80
2021001856 0.000 0.9 0.7 332.8 499.3 80
2021001856 0.000 164.6 7.2 226.3 97.5 80
2021001856 0.000 211.2 71.4 276.0 156.8 80
2021001856 0.000 155.7 279.4 268.1 385.0 80
2021001856 0.000 5.3 188.7 333.6 394.2 80
2021001856 0.000 283.8 7.0 331.1 114.5 80
2021001856 0.000 143.9 264.6 193.4 348.7 80
2021001856 0.000 21.0 91.0 87.8 178.0 80
2021001856 0.000 215.5 293.4 271.2 374.9 80
2021001856 0.000 0.9 0.7 332.8 499.3 14
2021001856 0.000 0.9 0.7 332.8 499.3 7
2021001856 0.000 50.0 11.3 332.6 499.2 14
2021001856 0.000 0.9 0.7 332.8 499.3 11
2021001856 0.000 47.5 49.6 284.3 461.9 14
2021001856 0.000 138.2 8.1 336.1 496.4 14
2021001856 0.000 9.6 60.9 317.2 502.9 14
2021001856 0.000 -3.2 9.9 198.5 494.6 14
2021001856 0.000 1.4 3.4 279.7 496.8 14
2021001856 0.000 -1.0 125.3 161.0 495.4 14
2021001856 0.000 0.6 95.3 245.2 496.7 14
2021001856 0.000 0.7 149.6 332.7 496.7 17
