2021000000378673 0.794 599.3 376.9 636.5 424.6 80
2021000000378673 0.728 632.1 150.5 641.3 174.3 80
2021000000378673 0.720 602.9 150.7 618.3 168.2 80
2021000000378673 0.717 604.8 150.8 620.7 169.8 80
2021000000378673 0.695 244.0 40.3 418.2 270.9 80
2021000000378673 0.689 637.9 175.8 640.0 252.3 80
2021000000378673 0.686 558.9 178.0 568.3 190.9 80
2021000000378673 0.663 200.6 175.9 223.2 224.7 80
2021000000378673 0.659 242.3 40.5 417.0 269.9 18
2021000000378673 0.649 484.3 167.8 498.9 196.9 80
2021000000378673 0.647 3.1 157.1 23.9 187.5 80
2021000000378673 0.642 277.4 178.4 305.2 199.4 80
2021000000378673 0.635 637.5 150.4 640.1 169.4 80
2021000000378673 0.632 527.2 164.8 542.1 214.2 80
2021000000378673 0.614 206.0 151.9 611.3 248.2 80
2021000000378673 0.614 23.2 143.5 540.4 255.3 80
2021000000378673 0.612 491.7 159.0 505.0 193.6 80
2021000000378673 0.612 27.2 126.5 599.7 249.2 80
2021000000378673 0.609 234.9 175.5 250.2 217.3 80
2021000000378673 0.608 144.4 133.1 624.4 261.0 80
