2021000623 0.753 154.1 25.0 200.9 124.6 14
2021000623 0.715 151.5 62.6 197.1 120.6 80
2021000623 0.709 111.4 53.7 222.7 192.4 12
2021000623 0.700 111.6 51.4 210.4 123.1 80
2021000623 0.688 132.1 40.1 210.4 135.4 80
2021000623 0.686 169.3 127.1 215.7 186.2 80
2021000623 0.662 298.2 193.4 318.5 212.0 80
2021000623 0.642 164.2 71.8 221.0 186.7 80
2021000623 0.638 3.3 94.8 16.0 120.3 80
2021000623 0.629 152.3 27.9 200.3 123.0 80
2021000623 0.604 112.7 56.2 220.3 190.6 80
2021000623 0.602 129.3 57.1 219.7 181.1 80
2021000623 0.592 153.9 27.7 196.3 112.6 80
2021000623 0.587 47.6 70.6 66.3 87.6 80
2021000623 0.586 311.2 66.5 320.6 100.9 80
2021000623 0.580 1.1 98.4 5.6 131.6 80
2021000623 0.569 315.7 59.2 320.1 134.8 80
2021000623 0.558 48.6 69.9 67.5 88.5 80
2021000623 0.548 315.1 67.3 320.2 96.6 80
2021000623 0.526 1.1 73.3 5.1 121.1 80
2021000623 0.492 113.0 48.2 224.5 183.1 80
2021000623 0.488 318.5 121.2 320.1 184.9 80
2021000623 0.466 313.5 56.4 320.7 94.9 80
2021000623 0.465 112.2 53.7 220.3 189.8 80
2021000623 0.331 318.6 48.9 320.2 182.6 80
2021000623 0.298 0.9 4.0 2.9 70.9 80
2021000623 0.260 319.7 15.0 320.2 37.2 80
2021000623 0.233 0.8 102.5 2.6 193.8 80
2021000623 0.217 0.5 31.7 5.5 193.9 80
2021000623 0.215 316.5 36.5 321.2 196.1 80
2021000623 0.177 -2.3 185.4 17.9 216.4 80
2021000623 0.176 306.7 159.0 325.1 209.8 80
2021000623 0.173 95.1 74.3 235.5 177.9 80
2021000623 0.171 296.6 49.8 321.5 206.1 80
2021000623 0.167 111.2 205.4 216.5 213.4 80
2021000623 0.166 136.5 114.6 167.3 139.0 80
2021000623 0.166 0.0 101.7 19.6 216.2 80
2021000623 0.155 48.6 69.9 67.5 88.5 6
2021000623 0.153 95.3 106.9 119.3 125.4 80
2021000623 0.146 142.2 139.4 183.1 182.4 80
2021000623 0.145 205.8 113.8 329.2 207.4 80
2021000623 0.141 44.3 185.2 127.1 211.2 80
2021000623 0.141 134.0 176.6 210.4 210.9 80
2021000623 0.139 217.7 204.5 292.4 213.7 80
2021000623 0.139 194.7 191.2 272.9 210.3 80
2021000623 0.139 2.1 54.4 42.1 205.0 80
2021000623 0.139 217.8 57.8 329.4 192.6 80
2021000623 0.138 94.9 94.3 235.5 188.1 80
2021000623 0.138 5.4 114.7 119.0 206.3 80
2021000623 0.137 6.7 129.4 35.2 148.9 80
2021000623 0.136 43.3 118.0 180.4 198.3 80
2021000623 0.135 99.2 182.6 167.5 209.5 80
2021000623 0.135 74.3 202.2 141.7 213.2 80
2021000623 0.135 91.8 123.1 236.8 200.9 80
2021000623 0.134 110.1 199.9 194.0 212.2 80
2021000623 0.132 257.0 197.3 316.1 210.9 80
2021000623 0.132 64.2 94.2 88.5 112.2 80
2021000623 0.130 31.9 204.0 105.6 213.4 80
2021000623 0.130 166.8 84.9 322.3 178.5 80
2021000623 0.129 148.8 109.0 302.2 189.1 80
2021000623 0.129 57.5 102.0 208.0 183.0 80
2021000623 0.128 15.3 100.3 157.2 180.5 80
2021000623 0.127 12.1 192.6 64.6 210.4 80
2021000623 0.125 176.1 91.7 204.9 117.8 80
2021000623 0.124 10.3 82.5 119.4 167.3 80
2021000623 0.123 163.4 117.2 206.3 153.9 80
2021000623 0.123 34.4 92.0 169.8 164.9 80
2021000623 0.122 169.3 198.3 239.5 212.6 80
2021000623 0.122 54.8 135.3 89.1 162.5 80
2021000623 0.122 97.3 122.7 167.1 159.4 80
2021000623 0.121 136.6 80.0 255.0 148.4 80
2021000623 0.120 100.1 91.1 225.5 146.2 80
2021000623 0.120 86.4 125.7 131.4 160.9 80
2021000623 0.120 106.0 107.0 155.3 142.6 80
2021000623 0.120 233.2 137.3 268.7 165.3 80
2021000623 0.119 265.9 110.0 311.8 172.9 80
2021000623 0.119 76.6 92.8 186.6 156.3 80
2021000623 0.114 1.6 99.1 96.7 136.6 80
2021000623 0.114 38.6 107.8 116.4 149.6 80
2021000623 0.113 -17.8 84.2 103.7 123.6 80
2021000623 0.112 38.0 88.4 152.1 124.1 80
2021000623 0.112 172.7 102.4 253.6 146.7 80
2021000623 0.110 134.1 60.3 341.1 104.9 80
2021000623 0.109 169.9 53.2 367.2 96.4 80
2021000623 0.109 -44.7 29.8 90.3 69.1 80
2021000623 0.106 61.5 0.8 356.5 28.4 80
2021000623 0.105 41.6 9.6 286.2 47.6 80
2021000623 0.104 -24.5 0.9 288.2 24.2 80
2021000623 0.104 255.2 33.4 351.2 78.3 80
2021000623 0.102 101.0 4.7 417.8 23.2 80
2021000623 0.099 124.8 3.7 443.0 19.0 80
2021000623 0.098 47.6 70.6 66.3 87.6 6
2021000623 0.097 164.2 71.8 221.0 186.7 12
2021000623 0.095 -132.0 -0.9 173.4 11.4 80
2021000623 0.093 -88.7 -0.2 230.1 12.8 80
2021000623 0.093 -58.6 0.2 260.2 13.4 80
2021000623 0.093 -24.2 -0.8 294.7 11.9 80
2021000623 0.093 -117.9 0.7 201.0 13.6 80
2021000623 0.092 99.8 0.4 418.7 13.9 80
2021000623 0.092 51.9 -0.8 370.9 12.0 80
2021000623 0.753 154.1 25.0 200.9 124.6 14
2021000623 0.715 151.5 62.6 197.1 120.6 80
2021000623 0.709 111.4 53.7 222.7 192.4 12
2021000623 0.700 111.6 51.4 210.4 123.1 80
2021000623 0.688 132.1 40.1 210.4 135.4 80
2021000623 0.686 169.3 127.1 215.7 186.2 80
2021000623 0.662 298.2 193.4 318.5 212.0 80
2021000623 0.642 164.2 71.8 221.0 186.7 80
2021000623 0.638 3.3 94.8 16.0 120.3 80
2021000623 0.629 152.3 27.9 200.3 123.0 80
2021000623 0.604 112.7 56.2 220.3 190.6 80
2021000623 0.602 129.3 57.1 219.7 181.1 80
2021000623 0.592 153.9 27.7 196.3 112.6 80
2021000623 0.587 47.6 70.6 66.3 87.6 80
2021000623 0.586 311.2 66.5 320.6 100.9 80
2021000623 0.580 1.1 98.4 5.6 131.6 80
2021000623 0.569 315.7 59.2 320.1 134.8 80
2021000623 0.558 48.6 69.9 67.5 88.5 80
2021000623 0.548 315.1 67.3 320.2 96.6 80
2021000623 0.526 1.1 73.3 5.1 121.1 80
2021000623 0.492 113.0 48.2 224.5 183.1 80
2021000623 0.488 318.5 121.2 320.1 184.9 80
2021000623 0.466 313.5 56.4 320.7 94.9 80
2021000623 0.465 112.2 53.7 220.3 189.8 80
2021000623 0.331 318.6 48.9 320.2 182.6 80
2021000623 0.298 0.9 4.0 2.9 70.9 80
2021000623 0.260 319.7 15.0 320.2 37.2 80
2021000623 0.233 0.8 102.5 2.6 193.8 80
2021000623 0.217 0.5 31.7 5.5 193.9 80
2021000623 0.215 316.5 36.5 321.2 196.1 80
2021000623 0.177 -2.3 185.4 17.9 216.4 80
2021000623 0.176 306.7 159.0 325.1 209.8 80
2021000623 0.173 95.1 74.3 235.5 177.9 80
2021000623 0.171 296.6 49.8 321.5 206.1 80
2021000623 0.167 111.2 205.4 216.5 213.4 80
2021000623 0.166 136.5 114.6 167.3 139.0 80
2021000623 0.166 0.0 101.7 19.6 216.2 80
2021000623 0.155 48.6 69.9 67.5 88.5 6
2021000623 0.153 95.3 106.9 119.3 125.4 80
2021000623 0.146 142.2 139.4 183.1 182.4 80
2021000623 0.145 205.8 113.8 329.2 207.4 80
2021000623 0.141 44.3 185.2 127.1 211.2 80
2021000623 0.141 134.0 176.6 210.4 210.9 80
2021000623 0.139 217.7 204.5 292.4 213.7 80
2021000623 0.139 194.7 191.2 272.9 210.3 80
2021000623 0.139 2.1 54.4 42.1 205.0 80
2021000623 0.139 217.8 57.8 329.4 192.6 80
2021000623 0.138 94.9 94.3 235.5 188.1 80
2021000623 0.138 5.4 114.7 119.0 206.3 80
2021000623 0.137 6.7 129.4 35.2 148.9 80
2021000623 0.136 43.3 118.0 180.4 198.3 80
2021000623 0.135 99.2 182.6 167.5 209.5 80
2021000623 0.135 74.3 202.2 141.7 213.2 80
2021000623 0.135 91.8 123.1 236.8 200.9 80
2021000623 0.134 110.1 199.9 194.0 212.2 80
2021000623 0.132 257.0 197.3 316.1 210.9 80
2021000623 0.132 64.2 94.2 88.5 112.2 80
2021000623 0.130 31.9 204.0 105.6 213.4 80
2021000623 0.130 166.8 84.9 322.3 178.5 80
2021000623 0.129 148.8 109.0 302.2 189.1 80
2021000623 0.129 57.5 102.0 208.0 183.0 80
2021000623 0.128 15.3 100.3 157.2 180.5 80
2021000623 0.127 12.1 192.6 64.6 210.4 80
2021000623 0.125 176.1 91.7 204.9 117.8 80
2021000623 0.124 10.3 82.5 119.4 167.3 80
2021000623 0.123 163.4 117.2 206.3 153.9 80
2021000623 0.123 34.4 92.0 169.8 164.9 80
2021000623 0.122 169.3 198.3 239.5 212.6 80
2021000623 0.122 54.8 135.3 89.1 162.5 80
2021000623 0.122 97.3 122.7 167.1 159.4 80
2021000623 0.121 136.6 80.0 255.0 148.4 80
2021000623 0.120 100.1 91.1 225.5 146.2 80
2021000623 0.120 86.4 125.7 131.4 160.9 80
2021000623 0.120 106.0 107.0 155.3 142.6 80
2021000623 0.120 233.2 137.3 268.7 165.3 80
2021000623 0.119 265.9 110.0 311.8 172.9 80
2021000623 0.119 76.6 92.8 186.6 156.3 80
2021000623 0.114 1.6 99.1 96.7 136.6 80
2021000623 0.114 38.6 107.8 116.4 149.6 80
2021000623 0.113 -17.8 84.2 103.7 123.6 80
2021000623 0.112 38.0 88.4 152.1 124.1 80
2021000623 0.112 172.7 102.4 253.6 146.7 80
2021000623 0.110 134.1 60.3 341.1 104.9 80
2021000623 0.109 169.9 53.2 367.2 96.4 80
2021000623 0.109 -44.7 29.8 90.3 69.1 80
2021000623 0.106 61.5 0.8 356.5 28.4 80
2021000623 0.105 41.6 9.6 286.2 47.6 80
2021000623 0.104 -24.5 0.9 288.2 24.2 80
2021000623 0.104 255.2 33.4 351.2 78.3 80
2021000623 0.102 101.0 4.7 417.8 23.2 80
2021000623 0.099 124.8 3.7 443.0 19.0 80
2021000623 0.098 47.6 70.6 66.3 87.6 6
2021000623 0.097 164.2 71.8 221.0 186.7 12
2021000623 0.095 -132.0 -0.9 173.4 11.4 80
2021000623 0.093 -88.7 -0.2 230.1 12.8 80
2021000623 0.093 -58.6 0.2 260.2 13.4 80
2021000623 0.093 -24.2 -0.8 294.7 11.9 80
2021000623 0.093 -117.9 0.7 201.0 13.6 80
2021000623 0.092 99.8 0.4 418.7 13.9 80
2021000623 0.092 51.9 -0.8 370.9 12.0 80
2021000623 0.000 0.8 25.6 66.4 140.0 80
2021000623 0.000 157.2 41.5 236.9 129.3 80
2021000623 0.000 130.3 28.6 170.3 67.9 80
2021000623 0.000 164.6 79.1 202.5 116.4 80
2021000623 0.000 238.9 62.3 310.3 152.0 80
2021000623 0.000 29.7 123.6 68.3 163.5 80
2021000623 0.000 54.0 67.7 92.7 106.7 80
2021000623 0.000 85.5 59.9 139.6 123.5 80
2021000623 0.000 250.3 54.9 293.6 92.4 80
2021000623 0.000 290.7 73.2 319.7 119.4 80
2021000623 0.000 136.9 65.1 175.1 102.5 80
2021000623 0.000 90.9 47.0 129.5 86.9 80
2021000623 0.000 14.4 17.1 129.8 110.7 80
2021000623 0.000 208.9 7.0 316.5 108.5 80
2021000623 0.000 1.3 114.4 30.7 161.1 80
2021000623 0.000 104.1 18.9 191.6 119.7 80
2021000623 0.000 224.3 83.4 262.4 120.3 80
2021000623 0.000 141.1 136.2 179.8 190.8 80
2021000623 0.000 58.3 107.1 95.5 144.3 80
2021000623 0.000 201.8 58.1 240.2 95.4 80
2021000623 0.000 229.1 112.9 265.6 150.5 80
2021000623 0.000 21.1 72.4 107.4 156.4 80
2021000623 0.000 1.0 86.1 30.2 132.5 80
2021000623 0.000 290.5 109.4 319.8 155.7 80
2021000623 0.000 0.7 71.7 65.4 202.3 80
2021000623 0.000 287.8 31.0 319.8 86.7 80
2021000623 0.000 166.5 2.0 207.8 41.9 80
2021000623 0.000 88.4 123.9 129.0 164.6 80
2021000623 0.000 191.5 97.5 230.0 134.0 80
2021000623 0.000 18.6 88.6 59.9 125.3 80
2021000623 0.000 163.8 71.7 232.5 197.0 80
2021000623 0.000 76.6 91.4 148.8 179.0 80
2021000623 0.000 96.2 98.2 134.7 134.7 80
2021000623 0.000 187.9 75.7 307.6 146.9 80
2021000623 0.000 208.7 124.2 244.5 167.2 80
2021000623 0.000 0.8 13.1 33.2 59.9 80
2021000623 0.000 141.1 112.9 178.1 149.9 80
2021000623 0.000 31.6 12.4 241.8 145.3 80
2021000623 0.000 262.9 100.2 303.8 136.9 80
2021000623 0.000 131.7 67.2 202.9 158.8 80
2021000623 0.000 0.8 141.5 37.3 209.2 80
2021000623 0.000 115.6 126.0 152.4 168.4 80
2021000623 0.000 113.7 33.0 301.9 150.8 80
2021000623 0.000 32.0 62.4 180.3 146.0 80
2021000623 0.000 208.9 26.7 257.7 65.8 80
2021000623 0.000 65.1 28.3 156.4 176.6 80
2021000623 0.000 0.6 51.7 33.0 98.2 80
2021000623 0.000 132.4 91.4 171.0 128.2 80
2021000623 0.000 283.7 138.8 319.8 208.5 80
2021000623 0.000 10.0 8.5 311.2 111.1 80
2021000623 0.000 255.4 63.3 319.6 201.0 80
2021000623 0.000 1.3 3.9 180.6 210.0 80
2021000623 0.000 61.1 9.3 257.1 206.9 80
2021000623 0.000 168.4 24.2 271.4 177.2 80
2021000623 0.000 121.4 5.0 257.3 76.6 80
2021000623 0.000 1.1 14.0 93.8 205.5 80
2021000623 0.000 136.6 4.0 318.4 210.7 80
2021000623 0.000 103.2 112.1 223.6 208.1 80
2021000623 0.000 102.4 16.3 224.1 201.3 80
2021000623 0.000 229.3 11.0 320.9 203.6 80
2021000623 0.000 7.7 51.2 144.6 209.1 80
2021000623 0.000 180.0 135.6 215.3 187.3 80
2021000623 0.000 110.1 60.2 197.7 199.9 80
2021000623 0.000 85.3 44.4 234.3 206.5 80
2021000623 0.000 165.2 94.6 232.3 173.2 80
2021000623 0.000 3.6 158.3 83.5 211.6 80
2021000623 0.000 196.4 102.6 308.4 206.2 80
2021000623 0.000 34.9 144.7 178.1 210.7 80
2021000623 0.000 7.8 103.9 118.6 206.8 80
2021000623 0.000 2.5 1.1 262.6 210.8 80
2021000623 0.000 5.6 129.9 314.4 211.0 80
2021000623 0.000 3.5 37.1 231.2 208.8 80
2021000623 0.000 143.1 145.4 302.3 211.0 80
2021000623 0.000 46.5 36.7 284.5 181.1 80
2021000623 0.000 22.2 83.8 209.3 205.1 80
2021000623 0.000 55.2 1.0 316.6 210.7 80
2021000623 0.000 178.3 49.6 311.2 210.7 80
2021000623 0.000 104.5 75.5 221.0 130.4 80
2021000623 0.000 156.8 114.5 190.8 154.5 80
2021000623 0.000 108.3 85.9 288.7 205.0 80
2021000623 0.000 232.1 139.3 316.6 208.4 80
2021000623 0.000 28.8 34.7 75.0 77.4 80
2021000623 0.000 102.9 37.8 315.3 209.5 80
2021000623 0.000 86.7 58.6 230.2 166.1 80
2021000623 0.000 43.7 81.4 257.4 153.7 80
2021000623 0.000 14.7 24.7 303.6 204.6 80
2021000623 0.000 0.8 57.2 319.1 206.1 80
2021000623 0.000 0.9 0.9 319.7 211.5 80
2021000623 0.000 11.4 54.6 309.7 152.8 80
2021000623 0.000 1.9 13.8 318.3 173.9 80
2021000623 0.000 271.9 3.9 319.2 48.4 80
2021000623 0.000 11.4 54.6 309.7 152.8 0
2021000623 0.000 168.4 24.2 271.4 177.2 14
2021000623 0.000 110.1 60.2 197.7 199.9 14
2021000623 0.000 65.1 28.3 156.4 176.6 14
2021000623 0.000 102.4 16.3 224.1 201.3 14
2021000623 0.000 7.7 51.2 144.6 209.1 14
2021000623 0.000 178.3 49.6 311.2 210.7 14
2021000623 0.000 85.3 44.4 234.3 206.5 14
2021000623 0.000 99.1 171.4 152.5 209.0 80
