2021008658 0.705 99.0 69.0 156.7 135.0 80
2021008658 0.694 166.5 30.4 220.3 75.4 80
2021008658 0.691 -1.5 12.3 90.5 90.5 80
2021008658 0.688 307.2 237.1 345.1 365.4 80
2021008658 0.683 7.2 68.7 176.7 260.7 80
2021008658 0.680 3.0 196.3 36.1 248.5 80
2021008658 0.676 7.5 38.4 151.2 211.3 80
2021008658 0.675 7.5 50.5 180.0 251.6 80
2021008658 0.673 152.1 92.1 241.3 255.3 80
2021008658 0.673 17.2 81.0 345.6 368.1 6
2021008658 0.671 54.6 5.5 94.9 61.2 80
2021008658 0.669 20.4 76.6 275.4 252.8 80
2021008658 0.667 182.0 33.7 242.3 72.5 80
2021008658 0.665 131.3 87.9 343.1 352.6 80
2021008658 0.660 329.7 452.2 346.8 496.2 80
2021008658 0.656 145.3 90.1 290.6 257.5 80
2021008658 0.655 152.8 88.9 351.8 357.2 80
2021008658 0.648 6.0 70.4 345.0 295.4 80
2021008658 0.647 59.3 82.6 350.0 364.9 80
2021008658 0.639 4.4 35.9 157.0 224.5 80
2021008658 0.638 303.3 80.7 344.9 356.6 80
2021008658 0.632 257.0 55.4 296.6 81.1 80
2021008658 0.627 159.0 69.7 237.6 104.0 80
2021008658 0.625 160.7 85.9 342.5 317.0 80
2021008658 0.622 215.1 96.2 343.3 270.4 80
2021008658 0.621 38.7 1.8 107.0 62.9 80
2021008658 0.621 1.7 89.8 346.3 383.2 80
2021008658 0.619 9.4 66.3 158.1 259.5 80
2021008658 0.619 232.6 69.6 253.0 93.3 80
2021008658 0.614 330.6 69.0 346.2 308.7 80
2021008658 0.587 189.4 66.1 243.5 89.1 80
2021008658 0.583 13.6 82.7 308.1 280.6 80
2021008658 0.581 150.5 92.3 317.8 242.4 80
2021008658 0.550 315.4 210.5 344.0 382.6 80
2021008658 0.531 343.5 305.6 346.5 375.5 80
2021008658 0.530 339.0 293.1 346.4 481.4 80
2021008658 0.523 343.7 198.5 346.1 315.9 80
2021008658 0.523 166.7 87.4 359.2 359.4 80
2021008658 0.505 306.8 60.6 347.6 103.2 80
2021008658 0.503 342.1 68.8 346.4 131.5 80
2021008658 0.494 173.7 88.2 342.4 306.9 80
2021008658 0.457 310.1 61.5 345.9 82.4 80
2021008658 0.457 0.8 220.8 4.0 342.8 80
2021008658 0.447 -0.0 1.0 10.2 51.2 80
2021008658 0.445 0.8 339.1 3.8 457.7 80
2021008658 0.441 271.1 -2.9 349.2 80.6 5
2021008658 0.423 0.9 114.8 3.4 220.8 80
2021008658 0.418 1.0 31.4 3.9 117.0 80
2021008658 0.390 130.5 81.5 350.2 367.4 6
2021008658 0.389 9.4 86.9 330.3 296.5 80
2021008658 0.338 130.5 81.5 350.2 367.4 80
2021008658 0.332 0.7 409.8 6.4 505.8 80
2021008658 0.315 53.4 111.0 359.7 338.1 80
2021008658 0.282 271.1 -2.9 349.2 80.6 80
2021008658 0.253 0.6 67.3 5.3 456.9 80
2021008658 0.243 310.1 61.5 345.9 82.4 6
2021008658 0.241 24.8 113.5 358.8 331.6 80
2021008658 0.239 0.3 59.5 22.6 540.2 80
2021008658 0.225 173.7 88.2 342.4 306.9 6
2021008658 0.204 1.2 187.2 10.0 508.5 80
2021008658 0.179 150.5 92.3 317.8 242.4 6
2021008658 0.169 299.0 446.9 353.1 504.6 80
2021008658 0.161 256.3 191.9 340.2 519.5 80
2021008658 0.159 141.9 -0.1 481.5 30.3 80
2021008658 0.159 230.7 482.2 332.4 503.6 80
2021008658 0.153 197.4 391.1 323.6 510.4 80
2021008658 0.148 91.5 474.5 255.2 500.9 80
2021008658 0.148 306.8 60.6 347.6 103.2 6
2021008658 0.146 22.0 135.6 292.1 302.9 80
2021008658 0.144 8.8 233.2 113.1 517.5 80
2021008658 0.143 39.5 419.9 150.1 502.4 80
2021008658 0.143 103.8 484.2 250.2 502.2 80
2021008658 0.143 166.2 216.5 325.2 460.7 80
2021008658 0.141 40.9 146.7 312.4 326.3 80
2021008658 0.139 135.7 432.8 245.6 496.3 80
2021008658 0.137 33.3 271.7 211.7 477.2 80
2021008658 0.137 92.8 428.2 200.3 494.9 80
2021008658 0.137 125.8 262.5 309.1 459.6 80
2021008658 0.136 75.6 305.9 276.9 473.5 80
2021008658 0.135 48.6 228.8 296.8 369.2 80
2021008658 0.134 124.1 201.2 334.8 351.6 80
2021008658 0.133 18.4 163.5 260.2 303.2 80
2021008658 0.132 173.1 238.2 350.6 359.0 80
2021008658 0.131 82.7 271.3 267.2 440.3 80
2021008658 0.131 80.8 215.5 308.6 360.0 80
2021008658 0.130 11.2 438.9 58.7 497.5 80
2021008658 0.129 43.0 258.0 239.2 429.6 80
2021008658 0.129 18.1 219.3 170.7 444.0 80
2021008658 0.128 57.0 224.0 265.7 360.6 80
2021008658 0.126 32.8 201.7 242.6 339.2 80
2021008658 0.124 19.0 275.0 67.2 429.3 80
2021008658 0.122 62.2 220.6 202.2 367.8 80
2021008658 0.122 160.7 85.9 342.5 317.0 6
2021008658 0.122 181.6 472.1 269.9 500.2 80
2021008658 0.122 41.3 235.8 164.4 381.0 80
2021008658 0.120 -2.6 123.4 71.9 258.6 80
2021008658 0.119 33.2 474.6 111.2 503.7 80
2021008658 0.119 75.9 337.7 146.9 410.8 80
2021008658 0.117 79.4 470.7 163.2 502.2 80
2021008658 0.114 -6.1 161.1 48.2 286.5 80
2021008658 0.705 99.0 69.0 156.7 135.0 80
2021008658 0.694 166.5 30.4 220.3 75.4 80
2021008658 0.691 -1.5 12.3 90.5 90.5 80
2021008658 0.688 307.2 237.1 345.1 365.4 80
2021008658 0.683 7.2 68.7 176.7 260.7 80
2021008658 0.680 3.0 196.3 36.1 248.5 80
2021008658 0.676 7.5 38.4 151.2 211.3 80
2021008658 0.675 7.5 50.5 180.0 251.6 80
2021008658 0.673 152.1 92.1 241.3 255.3 80
2021008658 0.673 17.2 81.0 345.6 368.1 6
2021008658 0.671 54.6 5.5 94.9 61.2 80
2021008658 0.669 20.4 76.6 275.4 252.8 80
2021008658 0.667 182.0 33.7 242.3 72.5 80
2021008658 0.665 131.3 87.9 343.1 352.6 80
2021008658 0.660 329.7 452.2 346.8 496.2 80
2021008658 0.656 145.3 90.1 290.6 257.5 80
2021008658 0.655 152.8 88.9 351.8 357.2 80
2021008658 0.648 6.0 70.4 345.0 295.4 80
2021008658 0.647 59.3 82.6 350.0 364.9 80
2021008658 0.639 4.4 35.9 157.0 224.5 80
2021008658 0.638 303.3 80.7 344.9 356.6 80
2021008658 0.632 257.0 55.4 296.6 81.1 80
2021008658 0.627 159.0 69.7 237.6 104.0 80
2021008658 0.625 160.7 85.9 342.5 317.0 80
2021008658 0.622 215.1 96.2 343.3 270.4 80
2021008658 0.621 38.7 1.8 107.0 62.9 80
2021008658 0.621 1.7 89.8 346.3 383.2 80
2021008658 0.619 9.4 66.3 158.1 259.5 80
2021008658 0.619 232.6 69.6 253.0 93.3 80
2021008658 0.614 330.6 69.0 346.2 308.7 80
2021008658 0.587 189.4 66.1 243.5 89.1 80
2021008658 0.583 13.6 82.7 308.1 280.6 80
2021008658 0.581 150.5 92.3 317.8 242.4 80
2021008658 0.550 315.4 210.5 344.0 382.6 80
2021008658 0.531 343.5 305.6 346.5 375.5 80
2021008658 0.530 339.0 293.1 346.4 481.4 80
2021008658 0.523 343.7 198.5 346.1 315.9 80
2021008658 0.523 166.7 87.4 359.2 359.4 80
2021008658 0.505 306.8 60.6 347.6 103.2 80
2021008658 0.503 342.1 68.8 346.4 131.5 80
2021008658 0.494 173.7 88.2 342.4 306.9 80
2021008658 0.457 310.1 61.5 345.9 82.4 80
2021008658 0.457 0.8 220.8 4.0 342.8 80
2021008658 0.447 -0.0 1.0 10.2 51.2 80
2021008658 0.445 0.8 339.1 3.8 457.7 80
2021008658 0.441 271.1 -2.9 349.2 80.6 5
2021008658 0.423 0.9 114.8 3.4 220.8 80
2021008658 0.418 1.0 31.4 3.9 117.0 80
2021008658 0.390 130.5 81.5 350.2 367.4 6
2021008658 0.389 9.4 86.9 330.3 296.5 80
2021008658 0.338 130.5 81.5 350.2 367.4 80
2021008658 0.332 0.7 409.8 6.4 505.8 80
2021008658 0.315 53.4 111.0 359.7 338.1 80
2021008658 0.282 271.1 -2.9 349.2 80.6 80
2021008658 0.253 0.6 67.3 5.3 456.9 80
2021008658 0.243 310.1 61.5 345.9 82.4 6
2021008658 0.241 24.8 113.5 358.8 331.6 80
2021008658 0.239 0.3 59.5 22.6 540.2 80
2021008658 0.225 173.7 88.2 342.4 306.9 6
2021008658 0.204 1.2 187.2 10.0 508.5 80
2021008658 0.179 150.5 92.3 317.8 242.4 6
2021008658 0.169 299.0 446.9 353.1 504.6 80
2021008658 0.161 256.3 191.9 340.2 519.5 80
2021008658 0.159 141.9 -0.1 481.5 30.3 80
2021008658 0.159 230.7 482.2 332.4 503.6 80
2021008658 0.153 197.4 391.1 323.6 510.4 80
2021008658 0.148 91.5 474.5 255.2 500.9 80
2021008658 0.148 306.8 60.6 347.6 103.2 6
2021008658 0.146 22.0 135.6 292.1 302.9 80
2021008658 0.144 8.8 233.2 113.1 517.5 80
2021008658 0.143 39.5 419.9 150.1 502.4 80
2021008658 0.143 103.8 484.2 250.2 502.2 80
2021008658 0.143 166.2 216.5 325.2 460.7 80
2021008658 0.141 40.9 146.7 312.4 326.3 80
2021008658 0.139 135.7 432.8 245.6 496.3 80
2021008658 0.137 33.3 271.7 211.7 477.2 80
2021008658 0.137 92.8 428.2 200.3 494.9 80
2021008658 0.137 125.8 262.5 309.1 459.6 80
2021008658 0.136 75.6 305.9 276.9 473.5 80
2021008658 0.135 48.6 228.8 296.8 369.2 80
2021008658 0.134 124.1 201.2 334.8 351.6 80
2021008658 0.133 18.4 163.5 260.2 303.2 80
2021008658 0.132 173.1 238.2 350.6 359.0 80
2021008658 0.131 82.7 271.3 267.2 440.3 80
2021008658 0.131 80.8 215.5 308.6 360.0 80
2021008658 0.130 11.2 438.9 58.7 497.5 80
2021008658 0.129 43.0 258.0 239.2 429.6 80
2021008658 0.129 18.1 219.3 170.7 444.0 80
2021008658 0.128 57.0 224.0 265.7 360.6 80
2021008658 0.126 32.8 201.7 242.6 339.2 80
2021008658 0.124 19.0 275.0 67.2 429.3 80
2021008658 0.122 62.2 220.6 202.2 367.8 80
2021008658 0.122 160.7 85.9 342.5 317.0 6
2021008658 0.122 181.6 472.1 269.9 500.2 80
2021008658 0.122 41.3 235.8 164.4 381.0 80
2021008658 0.120 -2.6 123.4 71.9 258.6 80
2021008658 0.119 33.2 474.6 111.2 503.7 80
2021008658 0.119 75.9 337.7 146.9 410.8 80
2021008658 0.117 79.4 470.7 163.2 502.2 80
2021008658 0.114 -6.1 161.1 48.2 286.5 80
2021008658 0.000 251.7 138.9 342.5 349.3 80
2021008658 0.000 2.5 167.5 137.0 355.3 80
2021008658 0.000 145.9 103.8 288.4 258.1 80
2021008658 0.000 94.3 50.3 232.1 244.5 80
2021008658 0.000 189.8 184.8 346.7 340.4 80
2021008658 0.000 0.6 43.7 71.0 331.1 80
2021008658 0.000 277.9 235.8 334.9 322.8 80
2021008658 0.000 312.0 88.1 346.0 193.2 80
2021008658 0.000 0.7 172.1 71.1 475.0 80
2021008658 0.000 0.5 199.7 32.9 312.3 80
2021008658 0.000 313.9 255.9 345.8 368.9 80
2021008658 0.000 57.3 253.2 109.8 338.6 80
2021008658 0.000 314.0 170.1 345.8 282.7 80
2021008658 0.000 12.3 205.2 72.5 292.2 80
2021008658 0.000 135.0 215.0 193.4 300.9 80
2021008658 0.000 86.5 176.7 159.3 269.0 80
2021008658 0.000 1.3 267.6 33.2 380.4 80
2021008658 0.000 275.7 161.2 345.8 470.3 80
2021008658 0.000 107.0 67.9 343.2 373.4 80
2021008658 0.000 221.8 5.5 348.5 250.0 80
2021008658 0.000 307.3 334.6 345.2 484.9 80
2021008658 0.000 166.3 78.0 313.9 409.5 80
2021008658 0.000 15.7 141.4 213.9 348.5 80
2021008658 0.000 95.0 228.7 154.9 314.8 80
2021008658 0.000 168.0 186.1 229.8 271.3 80
2021008658 0.000 93.1 185.7 257.7 317.3 80
2021008658 0.000 197.8 230.1 258.7 315.3 80
2021008658 0.000 199.6 153.5 333.1 484.4 80
2021008658 0.000 231.7 197.3 295.3 282.0 80
2021008658 0.000 0.3 28.1 36.2 140.7 80
2021008658 0.000 238.9 270.5 297.8 354.2 80
2021008658 0.000 48.1 160.8 111.3 246.3 80
2021008658 0.000 6.1 22.0 158.3 244.1 80
2021008658 0.000 137.9 149.3 199.7 235.7 80
2021008658 0.000 0.8 334.2 39.9 495.6 80
2021008658 0.000 1.6 -14.4 345.7 280.9 80
2021008658 0.000 0.6 119.2 35.5 231.8 80
2021008658 0.000 5.7 194.7 246.8 491.6 80
2021008658 0.000 20.4 34.5 276.3 339.2 80
2021008658 0.000 262.2 134.8 326.7 220.7 80
2021008658 0.000 100.0 283.7 247.9 494.1 80
2021008658 0.000 88.3 118.9 260.1 482.8 80
2021008658 0.000 111.4 171.5 228.1 461.1 80
2021008658 0.000 67.5 124.0 278.2 395.8 80
2021008658 0.000 -1.1 125.2 167.3 495.5 80
2021008658 0.000 207.1 139.5 271.9 224.1 80
2021008658 0.000 167.9 217.7 274.3 445.0 80
2021008658 0.000 -4.6 258.7 136.8 493.6 80
2021008658 0.000 131.1 72.2 195.7 157.4 80
2021008658 0.000 49.4 48.7 295.7 462.7 80
2021008658 0.000 103.5 216.6 328.2 492.3 80
2021008658 0.000 248.8 28.0 346.0 480.9 80
2021008658 0.000 3.2 326.6 229.8 496.6 80
2021008658 0.000 204.3 257.8 338.1 491.1 80
2021008658 0.000 3.1 372.7 91.6 498.8 80
2021008658 0.000 0.4 95.6 255.0 496.9 80
2021008658 0.000 143.6 8.2 349.3 496.4 80
2021008658 0.000 124.2 195.8 240.7 356.1 80
2021008658 0.000 25.5 295.6 81.5 386.1 80
2021008658 0.000 87.9 112.0 151.3 198.0 80
2021008658 0.000 250.8 334.9 341.6 494.1 80
2021008658 0.000 101.5 107.0 354.3 501.6 80
2021008658 0.000 39.2 115.0 317.7 430.4 80
2021008658 0.000 138.8 349.8 344.3 500.3 80
2021008658 0.000 -3.5 9.7 206.5 494.7 80
2021008658 0.000 33.5 53.3 209.5 447.0 80
2021008658 0.000 115.6 272.6 242.1 459.1 80
2021008658 0.000 59.5 139.7 187.3 479.6 80
2021008658 0.000 1.4 308.3 345.2 500.7 80
2021008658 0.000 98.7 -1.9 317.0 156.1 80
2021008658 0.000 1.5 3.3 290.7 496.9 80
2021008658 0.000 92.3 304.6 147.5 388.0 80
2021008658 0.000 94.1 22.4 258.3 481.7 80
2021008658 0.000 27.1 200.2 300.1 372.9 80
2021008658 0.000 52.1 11.1 345.6 499.2 80
2021008658 0.000 0.7 149.3 345.7 496.6 80
2021008658 0.000 4.1 39.9 100.7 484.6 80
2021008658 0.000 10.1 60.9 329.6 502.8 80
2021008658 0.000 1.1 39.4 345.7 456.2 80
2021008658 0.000 0.8 0.7 345.8 499.3 80
2021008658 0.000 170.9 7.2 235.1 97.5 80
2021008658 0.000 219.5 71.5 286.8 156.8 80
2021008658 0.000 161.3 279.5 278.0 383.9 80
2021008658 0.000 6.0 193.8 346.7 395.2 80
2021008658 0.000 294.9 7.0 344.0 114.5 80
2021008658 0.000 149.5 264.8 200.9 348.9 80
2021008658 0.000 21.7 90.9 91.2 177.9 80
2021008658 0.000 224.1 295.1 282.4 376.0 80
2021008658 0.000 0.8 0.7 345.8 499.3 14
2021008658 0.000 0.8 0.7 345.8 499.3 7
2021008658 0.000 52.1 11.1 345.6 499.2 14
2021008658 0.000 0.8 0.7 345.8 499.3 11
2021008658 0.000 49.4 48.7 295.7 462.7 14
2021008658 0.000 10.1 60.9 329.6 502.8 14
2021008658 0.000 143.6 8.2 349.3 496.4 14
2021008658 0.000 -3.5 9.7 206.5 494.7 14
2021008658 0.000 1.5 3.3 290.7 496.9 14
2021008658 0.000 -1.1 125.2 167.3 495.5 14
2021008658 0.000 0.4 95.6 255.0 496.9 14
2021008658 0.000 0.7 149.3 345.7 496.6 17
