2021008516 0.732 110.8 -0.4 235.8 110.4 80
2021008516 0.727 435.2 219.2 501.7 376.9 80
2021008516 0.709 75.6 12.4 491.0 283.4 80
2021008516 0.698 100.3 -0.2 355.3 118.0 80
2021008516 0.668 109.6 1.9 168.3 36.2 80
2021008516 0.664 150.1 34.4 501.2 365.6 7
2021008516 0.664 459.5 123.0 507.7 374.3 80
2021008516 0.664 85.2 0.3 154.9 30.3 80
2021008516 0.663 90.1 -0.3 306.4 263.1 80
2021008516 0.653 -0.7 -0.0 269.0 373.9 80
2021008516 0.644 87.5 16.2 494.6 365.0 80
2021008516 0.631 156.1 40.4 499.3 348.6 80
2021008516 0.629 441.0 27.6 503.7 363.7 80
2021008516 0.625 320.6 16.9 501.4 377.5 80
2021008516 0.613 416.3 9.1 502.0 381.2 80
2021008516 0.611 4.1 69.1 502.4 375.6 80
2021008516 0.602 464.8 320.2 500.9 378.9 80
2021008516 0.571 -1.8 4.5 83.9 378.5 80
2021008516 0.564 -4.3 1.0 150.1 374.9 80
2021008516 0.554 142.3 45.5 498.7 286.2 80
2021008516 0.553 479.8 -0.7 499.2 371.0 80
2021008516 0.550 141.2 57.9 455.6 264.3 80
2021008516 0.543 187.2 41.3 502.0 359.0 80
2021008516 0.540 5.5 146.6 500.5 372.7 80
2021008516 0.524 460.5 -1.7 500.5 371.4 80
2021008516 0.520 487.4 -4.7 503.6 52.2 80
2021008516 0.506 497.3 24.7 500.1 173.4 80
2021008516 0.503 407.8 40.8 499.4 369.2 80
2021008516 0.495 30.6 0.9 369.1 374.7 80
2021008516 0.479 290.2 28.3 505.8 365.8 80
2021008516 0.464 1.0 38.9 6.4 238.3 80
2021008516 0.445 141.6 56.1 496.8 291.8 80
2021008516 0.392 -3.4 -6.4 21.5 353.1 80
2021008516 0.326 1.3 1.9 500.2 375.8 80
2021008516 0.280 0.8 3.5 4.5 101.7 80
2021008516 0.280 0.2 18.8 4.3 306.5 80
2021008516 0.239 1.3 1.9 500.2 375.8 8
2021008516 0.236 -1.0 1.6 21.3 367.3 80
2021008516 0.215 0.2 170.7 4.9 346.8 80
2021008516 0.203 1.3 1.9 500.2 375.8 17
2021008516 0.185 12.4 25.0 189.3 362.0 80
2021008516 0.170 156.7 101.6 503.7 306.2 80
2021008516 0.169 118.1 363.0 405.3 377.1 80
2021008516 0.166 104.0 349.1 411.7 376.6 80
2021008516 0.164 -3.9 316.3 28.0 382.9 80
2021008516 0.161 268.5 306.7 457.9 378.3 80
2021008516 0.159 -1.8 45.2 121.1 367.6 80
2021008516 0.154 32.6 2.4 523.6 168.5 80
2021008516 0.154 -2.2 180.8 50.0 378.8 80
2021008516 0.151 7.1 48.7 200.2 350.1 80
2021008516 0.149 211.3 211.5 302.5 276.8 80
2021008516 0.148 229.7 114.4 511.8 321.2 80
2021008516 0.146 307.5 182.9 515.3 361.9 80
2021008516 0.144 54.2 320.7 228.4 375.1 80
2021008516 0.139 124.4 320.0 310.4 371.7 80
2021008516 0.139 209.9 172.8 492.8 334.8 80
2021008516 0.138 166.8 186.8 463.8 344.1 80
2021008516 0.138 174.4 111.5 467.5 230.8 80
2021008516 0.137 -1.3 190.3 205.6 364.9 80
2021008516 0.137 187.4 324.7 362.5 370.3 80
2021008516 0.136 34.0 198.8 324.5 354.2 80
2021008516 0.134 137.5 143.1 449.9 297.7 80
2021008516 0.132 401.3 0.8 563.3 118.8 80
2021008516 0.132 210.8 161.2 340.3 253.9 80
2021008516 0.132 48.8 174.8 364.8 330.4 80
2021008516 0.131 116.4 193.7 398.6 335.0 80
2021008516 0.129 15.5 156.7 257.8 327.5 80
2021008516 0.128 398.6 336.1 490.8 374.6 80
2021008516 0.127 37.2 128.2 284.6 311.1 80
2021008516 0.127 22.4 53.0 417.8 222.7 80
2021008516 0.126 225.1 148.0 432.1 256.2 80
2021008516 0.126 341.3 355.8 451.5 379.0 80
2021008516 0.124 120.2 165.8 357.4 286.4 80
2021008516 0.124 188.0 226.5 266.0 278.8 80
2021008516 0.123 141.3 128.7 390.0 245.8 80
2021008516 0.123 78.7 137.5 315.2 282.6 80
2021008516 0.123 17.6 337.4 103.3 372.0 80
2021008516 0.123 49.6 357.7 165.0 377.6 80
2021008516 0.120 118.7 354.5 234.5 376.8 80
2021008516 0.119 260.0 351.2 384.8 375.1 80
2021008516 0.117 -73.3 42.6 383.2 207.9 80
2021008516 0.117 6.2 128.9 107.1 256.5 80
2021008516 0.116 -49.9 16.7 404.7 147.8 80
2021008516 0.114 126.5 86.5 540.9 198.7 80
2021008516 0.112 0.2 127.1 342.6 261.2 80
2021008516 0.111 187.6 94.7 584.0 241.7 80
2021008516 0.109 -72.2 87.0 281.2 209.6 80
2021008516 0.108 -122.8 32.8 205.6 109.2 80
2021008516 0.107 212.1 -6.2 711.1 19.7 80
2021008516 0.106 222.8 53.4 659.3 214.2 80
2021008516 0.105 151.8 23.6 622.7 118.4 80
2021008516 0.103 -110.5 1.3 385.9 56.0 80
2021008516 0.103 -150.6 6.5 339.0 57.2 80
2021008516 0.102 150.1 34.4 501.2 365.6 80
2021008516 0.102 63.4 -7.8 562.4 57.4 80
2021008516 0.100 196.8 4.6 676.1 75.7 80
2021008516 0.098 124.3 -9.7 623.3 40.5 80
2021008516 0.094 -34.7 -3.3 464.3 19.1 80
2021008516 0.094 -183.2 -1.0 315.8 21.8 80
2021008516 0.092 -214.0 -2.1 280.2 20.4 80
2021008516 0.732 110.8 -0.4 235.8 110.4 80
2021008516 0.727 435.2 219.2 501.7 376.9 80
2021008516 0.709 75.6 12.4 491.0 283.4 80
2021008516 0.698 100.3 -0.2 355.3 118.0 80
2021008516 0.668 109.6 1.9 168.3 36.2 80
2021008516 0.664 150.1 34.4 501.2 365.6 7
2021008516 0.664 459.5 123.0 507.7 374.3 80
2021008516 0.664 85.2 0.3 154.9 30.3 80
2021008516 0.663 90.1 -0.3 306.4 263.1 80
2021008516 0.653 -0.7 -0.0 269.0 373.9 80
2021008516 0.644 87.5 16.2 494.6 365.0 80
2021008516 0.631 156.1 40.4 499.3 348.6 80
2021008516 0.629 441.0 27.6 503.7 363.7 80
2021008516 0.625 320.6 16.9 501.4 377.5 80
2021008516 0.613 416.3 9.1 502.0 381.2 80
2021008516 0.611 4.1 69.1 502.4 375.6 80
2021008516 0.602 464.8 320.2 500.9 378.9 80
2021008516 0.571 -1.8 4.5 83.9 378.5 80
2021008516 0.564 -4.3 1.0 150.1 374.9 80
2021008516 0.554 142.3 45.5 498.7 286.2 80
2021008516 0.553 479.8 -0.7 499.2 371.0 80
2021008516 0.550 141.2 57.9 455.6 264.3 80
2021008516 0.543 187.2 41.3 502.0 359.0 80
2021008516 0.540 5.5 146.6 500.5 372.7 80
2021008516 0.524 460.5 -1.7 500.5 371.4 80
2021008516 0.520 487.4 -4.7 503.6 52.2 80
2021008516 0.506 497.3 24.7 500.1 173.4 80
2021008516 0.503 407.8 40.8 499.4 369.2 80
2021008516 0.495 30.6 0.9 369.1 374.7 80
2021008516 0.479 290.2 28.3 505.8 365.8 80
2021008516 0.464 1.0 38.9 6.4 238.3 80
2021008516 0.445 141.6 56.1 496.8 291.8 80
2021008516 0.392 -3.4 -6.4 21.5 353.1 80
2021008516 0.326 1.3 1.9 500.2 375.8 80
2021008516 0.280 0.8 3.5 4.5 101.7 80
2021008516 0.280 0.2 18.8 4.3 306.5 80
2021008516 0.239 1.3 1.9 500.2 375.8 8
2021008516 0.236 -1.0 1.6 21.3 367.3 80
2021008516 0.215 0.2 170.7 4.9 346.8 80
2021008516 0.203 1.3 1.9 500.2 375.8 17
2021008516 0.185 12.4 25.0 189.3 362.0 80
2021008516 0.170 156.7 101.6 503.7 306.2 80
2021008516 0.169 118.1 363.0 405.3 377.1 80
2021008516 0.166 104.0 349.1 411.7 376.6 80
2021008516 0.164 -3.9 316.3 28.0 382.9 80
2021008516 0.161 268.5 306.7 457.9 378.3 80
2021008516 0.159 -1.8 45.2 121.1 367.6 80
2021008516 0.154 32.6 2.4 523.6 168.5 80
2021008516 0.154 -2.2 180.8 50.0 378.8 80
2021008516 0.151 7.1 48.7 200.2 350.1 80
2021008516 0.149 211.3 211.5 302.5 276.8 80
2021008516 0.148 229.7 114.4 511.8 321.2 80
2021008516 0.146 307.5 182.9 515.3 361.9 80
2021008516 0.144 54.2 320.7 228.4 375.1 80
2021008516 0.139 124.4 320.0 310.4 371.7 80
2021008516 0.139 209.9 172.8 492.8 334.8 80
2021008516 0.138 166.8 186.8 463.8 344.1 80
2021008516 0.138 174.4 111.5 467.5 230.8 80
2021008516 0.137 -1.3 190.3 205.6 364.9 80
2021008516 0.137 187.4 324.7 362.5 370.3 80
2021008516 0.136 34.0 198.8 324.5 354.2 80
2021008516 0.134 137.5 143.1 449.9 297.7 80
2021008516 0.132 401.3 0.8 563.3 118.8 80
2021008516 0.132 210.8 161.2 340.3 253.9 80
2021008516 0.132 48.8 174.8 364.8 330.4 80
2021008516 0.131 116.4 193.7 398.6 335.0 80
2021008516 0.129 15.5 156.7 257.8 327.5 80
2021008516 0.128 398.6 336.1 490.8 374.6 80
2021008516 0.127 37.2 128.2 284.6 311.1 80
2021008516 0.127 22.4 53.0 417.8 222.7 80
2021008516 0.126 225.1 148.0 432.1 256.2 80
2021008516 0.126 341.3 355.8 451.5 379.0 80
2021008516 0.124 120.2 165.8 357.4 286.4 80
2021008516 0.124 188.0 226.5 266.0 278.8 80
2021008516 0.123 141.3 128.7 390.0 245.8 80
2021008516 0.123 78.7 137.5 315.2 282.6 80
2021008516 0.123 17.6 337.4 103.3 372.0 80
2021008516 0.123 49.6 357.7 165.0 377.6 80
2021008516 0.120 118.7 354.5 234.5 376.8 80
2021008516 0.119 260.0 351.2 384.8 375.1 80
2021008516 0.117 -73.3 42.6 383.2 207.9 80
2021008516 0.117 6.2 128.9 107.1 256.5 80
2021008516 0.116 -49.9 16.7 404.7 147.8 80
2021008516 0.114 126.5 86.5 540.9 198.7 80
2021008516 0.112 0.2 127.1 342.6 261.2 80
2021008516 0.111 187.6 94.7 584.0 241.7 80
2021008516 0.109 -72.2 87.0 281.2 209.6 80
2021008516 0.108 -122.8 32.8 205.6 109.2 80
2021008516 0.107 212.1 -6.2 711.1 19.7 80
2021008516 0.106 222.8 53.4 659.3 214.2 80
2021008516 0.105 151.8 23.6 622.7 118.4 80
2021008516 0.103 -110.5 1.3 385.9 56.0 80
2021008516 0.103 -150.6 6.5 339.0 57.2 80
2021008516 0.102 150.1 34.4 501.2 365.6 80
2021008516 0.102 63.4 -7.8 562.4 57.4 80
2021008516 0.100 196.8 4.6 676.1 75.7 80
2021008516 0.098 124.3 -9.7 623.3 40.5 80
2021008516 0.094 -34.7 -3.3 464.3 19.1 80
2021008516 0.094 -183.2 -1.0 315.8 21.8 80
2021008516 0.092 -214.0 -2.1 280.2 20.4 80
2021008516 0.000 242.0 73.2 372.7 227.7 80
2021008516 0.000 0.9 43.1 103.5 247.8 80
2021008516 0.000 143.7 135.9 210.3 202.4 80
2021008516 0.000 211.4 111.8 275.3 178.0 80
2021008516 0.000 371.0 109.2 486.3 268.7 80
2021008516 0.000 255.8 137.9 317.1 204.5 80
2021008516 0.000 156.6 31.4 304.0 211.6 80
2021008516 0.000 45.5 217.8 107.4 288.9 80
2021008516 0.000 136.3 82.3 207.6 151.5 80
2021008516 0.000 81.5 117.6 146.9 186.5 80
2021008516 0.000 197.9 51.8 272.4 119.8 80
2021008516 0.000 453.6 128.4 499.6 211.2 80
2021008516 0.000 387.8 97.3 461.7 164.2 80
2021008516 0.000 348.6 145.3 411.0 211.1 80
2021008516 0.000 136.9 218.3 201.8 292.7 80
2021008516 0.000 19.5 26.1 206.5 194.8 80
2021008516 0.000 1.5 201.3 48.0 285.0 80
2021008516 0.000 297.9 170.7 359.9 236.2 80
2021008516 0.000 453.4 192.9 499.6 275.6 80
2021008516 0.000 356.3 197.7 415.7 265.7 80
2021008516 0.000 313.5 100.9 376.2 167.7 80
2021008516 0.000 323.9 8.3 496.6 191.8 80
2021008516 0.000 287.5 132.8 485.8 257.7 80
2021008516 0.000 205.6 160.1 267.3 225.4 80
2021008516 0.000 0.9 125.8 102.1 357.9 80
2021008516 0.000 33.3 127.4 166.8 276.8 80
2021008516 0.000 1.0 151.5 47.1 234.6 80
2021008516 0.000 89.9 187.8 149.8 253.9 80
2021008516 0.000 449.0 54.1 499.7 153.4 80
2021008516 0.000 117.9 161.9 233.2 316.5 80
2021008516 0.000 218.0 251.8 286.7 331.9 80
2021008516 0.000 149.3 172.2 210.8 237.6 80
2021008516 0.000 410.1 176.6 474.8 242.3 80
2021008516 0.000 27.0 155.1 94.9 220.9 80
2021008516 0.000 323.9 218.2 384.1 295.1 80
2021008516 0.000 202.7 116.7 319.1 275.9 80
2021008516 0.000 177.6 56.6 471.2 267.4 80
2021008516 0.000 252.3 124.0 366.8 347.9 80
2021008516 0.000 0.5 90.4 51.3 173.8 80
2021008516 0.000 0.7 22.0 51.8 106.0 80
2021008516 0.000 46.4 108.1 284.6 258.9 80
2021008516 0.000 101.1 50.5 245.1 317.1 80
2021008516 0.000 255.5 3.7 329.5 73.3 80
2021008516 0.000 322.9 47.5 406.2 116.3 80
2021008516 0.000 43.3 21.4 383.8 258.4 80
2021008516 0.000 0.6 249.6 58.3 369.8 80
2021008516 0.000 178.6 220.3 238.0 300.5 80
2021008516 0.000 442.7 245.1 499.6 368.5 80
2021008516 0.000 398.6 113.5 499.6 355.5 80
2021008516 0.000 10.6 10.6 491.5 199.6 80
2021008516 0.000 258.6 42.4 428.2 311.1 80
2021008516 0.000 90.0 16.9 408.1 364.6 80
2021008516 0.000 256.1 169.2 365.6 301.9 80
2021008516 0.000 -2.4 5.4 286.1 371.6 80
2021008516 0.000 8.1 89.0 229.6 370.1 80
2021008516 0.000 0.7 22.9 146.6 363.6 80
2021008516 0.000 213.1 6.1 497.0 372.7 80
2021008516 0.000 131.2 78.4 368.1 365.5 80
2021008516 0.000 156.2 201.7 351.1 369.4 80
2021008516 0.000 170.3 106.4 310.3 353.3 80
2021008516 0.000 153.4 21.0 355.4 360.9 80
2021008516 0.000 357.6 18.1 500.9 361.1 80
2021008516 0.000 68.8 68.1 447.4 321.4 80
2021008516 0.000 177.0 8.2 417.9 127.1 80
2021008516 0.000 43.6 254.9 289.5 373.6 80
2021008516 0.000 2.3 68.4 366.1 369.3 80
2021008516 0.000 5.1 279.1 130.5 374.3 80
2021008516 0.000 12.0 183.0 185.2 365.8 80
2021008516 0.000 305.3 180.1 482.3 365.0 80
2021008516 0.000 220.0 199.0 278.3 264.7 80
2021008516 0.000 24.3 146.3 338.1 364.6 80
2021008516 0.000 2.5 1.3 412.8 373.0 80
2021008516 0.000 150.8 131.3 355.6 228.6 80
2021008516 0.000 274.3 86.1 490.6 373.1 80
2021008516 0.000 3.0 228.5 496.0 374.4 80
2021008516 0.000 220.7 257.3 474.7 373.5 80
2021008516 0.000 84.5 1.1 496.2 372.9 80
2021008516 0.000 158.6 67.8 495.0 371.2 80
2021008516 0.000 157.9 150.5 463.3 364.9 80
2021008516 0.000 362.6 245.1 494.3 368.9 80
2021008516 0.000 44.4 60.6 117.3 136.8 80
2021008516 0.000 129.9 101.9 365.9 294.0 80
2021008516 0.000 22.3 43.4 477.5 366.6 80
2021008516 0.000 60.2 142.4 409.5 272.0 80
2021008516 0.000 0.4 100.8 499.0 366.5 80
2021008516 0.000 244.0 202.0 298.7 273.9 80
2021008516 0.000 12.6 94.7 489.8 271.8 80
2021008516 0.000 0.8 0.3 499.7 373.9 80
2021008516 0.000 1.3 18.3 498.9 309.8 80
2021008516 0.000 286.3 250.3 340.8 319.0 80
2021008516 0.000 424.2 6.2 498.9 85.7 80
2021008516 0.000 12.6 94.7 489.8 271.8 0
2021008516 0.000 0.8 0.3 499.7 373.9 7
2021008516 0.000 8.1 89.0 229.6 370.1 14
2021008516 0.000 258.6 42.4 428.2 311.1 14
2021008516 0.000 101.1 50.5 245.1 317.1 14
2021008516 0.000 170.3 106.4 310.3 353.3 14
2021008516 0.000 274.3 86.1 490.6 373.1 14
2021008516 0.000 153.4 21.0 355.4 360.9 14
2021008516 0.000 213.1 6.1 497.0 372.7 14
