2021000000172977 0.788 601.2 439.2 640.4 483.2 80
2021000000172977 0.764 47.4 31.9 596.5 475.8 80
2021000000172977 0.760 64.2 19.6 516.1 367.3 80
2021000000172977 0.758 32.1 101.9 564.2 482.3 80
2021000000172977 0.756 192.4 11.6 222.0 34.0 80
2021000000172977 0.754 117.6 50.6 392.4 295.4 80
2021000000172977 0.750 39.7 44.7 539.3 477.2 80
2021000000172977 0.743 30.9 26.1 553.9 480.7 80
2021000000172977 0.741 637.7 304.8 640.0 463.3 80
2021000000172977 0.737 30.9 23.0 554.8 482.2 15
2021000000172977 0.736 638.8 148.2 640.0 319.2 80
2021000000172977 0.288 592.3 70.5 651.4 534.7 80
2021000000172977 0.241 283.8 192.8 484.7 393.2 80
2021000000172977 0.161 123.7 189.7 295.0 346.8 80
2021000000172977 0.160 35.0 204.5 122.4 258.2 80
2021000000172977 0.156 336.2 199.8 510.3 403.2 80
2021000000172977 0.134 161.7 155.2 293.5 250.5 80
2021000000172977 0.129 235.4 112.0 360.9 188.5 80
2021000000172977 0.128 73.0 189.0 216.3 316.4 80
2021000000172977 0.114 80.3 167.5 176.5 228.8 80
