2021008627 0.744 186.1 98.3 264.0 225.6 80
2021008627 0.742 80.6 81.2 181.6 222.1 80
2021008627 0.725 175.9 20.8 276.9 233.9 80
2021008627 0.722 227.5 35.6 306.6 100.2 80
2021008627 0.718 188.7 106.1 243.5 218.9 80
2021008627 0.716 162.9 0.8 310.2 99.5 80
2021008627 0.711 151.9 3.3 311.8 272.3 80
2021008627 0.709 191.2 100.4 255.1 227.0 80
2021008627 0.698 364.8 5.7 499.7 219.8 80
2021008627 0.683 420.3 9.7 495.0 205.0 80
2021008627 0.681 324.4 182.0 494.2 370.6 80
2021008627 0.681 3.5 13.0 156.0 234.3 80
2021008627 0.672 61.5 218.0 108.2 377.4 80
2021008627 0.672 106.6 285.5 392.6 371.2 80
2021008627 0.671 463.2 331.5 499.4 375.1 80
2021008627 0.671 133.2 281.0 350.1 370.9 80
2021008627 0.670 337.2 195.2 365.7 238.8 80
2021008627 0.667 332.4 182.8 500.2 373.1 80
2021008627 0.667 268.8 218.3 329.8 293.9 80
2021008627 0.660 35.8 68.8 172.4 238.9 80
2021008627 0.660 267.1 210.8 325.6 296.2 80
2021008627 0.653 236.9 170.9 268.7 224.3 80
2021008627 0.652 159.0 1.0 332.5 44.5 80
2021008627 0.638 377.7 183.5 460.1 202.1 80
2021008627 0.638 230.7 177.0 274.1 315.7 80
2021008627 0.636 427.2 181.1 468.2 201.6 80
2021008627 0.634 -4.4 -0.5 226.3 373.5 80
2021008627 0.632 351.8 174.2 426.0 222.1 80
2021008627 0.626 2.0 195.1 106.5 376.4 80
2021008627 0.623 96.0 219.2 171.4 374.8 80
2021008627 0.622 126.9 303.3 349.2 373.6 80
2021008627 0.619 316.6 61.0 375.2 96.3 80
2021008627 0.615 0.8 18.6 13.3 175.1 80
2021008627 0.614 231.2 179.3 275.5 309.5 80
2021008627 0.612 115.3 269.9 367.0 362.5 80
2021008627 0.604 493.4 52.1 500.5 195.3 80
2021008627 0.603 3.3 84.1 21.5 190.7 80
2021008627 0.599 266.5 216.3 329.0 288.6 80
2021008627 0.598 -1.2 5.7 97.7 379.2 80
2021008627 0.597 1.3 94.3 16.5 195.5 80
2021008627 0.591 495.0 150.5 500.2 264.1 80
2021008627 0.587 10.6 315.4 81.7 376.5 80
2021008627 0.582 338.6 186.6 426.6 232.3 80
2021008627 0.567 233.2 173.9 270.6 306.3 80
2021008627 0.554 295.2 0.4 352.4 13.8 80
2021008627 0.553 332.1 177.4 502.4 374.8 80
2021008627 0.551 229.1 168.5 273.6 318.6 4
2021008627 0.548 496.2 203.9 500.1 331.7 80
2021008627 0.545 83.2 359.3 163.5 374.6 80
2021008627 0.540 84.8 224.5 236.9 375.9 80
2021008627 0.538 91.1 220.9 163.2 378.2 80
2021008627 0.535 -3.2 0.7 123.6 374.7 80
2021008627 0.533 0.7 64.7 8.8 303.2 80
2021008627 0.496 485.5 3.2 504.1 65.2 80
2021008627 0.494 362.8 163.8 420.5 197.8 80
2021008627 0.492 115.6 286.0 358.7 374.8 10
2021008627 0.483 2.7 199.0 108.7 379.4 80
2021008627 0.478 487.8 227.6 500.7 375.8 80
2021008627 0.469 369.6 0.8 430.8 14.3 80
2021008627 0.464 165.9 3.2 272.6 28.2 80
2021008627 0.463 349.8 191.0 421.0 226.8 80
2021008627 0.458 2.4 7.0 17.7 216.4 80
2021008627 0.435 333.1 195.4 367.3 229.9 80
2021008627 0.396 497.0 50.2 500.3 217.2 80
2021008627 0.382 66.3 0.3 131.2 6.8 80
2021008627 0.375 497.2 135.0 500.0 320.0 80
2021008627 0.375 384.1 189.8 419.7 225.2 80
2021008627 0.375 -0.1 -0.6 498.3 373.4 80
2021008627 0.344 -0.3 -1.4 19.8 16.6 80
2021008627 0.295 -3.7 44.6 36.3 371.0 80
2021008627 0.284 55.5 -3.4 297.0 369.9 80
2021008627 0.261 333.1 195.4 367.3 229.9 8
2021008627 0.260 316.1 362.3 499.2 376.2 80
2021008627 0.246 349.8 191.0 421.0 226.8 8
2021008627 0.241 0.6 190.9 4.1 343.7 80
2021008627 0.229 167.3 347.7 480.0 378.9 80
2021008627 0.221 115.6 286.0 358.7 374.8 80
2021008627 0.203 243.7 335.6 478.1 378.2 80
2021008627 0.203 102.9 366.1 262.7 376.6 80
2021008627 0.197 91.1 220.9 163.2 378.2 8
2021008627 0.182 2.3 342.1 115.6 377.8 80
2021008627 0.180 335.2 -2.2 461.1 366.8 80
2021008627 0.173 371.6 352.6 499.5 375.4 80
2021008627 0.150 338.6 186.6 426.6 232.3 8
2021008627 0.150 114.4 204.6 387.3 320.9 80
2021008627 0.147 157.9 74.6 334.8 314.6 80
2021008627 0.142 70.4 128.9 225.6 267.6 80
2021008627 0.140 287.8 235.3 334.9 281.6 80
2021008627 0.136 100.3 104.7 302.4 302.6 80
2021008627 0.135 90.6 220.2 336.8 335.1 80
2021008627 0.134 2.7 199.0 108.7 379.4 14
2021008627 0.133 349.8 191.0 421.0 226.8 17
2021008627 0.132 20.1 91.8 169.1 341.5 80
2021008627 0.127 2.7 199.0 108.7 379.4 8
2021008627 0.126 83.8 150.7 158.3 218.7 80
2021008627 0.121 91.5 231.8 160.6 294.8 80
2021008627 0.119 266.5 216.3 329.0 288.6 8
2021008627 0.118 79.3 191.0 211.1 319.5 80
2021008627 0.117 123.4 116.2 372.7 244.5 80
2021008627 0.115 92.3 129.3 237.7 205.0 80
2021008627 0.744 186.1 98.3 264.0 225.6 80
2021008627 0.742 80.6 81.2 181.6 222.1 80
2021008627 0.725 175.9 20.8 276.9 233.9 80
2021008627 0.722 227.5 35.6 306.6 100.2 80
2021008627 0.718 188.7 106.1 243.5 218.9 80
2021008627 0.716 162.9 0.8 310.2 99.5 80
2021008627 0.711 151.9 3.3 311.8 272.3 80
2021008627 0.709 191.2 100.4 255.1 227.0 80
2021008627 0.698 364.8 5.7 499.7 219.8 80
2021008627 0.683 420.3 9.7 495.0 205.0 80
2021008627 0.681 324.4 182.0 494.2 370.6 80
2021008627 0.681 3.5 13.0 156.0 234.3 80
2021008627 0.672 61.5 218.0 108.2 377.4 80
2021008627 0.672 106.6 285.5 392.6 371.2 80
2021008627 0.671 463.2 331.5 499.4 375.1 80
2021008627 0.671 133.2 281.0 350.1 370.9 80
2021008627 0.670 337.2 195.2 365.7 238.8 80
2021008627 0.667 332.4 182.8 500.2 373.1 80
2021008627 0.667 268.8 218.3 329.8 293.9 80
2021008627 0.660 35.8 68.8 172.4 238.9 80
2021008627 0.660 267.1 210.8 325.6 296.2 80
2021008627 0.653 236.9 170.9 268.7 224.3 80
2021008627 0.652 159.0 1.0 332.5 44.5 80
2021008627 0.638 377.7 183.5 460.1 202.1 80
2021008627 0.638 230.7 177.0 274.1 315.7 80
2021008627 0.636 427.2 181.1 468.2 201.6 80
2021008627 0.634 -4.4 -0.5 226.3 373.5 80
2021008627 0.632 351.8 174.2 426.0 222.1 80
2021008627 0.626 2.0 195.1 106.5 376.4 80
2021008627 0.623 96.0 219.2 171.4 374.8 80
2021008627 0.622 126.9 303.3 349.2 373.6 80
2021008627 0.619 316.6 61.0 375.2 96.3 80
2021008627 0.615 0.8 18.6 13.3 175.1 80
2021008627 0.614 231.2 179.3 275.5 309.5 80
2021008627 0.612 115.3 269.9 367.0 362.5 80
2021008627 0.604 493.4 52.1 500.5 195.3 80
2021008627 0.603 3.3 84.1 21.5 190.7 80
2021008627 0.599 266.5 216.3 329.0 288.6 80
2021008627 0.598 -1.2 5.7 97.7 379.2 80
2021008627 0.597 1.3 94.3 16.5 195.5 80
2021008627 0.591 495.0 150.5 500.2 264.1 80
2021008627 0.587 10.6 315.4 81.7 376.5 80
2021008627 0.582 338.6 186.6 426.6 232.3 80
2021008627 0.567 233.2 173.9 270.6 306.3 80
2021008627 0.554 295.2 0.4 352.4 13.8 80
2021008627 0.553 332.1 177.4 502.4 374.8 80
2021008627 0.551 229.1 168.5 273.6 318.6 4
2021008627 0.548 496.2 203.9 500.1 331.7 80
2021008627 0.545 83.2 359.3 163.5 374.6 80
2021008627 0.540 84.8 224.5 236.9 375.9 80
2021008627 0.538 91.1 220.9 163.2 378.2 80
2021008627 0.535 -3.2 0.7 123.6 374.7 80
2021008627 0.533 0.7 64.7 8.8 303.2 80
2021008627 0.496 485.5 3.2 504.1 65.2 80
2021008627 0.494 362.8 163.8 420.5 197.8 80
2021008627 0.492 115.6 286.0 358.7 374.8 10
2021008627 0.483 2.7 199.0 108.7 379.4 80
2021008627 0.478 487.8 227.6 500.7 375.8 80
2021008627 0.469 369.6 0.8 430.8 14.3 80
2021008627 0.464 165.9 3.2 272.6 28.2 80
2021008627 0.463 349.8 191.0 421.0 226.8 80
2021008627 0.458 2.4 7.0 17.7 216.4 80
2021008627 0.435 333.1 195.4 367.3 229.9 80
2021008627 0.396 497.0 50.2 500.3 217.2 80
2021008627 0.382 66.3 0.3 131.2 6.8 80
2021008627 0.375 497.2 135.0 500.0 320.0 80
2021008627 0.375 384.1 189.8 419.7 225.2 80
2021008627 0.375 -0.1 -0.6 498.3 373.4 80
2021008627 0.344 -0.3 -1.4 19.8 16.6 80
2021008627 0.295 -3.7 44.6 36.3 371.0 80
2021008627 0.284 55.5 -3.4 297.0 369.9 80
2021008627 0.261 333.1 195.4 367.3 229.9 8
2021008627 0.260 316.1 362.3 499.2 376.2 80
2021008627 0.246 349.8 191.0 421.0 226.8 8
2021008627 0.241 0.6 190.9 4.1 343.7 80
2021008627 0.229 167.3 347.7 480.0 378.9 80
2021008627 0.221 115.6 286.0 358.7 374.8 80
2021008627 0.203 243.7 335.6 478.1 378.2 80
2021008627 0.203 102.9 366.1 262.7 376.6 80
2021008627 0.197 91.1 220.9 163.2 378.2 8
2021008627 0.182 2.3 342.1 115.6 377.8 80
2021008627 0.180 335.2 -2.2 461.1 366.8 80
2021008627 0.173 371.6 352.6 499.5 375.4 80
2021008627 0.150 338.6 186.6 426.6 232.3 8
2021008627 0.150 114.4 204.6 387.3 320.9 80
2021008627 0.147 157.9 74.6 334.8 314.6 80
2021008627 0.142 70.4 128.9 225.6 267.6 80
2021008627 0.140 287.8 235.3 334.9 281.6 80
2021008627 0.136 100.3 104.7 302.4 302.6 80
2021008627 0.135 90.6 220.2 336.8 335.1 80
2021008627 0.134 2.7 199.0 108.7 379.4 14
2021008627 0.133 349.8 191.0 421.0 226.8 17
2021008627 0.132 20.1 91.8 169.1 341.5 80
2021008627 0.127 2.7 199.0 108.7 379.4 8
2021008627 0.126 83.8 150.7 158.3 218.7 80
2021008627 0.121 91.5 231.8 160.6 294.8 80
2021008627 0.119 266.5 216.3 329.0 288.6 8
2021008627 0.118 79.3 191.0 211.1 319.5 80
2021008627 0.117 123.4 116.2 372.7 244.5 80
2021008627 0.115 92.3 129.3 237.7 205.0 80
2021008627 0.000 242.0 73.2 372.7 227.7 80
2021008627 0.000 0.9 43.1 103.5 247.8 80
2021008627 0.000 143.7 135.9 210.3 202.4 80
2021008627 0.000 211.4 111.8 275.3 178.0 80
2021008627 0.000 371.0 109.2 486.3 268.7 80
2021008627 0.000 255.8 137.9 317.1 204.5 80
2021008627 0.000 156.6 31.4 304.0 211.6 80
2021008627 0.000 45.5 217.8 107.4 288.9 80
2021008627 0.000 136.3 82.3 207.6 151.5 80
2021008627 0.000 81.5 117.6 146.9 186.5 80
2021008627 0.000 197.9 51.8 272.4 119.8 80
2021008627 0.000 453.6 128.4 499.6 211.2 80
2021008627 0.000 387.8 97.3 461.7 164.2 80
2021008627 0.000 348.6 145.3 411.0 211.1 80
2021008627 0.000 136.9 218.3 201.8 292.7 80
2021008627 0.000 19.5 26.1 206.5 194.8 80
2021008627 0.000 1.5 201.3 48.0 285.0 80
2021008627 0.000 297.9 170.7 359.9 236.2 80
2021008627 0.000 453.4 192.9 499.6 275.6 80
2021008627 0.000 356.3 197.7 415.7 265.7 80
2021008627 0.000 313.5 100.9 376.2 167.7 80
2021008627 0.000 323.9 8.3 496.6 191.8 80
2021008627 0.000 287.5 132.8 485.8 257.7 80
2021008627 0.000 205.6 160.1 267.3 225.4 80
2021008627 0.000 0.9 125.8 102.1 357.9 80
2021008627 0.000 33.3 127.4 166.8 276.8 80
2021008627 0.000 1.0 151.5 47.1 234.6 80
2021008627 0.000 89.9 187.8 149.8 253.9 80
2021008627 0.000 449.0 54.1 499.7 153.4 80
2021008627 0.000 117.9 161.9 233.2 316.5 80
2021008627 0.000 218.0 251.8 286.7 331.9 80
2021008627 0.000 149.3 172.2 210.8 237.6 80
2021008627 0.000 410.1 176.6 474.8 242.3 80
2021008627 0.000 27.0 155.1 94.9 220.9 80
2021008627 0.000 323.9 218.2 384.1 295.1 80
2021008627 0.000 202.7 116.7 319.1 275.9 80
2021008627 0.000 177.6 56.6 471.2 267.4 80
2021008627 0.000 252.3 124.0 366.8 347.9 80
2021008627 0.000 0.5 90.4 51.3 173.8 80
2021008627 0.000 0.7 22.0 51.8 106.0 80
2021008627 0.000 46.4 108.1 284.6 258.9 80
2021008627 0.000 101.1 50.5 245.1 317.1 80
2021008627 0.000 255.5 3.7 329.5 73.3 80
2021008627 0.000 322.9 47.5 406.2 116.3 80
2021008627 0.000 43.3 21.4 383.8 258.4 80
2021008627 0.000 0.6 249.6 58.3 369.8 80
2021008627 0.000 178.6 220.3 238.0 300.5 80
2021008627 0.000 442.7 245.1 499.6 368.5 80
2021008627 0.000 398.6 113.5 499.6 355.5 80
2021008627 0.000 10.6 10.6 491.5 199.6 80
2021008627 0.000 258.6 42.4 428.2 311.1 80
2021008627 0.000 90.0 16.9 408.1 364.6 80
2021008627 0.000 256.1 169.2 365.6 301.9 80
2021008627 0.000 -2.4 5.4 286.1 371.6 80
2021008627 0.000 8.1 89.0 229.6 370.1 80
2021008627 0.000 0.7 22.9 146.6 363.6 80
2021008627 0.000 213.1 6.1 497.0 372.7 80
2021008627 0.000 131.2 78.4 368.1 365.5 80
2021008627 0.000 156.2 201.7 351.1 369.4 80
2021008627 0.000 170.3 106.4 310.3 353.3 80
2021008627 0.000 153.4 21.0 355.4 360.9 80
2021008627 0.000 357.6 18.1 500.9 361.1 80
2021008627 0.000 68.8 68.1 447.4 321.4 80
2021008627 0.000 177.0 8.2 417.9 127.1 80
2021008627 0.000 43.6 254.9 289.5 373.6 80
2021008627 0.000 2.3 68.4 366.1 369.3 80
2021008627 0.000 5.1 279.1 130.5 374.3 80
2021008627 0.000 12.0 183.0 185.2 365.8 80
2021008627 0.000 305.3 180.1 482.3 365.0 80
2021008627 0.000 220.0 199.0 278.3 264.7 80
2021008627 0.000 24.3 146.3 338.1 364.6 80
2021008627 0.000 2.5 1.3 412.8 373.0 80
2021008627 0.000 150.8 131.3 355.6 228.6 80
2021008627 0.000 274.3 86.1 490.6 373.1 80
2021008627 0.000 3.0 228.5 496.0 374.4 80
2021008627 0.000 220.7 257.3 474.7 373.5 80
2021008627 0.000 84.5 1.1 496.2 372.9 80
2021008627 0.000 158.6 67.8 495.0 371.2 80
2021008627 0.000 157.9 150.5 463.3 364.9 80
2021008627 0.000 362.6 245.1 494.3 368.9 80
2021008627 0.000 44.4 60.6 117.3 136.8 80
2021008627 0.000 129.9 101.9 365.9 294.0 80
2021008627 0.000 22.3 43.4 477.5 366.6 80
2021008627 0.000 60.2 142.4 409.5 272.0 80
2021008627 0.000 0.4 100.8 499.0 366.5 80
2021008627 0.000 244.0 202.0 298.7 273.9 80
2021008627 0.000 12.6 94.7 489.8 271.8 80
2021008627 0.000 0.8 0.3 499.7 373.9 80
2021008627 0.000 1.3 18.3 498.9 309.8 80
2021008627 0.000 286.3 250.3 340.8 319.0 80
2021008627 0.000 424.2 6.2 498.9 85.7 80
2021008627 0.000 12.6 94.7 489.8 271.8 0
2021008627 0.000 0.8 0.3 499.7 373.9 7
2021008627 0.000 8.1 89.0 229.6 370.1 14
2021008627 0.000 258.6 42.4 428.2 311.1 14
2021008627 0.000 101.1 50.5 245.1 317.1 14
2021008627 0.000 170.3 106.4 310.3 353.3 14
2021008627 0.000 274.3 86.1 490.6 373.1 14
2021008627 0.000 153.4 21.0 355.4 360.9 14
2021008627 0.000 213.1 6.1 497.0 372.7 14
