2021000000221017 0.797 599.0 420.2 640.2 475.7 80
2021000000221017 0.773 26.8 56.2 616.6 406.4 80
2021000000221017 0.762 594.8 152.7 641.4 168.1 80
2021000000221017 0.757 172.2 183.2 186.0 188.0 80
2021000000221017 0.756 65.0 191.3 70.8 195.8 80
2021000000221017 0.756 251.6 237.1 346.9 390.0 80
2021000000221017 0.756 234.9 176.4 253.6 180.7 80
2021000000221017 0.755 236.8 217.2 424.2 332.0 80
2021000000221017 0.755 234.8 173.9 252.6 178.7 80
2021000000221017 0.749 638.2 134.8 639.9 160.6 80
2021000000221017 0.746 242.5 238.2 432.5 429.7 80
2021000000221017 0.745 203.9 108.4 211.7 112.2 80
2021000000221017 0.740 235.1 175.3 245.8 180.0 80
2021000000221017 0.737 387.3 240.6 436.1 333.6 80
2021000000221017 0.735 202.2 109.7 211.4 113.2 80
2021000000221017 0.723 638.7 77.5 639.9 150.1 80
2021000000221017 0.705 234.3 174.8 254.6 179.7 80
2021000000221017 0.701 0.6 335.2 11.9 353.5 80
2021000000221017 0.630 243.7 229.2 435.2 431.7 2
2021000000221017 0.136 583.5 75.4 652.8 530.7 80
