2021000000549055 0.682 5.1 245.7 52.2 304.9 80
2021000000549055 0.673 191.8 106.3 462.6 296.1 80
2021000000549055 0.670 111.3 115.9 433.4 301.9 80
2021000000549055 0.657 365.3 235.7 435.9 298.7 80
2021000000549055 0.657 376.6 123.9 472.6 252.7 80
2021000000549055 0.643 348.6 117.5 472.4 294.0 80
2021000000549055 0.642 156.2 109.3 459.1 302.0 80
2021000000549055 0.627 415.1 125.9 464.1 188.3 80
2021000000549055 0.626 602.1 276.6 636.6 306.5 80
2021000000549055 0.626 120.0 115.5 477.1 304.3 80
2021000000549055 0.605 368.8 123.3 465.5 231.6 80
2021000000549055 0.596 312.1 215.4 352.6 267.3 80
2021000000549055 0.590 267.2 119.7 445.9 299.5 80
2021000000549055 0.569 292.6 115.8 455.3 298.9 80
2021000000549055 0.568 252.1 125.7 423.2 259.0 80
2021000000549055 0.546 1.0 232.0 14.5 299.0 80
2021000000549055 0.536 305.7 211.7 408.3 305.0 80
2021000000549055 0.497 247.9 112.2 414.5 289.8 80
2021000000549055 0.489 284.5 273.6 391.5 304.7 80
2021000000549055 0.458 243.3 111.0 417.3 283.0 80
2021000000549055 0.411 636.3 173.7 640.2 283.5 80
2021000000549055 0.409 301.1 113.8 461.8 286.6 80
2021000000549055 0.380 415.0 148.5 454.6 193.1 80
2021000000549055 0.368 637.2 111.0 640.4 208.9 80
2021000000549055 0.357 318.0 119.4 467.6 287.6 80
2021000000549055 0.349 638.3 58.5 640.3 123.2 80
2021000000549055 0.276 274.0 155.3 355.6 215.3 80
2021000000549055 0.251 318.0 119.4 467.6 287.6 12
2021000000549055 0.234 0.6 90.5 3.9 227.3 80
2021000000549055 0.234 0.6 36.6 4.0 143.5 80
2021000000549055 0.224 0.4 -0.6 5.8 68.8 80
2021000000549055 0.204 634.5 92.5 641.4 262.0 80
2021000000549055 0.193 638.1 78.2 640.6 209.9 80
2021000000549055 0.193 305.7 211.7 408.3 305.0 14
2021000000549055 0.188 0.4 45.6 11.9 209.6 80
2021000000549055 0.180 -1.5 75.6 19.2 282.9 80
2021000000549055 0.176 301.1 113.8 461.8 286.6 12
2021000000549055 0.172 202.3 288.7 409.8 305.7 80
2021000000549055 0.160 373.5 199.5 422.3 234.0 80
2021000000549055 0.158 -4.6 199.6 56.0 307.1 80
2021000000549055 0.155 278.8 204.1 345.4 253.3 80
2021000000549055 0.154 582.8 245.3 655.7 300.3 80
2021000000549055 0.154 0.3 44.7 37.9 267.6 80
2021000000549055 0.150 428.6 224.4 619.1 302.3 80
2021000000549055 0.149 161.1 233.7 398.3 309.9 80
2021000000549055 0.149 376.2 275.9 541.7 303.5 80
2021000000549055 0.148 149.2 290.7 293.3 306.1 80
2021000000549055 0.148 80.3 269.3 272.0 304.1 80
2021000000549055 0.148 320.8 193.8 367.0 223.5 80
2021000000549055 0.146 17.4 281.0 129.2 303.6 80
2021000000549055 0.144 438.0 292.9 574.7 306.7 80
2021000000549055 0.142 515.7 111.1 657.7 281.9 80
2021000000549055 0.142 508.6 285.3 629.4 303.6 80
2021000000549055 0.142 98.0 83.1 398.5 249.3 80
2021000000549055 0.142 61.1 291.8 204.0 306.6 80
2021000000549055 0.142 19.9 195.0 230.7 294.9 80
2021000000549055 0.140 51.4 162.0 406.8 284.6 80
2021000000549055 0.138 159.2 57.2 475.6 254.4 80
2021000000549055 0.131 418.8 107.2 654.0 260.1 80
2021000000549055 0.131 293.2 81.7 488.6 247.3 80
2021000000549055 0.129 258.8 169.8 308.8 203.1 80
2021000000549055 0.129 124.0 117.6 399.6 242.3 80
2021000000549055 0.128 21.0 151.2 331.9 260.3 80
2021000000549055 0.128 593.2 167.2 638.7 259.1 80
2021000000549055 0.127 4.4 105.1 141.0 279.1 80
2021000000549055 0.127 348.0 129.9 621.4 254.5 80
2021000000549055 0.127 55.9 133.3 366.4 246.9 80
2021000000549055 0.125 226.6 191.6 282.1 231.3 80
2021000000549055 0.123 20.6 120.9 246.0 244.1 80
2021000000549055 0.122 527.0 192.4 595.0 249.7 80
2021000000549055 0.119 312.1 215.4 352.6 267.3 14
2021000000549055 0.118 149.4 165.4 217.7 209.6 80
2021000000549055 0.118 40.1 97.9 288.1 219.8 80
2021000000549055 0.116 64.6 140.1 196.8 190.7 80
2021000000549055 0.114 62.4 193.4 126.2 235.8 80
2021000000549055 0.114 -13.0 105.0 169.7 157.6 80
2021000000549055 0.114 275.0 131.8 387.4 197.3 80
2021000000549055 0.113 318.0 119.4 467.6 287.6 11
2021000000549055 0.112 358.5 81.5 709.4 142.2 80
2021000000549055 0.111 -138.2 14.6 240.0 44.5 80
2021000000549055 0.111 443.7 177.7 546.6 226.5 80
2021000000549055 0.109 179.4 200.8 263.8 240.1 80
2021000000549055 0.109 -24.8 15.6 507.0 50.2 80
2021000000549055 0.108 243.3 111.0 417.3 283.0 3
2021000000549055 0.108 434.3 51.8 749.4 106.6 80
2021000000549055 0.106 63.8 4.2 690.9 31.1 80
2021000000549055 0.105 85.1 156.3 234.4 219.1 80
2021000000549055 0.105 220.7 7.6 819.7 35.2 80
2021000000549055 0.103 -200.4 5.2 437.9 24.4 80
2021000000549055 0.102 247.9 112.2 414.5 289.8 3
2021000000549055 0.101 1.5 1.2 639.5 21.3 80
2021000000549055 0.101 -145.5 4.4 493.3 23.2 80
2021000000549055 0.100 292.3 6.8 921.6 26.4 80
2021000000549055 0.099 241.1 4.4 879.7 24.3 80
2021000000549055 0.098 243.3 111.0 417.3 283.0 12
2021000000549055 0.095 89.3 0.7 728.2 20.6 80
2021000000549055 0.095 243.3 111.0 417.3 283.0 2
2021000000549055 0.095 -263.8 -2.0 345.1 17.2 80
2021000000549055 0.094 -63.6 2.1 575.4 22.0 80
2021000000549055 0.094 -180.2 -0.2 458.0 19.0 80
2021000000549055 0.682 5.1 245.7 52.2 304.9 80
2021000000549055 0.673 191.8 106.3 462.6 296.1 80
2021000000549055 0.670 111.3 115.9 433.4 301.9 80
2021000000549055 0.657 365.3 235.7 435.9 298.7 80
2021000000549055 0.657 376.6 123.9 472.6 252.7 80
2021000000549055 0.643 348.6 117.5 472.4 294.0 80
2021000000549055 0.642 156.2 109.3 459.1 302.0 80
2021000000549055 0.627 415.1 125.9 464.1 188.3 80
2021000000549055 0.626 602.1 276.6 636.6 306.5 80
2021000000549055 0.626 120.0 115.5 477.1 304.3 80
2021000000549055 0.605 368.8 123.3 465.5 231.6 80
2021000000549055 0.596 312.1 215.4 352.6 267.3 80
2021000000549055 0.590 267.2 119.7 445.9 299.5 80
2021000000549055 0.569 292.6 115.8 455.3 298.9 80
2021000000549055 0.568 252.1 125.7 423.2 259.0 80
2021000000549055 0.546 1.0 232.0 14.5 299.0 80
2021000000549055 0.536 305.7 211.7 408.3 305.0 80
2021000000549055 0.497 247.9 112.2 414.5 289.8 80
2021000000549055 0.489 284.5 273.6 391.5 304.7 80
2021000000549055 0.458 243.3 111.0 417.3 283.0 80
2021000000549055 0.411 636.3 173.7 640.2 283.5 80
2021000000549055 0.409 301.1 113.8 461.8 286.6 80
2021000000549055 0.380 415.0 148.5 454.6 193.1 80
2021000000549055 0.368 637.2 111.0 640.4 208.9 80
2021000000549055 0.357 318.0 119.4 467.6 287.6 80
2021000000549055 0.349 638.3 58.5 640.3 123.2 80
2021000000549055 0.276 274.0 155.3 355.6 215.3 80
2021000000549055 0.251 318.0 119.4 467.6 287.6 12
2021000000549055 0.234 0.6 90.5 3.9 227.3 80
2021000000549055 0.234 0.6 36.6 4.0 143.5 80
2021000000549055 0.224 0.4 -0.6 5.8 68.8 80
2021000000549055 0.204 634.5 92.5 641.4 262.0 80
2021000000549055 0.193 638.1 78.2 640.6 209.9 80
2021000000549055 0.193 305.7 211.7 408.3 305.0 14
2021000000549055 0.188 0.4 45.6 11.9 209.6 80
2021000000549055 0.180 -1.5 75.6 19.2 282.9 80
2021000000549055 0.176 301.1 113.8 461.8 286.6 12
2021000000549055 0.172 202.3 288.7 409.8 305.7 80
2021000000549055 0.160 373.5 199.5 422.3 234.0 80
2021000000549055 0.158 -4.6 199.6 56.0 307.1 80
2021000000549055 0.155 278.8 204.1 345.4 253.3 80
2021000000549055 0.154 582.8 245.3 655.7 300.3 80
2021000000549055 0.154 0.3 44.7 37.9 267.6 80
2021000000549055 0.150 428.6 224.4 619.1 302.3 80
2021000000549055 0.149 161.1 233.7 398.3 309.9 80
2021000000549055 0.149 376.2 275.9 541.7 303.5 80
2021000000549055 0.148 149.2 290.7 293.3 306.1 80
2021000000549055 0.148 80.3 269.3 272.0 304.1 80
2021000000549055 0.148 320.8 193.8 367.0 223.5 80
2021000000549055 0.146 17.4 281.0 129.2 303.6 80
2021000000549055 0.144 438.0 292.9 574.7 306.7 80
2021000000549055 0.142 515.7 111.1 657.7 281.9 80
2021000000549055 0.142 508.6 285.3 629.4 303.6 80
2021000000549055 0.142 98.0 83.1 398.5 249.3 80
2021000000549055 0.142 61.1 291.8 204.0 306.6 80
2021000000549055 0.142 19.9 195.0 230.7 294.9 80
2021000000549055 0.140 51.4 162.0 406.8 284.6 80
2021000000549055 0.138 159.2 57.2 475.6 254.4 80
2021000000549055 0.131 418.8 107.2 654.0 260.1 80
2021000000549055 0.131 293.2 81.7 488.6 247.3 80
2021000000549055 0.129 258.8 169.8 308.8 203.1 80
2021000000549055 0.129 124.0 117.6 399.6 242.3 80
2021000000549055 0.128 21.0 151.2 331.9 260.3 80
2021000000549055 0.128 593.2 167.2 638.7 259.1 80
2021000000549055 0.127 4.4 105.1 141.0 279.1 80
2021000000549055 0.127 348.0 129.9 621.4 254.5 80
2021000000549055 0.127 55.9 133.3 366.4 246.9 80
2021000000549055 0.125 226.6 191.6 282.1 231.3 80
2021000000549055 0.123 20.6 120.9 246.0 244.1 80
2021000000549055 0.122 527.0 192.4 595.0 249.7 80
2021000000549055 0.119 312.1 215.4 352.6 267.3 14
2021000000549055 0.118 149.4 165.4 217.7 209.6 80
2021000000549055 0.118 40.1 97.9 288.1 219.8 80
2021000000549055 0.116 64.6 140.1 196.8 190.7 80
2021000000549055 0.114 62.4 193.4 126.2 235.8 80
2021000000549055 0.114 -13.0 105.0 169.7 157.6 80
2021000000549055 0.114 275.0 131.8 387.4 197.3 80
2021000000549055 0.113 318.0 119.4 467.6 287.6 11
2021000000549055 0.112 358.5 81.5 709.4 142.2 80
2021000000549055 0.111 -138.2 14.6 240.0 44.5 80
2021000000549055 0.111 443.7 177.7 546.6 226.5 80
2021000000549055 0.109 179.4 200.8 263.8 240.1 80
2021000000549055 0.109 -24.8 15.6 507.0 50.2 80
2021000000549055 0.108 243.3 111.0 417.3 283.0 3
2021000000549055 0.108 434.3 51.8 749.4 106.6 80
2021000000549055 0.106 63.8 4.2 690.9 31.1 80
2021000000549055 0.105 85.1 156.3 234.4 219.1 80
2021000000549055 0.105 220.7 7.6 819.7 35.2 80
2021000000549055 0.103 -200.4 5.2 437.9 24.4 80
2021000000549055 0.102 247.9 112.2 414.5 289.8 3
2021000000549055 0.101 1.5 1.2 639.5 21.3 80
2021000000549055 0.101 -145.5 4.4 493.3 23.2 80
2021000000549055 0.100 292.3 6.8 921.6 26.4 80
2021000000549055 0.099 241.1 4.4 879.7 24.3 80
2021000000549055 0.098 243.3 111.0 417.3 283.0 12
2021000000549055 0.095 89.3 0.7 728.2 20.6 80
2021000000549055 0.095 243.3 111.0 417.3 283.0 2
2021000000549055 0.095 -263.8 -2.0 345.1 17.2 80
2021000000549055 0.094 -63.6 2.1 575.4 22.0 80
2021000000549055 0.094 -180.2 -0.2 458.0 19.0 80
2021000000549055 0.000 0.4 48.7 133.4 198.4 80
2021000000549055 0.000 265.3 40.1 329.2 102.2 80
2021000000549055 0.000 338.6 1.0 404.3 62.0 80
2021000000549055 0.000 107.8 97.2 184.6 154.2 80
2021000000549055 0.000 59.8 177.8 135.4 236.4 80
2021000000549055 0.000 186.6 110.6 266.3 168.8 80
2021000000549055 0.000 280.6 188.7 349.6 269.9 80
2021000000549055 0.000 428.4 40.7 505.4 98.3 80
2021000000549055 0.000 330.2 114.7 403.1 169.4 80
2021000000549055 0.000 224.6 32.1 380.8 174.6 80
2021000000549055 0.000 41.7 27.3 244.3 160.3 80
2021000000549055 0.000 182.4 67.5 256.8 127.1 80
2021000000549055 0.000 1.9 164.3 61.3 230.8 80
2021000000549055 0.000 580.8 106.0 639.0 171.1 80
2021000000549055 0.000 430.4 11.6 619.8 155.3 80
2021000000549055 0.000 478.0 87.5 620.4 217.7 80
2021000000549055 0.000 274.8 92.9 345.9 149.4 80
2021000000549055 0.000 118.4 153.6 186.5 209.8 80
2021000000549055 0.000 504.3 80.1 583.0 133.7 80
2021000000549055 0.000 322.9 62.4 468.8 185.3 80
2021000000549055 0.000 182.2 179.1 248.2 240.5 80
2021000000549055 0.000 261.4 2.4 464.1 135.6 80
2021000000549055 0.000 449.2 120.7 523.3 174.6 80
2021000000549055 0.000 1.3 124.3 60.0 189.9 80
2021000000549055 0.000 -0.4 99.4 130.7 291.1 80
2021000000549055 0.000 383.7 141.1 458.6 194.3 80
2021000000549055 0.000 64.3 52.3 143.4 112.0 80
2021000000549055 0.000 49.0 103.9 206.7 225.7 80
2021000000549055 0.000 404.8 83.5 476.8 139.1 80
2021000000549055 0.000 1.2 19.3 65.7 86.0 80
2021000000549055 0.000 37.9 127.1 118.3 180.0 80
2021000000549055 0.000 460.3 159.2 522.6 218.5 80
2021000000549055 0.000 419.9 175.0 481.0 238.0 80
2021000000549055 0.000 580.0 156.0 639.7 223.1 80
2021000000549055 0.000 574.1 43.0 639.8 126.1 80
2021000000549055 0.000 0.6 76.0 65.7 141.1 80
2021000000549055 0.000 192.1 140.9 268.7 194.5 80
2021000000549055 0.000 526.1 144.6 606.4 197.5 80
2021000000549055 0.000 326.7 94.4 461.2 285.5 80
2021000000549055 0.000 28.7 12.3 335.2 298.8 80
2021000000549055 0.000 96.8 21.2 452.9 192.1 80
2021000000549055 0.000 1.2 198.0 74.0 297.2 80
2021000000549055 0.000 359.8 41.8 518.7 262.4 80
2021000000549055 0.000 359.1 187.3 423.2 269.8 80
2021000000549055 0.000 216.0 155.8 442.8 297.1 80
2021000000549055 0.000 281.0 161.2 356.5 214.4 80
2021000000549055 0.000 267.1 89.2 402.5 233.1 80
2021000000549055 0.000 233.2 178.2 298.3 237.2 80
2021000000549055 0.000 266.9 132.9 336.6 187.4 80
2021000000549055 0.000 393.5 108.7 598.0 213.4 80
2021000000549055 0.000 219.7 31.7 435.2 284.0 80
2021000000549055 0.000 248.3 49.8 584.3 207.4 80
2021000000549055 0.000 133.0 44.7 309.9 246.5 80
2021000000549055 0.000 283.7 6.8 626.2 301.9 80
2021000000549055 0.000 128.8 13.0 495.1 297.8 80
2021000000549055 0.000 66.0 91.1 357.8 210.1 80
2021000000549055 0.000 157.4 133.2 295.3 258.1 80
2021000000549055 0.000 1.1 20.0 187.9 293.6 80
2021000000549055 0.000 33.2 14.7 604.1 157.1 80
2021000000549055 0.000 457.0 15.4 643.3 291.7 80
2021000000549055 0.000 95.5 206.2 331.1 301.6 80
2021000000549055 0.000 565.8 195.8 640.1 295.1 80
2021000000549055 0.000 394.2 143.1 614.0 295.2 80
2021000000549055 0.000 6.7 221.1 165.6 302.5 80
2021000000549055 0.000 510.3 88.5 638.8 288.0 80
2021000000549055 0.000 224.9 86.5 390.0 287.5 80
2021000000549055 0.000 183.0 64.8 453.5 295.9 80
2021000000549055 0.000 112.6 1.0 624.5 301.8 80
2021000000549055 0.000 18.9 71.0 283.8 299.8 80
2021000000549055 0.000 5.9 1.5 501.9 301.9 80
2021000000549055 0.000 21.2 147.9 230.4 294.5 80
2021000000549055 0.000 67.9 117.0 386.6 292.2 80
2021000000549055 0.000 332.8 134.3 461.1 252.1 80
2021000000549055 0.000 254.6 113.2 399.3 194.2 80
2021000000549055 0.000 314.3 161.0 374.1 220.1 80
2021000000549055 0.000 294.4 206.8 595.8 302.6 80
2021000000549055 0.000 51.3 181.3 596.4 296.6 80
2021000000549055 0.000 2.5 8.4 637.1 303.6 80
2021000000549055 0.000 366.0 71.8 613.1 299.1 80
2021000000549055 0.000 16.6 55.5 450.8 299.2 80
2021000000549055 0.000 228.9 55.4 606.6 286.5 80
2021000000549055 0.000 105.8 47.4 556.8 246.9 80
2021000000549055 0.000 218.6 117.9 571.0 291.9 80
2021000000549055 0.000 463.8 189.8 634.7 298.7 80
2021000000549055 0.000 185.8 77.6 445.7 234.6 80
2021000000549055 0.000 5.3 90.1 632.6 294.1 80
2021000000549055 0.000 26.7 33.2 603.5 285.7 80
2021000000549055 0.000 100.8 118.4 501.1 219.2 80
2021000000549055 0.000 35.4 75.2 601.7 217.1 80
2021000000549055 0.000 7.0 29.6 631.9 250.1 80
2021000000549055 0.000 543.1 5.2 638.2 69.0 80
2021000000549055 0.000 35.4 75.2 601.7 217.1 0
2021000000549055 0.000 224.9 86.5 390.0 287.5 14
2021000000549055 0.000 133.0 44.7 309.9 246.5 14
2021000000549055 0.000 18.9 71.0 283.8 299.8 14
2021000000549055 0.000 100.8 118.4 501.1 219.2 0
2021000000549055 0.000 219.7 31.7 435.2 284.0 14
2021000000549055 0.000 359.8 41.8 518.7 262.4 14
2021000000549055 0.000 183.0 64.8 453.5 295.9 14
2021000000549055 0.000 326.7 94.4 461.2 285.5 14
