2021000000255912 0.705 1.5 294.9 52.6 358.8 80
2021000000255912 0.665 6.5 -1.6 203.0 105.5 80
2021000000255912 0.664 168.1 -0.8 316.9 62.0 80
2021000000255912 0.653 616.6 159.4 642.1 352.7 80
2021000000255912 0.635 1.3 243.8 22.3 353.8 80
2021000000255912 0.635 517.2 208.4 641.9 360.9 80
2021000000255912 0.631 607.2 311.1 640.7 363.6 80
2021000000255912 0.631 188.4 -2.5 395.7 54.3 80
2021000000255912 0.627 621.5 90.1 640.9 308.4 80
2021000000255912 0.622 515.6 6.3 642.2 356.3 80
2021000000255912 0.615 -0.1 1.6 638.9 359.4 80
2021000000255912 0.604 285.2 -0.5 412.4 25.0 80
2021000000255912 0.601 551.7 -13.8 643.7 335.2 80
2021000000255912 0.596 556.1 -2.0 637.5 100.0 80
2021000000255912 0.587 545.2 -6.5 646.0 339.8 80
2021000000255912 0.579 94.2 -0.3 165.6 16.4 80
2021000000255912 0.573 536.7 155.9 639.8 356.7 80
2021000000255912 0.569 9.6 -0.9 71.1 17.7 80
2021000000255912 0.565 472.9 1.0 583.8 22.4 80
2021000000255912 0.557 508.7 28.7 646.7 358.5 80
2021000000255912 0.554 630.3 -4.6 640.5 220.3 80
2021000000255912 0.549 535.6 11.6 644.1 359.3 80
2021000000255912 0.542 556.0 -1.0 636.6 102.5 80
2021000000255912 0.539 383.9 -0.2 558.0 31.5 80
2021000000255912 0.538 537.8 -2.9 619.5 52.6 80
2021000000255912 0.538 224.5 -0.8 300.0 14.1 80
2021000000255912 0.531 290.7 1.8 437.9 32.2 80
2021000000255912 0.529 520.7 0.6 600.5 22.1 80
2021000000255912 0.528 141.5 0.2 225.3 17.3 80
2021000000255912 0.519 0.8 103.1 51.8 358.0 80
2021000000255912 0.492 341.0 0.4 443.4 26.0 80
2021000000255912 0.437 356.8 -0.0 432.9 20.7 80
2021000000255912 0.431 -0.3 3.9 13.8 54.0 80
2021000000255912 0.428 535.6 192.8 641.7 355.7 80
2021000000255912 0.416 523.3 178.2 643.1 356.4 80
2021000000255912 0.341 523.3 178.2 643.1 356.4 8
2021000000255912 0.327 0.3 15.3 639.1 357.3 10
2021000000255912 0.310 0.7 71.5 5.7 329.6 80
2021000000255912 0.296 535.6 192.8 641.7 355.7 8
2021000000255912 0.273 204.6 350.1 460.9 359.9 80
2021000000255912 0.271 -5.4 1.8 48.8 359.5 80
2021000000255912 0.247 -5.1 156.0 59.1 367.7 80
2021000000255912 0.243 0.2 11.8 4.8 166.4 80
2021000000255912 0.240 556.0 -1.0 636.6 102.5 4
2021000000255912 0.228 356.8 -0.0 432.9 20.7 8
2021000000255912 0.201 -168.6 -1.3 314.6 11.6 80
2021000000255912 0.197 466.0 194.0 651.9 358.0 80
2021000000255912 0.196 -8.0 17.8 29.4 311.2 80
2021000000255912 0.192 23.6 13.2 344.1 348.9 80
2021000000255912 0.171 19.5 106.2 617.9 316.1 80
2021000000255912 0.162 442.0 57.9 646.1 379.2 80
2021000000255912 0.159 0.3 15.3 639.1 357.3 80
2021000000255912 0.154 58.3 347.8 198.9 360.9 80
2021000000255912 0.143 385.0 322.0 560.1 357.2 80
2021000000255912 0.142 0.6 84.2 144.7 346.6 80
2021000000255912 0.142 536.7 155.9 639.8 356.7 8
2021000000255912 0.141 207.6 344.2 408.9 358.6 80
2021000000255912 0.140 80.4 314.4 276.3 357.3 80
2021000000255912 0.139 120.0 214.0 528.5 340.9 80
2021000000255912 0.137 347.3 108.1 642.5 321.4 80
2021000000255912 0.135 0.3 15.3 639.1 357.3 15
2021000000255912 0.135 32.6 192.0 429.8 336.3 80
2021000000255912 0.135 226.8 195.1 574.0 328.8 80
2021000000255912 0.135 -15.7 191.3 282.5 341.3 80
2021000000255912 0.134 291.5 178.4 617.8 328.3 80
2021000000255912 0.133 11.2 93.3 493.5 299.0 80
2021000000255912 0.133 116.3 178.5 528.2 322.1 80
2021000000255912 0.133 303.1 119.3 574.9 301.4 80
2021000000255912 0.132 38.3 159.9 484.7 312.4 80
2021000000255912 0.131 19.9 327.9 131.4 357.6 80
2021000000255912 0.131 241.0 113.4 608.0 298.1 80
2021000000255912 0.130 15.5 80.4 459.5 282.7 80
2021000000255912 0.130 332.8 339.6 489.6 360.4 80
2021000000255912 0.130 2.4 115.4 423.5 298.7 80
2021000000255912 0.130 -9.5 150.2 373.4 310.2 80
2021000000255912 0.129 535.6 11.6 644.1 359.3 8
2021000000255912 0.128 144.7 131.3 574.4 294.8 80
2021000000255912 0.128 65.1 124.6 530.2 293.4 80
2021000000255912 0.128 -9.7 111.3 297.7 303.3 80
2021000000255912 0.127 271.1 325.7 428.8 353.9 80
2021000000255912 0.127 58.0 222.2 139.7 294.8 80
2021000000255912 0.127 427.1 240.5 515.8 306.1 80
2021000000255912 0.125 229.6 243.3 313.2 289.3 80
2021000000255912 0.125 191.1 324.9 343.0 352.5 80
2021000000255912 0.124 556.1 -2.0 637.5 100.0 4
2021000000255912 0.123 155.8 340.7 285.8 360.5 80
2021000000255912 0.122 430.1 339.0 576.4 363.0 80
2021000000255912 0.121 137.7 220.7 267.6 297.4 80
2021000000255912 0.117 26.8 149.0 334.6 256.1 80
2021000000255912 0.116 216.0 165.1 496.3 245.0 80
2021000000255912 0.114 135.1 142.9 473.9 223.5 80
2021000000255912 0.114 -57.4 104.7 343.3 230.3 80
2021000000255912 0.114 53.5 144.6 409.6 231.4 80
2021000000255912 0.112 222.3 115.4 658.2 213.4 80
2021000000255912 0.112 231.7 150.0 544.3 264.2 80
2021000000255912 0.112 517.2 208.4 641.9 360.9 8
2021000000255912 0.111 138.0 141.4 509.1 269.7 80
2021000000255912 0.110 72.5 188.5 281.6 280.2 80
2021000000255912 0.108 -172.9 17.3 280.9 76.2 80
2021000000255912 0.106 -154.6 55.3 336.4 155.1 80
2021000000255912 0.705 1.5 294.9 52.6 358.8 80
2021000000255912 0.665 6.5 -1.6 203.0 105.5 80
2021000000255912 0.664 168.1 -0.8 316.9 62.0 80
2021000000255912 0.653 616.6 159.4 642.1 352.7 80
2021000000255912 0.635 1.3 243.8 22.3 353.8 80
2021000000255912 0.635 517.2 208.4 641.9 360.9 80
2021000000255912 0.631 607.2 311.1 640.7 363.6 80
2021000000255912 0.631 188.4 -2.5 395.7 54.3 80
2021000000255912 0.627 621.5 90.1 640.9 308.4 80
2021000000255912 0.622 515.6 6.3 642.2 356.3 80
2021000000255912 0.615 -0.1 1.6 638.9 359.4 80
2021000000255912 0.604 285.2 -0.5 412.4 25.0 80
2021000000255912 0.601 551.7 -13.8 643.7 335.2 80
2021000000255912 0.596 556.1 -2.0 637.5 100.0 80
2021000000255912 0.587 545.2 -6.5 646.0 339.8 80
2021000000255912 0.579 94.2 -0.3 165.6 16.4 80
2021000000255912 0.573 536.7 155.9 639.8 356.7 80
2021000000255912 0.569 9.6 -0.9 71.1 17.7 80
2021000000255912 0.565 472.9 1.0 583.8 22.4 80
2021000000255912 0.557 508.7 28.7 646.7 358.5 80
2021000000255912 0.554 630.3 -4.6 640.5 220.3 80
2021000000255912 0.549 535.6 11.6 644.1 359.3 80
2021000000255912 0.542 556.0 -1.0 636.6 102.5 80
2021000000255912 0.539 383.9 -0.2 558.0 31.5 80
2021000000255912 0.538 537.8 -2.9 619.5 52.6 80
2021000000255912 0.538 224.5 -0.8 300.0 14.1 80
2021000000255912 0.531 290.7 1.8 437.9 32.2 80
2021000000255912 0.529 520.7 0.6 600.5 22.1 80
2021000000255912 0.528 141.5 0.2 225.3 17.3 80
2021000000255912 0.519 0.8 103.1 51.8 358.0 80
2021000000255912 0.492 341.0 0.4 443.4 26.0 80
2021000000255912 0.437 356.8 -0.0 432.9 20.7 80
2021000000255912 0.431 -0.3 3.9 13.8 54.0 80
2021000000255912 0.428 535.6 192.8 641.7 355.7 80
2021000000255912 0.416 523.3 178.2 643.1 356.4 80
2021000000255912 0.341 523.3 178.2 643.1 356.4 8
2021000000255912 0.327 0.3 15.3 639.1 357.3 10
2021000000255912 0.310 0.7 71.5 5.7 329.6 80
2021000000255912 0.296 535.6 192.8 641.7 355.7 8
2021000000255912 0.273 204.6 350.1 460.9 359.9 80
2021000000255912 0.271 -5.4 1.8 48.8 359.5 80
2021000000255912 0.247 -5.1 156.0 59.1 367.7 80
2021000000255912 0.243 0.2 11.8 4.8 166.4 80
2021000000255912 0.240 556.0 -1.0 636.6 102.5 4
2021000000255912 0.228 356.8 -0.0 432.9 20.7 8
2021000000255912 0.201 -168.6 -1.3 314.6 11.6 80
2021000000255912 0.197 466.0 194.0 651.9 358.0 80
2021000000255912 0.196 -8.0 17.8 29.4 311.2 80
2021000000255912 0.192 23.6 13.2 344.1 348.9 80
2021000000255912 0.171 19.5 106.2 617.9 316.1 80
2021000000255912 0.162 442.0 57.9 646.1 379.2 80
2021000000255912 0.159 0.3 15.3 639.1 357.3 80
2021000000255912 0.154 58.3 347.8 198.9 360.9 80
2021000000255912 0.143 385.0 322.0 560.1 357.2 80
2021000000255912 0.142 0.6 84.2 144.7 346.6 80
2021000000255912 0.142 536.7 155.9 639.8 356.7 8
2021000000255912 0.141 207.6 344.2 408.9 358.6 80
2021000000255912 0.140 80.4 314.4 276.3 357.3 80
2021000000255912 0.139 120.0 214.0 528.5 340.9 80
2021000000255912 0.137 347.3 108.1 642.5 321.4 80
2021000000255912 0.135 0.3 15.3 639.1 357.3 15
2021000000255912 0.135 32.6 192.0 429.8 336.3 80
2021000000255912 0.135 226.8 195.1 574.0 328.8 80
2021000000255912 0.135 -15.7 191.3 282.5 341.3 80
2021000000255912 0.134 291.5 178.4 617.8 328.3 80
2021000000255912 0.133 11.2 93.3 493.5 299.0 80
2021000000255912 0.133 116.3 178.5 528.2 322.1 80
2021000000255912 0.133 303.1 119.3 574.9 301.4 80
2021000000255912 0.132 38.3 159.9 484.7 312.4 80
2021000000255912 0.131 19.9 327.9 131.4 357.6 80
2021000000255912 0.131 241.0 113.4 608.0 298.1 80
2021000000255912 0.130 15.5 80.4 459.5 282.7 80
2021000000255912 0.130 332.8 339.6 489.6 360.4 80
2021000000255912 0.130 2.4 115.4 423.5 298.7 80
2021000000255912 0.130 -9.5 150.2 373.4 310.2 80
2021000000255912 0.129 535.6 11.6 644.1 359.3 8
2021000000255912 0.128 144.7 131.3 574.4 294.8 80
2021000000255912 0.128 65.1 124.6 530.2 293.4 80
2021000000255912 0.128 -9.7 111.3 297.7 303.3 80
2021000000255912 0.127 271.1 325.7 428.8 353.9 80
2021000000255912 0.127 58.0 222.2 139.7 294.8 80
2021000000255912 0.127 427.1 240.5 515.8 306.1 80
2021000000255912 0.125 229.6 243.3 313.2 289.3 80
2021000000255912 0.125 191.1 324.9 343.0 352.5 80
2021000000255912 0.124 556.1 -2.0 637.5 100.0 4
2021000000255912 0.123 155.8 340.7 285.8 360.5 80
2021000000255912 0.122 430.1 339.0 576.4 363.0 80
2021000000255912 0.121 137.7 220.7 267.6 297.4 80
2021000000255912 0.117 26.8 149.0 334.6 256.1 80
2021000000255912 0.116 216.0 165.1 496.3 245.0 80
2021000000255912 0.114 135.1 142.9 473.9 223.5 80
2021000000255912 0.114 -57.4 104.7 343.3 230.3 80
2021000000255912 0.114 53.5 144.6 409.6 231.4 80
2021000000255912 0.112 222.3 115.4 658.2 213.4 80
2021000000255912 0.112 231.7 150.0 544.3 264.2 80
2021000000255912 0.112 517.2 208.4 641.9 360.9 8
2021000000255912 0.111 138.0 141.4 509.1 269.7 80
2021000000255912 0.110 72.5 188.5 281.6 280.2 80
2021000000255912 0.108 -172.9 17.3 280.9 76.2 80
2021000000255912 0.106 -154.6 55.3 336.4 155.1 80
2021000000255912 0.000 0.6 46.7 133.2 235.6 80
2021000000255912 0.000 262.9 48.9 336.9 117.3 80
2021000000255912 0.000 107.7 114.5 184.8 181.7 80
2021000000255912 0.000 182.2 80.3 257.9 149.0 80
2021000000255912 0.000 337.0 1.4 408.0 72.2 80
2021000000255912 0.000 329.4 134.6 404.0 199.0 80
2021000000255912 0.000 57.8 208.2 137.1 276.8 80
2021000000255912 0.000 165.6 92.7 280.5 211.7 80
2021000000255912 0.000 420.1 12.9 629.6 183.0 80
2021000000255912 0.000 477.8 104.9 620.1 258.1 80
2021000000255912 0.000 318.2 71.5 471.2 218.7 80
2021000000255912 0.000 1.8 193.7 61.3 272.8 80
2021000000255912 0.000 580.4 123.5 639.4 202.1 80
2021000000255912 0.000 279.1 220.9 353.0 323.3 80
2021000000255912 0.000 34.5 31.1 251.7 188.7 80
2021000000255912 0.000 116.5 181.6 189.9 246.7 80
2021000000255912 0.000 501.7 93.3 585.3 156.8 80
2021000000255912 0.000 274.1 110.7 349.2 175.5 80
2021000000255912 0.000 448.8 141.8 523.7 205.4 80
2021000000255912 0.000 -0.0 118.8 130.7 343.0 80
2021000000255912 0.000 43.9 123.3 212.4 264.1 80
2021000000255912 0.000 212.5 33.1 381.3 203.3 80
2021000000255912 0.000 424.4 46.4 508.8 114.0 80
2021000000255912 0.000 403.7 98.8 479.4 163.1 80
2021000000255912 0.000 574.3 51.2 639.7 147.8 80
2021000000255912 0.000 0.9 144.7 60.4 224.4 80
2021000000255912 0.000 459.5 189.5 526.0 256.9 80
2021000000255912 0.000 580.0 184.4 639.7 263.5 80
2021000000255912 0.000 383.2 165.9 459.0 228.6 80
2021000000255912 0.000 251.4 3.7 481.0 150.2 80
2021000000255912 0.000 35.9 149.3 120.1 212.1 80
2021000000255912 0.000 419.9 207.5 481.3 281.6 80
2021000000255912 0.000 192.2 166.5 268.7 229.4 80
2021000000255912 0.000 178.7 211.7 256.0 280.8 80
2021000000255912 0.000 360.2 225.5 424.8 317.5 80
2021000000255912 0.000 0.6 21.6 66.3 101.6 80
2021000000255912 0.000 281.2 190.3 356.3 253.4 80
2021000000255912 0.000 326.6 115.3 462.4 335.9 80
2021000000255912 0.000 0.9 237.6 74.4 355.5 80
2021000000255912 0.000 525.5 169.8 607.0 232.6 80
2021000000255912 0.000 265.2 110.8 404.0 273.8 80
2021000000255912 0.000 74.5 20.0 472.4 239.0 80
2021000000255912 0.000 12.8 10.6 351.2 354.2 80
2021000000255912 0.000 234.6 212.2 297.1 282.1 80
2021000000255912 0.000 155.9 157.2 295.2 304.3 80
2021000000255912 0.000 241.9 56.7 590.0 249.3 80
2021000000255912 0.000 61.9 107.1 361.6 248.1 80
2021000000255912 0.000 391.4 129.7 600.4 250.7 80
2021000000255912 0.000 28.0 17.1 610.2 185.7 80
2021000000255912 0.000 344.1 43.5 534.8 299.1 80
2021000000255912 0.000 214.5 186.2 443.8 351.2 80
2021000000255912 0.000 213.4 32.6 440.2 338.2 80
2021000000255912 0.000 125.6 14.9 506.3 351.3 80
2021000000255912 0.000 566.2 232.9 639.7 352.7 80
2021000000255912 0.000 264.8 155.8 340.6 218.3 80
2021000000255912 0.000 125.5 47.5 316.7 293.2 80
2021000000255912 0.000 276.2 6.9 633.3 356.7 80
2021000000255912 0.000 457.5 18.4 642.7 344.4 80
2021000000255912 0.000 510.0 103.3 638.7 340.5 80
2021000000255912 0.000 227.8 106.4 386.9 335.8 80
2021000000255912 0.000 -0.9 87.5 67.1 165.7 80
2021000000255912 0.000 -0.7 20.6 189.5 347.5 80
2021000000255912 0.000 15.4 84.2 287.7 354.5 80
2021000000255912 0.000 58.7 59.4 148.2 131.3 80
2021000000255912 0.000 391.9 172.8 616.8 349.1 80
2021000000255912 0.000 81.6 244.1 343.6 356.4 80
2021000000255912 0.000 6.1 266.4 166.7 358.2 80
2021000000255912 0.000 182.4 76.9 454.4 348.4 80
2021000000255912 0.000 6.2 1.1 517.8 356.7 80
2021000000255912 0.000 16.8 174.3 235.0 349.6 80
2021000000255912 0.000 111.9 1.1 628.7 356.4 80
2021000000255912 0.000 287.8 244.6 602.2 357.2 80
2021000000255912 0.000 28.6 218.2 615.5 354.7 80
2021000000255912 0.000 241.8 132.2 411.2 227.0 80
2021000000255912 0.000 331.7 159.9 462.3 296.6 80
2021000000255912 0.000 312.9 191.4 380.7 258.0 80
2021000000255912 0.000 362.6 84.7 615.4 355.1 80
2021000000255912 0.000 52.0 138.2 407.0 344.3 80
2021000000255912 0.000 10.5 63.8 457.6 353.8 80
2021000000255912 0.000 100.8 57.0 561.2 298.4 80
2021000000255912 0.000 217.9 62.9 616.4 348.7 80
2021000000255912 0.000 1.0 2.5 639.1 358.5 80
2021000000255912 0.000 219.2 142.2 572.2 345.9 80
2021000000255912 0.000 463.0 232.7 633.6 353.0 80
2021000000255912 0.000 176.7 92.5 454.6 280.2 80
2021000000255912 0.000 1.3 98.5 637.0 347.8 80
2021000000255912 0.000 31.4 39.7 601.4 340.8 80
2021000000255912 0.000 94.3 139.2 507.4 259.0 80
2021000000255912 0.000 31.5 89.3 606.1 255.1 80
2021000000255912 0.000 5.2 29.3 634.0 294.4 80
2021000000255912 0.000 542.8 5.9 638.5 81.9 80
2021000000255912 0.000 31.5 89.3 606.1 255.1 0
2021000000255912 0.000 125.5 47.5 316.7 293.2 14
2021000000255912 0.000 344.1 43.5 534.8 299.1 14
2021000000255912 0.000 227.8 106.4 386.9 335.8 14
2021000000255912 0.000 213.4 32.6 440.2 338.2 14
2021000000255912 0.000 15.4 84.2 287.7 354.5 14
2021000000255912 0.000 182.4 76.9 454.4 348.4 14
2021000000255912 0.000 193.2 287.3 300.5 351.7 80
2021000000255912 0.000 362.6 84.7 615.4 355.1 14
