2021009622 0.705 365.9 207.4 413.2 268.6 80
2021009622 0.700 241.6 116.4 476.7 332.0 80
2021009622 0.695 81.7 55.7 271.9 332.3 14
2021009622 0.688 70.3 62.1 459.2 334.1 80
2021009622 0.680 76.2 65.3 467.7 332.3 80
2021009622 0.675 76.7 148.5 279.4 332.7 80
2021009622 0.672 467.2 294.7 498.0 333.7 80
2021009622 0.670 248.8 106.7 472.5 333.5 14
2021009622 0.666 404.7 138.6 455.5 204.3 80
2021009622 0.664 467.3 258.9 500.0 333.2 80
2021009622 0.655 217.4 86.0 477.8 331.3 80
2021009622 0.653 414.0 144.5 451.2 191.8 80
2021009622 0.644 484.2 39.4 499.5 58.4 80
2021009622 0.639 374.5 142.7 455.8 199.8 80
2021009622 0.638 252.1 177.7 477.2 331.6 80
2021009622 0.637 75.8 55.2 274.3 325.6 80
2021009622 0.631 82.3 111.7 500.5 334.5 80
2021009622 0.623 442.5 274.0 466.0 325.8 80
2021009622 0.616 487.4 253.7 500.1 326.1 80
2021009622 0.606 262.1 110.6 456.0 317.4 80
2021009622 0.606 61.4 54.7 302.2 326.8 80
2021009622 0.592 58.9 127.5 75.7 154.9 80
2021009622 0.590 85.1 156.4 500.2 332.3 80
2021009622 0.580 445.9 264.0 462.9 301.5 80
2021009622 0.548 494.9 36.6 500.3 87.4 80
2021009622 0.545 481.9 214.5 501.5 314.3 80
2021009622 0.527 78.4 124.2 111.0 155.3 80
2021009622 0.448 497.5 134.4 500.3 267.6 80
2021009622 0.349 333.3 321.3 495.4 334.1 80
2021009622 0.304 145.2 323.6 397.0 333.7 80
2021009622 0.265 481.7 20.3 504.7 351.9 80
2021009622 0.259 498.3 36.1 500.5 275.3 80
2021009622 0.254 136.4 105.6 467.5 311.2 80
2021009622 0.229 78.8 132.5 305.3 316.6 80
2021009622 0.219 -0.0 1.3 5.7 69.8 80
2021009622 0.217 79.3 275.7 461.2 341.0 80
2021009622 0.216 0.3 42.5 3.5 130.1 80
2021009622 0.213 0.3 88.2 3.4 214.7 80
2021009622 0.211 -0.4 167.6 6.0 308.0 80
2021009622 0.210 76.1 158.5 105.4 183.4 80
2021009622 0.189 0.8 60.3 8.5 203.9 80
2021009622 0.185 188.9 156.0 483.9 318.7 80
2021009622 0.184 -0.7 65.7 12.8 300.9 80
2021009622 0.183 382.0 240.4 428.7 279.6 80
2021009622 0.179 299.7 96.5 440.9 319.3 80
2021009622 0.170 102.8 160.2 144.4 189.1 80
2021009622 0.158 50.5 90.6 291.7 296.6 80
2021009622 0.155 85.1 156.4 500.2 332.3 17
2021009622 0.155 -3.8 196.8 47.8 333.1 80
2021009622 0.154 0.1 51.1 29.6 291.8 80
2021009622 0.153 -7.1 296.1 36.9 338.3 80
2021009622 0.153 301.9 186.3 517.5 325.6 80
2021009622 0.151 174.2 269.7 396.0 334.2 80
2021009622 0.150 48.4 322.0 165.0 335.0 80
2021009622 0.149 248.8 106.7 472.5 333.5 80
2021009622 0.149 415.8 174.3 446.6 203.0 80
2021009622 0.148 57.8 261.4 229.4 335.3 80
2021009622 0.146 112.4 239.8 336.4 336.2 80
2021009622 0.146 309.8 241.2 380.7 306.9 80
2021009622 0.143 70.4 121.6 238.2 284.3 80
2021009622 0.141 358.4 225.6 396.5 257.9 80
2021009622 0.139 11.8 188.1 194.8 321.6 80
2021009622 0.137 317.7 229.8 374.3 277.0 80
2021009622 0.136 114.2 170.2 410.2 304.5 80
2021009622 0.134 267.2 228.4 308.5 266.0 80
2021009622 0.133 185.9 164.1 275.2 211.1 80
2021009622 0.132 253.3 311.6 403.8 334.2 80
2021009622 0.131 114.3 115.5 352.3 283.1 80
2021009622 0.131 138.8 163.2 196.6 205.2 80
2021009622 0.130 16.5 305.0 103.5 330.9 80
2021009622 0.129 22.2 143.7 266.0 293.0 80
2021009622 0.129 87.6 150.6 228.0 259.6 80
2021009622 0.129 123.8 164.8 234.0 249.0 80
2021009622 0.128 442.5 274.0 466.0 325.8 4
2021009622 0.128 117.9 193.3 185.7 247.1 80
2021009622 0.127 158.6 148.2 232.5 199.7 80
2021009622 0.127 110.1 315.7 225.5 335.1 80
2021009622 0.126 57.9 226.0 103.6 273.6 80
2021009622 0.126 286.1 185.4 332.2 227.2 80
2021009622 0.126 -2.1 117.0 131.0 296.2 80
2021009622 0.124 16.2 119.7 197.4 273.4 80
2021009622 0.122 167.5 161.1 248.5 220.3 80
2021009622 0.121 219.5 140.6 292.3 185.3 80
2021009622 0.116 140.3 130.5 366.0 250.4 80
2021009622 0.115 106.8 73.0 269.2 127.8 80
2021009622 0.115 82.3 111.7 500.5 334.5 17
2021009622 0.112 85.0 192.0 192.8 257.5 80
2021009622 0.111 404.7 138.6 455.5 204.3 15
2021009622 0.109 195.8 51.8 508.5 112.3 80
2021009622 0.108 -138.2 17.6 224.2 54.3 80
2021009622 0.107 222.6 26.6 580.7 82.2 80
2021009622 0.107 47.9 6.0 468.8 46.0 80
2021009622 0.107 69.2 10.0 526.9 59.8 80
2021009622 0.100 277.1 8.7 688.3 35.9 80
2021009622 0.099 445.9 264.0 462.9 301.5 4
2021009622 0.095 72.2 0.5 571.2 23.8 80
2021009622 0.094 -177.3 -2.3 240.9 20.3 80
2021009622 0.093 -87.5 -2.2 411.5 19.6 80
2021009622 0.093 -138.7 -1.2 359.2 20.6 80
2021009622 0.093 -185.4 1.1 313.2 22.4 80
2021009622 0.705 365.9 207.4 413.2 268.6 80
2021009622 0.700 241.6 116.4 476.7 332.0 80
2021009622 0.695 81.7 55.7 271.9 332.3 14
2021009622 0.688 70.3 62.1 459.2 334.1 80
2021009622 0.680 76.2 65.3 467.7 332.3 80
2021009622 0.675 76.7 148.5 279.4 332.7 80
2021009622 0.672 467.2 294.7 498.0 333.7 80
2021009622 0.670 248.8 106.7 472.5 333.5 14
2021009622 0.666 404.7 138.6 455.5 204.3 80
2021009622 0.664 467.3 258.9 500.0 333.2 80
2021009622 0.655 217.4 86.0 477.8 331.3 80
2021009622 0.653 414.0 144.5 451.2 191.8 80
2021009622 0.644 484.2 39.4 499.5 58.4 80
2021009622 0.639 374.5 142.7 455.8 199.8 80
2021009622 0.638 252.1 177.7 477.2 331.6 80
2021009622 0.637 75.8 55.2 274.3 325.6 80
2021009622 0.631 82.3 111.7 500.5 334.5 80
2021009622 0.623 442.5 274.0 466.0 325.8 80
2021009622 0.616 487.4 253.7 500.1 326.1 80
2021009622 0.606 262.1 110.6 456.0 317.4 80
2021009622 0.606 61.4 54.7 302.2 326.8 80
2021009622 0.592 58.9 127.5 75.7 154.9 80
2021009622 0.590 85.1 156.4 500.2 332.3 80
2021009622 0.580 445.9 264.0 462.9 301.5 80
2021009622 0.548 494.9 36.6 500.3 87.4 80
2021009622 0.545 481.9 214.5 501.5 314.3 80
2021009622 0.527 78.4 124.2 111.0 155.3 80
2021009622 0.448 497.5 134.4 500.3 267.6 80
2021009622 0.349 333.3 321.3 495.4 334.1 80
2021009622 0.304 145.2 323.6 397.0 333.7 80
2021009622 0.265 481.7 20.3 504.7 351.9 80
2021009622 0.259 498.3 36.1 500.5 275.3 80
2021009622 0.254 136.4 105.6 467.5 311.2 80
2021009622 0.229 78.8 132.5 305.3 316.6 80
2021009622 0.219 -0.0 1.3 5.7 69.8 80
2021009622 0.217 79.3 275.7 461.2 341.0 80
2021009622 0.216 0.3 42.5 3.5 130.1 80
2021009622 0.213 0.3 88.2 3.4 214.7 80
2021009622 0.211 -0.4 167.6 6.0 308.0 80
2021009622 0.210 76.1 158.5 105.4 183.4 80
2021009622 0.189 0.8 60.3 8.5 203.9 80
2021009622 0.185 188.9 156.0 483.9 318.7 80
2021009622 0.184 -0.7 65.7 12.8 300.9 80
2021009622 0.183 382.0 240.4 428.7 279.6 80
2021009622 0.179 299.7 96.5 440.9 319.3 80
2021009622 0.170 102.8 160.2 144.4 189.1 80
2021009622 0.158 50.5 90.6 291.7 296.6 80
2021009622 0.155 85.1 156.4 500.2 332.3 17
2021009622 0.155 -3.8 196.8 47.8 333.1 80
2021009622 0.154 0.1 51.1 29.6 291.8 80
2021009622 0.153 -7.1 296.1 36.9 338.3 80
2021009622 0.153 301.9 186.3 517.5 325.6 80
2021009622 0.151 174.2 269.7 396.0 334.2 80
2021009622 0.150 48.4 322.0 165.0 335.0 80
2021009622 0.149 248.8 106.7 472.5 333.5 80
2021009622 0.149 415.8 174.3 446.6 203.0 80
2021009622 0.148 57.8 261.4 229.4 335.3 80
2021009622 0.146 112.4 239.8 336.4 336.2 80
2021009622 0.146 309.8 241.2 380.7 306.9 80
2021009622 0.143 70.4 121.6 238.2 284.3 80
2021009622 0.141 358.4 225.6 396.5 257.9 80
2021009622 0.139 11.8 188.1 194.8 321.6 80
2021009622 0.137 317.7 229.8 374.3 277.0 80
2021009622 0.136 114.2 170.2 410.2 304.5 80
2021009622 0.134 267.2 228.4 308.5 266.0 80
2021009622 0.133 185.9 164.1 275.2 211.1 80
2021009622 0.132 253.3 311.6 403.8 334.2 80
2021009622 0.131 114.3 115.5 352.3 283.1 80
2021009622 0.131 138.8 163.2 196.6 205.2 80
2021009622 0.130 16.5 305.0 103.5 330.9 80
2021009622 0.129 22.2 143.7 266.0 293.0 80
2021009622 0.129 87.6 150.6 228.0 259.6 80
2021009622 0.129 123.8 164.8 234.0 249.0 80
2021009622 0.128 442.5 274.0 466.0 325.8 4
2021009622 0.128 117.9 193.3 185.7 247.1 80
2021009622 0.127 158.6 148.2 232.5 199.7 80
2021009622 0.127 110.1 315.7 225.5 335.1 80
2021009622 0.126 57.9 226.0 103.6 273.6 80
2021009622 0.126 286.1 185.4 332.2 227.2 80
2021009622 0.126 -2.1 117.0 131.0 296.2 80
2021009622 0.124 16.2 119.7 197.4 273.4 80
2021009622 0.122 167.5 161.1 248.5 220.3 80
2021009622 0.121 219.5 140.6 292.3 185.3 80
2021009622 0.116 140.3 130.5 366.0 250.4 80
2021009622 0.115 106.8 73.0 269.2 127.8 80
2021009622 0.115 82.3 111.7 500.5 334.5 17
2021009622 0.112 85.0 192.0 192.8 257.5 80
2021009622 0.111 404.7 138.6 455.5 204.3 15
2021009622 0.109 195.8 51.8 508.5 112.3 80
2021009622 0.108 -138.2 17.6 224.2 54.3 80
2021009622 0.107 222.6 26.6 580.7 82.2 80
2021009622 0.107 47.9 6.0 468.8 46.0 80
2021009622 0.107 69.2 10.0 526.9 59.8 80
2021009622 0.100 277.1 8.7 688.3 35.9 80
2021009622 0.099 445.9 264.0 462.9 301.5 4
2021009622 0.095 72.2 0.5 571.2 23.8 80
2021009622 0.094 -177.3 -2.3 240.9 20.3 80
2021009622 0.093 -87.5 -2.2 411.5 19.6 80
2021009622 0.093 -138.7 -1.2 359.2 20.6 80
2021009622 0.093 -185.4 1.1 313.2 22.4 80
2021009622 0.000 0.8 39.6 103.7 219.9 80
2021009622 0.000 245.1 64.6 370.2 203.1 80
2021009622 0.000 203.1 44.4 266.1 106.7 80
2021009622 0.000 256.6 123.7 316.4 182.9 80
2021009622 0.000 372.7 97.3 484.8 238.7 80
2021009622 0.000 45.9 193.6 106.8 256.8 80
2021009622 0.000 83.8 105.7 144.8 167.7 80
2021009622 0.000 133.1 93.5 218.1 194.0 80
2021009622 0.000 390.5 85.7 458.7 145.2 80
2021009622 0.000 453.6 114.4 499.6 187.5 80
2021009622 0.000 213.4 101.7 273.6 161.0 80
2021009622 0.000 141.4 73.2 202.4 136.6 80
2021009622 0.000 22.0 26.3 202.7 174.0 80
2021009622 0.000 325.8 10.5 494.5 170.4 80
2021009622 0.000 1.5 179.1 48.0 253.0 80
2021009622 0.000 162.0 29.1 299.4 188.1 80
2021009622 0.000 349.9 130.4 409.9 189.0 80
2021009622 0.000 219.9 213.4 281.0 299.7 80
2021009622 0.000 90.6 167.7 149.2 226.6 80
2021009622 0.000 314.7 90.6 375.2 149.9 80
2021009622 0.000 357.4 176.8 415.0 236.3 80
2021009622 0.000 32.4 113.1 167.8 245.7 80
2021009622 0.000 1.0 134.7 47.1 208.2 80
2021009622 0.000 453.4 171.3 499.7 244.6 80
2021009622 0.000 0.5 112.0 102.1 317.8 80
2021009622 0.000 449.1 48.2 499.7 136.2 80
2021009622 0.000 259.7 2.5 324.6 65.8 80
2021009622 0.000 137.6 194.1 201.5 258.6 80
2021009622 0.000 298.6 152.6 359.4 210.5 80
2021009622 0.000 28.5 138.6 93.6 196.8 80
2021009622 0.000 255.4 112.1 363.3 309.4 80
2021009622 0.000 119.1 143.0 232.5 281.2 80
2021009622 0.000 149.8 153.7 210.5 211.6 80
2021009622 0.000 293.1 118.3 480.6 230.7 80
2021009622 0.000 325.6 194.5 382.1 262.6 80
2021009622 0.000 0.7 20.0 51.8 94.1 80
2021009622 0.000 219.9 176.7 278.2 235.5 80
2021009622 0.000 48.8 19.0 377.9 228.3 80
2021009622 0.000 410.2 156.8 474.8 215.0 80
2021009622 0.000 205.3 105.0 317.1 249.4 80
2021009622 0.000 0.7 221.7 58.3 328.6 80
2021009622 0.000 180.1 197.3 238.1 264.5 80
2021009622 0.000 177.0 51.2 471.7 236.8 80
2021009622 0.000 49.5 97.5 281.8 229.4 80
2021009622 0.000 325.8 41.4 402.7 103.4 80
2021009622 0.000 101.1 43.9 244.3 277.4 80
2021009622 0.000 0.3 80.7 51.5 154.3 80
2021009622 0.000 206.3 143.0 267.2 201.4 80
2021009622 0.000 442.7 217.4 499.6 327.4 80
2021009622 0.000 15.1 12.8 486.3 174.5 80
2021009622 0.000 398.5 98.9 499.4 315.8 80
2021009622 0.000 1.5 5.5 282.2 329.9 80
2021009622 0.000 94.9 14.0 401.8 325.0 80
2021009622 0.000 262.6 37.4 424.1 278.3 80
2021009622 0.000 189.1 7.3 402.0 120.4 80
2021009622 0.000 1.1 21.4 146.5 322.8 80
2021009622 0.000 212.9 5.7 497.4 331.0 80
2021009622 0.000 160.6 175.5 349.3 326.9 80
2021009622 0.000 159.4 25.0 350.2 316.2 80
2021009622 0.000 357.7 16.7 501.3 319.9 80
2021009622 0.000 11.5 79.9 225.9 328.5 80
2021009622 0.000 280.6 212.4 336.4 294.2 80
2021009622 0.000 171.4 94.0 308.9 314.0 80
2021009622 0.000 132.8 69.1 366.0 324.4 80
2021009622 0.000 257.5 148.1 363.0 272.1 80
2021009622 0.000 5.0 248.1 130.5 332.4 80
2021009622 0.000 306.3 160.5 481.9 323.9 80
2021009622 0.000 54.0 226.7 278.3 330.9 80
2021009622 0.000 11.7 162.6 185.3 324.9 80
2021009622 0.000 3.3 1.2 410.3 331.1 80
2021009622 0.000 8.2 203.4 491.3 331.4 80
2021009622 0.000 4.9 57.7 361.3 327.9 80
2021009622 0.000 223.1 227.9 472.3 331.4 80
2021009622 0.000 72.1 57.1 444.5 284.5 80
2021009622 0.000 34.1 131.1 327.0 322.2 80
2021009622 0.000 85.7 1.0 494.7 331.0 80
2021009622 0.000 278.1 77.3 486.3 331.0 80
2021009622 0.000 162.7 118.0 345.4 204.8 80
2021009622 0.000 244.5 179.3 298.1 242.7 80
2021009622 0.000 168.6 134.4 451.1 322.0 80
2021009622 0.000 362.2 218.2 494.6 327.3 80
2021009622 0.000 44.5 53.9 117.2 121.5 80
2021009622 0.000 160.2 58.7 492.6 329.0 80
2021009622 0.000 134.9 91.5 359.6 260.9 80
2021009622 0.000 67.7 127.2 402.2 241.5 80
2021009622 0.000 22.4 38.2 474.5 321.3 80
2021009622 0.000 0.6 89.3 498.5 323.8 80
2021009622 0.000 0.8 0.8 499.6 332.2 80
2021009622 0.000 17.2 85.3 483.8 240.0 80
2021009622 0.000 2.5 21.1 497.4 273.2 80
2021009622 0.000 424.3 5.6 498.8 76.0 80
2021009622 0.000 17.2 85.3 483.8 240.0 0
2021009622 0.000 262.6 37.4 424.1 278.3 14
2021009622 0.000 171.4 94.0 308.9 314.0 14
2021009622 0.000 101.1 43.9 244.3 277.4 14
2021009622 0.000 159.4 25.0 350.2 316.2 14
2021009622 0.000 11.5 79.9 225.9 328.5 14
2021009622 0.000 278.1 77.3 486.3 331.0 14
2021009622 0.000 132.8 69.1 366.0 324.4 14
2021009622 0.000 154.2 268.6 238.2 328.2 80
