2021000000055002 0.791 470.5 335.7 499.9 373.5 80
2021000000055002 0.778 88.4 33.5 501.3 361.6 80
2021000000055002 0.775 128.0 29.6 498.4 367.6 80
2021000000055002 0.763 12.2 265.9 214.3 374.4 80
2021000000055002 0.762 17.8 313.2 301.2 377.9 80
2021000000055002 0.759 484.8 130.2 500.8 370.4 80
2021000000055002 0.759 162.7 322.4 196.0 370.0 80
2021000000055002 0.757 143.6 201.6 318.3 377.6 80
2021000000055002 0.756 144.6 112.7 337.1 383.8 80
2021000000055002 0.754 492.0 235.7 500.7 382.2 80
2021000000055002 0.752 2.0 350.5 18.2 374.2 80
2021000000055002 0.749 158.0 319.2 240.3 376.1 80
2021000000055002 0.745 151.8 318.7 312.5 375.7 80
2021000000055002 0.742 473.6 254.5 501.4 378.5 80
2021000000055002 0.742 498.6 116.4 500.1 250.4 80
2021000000055002 0.741 2.1 -2.4 501.1 371.1 80
2021000000055002 0.739 248.5 332.2 329.9 373.4 80
2021000000055002 0.739 498.0 7.8 500.3 89.9 80
2021000000055002 0.737 147.0 298.4 333.5 377.3 80
2021000000055002 0.737 155.6 216.4 315.8 374.2 80
