2021000547 0.731 87.5 155.6 120.0 242.0 14
2021000547 0.690 31.3 309.7 73.3 376.9 14
2021000547 0.680 82.4 299.5 314.1 480.5 80
2021000547 0.676 147.7 121.5 182.0 166.5 80
2021000547 0.661 97.5 269.1 299.1 429.9 80
2021000547 0.659 170.4 209.5 338.3 323.4 80
2021000547 0.658 98.7 155.0 120.8 203.3 80
2021000547 0.648 153.6 158.2 182.4 246.4 14
2021000547 0.647 276.3 202.2 312.0 256.6 80
2021000547 0.643 200.0 217.1 241.2 253.4 80
2021000547 0.643 192.4 57.1 243.3 104.1 80
2021000547 0.640 156.0 164.6 183.7 238.7 80
2021000547 0.640 65.1 82.6 289.3 217.1 80
2021000547 0.639 135.4 233.8 294.4 324.8 80
2021000547 0.636 91.3 161.6 117.0 237.1 80
2021000547 0.635 126.2 153.5 187.2 237.4 80
2021000547 0.634 243.1 44.8 275.0 89.1 80
2021000547 0.631 197.4 216.9 237.8 252.9 80
2021000547 0.618 352.7 458.3 378.5 498.3 80
2021000547 0.615 314.2 50.3 325.4 81.5 80
2021000547 0.615 274.3 92.0 315.7 170.5 80
2021000547 0.614 90.1 172.8 118.7 231.5 80
2021000547 0.605 154.6 294.4 222.7 480.5 80
2021000547 0.598 173.3 42.6 246.2 88.7 80
2021000547 0.598 -9.8 27.5 121.9 490.0 80
2021000547 0.597 21.9 273.4 64.5 384.5 80
2021000547 0.597 230.5 302.8 285.0 363.2 80
2021000547 0.585 149.7 78.8 219.7 149.6 80
2021000547 0.585 91.2 12.5 117.5 54.7 80
2021000547 0.583 204.9 436.0 273.9 494.9 80
2021000547 0.579 314.4 214.0 368.2 348.2 80
2021000547 0.578 154.9 65.0 207.3 141.4 80
2021000547 0.566 201.7 218.2 240.6 256.6 14
2021000547 0.557 220.4 94.1 269.2 139.7 80
2021000547 0.556 189.1 49.3 239.4 92.5 80
2021000547 0.554 308.4 211.6 346.7 278.2 8
2021000547 0.551 0.5 1.4 52.1 37.9 80
2021000547 0.545 147.5 334.9 211.8 478.2 80
2021000547 0.530 0.8 5.8 14.8 86.0 80
2021000547 0.529 161.0 255.3 221.6 365.4 80
2021000547 0.525 264.6 42.1 315.5 96.8 80
2021000547 0.523 51.4 169.0 67.6 190.8 80
2021000547 0.521 4.2 2.4 79.2 49.5 80
2021000547 0.519 31.3 324.6 69.2 421.9 80
2021000547 0.509 230.0 262.0 292.6 365.0 8
2021000547 0.508 1.2 314.4 46.6 415.4 80
2021000547 0.502 155.4 298.4 223.1 467.5 80
2021000547 0.501 263.6 52.5 300.6 87.5 80
2021000547 0.489 361.2 285.3 375.1 414.2 80
2021000547 0.483 2.6 373.0 31.9 447.1 80
2021000547 0.482 4.3 358.4 64.7 481.2 80
2021000547 0.481 313.9 311.8 362.4 374.1 80
2021000547 0.477 27.1 356.6 64.4 424.4 14
2021000547 0.473 -0.5 386.8 48.4 479.2 80
2021000547 0.467 38.0 168.9 76.1 232.5 80
2021000547 0.465 231.5 261.9 293.5 364.0 8
2021000547 0.464 238.7 151.6 304.4 436.3 80
2021000547 0.459 125.9 45.3 151.2 91.5 80
2021000547 0.457 262.1 376.2 312.3 472.0 8
2021000547 0.455 325.0 182.2 376.2 224.6 80
2021000547 0.455 11.6 171.1 79.1 232.3 80
2021000547 0.454 1.6 183.5 15.8 236.1 80
2021000547 0.453 3.4 31.1 372.1 462.7 80
2021000547 0.453 150.4 334.0 301.7 487.9 80
2021000547 0.453 306.6 216.7 347.5 275.9 80
2021000547 0.448 328.9 173.3 376.0 224.7 10
2021000547 0.446 69.0 311.7 87.6 361.3 80
2021000547 0.438 119.7 12.5 137.4 58.9 80
2021000547 0.434 39.0 256.1 72.8 387.8 80
2021000547 0.425 161.5 298.9 225.0 383.7 80
2021000547 0.424 1.3 172.9 31.1 230.0 80
2021000547 0.423 211.7 483.3 361.9 500.6 80
2021000547 0.415 308.6 178.3 340.6 216.8 80
2021000547 0.414 368.7 162.1 374.4 200.4 80
2021000547 0.407 1.4 176.2 10.7 254.0 80
2021000547 0.403 259.7 232.7 294.3 295.4 14
2021000547 0.401 358.4 234.7 375.8 391.2 80
2021000547 0.398 148.7 333.7 303.9 474.3 80
2021000547 0.398 172.4 255.1 272.0 311.8 10
2021000547 0.396 275.9 95.9 320.5 205.3 15
2021000547 0.390 62.4 309.0 86.7 366.6 80
2021000547 0.390 159.5 306.2 222.4 373.8 80
2021000547 0.388 261.4 378.5 309.4 469.5 80
2021000547 0.383 10.2 177.1 32.1 205.9 80
2021000547 0.371 253.3 231.5 295.1 309.0 80
2021000547 0.368 78.4 40.0 101.0 103.6 80
2021000547 0.368 364.1 294.1 374.4 416.5 80
2021000547 0.334 373.6 105.0 375.0 178.9 80
2021000547 0.331 70.6 43.0 84.2 80.3 80
2021000547 0.328 8.9 301.5 164.9 487.6 80
2021000547 0.311 253.3 231.5 295.1 309.0 14
2021000547 0.307 161.5 298.9 225.0 383.7 8
2021000547 0.302 159.5 306.2 222.4 373.8 8
2021000547 0.297 70.6 43.0 84.2 80.3 14
2021000547 0.296 341.6 222.5 376.2 294.8 80
2021000547 0.295 17.7 176.0 75.9 240.1 14
2021000547 0.288 78.4 40.0 101.0 103.6 14
2021000547 0.284 17.7 176.0 75.9 240.1 80
2021000547 0.279 263.4 51.8 290.1 93.7 80
2021000547 0.273 364.1 294.1 374.4 416.5 8
2021000547 0.731 87.5 155.6 120.0 242.0 14
2021000547 0.690 31.3 309.7 73.3 376.9 14
2021000547 0.680 82.4 299.5 314.1 480.5 80
2021000547 0.676 147.7 121.5 182.0 166.5 80
2021000547 0.661 97.5 269.1 299.1 429.9 80
2021000547 0.659 170.4 209.5 338.3 323.4 80
2021000547 0.658 98.7 155.0 120.8 203.3 80
2021000547 0.648 153.6 158.2 182.4 246.4 14
2021000547 0.647 276.3 202.2 312.0 256.6 80
2021000547 0.643 200.0 217.1 241.2 253.4 80
2021000547 0.643 192.4 57.1 243.3 104.1 80
2021000547 0.640 156.0 164.6 183.7 238.7 80
2021000547 0.640 65.1 82.6 289.3 217.1 80
2021000547 0.639 135.4 233.8 294.4 324.8 80
2021000547 0.636 91.3 161.6 117.0 237.1 80
2021000547 0.635 126.2 153.5 187.2 237.4 80
2021000547 0.634 243.1 44.8 275.0 89.1 80
2021000547 0.631 197.4 216.9 237.8 252.9 80
2021000547 0.618 352.7 458.3 378.5 498.3 80
2021000547 0.615 314.2 50.3 325.4 81.5 80
2021000547 0.615 274.3 92.0 315.7 170.5 80
2021000547 0.614 90.1 172.8 118.7 231.5 80
2021000547 0.605 154.6 294.4 222.7 480.5 80
2021000547 0.598 173.3 42.6 246.2 88.7 80
2021000547 0.598 -9.8 27.5 121.9 490.0 80
2021000547 0.597 21.9 273.4 64.5 384.5 80
2021000547 0.597 230.5 302.8 285.0 363.2 80
2021000547 0.585 149.7 78.8 219.7 149.6 80
2021000547 0.585 91.2 12.5 117.5 54.7 80
2021000547 0.583 204.9 436.0 273.9 494.9 80
2021000547 0.579 314.4 214.0 368.2 348.2 80
2021000547 0.578 154.9 65.0 207.3 141.4 80
2021000547 0.566 201.7 218.2 240.6 256.6 14
2021000547 0.557 220.4 94.1 269.2 139.7 80
2021000547 0.556 189.1 49.3 239.4 92.5 80
2021000547 0.554 308.4 211.6 346.7 278.2 8
2021000547 0.551 0.5 1.4 52.1 37.9 80
2021000547 0.545 147.5 334.9 211.8 478.2 80
2021000547 0.530 0.8 5.8 14.8 86.0 80
2021000547 0.529 161.0 255.3 221.6 365.4 80
2021000547 0.525 264.6 42.1 315.5 96.8 80
2021000547 0.523 51.4 169.0 67.6 190.8 80
2021000547 0.521 4.2 2.4 79.2 49.5 80
2021000547 0.519 31.3 324.6 69.2 421.9 80
2021000547 0.509 230.0 262.0 292.6 365.0 8
2021000547 0.508 1.2 314.4 46.6 415.4 80
2021000547 0.502 155.4 298.4 223.1 467.5 80
2021000547 0.501 263.6 52.5 300.6 87.5 80
2021000547 0.489 361.2 285.3 375.1 414.2 80
2021000547 0.483 2.6 373.0 31.9 447.1 80
2021000547 0.482 4.3 358.4 64.7 481.2 80
2021000547 0.481 313.9 311.8 362.4 374.1 80
2021000547 0.477 27.1 356.6 64.4 424.4 14
2021000547 0.473 -0.5 386.8 48.4 479.2 80
2021000547 0.467 38.0 168.9 76.1 232.5 80
2021000547 0.465 231.5 261.9 293.5 364.0 8
2021000547 0.464 238.7 151.6 304.4 436.3 80
2021000547 0.459 125.9 45.3 151.2 91.5 80
2021000547 0.457 262.1 376.2 312.3 472.0 8
2021000547 0.455 325.0 182.2 376.2 224.6 80
2021000547 0.455 11.6 171.1 79.1 232.3 80
2021000547 0.454 1.6 183.5 15.8 236.1 80
2021000547 0.453 3.4 31.1 372.1 462.7 80
2021000547 0.453 150.4 334.0 301.7 487.9 80
2021000547 0.453 306.6 216.7 347.5 275.9 80
2021000547 0.448 328.9 173.3 376.0 224.7 10
2021000547 0.446 69.0 311.7 87.6 361.3 80
2021000547 0.438 119.7 12.5 137.4 58.9 80
2021000547 0.434 39.0 256.1 72.8 387.8 80
2021000547 0.425 161.5 298.9 225.0 383.7 80
2021000547 0.424 1.3 172.9 31.1 230.0 80
2021000547 0.423 211.7 483.3 361.9 500.6 80
2021000547 0.415 308.6 178.3 340.6 216.8 80
2021000547 0.414 368.7 162.1 374.4 200.4 80
2021000547 0.407 1.4 176.2 10.7 254.0 80
2021000547 0.403 259.7 232.7 294.3 295.4 14
2021000547 0.401 358.4 234.7 375.8 391.2 80
2021000547 0.398 148.7 333.7 303.9 474.3 80
2021000547 0.398 172.4 255.1 272.0 311.8 10
2021000547 0.396 275.9 95.9 320.5 205.3 15
2021000547 0.390 62.4 309.0 86.7 366.6 80
2021000547 0.390 159.5 306.2 222.4 373.8 80
2021000547 0.388 261.4 378.5 309.4 469.5 80
2021000547 0.383 10.2 177.1 32.1 205.9 80
2021000547 0.371 253.3 231.5 295.1 309.0 80
2021000547 0.368 78.4 40.0 101.0 103.6 80
2021000547 0.368 364.1 294.1 374.4 416.5 80
2021000547 0.334 373.6 105.0 375.0 178.9 80
2021000547 0.331 70.6 43.0 84.2 80.3 80
2021000547 0.328 8.9 301.5 164.9 487.6 80
2021000547 0.311 253.3 231.5 295.1 309.0 14
2021000547 0.307 161.5 298.9 225.0 383.7 8
2021000547 0.302 159.5 306.2 222.4 373.8 8
2021000547 0.297 70.6 43.0 84.2 80.3 14
2021000547 0.296 341.6 222.5 376.2 294.8 80
2021000547 0.295 17.7 176.0 75.9 240.1 14
2021000547 0.288 78.4 40.0 101.0 103.6 14
2021000547 0.284 17.7 176.0 75.9 240.1 80
2021000547 0.279 263.4 51.8 290.1 93.7 80
2021000547 0.273 364.1 294.1 374.4 416.5 8
2021000547 0.000 274.2 138.0 369.7 347.9 80
2021000547 0.000 3.6 170.1 147.4 355.4 80
2021000547 0.000 159.5 102.9 310.9 256.1 80
2021000547 0.000 103.6 47.3 248.7 250.8 80
2021000547 0.000 205.5 188.2 375.2 338.3 80
2021000547 0.000 0.6 39.8 77.2 331.8 80
2021000547 0.000 337.9 85.0 374.9 195.1 80
2021000547 0.000 148.0 215.9 208.1 302.0 80
2021000547 0.000 0.6 172.5 77.2 475.3 80
2021000547 0.000 0.5 200.0 35.7 311.7 80
2021000547 0.000 62.3 251.8 118.1 339.7 80
2021000547 0.000 340.0 254.9 374.9 369.7 80
2021000547 0.000 340.3 170.4 374.8 282.3 80
2021000547 0.000 119.2 71.1 368.6 369.0 80
2021000547 0.000 100.1 182.7 166.4 269.0 80
2021000547 0.000 301.8 236.4 362.2 323.5 80
2021000547 0.000 1.4 268.4 36.0 380.1 80
2021000547 0.000 13.3 207.2 78.7 293.8 80
2021000547 0.000 103.5 230.1 167.4 316.1 80
2021000547 0.000 332.8 333.4 374.2 485.8 80
2021000547 0.000 19.8 142.9 228.6 350.8 80
2021000547 0.000 182.2 186.1 248.8 271.3 80
2021000547 0.000 214.8 230.6 279.9 315.8 80
2021000547 0.000 149.6 149.7 216.4 235.9 80
2021000547 0.000 239.7 3.9 379.0 248.6 80
2021000547 0.000 251.8 196.9 319.2 281.9 80
2021000547 0.000 298.6 156.7 375.3 472.3 80
2021000547 0.000 52.2 160.7 120.5 246.1 80
2021000547 0.000 260.5 271.5 321.0 357.5 80
2021000547 0.000 0.4 28.2 39.1 140.9 80
2021000547 0.000 181.5 63.4 337.0 411.1 80
2021000547 0.000 8.3 22.9 168.3 245.8 80
2021000547 0.000 100.0 187.3 279.6 316.6 80
2021000547 0.000 144.1 160.5 252.6 355.3 80
2021000547 0.000 208.1 135.6 368.6 491.0 80
2021000547 0.000 0.5 118.7 38.5 231.7 80
2021000547 0.000 177.6 201.0 296.7 451.0 80
2021000547 0.000 79.0 193.2 190.1 412.5 80
2021000547 0.000 1.4 2.6 374.5 276.2 80
2021000547 0.000 27.4 295.8 88.6 385.4 80
2021000547 0.000 224.5 138.9 294.4 223.7 80
2021000547 0.000 0.7 336.0 43.4 492.6 80
2021000547 0.000 22.2 33.5 298.9 344.9 80
2021000547 0.000 142.3 71.5 211.7 157.2 80
2021000547 0.000 118.9 167.3 248.8 462.4 80
2021000547 0.000 91.7 112.8 285.5 485.5 80
2021000547 0.000 -2.7 123.0 182.9 494.6 80
2021000547 0.000 284.1 135.0 354.1 220.6 80
2021000547 0.000 83.3 133.0 290.8 394.5 80
2021000547 0.000 113.3 104.8 380.6 498.3 80
2021000547 0.000 58.8 31.2 318.3 478.2 80
2021000547 0.000 6.2 193.7 267.3 491.0 80
2021000547 0.000 109.2 282.4 267.9 494.0 80
2021000547 0.000 55.4 65.2 206.8 408.4 80
2021000547 0.000 269.0 26.2 375.4 479.9 80
2021000547 0.000 95.1 114.2 164.6 199.4 80
2021000547 0.000 109.6 216.1 358.3 491.7 80
2021000547 0.000 -1.2 257.1 145.8 493.4 80
2021000547 0.000 6.2 329.7 246.3 497.1 80
2021000547 0.000 157.3 9.2 376.5 496.0 80
2021000547 0.000 221.4 257.5 366.2 491.0 80
2021000547 0.000 -1.9 97.8 279.1 495.3 80
2021000547 0.000 2.8 375.1 99.7 499.1 80
2021000547 0.000 -1.9 10.2 220.9 494.3 80
2021000547 0.000 42.1 106.1 344.7 433.9 80
2021000547 0.000 99.8 304.0 159.9 387.7 80
2021000547 0.000 150.3 350.1 373.1 499.9 80
2021000547 0.000 30.7 199.4 324.1 375.2 80
2021000547 0.000 270.4 335.5 370.9 494.4 80
2021000547 0.000 1.1 303.4 374.1 500.9 80
2021000547 0.000 1.0 2.1 312.9 497.1 80
2021000547 0.000 -1.3 22.1 110.8 486.5 80
2021000547 0.000 97.4 13.4 283.8 488.1 80
2021000547 0.000 60.2 2.4 373.5 495.5 80
2021000547 0.000 101.0 -2.3 348.6 159.1 80
2021000547 0.000 0.4 148.7 374.3 495.6 80
2021000547 0.000 12.6 59.4 358.2 501.6 80
2021000547 0.000 1.0 30.2 374.6 444.6 80
2021000547 0.000 2.0 121.5 374.6 375.6 80
2021000547 0.000 166.8 268.0 310.0 390.2 80
2021000547 0.000 0.8 0.3 374.8 499.0 80
2021000547 0.000 185.7 6.4 254.1 97.0 80
2021000547 0.000 156.2 335.2 235.4 426.5 80
2021000547 0.000 136.0 307.5 193.9 389.0 80
2021000547 0.000 238.1 69.8 310.2 155.8 80
2021000547 0.000 319.2 7.2 373.2 114.4 80
2021000547 0.000 243.3 301.9 305.5 381.3 80
2021000547 0.000 24.2 89.9 98.0 179.5 80
2021000547 0.000 0.8 0.3 374.8 499.0 14
2021000547 0.000 114.7 396.1 176.3 484.8 80
2021000547 0.000 0.8 0.3 374.8 499.0 7
2021000547 0.000 0.8 0.3 374.8 499.0 11
2021000547 0.000 60.2 2.4 373.5 495.5 14
2021000547 0.000 58.8 31.2 318.3 478.2 14
2021000547 0.000 157.3 9.2 376.5 496.0 14
2021000547 0.000 -2.7 123.0 182.9 494.6 14
2021000547 0.000 12.6 59.4 358.2 501.6 14
2021000547 0.000 1.0 2.1 312.9 497.1 14
2021000547 0.000 -1.9 10.2 220.9 494.3 14
2021000547 0.000 91.7 112.8 285.5 485.5 14
