2021007386 0.691 1.1 230.7 96.6 329.1 80
2021007386 0.684 383.3 125.9 499.9 228.6 80
2021007386 0.678 1.5 50.0 498.4 320.2 6
2021007386 0.654 410.6 144.1 498.6 271.0 80
2021007386 0.640 -0.5 250.7 102.4 329.8 80
2021007386 0.637 475.0 296.8 499.6 328.9 80
2021007386 0.630 421.3 21.7 451.5 80.3 80
2021007386 0.629 416.3 142.7 499.0 236.2 80
2021007386 0.622 6.7 259.4 99.4 329.1 80
2021007386 0.603 436.5 20.3 464.4 81.3 80
2021007386 0.586 487.2 137.9 501.0 169.3 80
2021007386 0.582 427.9 25.8 457.4 66.3 80
2021007386 0.572 491.1 114.5 500.6 286.9 80
2021007386 0.558 188.9 0.9 231.7 13.1 80
2021007386 0.557 212.1 2.3 244.5 31.8 80
2021007386 0.516 367.7 0.2 423.9 11.6 80
2021007386 0.508 225.4 -0.7 286.5 11.0 80
2021007386 0.503 266.3 2.9 334.0 23.3 80
2021007386 0.498 278.8 0.2 355.1 10.1 80
2021007386 0.495 1.1 127.2 6.0 240.7 80
2021007386 0.478 476.7 135.3 500.1 213.4 80
2021007386 0.472 183.1 1.5 212.6 21.8 80
2021007386 0.472 475.7 139.7 499.9 178.2 80
2021007386 0.451 1.1 81.9 4.9 177.2 80
2021007386 0.446 252.9 4.0 315.8 21.0 80
2021007386 0.445 -1.2 63.3 497.8 293.7 80
2021007386 0.419 -1.5 41.7 44.0 325.5 80
2021007386 0.415 409.5 148.7 497.9 224.9 80
2021007386 0.396 491.8 138.5 501.4 318.3 80
2021007386 0.379 1.1 30.5 4.5 110.8 80
2021007386 0.361 333.2 0.5 390.8 8.7 80
2021007386 0.352 0.9 27.1 9.5 241.8 80
2021007386 0.336 -1.6 35.6 19.3 322.6 80
2021007386 0.317 409.5 148.7 497.9 224.9 6
2021007386 0.315 406.6 177.9 484.0 214.9 80
2021007386 0.263 0.5 146.3 4.7 310.6 80
2021007386 0.226 -1.4 57.9 86.2 333.6 80
2021007386 0.218 143.6 323.0 377.1 331.2 80
2021007386 0.218 476.7 135.3 500.1 213.4 6
2021007386 0.213 475.7 139.7 499.9 178.2 6
2021007386 0.177 5.6 110.2 492.4 280.9 80
2021007386 0.163 31.7 316.1 141.5 332.5 80
2021007386 0.153 327.0 154.3 508.2 316.1 80
2021007386 0.145 52.2 289.3 216.8 330.1 80
2021007386 0.142 171.4 128.1 465.8 273.5 80
2021007386 0.142 261.9 123.5 503.9 269.8 80
2021007386 0.142 292.4 295.1 436.0 326.9 80
2021007386 0.141 9.5 100.9 268.9 261.2 80
2021007386 0.140 7.5 94.7 399.8 262.9 80
2021007386 0.140 3.9 178.3 177.5 326.0 80
2021007386 0.138 69.6 193.6 431.3 304.3 80
2021007386 0.136 212.7 165.7 491.9 287.6 80
2021007386 0.136 85.7 119.0 475.4 266.6 80
2021007386 0.135 155.9 178.4 463.8 291.7 80
2021007386 0.135 25.8 184.3 334.6 305.5 80
2021007386 0.135 31.6 179.5 115.8 258.3 80
2021007386 0.134 14.3 98.1 368.4 239.3 80
2021007386 0.134 340.0 316.0 454.3 333.3 80
2021007386 0.133 75.7 167.3 424.7 288.0 80
2021007386 0.133 9.4 92.0 203.0 283.0 80
2021007386 0.133 169.7 119.7 492.3 257.5 80
2021007386 0.132 42.7 123.2 422.8 260.6 80
2021007386 0.131 31.7 157.5 376.0 281.2 80
2021007386 0.129 -1.6 148.5 283.9 283.6 80
2021007386 0.128 5.8 121.5 330.4 264.3 80
2021007386 0.128 277.0 131.2 562.6 305.7 80
2021007386 0.127 135.0 289.6 283.3 324.1 80
2021007386 0.126 206.9 192.0 395.6 267.5 80
2021007386 0.125 159.1 312.3 326.7 329.3 80
2021007386 0.123 203.6 293.2 337.2 323.6 80
2021007386 0.122 402.5 303.0 497.7 328.0 80
2021007386 0.122 144.9 197.7 294.9 256.9 80
2021007386 0.122 137.9 176.0 237.7 233.3 80
2021007386 0.121 179.0 174.5 290.0 232.1 80
2021007386 0.121 96.6 168.9 200.0 232.4 80
2021007386 0.121 112.9 206.6 250.1 267.2 80
2021007386 0.121 63.3 119.0 442.0 241.7 80
2021007386 0.120 193.3 177.3 354.0 244.4 80
2021007386 0.120 53.2 158.6 153.8 225.2 80
2021007386 0.119 119.4 312.7 224.1 331.7 80
2021007386 0.118 349.3 148.3 475.5 228.6 80
2021007386 0.118 223.4 150.0 493.1 286.0 80
2021007386 0.116 41.0 159.8 230.5 250.0 80
2021007386 0.116 2.2 130.0 112.7 203.3 80
2021007386 0.115 267.9 306.8 376.2 330.4 80
2021007386 0.113 427.9 25.8 457.4 66.3 14
2021007386 0.113 -0.5 250.7 102.4 329.8 6
2021007386 0.113 85.1 104.4 419.8 185.0 80
2021007386 0.113 275.3 126.8 472.3 214.7 80
2021007386 0.112 180.6 128.8 492.0 235.8 80
2021007386 0.112 -28.1 40.6 83.9 97.3 80
2021007386 0.111 34.4 67.8 316.6 120.6 80
2021007386 0.111 227.6 122.0 564.1 258.5 80
2021007386 0.109 119.5 78.8 506.7 157.3 80
2021007386 0.107 -47.0 28.7 323.8 80.7 80
2021007386 0.106 -110.1 24.3 299.2 76.5 80
2021007386 0.105 6.7 259.4 99.4 329.1 6
2021007386 0.104 -14.5 18.0 474.6 60.1 80
2021007386 0.103 33.2 19.2 523.2 62.7 80
2021007386 0.101 118.9 14.8 589.3 68.5 80
2021007386 0.691 1.1 230.7 96.6 329.1 80
2021007386 0.684 383.3 125.9 499.9 228.6 80
2021007386 0.678 1.5 50.0 498.4 320.2 6
2021007386 0.654 410.6 144.1 498.6 271.0 80
2021007386 0.640 -0.5 250.7 102.4 329.8 80
2021007386 0.637 475.0 296.8 499.6 328.9 80
2021007386 0.630 421.3 21.7 451.5 80.3 80
2021007386 0.629 416.3 142.7 499.0 236.2 80
2021007386 0.622 6.7 259.4 99.4 329.1 80
2021007386 0.603 436.5 20.3 464.4 81.3 80
2021007386 0.586 487.2 137.9 501.0 169.3 80
2021007386 0.582 427.9 25.8 457.4 66.3 80
2021007386 0.572 491.1 114.5 500.6 286.9 80
2021007386 0.558 188.9 0.9 231.7 13.1 80
2021007386 0.557 212.1 2.3 244.5 31.8 80
2021007386 0.516 367.7 0.2 423.9 11.6 80
2021007386 0.508 225.4 -0.7 286.5 11.0 80
2021007386 0.503 266.3 2.9 334.0 23.3 80
2021007386 0.498 278.8 0.2 355.1 10.1 80
2021007386 0.495 1.1 127.2 6.0 240.7 80
2021007386 0.478 476.7 135.3 500.1 213.4 80
2021007386 0.472 183.1 1.5 212.6 21.8 80
2021007386 0.472 475.7 139.7 499.9 178.2 80
2021007386 0.451 1.1 81.9 4.9 177.2 80
2021007386 0.446 252.9 4.0 315.8 21.0 80
2021007386 0.445 -1.2 63.3 497.8 293.7 80
2021007386 0.419 -1.5 41.7 44.0 325.5 80
2021007386 0.415 409.5 148.7 497.9 224.9 80
2021007386 0.396 491.8 138.5 501.4 318.3 80
2021007386 0.379 1.1 30.5 4.5 110.8 80
2021007386 0.361 333.2 0.5 390.8 8.7 80
2021007386 0.352 0.9 27.1 9.5 241.8 80
2021007386 0.336 -1.6 35.6 19.3 322.6 80
2021007386 0.317 409.5 148.7 497.9 224.9 6
2021007386 0.315 406.6 177.9 484.0 214.9 80
2021007386 0.263 0.5 146.3 4.7 310.6 80
2021007386 0.226 -1.4 57.9 86.2 333.6 80
2021007386 0.218 143.6 323.0 377.1 331.2 80
2021007386 0.218 476.7 135.3 500.1 213.4 6
2021007386 0.213 475.7 139.7 499.9 178.2 6
2021007386 0.177 5.6 110.2 492.4 280.9 80
2021007386 0.163 31.7 316.1 141.5 332.5 80
2021007386 0.153 327.0 154.3 508.2 316.1 80
2021007386 0.145 52.2 289.3 216.8 330.1 80
2021007386 0.142 171.4 128.1 465.8 273.5 80
2021007386 0.142 261.9 123.5 503.9 269.8 80
2021007386 0.142 292.4 295.1 436.0 326.9 80
2021007386 0.141 9.5 100.9 268.9 261.2 80
2021007386 0.140 7.5 94.7 399.8 262.9 80
2021007386 0.140 3.9 178.3 177.5 326.0 80
2021007386 0.138 69.6 193.6 431.3 304.3 80
2021007386 0.136 212.7 165.7 491.9 287.6 80
2021007386 0.136 85.7 119.0 475.4 266.6 80
2021007386 0.135 155.9 178.4 463.8 291.7 80
2021007386 0.135 25.8 184.3 334.6 305.5 80
2021007386 0.135 31.6 179.5 115.8 258.3 80
2021007386 0.134 14.3 98.1 368.4 239.3 80
2021007386 0.134 340.0 316.0 454.3 333.3 80
2021007386 0.133 75.7 167.3 424.7 288.0 80
2021007386 0.133 9.4 92.0 203.0 283.0 80
2021007386 0.133 169.7 119.7 492.3 257.5 80
2021007386 0.132 42.7 123.2 422.8 260.6 80
2021007386 0.131 31.7 157.5 376.0 281.2 80
2021007386 0.129 -1.6 148.5 283.9 283.6 80
2021007386 0.128 5.8 121.5 330.4 264.3 80
2021007386 0.128 277.0 131.2 562.6 305.7 80
2021007386 0.127 135.0 289.6 283.3 324.1 80
2021007386 0.126 206.9 192.0 395.6 267.5 80
2021007386 0.125 159.1 312.3 326.7 329.3 80
2021007386 0.123 203.6 293.2 337.2 323.6 80
2021007386 0.122 402.5 303.0 497.7 328.0 80
2021007386 0.122 144.9 197.7 294.9 256.9 80
2021007386 0.122 137.9 176.0 237.7 233.3 80
2021007386 0.121 179.0 174.5 290.0 232.1 80
2021007386 0.121 96.6 168.9 200.0 232.4 80
2021007386 0.121 112.9 206.6 250.1 267.2 80
2021007386 0.121 63.3 119.0 442.0 241.7 80
2021007386 0.120 193.3 177.3 354.0 244.4 80
2021007386 0.120 53.2 158.6 153.8 225.2 80
2021007386 0.119 119.4 312.7 224.1 331.7 80
2021007386 0.118 349.3 148.3 475.5 228.6 80
2021007386 0.118 223.4 150.0 493.1 286.0 80
2021007386 0.116 41.0 159.8 230.5 250.0 80
2021007386 0.116 2.2 130.0 112.7 203.3 80
2021007386 0.115 267.9 306.8 376.2 330.4 80
2021007386 0.113 427.9 25.8 457.4 66.3 14
2021007386 0.113 -0.5 250.7 102.4 329.8 6
2021007386 0.113 85.1 104.4 419.8 185.0 80
2021007386 0.113 275.3 126.8 472.3 214.7 80
2021007386 0.112 180.6 128.8 492.0 235.8 80
2021007386 0.112 -28.1 40.6 83.9 97.3 80
2021007386 0.111 34.4 67.8 316.6 120.6 80
2021007386 0.111 227.6 122.0 564.1 258.5 80
2021007386 0.109 119.5 78.8 506.7 157.3 80
2021007386 0.107 -47.0 28.7 323.8 80.7 80
2021007386 0.106 -110.1 24.3 299.2 76.5 80
2021007386 0.105 6.7 259.4 99.4 329.1 6
2021007386 0.104 -14.5 18.0 474.6 60.1 80
2021007386 0.103 33.2 19.2 523.2 62.7 80
2021007386 0.101 118.9 14.8 589.3 68.5 80
2021007386 0.000 0.8 39.3 103.7 217.9 80
2021007386 0.000 245.1 64.0 370.2 201.3 80
2021007386 0.000 203.1 44.0 266.1 105.7 80
2021007386 0.000 256.6 122.6 316.4 181.2 80
2021007386 0.000 372.7 96.5 484.8 236.5 80
2021007386 0.000 45.9 191.8 106.8 254.5 80
2021007386 0.000 83.8 104.8 144.8 166.1 80
2021007386 0.000 133.1 92.7 218.1 192.2 80
2021007386 0.000 390.5 85.0 458.7 143.9 80
2021007386 0.000 453.6 113.4 499.6 185.8 80
2021007386 0.000 213.4 100.8 273.6 159.6 80
2021007386 0.000 141.4 72.6 202.4 135.3 80
2021007386 0.000 22.0 26.1 202.7 172.4 80
2021007386 0.000 325.8 10.4 494.5 168.9 80
2021007386 0.000 1.5 177.5 48.0 250.8 80
2021007386 0.000 162.0 28.8 299.4 186.4 80
2021007386 0.000 349.9 129.2 409.9 187.3 80
2021007386 0.000 219.9 211.5 281.0 297.0 80
2021007386 0.000 90.6 166.2 149.2 224.6 80
2021007386 0.000 314.7 89.8 375.2 148.6 80
2021007386 0.000 357.4 175.2 415.0 234.2 80
2021007386 0.000 32.4 112.1 167.8 243.5 80
2021007386 0.000 1.0 133.5 47.1 206.3 80
2021007386 0.000 453.4 169.8 499.7 242.4 80
2021007386 0.000 0.5 111.0 102.1 315.0 80
2021007386 0.000 449.1 47.8 499.7 134.9 80
2021007386 0.000 259.7 2.5 324.6 65.2 80
2021007386 0.000 137.6 192.4 201.5 256.2 80
2021007386 0.000 298.6 151.2 359.4 208.7 80
2021007386 0.000 28.5 137.3 93.6 195.0 80
2021007386 0.000 255.4 111.1 363.3 306.6 80
2021007386 0.000 119.1 141.8 232.5 278.7 80
2021007386 0.000 149.8 152.3 210.5 209.7 80
2021007386 0.000 293.1 117.3 480.6 228.6 80
2021007386 0.000 325.6 192.8 382.1 260.2 80
2021007386 0.000 0.7 19.8 51.8 93.3 80
2021007386 0.000 219.9 175.1 278.2 233.4 80
2021007386 0.000 48.8 18.8 377.9 226.2 80
2021007386 0.000 410.2 155.4 474.8 213.1 80
2021007386 0.000 205.3 104.1 317.1 247.1 80
2021007386 0.000 0.7 219.7 58.3 325.6 80
2021007386 0.000 180.1 195.6 238.1 262.1 80
2021007386 0.000 177.0 50.8 471.7 234.7 80
2021007386 0.000 49.5 96.6 281.7 227.3 80
2021007386 0.000 325.8 41.0 402.7 102.5 80
2021007386 0.000 101.1 43.5 244.3 274.9 80
2021007386 0.000 0.3 80.0 51.5 152.9 80
2021007386 0.000 206.3 141.7 267.2 199.6 80
2021007386 0.000 442.7 215.5 499.6 324.5 80
2021007386 0.000 15.0 12.6 486.3 172.9 80
2021007386 0.000 398.5 98.0 499.4 312.9 80
2021007386 0.000 1.5 5.5 282.2 326.9 80
2021007386 0.000 94.9 13.9 401.8 322.1 80
2021007386 0.000 262.6 37.1 424.1 275.8 80
2021007386 0.000 189.1 7.2 402.0 119.3 80
2021007386 0.000 1.1 21.2 146.5 319.9 80
2021007386 0.000 212.9 5.6 497.4 328.0 80
2021007386 0.000 160.6 174.0 349.3 323.9 80
2021007386 0.000 159.4 24.8 350.2 313.4 80
2021007386 0.000 357.7 16.6 501.3 317.0 80
2021007386 0.000 11.5 79.2 225.9 325.5 80
2021007386 0.000 280.6 210.5 336.4 291.5 80
2021007386 0.000 171.4 93.2 308.9 311.2 80
2021007386 0.000 132.8 68.5 366.0 321.5 80
2021007386 0.000 257.5 146.7 363.0 269.7 80
2021007386 0.000 5.0 245.9 130.5 329.4 80
2021007386 0.000 306.3 159.1 481.9 321.0 80
2021007386 0.000 54.0 224.6 278.3 327.9 80
2021007386 0.000 11.7 161.2 185.3 322.0 80
2021007386 0.000 3.3 1.2 410.3 328.1 80
2021007386 0.000 8.2 201.6 491.3 328.4 80
2021007386 0.000 4.9 57.2 361.3 325.0 80
2021007386 0.000 223.1 225.8 472.3 328.4 80
2021007386 0.000 72.1 56.6 444.5 281.9 80
2021007386 0.000 34.1 129.9 327.0 319.3 80
2021007386 0.000 85.7 1.0 494.7 328.0 80
2021007386 0.000 278.1 76.6 486.3 328.0 80
2021007386 0.000 162.7 116.9 345.3 203.0 80
2021007386 0.000 244.5 177.7 298.0 240.5 80
2021007386 0.000 168.6 133.1 451.1 319.1 80
2021007386 0.000 362.2 216.2 494.6 324.4 80
2021007386 0.000 44.5 53.4 117.2 120.4 80
2021007386 0.000 160.2 58.2 492.6 326.1 80
2021007386 0.000 134.9 90.7 359.7 258.6 80
2021007386 0.000 67.7 126.1 402.2 239.3 80
2021007386 0.000 22.4 37.8 474.5 318.4 80
2021007386 0.000 0.6 88.6 498.5 320.9 80
2021007386 0.000 0.8 0.8 499.6 329.2 80
2021007386 0.000 17.2 84.5 483.8 237.8 80
2021007386 0.000 2.5 20.9 497.4 270.7 80
2021007386 0.000 424.3 5.5 498.8 75.3 80
2021007386 0.000 17.2 84.5 483.8 237.8 0
2021007386 0.000 262.6 37.1 424.1 275.8 14
2021007386 0.000 171.4 93.2 308.9 311.2 14
2021007386 0.000 101.1 43.5 244.3 274.9 14
2021007386 0.000 159.4 24.8 350.2 313.4 14
2021007386 0.000 11.5 79.2 225.9 325.5 14
2021007386 0.000 278.1 76.6 486.3 328.0 14
2021007386 0.000 132.8 68.5 366.0 321.5 14
2021007386 0.000 154.2 266.2 238.2 325.3 80
