2021004767 0.716 261.9 3.5 413.6 230.6 80
2021004767 0.711 349.3 -3.0 414.1 174.4 80
2021004767 0.709 315.6 -11.9 413.1 250.6 80
2021004767 0.673 384.5 11.1 482.7 139.2 80
2021004767 0.654 358.6 8.8 440.7 77.4 80
2021004767 0.653 468.1 338.9 497.8 375.0 80
2021004767 0.643 353.3 7.3 414.6 98.6 80
2021004767 0.633 3.3 79.0 426.6 377.5 11
2021004767 0.620 16.8 71.3 423.7 372.2 80
2021004767 0.615 484.8 110.8 501.8 196.9 80
2021004767 0.605 448.4 4.2 497.6 208.7 80
2021004767 0.593 440.7 -1.1 503.5 95.6 80
2021004767 0.578 443.4 -0.2 505.9 93.1 80
2021004767 0.576 2.2 59.4 399.0 367.1 80
2021004767 0.574 47.3 78.5 420.7 370.0 80
2021004767 0.566 455.4 4.2 501.6 206.3 80
2021004767 0.564 453.6 18.8 497.6 226.2 80
2021004767 0.537 -5.0 2.1 489.2 376.1 80
2021004767 0.493 16.9 2.3 310.2 375.2 80
2021004767 0.477 497.1 178.1 500.2 326.1 80
2021004767 0.461 445.7 8.8 500.0 208.6 80
2021004767 0.460 440.9 2.4 502.3 211.1 8
2021004767 0.449 483.2 0.1 501.8 373.8 80
2021004767 0.410 86.7 88.0 417.9 356.5 80
2021004767 0.297 1.2 322.3 23.2 378.6 80
2021004767 0.279 0.7 35.2 3.6 178.6 80
2021004767 0.265 30.3 360.7 471.0 376.5 80
2021004767 0.255 440.9 2.4 502.3 211.1 80
2021004767 0.251 0.8 225.5 4.2 349.5 80
2021004767 0.245 15.6 99.7 434.4 343.2 80
2021004767 0.231 0.5 0.7 4.4 85.5 80
2021004767 0.222 56.1 348.4 428.5 377.4 80
2021004767 0.219 0.3 96.1 3.4 251.3 80
2021004767 0.212 -6.4 96.5 409.2 333.5 80
2021004767 0.207 471.4 18.5 500.2 382.1 80
2021004767 0.206 0.3 28.7 8.3 230.5 80
2021004767 0.194 -1.2 48.2 12.6 354.1 80
2021004767 0.192 -2.8 12.7 29.3 358.1 80
2021004767 0.168 412.3 21.8 495.0 395.3 80
2021004767 0.166 -1.8 192.4 34.6 385.5 80
2021004767 0.165 326.3 363.1 468.2 377.5 80
2021004767 0.159 443.4 -0.2 505.9 93.1 17
2021004767 0.152 445.7 8.8 500.0 208.6 8
2021004767 0.151 464.8 289.0 510.2 367.5 80
2021004767 0.149 338.6 204.6 496.6 372.4 80
2021004767 0.149 32.7 310.1 276.1 376.2 80
2021004767 0.148 109.8 322.3 315.3 373.4 80
2021004767 0.148 440.9 2.4 502.3 211.1 17
2021004767 0.145 -4.2 125.4 351.7 320.8 80
2021004767 0.143 182.7 332.6 349.2 372.1 80
2021004767 0.139 90.8 218.2 411.5 355.0 80
2021004767 0.139 290.5 341.6 424.3 371.8 80
2021004767 0.138 -9.5 211.7 223.7 364.9 80
2021004767 0.138 18.5 164.2 388.1 327.7 80
2021004767 0.138 18.7 -17.0 516.7 110.3 80
2021004767 0.137 1.1 78.7 113.3 367.9 80
2021004767 0.136 126.8 258.8 245.1 332.6 80
2021004767 0.136 20.4 201.8 341.1 351.5 80
2021004767 0.135 90.2 182.5 408.4 335.7 80
2021004767 0.134 177.9 200.2 440.7 342.9 80
2021004767 0.133 455.4 4.2 501.6 206.3 8
2021004767 0.132 224.3 192.0 477.0 337.6 80
2021004767 0.131 457.2 -14.2 512.8 290.9 80
2021004767 0.131 266.0 149.3 495.2 320.1 80
2021004767 0.130 244.0 356.0 388.4 376.0 80
2021004767 0.130 146.8 242.4 284.0 322.0 80
2021004767 0.128 -3.6 169.6 292.6 323.5 80
2021004767 0.128 14.9 338.2 104.8 373.2 80
2021004767 0.127 42.7 219.5 105.8 307.6 80
2021004767 0.125 97.9 200.4 200.9 274.5 80
2021004767 0.125 213.0 212.2 355.4 305.4 80
2021004767 0.124 175.2 197.9 353.9 320.4 80
2021004767 0.124 3.2 129.5 226.7 314.9 80
2021004767 0.124 180.6 197.8 294.5 278.8 80
2021004767 0.124 400.4 346.6 495.2 372.7 80
2021004767 0.124 44.4 355.7 178.3 378.1 80
2021004767 0.123 318.3 188.0 464.6 275.5 80
2021004767 0.123 132.5 204.9 234.0 268.2 80
2021004767 0.123 3.3 79.0 426.6 377.5 80
2021004767 0.123 218.9 184.2 352.6 290.6 80
2021004767 0.122 177.2 185.8 355.1 294.9 80
2021004767 0.119 97.7 257.1 193.9 316.8 80
2021004767 0.119 104.9 353.1 244.1 376.4 80
2021004767 0.115 -7.5 139.8 231.9 240.7 80
2021004767 0.112 0.9 53.6 475.4 202.5 80
2021004767 0.112 -23.4 75.3 353.0 168.2 80
2021004767 0.112 98.3 100.9 425.5 194.2 80
2021004767 0.111 -53.5 13.1 420.5 118.6 80
2021004767 0.110 -74.9 91.5 204.5 178.3 80
2021004767 0.110 172.2 150.3 518.4 261.8 80
2021004767 0.110 228.9 20.2 648.7 118.8 80
2021004767 0.109 -85.9 27.9 158.0 86.4 80
2021004767 0.109 -71.2 40.9 336.3 130.8 80
2021004767 0.109 -5.0 2.1 489.2 376.1 8
2021004767 0.108 0.8 62.4 433.5 156.9 80
2021004767 0.107 120.5 96.6 525.3 216.3 80
2021004767 0.106 84.1 57.3 530.1 181.2 80
2021004767 0.105 66.6 -13.7 565.2 65.6 80
2021004767 0.104 -8.2 -2.8 488.0 61.5 80
2021004767 0.103 -144.2 9.0 336.9 62.2 80
2021004767 0.716 261.9 3.5 413.6 230.6 80
2021004767 0.711 349.3 -3.0 414.1 174.4 80
2021004767 0.709 315.6 -11.9 413.1 250.6 80
2021004767 0.673 384.5 11.1 482.7 139.2 80
2021004767 0.654 358.6 8.8 440.7 77.4 80
2021004767 0.653 468.1 338.9 497.8 375.0 80
2021004767 0.643 353.3 7.3 414.6 98.6 80
2021004767 0.633 3.3 79.0 426.6 377.5 11
2021004767 0.620 16.8 71.3 423.7 372.2 80
2021004767 0.615 484.8 110.8 501.8 196.9 80
2021004767 0.605 448.4 4.2 497.6 208.7 80
2021004767 0.593 440.7 -1.1 503.5 95.6 80
2021004767 0.578 443.4 -0.2 505.9 93.1 80
2021004767 0.576 2.2 59.4 399.0 367.1 80
2021004767 0.574 47.3 78.5 420.7 370.0 80
2021004767 0.566 455.4 4.2 501.6 206.3 80
2021004767 0.564 453.6 18.8 497.6 226.2 80
2021004767 0.537 -5.0 2.1 489.2 376.1 80
2021004767 0.493 16.9 2.3 310.2 375.2 80
2021004767 0.477 497.1 178.1 500.2 326.1 80
2021004767 0.461 445.7 8.8 500.0 208.6 80
2021004767 0.460 440.9 2.4 502.3 211.1 8
2021004767 0.449 483.2 0.1 501.8 373.8 80
2021004767 0.410 86.7 88.0 417.9 356.5 80
2021004767 0.297 1.2 322.3 23.2 378.6 80
2021004767 0.279 0.7 35.2 3.6 178.6 80
2021004767 0.265 30.3 360.7 471.0 376.5 80
2021004767 0.255 440.9 2.4 502.3 211.1 80
2021004767 0.251 0.8 225.5 4.2 349.5 80
2021004767 0.245 15.6 99.7 434.4 343.2 80
2021004767 0.231 0.5 0.7 4.4 85.5 80
2021004767 0.222 56.1 348.4 428.5 377.4 80
2021004767 0.219 0.3 96.1 3.4 251.3 80
2021004767 0.212 -6.4 96.5 409.2 333.5 80
2021004767 0.207 471.4 18.5 500.2 382.1 80
2021004767 0.206 0.3 28.7 8.3 230.5 80
2021004767 0.194 -1.2 48.2 12.6 354.1 80
2021004767 0.192 -2.8 12.7 29.3 358.1 80
2021004767 0.168 412.3 21.8 495.0 395.3 80
2021004767 0.166 -1.8 192.4 34.6 385.5 80
2021004767 0.165 326.3 363.1 468.2 377.5 80
2021004767 0.159 443.4 -0.2 505.9 93.1 17
2021004767 0.152 445.7 8.8 500.0 208.6 8
2021004767 0.151 464.8 289.0 510.2 367.5 80
2021004767 0.149 338.6 204.6 496.6 372.4 80
2021004767 0.149 32.7 310.1 276.1 376.2 80
2021004767 0.148 109.8 322.3 315.3 373.4 80
2021004767 0.148 440.9 2.4 502.3 211.1 17
2021004767 0.145 -4.2 125.4 351.7 320.8 80
2021004767 0.143 182.7 332.6 349.2 372.1 80
2021004767 0.139 90.8 218.2 411.5 355.0 80
2021004767 0.139 290.5 341.6 424.3 371.8 80
2021004767 0.138 -9.5 211.7 223.7 364.9 80
2021004767 0.138 18.5 164.2 388.1 327.7 80
2021004767 0.138 18.7 -17.0 516.7 110.3 80
2021004767 0.137 1.1 78.7 113.3 367.9 80
2021004767 0.136 126.8 258.8 245.1 332.6 80
2021004767 0.136 20.4 201.8 341.1 351.5 80
2021004767 0.135 90.2 182.5 408.4 335.7 80
2021004767 0.134 177.9 200.2 440.7 342.9 80
2021004767 0.133 455.4 4.2 501.6 206.3 8
2021004767 0.132 224.3 192.0 477.0 337.6 80
2021004767 0.131 457.2 -14.2 512.8 290.9 80
2021004767 0.131 266.0 149.3 495.2 320.1 80
2021004767 0.130 244.0 356.0 388.4 376.0 80
2021004767 0.130 146.8 242.4 284.0 322.0 80
2021004767 0.128 -3.6 169.6 292.6 323.5 80
2021004767 0.128 14.9 338.2 104.8 373.2 80
2021004767 0.127 42.7 219.5 105.8 307.6 80
2021004767 0.125 97.9 200.4 200.9 274.5 80
2021004767 0.125 213.0 212.2 355.4 305.4 80
2021004767 0.124 175.2 197.9 353.9 320.4 80
2021004767 0.124 3.2 129.5 226.7 314.9 80
2021004767 0.124 180.6 197.8 294.5 278.8 80
2021004767 0.124 400.4 346.6 495.2 372.7 80
2021004767 0.124 44.4 355.7 178.3 378.1 80
2021004767 0.123 318.3 188.0 464.6 275.5 80
2021004767 0.123 132.5 204.9 234.0 268.2 80
2021004767 0.123 3.3 79.0 426.6 377.5 80
2021004767 0.123 218.9 184.2 352.6 290.6 80
2021004767 0.122 177.2 185.8 355.1 294.9 80
2021004767 0.119 97.7 257.1 193.9 316.8 80
2021004767 0.119 104.9 353.1 244.1 376.4 80
2021004767 0.115 -7.5 139.8 231.9 240.7 80
2021004767 0.112 0.9 53.6 475.4 202.5 80
2021004767 0.112 -23.4 75.3 353.0 168.2 80
2021004767 0.112 98.3 100.9 425.5 194.2 80
2021004767 0.111 -53.5 13.1 420.5 118.6 80
2021004767 0.110 -74.9 91.5 204.5 178.3 80
2021004767 0.110 172.2 150.3 518.4 261.8 80
2021004767 0.110 228.9 20.2 648.7 118.8 80
2021004767 0.109 -85.9 27.9 158.0 86.4 80
2021004767 0.109 -71.2 40.9 336.3 130.8 80
2021004767 0.109 -5.0 2.1 489.2 376.1 8
2021004767 0.108 0.8 62.4 433.5 156.9 80
2021004767 0.107 120.5 96.6 525.3 216.3 80
2021004767 0.106 84.1 57.3 530.1 181.2 80
2021004767 0.105 66.6 -13.7 565.2 65.6 80
2021004767 0.104 -8.2 -2.8 488.0 61.5 80
2021004767 0.103 -144.2 9.0 336.9 62.2 80
2021004767 0.000 242.0 73.2 372.7 227.7 80
2021004767 0.000 0.9 43.1 103.5 247.8 80
2021004767 0.000 143.7 135.9 210.3 202.4 80
2021004767 0.000 211.4 111.8 275.3 178.0 80
2021004767 0.000 371.0 109.2 486.3 268.7 80
2021004767 0.000 255.8 137.9 317.1 204.5 80
2021004767 0.000 156.6 31.4 304.0 211.6 80
2021004767 0.000 45.5 217.8 107.4 288.9 80
2021004767 0.000 136.3 82.3 207.6 151.5 80
2021004767 0.000 81.5 117.6 146.9 186.5 80
2021004767 0.000 197.9 51.8 272.4 119.8 80
2021004767 0.000 453.6 128.4 499.6 211.2 80
2021004767 0.000 387.8 97.3 461.7 164.2 80
2021004767 0.000 348.6 145.3 411.0 211.1 80
2021004767 0.000 136.9 218.3 201.8 292.7 80
2021004767 0.000 19.5 26.1 206.5 194.8 80
2021004767 0.000 1.5 201.3 48.0 285.0 80
2021004767 0.000 297.9 170.7 359.9 236.2 80
2021004767 0.000 453.4 192.9 499.6 275.6 80
2021004767 0.000 356.3 197.7 415.7 265.7 80
2021004767 0.000 313.5 100.9 376.2 167.7 80
2021004767 0.000 323.9 8.3 496.6 191.8 80
2021004767 0.000 287.5 132.8 485.8 257.7 80
2021004767 0.000 205.6 160.1 267.3 225.4 80
2021004767 0.000 0.9 125.8 102.1 357.9 80
2021004767 0.000 33.3 127.4 166.8 276.8 80
2021004767 0.000 1.0 151.5 47.1 234.6 80
2021004767 0.000 89.9 187.8 149.8 253.9 80
2021004767 0.000 449.0 54.1 499.7 153.4 80
2021004767 0.000 117.9 161.9 233.2 316.5 80
2021004767 0.000 218.0 251.8 286.7 331.9 80
2021004767 0.000 149.3 172.2 210.8 237.6 80
2021004767 0.000 410.1 176.6 474.8 242.3 80
2021004767 0.000 27.0 155.1 94.9 220.9 80
2021004767 0.000 323.9 218.2 384.1 295.1 80
2021004767 0.000 202.7 116.7 319.1 275.9 80
2021004767 0.000 177.6 56.6 471.2 267.4 80
2021004767 0.000 252.3 124.0 366.8 347.9 80
2021004767 0.000 0.5 90.4 51.3 173.8 80
2021004767 0.000 0.7 22.0 51.8 106.0 80
2021004767 0.000 46.4 108.1 284.6 258.9 80
2021004767 0.000 101.1 50.5 245.1 317.1 80
2021004767 0.000 255.5 3.7 329.5 73.3 80
2021004767 0.000 322.9 47.5 406.2 116.3 80
2021004767 0.000 43.3 21.4 383.8 258.4 80
2021004767 0.000 0.6 249.6 58.3 369.8 80
2021004767 0.000 178.6 220.3 238.0 300.5 80
2021004767 0.000 442.7 245.1 499.6 368.5 80
2021004767 0.000 398.6 113.5 499.6 355.5 80
2021004767 0.000 10.6 10.6 491.5 199.6 80
2021004767 0.000 258.6 42.4 428.2 311.1 80
2021004767 0.000 90.0 16.9 408.1 364.6 80
2021004767 0.000 256.1 169.2 365.6 301.9 80
2021004767 0.000 -2.4 5.4 286.1 371.6 80
2021004767 0.000 8.1 89.0 229.6 370.1 80
2021004767 0.000 0.7 22.9 146.6 363.6 80
2021004767 0.000 213.1 6.1 497.0 372.7 80
2021004767 0.000 131.2 78.4 368.1 365.5 80
2021004767 0.000 156.2 201.7 351.1 369.4 80
2021004767 0.000 170.3 106.4 310.3 353.3 80
2021004767 0.000 153.4 21.0 355.4 360.9 80
2021004767 0.000 357.6 18.1 500.9 361.1 80
2021004767 0.000 68.8 68.1 447.4 321.4 80
2021004767 0.000 177.0 8.2 417.9 127.1 80
2021004767 0.000 43.6 254.9 289.5 373.6 80
2021004767 0.000 2.3 68.4 366.1 369.3 80
2021004767 0.000 5.1 279.1 130.5 374.3 80
2021004767 0.000 12.0 183.0 185.2 365.8 80
2021004767 0.000 305.3 180.1 482.3 365.0 80
2021004767 0.000 220.0 199.0 278.3 264.7 80
2021004767 0.000 24.3 146.3 338.1 364.6 80
2021004767 0.000 2.5 1.3 412.8 373.0 80
2021004767 0.000 150.8 131.3 355.6 228.6 80
2021004767 0.000 274.3 86.1 490.6 373.1 80
2021004767 0.000 3.0 228.5 496.0 374.4 80
2021004767 0.000 220.7 257.3 474.7 373.5 80
2021004767 0.000 84.5 1.1 496.2 372.9 80
2021004767 0.000 158.6 67.8 495.0 371.2 80
2021004767 0.000 157.9 150.5 463.3 364.9 80
2021004767 0.000 362.6 245.1 494.3 368.9 80
2021004767 0.000 44.4 60.6 117.3 136.8 80
2021004767 0.000 129.9 101.9 365.9 294.0 80
2021004767 0.000 22.3 43.4 477.5 366.6 80
2021004767 0.000 60.2 142.4 409.5 272.0 80
2021004767 0.000 0.4 100.8 499.0 366.5 80
2021004767 0.000 244.0 202.0 298.7 273.9 80
2021004767 0.000 12.6 94.7 489.8 271.8 80
2021004767 0.000 0.8 0.3 499.7 373.9 80
2021004767 0.000 1.3 18.3 498.9 309.8 80
2021004767 0.000 286.3 250.3 340.8 319.0 80
2021004767 0.000 424.2 6.2 498.9 85.7 80
2021004767 0.000 12.6 94.7 489.8 271.8 0
2021004767 0.000 0.8 0.3 499.7 373.9 7
2021004767 0.000 8.1 89.0 229.6 370.1 14
2021004767 0.000 258.6 42.4 428.2 311.1 14
2021004767 0.000 101.1 50.5 245.1 317.1 14
2021004767 0.000 170.3 106.4 310.3 353.3 14
2021004767 0.000 274.3 86.1 490.6 373.1 14
2021004767 0.000 153.4 21.0 355.4 360.9 14
2021004767 0.000 213.1 6.1 497.0 372.7 14
