2021005139 0.745 361.6 108.8 412.9 248.7 14
2021005139 0.721 149.4 119.0 361.5 272.0 12
2021005139 0.699 345.4 121.5 477.5 255.1 80
2021005139 0.698 246.4 117.3 450.7 256.2 80
2021005139 0.696 308.0 158.6 351.0 263.6 80
2021005139 0.696 390.8 144.5 475.2 250.5 80
2021005139 0.677 148.4 124.6 294.0 267.4 80
2021005139 0.666 344.4 124.6 408.0 247.5 80
2021005139 0.665 189.1 123.5 356.2 260.0 80
2021005139 0.662 148.8 125.0 351.3 268.4 80
2021005139 0.661 151.7 122.4 360.8 266.5 80
2021005139 0.654 129.6 104.7 488.2 264.4 80
2021005139 0.654 372.9 113.2 415.5 207.2 80
2021005139 0.648 148.3 116.8 372.1 265.2 80
2021005139 0.643 159.8 128.8 352.2 192.4 80
2021005139 0.642 134.2 119.4 400.7 268.6 80
2021005139 0.638 374.7 114.4 407.2 177.2 80
2021005139 0.637 317.1 181.0 349.1 259.9 80
2021005139 0.630 470.2 302.2 498.6 332.9 80
2021005139 0.617 145.9 124.2 366.3 243.6 80
2021005139 0.582 209.5 149.8 315.5 185.1 80
2021005139 0.569 494.9 180.4 500.3 287.4 80
2021005139 0.556 495.7 134.8 500.0 230.0 80
2021005139 0.543 134.5 127.2 335.8 263.1 80
2021005139 0.486 152.1 124.7 351.5 270.4 80
2021005139 0.470 497.6 53.5 500.4 162.8 80
2021005139 0.420 381.7 156.7 406.6 232.1 80
2021005139 0.412 359.4 136.9 404.2 246.3 80
2021005139 0.394 188.5 155.7 247.5 188.9 80
2021005139 0.348 497.3 54.4 500.4 225.5 80
2021005139 0.343 12.4 146.7 55.9 230.7 80
2021005139 0.304 498.1 95.2 500.4 282.2 80
2021005139 0.299 220.6 184.3 313.6 221.4 80
2021005139 0.269 0.8 46.5 3.1 144.1 80
2021005139 0.265 90.7 102.9 452.7 239.9 80
2021005139 0.235 193.6 198.2 321.7 276.5 80
2021005139 0.233 359.4 136.9 404.2 246.3 14
2021005139 0.227 0.6 0.6 4.2 81.7 80
2021005139 0.226 0.8 17.4 7.5 214.3 80
2021005139 0.220 0.5 95.4 3.1 214.8 80
2021005139 0.215 0.4 168.5 4.4 303.4 80
2021005139 0.201 491.3 199.7 503.3 330.4 80
2021005139 0.194 186.0 192.0 239.7 228.0 80
2021005139 0.187 -2.8 58.4 14.8 314.6 80
2021005139 0.185 294.3 216.3 352.6 270.4 80
2021005139 0.175 121.2 132.8 335.5 236.9 80
2021005139 0.172 -3.7 284.4 26.9 340.4 80
2021005139 0.170 0.3 150.2 26.0 341.7 80
2021005139 0.159 315.5 174.2 507.6 263.1 80
2021005139 0.154 176.2 320.0 335.1 334.5 80
2021005139 0.152 152.1 124.7 351.5 270.4 12
2021005139 0.151 258.1 201.8 323.1 237.8 80
2021005139 0.151 442.7 124.1 508.7 266.9 80
2021005139 0.148 182.0 170.4 436.8 263.1 80
2021005139 0.146 294.1 275.5 438.6 333.3 80
2021005139 0.146 59.6 264.6 214.2 334.3 80
2021005139 0.142 143.5 262.1 284.9 332.0 80
2021005139 0.141 161.3 194.4 192.9 221.7 80
2021005139 0.139 208.5 273.8 340.0 329.9 80
2021005139 0.136 123.2 185.7 388.3 303.8 80
2021005139 0.136 171.0 309.1 312.6 332.8 80
2021005139 0.134 163.1 237.0 213.7 278.6 80
2021005139 0.133 6.0 175.0 191.2 318.3 80
2021005139 0.133 5.1 115.5 67.9 303.8 80
2021005139 0.132 56.9 184.1 293.4 301.1 80
2021005139 0.130 51.6 318.0 163.2 334.4 80
2021005139 0.130 117.6 314.7 218.1 334.2 80
2021005139 0.130 19.2 299.7 98.3 330.3 80
2021005139 0.130 343.9 316.1 448.8 335.7 80
2021005139 0.127 18.9 166.5 249.6 275.2 80
2021005139 0.125 409.5 304.0 492.3 330.3 80
2021005139 0.123 267.1 309.0 374.6 333.1 80
2021005139 0.122 26.7 169.7 69.5 213.3 80
2021005139 0.122 121.7 187.8 176.8 227.6 80
2021005139 0.122 18.5 143.9 182.7 250.4 80
2021005139 0.121 90.8 224.1 146.9 259.8 80
2021005139 0.118 62.1 170.7 268.1 249.0 80
2021005139 0.117 51.6 161.7 148.1 207.4 80
2021005139 0.113 48.2 162.8 202.4 225.3 80
2021005139 0.113 344.7 76.5 517.0 138.1 80
2021005139 0.113 24.2 167.7 107.6 224.1 80
2021005139 0.112 377.2 149.7 509.9 218.5 80
2021005139 0.110 -94.1 26.9 171.8 73.3 80
2021005139 0.109 189.3 55.9 517.1 119.8 80
2021005139 0.108 121.9 30.7 469.9 92.7 80
2021005139 0.107 -70.1 9.6 356.6 45.1 80
2021005139 0.106 -135.5 9.5 324.9 40.1 80
2021005139 0.104 10.8 1.8 493.2 32.3 80
2021005139 0.104 388.9 15.3 576.8 65.8 80
2021005139 0.101 73.4 0.1 572.1 23.9 80
2021005139 0.100 -46.4 0.6 452.5 23.8 80
2021005139 0.096 -138.3 -0.9 360.7 16.3 80
2021005139 0.094 -203.5 -2.1 267.6 18.5 80
2021005139 0.094 -93.1 0.1 405.7 19.8 80
2021005139 0.094 -39.0 -1.9 459.9 17.4 80
2021005139 0.093 -185.6 1.1 313.2 21.5 80
2021005139 0.092 123.5 -1.0 622.5 21.4 80
2021005139 0.092 21.2 -2.2 520.1 19.2 80
2021005139 0.092 156.4 -1.2 655.2 21.0 80
2021005139 0.091 81.3 -2.2 580.3 18.1 80
2021005139 0.745 361.6 108.8 412.9 248.7 14
2021005139 0.721 149.4 119.0 361.5 272.0 12
2021005139 0.699 345.4 121.5 477.5 255.1 80
2021005139 0.698 246.4 117.3 450.7 256.2 80
2021005139 0.696 308.0 158.6 351.0 263.6 80
2021005139 0.696 390.8 144.5 475.2 250.5 80
2021005139 0.677 148.4 124.6 294.0 267.4 80
2021005139 0.666 344.4 124.6 408.0 247.5 80
2021005139 0.665 189.1 123.5 356.2 260.0 80
2021005139 0.662 148.8 125.0 351.3 268.4 80
2021005139 0.661 151.7 122.4 360.8 266.5 80
2021005139 0.654 129.6 104.7 488.2 264.4 80
2021005139 0.654 372.9 113.2 415.5 207.2 80
2021005139 0.648 148.3 116.8 372.1 265.2 80
2021005139 0.643 159.8 128.8 352.2 192.4 80
2021005139 0.642 134.2 119.4 400.7 268.6 80
2021005139 0.638 374.7 114.4 407.2 177.2 80
2021005139 0.637 317.1 181.0 349.1 259.9 80
2021005139 0.630 470.2 302.2 498.6 332.9 80
2021005139 0.617 145.9 124.2 366.3 243.6 80
2021005139 0.582 209.5 149.8 315.5 185.1 80
2021005139 0.569 494.9 180.4 500.3 287.4 80
2021005139 0.556 495.7 134.8 500.0 230.0 80
2021005139 0.543 134.5 127.2 335.8 263.1 80
2021005139 0.486 152.1 124.7 351.5 270.4 80
2021005139 0.470 497.6 53.5 500.4 162.8 80
2021005139 0.420 381.7 156.7 406.6 232.1 80
2021005139 0.412 359.4 136.9 404.2 246.3 80
2021005139 0.394 188.5 155.7 247.5 188.9 80
2021005139 0.348 497.3 54.4 500.4 225.5 80
2021005139 0.343 12.4 146.7 55.9 230.7 80
2021005139 0.304 498.1 95.2 500.4 282.2 80
2021005139 0.299 220.6 184.3 313.6 221.4 80
2021005139 0.269 0.8 46.5 3.1 144.1 80
2021005139 0.265 90.7 102.9 452.7 239.9 80
2021005139 0.235 193.6 198.2 321.7 276.5 80
2021005139 0.233 359.4 136.9 404.2 246.3 14
2021005139 0.227 0.6 0.6 4.2 81.7 80
2021005139 0.226 0.8 17.4 7.5 214.3 80
2021005139 0.220 0.5 95.4 3.1 214.8 80
2021005139 0.215 0.4 168.5 4.4 303.4 80
2021005139 0.201 491.3 199.7 503.3 330.4 80
2021005139 0.194 186.0 192.0 239.7 228.0 80
2021005139 0.187 -2.8 58.4 14.8 314.6 80
2021005139 0.185 294.3 216.3 352.6 270.4 80
2021005139 0.175 121.2 132.8 335.5 236.9 80
2021005139 0.172 -3.7 284.4 26.9 340.4 80
2021005139 0.170 0.3 150.2 26.0 341.7 80
2021005139 0.159 315.5 174.2 507.6 263.1 80
2021005139 0.154 176.2 320.0 335.1 334.5 80
2021005139 0.152 152.1 124.7 351.5 270.4 12
2021005139 0.151 258.1 201.8 323.1 237.8 80
2021005139 0.151 442.7 124.1 508.7 266.9 80
2021005139 0.148 182.0 170.4 436.8 263.1 80
2021005139 0.146 294.1 275.5 438.6 333.3 80
2021005139 0.146 59.6 264.6 214.2 334.3 80
2021005139 0.142 143.5 262.1 284.9 332.0 80
2021005139 0.141 161.3 194.4 192.9 221.7 80
2021005139 0.139 208.5 273.8 340.0 329.9 80
2021005139 0.136 123.2 185.7 388.3 303.8 80
2021005139 0.136 171.0 309.1 312.6 332.8 80
2021005139 0.134 163.1 237.0 213.7 278.6 80
2021005139 0.133 6.0 175.0 191.2 318.3 80
2021005139 0.133 5.1 115.5 67.9 303.8 80
2021005139 0.132 56.9 184.1 293.4 301.1 80
2021005139 0.130 51.6 318.0 163.2 334.4 80
2021005139 0.130 117.6 314.7 218.1 334.2 80
2021005139 0.130 19.2 299.7 98.3 330.3 80
2021005139 0.130 343.9 316.1 448.8 335.7 80
2021005139 0.127 18.9 166.5 249.6 275.2 80
2021005139 0.125 409.5 304.0 492.3 330.3 80
2021005139 0.123 267.1 309.0 374.6 333.1 80
2021005139 0.122 26.7 169.7 69.5 213.3 80
2021005139 0.122 121.7 187.8 176.8 227.6 80
2021005139 0.122 18.5 143.9 182.7 250.4 80
2021005139 0.121 90.8 224.1 146.9 259.8 80
2021005139 0.118 62.1 170.7 268.1 249.0 80
2021005139 0.117 51.6 161.7 148.1 207.4 80
2021005139 0.113 48.2 162.8 202.4 225.3 80
2021005139 0.113 344.7 76.5 517.0 138.1 80
2021005139 0.113 24.2 167.7 107.6 224.1 80
2021005139 0.112 377.2 149.7 509.9 218.5 80
2021005139 0.110 -94.1 26.9 171.8 73.3 80
2021005139 0.109 189.3 55.9 517.1 119.8 80
2021005139 0.108 121.9 30.7 469.9 92.7 80
2021005139 0.107 -70.1 9.6 356.6 45.1 80
2021005139 0.106 -135.5 9.5 324.9 40.1 80
2021005139 0.104 10.8 1.8 493.2 32.3 80
2021005139 0.104 388.9 15.3 576.8 65.8 80
2021005139 0.101 73.4 0.1 572.1 23.9 80
2021005139 0.100 -46.4 0.6 452.5 23.8 80
2021005139 0.096 -138.3 -0.9 360.7 16.3 80
2021005139 0.094 -203.5 -2.1 267.6 18.5 80
2021005139 0.094 -93.1 0.1 405.7 19.8 80
2021005139 0.094 -39.0 -1.9 459.9 17.4 80
2021005139 0.093 -185.6 1.1 313.2 21.5 80
2021005139 0.092 123.5 -1.0 622.5 21.4 80
2021005139 0.092 21.2 -2.2 520.1 19.2 80
2021005139 0.092 156.4 -1.2 655.2 21.0 80
2021005139 0.091 81.3 -2.2 580.3 18.1 80
2021005139 0.000 0.8 39.5 103.7 219.3 80
2021005139 0.000 245.1 64.4 370.2 202.5 80
2021005139 0.000 203.1 44.3 266.1 106.4 80
2021005139 0.000 256.6 123.3 316.4 182.3 80
2021005139 0.000 372.7 97.0 484.8 238.0 80
2021005139 0.000 45.9 193.0 106.8 256.1 80
2021005139 0.000 83.8 105.4 144.8 167.1 80
2021005139 0.000 133.1 93.2 218.1 193.4 80
2021005139 0.000 390.5 85.5 458.7 144.7 80
2021005139 0.000 453.6 114.1 499.6 186.9 80
2021005139 0.000 213.4 101.4 273.6 160.6 80
2021005139 0.000 141.4 73.0 202.4 136.1 80
2021005139 0.000 22.0 26.2 202.7 173.4 80
2021005139 0.000 325.8 10.4 494.5 169.9 80
2021005139 0.000 1.5 178.6 48.0 252.3 80
2021005139 0.000 162.0 29.0 299.4 187.5 80
2021005139 0.000 349.9 130.0 409.9 188.4 80
2021005139 0.000 219.9 212.8 281.0 298.8 80
2021005139 0.000 90.6 167.2 149.2 226.0 80
2021005139 0.000 314.7 90.3 375.2 149.5 80
2021005139 0.000 357.4 176.3 415.0 235.6 80
2021005139 0.000 32.4 112.8 167.8 245.0 80
2021005139 0.000 1.0 134.3 47.1 207.5 80
2021005139 0.000 453.4 170.8 499.7 243.8 80
2021005139 0.000 0.5 111.6 102.1 316.9 80
2021005139 0.000 449.1 48.0 499.7 135.8 80
2021005139 0.000 259.7 2.5 324.6 65.6 80
2021005139 0.000 137.6 193.5 201.5 257.8 80
2021005139 0.000 298.6 152.1 359.4 209.9 80
2021005139 0.000 28.5 138.2 93.6 196.2 80
2021005139 0.000 255.4 111.8 363.3 308.5 80
2021005139 0.000 119.1 142.6 232.5 280.4 80
2021005139 0.000 149.8 153.2 210.5 211.0 80
2021005139 0.000 293.1 118.0 480.6 230.0 80
2021005139 0.000 325.6 193.9 382.1 261.8 80
2021005139 0.000 0.7 19.9 51.8 93.9 80
2021005139 0.000 219.9 176.2 278.2 234.8 80
2021005139 0.000 48.8 18.9 377.9 227.6 80
2021005139 0.000 410.2 156.3 474.8 214.4 80
2021005139 0.000 205.3 104.7 317.1 248.6 80
2021005139 0.000 0.7 221.1 58.3 327.6 80
2021005139 0.000 180.1 196.8 238.1 263.7 80
2021005139 0.000 177.0 51.1 471.7 236.1 80
2021005139 0.000 49.5 97.2 281.8 228.7 80
2021005139 0.000 325.8 41.3 402.7 103.1 80
2021005139 0.000 101.1 43.8 244.3 276.6 80
2021005139 0.000 0.3 80.5 51.5 153.8 80
2021005139 0.000 206.3 142.5 267.2 200.8 80
2021005139 0.000 442.7 216.8 499.6 326.5 80
2021005139 0.000 15.1 12.7 486.3 174.0 80
2021005139 0.000 398.5 98.6 499.4 314.8 80
2021005139 0.000 1.5 5.5 282.2 328.9 80
2021005139 0.000 94.9 13.9 401.8 324.0 80
2021005139 0.000 262.6 37.3 424.1 277.4 80
2021005139 0.000 189.1 7.3 402.0 120.0 80
2021005139 0.000 1.1 21.3 146.5 321.8 80
2021005139 0.000 212.9 5.6 497.4 330.0 80
2021005139 0.000 160.6 175.0 349.3 325.9 80
2021005139 0.000 159.4 24.9 350.2 315.3 80
2021005139 0.000 357.7 16.7 501.3 318.9 80
2021005139 0.000 11.5 79.7 225.9 327.5 80
2021005139 0.000 280.6 211.7 336.4 293.3 80
2021005139 0.000 171.4 93.7 308.9 313.1 80
2021005139 0.000 132.8 68.9 366.0 323.5 80
2021005139 0.000 257.5 147.6 363.0 271.3 80
2021005139 0.000 5.0 247.4 130.5 331.4 80
2021005139 0.000 306.3 160.1 481.9 322.9 80
2021005139 0.000 54.0 226.0 278.3 329.9 80
2021005139 0.000 11.7 162.2 185.3 323.9 80
2021005139 0.000 3.3 1.2 410.3 330.1 80
2021005139 0.000 8.2 202.8 491.3 330.4 80
2021005139 0.000 4.9 57.6 361.3 326.9 80
2021005139 0.000 223.1 227.2 472.3 330.4 80
2021005139 0.000 72.1 57.0 444.5 283.6 80
2021005139 0.000 34.1 130.7 327.0 321.2 80
2021005139 0.000 85.7 1.0 494.7 330.0 80
2021005139 0.000 278.1 77.1 486.3 330.0 80
2021005139 0.000 162.7 117.6 345.4 204.2 80
2021005139 0.000 244.5 178.8 298.1 242.0 80
2021005139 0.000 168.6 133.9 451.1 321.0 80
2021005139 0.000 362.2 217.5 494.6 326.4 80
2021005139 0.000 44.5 53.8 117.2 121.1 80
2021005139 0.000 160.2 58.6 492.6 328.0 80
2021005139 0.000 134.9 91.2 359.6 260.1 80
2021005139 0.000 67.7 126.9 402.2 240.7 80
2021005139 0.000 22.5 38.1 474.5 320.4 80
2021005139 0.000 0.6 89.1 498.5 322.8 80
2021005139 0.000 0.8 0.8 499.6 331.2 80
2021005139 0.000 17.2 85.0 483.8 239.3 80
2021005139 0.000 2.5 21.0 497.4 272.4 80
2021005139 0.000 424.3 5.6 498.8 75.8 80
2021005139 0.000 17.2 85.0 483.8 239.3 0
2021005139 0.000 262.6 37.3 424.1 277.4 14
2021005139 0.000 171.4 93.7 308.9 313.1 14
2021005139 0.000 101.1 43.8 244.3 276.6 14
2021005139 0.000 159.4 24.9 350.2 315.3 14
2021005139 0.000 11.5 79.7 225.9 327.5 14
2021005139 0.000 278.1 77.1 486.3 330.0 14
2021005139 0.000 132.8 68.9 366.0 323.5 14
2021005139 0.000 154.2 267.8 238.2 327.2 80
