2021000562 0.733 194.2 130.9 271.4 284.4 14
2021000562 0.683 195.1 134.5 270.8 282.6 80
2021000562 0.674 469.1 342.7 497.9 374.9 80
2021000562 0.665 190.1 194.0 265.6 314.4 1
2021000562 0.660 193.6 198.6 263.1 305.5 80
2021000562 0.653 219.4 207.5 257.7 282.7 80
2021000562 0.642 372.7 202.6 387.8 230.5 80
2021000562 0.628 197.9 134.1 264.8 263.7 80
2021000562 0.612 376.0 200.7 387.8 226.8 80
2021000562 0.597 198.0 194.8 238.5 279.6 80
2021000562 0.587 191.0 192.5 256.3 309.5 80
2021000562 0.586 391.5 209.5 406.2 230.3 80
2021000562 0.571 496.1 64.4 500.3 136.1 80
2021000562 0.559 382.6 199.2 394.8 224.5 80
2021000562 0.550 496.7 233.5 500.1 321.4 80
2021000562 0.526 0.1 358.0 58.2 375.8 80
2021000562 0.523 497.2 170.8 500.0 261.4 80
2021000562 0.515 189.8 231.0 255.8 317.1 80
2021000562 0.490 380.5 199.3 393.3 232.2 14
2021000562 0.425 496.9 28.8 500.4 74.4 80
2021000562 0.382 37.9 366.6 178.8 375.5 80
2021000562 0.380 382.0 208.1 394.4 232.8 80
2021000562 0.380 391.4 214.6 406.9 230.4 80
2021000562 0.363 1.1 160.4 3.5 246.7 80
2021000562 0.360 487.2 262.9 502.7 371.0 80
2021000562 0.338 1.2 107.9 3.2 183.4 80
2021000562 0.331 195.6 132.6 263.1 286.7 80
2021000562 0.330 208.3 171.8 239.2 212.9 80
2021000562 0.298 498.0 119.8 500.3 326.0 80
2021000562 0.297 498.7 65.0 500.1 229.3 80
2021000562 0.277 391.4 214.6 406.9 230.4 1
2021000562 0.266 162.4 366.1 365.8 375.8 80
2021000562 0.242 0.7 208.0 3.6 342.7 80
2021000562 0.239 382.0 208.1 394.4 232.8 1
2021000562 0.233 222.8 179.9 266.1 225.0 80
2021000562 0.228 495.4 39.2 500.9 365.1 80
2021000562 0.214 1.2 40.5 5.5 222.1 80
2021000562 0.213 389.6 239.7 405.8 264.5 80
2021000562 0.212 0.3 4.8 4.6 79.0 80
2021000562 0.211 330.3 365.5 480.1 376.2 80
2021000562 0.208 1.2 60.6 6.6 319.8 80
2021000562 0.182 380.5 199.3 393.3 232.2 80
2021000562 0.181 0.8 33.1 18.2 335.9 80
2021000562 0.171 458.7 95.4 502.7 364.4 80
2021000562 0.169 -2.0 227.0 31.5 377.6 80
2021000562 0.158 8.7 355.0 101.5 374.7 80
2021000562 0.151 200.0 259.7 228.1 294.1 80
2021000562 0.150 149.1 359.7 345.5 375.2 80
2021000562 0.147 187.6 220.6 224.4 269.5 80
2021000562 0.147 328.7 210.1 508.0 368.3 80
2021000562 0.146 62.3 332.4 202.6 373.6 80
2021000562 0.142 300.3 341.1 431.5 372.1 80
2021000562 0.141 9.0 217.2 177.8 365.9 80
2021000562 0.139 396.5 350.6 496.0 373.5 80
2021000562 0.139 198.3 326.9 328.6 372.4 80
2021000562 0.138 127.9 225.4 379.4 348.7 80
2021000562 0.137 109.1 358.6 222.3 377.0 80
2021000562 0.136 64.0 209.5 289.5 343.3 80
2021000562 0.136 3.3 96.8 73.7 360.7 80
2021000562 0.135 259.4 358.2 385.5 375.6 80
2021000562 0.133 195.7 205.1 433.8 345.7 80
2021000562 0.132 234.7 194.1 475.9 338.1 80
2021000562 0.130 165.2 274.9 199.8 310.1 80
2021000562 0.129 27.4 184.0 243.3 317.3 80
2021000562 0.128 157.6 199.1 333.8 289.4 80
2021000562 0.125 320.3 239.0 366.8 280.3 80
2021000562 0.125 16.4 139.2 186.9 303.4 80
2021000562 0.123 221.3 164.9 446.4 286.5 80
2021000562 0.123 57.5 173.3 264.8 289.2 80
2021000562 0.121 150.6 175.7 268.2 255.7 80
2021000562 0.119 31.3 223.1 78.8 287.9 80
2021000562 0.119 136.7 145.3 363.2 248.1 80
2021000562 0.119 112.0 198.2 174.7 251.4 80
2021000562 0.118 255.6 156.3 431.0 256.3 80
2021000562 0.116 235.9 155.5 367.9 213.9 80
2021000562 0.114 44.5 138.5 198.6 263.2 80
2021000562 0.114 19.4 149.3 184.3 213.2 80
2021000562 0.113 -47.6 36.0 115.5 85.9 80
2021000562 0.112 -20.5 107.1 136.0 169.5 80
2021000562 0.110 138.1 111.4 381.1 190.6 80
2021000562 0.110 229.9 179.5 363.4 251.7 80
2021000562 0.110 30.9 62.8 332.2 126.2 80
2021000562 0.109 91.1 236.6 154.8 284.9 80
2021000562 0.106 387.8 79.0 544.9 162.5 80
2021000562 0.106 162.4 21.2 568.3 75.1 80
2021000562 0.105 -105.1 8.4 378.8 39.7 80
2021000562 0.105 45.5 3.7 543.5 36.5 80
2021000562 0.105 2.2 1.5 497.1 32.9 80
2021000562 0.104 -154.1 8.5 337.7 35.7 80
2021000562 0.102 200.4 6.8 691.6 35.9 80
2021000562 0.100 382.0 208.1 394.4 232.8 14
2021000562 0.098 268.5 7.3 700.5 36.2 80
2021000562 0.098 -45.9 0.6 453.1 25.8 80
2021000562 0.096 194.2 130.9 271.4 284.4 80
2021000562 0.095 -52.5 -3.3 113.7 23.3 80
2021000562 0.093 -139.9 -0.5 358.6 23.5 80
2021000562 0.093 -39.2 -2.1 459.7 21.5 80
2021000562 0.093 -185.9 1.8 312.2 25.2 80
2021000562 0.092 -93.7 0.7 405.1 25.3 80
2021000562 0.092 19.7 -2.1 518.6 22.5 80
2021000562 0.733 194.2 130.9 271.4 284.4 14
2021000562 0.683 195.1 134.5 270.8 282.6 80
2021000562 0.674 469.1 342.7 497.9 374.9 80
2021000562 0.665 190.1 194.0 265.6 314.4 1
2021000562 0.660 193.6 198.6 263.1 305.5 80
2021000562 0.653 219.4 207.5 257.7 282.7 80
2021000562 0.642 372.7 202.6 387.8 230.5 80
2021000562 0.628 197.9 134.1 264.8 263.7 80
2021000562 0.612 376.0 200.7 387.8 226.8 80
2021000562 0.597 198.0 194.8 238.5 279.6 80
2021000562 0.587 191.0 192.5 256.3 309.5 80
2021000562 0.586 391.5 209.5 406.2 230.3 80
2021000562 0.571 496.1 64.4 500.3 136.1 80
2021000562 0.559 382.6 199.2 394.8 224.5 80
2021000562 0.550 496.7 233.5 500.1 321.4 80
2021000562 0.526 0.1 358.0 58.2 375.8 80
2021000562 0.523 497.2 170.8 500.0 261.4 80
2021000562 0.515 189.8 231.0 255.8 317.1 80
2021000562 0.490 380.5 199.3 393.3 232.2 14
2021000562 0.425 496.9 28.8 500.4 74.4 80
2021000562 0.382 37.9 366.6 178.8 375.5 80
2021000562 0.380 382.0 208.1 394.4 232.8 80
2021000562 0.380 391.4 214.6 406.9 230.4 80
2021000562 0.363 1.1 160.4 3.5 246.7 80
2021000562 0.360 487.2 262.9 502.7 371.0 80
2021000562 0.338 1.2 107.9 3.2 183.4 80
2021000562 0.331 195.6 132.6 263.1 286.7 80
2021000562 0.330 208.3 171.8 239.2 212.9 80
2021000562 0.298 498.0 119.8 500.3 326.0 80
2021000562 0.297 498.7 65.0 500.1 229.3 80
2021000562 0.277 391.4 214.6 406.9 230.4 1
2021000562 0.266 162.4 366.1 365.8 375.8 80
2021000562 0.242 0.7 208.0 3.6 342.7 80
2021000562 0.239 382.0 208.1 394.4 232.8 1
2021000562 0.233 222.8 179.9 266.1 225.0 80
2021000562 0.228 495.4 39.2 500.9 365.1 80
2021000562 0.214 1.2 40.5 5.5 222.1 80
2021000562 0.213 389.6 239.7 405.8 264.5 80
2021000562 0.212 0.3 4.8 4.6 79.0 80
2021000562 0.211 330.3 365.5 480.1 376.2 80
2021000562 0.208 1.2 60.6 6.6 319.8 80
2021000562 0.182 380.5 199.3 393.3 232.2 80
2021000562 0.181 0.8 33.1 18.2 335.9 80
2021000562 0.171 458.7 95.4 502.7 364.4 80
2021000562 0.169 -2.0 227.0 31.5 377.6 80
2021000562 0.158 8.7 355.0 101.5 374.7 80
2021000562 0.151 200.0 259.7 228.1 294.1 80
2021000562 0.150 149.1 359.7 345.5 375.2 80
2021000562 0.147 187.6 220.6 224.4 269.5 80
2021000562 0.147 328.7 210.1 508.0 368.3 80
2021000562 0.146 62.3 332.4 202.6 373.6 80
2021000562 0.142 300.3 341.1 431.5 372.1 80
2021000562 0.141 9.0 217.2 177.8 365.9 80
2021000562 0.139 396.5 350.6 496.0 373.5 80
2021000562 0.139 198.3 326.9 328.6 372.4 80
2021000562 0.138 127.9 225.4 379.4 348.7 80
2021000562 0.137 109.1 358.6 222.3 377.0 80
2021000562 0.136 64.0 209.5 289.5 343.3 80
2021000562 0.136 3.3 96.8 73.7 360.7 80
2021000562 0.135 259.4 358.2 385.5 375.6 80
2021000562 0.133 195.7 205.1 433.8 345.7 80
2021000562 0.132 234.7 194.1 475.9 338.1 80
2021000562 0.130 165.2 274.9 199.8 310.1 80
2021000562 0.129 27.4 184.0 243.3 317.3 80
2021000562 0.128 157.6 199.1 333.8 289.4 80
2021000562 0.125 320.3 239.0 366.8 280.3 80
2021000562 0.125 16.4 139.2 186.9 303.4 80
2021000562 0.123 221.3 164.9 446.4 286.5 80
2021000562 0.123 57.5 173.3 264.8 289.2 80
2021000562 0.121 150.6 175.7 268.2 255.7 80
2021000562 0.119 31.3 223.1 78.8 287.9 80
2021000562 0.119 136.7 145.3 363.2 248.1 80
2021000562 0.119 112.0 198.2 174.7 251.4 80
2021000562 0.118 255.6 156.3 431.0 256.3 80
2021000562 0.116 235.9 155.5 367.9 213.9 80
2021000562 0.114 44.5 138.5 198.6 263.2 80
2021000562 0.114 19.4 149.3 184.3 213.2 80
2021000562 0.113 -47.6 36.0 115.5 85.9 80
2021000562 0.112 -20.5 107.1 136.0 169.5 80
2021000562 0.110 138.1 111.4 381.1 190.6 80
2021000562 0.110 229.9 179.5 363.4 251.7 80
2021000562 0.110 30.9 62.8 332.2 126.2 80
2021000562 0.109 91.1 236.6 154.8 284.9 80
2021000562 0.106 387.8 79.0 544.9 162.5 80
2021000562 0.106 162.4 21.2 568.3 75.1 80
2021000562 0.105 -105.1 8.4 378.8 39.7 80
2021000562 0.105 45.5 3.7 543.5 36.5 80
2021000562 0.105 2.2 1.5 497.1 32.9 80
2021000562 0.104 -154.1 8.5 337.7 35.7 80
2021000562 0.102 200.4 6.8 691.6 35.9 80
2021000562 0.100 382.0 208.1 394.4 232.8 14
2021000562 0.098 268.5 7.3 700.5 36.2 80
2021000562 0.098 -45.9 0.6 453.1 25.8 80
2021000562 0.096 194.2 130.9 271.4 284.4 80
2021000562 0.095 -52.5 -3.3 113.7 23.3 80
2021000562 0.093 -139.9 -0.5 358.6 23.5 80
2021000562 0.093 -39.2 -2.1 459.7 21.5 80
2021000562 0.093 -185.9 1.8 312.2 25.2 80
2021000562 0.092 -93.7 0.7 405.1 25.3 80
2021000562 0.092 19.7 -2.1 518.6 22.5 80
2021000562 0.000 242.0 73.2 372.7 227.7 80
2021000562 0.000 0.9 43.1 103.5 247.8 80
2021000562 0.000 143.7 135.9 210.3 202.4 80
2021000562 0.000 211.4 111.8 275.3 178.0 80
2021000562 0.000 371.0 109.2 486.3 268.7 80
2021000562 0.000 255.8 137.9 317.1 204.5 80
2021000562 0.000 156.6 31.4 304.0 211.6 80
2021000562 0.000 45.5 217.8 107.4 288.9 80
2021000562 0.000 136.3 82.3 207.6 151.5 80
2021000562 0.000 81.5 117.6 146.9 186.5 80
2021000562 0.000 197.9 51.8 272.4 119.8 80
2021000562 0.000 453.6 128.4 499.6 211.2 80
2021000562 0.000 387.8 97.3 461.7 164.2 80
2021000562 0.000 348.6 145.3 411.0 211.1 80
2021000562 0.000 136.9 218.3 201.8 292.7 80
2021000562 0.000 19.5 26.1 206.5 194.8 80
2021000562 0.000 1.5 201.3 48.0 285.0 80
2021000562 0.000 297.9 170.7 359.9 236.2 80
2021000562 0.000 453.4 192.9 499.6 275.6 80
2021000562 0.000 356.3 197.7 415.7 265.7 80
2021000562 0.000 313.5 100.9 376.2 167.7 80
2021000562 0.000 323.9 8.3 496.6 191.8 80
2021000562 0.000 287.5 132.8 485.8 257.7 80
2021000562 0.000 205.6 160.1 267.3 225.4 80
2021000562 0.000 0.9 125.8 102.1 357.9 80
2021000562 0.000 33.3 127.4 166.8 276.8 80
2021000562 0.000 1.0 151.5 47.1 234.6 80
2021000562 0.000 89.9 187.8 149.8 253.9 80
2021000562 0.000 449.0 54.1 499.7 153.4 80
2021000562 0.000 117.9 161.9 233.2 316.5 80
2021000562 0.000 218.0 251.8 286.7 331.9 80
2021000562 0.000 149.3 172.2 210.8 237.6 80
2021000562 0.000 410.1 176.6 474.8 242.3 80
2021000562 0.000 27.0 155.1 94.9 220.9 80
2021000562 0.000 323.9 218.2 384.1 295.1 80
2021000562 0.000 202.7 116.7 319.1 275.9 80
2021000562 0.000 177.6 56.6 471.2 267.4 80
2021000562 0.000 252.3 124.0 366.8 347.9 80
2021000562 0.000 0.5 90.4 51.3 173.8 80
2021000562 0.000 0.7 22.0 51.8 106.0 80
2021000562 0.000 46.4 108.1 284.6 258.9 80
2021000562 0.000 101.1 50.5 245.1 317.1 80
2021000562 0.000 255.5 3.7 329.5 73.3 80
2021000562 0.000 322.9 47.5 406.2 116.3 80
2021000562 0.000 43.3 21.4 383.8 258.4 80
2021000562 0.000 0.6 249.6 58.3 369.8 80
2021000562 0.000 178.6 220.3 238.0 300.5 80
2021000562 0.000 442.7 245.1 499.6 368.5 80
2021000562 0.000 398.6 113.5 499.6 355.5 80
2021000562 0.000 10.6 10.6 491.5 199.6 80
2021000562 0.000 258.6 42.4 428.2 311.1 80
2021000562 0.000 90.0 16.9 408.1 364.6 80
2021000562 0.000 256.1 169.2 365.6 301.9 80
2021000562 0.000 -2.4 5.4 286.1 371.6 80
2021000562 0.000 8.1 89.0 229.6 370.1 80
2021000562 0.000 0.7 22.9 146.6 363.6 80
2021000562 0.000 213.1 6.1 497.0 372.7 80
2021000562 0.000 131.2 78.4 368.1 365.5 80
2021000562 0.000 156.2 201.7 351.1 369.4 80
2021000562 0.000 170.3 106.4 310.3 353.3 80
2021000562 0.000 153.4 21.0 355.4 360.9 80
2021000562 0.000 357.6 18.1 500.9 361.1 80
2021000562 0.000 68.8 68.1 447.4 321.4 80
2021000562 0.000 177.0 8.2 417.9 127.1 80
2021000562 0.000 43.6 254.9 289.5 373.6 80
2021000562 0.000 2.3 68.4 366.1 369.3 80
2021000562 0.000 5.1 279.1 130.5 374.3 80
2021000562 0.000 12.0 183.0 185.2 365.8 80
2021000562 0.000 305.3 180.1 482.3 365.0 80
2021000562 0.000 220.0 199.0 278.3 264.7 80
2021000562 0.000 24.3 146.3 338.1 364.6 80
2021000562 0.000 2.5 1.3 412.8 373.0 80
2021000562 0.000 150.8 131.3 355.6 228.6 80
2021000562 0.000 274.3 86.1 490.6 373.1 80
2021000562 0.000 3.0 228.5 496.0 374.4 80
2021000562 0.000 220.7 257.3 474.7 373.5 80
2021000562 0.000 84.5 1.1 496.2 372.9 80
2021000562 0.000 158.6 67.8 495.0 371.2 80
2021000562 0.000 157.9 150.5 463.3 364.9 80
2021000562 0.000 362.6 245.1 494.3 368.9 80
2021000562 0.000 44.4 60.6 117.3 136.8 80
2021000562 0.000 129.9 101.9 365.9 294.0 80
2021000562 0.000 22.3 43.4 477.5 366.6 80
2021000562 0.000 60.2 142.4 409.5 272.0 80
2021000562 0.000 0.4 100.8 499.0 366.5 80
2021000562 0.000 244.0 202.0 298.7 273.9 80
2021000562 0.000 12.6 94.7 489.8 271.8 80
2021000562 0.000 0.8 0.3 499.7 373.9 80
2021000562 0.000 1.3 18.3 498.9 309.8 80
2021000562 0.000 286.3 250.3 340.8 319.0 80
2021000562 0.000 424.2 6.2 498.9 85.7 80
2021000562 0.000 12.6 94.7 489.8 271.8 0
2021000562 0.000 0.8 0.3 499.7 373.9 7
2021000562 0.000 8.1 89.0 229.6 370.1 14
2021000562 0.000 258.6 42.4 428.2 311.1 14
2021000562 0.000 101.1 50.5 245.1 317.1 14
2021000562 0.000 170.3 106.4 310.3 353.3 14
2021000562 0.000 274.3 86.1 490.6 373.1 14
2021000562 0.000 153.4 21.0 355.4 360.9 14
2021000562 0.000 213.1 6.1 497.0 372.7 14
