2021000000486104 0.780 471.7 339.2 499.5 373.6 80
2021000000486104 0.725 141.3 174.0 177.6 236.3 80
2021000000486104 0.720 139.3 176.9 172.7 236.8 80
2021000000486104 0.714 6.1 328.4 314.3 372.6 80
2021000000486104 0.713 87.3 126.4 124.5 231.7 80
2021000000486104 0.709 363.7 114.3 378.0 135.0 80
2021000000486104 0.697 447.2 118.2 460.6 134.1 80
2021000000486104 0.693 224.8 145.4 267.6 231.1 80
2021000000486104 0.691 188.6 361.2 444.1 373.8 80
2021000000486104 0.686 330.5 101.6 349.1 130.3 80
2021000000486104 0.682 -10.2 12.2 400.9 114.0 80
2021000000486104 0.680 472.6 141.5 490.1 182.8 80
2021000000486104 0.677 0.8 9.6 364.0 295.3 80
2021000000486104 0.672 383.0 159.9 402.0 187.3 80
2021000000486104 0.664 224.5 149.0 275.4 238.1 18
2021000000486104 0.663 485.9 131.1 500.1 163.8 80
2021000000486104 0.662 400.7 110.3 411.6 130.6 80
2021000000486104 0.661 296.8 143.3 314.9 188.2 80
2021000000486104 0.652 293.8 93.3 309.2 121.7 80
2021000000486104 0.651 74.5 358.4 336.0 374.8 80
