2021005480 0.731 384.4 157.1 415.6 225.3 80
2021005480 0.730 376.4 157.2 403.8 226.6 80
2021005480 0.725 162.7 109.1 367.2 323.8 80
2021005480 0.725 239.9 108.0 369.7 320.6 80
2021005480 0.707 271.8 114.1 360.6 279.8 80
2021005480 0.692 254.2 109.2 373.4 321.6 80
2021005480 0.688 261.0 109.5 375.0 291.2 80
2021005480 0.681 467.7 378.7 499.3 415.0 80
2021005480 0.680 322.3 133.0 362.5 205.7 80
2021005480 0.632 483.3 185.8 499.5 208.2 80
2021005480 0.630 128.7 113.8 372.8 401.5 80
2021005480 0.622 129.5 110.7 369.5 388.3 80
2021005480 0.619 482.7 188.2 498.9 210.4 80
2021005480 0.615 131.3 107.9 365.5 404.1 1
2021005480 0.599 255.8 133.9 380.3 279.2 80
2021005480 0.584 134.4 104.3 377.2 385.6 80
2021005480 0.578 495.5 218.9 500.4 355.7 80
2021005480 0.571 495.6 136.5 500.2 211.2 80
2021005480 0.509 1.2 192.0 5.9 319.3 80
2021005480 0.379 496.7 129.9 500.4 348.9 80
2021005480 0.370 126.3 119.9 383.8 392.1 80
2021005480 0.344 1.1 209.2 4.2 374.8 80
2021005480 0.294 495.8 106.1 500.4 247.9 80
2021005480 0.273 353.1 194.2 381.0 239.9 80
2021005480 0.251 497.3 46.9 500.4 195.3 80
2021005480 0.245 0.9 71.8 3.1 197.3 80
2021005480 0.241 488.2 69.3 500.2 415.5 80
2021005480 0.226 1.4 55.0 6.3 280.3 80
2021005480 0.222 0.8 69.0 7.1 360.8 80
2021005480 0.215 0.0 2.0 5.1 90.9 80
2021005480 0.201 482.4 297.7 506.2 415.2 80
2021005480 0.182 -2.1 351.3 21.6 423.4 80
2021005480 0.174 159.9 257.6 225.4 362.2 80
2021005480 0.172 -0.2 187.4 27.3 424.0 80
2021005480 0.167 227.3 257.0 303.3 326.9 80
2021005480 0.162 166.4 168.9 359.2 298.8 80
2021005480 0.159 335.2 403.0 469.3 418.5 80
2021005480 0.156 247.2 254.1 297.9 305.8 80
2021005480 0.156 262.1 251.3 303.1 301.9 80
2021005480 0.152 213.9 280.8 297.2 364.1 80
2021005480 0.152 121.0 184.4 382.5 365.2 80
2021005480 0.152 131.3 107.9 365.5 404.1 8
2021005480 0.148 1.2 170.5 32.6 322.0 80
2021005480 0.147 110.6 155.5 236.0 357.9 80
2021005480 0.146 130.9 320.2 308.5 417.4 80
2021005480 0.146 161.2 401.0 348.4 418.8 80
2021005480 0.145 331.8 213.3 510.0 404.8 80
2021005480 0.145 190.4 342.2 356.0 416.3 80
2021005480 0.145 64.9 347.4 206.3 415.7 80
2021005480 0.143 181.1 270.9 225.7 326.7 80
2021005480 0.143 290.3 373.7 428.7 413.6 80
2021005480 0.140 3.6 228.0 198.1 401.1 80
2021005480 0.139 374.5 216.1 406.9 251.2 80
2021005480 0.138 163.5 392.3 328.3 416.5 80
2021005480 0.138 2.1 114.1 65.7 397.2 80
2021005480 0.137 127.9 229.6 383.2 392.4 80
2021005480 0.137 87.7 190.6 349.6 361.8 80
2021005480 0.135 270.3 189.1 314.7 236.5 80
2021005480 0.134 139.9 188.6 301.9 346.8 80
2021005480 0.134 182.0 211.6 433.2 370.3 80
2021005480 0.134 61.2 221.9 295.7 381.3 80
2021005480 0.132 219.9 207.7 479.1 365.6 80
2021005480 0.130 400.1 386.5 496.7 414.3 80
2021005480 0.130 31.2 193.7 244.6 353.9 80
2021005480 0.130 109.5 293.7 157.2 346.3 80
2021005480 0.127 152.9 211.2 291.3 326.0 80
2021005480 0.126 124.1 244.6 172.9 298.8 80
2021005480 0.125 10.4 165.7 198.1 330.4 80
2021005480 0.125 194.1 201.3 245.3 253.1 80
2021005480 0.124 46.3 397.8 166.7 418.7 80
2021005480 0.124 18.0 373.6 100.1 412.4 80
2021005480 0.124 316.3 271.1 424.3 348.4 80
2021005480 0.123 37.7 262.1 86.4 319.9 80
2021005480 0.123 141.5 160.8 362.5 293.4 80
2021005480 0.122 260.4 391.8 381.1 416.7 80
2021005480 0.121 370.7 254.2 479.5 352.8 80
2021005480 0.121 396.6 230.5 470.7 293.1 80
2021005480 0.120 115.2 389.7 222.2 418.7 80
2021005480 0.117 22.9 175.7 79.4 237.6 80
2021005480 0.117 43.2 194.8 161.0 256.3 80
2021005480 0.116 114.8 147.6 226.3 214.1 80
2021005480 0.115 65.8 207.8 187.1 297.1 80
2021005480 0.112 -58.2 68.6 132.9 136.0 80
2021005480 0.111 444.4 115.8 505.2 204.6 80
2021005480 0.109 -39.6 31.6 321.3 94.6 80
2021005480 0.107 131.3 107.9 365.5 404.1 80
2021005480 0.106 -129.3 13.6 322.6 62.7 80
2021005480 0.105 -45.4 0.4 451.9 41.0 80
2021005480 0.104 6.4 1.0 499.4 43.1 80
2021005480 0.104 76.7 -1.9 572.9 42.7 80
2021005480 0.103 266.0 11.7 639.2 57.2 80
2021005480 0.095 -36.9 -4.0 97.4 26.7 80
2021005480 0.094 131.3 107.9 365.5 404.1 15
2021005480 0.093 -185.0 0.4 313.7 27.2 80
2021005480 0.093 -139.4 -1.0 359.0 26.7 80
2021005480 0.092 -92.5 -0.4 406.2 27.7 80
2021005480 0.092 -38.6 -2.8 460.2 25.0 80
2021005480 0.092 155.6 -0.5 654.5 27.7 80
2021005480 0.091 20.7 -2.9 519.6 25.8 80
2021005480 0.091 202.0 0.1 700.8 27.8 80
2021005480 0.731 384.4 157.1 415.6 225.3 80
2021005480 0.730 376.4 157.2 403.8 226.6 80
2021005480 0.725 162.7 109.1 367.2 323.8 80
2021005480 0.725 239.9 108.0 369.7 320.6 80
2021005480 0.707 271.8 114.1 360.6 279.8 80
2021005480 0.692 254.2 109.2 373.4 321.6 80
2021005480 0.688 261.0 109.5 375.0 291.2 80
2021005480 0.681 467.7 378.7 499.3 415.0 80
2021005480 0.680 322.3 133.0 362.5 205.7 80
2021005480 0.632 483.3 185.8 499.5 208.2 80
2021005480 0.630 128.7 113.8 372.8 401.5 80
2021005480 0.622 129.5 110.7 369.5 388.3 80
2021005480 0.619 482.7 188.2 498.9 210.4 80
2021005480 0.615 131.3 107.9 365.5 404.1 1
2021005480 0.599 255.8 133.9 380.3 279.2 80
2021005480 0.584 134.4 104.3 377.2 385.6 80
2021005480 0.578 495.5 218.9 500.4 355.7 80
2021005480 0.571 495.6 136.5 500.2 211.2 80
2021005480 0.509 1.2 192.0 5.9 319.3 80
2021005480 0.379 496.7 129.9 500.4 348.9 80
2021005480 0.370 126.3 119.9 383.8 392.1 80
2021005480 0.344 1.1 209.2 4.2 374.8 80
2021005480 0.294 495.8 106.1 500.4 247.9 80
2021005480 0.273 353.1 194.2 381.0 239.9 80
2021005480 0.251 497.3 46.9 500.4 195.3 80
2021005480 0.245 0.9 71.8 3.1 197.3 80
2021005480 0.241 488.2 69.3 500.2 415.5 80
2021005480 0.226 1.4 55.0 6.3 280.3 80
2021005480 0.222 0.8 69.0 7.1 360.8 80
2021005480 0.215 0.0 2.0 5.1 90.9 80
2021005480 0.201 482.4 297.7 506.2 415.2 80
2021005480 0.182 -2.1 351.3 21.6 423.4 80
2021005480 0.174 159.9 257.6 225.4 362.2 80
2021005480 0.172 -0.2 187.4 27.3 424.0 80
2021005480 0.167 227.3 257.0 303.3 326.9 80
2021005480 0.162 166.4 168.9 359.2 298.8 80
2021005480 0.159 335.2 403.0 469.3 418.5 80
2021005480 0.156 247.2 254.1 297.9 305.8 80
2021005480 0.156 262.1 251.3 303.1 301.9 80
2021005480 0.152 213.9 280.8 297.2 364.1 80
2021005480 0.152 121.0 184.4 382.5 365.2 80
2021005480 0.152 131.3 107.9 365.5 404.1 8
2021005480 0.148 1.2 170.5 32.6 322.0 80
2021005480 0.147 110.6 155.5 236.0 357.9 80
2021005480 0.146 130.9 320.2 308.5 417.4 80
2021005480 0.146 161.2 401.0 348.4 418.8 80
2021005480 0.145 331.8 213.3 510.0 404.8 80
2021005480 0.145 190.4 342.2 356.0 416.3 80
2021005480 0.145 64.9 347.4 206.3 415.7 80
2021005480 0.143 181.1 270.9 225.7 326.7 80
2021005480 0.143 290.3 373.7 428.7 413.6 80
2021005480 0.140 3.6 228.0 198.1 401.1 80
2021005480 0.139 374.5 216.1 406.9 251.2 80
2021005480 0.138 163.5 392.3 328.3 416.5 80
2021005480 0.138 2.1 114.1 65.7 397.2 80
2021005480 0.137 127.9 229.6 383.2 392.4 80
2021005480 0.137 87.7 190.6 349.6 361.8 80
2021005480 0.135 270.3 189.1 314.7 236.5 80
2021005480 0.134 139.9 188.6 301.9 346.8 80
2021005480 0.134 182.0 211.6 433.2 370.3 80
2021005480 0.134 61.2 221.9 295.7 381.3 80
2021005480 0.132 219.9 207.7 479.1 365.6 80
2021005480 0.130 400.1 386.5 496.7 414.3 80
2021005480 0.130 31.2 193.7 244.6 353.9 80
2021005480 0.130 109.5 293.7 157.2 346.3 80
2021005480 0.127 152.9 211.2 291.3 326.0 80
2021005480 0.126 124.1 244.6 172.9 298.8 80
2021005480 0.125 10.4 165.7 198.1 330.4 80
2021005480 0.125 194.1 201.3 245.3 253.1 80
2021005480 0.124 46.3 397.8 166.7 418.7 80
2021005480 0.124 18.0 373.6 100.1 412.4 80
2021005480 0.124 316.3 271.1 424.3 348.4 80
2021005480 0.123 37.7 262.1 86.4 319.9 80
2021005480 0.123 141.5 160.8 362.5 293.4 80
2021005480 0.122 260.4 391.8 381.1 416.7 80
2021005480 0.121 370.7 254.2 479.5 352.8 80
2021005480 0.121 396.6 230.5 470.7 293.1 80
2021005480 0.120 115.2 389.7 222.2 418.7 80
2021005480 0.117 22.9 175.7 79.4 237.6 80
2021005480 0.117 43.2 194.8 161.0 256.3 80
2021005480 0.116 114.8 147.6 226.3 214.1 80
2021005480 0.115 65.8 207.8 187.1 297.1 80
2021005480 0.112 -58.2 68.6 132.9 136.0 80
2021005480 0.111 444.4 115.8 505.2 204.6 80
2021005480 0.109 -39.6 31.6 321.3 94.6 80
2021005480 0.107 131.3 107.9 365.5 404.1 80
2021005480 0.106 -129.3 13.6 322.6 62.7 80
2021005480 0.105 -45.4 0.4 451.9 41.0 80
2021005480 0.104 6.4 1.0 499.4 43.1 80
2021005480 0.104 76.7 -1.9 572.9 42.7 80
2021005480 0.103 266.0 11.7 639.2 57.2 80
2021005480 0.095 -36.9 -4.0 97.4 26.7 80
2021005480 0.094 131.3 107.9 365.5 404.1 15
2021005480 0.093 -185.0 0.4 313.7 27.2 80
2021005480 0.093 -139.4 -1.0 359.0 26.7 80
2021005480 0.092 -92.5 -0.4 406.2 27.7 80
2021005480 0.092 -38.6 -2.8 460.2 25.0 80
2021005480 0.092 155.6 -0.5 654.5 27.7 80
2021005480 0.091 20.7 -2.9 519.6 25.8 80
2021005480 0.091 202.0 0.1 700.8 27.8 80
2021005480 0.000 232.2 79.4 381.3 252.0 80
2021005480 0.000 140.4 149.0 213.0 222.4 80
2021005480 0.000 0.9 46.4 103.4 274.9 80
2021005480 0.000 209.2 122.9 277.1 196.0 80
2021005480 0.000 253.5 152.5 319.3 225.9 80
2021005480 0.000 370.0 120.7 487.1 297.9 80
2021005480 0.000 152.1 34.5 308.2 234.4 80
2021005480 0.000 204.5 175.9 268.0 248.7 80
2021005480 0.000 133.2 91.4 211.0 167.1 80
2021005480 0.000 78.7 131.3 150.2 206.1 80
2021005480 0.000 135.2 244.4 204.7 326.3 80
2021005480 0.000 296.5 188.2 361.0 261.1 80
2021005480 0.000 453.5 142.3 499.7 234.4 80
2021005480 0.000 347.5 160.3 412.0 233.2 80
2021005480 0.000 385.3 108.4 464.4 182.0 80
2021005480 0.000 45.0 242.0 108.0 321.2 80
2021005480 0.000 310.6 110.4 378.7 184.2 80
2021005480 0.000 355.5 218.1 416.1 295.0 80
2021005480 0.000 453.5 213.8 499.6 305.8 80
2021005480 0.000 285.1 147.6 488.1 284.8 80
2021005480 0.000 147.9 190.0 211.9 262.9 80
2021005480 0.000 1.4 223.1 48.0 316.2 80
2021005480 0.000 116.5 178.6 234.3 349.4 80
2021005480 0.000 18.4 26.3 209.3 214.8 80
2021005480 0.000 199.6 129.0 322.2 302.0 80
2021005480 0.000 195.4 57.6 275.0 132.5 80
2021005480 0.000 1.2 139.4 102.2 397.1 80
2021005480 0.000 89.5 207.7 150.0 281.6 80
2021005480 0.000 33.1 142.2 167.1 305.9 80
2021005480 0.000 1.0 167.8 47.0 260.3 80
2021005480 0.000 323.3 8.2 497.3 212.3 80
2021005480 0.000 448.9 59.8 499.8 170.3 80
2021005480 0.000 176.7 60.9 472.1 298.6 80
2021005480 0.000 322.5 240.7 384.9 327.8 80
2021005480 0.000 216.9 283.2 290.7 366.8 80
2021005480 0.000 26.2 171.3 95.7 244.6 80
2021005480 0.000 409.1 196.0 475.8 269.1 80
2021005480 0.000 0.6 99.9 51.2 192.8 80
2021005480 0.000 246.4 136.5 374.1 386.8 80
2021005480 0.000 251.9 189.3 370.2 328.7 80
2021005480 0.000 0.6 24.1 51.8 117.7 80
2021005480 0.000 42.9 119.5 288.1 288.6 80
2021005480 0.000 98.6 55.5 247.5 349.5 80
2021005480 0.000 256.2 46.5 430.9 343.7 80
2021005480 0.000 321.0 53.8 408.6 129.3 80
2021005480 0.000 442.7 272.1 499.6 408.6 80
2021005480 0.000 398.7 126.9 499.7 394.2 80
2021005480 0.000 40.8 24.8 386.3 287.1 80
2021005480 0.000 177.7 246.1 239.8 334.2 80
2021005480 0.000 7.9 9.4 493.9 223.9 80
2021005480 0.000 0.6 277.2 58.4 409.6 80
2021005480 0.000 254.2 4.3 331.0 80.9 80
2021005480 0.000 87.3 19.2 412.1 403.8 80
2021005480 0.000 -3.3 5.8 287.1 412.4 80
2021005480 0.000 127.6 87.9 372.4 405.9 80
2021005480 0.000 170.7 122.5 310.9 390.1 80
2021005480 0.000 7.3 98.8 230.7 410.9 80
2021005480 0.000 213.6 6.7 496.7 413.7 80
2021005480 0.000 66.4 78.9 449.6 357.3 80
2021005480 0.000 0.3 24.0 146.7 403.7 80
2021005480 0.000 151.2 229.6 353.1 410.5 80
2021005480 0.000 145.9 19.3 363.0 403.1 80
2021005480 0.000 145.7 146.4 360.1 253.2 80
2021005480 0.000 0.3 76.3 368.7 409.1 80
2021005480 0.000 357.3 19.4 501.2 400.5 80
2021005480 0.000 36.1 282.2 299.0 415.0 80
2021005480 0.000 20.2 162.0 342.6 405.8 80
2021005480 0.000 5.1 309.4 130.5 415.2 80
2021005480 0.000 272.8 95.8 492.5 414.0 80
2021005480 0.000 11.6 203.0 185.4 405.8 80
2021005480 0.000 304.0 199.2 483.0 405.4 80
2021005480 0.000 163.3 5.5 433.1 137.4 80
2021005480 0.000 158.0 75.9 495.8 412.7 80
2021005480 0.000 1.6 252.1 497.3 416.2 80
2021005480 0.000 2.1 1.4 414.0 413.9 80
2021005480 0.000 216.4 286.2 479.4 415.0 80
2021005480 0.000 153.3 168.0 468.7 406.2 80
2021005480 0.000 83.6 1.2 496.7 413.5 80
2021005480 0.000 362.0 274.5 494.2 409.4 80
2021005480 0.000 126.9 112.7 369.6 326.6 80
2021005480 0.000 56.2 156.9 413.5 301.9 80
2021005480 0.000 21.2 48.1 478.5 410.0 80
2021005480 0.000 43.7 66.7 117.9 151.2 80
2021005480 0.000 0.4 111.1 499.1 407.1 80
2021005480 0.000 9.8 102.9 492.5 302.8 80
2021005480 0.000 0.8 0.1 499.7 414.8 80
2021005480 0.000 1.3 18.8 499.1 344.2 80
2021005480 0.000 247.6 230.0 306.5 301.8 80
2021005480 0.000 219.4 219.8 278.8 292.3 80
2021005480 0.000 424.2 6.7 498.9 95.1 80
2021005480 0.000 9.8 102.9 492.5 302.8 0
2021005480 0.000 0.8 0.1 499.7 414.8 7
2021005480 0.000 7.3 98.8 230.7 410.9 14
2021005480 0.000 256.2 46.5 430.9 343.7 14
2021005480 0.000 0.8 0.1 499.7 414.8 14
2021005480 0.000 213.6 6.7 496.7 413.7 14
2021005480 0.000 272.8 95.8 492.5 414.0 14
2021005480 0.000 98.6 55.5 247.5 349.5 14
2021005480 0.000 145.9 19.3 363.0 403.1 14
2021005480 0.000 0.8 0.1 499.7 414.8 17
