2021007994 0.748 211.1 113.8 321.3 268.2 14
2021007994 0.734 397.5 145.8 441.4 269.3 14
2021007994 0.725 344.6 145.2 408.2 296.3 14
2021007994 0.704 222.0 125.2 318.6 252.9 80
2021007994 0.685 351.6 153.2 405.3 281.4 80
2021007994 0.679 86.4 144.1 120.9 270.0 14
2021007994 0.678 346.5 146.4 404.3 254.2 80
2021007994 0.670 346.2 141.2 406.3 289.8 80
2021007994 0.668 456.3 143.9 496.3 263.9 80
2021007994 0.667 465.6 339.2 499.7 374.9 80
2021007994 0.663 87.5 144.9 119.3 245.3 80
2021007994 0.660 207.8 129.2 296.0 266.5 80
2021007994 0.654 387.1 156.1 425.0 246.3 80
2021007994 0.649 454.2 145.4 496.1 266.3 80
2021007994 0.646 220.6 121.9 295.0 218.4 80
2021007994 0.643 278.0 132.0 311.0 204.4 80
2021007994 0.640 453.3 138.1 499.1 269.8 14
2021007994 0.636 202.2 133.4 234.0 194.8 80
2021007994 0.633 85.1 150.6 120.5 264.4 80
2021007994 0.631 397.9 144.6 440.0 263.9 80
2021007994 0.624 485.2 145.9 500.6 266.7 80
2021007994 0.621 239.5 123.6 296.2 175.9 80
2021007994 0.618 138.5 140.4 351.5 259.0 80
2021007994 0.617 18.7 137.3 241.6 239.9 80
2021007994 0.607 84.2 149.2 116.4 256.4 80
2021007994 0.607 204.6 156.5 301.4 263.4 80
2021007994 0.607 170.3 170.7 314.8 234.4 80
2021007994 0.604 205.0 133.7 318.8 261.2 80
2021007994 0.596 149.8 136.8 325.4 263.9 80
2021007994 0.595 181.1 117.6 456.3 276.3 80
2021007994 0.582 479.2 160.6 501.9 304.8 80
2021007994 0.582 329.2 217.9 397.9 284.4 80
2021007994 0.580 28.7 132.3 343.0 255.4 80
2021007994 0.576 328.3 220.0 396.8 291.2 80
2021007994 0.567 459.7 163.2 489.4 212.2 80
2021007994 0.546 199.8 139.0 212.8 159.9 80
2021007994 0.545 203.0 134.1 232.0 207.2 80
2021007994 0.541 256.7 127.4 314.8 206.2 80
2021007994 0.538 206.1 133.3 262.7 234.6 80
2021007994 0.534 490.4 168.7 500.4 255.1 80
2021007994 0.529 494.3 157.1 500.2 214.1 80
2021007994 0.528 210.1 131.0 235.6 161.8 80
2021007994 0.483 472.1 145.2 502.8 249.6 80
2021007994 0.452 211.6 147.2 263.2 268.3 14
2021007994 0.443 27.3 112.2 453.6 269.5 80
2021007994 0.420 202.6 128.6 235.5 169.0 14
2021007994 0.396 201.3 129.0 236.1 166.9 80
2021007994 0.369 195.7 130.8 244.1 212.5 14
2021007994 0.361 313.0 172.3 330.4 205.7 80
2021007994 0.314 379.3 199.8 404.1 232.1 80
2021007994 0.311 1.2 96.6 3.1 157.9 80
2021007994 0.305 195.7 130.8 244.1 212.5 80
2021007994 0.298 201.3 129.0 236.1 166.9 14
2021007994 0.249 202.6 128.6 235.5 169.0 80
2021007994 0.245 0.8 123.1 2.9 237.5 80
2021007994 0.239 211.6 147.2 263.2 268.3 80
2021007994 0.232 343.4 192.2 424.8 270.7 80
2021007994 0.221 184.4 209.9 206.7 235.0 80
2021007994 0.216 0.5 3.1 4.4 82.1 80
2021007994 0.213 0.2 188.1 4.4 341.9 80
2021007994 0.206 0.6 71.9 6.9 188.0 80
2021007994 0.200 0.4 66.1 8.2 330.1 80
2021007994 0.192 26.9 180.4 97.3 207.0 80
2021007994 0.182 444.4 179.1 483.5 264.5 80
2021007994 0.168 -3.6 326.3 27.7 381.5 80
2021007994 0.163 178.4 363.5 332.2 377.2 80
2021007994 0.159 -1.7 165.5 34.3 388.4 80
2021007994 0.146 60.1 294.4 211.0 378.5 80
2021007994 0.146 -1.3 160.9 70.8 335.1 80
2021007994 0.144 112.0 209.5 143.3 238.0 80
2021007994 0.144 341.5 360.0 452.3 378.4 80
2021007994 0.142 145.9 301.2 278.3 374.5 80
2021007994 0.136 118.6 239.5 158.7 279.2 80
2021007994 0.135 215.2 319.7 329.9 372.7 80
2021007994 0.134 172.9 353.6 305.0 375.4 80
2021007994 0.133 256.7 127.4 314.8 206.2 14
2021007994 0.132 134.7 217.9 373.1 349.6 80
2021007994 0.132 52.3 194.9 175.5 267.2 80
2021007994 0.131 18.7 339.0 98.0 372.3 80
2021007994 0.130 50.5 358.7 152.5 377.7 80
2021007994 0.130 9.1 193.2 191.0 346.0 80
2021007994 0.130 59.2 205.2 287.4 337.6 80
2021007994 0.129 267.3 352.3 373.3 376.4 80
2021007994 0.129 417.4 195.2 451.5 237.8 80
2021007994 0.128 147.2 238.3 211.8 285.1 80
2021007994 0.127 406.9 343.7 493.5 373.6 80
2021007994 0.126 2.6 202.3 51.1 277.0 80
2021007994 0.124 118.9 353.3 220.7 377.1 80
2021007994 0.124 205.7 217.3 417.1 313.9 80
2021007994 0.123 453.3 138.1 499.1 269.8 80
2021007994 0.122 -0.5 89.4 42.8 157.0 80
2021007994 0.119 285.4 204.1 424.4 267.0 80
2021007994 0.119 93.9 211.1 210.8 264.0 80
2021007994 0.110 16.3 114.6 152.8 176.8 80
2021007994 0.106 108.2 1.8 547.5 55.5 80
2021007994 0.097 -182.6 -1.9 316.3 20.5 80
2021007994 0.096 -38.8 -2.8 99.3 21.8 80
2021007994 0.096 210.1 131.0 235.6 161.8 14
2021007994 0.093 124.7 -1.7 623.7 23.7 80
2021007994 0.092 156.5 -1.2 655.3 23.9 80
2021007994 0.748 211.1 113.8 321.3 268.2 14
2021007994 0.734 397.5 145.8 441.4 269.3 14
2021007994 0.725 344.6 145.2 408.2 296.3 14
2021007994 0.704 222.0 125.2 318.6 252.9 80
2021007994 0.685 351.6 153.2 405.3 281.4 80
2021007994 0.679 86.4 144.1 120.9 270.0 14
2021007994 0.678 346.5 146.4 404.3 254.2 80
2021007994 0.670 346.2 141.2 406.3 289.8 80
2021007994 0.668 456.3 143.9 496.3 263.9 80
2021007994 0.667 465.6 339.2 499.7 374.9 80
2021007994 0.663 87.5 144.9 119.3 245.3 80
2021007994 0.660 207.8 129.2 296.0 266.5 80
2021007994 0.654 387.1 156.1 425.0 246.3 80
2021007994 0.649 454.2 145.4 496.1 266.3 80
2021007994 0.646 220.6 121.9 295.0 218.4 80
2021007994 0.643 278.0 132.0 311.0 204.4 80
2021007994 0.640 453.3 138.1 499.1 269.8 14
2021007994 0.636 202.2 133.4 234.0 194.8 80
2021007994 0.633 85.1 150.6 120.5 264.4 80
2021007994 0.631 397.9 144.6 440.0 263.9 80
2021007994 0.624 485.2 145.9 500.6 266.7 80
2021007994 0.621 239.5 123.6 296.2 175.9 80
2021007994 0.618 138.5 140.4 351.5 259.0 80
2021007994 0.617 18.7 137.3 241.6 239.9 80
2021007994 0.607 84.2 149.2 116.4 256.4 80
2021007994 0.607 204.6 156.5 301.4 263.4 80
2021007994 0.607 170.3 170.7 314.8 234.4 80
2021007994 0.604 205.0 133.7 318.8 261.2 80
2021007994 0.596 149.8 136.8 325.4 263.9 80
2021007994 0.595 181.1 117.6 456.3 276.3 80
2021007994 0.582 479.2 160.6 501.9 304.8 80
2021007994 0.582 329.2 217.9 397.9 284.4 80
2021007994 0.580 28.7 132.3 343.0 255.4 80
2021007994 0.576 328.3 220.0 396.8 291.2 80
2021007994 0.567 459.7 163.2 489.4 212.2 80
2021007994 0.546 199.8 139.0 212.8 159.9 80
2021007994 0.545 203.0 134.1 232.0 207.2 80
2021007994 0.541 256.7 127.4 314.8 206.2 80
2021007994 0.538 206.1 133.3 262.7 234.6 80
2021007994 0.534 490.4 168.7 500.4 255.1 80
2021007994 0.529 494.3 157.1 500.2 214.1 80
2021007994 0.528 210.1 131.0 235.6 161.8 80
2021007994 0.483 472.1 145.2 502.8 249.6 80
2021007994 0.452 211.6 147.2 263.2 268.3 14
2021007994 0.443 27.3 112.2 453.6 269.5 80
2021007994 0.420 202.6 128.6 235.5 169.0 14
2021007994 0.396 201.3 129.0 236.1 166.9 80
2021007994 0.369 195.7 130.8 244.1 212.5 14
2021007994 0.361 313.0 172.3 330.4 205.7 80
2021007994 0.314 379.3 199.8 404.1 232.1 80
2021007994 0.311 1.2 96.6 3.1 157.9 80
2021007994 0.305 195.7 130.8 244.1 212.5 80
2021007994 0.298 201.3 129.0 236.1 166.9 14
2021007994 0.249 202.6 128.6 235.5 169.0 80
2021007994 0.245 0.8 123.1 2.9 237.5 80
2021007994 0.239 211.6 147.2 263.2 268.3 80
2021007994 0.232 343.4 192.2 424.8 270.7 80
2021007994 0.221 184.4 209.9 206.7 235.0 80
2021007994 0.216 0.5 3.1 4.4 82.1 80
2021007994 0.213 0.2 188.1 4.4 341.9 80
2021007994 0.206 0.6 71.9 6.9 188.0 80
2021007994 0.200 0.4 66.1 8.2 330.1 80
2021007994 0.192 26.9 180.4 97.3 207.0 80
2021007994 0.182 444.4 179.1 483.5 264.5 80
2021007994 0.168 -3.6 326.3 27.7 381.5 80
2021007994 0.163 178.4 363.5 332.2 377.2 80
2021007994 0.159 -1.7 165.5 34.3 388.4 80
2021007994 0.146 60.1 294.4 211.0 378.5 80
2021007994 0.146 -1.3 160.9 70.8 335.1 80
2021007994 0.144 112.0 209.5 143.3 238.0 80
2021007994 0.144 341.5 360.0 452.3 378.4 80
2021007994 0.142 145.9 301.2 278.3 374.5 80
2021007994 0.136 118.6 239.5 158.7 279.2 80
2021007994 0.135 215.2 319.7 329.9 372.7 80
2021007994 0.134 172.9 353.6 305.0 375.4 80
2021007994 0.133 256.7 127.4 314.8 206.2 14
2021007994 0.132 134.7 217.9 373.1 349.6 80
2021007994 0.132 52.3 194.9 175.5 267.2 80
2021007994 0.131 18.7 339.0 98.0 372.3 80
2021007994 0.130 50.5 358.7 152.5 377.7 80
2021007994 0.130 9.1 193.2 191.0 346.0 80
2021007994 0.130 59.2 205.2 287.4 337.6 80
2021007994 0.129 267.3 352.3 373.3 376.4 80
2021007994 0.129 417.4 195.2 451.5 237.8 80
2021007994 0.128 147.2 238.3 211.8 285.1 80
2021007994 0.127 406.9 343.7 493.5 373.6 80
2021007994 0.126 2.6 202.3 51.1 277.0 80
2021007994 0.124 118.9 353.3 220.7 377.1 80
2021007994 0.124 205.7 217.3 417.1 313.9 80
2021007994 0.123 453.3 138.1 499.1 269.8 80
2021007994 0.122 -0.5 89.4 42.8 157.0 80
2021007994 0.119 285.4 204.1 424.4 267.0 80
2021007994 0.119 93.9 211.1 210.8 264.0 80
2021007994 0.110 16.3 114.6 152.8 176.8 80
2021007994 0.106 108.2 1.8 547.5 55.5 80
2021007994 0.097 -182.6 -1.9 316.3 20.5 80
2021007994 0.096 -38.8 -2.8 99.3 21.8 80
2021007994 0.096 210.1 131.0 235.6 161.8 14
2021007994 0.093 124.7 -1.7 623.7 23.7 80
2021007994 0.092 156.5 -1.2 655.3 23.9 80
2021007994 0.000 242.0 73.2 372.7 227.7 80
2021007994 0.000 0.9 43.1 103.5 247.8 80
2021007994 0.000 143.7 135.9 210.3 202.4 80
2021007994 0.000 211.4 111.8 275.3 178.0 80
2021007994 0.000 371.0 109.2 486.3 268.7 80
2021007994 0.000 255.8 137.9 317.1 204.5 80
2021007994 0.000 156.6 31.4 304.0 211.6 80
2021007994 0.000 45.5 217.8 107.4 288.9 80
2021007994 0.000 136.3 82.3 207.6 151.5 80
2021007994 0.000 81.5 117.6 146.9 186.5 80
2021007994 0.000 197.9 51.8 272.4 119.8 80
2021007994 0.000 453.6 128.4 499.6 211.2 80
2021007994 0.000 387.8 97.3 461.7 164.2 80
2021007994 0.000 348.6 145.3 411.0 211.1 80
2021007994 0.000 136.9 218.3 201.8 292.7 80
2021007994 0.000 19.5 26.1 206.5 194.8 80
2021007994 0.000 1.5 201.3 48.0 285.0 80
2021007994 0.000 297.9 170.7 359.9 236.2 80
2021007994 0.000 453.4 192.9 499.6 275.6 80
2021007994 0.000 356.3 197.7 415.7 265.7 80
2021007994 0.000 313.5 100.9 376.2 167.7 80
2021007994 0.000 323.9 8.3 496.6 191.8 80
2021007994 0.000 287.5 132.8 485.8 257.7 80
2021007994 0.000 205.6 160.1 267.3 225.4 80
2021007994 0.000 0.9 125.8 102.1 357.9 80
2021007994 0.000 33.3 127.4 166.8 276.8 80
2021007994 0.000 1.0 151.5 47.1 234.6 80
2021007994 0.000 89.9 187.8 149.8 253.9 80
2021007994 0.000 449.0 54.1 499.7 153.4 80
2021007994 0.000 117.9 161.9 233.2 316.5 80
2021007994 0.000 218.0 251.8 286.7 331.9 80
2021007994 0.000 149.3 172.2 210.8 237.6 80
2021007994 0.000 410.1 176.6 474.8 242.3 80
2021007994 0.000 27.0 155.1 94.9 220.9 80
2021007994 0.000 323.9 218.2 384.1 295.1 80
2021007994 0.000 202.7 116.7 319.1 275.9 80
2021007994 0.000 177.6 56.6 471.2 267.4 80
2021007994 0.000 252.3 124.0 366.8 347.9 80
2021007994 0.000 0.5 90.4 51.3 173.8 80
2021007994 0.000 0.7 22.0 51.8 106.0 80
2021007994 0.000 46.4 108.1 284.6 258.9 80
2021007994 0.000 101.1 50.5 245.1 317.1 80
2021007994 0.000 255.5 3.7 329.5 73.3 80
2021007994 0.000 322.9 47.5 406.2 116.3 80
2021007994 0.000 43.3 21.4 383.8 258.4 80
2021007994 0.000 0.6 249.6 58.3 369.8 80
2021007994 0.000 178.6 220.3 238.0 300.5 80
2021007994 0.000 442.7 245.1 499.6 368.5 80
2021007994 0.000 398.6 113.5 499.6 355.5 80
2021007994 0.000 10.6 10.6 491.5 199.6 80
2021007994 0.000 258.6 42.4 428.2 311.1 80
2021007994 0.000 90.0 16.9 408.1 364.6 80
2021007994 0.000 256.1 169.2 365.6 301.9 80
2021007994 0.000 -2.4 5.4 286.1 371.6 80
2021007994 0.000 8.1 89.0 229.6 370.1 80
2021007994 0.000 0.7 22.9 146.6 363.6 80
2021007994 0.000 213.1 6.1 497.0 372.7 80
2021007994 0.000 131.2 78.4 368.1 365.5 80
2021007994 0.000 156.2 201.7 351.1 369.4 80
2021007994 0.000 170.3 106.4 310.3 353.3 80
2021007994 0.000 153.4 21.0 355.4 360.9 80
2021007994 0.000 357.6 18.1 500.9 361.1 80
2021007994 0.000 68.8 68.1 447.4 321.4 80
2021007994 0.000 177.0 8.2 417.9 127.1 80
2021007994 0.000 43.6 254.9 289.5 373.6 80
2021007994 0.000 2.3 68.4 366.1 369.3 80
2021007994 0.000 5.1 279.1 130.5 374.3 80
2021007994 0.000 12.0 183.0 185.2 365.8 80
2021007994 0.000 305.3 180.1 482.3 365.0 80
2021007994 0.000 220.0 199.0 278.3 264.7 80
2021007994 0.000 24.3 146.3 338.1 364.6 80
2021007994 0.000 2.5 1.3 412.8 373.0 80
2021007994 0.000 150.8 131.3 355.6 228.6 80
2021007994 0.000 274.3 86.1 490.6 373.1 80
2021007994 0.000 3.0 228.5 496.0 374.4 80
2021007994 0.000 220.7 257.3 474.7 373.5 80
2021007994 0.000 84.5 1.1 496.2 372.9 80
2021007994 0.000 158.6 67.8 495.0 371.2 80
2021007994 0.000 157.9 150.5 463.3 364.9 80
2021007994 0.000 362.6 245.1 494.3 368.9 80
2021007994 0.000 44.4 60.6 117.3 136.8 80
2021007994 0.000 129.9 101.9 365.9 294.0 80
2021007994 0.000 22.3 43.4 477.5 366.6 80
2021007994 0.000 60.2 142.4 409.5 272.0 80
2021007994 0.000 0.4 100.8 499.0 366.5 80
2021007994 0.000 244.0 202.0 298.7 273.9 80
2021007994 0.000 12.6 94.7 489.8 271.8 80
2021007994 0.000 0.8 0.3 499.7 373.9 80
2021007994 0.000 1.3 18.3 498.9 309.8 80
2021007994 0.000 286.3 250.3 340.8 319.0 80
2021007994 0.000 424.2 6.2 498.9 85.7 80
2021007994 0.000 12.6 94.7 489.8 271.8 0
2021007994 0.000 0.8 0.3 499.7 373.9 7
2021007994 0.000 8.1 89.0 229.6 370.1 14
2021007994 0.000 258.6 42.4 428.2 311.1 14
2021007994 0.000 101.1 50.5 245.1 317.1 14
2021007994 0.000 170.3 106.4 310.3 353.3 14
2021007994 0.000 274.3 86.1 490.6 373.1 14
2021007994 0.000 153.4 21.0 355.4 360.9 14
2021007994 0.000 213.1 6.1 497.0 372.7 14
