2021000000357888 0.765 314.2 159.2 568.6 469.0 14
2021000000357888 0.699 340.3 173.2 424.0 251.4 80
2021000000357888 0.696 125.8 151.3 315.9 226.4 80
2021000000357888 0.695 508.0 367.7 563.7 467.2 80
2021000000357888 0.694 54.3 402.3 116.3 478.9 80
2021000000357888 0.692 144.4 180.8 267.3 408.0 80
2021000000357888 0.689 596.4 67.7 635.8 94.9 80
2021000000357888 0.688 589.7 322.1 631.2 384.3 80
2021000000357888 0.677 538.4 342.7 571.2 384.8 80
2021000000357888 0.672 545.7 83.9 582.2 111.9 80
2021000000357888 0.668 311.8 160.1 583.4 464.8 80
2021000000357888 0.667 549.2 393.4 639.3 469.6 80
2021000000357888 0.663 510.7 409.1 634.1 474.7 80
2021000000357888 0.652 173.0 405.9 197.9 438.2 80
2021000000357888 0.649 129.9 155.6 297.6 209.6 80
2021000000357888 0.642 139.2 178.4 267.8 368.5 80
2021000000357888 0.640 535.7 344.9 557.6 392.0 80
2021000000357888 0.637 299.5 151.6 582.7 465.6 80
2021000000357888 0.635 336.9 191.9 377.1 241.7 80
2021000000357888 0.632 346.8 195.7 380.3 232.8 80
2021000000357888 0.628 155.7 206.4 268.3 370.1 80
2021000000357888 0.626 324.3 164.8 558.6 448.4 80
2021000000357888 0.626 541.4 86.4 585.1 115.1 80
2021000000357888 0.606 550.7 446.0 641.2 479.1 80
2021000000357888 0.605 359.0 183.7 454.8 255.6 80
2021000000357888 0.602 168.6 384.7 196.2 435.5 80
2021000000357888 0.594 402.3 429.8 637.1 478.5 80
2021000000357888 0.591 209.3 444.4 478.6 481.1 80
2021000000357888 0.589 623.1 239.8 635.4 284.7 80
2021000000357888 0.586 633.1 306.7 639.9 405.4 80
2021000000357888 0.581 210.2 403.6 238.7 431.4 80
2021000000357888 0.579 306.3 429.7 583.0 479.7 80
2021000000357888 0.565 626.1 231.1 637.8 282.0 80
2021000000357888 0.559 53.6 406.1 94.0 480.8 80
2021000000357888 0.534 177.2 447.3 585.9 478.0 80
2021000000357888 0.532 253.4 376.2 272.8 413.6 80
2021000000357888 0.521 33.6 157.3 56.7 212.2 80
2021000000357888 0.506 -4.4 456.6 62.5 480.8 80
2021000000357888 0.470 636.3 187.7 640.1 278.1 80
2021000000357888 0.466 198.4 400.3 223.5 432.9 80
2021000000357888 0.454 252.3 401.1 274.6 427.2 80
2021000000357888 0.450 359.6 435.9 613.4 483.6 80
2021000000357888 0.442 627.1 90.9 639.3 461.9 80
2021000000357888 0.406 237.7 393.6 254.9 423.7 80
2021000000357888 0.348 1.2 334.7 6.8 462.9 80
2021000000357888 0.238 0.5 143.2 4.1 350.5 80
2021000000357888 0.224 -0.1 62.3 4.8 229.4 80
2021000000357888 0.198 -1.1 7.1 8.5 88.2 80
2021000000357888 0.197 146.0 227.1 330.2 369.9 80
2021000000357888 0.197 233.5 449.7 515.7 481.9 80
2021000000357888 0.195 160.0 272.0 233.3 387.1 80
2021000000357888 0.195 -0.6 89.4 14.8 453.4 80
2021000000357888 0.181 -1.9 122.8 16.8 332.8 80
2021000000357888 0.171 63.1 462.5 201.7 483.7 80
2021000000357888 0.171 0.6 83.6 28.8 441.7 80
2021000000357888 0.159 547.5 33.9 630.6 466.1 80
2021000000357888 0.158 167.0 285.8 260.3 362.2 80
2021000000357888 0.158 237.7 393.6 254.9 423.7 4
2021000000357888 0.153 395.1 345.1 489.5 436.4 80
2021000000357888 0.152 166.4 201.6 533.4 413.1 80
2021000000357888 0.151 422.1 286.8 502.0 347.7 80
2021000000357888 0.147 287.2 227.2 621.9 436.6 80
2021000000357888 0.145 129.3 187.3 324.2 374.1 80
2021000000357888 0.144 38.2 361.1 213.5 475.9 80
2021000000357888 0.142 183.5 378.2 495.2 472.0 80
2021000000357888 0.137 252.3 401.1 274.6 427.2 2
2021000000357888 0.137 246.2 286.3 582.4 457.0 80
2021000000357888 0.133 484.6 289.2 538.3 339.2 80
2021000000357888 0.132 626.1 231.1 637.8 282.0 4
2021000000357888 0.132 210.9 238.3 488.6 372.9 80
2021000000357888 0.131 4.4 174.3 117.1 457.3 80
2021000000357888 0.130 243.7 298.2 324.2 352.9 80
2021000000357888 0.130 216.5 241.7 292.9 291.4 80
2021000000357888 0.129 226.9 208.4 550.6 394.0 80
2021000000357888 0.128 375.7 278.5 501.0 393.5 80
2021000000357888 0.128 198.5 286.6 420.7 442.6 80
2021000000357888 0.128 409.1 318.1 509.3 394.4 80
2021000000357888 0.125 29.6 180.3 244.3 404.3 80
2021000000357888 0.124 156.5 154.8 496.9 347.0 80
2021000000357888 0.118 26.6 193.7 103.9 268.9 80
2021000000357888 0.118 68.0 158.1 258.6 371.2 80
2021000000357888 0.117 59.6 313.6 117.8 387.0 80
2021000000357888 0.115 52.6 221.8 223.2 305.9 80
2021000000357888 0.113 218.6 198.2 441.0 293.0 80
2021000000357888 0.111 260.7 290.6 393.9 364.6 80
2021000000357888 0.110 7.3 86.1 338.3 165.9 80
2021000000357888 0.110 197.8 70.1 552.0 161.8 80
2021000000357888 0.109 139.2 178.4 267.8 368.5 15
2021000000357888 0.109 307.5 50.1 720.9 135.7 80
2021000000357888 0.108 503.4 133.6 677.8 275.8 80
2021000000357888 0.106 -173.2 13.9 416.2 61.6 80
2021000000357888 0.106 -57.6 1.5 573.9 49.6 80
2021000000357888 0.103 1.7 2.1 639.2 38.0 80
2021000000357888 0.101 286.1 9.6 924.4 39.7 80
2021000000357888 0.100 93.7 -0.8 732.6 35.2 80
2021000000357888 0.098 155.7 206.4 268.3 370.1 15
2021000000357888 0.094 -172.4 -3.8 252.6 30.3 80
2021000000357888 0.094 198.4 400.3 223.5 432.9 2
2021000000357888 0.093 -237.7 1.4 400.1 32.1 80
2021000000357888 0.093 -179.1 -1.1 459.2 30.2 80
2021000000357888 0.765 314.2 159.2 568.6 469.0 14
2021000000357888 0.699 340.3 173.2 424.0 251.4 80
2021000000357888 0.696 125.8 151.3 315.9 226.4 80
2021000000357888 0.695 508.0 367.7 563.7 467.2 80
2021000000357888 0.694 54.3 402.3 116.3 478.9 80
2021000000357888 0.692 144.4 180.8 267.3 408.0 80
2021000000357888 0.689 596.4 67.7 635.8 94.9 80
2021000000357888 0.688 589.7 322.1 631.2 384.3 80
2021000000357888 0.677 538.4 342.7 571.2 384.8 80
2021000000357888 0.672 545.7 83.9 582.2 111.9 80
2021000000357888 0.668 311.8 160.1 583.4 464.8 80
2021000000357888 0.667 549.2 393.4 639.3 469.6 80
2021000000357888 0.663 510.7 409.1 634.1 474.7 80
2021000000357888 0.652 173.0 405.9 197.9 438.2 80
2021000000357888 0.649 129.9 155.6 297.6 209.6 80
2021000000357888 0.642 139.2 178.4 267.8 368.5 80
2021000000357888 0.640 535.7 344.9 557.6 392.0 80
2021000000357888 0.637 299.5 151.6 582.7 465.6 80
2021000000357888 0.635 336.9 191.9 377.1 241.7 80
2021000000357888 0.632 346.8 195.7 380.3 232.8 80
2021000000357888 0.628 155.7 206.4 268.3 370.1 80
2021000000357888 0.626 324.3 164.8 558.6 448.4 80
2021000000357888 0.626 541.4 86.4 585.1 115.1 80
2021000000357888 0.606 550.7 446.0 641.2 479.1 80
2021000000357888 0.605 359.0 183.7 454.8 255.6 80
2021000000357888 0.602 168.6 384.7 196.2 435.5 80
2021000000357888 0.594 402.3 429.8 637.1 478.5 80
2021000000357888 0.591 209.3 444.4 478.6 481.1 80
2021000000357888 0.589 623.1 239.8 635.4 284.7 80
2021000000357888 0.586 633.1 306.7 639.9 405.4 80
2021000000357888 0.581 210.2 403.6 238.7 431.4 80
2021000000357888 0.579 306.3 429.7 583.0 479.7 80
2021000000357888 0.565 626.1 231.1 637.8 282.0 80
2021000000357888 0.559 53.6 406.1 94.0 480.8 80
2021000000357888 0.534 177.2 447.3 585.9 478.0 80
2021000000357888 0.532 253.4 376.2 272.8 413.6 80
2021000000357888 0.521 33.6 157.3 56.7 212.2 80
2021000000357888 0.506 -4.4 456.6 62.5 480.8 80
2021000000357888 0.470 636.3 187.7 640.1 278.1 80
2021000000357888 0.466 198.4 400.3 223.5 432.9 80
2021000000357888 0.454 252.3 401.1 274.6 427.2 80
2021000000357888 0.450 359.6 435.9 613.4 483.6 80
2021000000357888 0.442 627.1 90.9 639.3 461.9 80
2021000000357888 0.406 237.7 393.6 254.9 423.7 80
2021000000357888 0.348 1.2 334.7 6.8 462.9 80
2021000000357888 0.238 0.5 143.2 4.1 350.5 80
2021000000357888 0.224 -0.1 62.3 4.8 229.4 80
2021000000357888 0.198 -1.1 7.1 8.5 88.2 80
2021000000357888 0.197 146.0 227.1 330.2 369.9 80
2021000000357888 0.197 233.5 449.7 515.7 481.9 80
2021000000357888 0.195 160.0 272.0 233.3 387.1 80
2021000000357888 0.195 -0.6 89.4 14.8 453.4 80
2021000000357888 0.181 -1.9 122.8 16.8 332.8 80
2021000000357888 0.171 63.1 462.5 201.7 483.7 80
2021000000357888 0.171 0.6 83.6 28.8 441.7 80
2021000000357888 0.159 547.5 33.9 630.6 466.1 80
2021000000357888 0.158 167.0 285.8 260.3 362.2 80
2021000000357888 0.158 237.7 393.6 254.9 423.7 4
2021000000357888 0.153 395.1 345.1 489.5 436.4 80
2021000000357888 0.152 166.4 201.6 533.4 413.1 80
2021000000357888 0.151 422.1 286.8 502.0 347.7 80
2021000000357888 0.147 287.2 227.2 621.9 436.6 80
2021000000357888 0.145 129.3 187.3 324.2 374.1 80
2021000000357888 0.144 38.2 361.1 213.5 475.9 80
2021000000357888 0.142 183.5 378.2 495.2 472.0 80
2021000000357888 0.137 252.3 401.1 274.6 427.2 2
2021000000357888 0.137 246.2 286.3 582.4 457.0 80
2021000000357888 0.133 484.6 289.2 538.3 339.2 80
2021000000357888 0.132 626.1 231.1 637.8 282.0 4
2021000000357888 0.132 210.9 238.3 488.6 372.9 80
2021000000357888 0.131 4.4 174.3 117.1 457.3 80
2021000000357888 0.130 243.7 298.2 324.2 352.9 80
2021000000357888 0.130 216.5 241.7 292.9 291.4 80
2021000000357888 0.129 226.9 208.4 550.6 394.0 80
2021000000357888 0.128 375.7 278.5 501.0 393.5 80
2021000000357888 0.128 198.5 286.6 420.7 442.6 80
2021000000357888 0.128 409.1 318.1 509.3 394.4 80
2021000000357888 0.125 29.6 180.3 244.3 404.3 80
2021000000357888 0.124 156.5 154.8 496.9 347.0 80
2021000000357888 0.118 26.6 193.7 103.9 268.9 80
2021000000357888 0.118 68.0 158.1 258.6 371.2 80
2021000000357888 0.117 59.6 313.6 117.8 387.0 80
2021000000357888 0.115 52.6 221.8 223.2 305.9 80
2021000000357888 0.113 218.6 198.2 441.0 293.0 80
2021000000357888 0.111 260.7 290.6 393.9 364.6 80
2021000000357888 0.110 7.3 86.1 338.3 165.9 80
2021000000357888 0.110 197.8 70.1 552.0 161.8 80
2021000000357888 0.109 139.2 178.4 267.8 368.5 15
2021000000357888 0.109 307.5 50.1 720.9 135.7 80
2021000000357888 0.108 503.4 133.6 677.8 275.8 80
2021000000357888 0.106 -173.2 13.9 416.2 61.6 80
2021000000357888 0.106 -57.6 1.5 573.9 49.6 80
2021000000357888 0.103 1.7 2.1 639.2 38.0 80
2021000000357888 0.101 286.1 9.6 924.4 39.7 80
2021000000357888 0.100 93.7 -0.8 732.6 35.2 80
2021000000357888 0.098 155.7 206.4 268.3 370.1 15
2021000000357888 0.094 -172.4 -3.8 252.6 30.3 80
2021000000357888 0.094 198.4 400.3 223.5 432.9 2
2021000000357888 0.093 -237.7 1.4 400.1 32.1 80
2021000000357888 0.093 -179.1 -1.1 459.2 30.2 80
2021000000357888 0.765 314.2 159.2 568.6 469.0 14
2021000000357888 0.699 340.3 173.2 424.0 251.4 80
2021000000357888 0.696 125.8 151.3 315.9 226.4 80
2021000000357888 0.695 508.0 367.7 563.7 467.2 80
2021000000357888 0.694 54.3 402.3 116.3 478.9 80
2021000000357888 0.692 144.4 180.8 267.3 408.0 80
2021000000357888 0.689 596.4 67.7 635.8 94.9 80
2021000000357888 0.688 589.7 322.1 631.2 384.3 80
2021000000357888 0.677 538.4 342.7 571.2 384.8 80
2021000000357888 0.672 545.7 83.9 582.2 111.9 80
2021000000357888 0.668 311.8 160.1 583.4 464.8 80
2021000000357888 0.667 549.2 393.4 639.3 469.6 80
2021000000357888 0.663 510.7 409.1 634.1 474.7 80
2021000000357888 0.652 173.0 405.9 197.9 438.2 80
2021000000357888 0.649 129.9 155.6 297.6 209.6 80
2021000000357888 0.642 139.2 178.4 267.8 368.5 80
2021000000357888 0.640 535.7 344.9 557.6 392.0 80
2021000000357888 0.637 299.5 151.6 582.7 465.6 80
2021000000357888 0.635 336.9 191.9 377.1 241.7 80
2021000000357888 0.632 346.8 195.7 380.3 232.8 80
2021000000357888 0.628 155.7 206.4 268.3 370.1 80
2021000000357888 0.626 324.3 164.8 558.6 448.4 80
2021000000357888 0.626 541.4 86.4 585.1 115.1 80
2021000000357888 0.606 550.7 446.0 641.2 479.1 80
2021000000357888 0.605 359.0 183.7 454.8 255.6 80
2021000000357888 0.602 168.6 384.7 196.2 435.5 80
2021000000357888 0.594 402.3 429.8 637.1 478.5 80
2021000000357888 0.591 209.3 444.4 478.6 481.1 80
2021000000357888 0.589 623.1 239.8 635.4 284.7 80
2021000000357888 0.586 633.1 306.7 639.9 405.4 80
2021000000357888 0.581 210.2 403.6 238.7 431.4 80
2021000000357888 0.579 306.3 429.7 583.0 479.7 80
2021000000357888 0.565 626.1 231.1 637.8 282.0 80
2021000000357888 0.559 53.6 406.1 94.0 480.8 80
2021000000357888 0.534 177.2 447.3 585.9 478.0 80
2021000000357888 0.532 253.4 376.2 272.8 413.6 80
2021000000357888 0.521 33.6 157.3 56.7 212.2 80
2021000000357888 0.506 -4.4 456.6 62.5 480.8 80
2021000000357888 0.470 636.3 187.7 640.1 278.1 80
2021000000357888 0.466 198.4 400.3 223.5 432.9 80
2021000000357888 0.454 252.3 401.1 274.6 427.2 80
2021000000357888 0.450 359.6 435.9 613.4 483.6 80
2021000000357888 0.442 627.1 90.9 639.3 461.9 80
2021000000357888 0.406 237.7 393.6 254.9 423.7 80
2021000000357888 0.348 1.2 334.7 6.8 462.9 80
2021000000357888 0.238 0.5 143.2 4.1 350.5 80
2021000000357888 0.224 -0.1 62.3 4.8 229.4 80
2021000000357888 0.198 -1.1 7.1 8.5 88.2 80
2021000000357888 0.197 146.0 227.1 330.2 369.9 80
2021000000357888 0.197 233.5 449.7 515.7 481.9 80
2021000000357888 0.195 160.0 272.0 233.3 387.1 80
2021000000357888 0.195 -0.6 89.4 14.8 453.4 80
2021000000357888 0.181 -1.9 122.8 16.8 332.8 80
2021000000357888 0.171 63.1 462.5 201.7 483.7 80
2021000000357888 0.171 0.6 83.6 28.8 441.7 80
2021000000357888 0.159 547.5 33.9 630.6 466.1 80
2021000000357888 0.158 167.0 285.8 260.3 362.2 80
2021000000357888 0.158 237.7 393.6 254.9 423.7 4
2021000000357888 0.153 395.1 345.1 489.5 436.4 80
2021000000357888 0.152 166.4 201.6 533.4 413.1 80
2021000000357888 0.151 422.1 286.8 502.0 347.7 80
2021000000357888 0.147 287.2 227.2 621.9 436.6 80
2021000000357888 0.145 129.3 187.3 324.2 374.1 80
2021000000357888 0.144 38.2 361.1 213.5 475.9 80
2021000000357888 0.142 183.5 378.2 495.2 472.0 80
2021000000357888 0.137 252.3 401.1 274.6 427.2 2
2021000000357888 0.137 246.2 286.3 582.4 457.0 80
2021000000357888 0.133 484.6 289.2 538.3 339.2 80
2021000000357888 0.132 626.1 231.1 637.8 282.0 4
2021000000357888 0.132 210.9 238.3 488.6 372.9 80
2021000000357888 0.131 4.4 174.3 117.1 457.3 80
2021000000357888 0.130 243.7 298.2 324.2 352.9 80
2021000000357888 0.130 216.5 241.7 292.9 291.4 80
2021000000357888 0.129 226.9 208.4 550.6 394.0 80
2021000000357888 0.128 375.7 278.5 501.0 393.5 80
2021000000357888 0.128 198.5 286.6 420.7 442.6 80
2021000000357888 0.128 409.1 318.1 509.3 394.4 80
2021000000357888 0.125 29.6 180.3 244.3 404.3 80
2021000000357888 0.124 156.5 154.8 496.9 347.0 80
2021000000357888 0.118 26.6 193.7 103.9 268.9 80
2021000000357888 0.118 68.0 158.1 258.6 371.2 80
2021000000357888 0.117 59.6 313.6 117.8 387.0 80
2021000000357888 0.115 52.6 221.8 223.2 305.9 80
2021000000357888 0.113 218.6 198.2 441.0 293.0 80
2021000000357888 0.111 260.7 290.6 393.9 364.6 80
2021000000357888 0.110 7.3 86.1 338.3 165.9 80
2021000000357888 0.110 197.8 70.1 552.0 161.8 80
2021000000357888 0.109 139.2 178.4 267.8 368.5 15
2021000000357888 0.109 307.5 50.1 720.9 135.7 80
2021000000357888 0.108 503.4 133.6 677.8 275.8 80
2021000000357888 0.106 -173.2 13.9 416.2 61.6 80
2021000000357888 0.106 -57.6 1.5 573.9 49.6 80
2021000000357888 0.103 1.7 2.1 639.2 38.0 80
2021000000357888 0.101 286.1 9.6 924.4 39.7 80
2021000000357888 0.100 93.7 -0.8 732.6 35.2 80
2021000000357888 0.098 155.7 206.4 268.3 370.1 15
2021000000357888 0.094 -172.4 -3.8 252.6 30.3 80
2021000000357888 0.094 198.4 400.3 223.5 432.9 2
2021000000357888 0.093 -237.7 1.4 400.1 32.1 80
2021000000357888 0.093 -179.1 -1.1 459.2 30.2 80
2021000000357888 0.765 314.2 159.2 568.6 469.0 14
2021000000357888 0.699 340.3 173.2 424.0 251.4 80
2021000000357888 0.696 125.8 151.3 315.9 226.4 80
2021000000357888 0.695 508.0 367.7 563.7 467.2 80
2021000000357888 0.694 54.3 402.3 116.3 478.9 80
2021000000357888 0.692 144.4 180.8 267.3 408.0 80
2021000000357888 0.689 596.4 67.7 635.8 94.9 80
2021000000357888 0.688 589.7 322.1 631.2 384.3 80
2021000000357888 0.677 538.4 342.7 571.2 384.8 80
2021000000357888 0.672 545.7 83.9 582.2 111.9 80
2021000000357888 0.668 311.8 160.1 583.4 464.8 80
2021000000357888 0.667 549.2 393.4 639.3 469.6 80
2021000000357888 0.663 510.7 409.1 634.1 474.7 80
2021000000357888 0.652 173.0 405.9 197.9 438.2 80
2021000000357888 0.649 129.9 155.6 297.6 209.6 80
2021000000357888 0.642 139.2 178.4 267.8 368.5 80
2021000000357888 0.640 535.7 344.9 557.6 392.0 80
2021000000357888 0.637 299.5 151.6 582.7 465.6 80
2021000000357888 0.635 336.9 191.9 377.1 241.7 80
2021000000357888 0.632 346.8 195.7 380.3 232.8 80
2021000000357888 0.628 155.7 206.4 268.3 370.1 80
2021000000357888 0.626 324.3 164.8 558.6 448.4 80
2021000000357888 0.626 541.4 86.4 585.1 115.1 80
2021000000357888 0.606 550.7 446.0 641.2 479.1 80
2021000000357888 0.605 359.0 183.7 454.8 255.6 80
2021000000357888 0.602 168.6 384.7 196.2 435.5 80
2021000000357888 0.594 402.3 429.8 637.1 478.5 80
2021000000357888 0.591 209.3 444.4 478.6 481.1 80
2021000000357888 0.589 623.1 239.8 635.4 284.7 80
2021000000357888 0.586 633.1 306.7 639.9 405.4 80
2021000000357888 0.581 210.2 403.6 238.7 431.4 80
2021000000357888 0.579 306.3 429.7 583.0 479.7 80
2021000000357888 0.565 626.1 231.1 637.8 282.0 80
2021000000357888 0.559 53.6 406.1 94.0 480.8 80
2021000000357888 0.534 177.2 447.3 585.9 478.0 80
2021000000357888 0.532 253.4 376.2 272.8 413.6 80
2021000000357888 0.521 33.6 157.3 56.7 212.2 80
2021000000357888 0.506 -4.4 456.6 62.5 480.8 80
2021000000357888 0.470 636.3 187.7 640.1 278.1 80
2021000000357888 0.466 198.4 400.3 223.5 432.9 80
2021000000357888 0.454 252.3 401.1 274.6 427.2 80
2021000000357888 0.450 359.6 435.9 613.4 483.6 80
2021000000357888 0.442 627.1 90.9 639.3 461.9 80
2021000000357888 0.406 237.7 393.6 254.9 423.7 80
2021000000357888 0.348 1.2 334.7 6.8 462.9 80
2021000000357888 0.238 0.5 143.2 4.1 350.5 80
2021000000357888 0.224 -0.1 62.3 4.8 229.4 80
2021000000357888 0.198 -1.1 7.1 8.5 88.2 80
2021000000357888 0.197 146.0 227.1 330.2 369.9 80
2021000000357888 0.197 233.5 449.7 515.7 481.9 80
2021000000357888 0.195 160.0 272.0 233.3 387.1 80
2021000000357888 0.195 -0.6 89.4 14.8 453.4 80
2021000000357888 0.181 -1.9 122.8 16.8 332.8 80
2021000000357888 0.171 63.1 462.5 201.7 483.7 80
2021000000357888 0.171 0.6 83.6 28.8 441.7 80
2021000000357888 0.159 547.5 33.9 630.6 466.1 80
2021000000357888 0.158 167.0 285.8 260.3 362.2 80
2021000000357888 0.158 237.7 393.6 254.9 423.7 4
2021000000357888 0.153 395.1 345.1 489.5 436.4 80
2021000000357888 0.152 166.4 201.6 533.4 413.1 80
2021000000357888 0.151 422.1 286.8 502.0 347.7 80
2021000000357888 0.147 287.2 227.2 621.9 436.6 80
2021000000357888 0.145 129.3 187.3 324.2 374.1 80
2021000000357888 0.144 38.2 361.1 213.5 475.9 80
2021000000357888 0.142 183.5 378.2 495.2 472.0 80
2021000000357888 0.137 252.3 401.1 274.6 427.2 2
2021000000357888 0.137 246.2 286.3 582.4 457.0 80
2021000000357888 0.133 484.6 289.2 538.3 339.2 80
2021000000357888 0.132 626.1 231.1 637.8 282.0 4
2021000000357888 0.132 210.9 238.3 488.6 372.9 80
2021000000357888 0.131 4.4 174.3 117.1 457.3 80
2021000000357888 0.130 243.7 298.2 324.2 352.9 80
2021000000357888 0.130 216.5 241.7 292.9 291.4 80
2021000000357888 0.129 226.9 208.4 550.6 394.0 80
2021000000357888 0.128 375.7 278.5 501.0 393.5 80
2021000000357888 0.128 198.5 286.6 420.7 442.6 80
2021000000357888 0.128 409.1 318.1 509.3 394.4 80
2021000000357888 0.125 29.6 180.3 244.3 404.3 80
2021000000357888 0.124 156.5 154.8 496.9 347.0 80
2021000000357888 0.118 26.6 193.7 103.9 268.9 80
2021000000357888 0.118 68.0 158.1 258.6 371.2 80
2021000000357888 0.117 59.6 313.6 117.8 387.0 80
2021000000357888 0.115 52.6 221.8 223.2 305.9 80
2021000000357888 0.113 218.6 198.2 441.0 293.0 80
2021000000357888 0.111 260.7 290.6 393.9 364.6 80
2021000000357888 0.110 7.3 86.1 338.3 165.9 80
2021000000357888 0.110 197.8 70.1 552.0 161.8 80
2021000000357888 0.109 139.2 178.4 267.8 368.5 15
2021000000357888 0.109 307.5 50.1 720.9 135.7 80
2021000000357888 0.108 503.4 133.6 677.8 275.8 80
2021000000357888 0.106 -173.2 13.9 416.2 61.6 80
2021000000357888 0.106 -57.6 1.5 573.9 49.6 80
2021000000357888 0.103 1.7 2.1 639.2 38.0 80
2021000000357888 0.101 286.1 9.6 924.4 39.7 80
2021000000357888 0.100 93.7 -0.8 732.6 35.2 80
2021000000357888 0.098 155.7 206.4 268.3 370.1 15
2021000000357888 0.094 -172.4 -3.8 252.6 30.3 80
2021000000357888 0.094 198.4 400.3 223.5 432.9 2
2021000000357888 0.093 -237.7 1.4 400.1 32.1 80
2021000000357888 0.093 -179.1 -1.1 459.2 30.2 80
2021000000357888 0.000 309.5 93.5 477.1 291.4 80
2021000000357888 0.000 0.9 54.9 132.5 317.2 80
2021000000357888 0.000 183.6 173.7 269.1 259.1 80
2021000000357888 0.000 270.3 142.8 352.4 227.9 80
2021000000357888 0.000 474.6 139.5 622.4 344.0 80
2021000000357888 0.000 327.1 176.3 405.8 261.8 80
2021000000357888 0.000 200.2 40.0 389.1 270.9 80
2021000000357888 0.000 57.9 278.5 137.4 369.8 80
2021000000357888 0.000 174.2 105.0 265.7 193.9 80
2021000000357888 0.000 104.1 150.3 188.1 238.7 80
2021000000357888 0.000 253.0 66.1 348.6 153.4 80
2021000000357888 0.000 580.3 164.1 639.5 270.3 80
2021000000357888 0.000 496.1 124.2 591.0 210.2 80
2021000000357888 0.000 446.0 185.7 526.1 270.2 80
2021000000357888 0.000 174.9 279.1 258.3 374.7 80
2021000000357888 0.000 24.7 33.1 264.3 249.3 80
2021000000357888 0.000 1.6 257.4 61.5 364.8 80
2021000000357888 0.000 381.1 218.2 460.6 302.3 80
2021000000357888 0.000 580.1 246.6 639.5 352.7 80
2021000000357888 0.000 455.8 252.8 532.1 340.1 80
2021000000357888 0.000 401.0 128.9 481.6 214.7 80
2021000000357888 0.000 414.3 10.4 635.7 245.5 80
2021000000357888 0.000 367.7 169.8 621.8 329.9 80
2021000000357888 0.000 262.9 204.7 342.1 288.5 80
2021000000357888 0.000 0.8 160.8 130.7 458.1 80
2021000000357888 0.000 42.4 162.8 213.5 354.3 80
2021000000357888 0.000 1.0 193.6 60.2 300.2 80
2021000000357888 0.000 114.8 240.1 191.7 325.0 80
2021000000357888 0.000 574.5 68.9 639.7 196.4 80
2021000000357888 0.000 150.7 207.0 298.4 405.1 80
2021000000357888 0.000 278.8 322.1 366.9 424.9 80
2021000000357888 0.000 190.8 220.1 269.9 304.2 80
2021000000357888 0.000 524.6 225.8 607.8 310.2 80
2021000000357888 0.000 34.3 198.2 121.5 282.7 80
2021000000357888 0.000 414.3 279.0 491.7 377.7 80
2021000000357888 0.000 259.2 149.1 408.4 353.2 80
2021000000357888 0.000 227.0 72.1 603.2 342.2 80
2021000000357888 0.000 322.7 158.4 469.5 445.3 80
2021000000357888 0.000 0.3 115.4 65.7 222.4 80
2021000000357888 0.000 0.6 27.9 66.3 135.7 80
2021000000357888 0.000 59.2 138.1 364.3 331.4 80
2021000000357888 0.000 129.1 64.4 313.7 405.8 80
2021000000357888 0.000 326.8 4.4 421.7 93.9 80
2021000000357888 0.000 413.0 60.5 519.9 148.9 80
2021000000357888 0.000 55.1 27.1 491.3 330.7 80
2021000000357888 0.000 0.6 319.1 74.7 473.3 80
2021000000357888 0.000 228.3 281.8 304.6 384.6 80
2021000000357888 0.000 566.4 313.4 639.5 471.7 80
2021000000357888 0.000 510.0 145.0 639.5 455.1 80
2021000000357888 0.000 13.2 13.3 629.1 255.5 80
2021000000357888 0.000 330.7 54.0 548.1 398.2 80
2021000000357888 0.000 114.9 21.3 522.3 466.7 80
2021000000357888 0.000 327.6 216.2 468.0 386.5 80
2021000000357888 0.000 -3.3 6.7 366.2 475.7 80
2021000000357888 0.000 10.1 113.6 294.0 473.7 80
2021000000357888 0.000 0.6 29.0 187.7 465.4 80
2021000000357888 0.000 272.5 7.6 636.2 477.0 80
2021000000357888 0.000 167.6 100.1 471.2 467.9 80
2021000000357888 0.000 199.6 258.0 449.4 472.8 80
2021000000357888 0.000 217.7 135.9 397.2 452.2 80
2021000000357888 0.000 196.0 26.6 455.0 461.9 80
2021000000357888 0.000 457.4 22.9 641.1 462.3 80
2021000000357888 0.000 87.7 86.9 572.7 411.4 80
2021000000357888 0.000 226.3 10.3 534.9 162.7 80
2021000000357888 0.000 55.5 326.0 370.6 478.2 80
2021000000357888 0.000 2.7 87.3 468.6 472.6 80
2021000000357888 0.000 6.3 357.0 167.0 479.1 80
2021000000357888 0.000 15.1 234.0 237.0 468.2 80
2021000000357888 0.000 390.5 230.2 617.4 467.3 80
2021000000357888 0.000 281.3 254.4 356.3 338.8 80
2021000000357888 0.000 30.8 187.0 432.8 466.7 80
2021000000357888 0.000 2.9 1.4 528.4 477.4 80
2021000000357888 0.000 192.8 167.8 455.2 292.6 80
2021000000357888 0.000 350.8 109.9 628.0 477.5 80
2021000000357888 0.000 3.6 292.2 634.8 479.2 80
2021000000357888 0.000 282.2 329.1 607.6 478.1 80
2021000000357888 0.000 107.9 1.1 635.1 477.3 80
2021000000357888 0.000 202.7 86.5 633.6 475.1 80
2021000000357888 0.000 201.8 192.4 593.0 467.1 80
2021000000357888 0.000 463.8 313.5 632.7 472.2 80
2021000000357888 0.000 56.5 77.3 150.1 175.0 80
2021000000357888 0.000 166.0 130.1 468.3 376.3 80
2021000000357888 0.000 28.3 55.2 611.2 469.2 80
2021000000357888 0.000 76.8 181.9 524.2 348.1 80
2021000000357888 0.000 0.2 128.8 638.7 469.2 80
2021000000357888 0.000 312.1 258.2 382.3 350.5 80
2021000000357888 0.000 15.9 120.9 627.0 347.9 80
2021000000357888 0.000 0.8 0.1 639.6 478.6 80
2021000000357888 0.000 1.4 23.1 638.5 396.5 80
2021000000357888 0.000 366.2 320.1 436.2 408.4 80
2021000000357888 0.000 542.7 7.6 638.5 109.6 80
2021000000357888 0.000 15.9 120.9 627.0 347.9 0
2021000000357888 0.000 0.8 0.1 639.6 478.6 7
2021000000357888 0.000 10.1 113.6 294.0 473.7 14
2021000000357888 0.000 330.7 54.0 548.1 398.2 14
2021000000357888 0.000 129.1 64.4 313.7 405.8 14
2021000000357888 0.000 217.7 135.9 397.2 452.2 14
2021000000357888 0.000 350.8 109.9 628.0 477.5 14
2021000000357888 0.000 196.0 26.6 455.0 461.9 14
2021000000357888 0.000 272.5 7.6 636.2 477.0 14
2021000000357888 0.000 309.5 93.5 477.1 291.4 80
2021000000357888 0.000 0.9 54.9 132.5 317.2 80
2021000000357888 0.000 183.6 173.7 269.1 259.1 80
2021000000357888 0.000 270.3 142.8 352.4 227.9 80
2021000000357888 0.000 474.6 139.5 622.4 344.0 80
2021000000357888 0.000 327.1 176.3 405.8 261.8 80
2021000000357888 0.000 200.2 40.0 389.1 270.9 80
2021000000357888 0.000 57.9 278.5 137.4 369.8 80
2021000000357888 0.000 174.2 105.0 265.7 193.9 80
2021000000357888 0.000 104.1 150.3 188.1 238.7 80
2021000000357888 0.000 253.0 66.1 348.6 153.4 80
2021000000357888 0.000 580.3 164.1 639.5 270.3 80
2021000000357888 0.000 496.1 124.2 591.0 210.2 80
2021000000357888 0.000 446.0 185.7 526.1 270.2 80
2021000000357888 0.000 174.9 279.1 258.3 374.7 80
2021000000357888 0.000 24.7 33.1 264.3 249.3 80
2021000000357888 0.000 1.6 257.4 61.5 364.8 80
2021000000357888 0.000 381.1 218.2 460.6 302.3 80
2021000000357888 0.000 580.1 246.6 639.5 352.7 80
2021000000357888 0.000 455.8 252.8 532.1 340.1 80
2021000000357888 0.000 401.0 128.9 481.6 214.7 80
2021000000357888 0.000 414.3 10.4 635.7 245.5 80
2021000000357888 0.000 367.7 169.8 621.8 329.9 80
2021000000357888 0.000 262.9 204.7 342.1 288.5 80
2021000000357888 0.000 0.8 160.8 130.7 458.1 80
2021000000357888 0.000 42.4 162.8 213.5 354.3 80
2021000000357888 0.000 1.0 193.6 60.2 300.2 80
2021000000357888 0.000 114.8 240.1 191.7 325.0 80
2021000000357888 0.000 574.5 68.9 639.7 196.4 80
2021000000357888 0.000 150.7 207.0 298.4 405.1 80
2021000000357888 0.000 278.8 322.1 366.9 424.9 80
2021000000357888 0.000 190.8 220.1 269.9 304.2 80
2021000000357888 0.000 524.6 225.8 607.8 310.2 80
2021000000357888 0.000 34.3 198.2 121.5 282.7 80
2021000000357888 0.000 414.3 279.0 491.7 377.7 80
2021000000357888 0.000 259.2 149.1 408.4 353.2 80
2021000000357888 0.000 227.0 72.1 603.2 342.2 80
2021000000357888 0.000 322.7 158.4 469.5 445.3 80
2021000000357888 0.000 0.3 115.4 65.7 222.4 80
2021000000357888 0.000 0.6 27.9 66.3 135.7 80
2021000000357888 0.000 59.2 138.1 364.3 331.4 80
2021000000357888 0.000 129.1 64.4 313.7 405.8 80
2021000000357888 0.000 326.8 4.4 421.7 93.9 80
2021000000357888 0.000 413.0 60.5 519.9 148.9 80
2021000000357888 0.000 55.1 27.1 491.3 330.7 80
2021000000357888 0.000 0.6 319.1 74.7 473.3 80
2021000000357888 0.000 228.3 281.8 304.6 384.6 80
2021000000357888 0.000 566.4 313.4 639.5 471.7 80
2021000000357888 0.000 510.0 145.0 639.5 455.1 80
2021000000357888 0.000 13.2 13.3 629.1 255.5 80
2021000000357888 0.000 330.7 54.0 548.1 398.2 80
2021000000357888 0.000 114.9 21.3 522.3 466.7 80
2021000000357888 0.000 327.6 216.2 468.0 386.5 80
2021000000357888 0.000 -3.3 6.7 366.2 475.7 80
2021000000357888 0.000 10.1 113.6 294.0 473.7 80
2021000000357888 0.000 0.6 29.0 187.7 465.4 80
2021000000357888 0.000 272.5 7.6 636.2 477.0 80
2021000000357888 0.000 167.6 100.1 471.2 467.9 80
2021000000357888 0.000 199.6 258.0 449.4 472.8 80
2021000000357888 0.000 217.7 135.9 397.2 452.2 80
2021000000357888 0.000 196.0 26.6 455.0 461.9 80
2021000000357888 0.000 457.4 22.9 641.1 462.3 80
2021000000357888 0.000 87.7 86.9 572.7 411.4 80
2021000000357888 0.000 226.3 10.3 534.9 162.7 80
2021000000357888 0.000 55.5 326.0 370.6 478.2 80
2021000000357888 0.000 2.7 87.3 468.6 472.6 80
2021000000357888 0.000 6.3 357.0 167.0 479.1 80
2021000000357888 0.000 15.1 234.0 237.0 468.2 80
2021000000357888 0.000 390.5 230.2 617.4 467.3 80
2021000000357888 0.000 281.3 254.4 356.3 338.8 80
2021000000357888 0.000 30.8 187.0 432.8 466.7 80
2021000000357888 0.000 2.9 1.4 528.4 477.4 80
2021000000357888 0.000 192.8 167.8 455.2 292.6 80
2021000000357888 0.000 350.8 109.9 628.0 477.5 80
2021000000357888 0.000 3.6 292.2 634.8 479.2 80
2021000000357888 0.000 282.2 329.1 607.6 478.1 80
2021000000357888 0.000 107.9 1.1 635.1 477.3 80
2021000000357888 0.000 202.7 86.5 633.6 475.1 80
2021000000357888 0.000 201.8 192.4 593.0 467.1 80
2021000000357888 0.000 463.8 313.5 632.7 472.2 80
2021000000357888 0.000 56.5 77.3 150.1 175.0 80
2021000000357888 0.000 166.0 130.1 468.3 376.3 80
2021000000357888 0.000 28.3 55.2 611.2 469.2 80
2021000000357888 0.000 76.8 181.9 524.2 348.1 80
2021000000357888 0.000 0.2 128.8 638.7 469.2 80
2021000000357888 0.000 312.1 258.2 382.3 350.5 80
2021000000357888 0.000 15.9 120.9 627.0 347.9 80
2021000000357888 0.000 0.8 0.1 639.6 478.6 80
2021000000357888 0.000 1.4 23.1 638.5 396.5 80
2021000000357888 0.000 366.2 320.1 436.2 408.4 80
2021000000357888 0.000 542.7 7.6 638.5 109.6 80
2021000000357888 0.000 15.9 120.9 627.0 347.9 0
2021000000357888 0.000 0.8 0.1 639.6 478.6 7
2021000000357888 0.000 10.1 113.6 294.0 473.7 14
2021000000357888 0.000 330.7 54.0 548.1 398.2 14
2021000000357888 0.000 129.1 64.4 313.7 405.8 14
2021000000357888 0.000 217.7 135.9 397.2 452.2 14
2021000000357888 0.000 350.8 109.9 628.0 477.5 14
2021000000357888 0.000 196.0 26.6 455.0 461.9 14
2021000000357888 0.000 272.5 7.6 636.2 477.0 14
