2021003995 0.713 293.9 100.7 498.0 368.1 80
2021003995 0.713 143.2 93.4 498.1 370.4 80
2021003995 0.706 144.3 59.6 505.2 374.8 80
2021003995 0.698 321.1 113.9 494.1 228.3 80
2021003995 0.698 312.7 109.5 461.5 220.9 80
2021003995 0.690 310.9 77.7 494.5 231.1 80
2021003995 0.689 0.6 56.3 342.6 368.3 80
2021003995 0.684 310.7 104.0 463.3 226.5 80
2021003995 0.675 463.3 341.8 498.5 374.5 80
2021003995 0.669 7.8 60.2 411.8 363.9 80
2021003995 0.663 319.1 108.1 478.6 229.2 80
2021003995 0.653 0.8 61.4 499.6 286.3 80
2021003995 0.644 299.0 103.9 500.8 370.5 80
2021003995 0.638 8.4 60.3 357.9 352.7 80
2021003995 0.629 -0.0 52.7 499.0 373.3 80
2021003995 0.621 1.0 54.3 498.4 376.6 14
2021003995 0.583 4.7 63.6 308.6 346.1 80
2021003995 0.577 1.4 72.4 500.3 376.1 80
2021003995 0.527 316.3 106.9 489.2 229.8 14
2021003995 0.497 1.3 309.8 500.2 377.4 80
2021003995 0.496 0.9 101.5 6.1 195.4 80
2021003995 0.451 3.6 350.2 502.6 377.7 80
2021003995 0.448 363.5 57.9 481.5 376.8 80
2021003995 0.445 497.8 140.6 500.0 234.9 80
2021003995 0.417 498.3 201.1 500.1 330.8 80
2021003995 0.416 498.8 66.9 500.1 150.7 80
2021003995 0.407 0.6 43.5 12.1 278.0 80
2021003995 0.308 -1.4 18.3 30.0 357.9 80
2021003995 0.292 0.6 90.2 3.5 270.3 80
2021003995 0.269 316.3 106.9 489.2 229.8 80
2021003995 0.256 498.0 63.2 500.3 349.6 80
2021003995 0.248 0.3 35.3 10.2 342.7 80
2021003995 0.239 0.6 174.3 4.0 337.9 80
2021003995 0.237 0.7 4.7 3.9 103.3 80
2021003995 0.225 182.2 122.7 512.2 348.6 80
2021003995 0.213 497.8 69.3 501.0 226.0 80
2021003995 0.188 -3.0 292.2 22.7 389.5 80
2021003995 0.179 28.5 194.9 472.8 354.9 80
2021003995 0.175 329.8 362.9 469.5 377.8 80
2021003995 0.173 467.3 304.9 508.6 371.4 80
2021003995 0.169 -1.4 163.9 30.6 382.5 80
2021003995 0.164 9.8 110.4 76.8 314.9 80
2021003995 0.164 258.5 315.7 465.0 379.0 80
2021003995 0.159 -0.3 72.1 85.9 371.1 80
2021003995 0.158 -2.8 96.6 354.9 325.9 80
2021003995 0.157 311.2 174.1 511.8 356.5 80
2021003995 0.153 10.4 293.9 301.8 379.2 80
2021003995 0.152 157.9 322.2 392.5 375.4 80
2021003995 0.150 89.0 312.9 353.1 376.0 80
2021003995 0.150 2.4 93.9 400.8 313.6 80
2021003995 0.143 382.0 173.3 457.0 234.3 80
2021003995 0.141 24.6 158.5 392.4 331.5 80
2021003995 0.137 149.6 188.9 472.5 340.8 80
2021003995 0.137 370.5 197.0 426.1 244.6 80
2021003995 0.136 389.6 349.1 497.2 374.5 80
2021003995 0.136 104.9 222.4 214.0 296.5 80
2021003995 0.135 21.7 203.2 345.2 351.8 80
2021003995 0.135 40.2 358.2 177.8 377.9 80
2021003995 0.135 99.5 137.1 465.7 311.5 80
2021003995 0.134 -12.0 197.0 223.4 365.1 80
2021003995 0.134 79.5 185.4 424.8 335.6 80
2021003995 0.133 237.4 355.7 395.9 375.9 80
2021003995 0.133 42.0 129.4 425.4 308.7 80
2021003995 0.133 311.2 225.5 398.9 283.5 80
2021003995 0.130 -3.9 162.1 297.0 327.2 80
2021003995 0.129 14.7 336.5 100.5 373.5 80
2021003995 0.128 1.0 54.3 498.4 376.6 80
2021003995 0.127 128.3 216.0 231.1 280.2 80
2021003995 0.126 250.9 246.9 361.3 304.3 80
2021003995 0.126 147.1 232.0 275.3 303.4 80
2021003995 0.126 70.8 201.8 158.7 269.5 80
2021003995 0.125 -1.2 125.0 226.3 309.4 80
2021003995 0.125 103.9 355.4 242.8 376.7 80
2021003995 0.125 194.5 219.0 273.5 273.3 80
2021003995 0.124 228.1 226.8 321.3 283.0 80
2021003995 0.121 259.9 184.9 356.0 238.4 80
2021003995 0.119 100.4 145.8 216.1 204.5 80
2021003995 0.118 16.2 154.7 80.0 228.6 80
2021003995 0.118 201.4 150.5 319.8 208.7 80
2021003995 0.118 299.0 103.9 500.8 370.5 14
2021003995 0.117 131.0 138.6 282.0 199.0 80
2021003995 0.115 106.5 167.3 402.4 281.0 80
2021003995 0.114 -15.3 56.9 71.3 123.9 80
2021003995 0.110 359.6 67.8 574.4 166.1 80
2021003995 0.108 162.5 67.8 533.5 151.5 80
2021003995 0.108 -47.6 40.5 321.3 105.7 80
2021003995 0.106 -122.7 16.9 317.8 71.6 80
2021003995 0.106 238.6 118.3 652.3 226.1 80
2021003995 0.105 41.3 7.8 534.7 76.4 80
2021003995 0.100 0.9 0.7 499.8 32.9 80
2021003995 0.100 -46.9 -0.2 452.1 34.1 80
2021003995 0.098 74.2 -1.3 573.2 29.8 80
2021003995 0.095 -57.4 -3.4 118.5 22.6 80
2021003995 0.095 1.4 72.4 500.3 376.1 14
2021003995 0.094 -184.1 -0.4 314.7 23.4 80
2021003995 0.093 -138.8 -1.1 359.5 23.3 80
2021003995 0.092 -92.5 -0.5 406.3 24.7 80
2021003995 0.092 -38.4 -2.5 460.5 22.6 80
2021003995 0.092 124.3 -1.9 623.3 25.8 80
2021003995 0.091 21.4 -2.6 520.4 23.5 80
2021003995 0.713 293.9 100.7 498.0 368.1 80
2021003995 0.713 143.2 93.4 498.1 370.4 80
2021003995 0.706 144.3 59.6 505.2 374.8 80
2021003995 0.698 321.1 113.9 494.1 228.3 80
2021003995 0.698 312.7 109.5 461.5 220.9 80
2021003995 0.690 310.9 77.7 494.5 231.1 80
2021003995 0.689 0.6 56.3 342.6 368.3 80
2021003995 0.684 310.7 104.0 463.3 226.5 80
2021003995 0.675 463.3 341.8 498.5 374.5 80
2021003995 0.669 7.8 60.2 411.8 363.9 80
2021003995 0.663 319.1 108.1 478.6 229.2 80
2021003995 0.653 0.8 61.4 499.6 286.3 80
2021003995 0.644 299.0 103.9 500.8 370.5 80
2021003995 0.638 8.4 60.3 357.9 352.7 80
2021003995 0.629 -0.0 52.7 499.0 373.3 80
2021003995 0.621 1.0 54.3 498.4 376.6 14
2021003995 0.583 4.7 63.6 308.6 346.1 80
2021003995 0.577 1.4 72.4 500.3 376.1 80
2021003995 0.527 316.3 106.9 489.2 229.8 14
2021003995 0.497 1.3 309.8 500.2 377.4 80
2021003995 0.496 0.9 101.5 6.1 195.4 80
2021003995 0.451 3.6 350.2 502.6 377.7 80
2021003995 0.448 363.5 57.9 481.5 376.8 80
2021003995 0.445 497.8 140.6 500.0 234.9 80
2021003995 0.417 498.3 201.1 500.1 330.8 80
2021003995 0.416 498.8 66.9 500.1 150.7 80
2021003995 0.407 0.6 43.5 12.1 278.0 80
2021003995 0.308 -1.4 18.3 30.0 357.9 80
2021003995 0.292 0.6 90.2 3.5 270.3 80
2021003995 0.269 316.3 106.9 489.2 229.8 80
2021003995 0.256 498.0 63.2 500.3 349.6 80
2021003995 0.248 0.3 35.3 10.2 342.7 80
2021003995 0.239 0.6 174.3 4.0 337.9 80
2021003995 0.237 0.7 4.7 3.9 103.3 80
2021003995 0.225 182.2 122.7 512.2 348.6 80
2021003995 0.213 497.8 69.3 501.0 226.0 80
2021003995 0.188 -3.0 292.2 22.7 389.5 80
2021003995 0.179 28.5 194.9 472.8 354.9 80
2021003995 0.175 329.8 362.9 469.5 377.8 80
2021003995 0.173 467.3 304.9 508.6 371.4 80
2021003995 0.169 -1.4 163.9 30.6 382.5 80
2021003995 0.164 9.8 110.4 76.8 314.9 80
2021003995 0.164 258.5 315.7 465.0 379.0 80
2021003995 0.159 -0.3 72.1 85.9 371.1 80
2021003995 0.158 -2.8 96.6 354.9 325.9 80
2021003995 0.157 311.2 174.1 511.8 356.5 80
2021003995 0.153 10.4 293.9 301.8 379.2 80
2021003995 0.152 157.9 322.2 392.5 375.4 80
2021003995 0.150 89.0 312.9 353.1 376.0 80
2021003995 0.150 2.4 93.9 400.8 313.6 80
2021003995 0.143 382.0 173.3 457.0 234.3 80
2021003995 0.141 24.6 158.5 392.4 331.5 80
2021003995 0.137 149.6 188.9 472.5 340.8 80
2021003995 0.137 370.5 197.0 426.1 244.6 80
2021003995 0.136 389.6 349.1 497.2 374.5 80
2021003995 0.136 104.9 222.4 214.0 296.5 80
2021003995 0.135 21.7 203.2 345.2 351.8 80
2021003995 0.135 40.2 358.2 177.8 377.9 80
2021003995 0.135 99.5 137.1 465.7 311.5 80
2021003995 0.134 -12.0 197.0 223.4 365.1 80
2021003995 0.134 79.5 185.4 424.8 335.6 80
2021003995 0.133 237.4 355.7 395.9 375.9 80
2021003995 0.133 42.0 129.4 425.4 308.7 80
2021003995 0.133 311.2 225.5 398.9 283.5 80
2021003995 0.130 -3.9 162.1 297.0 327.2 80
2021003995 0.129 14.7 336.5 100.5 373.5 80
2021003995 0.128 1.0 54.3 498.4 376.6 80
2021003995 0.127 128.3 216.0 231.1 280.2 80
2021003995 0.126 250.9 246.9 361.3 304.3 80
2021003995 0.126 147.1 232.0 275.3 303.4 80
2021003995 0.126 70.8 201.8 158.7 269.5 80
2021003995 0.125 -1.2 125.0 226.3 309.4 80
2021003995 0.125 103.9 355.4 242.8 376.7 80
2021003995 0.125 194.5 219.0 273.5 273.3 80
2021003995 0.124 228.1 226.8 321.3 283.0 80
2021003995 0.121 259.9 184.9 356.0 238.4 80
2021003995 0.119 100.4 145.8 216.1 204.5 80
2021003995 0.118 16.2 154.7 80.0 228.6 80
2021003995 0.118 201.4 150.5 319.8 208.7 80
2021003995 0.118 299.0 103.9 500.8 370.5 14
2021003995 0.117 131.0 138.6 282.0 199.0 80
2021003995 0.115 106.5 167.3 402.4 281.0 80
2021003995 0.114 -15.3 56.9 71.3 123.9 80
2021003995 0.110 359.6 67.8 574.4 166.1 80
2021003995 0.108 162.5 67.8 533.5 151.5 80
2021003995 0.108 -47.6 40.5 321.3 105.7 80
2021003995 0.106 -122.7 16.9 317.8 71.6 80
2021003995 0.106 238.6 118.3 652.3 226.1 80
2021003995 0.105 41.3 7.8 534.7 76.4 80
2021003995 0.100 0.9 0.7 499.8 32.9 80
2021003995 0.100 -46.9 -0.2 452.1 34.1 80
2021003995 0.098 74.2 -1.3 573.2 29.8 80
2021003995 0.095 -57.4 -3.4 118.5 22.6 80
2021003995 0.095 1.4 72.4 500.3 376.1 14
2021003995 0.094 -184.1 -0.4 314.7 23.4 80
2021003995 0.093 -138.8 -1.1 359.5 23.3 80
2021003995 0.092 -92.5 -0.5 406.3 24.7 80
2021003995 0.092 -38.4 -2.5 460.5 22.6 80
2021003995 0.092 124.3 -1.9 623.3 25.8 80
2021003995 0.091 21.4 -2.6 520.4 23.5 80
2021003995 0.000 242.0 73.2 372.7 227.7 80
2021003995 0.000 0.9 43.1 103.5 247.8 80
2021003995 0.000 143.7 135.9 210.3 202.4 80
2021003995 0.000 211.4 111.8 275.3 178.0 80
2021003995 0.000 371.0 109.2 486.3 268.7 80
2021003995 0.000 255.8 137.9 317.1 204.5 80
2021003995 0.000 156.6 31.4 304.0 211.6 80
2021003995 0.000 45.5 217.8 107.4 288.9 80
2021003995 0.000 136.3 82.3 207.6 151.5 80
2021003995 0.000 81.5 117.6 146.9 186.5 80
2021003995 0.000 197.9 51.8 272.4 119.8 80
2021003995 0.000 453.6 128.4 499.6 211.2 80
2021003995 0.000 387.8 97.3 461.7 164.2 80
2021003995 0.000 348.6 145.3 411.0 211.1 80
2021003995 0.000 136.9 218.3 201.8 292.7 80
2021003995 0.000 19.5 26.1 206.5 194.8 80
2021003995 0.000 1.5 201.3 48.0 285.0 80
2021003995 0.000 297.9 170.7 359.9 236.2 80
2021003995 0.000 453.4 192.9 499.6 275.6 80
2021003995 0.000 356.3 197.7 415.7 265.7 80
2021003995 0.000 313.5 100.9 376.2 167.7 80
2021003995 0.000 323.9 8.3 496.6 191.8 80
2021003995 0.000 287.5 132.8 485.8 257.7 80
2021003995 0.000 205.6 160.1 267.3 225.4 80
2021003995 0.000 0.9 125.8 102.1 357.9 80
2021003995 0.000 33.3 127.4 166.8 276.8 80
2021003995 0.000 1.0 151.5 47.1 234.6 80
2021003995 0.000 89.9 187.8 149.8 253.9 80
2021003995 0.000 449.0 54.1 499.7 153.4 80
2021003995 0.000 117.9 161.9 233.2 316.5 80
2021003995 0.000 218.0 251.8 286.7 331.9 80
2021003995 0.000 149.3 172.2 210.8 237.6 80
2021003995 0.000 410.1 176.6 474.8 242.3 80
2021003995 0.000 27.0 155.1 94.9 220.9 80
2021003995 0.000 323.9 218.2 384.1 295.1 80
2021003995 0.000 202.7 116.7 319.1 275.9 80
2021003995 0.000 177.6 56.6 471.2 267.4 80
2021003995 0.000 252.3 124.0 366.8 347.9 80
2021003995 0.000 0.5 90.4 51.3 173.8 80
2021003995 0.000 0.7 22.0 51.8 106.0 80
2021003995 0.000 46.4 108.1 284.6 258.9 80
2021003995 0.000 101.1 50.5 245.1 317.1 80
2021003995 0.000 255.5 3.7 329.5 73.3 80
2021003995 0.000 322.9 47.5 406.2 116.3 80
2021003995 0.000 43.3 21.4 383.8 258.4 80
2021003995 0.000 0.6 249.6 58.3 369.8 80
2021003995 0.000 178.6 220.3 238.0 300.5 80
2021003995 0.000 442.7 245.1 499.6 368.5 80
2021003995 0.000 398.6 113.5 499.6 355.5 80
2021003995 0.000 10.6 10.6 491.5 199.6 80
2021003995 0.000 258.6 42.4 428.2 311.1 80
2021003995 0.000 90.0 16.9 408.1 364.6 80
2021003995 0.000 256.1 169.2 365.6 301.9 80
2021003995 0.000 -2.4 5.4 286.1 371.6 80
2021003995 0.000 8.1 89.0 229.6 370.1 80
2021003995 0.000 0.7 22.9 146.6 363.6 80
2021003995 0.000 213.1 6.1 497.0 372.7 80
2021003995 0.000 131.2 78.4 368.1 365.5 80
2021003995 0.000 156.2 201.7 351.1 369.4 80
2021003995 0.000 170.3 106.4 310.3 353.3 80
2021003995 0.000 153.4 21.0 355.4 360.9 80
2021003995 0.000 357.6 18.1 500.9 361.1 80
2021003995 0.000 68.8 68.1 447.4 321.4 80
2021003995 0.000 177.0 8.2 417.9 127.1 80
2021003995 0.000 43.6 254.9 289.5 373.6 80
2021003995 0.000 2.3 68.4 366.1 369.3 80
2021003995 0.000 5.1 279.1 130.5 374.3 80
2021003995 0.000 12.0 183.0 185.2 365.8 80
2021003995 0.000 305.3 180.1 482.3 365.0 80
2021003995 0.000 220.0 199.0 278.3 264.7 80
2021003995 0.000 24.3 146.3 338.1 364.6 80
2021003995 0.000 2.5 1.3 412.8 373.0 80
2021003995 0.000 150.8 131.3 355.6 228.6 80
2021003995 0.000 274.3 86.1 490.6 373.1 80
2021003995 0.000 3.0 228.5 496.0 374.4 80
2021003995 0.000 220.7 257.3 474.7 373.5 80
2021003995 0.000 84.5 1.1 496.2 372.9 80
2021003995 0.000 158.6 67.8 495.0 371.2 80
2021003995 0.000 157.9 150.5 463.3 364.9 80
2021003995 0.000 362.6 245.1 494.3 368.9 80
2021003995 0.000 44.4 60.6 117.3 136.8 80
2021003995 0.000 129.9 101.9 365.9 294.0 80
2021003995 0.000 22.3 43.4 477.5 366.6 80
2021003995 0.000 60.2 142.4 409.5 272.0 80
2021003995 0.000 0.4 100.8 499.0 366.5 80
2021003995 0.000 244.0 202.0 298.7 273.9 80
2021003995 0.000 12.6 94.7 489.8 271.8 80
2021003995 0.000 0.8 0.3 499.7 373.9 80
2021003995 0.000 1.3 18.3 498.9 309.8 80
2021003995 0.000 286.3 250.3 340.8 319.0 80
2021003995 0.000 424.2 6.2 498.9 85.7 80
2021003995 0.000 12.6 94.7 489.8 271.8 0
2021003995 0.000 0.8 0.3 499.7 373.9 7
2021003995 0.000 8.1 89.0 229.6 370.1 14
2021003995 0.000 258.6 42.4 428.2 311.1 14
2021003995 0.000 101.1 50.5 245.1 317.1 14
2021003995 0.000 170.3 106.4 310.3 353.3 14
2021003995 0.000 274.3 86.1 490.6 373.1 14
2021003995 0.000 153.4 21.0 355.4 360.9 14
2021003995 0.000 213.1 6.1 497.0 372.7 14
