2021000000023359 0.781 253.8 95.8 351.1 273.4 14
2021000000023359 0.706 261.4 139.6 345.1 273.0 80
2021000000023359 0.693 264.5 228.4 306.3 284.8 80
2021000000023359 0.679 258.6 103.0 349.3 239.6 80
2021000000023359 0.672 266.3 138.6 344.0 259.6 80
2021000000023359 0.657 598.7 393.0 637.2 427.6 80
2021000000023359 0.615 257.0 93.8 340.9 148.8 80
2021000000023359 0.577 262.0 155.6 344.8 263.7 80
2021000000023359 0.564 352.1 405.3 511.7 426.2 80
2021000000023359 0.557 49.1 391.3 567.8 424.9 80
2021000000023359 0.529 448.2 411.8 572.7 427.8 80
2021000000023359 0.527 202.4 407.6 485.4 426.3 80
2021000000023359 0.473 635.4 181.1 640.3 288.5 80
2021000000023359 0.471 293.4 115.9 340.1 164.1 80
2021000000023359 0.461 636.2 260.5 640.3 377.7 80
2021000000023359 0.412 637.5 85.7 640.3 178.3 80
2021000000023359 0.348 276.7 155.4 336.7 262.6 80
2021000000023359 0.238 0.8 150.0 3.8 293.4 80
2021000000023359 0.230 635.6 121.6 640.9 375.5 80
2021000000023359 0.224 0.6 224.9 5.1 385.3 80
2021000000023359 0.224 638.0 85.5 640.5 298.9 80
2021000000023359 0.216 0.3 56.5 4.3 177.3 80
2021000000023359 0.214 282.6 205.9 339.9 291.8 80
2021000000023359 0.214 -0.0 4.6 7.2 87.7 80
2021000000023359 0.202 1.3 59.4 9.7 269.8 80
2021000000023359 0.201 0.9 94.6 12.2 378.7 80
2021000000023359 0.183 -4.1 375.1 34.8 435.1 80
2021000000023359 0.178 255.8 175.0 346.6 275.6 80
2021000000023359 0.174 1.7 42.9 30.8 382.9 80
2021000000023359 0.170 2.0 231.5 38.9 426.0 80
2021000000023359 0.162 618.4 146.6 641.3 443.1 80
2021000000023359 0.156 591.2 347.5 654.7 420.0 80
2021000000023359 0.153 548.0 147.3 649.8 397.8 80
2021000000023359 0.153 447.8 334.1 614.3 421.2 80
2021000000023359 0.152 393.4 399.1 538.4 425.6 80
2021000000023359 0.149 80.7 383.0 260.9 425.7 80
2021000000023359 0.149 56.0 413.8 212.0 430.4 80
2021000000023359 0.148 192.2 337.2 456.3 419.3 80
2021000000023359 0.148 136.2 410.4 295.6 430.0 80
2021000000023359 0.147 293.4 312.6 505.4 410.9 80
2021000000023359 0.144 250.9 248.0 340.9 300.2 80
2021000000023359 0.142 96.7 278.2 343.9 405.9 80
2021000000023359 0.142 19.4 262.0 221.7 414.0 80
2021000000023359 0.141 268.3 395.1 427.3 423.9 80
2021000000023359 0.138 440.5 127.3 653.9 385.4 80
2021000000023359 0.138 189.6 382.3 335.4 422.1 80
2021000000023359 0.137 328.6 244.2 588.2 400.4 80
2021000000023359 0.134 509.4 400.3 628.7 426.3 80
2021000000023359 0.134 554.4 246.4 606.0 376.0 80
2021000000023359 0.133 6.3 125.0 117.3 401.4 80
2021000000023359 0.133 22.0 389.0 125.0 425.5 80
2021000000023359 0.132 251.9 264.5 308.9 318.8 80
2021000000023359 0.132 368.0 164.0 628.3 375.9 80
2021000000023359 0.130 198.6 219.7 450.1 386.1 80
2021000000023359 0.129 41.4 200.3 302.3 369.9 80
2021000000023359 0.127 232.1 199.8 341.9 283.0 80
2021000000023359 0.126 180.6 196.5 469.1 354.8 80
2021000000023359 0.126 239.4 166.2 486.6 354.2 80
2021000000023359 0.126 24.6 152.3 234.0 352.2 80
2021000000023359 0.126 78.8 171.5 328.9 344.7 80
2021000000023359 0.126 300.8 165.7 557.6 350.3 80
2021000000023359 0.125 185.7 288.8 243.9 336.7 80
2021000000023359 0.122 173.6 153.2 469.7 294.4 80
2021000000023359 0.119 187.2 229.0 317.7 303.4 80
2021000000023359 0.119 139.3 217.2 220.4 276.9 80
2021000000023359 0.117 435.8 294.0 494.5 346.5 80
2021000000023359 0.117 359.8 204.6 492.9 278.8 80
2021000000023359 0.115 47.8 179.1 212.3 249.8 80
2021000000023359 0.115 334.9 272.7 410.8 329.4 80
2021000000023359 0.115 476.2 255.1 559.6 331.2 80
2021000000023359 0.114 44.2 244.8 113.1 321.3 80
2021000000023359 0.114 346.2 123.8 630.2 199.6 80
2021000000023359 0.113 73.7 172.3 234.3 308.1 80
2021000000023359 0.113 352.7 201.9 516.8 314.0 80
2021000000023359 0.113 383.2 111.0 694.8 192.7 80
2021000000023359 0.112 -32.6 127.2 189.5 198.9 80
2021000000023359 0.112 247.1 129.4 511.3 200.6 80
2021000000023359 0.111 49.3 72.5 423.1 145.1 80
2021000000023359 0.110 -144.4 25.5 248.9 73.6 80
2021000000023359 0.109 495.1 87.1 697.9 168.2 80
2021000000023359 0.108 109.1 252.0 198.7 318.3 80
2021000000023359 0.108 -83.8 14.4 453.8 62.4 80
2021000000023359 0.107 192.8 21.8 730.5 75.3 80
2021000000023359 0.106 -184.4 11.7 424.5 49.2 80
2021000000023359 0.104 213.5 10.3 829.8 50.2 80
2021000000023359 0.102 -60.0 0.5 577.6 41.9 80
2021000000023359 0.102 251.9 8.0 883.2 39.1 80
2021000000023359 0.101 326.9 12.2 896.3 46.1 80
2021000000023359 0.100 93.6 -0.7 732.5 30.5 80
2021000000023359 0.093 -256.6 -3.3 338.0 25.5 80
2021000000023359 0.093 -178.8 -0.9 459.7 26.4 80
2021000000023359 0.093 -118.2 -0.2 520.7 27.5 80
2021000000023359 0.092 -238.1 1.8 400.5 28.6 80
2021000000023359 0.092 -47.4 -3.6 591.5 24.5 80
2021000000023359 0.092 198.5 -0.5 837.3 28.4 80
2021000000023359 0.091 30.5 -4.4 669.5 24.6 80
2021000000023359 0.091 257.0 -0.0 895.8 28.2 80
2021000000023359 0.091 103.7 -3.0 742.6 24.7 80
2021000000023359 0.091 154.3 0.8 793.3 29.9 80
2021000000023359 0.090 296.9 2.3 935.2 32.0 80
2021000000023359 0.781 253.8 95.8 351.1 273.4 14
2021000000023359 0.706 261.4 139.6 345.1 273.0 80
2021000000023359 0.693 264.5 228.4 306.3 284.8 80
2021000000023359 0.679 258.6 103.0 349.3 239.6 80
2021000000023359 0.672 266.3 138.6 344.0 259.6 80
2021000000023359 0.657 598.7 393.0 637.2 427.6 80
2021000000023359 0.615 257.0 93.8 340.9 148.8 80
2021000000023359 0.577 262.0 155.6 344.8 263.7 80
2021000000023359 0.564 352.1 405.3 511.7 426.2 80
2021000000023359 0.557 49.1 391.3 567.8 424.9 80
2021000000023359 0.529 448.2 411.8 572.7 427.8 80
2021000000023359 0.527 202.4 407.6 485.4 426.3 80
2021000000023359 0.473 635.4 181.1 640.3 288.5 80
2021000000023359 0.471 293.4 115.9 340.1 164.1 80
2021000000023359 0.461 636.2 260.5 640.3 377.7 80
2021000000023359 0.412 637.5 85.7 640.3 178.3 80
2021000000023359 0.348 276.7 155.4 336.7 262.6 80
2021000000023359 0.238 0.8 150.0 3.8 293.4 80
2021000000023359 0.230 635.6 121.6 640.9 375.5 80
2021000000023359 0.224 0.6 224.9 5.1 385.3 80
2021000000023359 0.224 638.0 85.5 640.5 298.9 80
2021000000023359 0.216 0.3 56.5 4.3 177.3 80
2021000000023359 0.214 282.6 205.9 339.9 291.8 80
2021000000023359 0.214 -0.0 4.6 7.2 87.7 80
2021000000023359 0.202 1.3 59.4 9.7 269.8 80
2021000000023359 0.201 0.9 94.6 12.2 378.7 80
2021000000023359 0.183 -4.1 375.1 34.8 435.1 80
2021000000023359 0.178 255.8 175.0 346.6 275.6 80
2021000000023359 0.174 1.7 42.9 30.8 382.9 80
2021000000023359 0.170 2.0 231.5 38.9 426.0 80
2021000000023359 0.162 618.4 146.6 641.3 443.1 80
2021000000023359 0.156 591.2 347.5 654.7 420.0 80
2021000000023359 0.153 548.0 147.3 649.8 397.8 80
2021000000023359 0.153 447.8 334.1 614.3 421.2 80
2021000000023359 0.152 393.4 399.1 538.4 425.6 80
2021000000023359 0.149 80.7 383.0 260.9 425.7 80
2021000000023359 0.149 56.0 413.8 212.0 430.4 80
2021000000023359 0.148 192.2 337.2 456.3 419.3 80
2021000000023359 0.148 136.2 410.4 295.6 430.0 80
2021000000023359 0.147 293.4 312.6 505.4 410.9 80
2021000000023359 0.144 250.9 248.0 340.9 300.2 80
2021000000023359 0.142 96.7 278.2 343.9 405.9 80
2021000000023359 0.142 19.4 262.0 221.7 414.0 80
2021000000023359 0.141 268.3 395.1 427.3 423.9 80
2021000000023359 0.138 440.5 127.3 653.9 385.4 80
2021000000023359 0.138 189.6 382.3 335.4 422.1 80
2021000000023359 0.137 328.6 244.2 588.2 400.4 80
2021000000023359 0.134 509.4 400.3 628.7 426.3 80
2021000000023359 0.134 554.4 246.4 606.0 376.0 80
2021000000023359 0.133 6.3 125.0 117.3 401.4 80
2021000000023359 0.133 22.0 389.0 125.0 425.5 80
2021000000023359 0.132 251.9 264.5 308.9 318.8 80
2021000000023359 0.132 368.0 164.0 628.3 375.9 80
2021000000023359 0.130 198.6 219.7 450.1 386.1 80
2021000000023359 0.129 41.4 200.3 302.3 369.9 80
2021000000023359 0.127 232.1 199.8 341.9 283.0 80
2021000000023359 0.126 180.6 196.5 469.1 354.8 80
2021000000023359 0.126 239.4 166.2 486.6 354.2 80
2021000000023359 0.126 24.6 152.3 234.0 352.2 80
2021000000023359 0.126 78.8 171.5 328.9 344.7 80
2021000000023359 0.126 300.8 165.7 557.6 350.3 80
2021000000023359 0.125 185.7 288.8 243.9 336.7 80
2021000000023359 0.122 173.6 153.2 469.7 294.4 80
2021000000023359 0.119 187.2 229.0 317.7 303.4 80
2021000000023359 0.119 139.3 217.2 220.4 276.9 80
2021000000023359 0.117 435.8 294.0 494.5 346.5 80
2021000000023359 0.117 359.8 204.6 492.9 278.8 80
2021000000023359 0.115 47.8 179.1 212.3 249.8 80
2021000000023359 0.115 334.9 272.7 410.8 329.4 80
2021000000023359 0.115 476.2 255.1 559.6 331.2 80
2021000000023359 0.114 44.2 244.8 113.1 321.3 80
2021000000023359 0.114 346.2 123.8 630.2 199.6 80
2021000000023359 0.113 73.7 172.3 234.3 308.1 80
2021000000023359 0.113 352.7 201.9 516.8 314.0 80
2021000000023359 0.113 383.2 111.0 694.8 192.7 80
2021000000023359 0.112 -32.6 127.2 189.5 198.9 80
2021000000023359 0.112 247.1 129.4 511.3 200.6 80
2021000000023359 0.111 49.3 72.5 423.1 145.1 80
2021000000023359 0.110 -144.4 25.5 248.9 73.6 80
2021000000023359 0.109 495.1 87.1 697.9 168.2 80
2021000000023359 0.108 109.1 252.0 198.7 318.3 80
2021000000023359 0.108 -83.8 14.4 453.8 62.4 80
2021000000023359 0.107 192.8 21.8 730.5 75.3 80
2021000000023359 0.106 -184.4 11.7 424.5 49.2 80
2021000000023359 0.104 213.5 10.3 829.8 50.2 80
2021000000023359 0.102 -60.0 0.5 577.6 41.9 80
2021000000023359 0.102 251.9 8.0 883.2 39.1 80
2021000000023359 0.101 326.9 12.2 896.3 46.1 80
2021000000023359 0.100 93.6 -0.7 732.5 30.5 80
2021000000023359 0.093 -256.6 -3.3 338.0 25.5 80
2021000000023359 0.093 -178.8 -0.9 459.7 26.4 80
2021000000023359 0.093 -118.2 -0.2 520.7 27.5 80
2021000000023359 0.092 -238.1 1.8 400.5 28.6 80
2021000000023359 0.092 -47.4 -3.6 591.5 24.5 80
2021000000023359 0.092 198.5 -0.5 837.3 28.4 80
2021000000023359 0.091 30.5 -4.4 669.5 24.6 80
2021000000023359 0.091 257.0 -0.0 895.8 28.2 80
2021000000023359 0.091 103.7 -3.0 742.6 24.7 80
2021000000023359 0.091 154.3 0.8 793.3 29.9 80
2021000000023359 0.090 296.9 2.3 935.2 32.0 80
2021000000023359 0.000 0.7 50.6 132.8 282.7 80
2021000000023359 0.000 313.4 82.7 473.9 261.0 80
2021000000023359 0.000 259.6 56.8 340.6 137.1 80
2021000000023359 0.000 328.1 158.7 405.0 235.0 80
2021000000023359 0.000 476.8 124.8 620.6 306.8 80
2021000000023359 0.000 58.5 248.5 136.7 330.2 80
2021000000023359 0.000 107.0 135.6 185.4 215.5 80
2021000000023359 0.000 170.1 120.0 279.1 249.3 80
2021000000023359 0.000 499.6 109.9 587.2 186.6 80
2021000000023359 0.000 580.3 146.7 639.5 241.0 80
2021000000023359 0.000 272.9 130.4 350.3 207.0 80
2021000000023359 0.000 180.7 93.8 259.1 175.5 80
2021000000023359 0.000 28.1 33.4 259.1 223.6 80
2021000000023359 0.000 416.8 13.2 632.9 219.0 80
2021000000023359 0.000 1.6 229.9 61.4 325.2 80
2021000000023359 0.000 207.2 37.1 383.3 241.7 80
2021000000023359 0.000 447.6 167.3 524.7 242.9 80
2021000000023359 0.000 281.2 274.0 359.7 385.2 80
2021000000023359 0.000 115.6 215.2 191.0 291.3 80
2021000000023359 0.000 402.5 116.2 480.3 192.7 80
2021000000023359 0.000 457.2 226.9 531.3 303.7 80
2021000000023359 0.000 41.1 145.1 215.0 315.7 80
2021000000023359 0.000 1.0 172.8 60.3 267.5 80
2021000000023359 0.000 580.1 219.9 639.6 314.3 80
2021000000023359 0.000 0.4 143.6 130.7 408.5 80
2021000000023359 0.000 574.5 61.7 639.6 175.0 80
2021000000023359 0.000 332.1 2.9 415.5 84.5 80
2021000000023359 0.000 175.8 249.2 257.9 332.3 80
2021000000023359 0.000 381.9 195.8 460.0 270.6 80
2021000000023359 0.000 36.2 177.8 119.8 252.9 80
2021000000023359 0.000 326.6 143.8 465.0 397.7 80
2021000000023359 0.000 152.2 183.6 297.6 361.5 80
2021000000023359 0.000 191.4 197.2 269.4 272.0 80
2021000000023359 0.000 374.8 151.8 615.2 296.5 80
2021000000023359 0.000 416.4 249.7 489.1 337.5 80
2021000000023359 0.000 0.6 25.4 66.3 121.0 80
2021000000023359 0.000 281.2 226.9 356.1 302.7 80
2021000000023359 0.000 62.2 24.1 483.7 293.4 80
2021000000023359 0.000 524.7 201.3 607.7 276.4 80
2021000000023359 0.000 262.4 134.7 405.9 320.5 80
2021000000023359 0.000 0.6 284.6 74.6 422.4 80
2021000000023359 0.000 230.2 253.4 304.8 339.9 80
2021000000023359 0.000 226.3 65.6 603.8 304.4 80
2021000000023359 0.000 63.1 125.0 360.6 294.8 80
2021000000023359 0.000 416.7 52.9 515.5 132.9 80
2021000000023359 0.000 129.2 56.2 312.7 356.6 80
2021000000023359 0.000 0.1 103.4 65.9 198.3 80
2021000000023359 0.000 263.8 183.5 341.9 258.8 80
2021000000023359 0.000 566.4 279.2 639.5 420.8 80
2021000000023359 0.000 19.0 16.1 622.4 224.3 80
2021000000023359 0.000 509.8 126.9 639.3 405.8 80
2021000000023359 0.000 1.6 6.8 361.3 424.0 80
2021000000023359 0.000 121.2 17.7 514.2 417.7 80
2021000000023359 0.000 335.8 47.8 542.9 357.7 80
2021000000023359 0.000 241.7 9.1 514.7 154.6 80
2021000000023359 0.000 1.2 27.2 187.5 414.9 80
2021000000023359 0.000 205.3 225.3 447.1 420.1 80
2021000000023359 0.000 272.2 7.0 636.7 425.4 80
2021000000023359 0.000 203.8 31.8 448.2 406.4 80
2021000000023359 0.000 14.5 102.4 289.2 422.2 80
2021000000023359 0.000 457.5 21.2 641.7 411.1 80
2021000000023359 0.000 358.9 272.7 430.6 378.1 80
2021000000023359 0.000 219.1 120.5 395.4 403.6 80
2021000000023359 0.000 169.6 88.6 468.5 417.0 80
2021000000023359 0.000 329.3 190.0 464.6 349.8 80
2021000000023359 0.000 6.1 318.6 167.0 427.2 80
2021000000023359 0.000 391.8 206.1 616.9 416.3 80
2021000000023359 0.000 68.8 291.0 356.2 425.3 80
2021000000023359 0.000 14.6 208.8 237.2 417.6 80
2021000000023359 0.000 4.0 1.2 525.2 425.5 80
2021000000023359 0.000 10.2 261.1 628.9 425.9 80
2021000000023359 0.000 5.9 73.9 462.5 421.5 80
2021000000023359 0.000 285.2 292.6 604.5 426.0 80
2021000000023359 0.000 92.0 73.2 568.9 365.6 80
2021000000023359 0.000 43.3 168.2 418.6 414.1 80
2021000000023359 0.000 109.4 1.0 633.2 425.5 80
2021000000023359 0.000 355.6 99.1 622.5 425.5 80
2021000000023359 0.000 208.0 151.3 442.0 263.2 80
2021000000023359 0.000 312.6 230.2 381.5 311.9 80
2021000000023359 0.000 215.5 172.4 577.5 413.9 80
2021000000023359 0.000 463.3 280.2 633.1 420.7 80
2021000000023359 0.000 56.7 69.0 150.0 156.2 80
2021000000023359 0.000 204.8 75.2 630.5 422.9 80
2021000000023359 0.000 172.4 117.3 460.4 335.3 80
2021000000023359 0.000 86.4 163.2 514.8 310.4 80
2021000000023359 0.000 28.5 48.8 607.3 413.0 80
2021000000023359 0.000 0.5 114.6 638.1 416.1 80
2021000000023359 0.000 0.8 0.8 639.5 427.0 80
2021000000023359 0.000 21.6 109.4 619.5 308.6 80
2021000000023359 0.000 2.9 26.8 636.7 351.2 80
2021000000023359 0.000 542.8 6.9 638.4 97.7 80
2021000000023359 0.000 21.6 109.4 619.5 308.6 0
2021000000023359 0.000 335.8 47.8 542.9 357.7 14
2021000000023359 0.000 219.1 120.5 395.4 403.6 14
2021000000023359 0.000 129.2 56.2 312.7 356.6 14
2021000000023359 0.000 203.8 31.8 448.2 406.4 14
2021000000023359 0.000 14.5 102.4 289.2 422.2 14
2021000000023359 0.000 355.6 99.1 622.5 425.5 14
2021000000023359 0.000 169.6 88.6 468.5 417.0 14
2021000000023359 0.000 197.1 345.0 304.9 421.9 80
