2021000000038576 0.777 410.8 590.3 442.8 639.9 80
2021000000038576 0.769 4.5 60.2 436.2 508.7 80
2021000000038576 0.747 175.8 125.1 194.9 147.4 80
2021000000038576 0.746 131.5 107.3 198.6 194.1 80
2021000000038576 0.742 117.7 182.0 181.2 217.7 80
2021000000038576 0.732 207.0 511.8 337.2 618.3 80
2021000000038576 0.729 157.7 116.1 169.6 136.3 80
2021000000038576 0.727 437.1 414.2 438.1 518.2 80
2021000000038576 0.726 158.1 112.8 172.7 136.7 80
2021000000038576 0.711 436.7 238.8 438.2 453.4 80
2021000000038576 0.702 438.2 259.0 438.2 384.7 80
2021000000038576 0.625 212.3 511.7 331.0 616.3 80
2021000000038576 0.611 157.2 118.3 173.3 141.1 80
2021000000038576 0.153 94.0 205.3 161.6 288.2 80
2021000000038576 0.123 293.5 180.5 363.0 253.1 80
2021000000038576 0.122 135.1 270.1 214.2 366.4 80
2021000000038576 0.118 241.1 277.5 316.8 368.6 80
2021000000038576 0.117 210.3 280.4 282.8 369.5 80
2021000000038576 0.116 157.2 118.3 173.3 141.1 18
2021000000038576 0.111 268.8 270.1 334.7 350.7 80
