2021004094 0.682 27.9 29.1 454.9 301.6 5
2021004094 0.653 466.7 346.1 499.6 374.1 80
2021004094 0.642 79.0 159.4 113.5 197.0 80
2021004094 0.640 68.2 154.9 106.5 190.7 80
2021004094 0.632 69.5 154.7 105.6 192.3 80
2021004094 0.620 66.7 156.8 105.6 197.7 14
2021004094 0.606 67.0 161.3 90.0 193.1 80
2021004094 0.603 18.0 177.6 40.5 203.5 80
2021004094 0.597 361.0 359.9 437.0 374.5 80
2021004094 0.593 488.1 134.9 499.2 161.0 80
2021004094 0.579 72.8 159.1 101.1 196.0 80
2021004094 0.571 495.1 145.2 499.9 217.3 80
2021004094 0.548 460.0 123.1 471.9 153.4 80
2021004094 0.524 1.1 178.8 7.2 214.3 80
2021004094 0.521 496.9 210.0 500.2 297.0 80
2021004094 0.512 14.8 178.7 32.4 200.2 80
2021004094 0.504 1.4 41.7 7.4 99.4 80
2021004094 0.473 101.4 172.8 129.2 198.3 80
2021004094 0.440 11.9 168.1 25.0 205.9 80
2021004094 0.433 435.6 136.9 449.6 158.8 80
2021004094 0.405 13.5 180.1 32.6 202.6 6
2021004094 0.395 460.7 123.7 474.0 153.1 80
2021004094 0.364 459.0 122.4 471.2 154.5 80
2021004094 0.313 1.1 124.2 3.2 184.9 80
2021004094 0.292 34.5 34.9 460.8 260.3 80
2021004094 0.245 499.0 111.6 500.2 283.9 80
2021004094 0.241 13.5 180.1 32.6 202.6 80
2021004094 0.221 0.5 173.9 3.7 322.9 80
2021004094 0.200 460.7 123.7 474.0 153.1 5
2021004094 0.199 2.0 131.9 13.7 377.5 80
2021004094 0.188 -0.7 310.3 18.0 383.6 80
2021004094 0.187 459.0 122.4 471.2 154.5 5
2021004094 0.187 59.6 90.8 438.9 251.9 80
2021004094 0.185 481.0 67.5 499.0 369.4 80
2021004094 0.162 170.0 364.6 339.6 376.8 80
2021004094 0.157 25.7 77.8 422.9 252.2 80
2021004094 0.155 472.4 300.9 509.1 364.9 80
2021004094 0.151 370.2 222.6 483.3 371.5 80
2021004094 0.151 -13.9 -0.6 68.9 10.5 80
2021004094 0.150 271.9 361.1 395.6 375.8 80
2021004094 0.150 421.3 147.6 479.3 330.7 80
2021004094 0.148 27.5 93.4 365.5 248.0 80
2021004094 0.144 64.6 97.3 442.6 257.4 80
2021004094 0.144 41.8 205.1 319.5 338.3 80
2021004094 0.142 76.7 156.5 423.5 289.9 80
2021004094 0.141 313.1 347.6 422.7 372.0 80
2021004094 0.141 109.4 221.1 395.2 345.1 80
2021004094 0.139 27.5 119.1 382.9 269.6 80
2021004094 0.137 59.9 143.0 408.0 280.0 80
2021004094 0.137 177.5 134.1 424.1 250.1 80
2021004094 0.137 44.2 189.2 367.2 300.2 80
2021004094 0.137 107.6 198.8 392.3 314.2 80
2021004094 0.137 122.5 148.8 437.0 280.3 80
2021004094 0.136 185.0 206.4 435.3 330.9 80
2021004094 0.136 13.5 182.1 177.2 366.9 80
2021004094 0.134 236.3 195.3 467.3 329.3 80
2021004094 0.133 95.6 153.7 171.4 220.9 80
2021004094 0.132 135.3 114.0 455.5 245.6 80
2021004094 0.132 72.5 324.9 197.3 371.5 80
2021004094 0.131 120.7 158.3 213.1 224.0 80
2021004094 0.131 422.9 255.9 459.4 297.3 80
2021004094 0.131 7.5 179.9 270.9 306.5 80
2021004094 0.130 19.0 152.9 318.2 279.8 80
2021004094 0.130 45.3 83.4 427.9 227.7 80
2021004094 0.129 137.1 196.5 292.8 270.1 80
2021004094 0.129 88.9 99.2 451.0 237.1 80
2021004094 0.129 196.6 162.4 457.4 268.2 80
2021004094 0.128 294.0 186.0 470.7 293.2 80
2021004094 0.128 22.4 333.2 87.9 371.9 80
2021004094 0.126 403.5 347.0 494.3 372.9 80
2021004094 0.125 18.7 129.2 246.8 227.9 80
2021004094 0.125 175.1 353.4 304.3 375.0 80
2021004094 0.125 459.0 122.4 471.2 154.5 14
2021004094 0.124 26.9 110.0 330.3 243.6 80
2021004094 0.124 149.1 324.5 266.9 367.0 80
2021004094 0.123 54.8 357.0 155.3 378.0 80
2021004094 0.123 66.7 156.8 105.6 197.7 80
2021004094 0.123 460.7 123.7 474.0 153.1 14
2021004094 0.123 213.3 333.1 322.7 368.1 80
2021004094 0.122 184.4 161.8 320.4 237.3 80
2021004094 0.121 154.1 150.0 291.8 232.5 80
2021004094 0.120 123.0 354.1 228.0 376.9 80
2021004094 0.115 475.2 79.2 503.8 123.6 80
2021004094 0.114 188.0 146.4 409.0 262.7 80
2021004094 0.114 144.1 132.2 414.8 242.2 80
2021004094 0.114 209.3 174.5 468.0 269.0 80
2021004094 0.110 -32.6 182.9 149.3 253.7 80
2021004094 0.107 58.6 34.4 504.8 117.9 80
2021004094 0.107 221.0 142.9 576.8 232.4 80
2021004094 0.107 173.2 98.0 551.3 197.4 80
2021004094 0.106 -19.2 16.6 417.8 88.9 80
2021004094 0.106 120.3 48.9 559.8 137.4 80
2021004094 0.104 252.9 72.0 603.9 152.0 80
2021004094 0.104 188.9 26.5 607.2 93.1 80
2021004094 0.103 11.0 3.3 494.2 51.3 80
2021004094 0.101 72.1 -0.8 570.5 34.9 80
2021004094 0.096 -83.3 -4.1 415.7 21.1 80
2021004094 0.095 14.8 178.7 32.4 200.2 6
2021004094 0.093 127.2 -1.8 626.2 23.0 80
2021004094 0.092 -137.3 -1.0 361.5 20.6 80
2021004094 0.682 27.9 29.1 454.9 301.6 5
2021004094 0.653 466.7 346.1 499.6 374.1 80
2021004094 0.642 79.0 159.4 113.5 197.0 80
2021004094 0.640 68.2 154.9 106.5 190.7 80
2021004094 0.632 69.5 154.7 105.6 192.3 80
2021004094 0.620 66.7 156.8 105.6 197.7 14
2021004094 0.606 67.0 161.3 90.0 193.1 80
2021004094 0.603 18.0 177.6 40.5 203.5 80
2021004094 0.597 361.0 359.9 437.0 374.5 80
2021004094 0.593 488.1 134.9 499.2 161.0 80
2021004094 0.579 72.8 159.1 101.1 196.0 80
2021004094 0.571 495.1 145.2 499.9 217.3 80
2021004094 0.548 460.0 123.1 471.9 153.4 80
2021004094 0.524 1.1 178.8 7.2 214.3 80
2021004094 0.521 496.9 210.0 500.2 297.0 80
2021004094 0.512 14.8 178.7 32.4 200.2 80
2021004094 0.504 1.4 41.7 7.4 99.4 80
2021004094 0.473 101.4 172.8 129.2 198.3 80
2021004094 0.440 11.9 168.1 25.0 205.9 80
2021004094 0.433 435.6 136.9 449.6 158.8 80
2021004094 0.405 13.5 180.1 32.6 202.6 6
2021004094 0.395 460.7 123.7 474.0 153.1 80
2021004094 0.364 459.0 122.4 471.2 154.5 80
2021004094 0.313 1.1 124.2 3.2 184.9 80
2021004094 0.292 34.5 34.9 460.8 260.3 80
2021004094 0.245 499.0 111.6 500.2 283.9 80
2021004094 0.241 13.5 180.1 32.6 202.6 80
2021004094 0.221 0.5 173.9 3.7 322.9 80
2021004094 0.200 460.7 123.7 474.0 153.1 5
2021004094 0.199 2.0 131.9 13.7 377.5 80
2021004094 0.188 -0.7 310.3 18.0 383.6 80
2021004094 0.187 459.0 122.4 471.2 154.5 5
2021004094 0.187 59.6 90.8 438.9 251.9 80
2021004094 0.185 481.0 67.5 499.0 369.4 80
2021004094 0.162 170.0 364.6 339.6 376.8 80
2021004094 0.157 25.7 77.8 422.9 252.2 80
2021004094 0.155 472.4 300.9 509.1 364.9 80
2021004094 0.151 370.2 222.6 483.3 371.5 80
2021004094 0.151 -13.9 -0.6 68.9 10.5 80
2021004094 0.150 271.9 361.1 395.6 375.8 80
2021004094 0.150 421.3 147.6 479.3 330.7 80
2021004094 0.148 27.5 93.4 365.5 248.0 80
2021004094 0.144 64.6 97.3 442.6 257.4 80
2021004094 0.144 41.8 205.1 319.5 338.3 80
2021004094 0.142 76.7 156.5 423.5 289.9 80
2021004094 0.141 313.1 347.6 422.7 372.0 80
2021004094 0.141 109.4 221.1 395.2 345.1 80
2021004094 0.139 27.5 119.1 382.9 269.6 80
2021004094 0.137 59.9 143.0 408.0 280.0 80
2021004094 0.137 177.5 134.1 424.1 250.1 80
2021004094 0.137 44.2 189.2 367.2 300.2 80
2021004094 0.137 107.6 198.8 392.3 314.2 80
2021004094 0.137 122.5 148.8 437.0 280.3 80
2021004094 0.136 185.0 206.4 435.3 330.9 80
2021004094 0.136 13.5 182.1 177.2 366.9 80
2021004094 0.134 236.3 195.3 467.3 329.3 80
2021004094 0.133 95.6 153.7 171.4 220.9 80
2021004094 0.132 135.3 114.0 455.5 245.6 80
2021004094 0.132 72.5 324.9 197.3 371.5 80
2021004094 0.131 120.7 158.3 213.1 224.0 80
2021004094 0.131 422.9 255.9 459.4 297.3 80
2021004094 0.131 7.5 179.9 270.9 306.5 80
2021004094 0.130 19.0 152.9 318.2 279.8 80
2021004094 0.130 45.3 83.4 427.9 227.7 80
2021004094 0.129 137.1 196.5 292.8 270.1 80
2021004094 0.129 88.9 99.2 451.0 237.1 80
2021004094 0.129 196.6 162.4 457.4 268.2 80
2021004094 0.128 294.0 186.0 470.7 293.2 80
2021004094 0.128 22.4 333.2 87.9 371.9 80
2021004094 0.126 403.5 347.0 494.3 372.9 80
2021004094 0.125 18.7 129.2 246.8 227.9 80
2021004094 0.125 175.1 353.4 304.3 375.0 80
2021004094 0.125 459.0 122.4 471.2 154.5 14
2021004094 0.124 26.9 110.0 330.3 243.6 80
2021004094 0.124 149.1 324.5 266.9 367.0 80
2021004094 0.123 54.8 357.0 155.3 378.0 80
2021004094 0.123 66.7 156.8 105.6 197.7 80
2021004094 0.123 460.7 123.7 474.0 153.1 14
2021004094 0.123 213.3 333.1 322.7 368.1 80
2021004094 0.122 184.4 161.8 320.4 237.3 80
2021004094 0.121 154.1 150.0 291.8 232.5 80
2021004094 0.120 123.0 354.1 228.0 376.9 80
2021004094 0.115 475.2 79.2 503.8 123.6 80
2021004094 0.114 188.0 146.4 409.0 262.7 80
2021004094 0.114 144.1 132.2 414.8 242.2 80
2021004094 0.114 209.3 174.5 468.0 269.0 80
2021004094 0.110 -32.6 182.9 149.3 253.7 80
2021004094 0.107 58.6 34.4 504.8 117.9 80
2021004094 0.107 221.0 142.9 576.8 232.4 80
2021004094 0.107 173.2 98.0 551.3 197.4 80
2021004094 0.106 -19.2 16.6 417.8 88.9 80
2021004094 0.106 120.3 48.9 559.8 137.4 80
2021004094 0.104 252.9 72.0 603.9 152.0 80
2021004094 0.104 188.9 26.5 607.2 93.1 80
2021004094 0.103 11.0 3.3 494.2 51.3 80
2021004094 0.101 72.1 -0.8 570.5 34.9 80
2021004094 0.096 -83.3 -4.1 415.7 21.1 80
2021004094 0.095 14.8 178.7 32.4 200.2 6
2021004094 0.093 127.2 -1.8 626.2 23.0 80
2021004094 0.092 -137.3 -1.0 361.5 20.6 80
2021004094 0.000 242.0 73.2 372.7 227.7 80
2021004094 0.000 0.9 43.1 103.5 247.8 80
2021004094 0.000 143.7 135.9 210.3 202.4 80
2021004094 0.000 211.4 111.8 275.3 178.0 80
2021004094 0.000 371.0 109.2 486.3 268.7 80
2021004094 0.000 255.8 137.9 317.1 204.5 80
2021004094 0.000 156.6 31.4 304.0 211.6 80
2021004094 0.000 45.5 217.8 107.4 288.9 80
2021004094 0.000 136.3 82.3 207.6 151.5 80
2021004094 0.000 81.5 117.6 146.9 186.5 80
2021004094 0.000 197.9 51.8 272.4 119.8 80
2021004094 0.000 453.6 128.4 499.6 211.2 80
2021004094 0.000 387.8 97.3 461.7 164.2 80
2021004094 0.000 348.6 145.3 411.0 211.1 80
2021004094 0.000 136.9 218.3 201.8 292.7 80
2021004094 0.000 19.5 26.1 206.5 194.8 80
2021004094 0.000 1.5 201.3 48.0 285.0 80
2021004094 0.000 297.9 170.7 359.9 236.2 80
2021004094 0.000 453.4 192.9 499.6 275.6 80
2021004094 0.000 356.3 197.7 415.7 265.7 80
2021004094 0.000 313.5 100.9 376.2 167.7 80
2021004094 0.000 323.9 8.3 496.6 191.8 80
2021004094 0.000 287.5 132.8 485.8 257.7 80
2021004094 0.000 205.6 160.1 267.3 225.4 80
2021004094 0.000 0.9 125.8 102.1 357.9 80
2021004094 0.000 33.3 127.4 166.8 276.8 80
2021004094 0.000 1.0 151.5 47.1 234.6 80
2021004094 0.000 89.9 187.8 149.8 253.9 80
2021004094 0.000 449.0 54.1 499.7 153.4 80
2021004094 0.000 117.9 161.9 233.2 316.5 80
2021004094 0.000 218.0 251.8 286.7 331.9 80
2021004094 0.000 149.3 172.2 210.8 237.6 80
2021004094 0.000 410.1 176.6 474.8 242.3 80
2021004094 0.000 27.0 155.1 94.9 220.9 80
2021004094 0.000 323.9 218.2 384.1 295.1 80
2021004094 0.000 202.7 116.7 319.1 275.9 80
2021004094 0.000 177.6 56.6 471.2 267.4 80
2021004094 0.000 252.3 124.0 366.8 347.9 80
2021004094 0.000 0.5 90.4 51.3 173.8 80
2021004094 0.000 0.7 22.0 51.8 106.0 80
2021004094 0.000 46.4 108.1 284.6 258.9 80
2021004094 0.000 101.1 50.5 245.1 317.1 80
2021004094 0.000 255.5 3.7 329.5 73.3 80
2021004094 0.000 322.9 47.5 406.2 116.3 80
2021004094 0.000 43.3 21.4 383.8 258.4 80
2021004094 0.000 0.6 249.6 58.3 369.8 80
2021004094 0.000 178.6 220.3 238.0 300.5 80
2021004094 0.000 442.7 245.1 499.6 368.5 80
2021004094 0.000 398.6 113.5 499.6 355.5 80
2021004094 0.000 10.6 10.6 491.5 199.6 80
2021004094 0.000 258.6 42.4 428.2 311.1 80
2021004094 0.000 90.0 16.9 408.1 364.6 80
2021004094 0.000 256.1 169.2 365.6 301.9 80
2021004094 0.000 -2.4 5.4 286.1 371.6 80
2021004094 0.000 8.1 89.0 229.6 370.1 80
2021004094 0.000 0.7 22.9 146.6 363.6 80
2021004094 0.000 213.1 6.1 497.0 372.7 80
2021004094 0.000 131.2 78.4 368.1 365.5 80
2021004094 0.000 156.2 201.7 351.1 369.4 80
2021004094 0.000 170.3 106.4 310.3 353.3 80
2021004094 0.000 153.4 21.0 355.4 360.9 80
2021004094 0.000 357.6 18.1 500.9 361.1 80
2021004094 0.000 68.8 68.1 447.4 321.4 80
2021004094 0.000 177.0 8.2 417.9 127.1 80
2021004094 0.000 43.6 254.9 289.5 373.6 80
2021004094 0.000 2.3 68.4 366.1 369.3 80
2021004094 0.000 5.1 279.1 130.5 374.3 80
2021004094 0.000 12.0 183.0 185.2 365.8 80
2021004094 0.000 305.3 180.1 482.3 365.0 80
2021004094 0.000 220.0 199.0 278.3 264.7 80
2021004094 0.000 24.3 146.3 338.1 364.6 80
2021004094 0.000 2.5 1.3 412.8 373.0 80
2021004094 0.000 150.8 131.3 355.6 228.6 80
2021004094 0.000 274.3 86.1 490.6 373.1 80
2021004094 0.000 3.0 228.5 496.0 374.4 80
2021004094 0.000 220.7 257.3 474.7 373.5 80
2021004094 0.000 84.5 1.1 496.2 372.9 80
2021004094 0.000 158.6 67.8 495.0 371.2 80
2021004094 0.000 157.9 150.5 463.3 364.9 80
2021004094 0.000 362.6 245.1 494.3 368.9 80
2021004094 0.000 44.4 60.6 117.3 136.8 80
2021004094 0.000 129.9 101.9 365.9 294.0 80
2021004094 0.000 22.3 43.4 477.5 366.6 80
2021004094 0.000 60.2 142.4 409.5 272.0 80
2021004094 0.000 0.4 100.8 499.0 366.5 80
2021004094 0.000 244.0 202.0 298.7 273.9 80
2021004094 0.000 12.6 94.7 489.8 271.8 80
2021004094 0.000 0.8 0.3 499.7 373.9 80
2021004094 0.000 1.3 18.3 498.9 309.8 80
2021004094 0.000 286.3 250.3 340.8 319.0 80
2021004094 0.000 424.2 6.2 498.9 85.7 80
2021004094 0.000 12.6 94.7 489.8 271.8 0
2021004094 0.000 0.8 0.3 499.7 373.9 7
2021004094 0.000 8.1 89.0 229.6 370.1 14
2021004094 0.000 258.6 42.4 428.2 311.1 14
2021004094 0.000 101.1 50.5 245.1 317.1 14
2021004094 0.000 170.3 106.4 310.3 353.3 14
2021004094 0.000 274.3 86.1 490.6 373.1 14
2021004094 0.000 153.4 21.0 355.4 360.9 14
2021004094 0.000 213.1 6.1 497.0 372.7 14
