2021002822 0.673 189.0 102.8 225.1 124.9 0
2021002822 0.662 469.8 331.3 499.0 359.8 80
2021002822 0.583 195.5 109.2 224.8 131.6 80
2021002822 0.579 193.4 104.7 212.4 119.0 80
2021002822 0.573 202.0 93.3 224.3 110.0 80
2021002822 0.569 188.5 105.1 220.0 127.5 80
2021002822 0.555 495.3 172.5 500.2 248.6 80
2021002822 0.544 190.6 113.5 219.2 137.2 80
2021002822 0.538 496.3 234.6 500.1 321.5 80
2021002822 0.509 497.1 78.9 500.3 148.9 80
2021002822 0.402 183.4 350.3 340.1 359.7 80
2021002822 0.294 496.9 99.2 500.5 325.5 80
2021002822 0.286 498.2 59.1 500.3 230.9 80
2021002822 0.242 184.4 118.2 233.9 140.5 80
2021002822 0.237 0.9 218.1 4.0 329.7 80
2021002822 0.230 487.1 276.4 505.0 356.0 80
2021002822 0.225 0.7 52.0 3.3 150.9 80
2021002822 0.223 0.7 117.6 3.1 240.3 80
2021002822 0.216 490.4 33.9 502.1 381.8 80
2021002822 0.215 -1.7 329.3 27.5 362.9 80
2021002822 0.214 0.4 6.0 4.8 74.6 80
2021002822 0.205 50.2 351.9 175.8 361.2 80
2021002822 0.203 133.8 349.7 365.0 359.7 80
2021002822 0.203 1.2 45.2 7.5 227.6 80
2021002822 0.202 1.0 68.6 9.1 323.5 80
2021002822 0.183 1.1 28.0 21.7 330.2 80
2021002822 0.180 339.4 349.5 464.0 361.9 80
2021002822 0.174 114.7 349.3 237.2 361.0 80
2021002822 0.172 1.0 193.6 27.6 360.1 80
2021002822 0.169 450.2 96.3 503.2 350.9 80
2021002822 0.151 341.9 237.0 496.1 356.1 80
2021002822 0.148 360.8 78.8 503.1 344.6 80
2021002822 0.148 305.5 331.8 428.3 357.6 80
2021002822 0.147 63.4 326.1 204.2 358.5 80
2021002822 0.146 262.4 344.8 382.4 360.8 80
2021002822 0.140 8.1 205.0 186.2 351.6 80
2021002822 0.140 402.1 336.6 494.4 358.8 80
2021002822 0.139 5.5 92.6 77.3 351.2 80
2021002822 0.139 55.4 210.6 293.2 342.5 80
2021002822 0.138 145.1 327.2 264.6 355.5 80
2021002822 0.138 120.1 231.3 391.0 344.6 80
2021002822 0.137 194.8 206.3 438.4 337.8 80
2021002822 0.137 210.5 328.4 331.2 356.1 80
2021002822 0.136 16.5 332.0 99.3 358.3 80
2021002822 0.135 279.0 132.9 494.6 317.8 80
2021002822 0.134 439.3 166.9 484.1 341.9 80
2021002822 0.133 235.8 188.0 476.6 328.4 80
2021002822 0.131 130.8 193.8 379.3 325.2 80
2021002822 0.130 77.7 176.7 329.2 315.6 80
2021002822 0.130 24.6 162.0 245.1 315.9 80
2021002822 0.130 96.3 107.3 401.4 265.4 80
2021002822 0.129 18.1 115.5 184.2 310.9 80
2021002822 0.128 105.0 163.1 399.3 299.0 80
2021002822 0.127 49.2 139.3 266.8 296.9 80
2021002822 0.127 484.6 -1.1 506.5 17.1 80
2021002822 0.126 213.4 139.3 456.6 294.0 80
2021002822 0.126 164.5 147.2 408.2 298.0 80
2021002822 0.125 37.6 84.0 188.3 290.4 80
2021002822 0.125 118.3 147.4 349.9 291.0 80
2021002822 0.122 376.4 231.0 434.9 297.0 80
2021002822 0.122 204.0 225.7 272.0 277.5 80
2021002822 0.121 215.1 238.1 268.4 284.0 80
2021002822 0.120 127.2 220.0 192.3 271.8 80
2021002822 0.120 28.9 199.1 82.6 278.5 80
2021002822 0.120 335.6 244.3 390.3 292.5 80
2021002822 0.117 264.3 159.8 410.2 231.7 80
2021002822 0.117 210.4 172.0 334.3 234.0 80
2021002822 0.116 122.6 204.2 226.4 267.3 80
2021002822 0.116 150.3 239.1 225.0 291.1 80
2021002822 0.115 72.5 160.2 215.4 223.4 80
2021002822 0.115 27.7 149.1 173.3 211.0 80
2021002822 0.114 259.8 156.6 425.6 273.1 80
2021002822 0.114 274.7 236.1 342.7 286.9 80
2021002822 0.113 -11.6 113.0 127.9 175.0 80
2021002822 0.112 160.6 109.4 350.2 162.1 80
2021002822 0.112 237.9 86.3 529.7 153.4 80
2021002822 0.112 166.7 80.7 467.4 144.9 80
2021002822 0.112 282.4 84.0 562.5 155.9 80
2021002822 0.111 -72.6 29.5 147.5 76.3 80
2021002822 0.111 78.5 222.1 153.8 277.8 80
2021002822 0.107 386.4 68.2 549.1 145.7 80
2021002822 0.107 23.1 58.2 355.0 119.7 80
2021002822 0.107 -85.7 9.9 369.2 47.6 80
2021002822 0.107 128.5 14.2 591.2 56.6 80
2021002822 0.106 49.5 4.3 539.0 45.1 80
2021002822 0.106 -145.2 9.5 331.9 40.2 80
2021002822 0.104 161.3 7.9 653.9 38.1 80
2021002822 0.101 196.4 6.2 691.9 31.7 80
2021002822 0.100 273.0 8.7 691.1 38.6 80
2021002822 0.094 -154.2 -2.6 217.4 21.1 80
2021002822 0.094 71.6 0.7 570.6 25.1 80
2021002822 0.093 -185.6 1.4 313.2 23.3 80
2021002822 0.093 -139.3 -0.5 359.6 21.7 80
2021002822 0.092 -91.9 0.2 407.0 22.9 80
2021002822 0.092 -36.1 -3.1 462.8 19.7 80
2021002822 0.092 80.3 -1.9 579.2 20.9 80
2021002822 0.092 155.6 -0.0 654.5 23.6 80
2021002822 0.091 21.2 -2.3 520.2 21.5 80
2021002822 0.091 202.1 -0.3 701.1 22.4 80
2021002822 0.091 120.3 1.4 619.3 25.7 80
2021002822 0.673 189.0 102.8 225.1 124.9 0
2021002822 0.662 469.8 331.3 499.0 359.8 80
2021002822 0.583 195.5 109.2 224.8 131.6 80
2021002822 0.579 193.4 104.7 212.4 119.0 80
2021002822 0.573 202.0 93.3 224.3 110.0 80
2021002822 0.569 188.5 105.1 220.0 127.5 80
2021002822 0.555 495.3 172.5 500.2 248.6 80
2021002822 0.544 190.6 113.5 219.2 137.2 80
2021002822 0.538 496.3 234.6 500.1 321.5 80
2021002822 0.509 497.1 78.9 500.3 148.9 80
2021002822 0.402 183.4 350.3 340.1 359.7 80
2021002822 0.294 496.9 99.2 500.5 325.5 80
2021002822 0.286 498.2 59.1 500.3 230.9 80
2021002822 0.242 184.4 118.2 233.9 140.5 80
2021002822 0.237 0.9 218.1 4.0 329.7 80
2021002822 0.230 487.1 276.4 505.0 356.0 80
2021002822 0.225 0.7 52.0 3.3 150.9 80
2021002822 0.223 0.7 117.6 3.1 240.3 80
2021002822 0.216 490.4 33.9 502.1 381.8 80
2021002822 0.215 -1.7 329.3 27.5 362.9 80
2021002822 0.214 0.4 6.0 4.8 74.6 80
2021002822 0.205 50.2 351.9 175.8 361.2 80
2021002822 0.203 133.8 349.7 365.0 359.7 80
2021002822 0.203 1.2 45.2 7.5 227.6 80
2021002822 0.202 1.0 68.6 9.1 323.5 80
2021002822 0.183 1.1 28.0 21.7 330.2 80
2021002822 0.180 339.4 349.5 464.0 361.9 80
2021002822 0.174 114.7 349.3 237.2 361.0 80
2021002822 0.172 1.0 193.6 27.6 360.1 80
2021002822 0.169 450.2 96.3 503.2 350.9 80
2021002822 0.151 341.9 237.0 496.1 356.1 80
2021002822 0.148 360.8 78.8 503.1 344.6 80
2021002822 0.148 305.5 331.8 428.3 357.6 80
2021002822 0.147 63.4 326.1 204.2 358.5 80
2021002822 0.146 262.4 344.8 382.4 360.8 80
2021002822 0.140 8.1 205.0 186.2 351.6 80
2021002822 0.140 402.1 336.6 494.4 358.8 80
2021002822 0.139 5.5 92.6 77.3 351.2 80
2021002822 0.139 55.4 210.6 293.2 342.5 80
2021002822 0.138 145.1 327.2 264.6 355.5 80
2021002822 0.138 120.1 231.3 391.0 344.6 80
2021002822 0.137 194.8 206.3 438.4 337.8 80
2021002822 0.137 210.5 328.4 331.2 356.1 80
2021002822 0.136 16.5 332.0 99.3 358.3 80
2021002822 0.135 279.0 132.9 494.6 317.8 80
2021002822 0.134 439.3 166.9 484.1 341.9 80
2021002822 0.133 235.8 188.0 476.6 328.4 80
2021002822 0.131 130.8 193.8 379.3 325.2 80
2021002822 0.130 77.7 176.7 329.2 315.6 80
2021002822 0.130 24.6 162.0 245.1 315.9 80
2021002822 0.130 96.3 107.3 401.4 265.4 80
2021002822 0.129 18.1 115.5 184.2 310.9 80
2021002822 0.128 105.0 163.1 399.3 299.0 80
2021002822 0.127 49.2 139.3 266.8 296.9 80
2021002822 0.127 484.6 -1.1 506.5 17.1 80
2021002822 0.126 213.4 139.3 456.6 294.0 80
2021002822 0.126 164.5 147.2 408.2 298.0 80
2021002822 0.125 37.6 84.0 188.3 290.4 80
2021002822 0.125 118.3 147.4 349.9 291.0 80
2021002822 0.122 376.4 231.0 434.9 297.0 80
2021002822 0.122 204.0 225.7 272.0 277.5 80
2021002822 0.121 215.1 238.1 268.4 284.0 80
2021002822 0.120 127.2 220.0 192.3 271.8 80
2021002822 0.120 28.9 199.1 82.6 278.5 80
2021002822 0.120 335.6 244.3 390.3 292.5 80
2021002822 0.117 264.3 159.8 410.2 231.7 80
2021002822 0.117 210.4 172.0 334.3 234.0 80
2021002822 0.116 122.6 204.2 226.4 267.3 80
2021002822 0.116 150.3 239.1 225.0 291.1 80
2021002822 0.115 72.5 160.2 215.4 223.4 80
2021002822 0.115 27.7 149.1 173.3 211.0 80
2021002822 0.114 259.8 156.6 425.6 273.1 80
2021002822 0.114 274.7 236.1 342.7 286.9 80
2021002822 0.113 -11.6 113.0 127.9 175.0 80
2021002822 0.112 160.6 109.4 350.2 162.1 80
2021002822 0.112 237.9 86.3 529.7 153.4 80
2021002822 0.112 166.7 80.7 467.4 144.9 80
2021002822 0.112 282.4 84.0 562.5 155.9 80
2021002822 0.111 -72.6 29.5 147.5 76.3 80
2021002822 0.111 78.5 222.1 153.8 277.8 80
2021002822 0.107 386.4 68.2 549.1 145.7 80
2021002822 0.107 23.1 58.2 355.0 119.7 80
2021002822 0.107 -85.7 9.9 369.2 47.6 80
2021002822 0.107 128.5 14.2 591.2 56.6 80
2021002822 0.106 49.5 4.3 539.0 45.1 80
2021002822 0.106 -145.2 9.5 331.9 40.2 80
2021002822 0.104 161.3 7.9 653.9 38.1 80
2021002822 0.101 196.4 6.2 691.9 31.7 80
2021002822 0.100 273.0 8.7 691.1 38.6 80
2021002822 0.094 -154.2 -2.6 217.4 21.1 80
2021002822 0.094 71.6 0.7 570.6 25.1 80
2021002822 0.093 -185.6 1.4 313.2 23.3 80
2021002822 0.093 -139.3 -0.5 359.6 21.7 80
2021002822 0.092 -91.9 0.2 407.0 22.9 80
2021002822 0.092 -36.1 -3.1 462.8 19.7 80
2021002822 0.092 80.3 -1.9 579.2 20.9 80
2021002822 0.092 155.6 -0.0 654.5 23.6 80
2021002822 0.091 21.2 -2.3 520.2 21.5 80
2021002822 0.091 202.1 -0.3 701.1 22.4 80
2021002822 0.091 120.3 1.4 619.3 25.7 80
2021002822 0.000 244.1 69.9 370.9 219.2 80
2021002822 0.000 0.8 40.9 103.5 238.0 80
2021002822 0.000 142.3 122.6 212.2 199.7 80
2021002822 0.000 371.8 104.8 485.5 258.1 80
2021002822 0.000 256.1 133.0 316.8 196.9 80
2021002822 0.000 46.1 209.2 106.7 277.8 80
2021002822 0.000 212.5 108.6 274.4 172.5 80
2021002822 0.000 200.5 48.8 269.1 115.1 80
2021002822 0.000 83.1 113.6 145.5 180.2 80
2021002822 0.000 159.8 30.9 301.3 203.2 80
2021002822 0.000 389.8 93.0 459.5 157.4 80
2021002822 0.000 453.6 123.5 499.6 202.7 80
2021002822 0.000 139.4 78.3 204.1 146.3 80
2021002822 0.000 20.7 26.3 204.6 187.4 80
2021002822 0.000 1.5 193.3 48.0 273.6 80
2021002822 0.000 349.4 140.1 410.4 203.3 80
2021002822 0.000 324.6 9.3 495.8 184.3 80
2021002822 0.000 137.1 209.3 201.6 280.0 80
2021002822 0.000 453.4 185.2 499.6 264.5 80
2021002822 0.000 298.3 164.4 359.6 227.2 80
2021002822 0.000 357.1 190.7 415.3 255.1 80
2021002822 0.000 314.3 97.3 375.6 161.5 80
2021002822 0.000 218.9 238.7 284.1 319.8 80
2021002822 0.000 32.9 122.2 167.3 265.7 80
2021002822 0.000 90.2 180.8 149.5 244.2 80
2021002822 0.000 289.9 127.9 483.4 248.4 80
2021002822 0.000 0.8 120.9 102.1 343.6 80
2021002822 0.000 1.0 145.3 47.1 225.1 80
2021002822 0.000 449.0 51.9 499.8 147.3 80
2021002822 0.000 118.5 155.0 232.8 303.4 80
2021002822 0.000 28.1 149.5 94.0 212.6 80
2021002822 0.000 149.5 165.7 210.7 228.5 80
2021002822 0.000 257.7 3.1 327.0 70.8 80
2021002822 0.000 324.6 210.4 383.8 283.2 80
2021002822 0.000 254.5 119.7 364.0 334.2 80
2021002822 0.000 410.2 169.6 474.7 232.6 80
2021002822 0.000 0.7 21.3 51.8 101.8 80
2021002822 0.000 204.1 112.3 318.1 267.3 80
2021002822 0.000 205.9 153.8 267.4 217.0 80
2021002822 0.000 0.4 87.0 51.4 166.8 80
2021002822 0.000 102.6 49.1 243.5 303.7 80
2021002822 0.000 177.3 55.8 471.5 255.8 80
2021002822 0.000 48.1 104.4 283.2 247.8 80
2021002822 0.000 323.8 45.0 405.0 111.4 80
2021002822 0.000 45.2 20.6 381.7 247.7 80
2021002822 0.000 0.7 239.5 58.3 355.1 80
2021002822 0.000 179.3 212.3 238.0 287.3 80
2021002822 0.000 442.7 235.2 499.6 353.9 80
2021002822 0.000 219.7 190.8 278.2 254.8 80
2021002822 0.000 12.4 12.1 489.7 190.2 80
2021002822 0.000 398.5 108.2 499.6 341.3 80
2021002822 0.000 92.2 15.7 404.9 350.6 80
2021002822 0.000 260.6 40.3 426.1 300.3 80
2021002822 0.000 -1.0 5.6 284.6 356.5 80
2021002822 0.000 1.1 22.9 146.4 349.1 80
2021002822 0.000 212.8 5.9 497.5 357.8 80
2021002822 0.000 10.1 85.9 227.5 355.1 80
2021002822 0.000 257.1 161.2 364.0 292.0 80
2021002822 0.000 157.5 191.6 350.2 354.0 80
2021002822 0.000 157.3 23.6 351.8 344.1 80
2021002822 0.000 357.7 17.8 501.1 346.1 80
2021002822 0.000 183.5 8.5 410.3 125.3 80
2021002822 0.000 131.8 74.8 367.2 351.0 80
2021002822 0.000 169.8 100.6 310.5 340.0 80
2021002822 0.000 49.1 245.0 283.1 358.2 80
2021002822 0.000 5.1 268.0 130.4 359.3 80
2021002822 0.000 306.0 173.0 482.0 350.2 80
2021002822 0.000 11.7 175.8 185.3 351.2 80
2021002822 0.000 70.1 63.6 446.2 308.2 80
2021002822 0.000 3.6 64.1 363.7 355.2 80
2021002822 0.000 3.0 1.2 411.4 358.0 80
2021002822 0.000 5.2 219.5 493.9 358.7 80
2021002822 0.000 28.4 141.1 333.6 349.1 80
2021002822 0.000 222.1 246.6 473.3 358.4 80
2021002822 0.000 275.4 82.5 489.2 358.2 80
2021002822 0.000 85.1 1.0 495.9 358.0 80
2021002822 0.000 155.2 126.3 351.7 220.0 80
2021002822 0.000 159.9 64.5 493.3 356.1 80
2021002822 0.000 163.4 144.8 457.0 349.2 80
2021002822 0.000 44.7 58.4 117.0 131.5 80
2021002822 0.000 362.4 235.4 494.5 354.1 80
2021002822 0.000 244.2 193.6 297.9 262.9 80
2021002822 0.000 131.4 97.9 363.9 282.1 80
2021002822 0.000 22.4 41.7 476.4 349.6 80
2021002822 0.000 63.7 137.1 406.1 261.1 80
2021002822 0.000 0.4 96.4 498.8 351.2 80
2021002822 0.000 282.5 235.6 339.5 315.4 80
2021002822 0.000 14.6 91.8 487.7 260.2 80
2021002822 0.000 0.8 0.5 499.6 359.0 80
2021002822 0.000 1.6 19.5 498.4 296.3 80
2021002822 0.000 424.3 6.0 498.8 82.2 80
2021002822 0.000 14.6 91.8 487.7 260.2 0
2021002822 0.000 260.6 40.3 426.1 300.3 14
2021002822 0.000 169.8 100.6 310.5 340.0 14
2021002822 0.000 10.1 85.9 227.5 355.1 14
2021002822 0.000 102.6 49.1 243.5 303.7 14
2021002822 0.000 157.3 23.6 351.8 344.1 14
2021002822 0.000 275.4 82.5 489.2 358.2 14
2021002822 0.000 131.8 74.8 367.2 351.0 14
2021002822 0.000 0.8 0.5 499.6 359.0 7
