2021000000038210 0.771 394.8 585.0 436.5 638.2 80
2021000000038210 0.763 67.5 265.5 210.0 550.4 18
2021000000038210 0.762 7.5 227.6 425.3 403.5 80
2021000000038210 0.758 74.1 289.0 208.0 544.9 80
2021000000038210 0.756 77.5 269.6 200.4 418.4 80
2021000000038210 0.752 416.2 441.9 429.3 485.6 80
2021000000038210 0.751 82.9 267.5 208.0 538.4 80
2021000000038210 0.744 351.7 424.5 384.2 463.8 80
2021000000038210 0.743 362.6 295.0 425.4 473.9 80
2021000000038210 0.740 183.4 293.6 197.2 316.8 80
2021000000038210 0.739 96.4 342.3 122.6 395.2 80
2021000000038210 0.737 354.5 292.2 425.7 466.8 80
2021000000038210 0.732 30.0 336.4 44.9 379.4 80
2021000000038210 0.725 26.3 332.5 37.4 360.1 80
2021000000038210 0.725 25.2 340.8 40.3 381.1 80
2021000000038210 0.721 32.4 332.6 43.9 368.5 80
2021000000038210 0.719 399.0 293.7 428.1 352.1 80
2021000000038210 0.716 398.3 290.9 427.2 470.6 80
2021000000038210 0.710 398.9 233.2 431.3 430.0 80
2021000000038210 0.703 25.8 330.5 45.1 377.6 18
