2021002473 0.677 1.5 13.4 497.2 332.9 1
2021002473 0.663 470.1 337.2 499.2 374.5 80
2021002473 0.624 439.3 186.0 487.8 316.8 80
2021002473 0.594 1.3 20.2 499.5 284.8 80
2021002473 0.550 -0.4 40.4 498.6 311.2 80
2021002473 0.549 495.9 160.4 500.2 261.8 80
2021002473 0.502 1.1 179.7 5.9 258.0 80
2021002473 0.485 497.8 217.9 500.1 312.1 80
2021002473 0.457 462.6 118.7 497.2 332.5 80
2021002473 0.414 498.8 64.7 500.2 167.6 80
2021002473 0.372 17.0 362.0 494.7 375.9 80
2021002473 0.321 498.2 37.8 500.3 270.5 80
2021002473 0.317 6.5 194.5 497.5 314.5 80
2021002473 0.308 485.8 10.8 501.4 337.7 80
2021002473 0.305 0.9 167.8 3.7 316.9 80
2021002473 0.302 1.1 83.8 3.2 216.8 80
2021002473 0.279 1.2 28.2 6.7 268.7 80
2021002473 0.254 1.0 63.9 6.4 305.1 80
2021002473 0.251 114.9 52.0 484.7 296.2 80
2021002473 0.212 0.1 2.2 5.0 77.9 80
2021002473 0.202 -0.4 15.1 17.0 310.6 80
2021002473 0.197 1.9 149.7 14.6 369.5 80
2021002473 0.190 -0.8 310.4 18.2 383.4 80
2021002473 0.175 79.5 355.3 438.1 374.9 80
2021002473 0.172 488.6 272.7 504.3 362.9 80
2021002473 0.166 -2.1 53.0 57.3 379.4 80
2021002473 0.156 280.8 149.4 493.1 297.9 80
2021002473 0.151 282.8 340.6 450.4 369.4 80
2021002473 0.146 309.7 131.6 492.0 296.2 80
2021002473 0.144 13.2 207.6 181.7 366.3 80
2021002473 0.143 15.0 85.9 374.9 259.8 80
2021002473 0.143 31.7 217.1 332.4 338.3 80
2021002473 0.142 46.6 150.9 452.8 298.1 80
2021002473 0.141 316.1 207.3 506.2 343.6 80
2021002473 0.141 161.4 211.9 459.1 323.5 80
2021002473 0.139 220.8 196.4 483.6 318.8 80
2021002473 0.139 106.7 209.5 208.2 277.9 80
2021002473 0.138 15.5 83.2 263.1 261.5 80
2021002473 0.137 332.1 359.5 459.3 378.4 80
2021002473 0.137 87.7 200.5 414.5 319.6 80
2021002473 0.135 63.0 332.4 209.8 370.8 80
2021002473 0.135 106.0 145.8 455.4 290.1 80
2021002473 0.134 40.2 190.1 368.7 309.2 80
2021002473 0.133 9.7 88.0 98.2 284.5 80
2021002473 0.132 137.9 236.1 229.5 278.4 80
2021002473 0.132 11.1 182.6 270.0 310.2 80
2021002473 0.132 181.8 142.6 476.3 280.5 80
2021002473 0.132 192.1 176.8 338.6 262.2 80
2021002473 0.131 57.1 147.0 408.8 285.8 80
2021002473 0.130 53.7 101.3 453.7 262.4 80
2021002473 0.129 159.8 163.4 292.6 251.4 80
2021002473 0.129 7.5 133.2 206.0 290.2 80
2021002473 0.129 50.7 360.1 161.8 377.4 80
2021002473 0.128 72.3 201.8 153.8 270.5 80
2021002473 0.128 19.7 155.0 310.4 285.7 80
2021002473 0.127 295.6 124.7 478.1 275.7 80
2021002473 0.126 304.3 240.9 405.2 294.4 80
2021002473 0.126 196.2 341.5 344.7 367.5 80
2021002473 0.125 19.3 335.8 90.0 372.9 80
2021002473 0.124 22.9 94.9 409.6 251.1 80
2021002473 0.124 135.2 334.0 285.6 366.6 80
2021002473 0.124 182.8 152.5 371.2 262.0 80
2021002473 0.123 125.7 114.3 473.5 257.4 80
2021002473 0.123 14.9 104.3 246.8 255.7 80
2021002473 0.122 113.0 147.9 227.4 232.2 80
2021002473 0.121 264.5 355.3 387.3 374.6 80
2021002473 0.120 281.7 161.4 437.1 260.9 80
2021002473 0.119 194.4 161.4 419.3 282.5 80
2021002473 0.119 115.2 188.1 287.6 260.3 80
2021002473 0.119 16.9 109.7 331.0 252.9 80
2021002473 0.119 123.0 357.3 240.4 376.2 80
2021002473 0.118 403.4 343.0 492.8 371.7 80
2021002473 0.118 362.1 199.2 482.7 285.7 80
2021002473 0.116 91.0 117.3 453.0 245.5 80
2021002473 0.115 60.1 58.7 489.9 167.9 80
2021002473 0.115 71.9 130.0 400.3 242.2 80
2021002473 0.112 274.6 132.0 528.1 237.5 80
2021002473 0.112 -56.2 27.1 120.2 79.6 80
2021002473 0.111 -23.6 86.5 121.2 168.3 80
2021002473 0.108 -59.0 44.8 328.1 128.9 80
2021002473 0.108 19.7 12.6 472.3 85.1 80
2021002473 0.108 100.4 53.7 555.6 160.7 80
2021002473 0.105 277.4 70.0 633.5 184.9 80
2021002473 0.104 168.6 18.2 619.9 95.2 80
2021002473 0.103 -141.0 9.7 333.2 59.0 80
2021002473 0.102 -51.0 -3.7 447.6 53.8 80
2021002473 0.101 66.5 -4.4 564.8 52.0 80
2021002473 0.100 193.6 5.6 689.5 44.8 80
2021002473 0.098 246.2 8.5 711.8 45.5 80
2021002473 0.096 128.2 -4.7 627.2 29.2 80
2021002473 0.094 -201.6 -2.0 266.4 20.0 80
2021002473 0.093 -138.0 -0.4 361.0 20.1 80
2021002473 0.093 -35.8 -1.6 463.2 18.4 80
2021002473 0.092 -185.0 1.0 313.9 23.7 80
2021002473 0.091 -89.2 -0.3 409.8 22.1 80
2021002473 0.090 203.8 -0.6 702.8 22.0 80
2021002473 0.089 25.3 -2.8 524.3 21.8 80
2021002473 0.089 160.1 -2.0 659.1 22.5 80
2021002473 0.089 84.9 -2.8 583.9 20.7 80
2021002473 0.089 233.0 1.6 731.9 26.0 80
2021002473 0.677 1.5 13.4 497.2 332.9 1
2021002473 0.663 470.1 337.2 499.2 374.5 80
2021002473 0.624 439.3 186.0 487.8 316.8 80
2021002473 0.594 1.3 20.2 499.5 284.8 80
2021002473 0.550 -0.4 40.4 498.6 311.2 80
2021002473 0.549 495.9 160.4 500.2 261.8 80
2021002473 0.502 1.1 179.7 5.9 258.0 80
2021002473 0.485 497.8 217.9 500.1 312.1 80
2021002473 0.457 462.6 118.7 497.2 332.5 80
2021002473 0.414 498.8 64.7 500.2 167.6 80
2021002473 0.372 17.0 362.0 494.7 375.9 80
2021002473 0.321 498.2 37.8 500.3 270.5 80
2021002473 0.317 6.5 194.5 497.5 314.5 80
2021002473 0.308 485.8 10.8 501.4 337.7 80
2021002473 0.305 0.9 167.8 3.7 316.9 80
2021002473 0.302 1.1 83.8 3.2 216.8 80
2021002473 0.279 1.2 28.2 6.7 268.7 80
2021002473 0.254 1.0 63.9 6.4 305.1 80
2021002473 0.251 114.9 52.0 484.7 296.2 80
2021002473 0.212 0.1 2.2 5.0 77.9 80
2021002473 0.202 -0.4 15.1 17.0 310.6 80
2021002473 0.197 1.9 149.7 14.6 369.5 80
2021002473 0.190 -0.8 310.4 18.2 383.4 80
2021002473 0.175 79.5 355.3 438.1 374.9 80
2021002473 0.172 488.6 272.7 504.3 362.9 80
2021002473 0.166 -2.1 53.0 57.3 379.4 80
2021002473 0.156 280.8 149.4 493.1 297.9 80
2021002473 0.151 282.8 340.6 450.4 369.4 80
2021002473 0.146 309.7 131.6 492.0 296.2 80
2021002473 0.144 13.2 207.6 181.7 366.3 80
2021002473 0.143 15.0 85.9 374.9 259.8 80
2021002473 0.143 31.7 217.1 332.4 338.3 80
2021002473 0.142 46.6 150.9 452.8 298.1 80
2021002473 0.141 316.1 207.3 506.2 343.6 80
2021002473 0.141 161.4 211.9 459.1 323.5 80
2021002473 0.139 220.8 196.4 483.6 318.8 80
2021002473 0.139 106.7 209.5 208.2 277.9 80
2021002473 0.138 15.5 83.2 263.1 261.5 80
2021002473 0.137 332.1 359.5 459.3 378.4 80
2021002473 0.137 87.7 200.5 414.5 319.6 80
2021002473 0.135 63.0 332.4 209.8 370.8 80
2021002473 0.135 106.0 145.8 455.4 290.1 80
2021002473 0.134 40.2 190.1 368.7 309.2 80
2021002473 0.133 9.7 88.0 98.2 284.5 80
2021002473 0.132 137.9 236.1 229.5 278.4 80
2021002473 0.132 11.1 182.6 270.0 310.2 80
2021002473 0.132 181.8 142.6 476.3 280.5 80
2021002473 0.132 192.1 176.8 338.6 262.2 80
2021002473 0.131 57.1 147.0 408.8 285.8 80
2021002473 0.130 53.7 101.3 453.7 262.4 80
2021002473 0.129 159.8 163.4 292.6 251.4 80
2021002473 0.129 7.5 133.2 206.0 290.2 80
2021002473 0.129 50.7 360.1 161.8 377.4 80
2021002473 0.128 72.3 201.8 153.8 270.5 80
2021002473 0.128 19.7 155.0 310.4 285.7 80
2021002473 0.127 295.6 124.7 478.1 275.7 80
2021002473 0.126 304.3 240.9 405.2 294.4 80
2021002473 0.126 196.2 341.5 344.7 367.5 80
2021002473 0.125 19.3 335.8 90.0 372.9 80
2021002473 0.124 22.9 94.9 409.6 251.1 80
2021002473 0.124 135.2 334.0 285.6 366.6 80
2021002473 0.124 182.8 152.5 371.2 262.0 80
2021002473 0.123 125.7 114.3 473.5 257.4 80
2021002473 0.123 14.9 104.3 246.8 255.7 80
2021002473 0.122 113.0 147.9 227.4 232.2 80
2021002473 0.121 264.5 355.3 387.3 374.6 80
2021002473 0.120 281.7 161.4 437.1 260.9 80
2021002473 0.119 194.4 161.4 419.3 282.5 80
2021002473 0.119 115.2 188.1 287.6 260.3 80
2021002473 0.119 16.9 109.7 331.0 252.9 80
2021002473 0.119 123.0 357.3 240.4 376.2 80
2021002473 0.118 403.4 343.0 492.8 371.7 80
2021002473 0.118 362.1 199.2 482.7 285.7 80
2021002473 0.116 91.0 117.3 453.0 245.5 80
2021002473 0.115 60.1 58.7 489.9 167.9 80
2021002473 0.115 71.9 130.0 400.3 242.2 80
2021002473 0.112 274.6 132.0 528.1 237.5 80
2021002473 0.112 -56.2 27.1 120.2 79.6 80
2021002473 0.111 -23.6 86.5 121.2 168.3 80
2021002473 0.108 -59.0 44.8 328.1 128.9 80
2021002473 0.108 19.7 12.6 472.3 85.1 80
2021002473 0.108 100.4 53.7 555.6 160.7 80
2021002473 0.105 277.4 70.0 633.5 184.9 80
2021002473 0.104 168.6 18.2 619.9 95.2 80
2021002473 0.103 -141.0 9.7 333.2 59.0 80
2021002473 0.102 -51.0 -3.7 447.6 53.8 80
2021002473 0.101 66.5 -4.4 564.8 52.0 80
2021002473 0.100 193.6 5.6 689.5 44.8 80
2021002473 0.098 246.2 8.5 711.8 45.5 80
2021002473 0.096 128.2 -4.7 627.2 29.2 80
2021002473 0.094 -201.6 -2.0 266.4 20.0 80
2021002473 0.093 -138.0 -0.4 361.0 20.1 80
2021002473 0.093 -35.8 -1.6 463.2 18.4 80
2021002473 0.092 -185.0 1.0 313.9 23.7 80
2021002473 0.091 -89.2 -0.3 409.8 22.1 80
2021002473 0.090 203.8 -0.6 702.8 22.0 80
2021002473 0.089 25.3 -2.8 524.3 21.8 80
2021002473 0.089 160.1 -2.0 659.1 22.5 80
2021002473 0.089 84.9 -2.8 583.9 20.7 80
2021002473 0.089 233.0 1.6 731.9 26.0 80
2021002473 0.000 242.0 73.2 372.7 227.7 80
2021002473 0.000 0.9 43.1 103.5 247.8 80
2021002473 0.000 143.7 135.9 210.3 202.4 80
2021002473 0.000 211.4 111.8 275.3 178.0 80
2021002473 0.000 371.0 109.2 486.3 268.7 80
2021002473 0.000 255.8 137.9 317.1 204.5 80
2021002473 0.000 156.6 31.4 304.0 211.6 80
2021002473 0.000 45.5 217.8 107.4 288.9 80
2021002473 0.000 136.3 82.3 207.6 151.5 80
2021002473 0.000 81.5 117.6 146.9 186.5 80
2021002473 0.000 197.9 51.8 272.4 119.8 80
2021002473 0.000 453.6 128.4 499.6 211.2 80
2021002473 0.000 387.8 97.3 461.7 164.2 80
2021002473 0.000 348.6 145.3 411.0 211.1 80
2021002473 0.000 136.9 218.3 201.8 292.7 80
2021002473 0.000 19.5 26.1 206.5 194.8 80
2021002473 0.000 1.5 201.3 48.0 285.0 80
2021002473 0.000 297.9 170.7 359.9 236.2 80
2021002473 0.000 453.4 192.9 499.6 275.6 80
2021002473 0.000 356.3 197.7 415.7 265.7 80
2021002473 0.000 313.5 100.9 376.2 167.7 80
2021002473 0.000 323.9 8.3 496.6 191.8 80
2021002473 0.000 287.5 132.8 485.8 257.7 80
2021002473 0.000 205.6 160.1 267.3 225.4 80
2021002473 0.000 0.9 125.8 102.1 357.9 80
2021002473 0.000 33.3 127.4 166.8 276.8 80
2021002473 0.000 1.0 151.5 47.1 234.6 80
2021002473 0.000 89.9 187.8 149.8 253.9 80
2021002473 0.000 449.0 54.1 499.7 153.4 80
2021002473 0.000 117.9 161.9 233.2 316.5 80
2021002473 0.000 218.0 251.8 286.7 331.9 80
2021002473 0.000 149.3 172.2 210.8 237.6 80
2021002473 0.000 410.1 176.6 474.8 242.3 80
2021002473 0.000 27.0 155.1 94.9 220.9 80
2021002473 0.000 323.9 218.2 384.1 295.1 80
2021002473 0.000 202.7 116.7 319.1 275.9 80
2021002473 0.000 177.6 56.6 471.2 267.4 80
2021002473 0.000 252.3 124.0 366.8 347.9 80
2021002473 0.000 0.5 90.4 51.3 173.8 80
2021002473 0.000 0.7 22.0 51.8 106.0 80
2021002473 0.000 46.4 108.1 284.6 258.9 80
2021002473 0.000 101.1 50.5 245.1 317.1 80
2021002473 0.000 255.5 3.7 329.5 73.3 80
2021002473 0.000 322.9 47.5 406.2 116.3 80
2021002473 0.000 43.3 21.4 383.8 258.4 80
2021002473 0.000 0.6 249.6 58.3 369.8 80
2021002473 0.000 178.6 220.3 238.0 300.5 80
2021002473 0.000 442.7 245.1 499.6 368.5 80
2021002473 0.000 398.6 113.5 499.6 355.5 80
2021002473 0.000 10.6 10.6 491.5 199.6 80
2021002473 0.000 258.6 42.4 428.2 311.1 80
2021002473 0.000 90.0 16.9 408.1 364.6 80
2021002473 0.000 256.1 169.2 365.6 301.9 80
2021002473 0.000 -2.4 5.4 286.1 371.6 80
2021002473 0.000 8.1 89.0 229.6 370.1 80
2021002473 0.000 0.7 22.9 146.6 363.6 80
2021002473 0.000 213.1 6.1 497.0 372.7 80
2021002473 0.000 131.2 78.4 368.1 365.5 80
2021002473 0.000 156.2 201.7 351.1 369.4 80
2021002473 0.000 170.3 106.4 310.3 353.3 80
2021002473 0.000 153.4 21.0 355.4 360.9 80
2021002473 0.000 357.6 18.1 500.9 361.1 80
2021002473 0.000 68.8 68.1 447.4 321.4 80
2021002473 0.000 177.0 8.2 417.9 127.1 80
2021002473 0.000 43.6 254.9 289.5 373.6 80
2021002473 0.000 2.3 68.4 366.1 369.3 80
2021002473 0.000 5.1 279.1 130.5 374.3 80
2021002473 0.000 12.0 183.0 185.2 365.8 80
2021002473 0.000 305.3 180.1 482.3 365.0 80
2021002473 0.000 220.0 199.0 278.3 264.7 80
2021002473 0.000 24.3 146.3 338.1 364.6 80
2021002473 0.000 2.5 1.3 412.8 373.0 80
2021002473 0.000 150.8 131.3 355.6 228.6 80
2021002473 0.000 274.3 86.1 490.6 373.1 80
2021002473 0.000 3.0 228.5 496.0 374.4 80
2021002473 0.000 220.7 257.3 474.7 373.5 80
2021002473 0.000 84.5 1.1 496.2 372.9 80
2021002473 0.000 158.6 67.8 495.0 371.2 80
2021002473 0.000 157.9 150.5 463.3 364.9 80
2021002473 0.000 362.6 245.1 494.3 368.9 80
2021002473 0.000 44.4 60.6 117.3 136.8 80
2021002473 0.000 129.9 101.9 365.9 294.0 80
2021002473 0.000 22.3 43.4 477.5 366.6 80
2021002473 0.000 60.2 142.4 409.5 272.0 80
2021002473 0.000 0.4 100.8 499.0 366.5 80
2021002473 0.000 244.0 202.0 298.7 273.9 80
2021002473 0.000 12.6 94.7 489.8 271.8 80
2021002473 0.000 0.8 0.3 499.7 373.9 80
2021002473 0.000 1.3 18.3 498.9 309.8 80
2021002473 0.000 286.3 250.3 340.8 319.0 80
2021002473 0.000 424.2 6.2 498.9 85.7 80
2021002473 0.000 12.6 94.7 489.8 271.8 0
2021002473 0.000 0.8 0.3 499.7 373.9 7
2021002473 0.000 8.1 89.0 229.6 370.1 14
2021002473 0.000 258.6 42.4 428.2 311.1 14
2021002473 0.000 101.1 50.5 245.1 317.1 14
2021002473 0.000 170.3 106.4 310.3 353.3 14
2021002473 0.000 274.3 86.1 490.6 373.1 14
2021002473 0.000 153.4 21.0 355.4 360.9 14
2021002473 0.000 213.1 6.1 497.0 372.7 14
