2021000000579893 0.651 466.5 307.1 496.5 331.9 80
2021000000579893 0.630 314.1 1.1 504.0 332.0 80
2021000000579893 0.602 300.4 2.4 503.4 330.6 80
2021000000579893 0.585 494.0 197.0 500.3 327.1 80
2021000000579893 0.570 371.3 320.8 426.1 331.1 80
2021000000579893 0.547 482.2 252.6 501.7 327.4 80
2021000000579893 0.534 288.5 319.1 381.1 331.6 80
2021000000579893 0.532 265.2 2.9 494.8 333.2 80
2021000000579893 0.508 443.6 6.6 507.8 337.6 80
2021000000579893 0.506 3.1 1.3 501.6 332.2 80
2021000000579893 0.482 487.2 45.5 501.4 337.3 80
2021000000579893 0.464 226.5 2.1 503.0 333.0 80
2021000000579893 0.442 162.1 321.8 366.1 332.4 80
2021000000579893 0.416 497.7 124.0 500.1 294.9 80
2021000000579893 0.333 373.2 46.7 511.5 331.1 80
2021000000579893 0.331 499.3 62.7 500.2 162.8 80
2021000000579893 0.273 494.5 35.1 501.4 362.2 80
2021000000579893 0.238 258.2 3.2 497.0 334.1 80
2021000000579893 0.229 0.7 4.3 4.5 71.0 80
2021000000579893 0.228 0.6 39.2 3.2 139.2 80
2021000000579893 0.226 258.2 3.2 497.0 334.1 3
2021000000579893 0.224 0.6 179.2 4.2 302.6 80
2021000000579893 0.223 0.6 86.8 3.1 221.9 80
2021000000579893 0.220 114.4 320.5 389.2 332.2 80
2021000000579893 0.206 -1.7 299.8 27.2 336.5 80
2021000000579893 0.201 0.9 33.8 7.8 210.3 80
2021000000579893 0.200 44.0 324.6 183.2 333.3 80
2021000000579893 0.200 0.4 44.4 9.9 304.1 80
2021000000579893 0.194 258.2 3.2 497.0 334.1 6
2021000000579893 0.194 0.5 17.8 21.2 310.0 80
2021000000579893 0.169 391.1 314.6 503.2 332.8 80
2021000000579893 0.168 -0.2 178.6 31.6 335.1 80
2021000000579893 0.164 304.1 306.7 434.2 332.3 80
2021000000579893 0.157 247.4 72.1 514.5 298.7 80
2021000000579893 0.155 304.5 138.0 524.2 328.5 80
2021000000579893 0.154 258.2 3.2 497.0 334.1 13
2021000000579893 0.146 59.1 302.9 212.6 330.5 80
2021000000579893 0.144 114.5 20.0 405.8 323.2 80
2021000000579893 0.144 206.3 305.0 342.4 330.2 80
2021000000579893 0.143 113.8 320.3 235.8 333.2 80
2021000000579893 0.142 201.9 69.1 484.4 295.5 80
2021000000579893 0.142 221.2 134.6 489.4 307.9 80
2021000000579893 0.140 179.5 160.9 456.5 314.6 80
2021000000579893 0.140 8.1 196.9 186.4 325.1 80
2021000000579893 0.139 138.7 303.8 281.5 328.8 80
2021000000579893 0.138 82.5 135.2 423.5 282.8 80
2021000000579893 0.138 41.2 198.9 311.4 316.3 80
2021000000579893 0.138 97.8 203.2 413.9 316.2 80
2021000000579893 0.137 3.9 78.1 81.8 323.7 80
2021000000579893 0.134 15.4 306.6 100.7 330.7 80
2021000000579893 0.132 118.0 172.7 396.6 301.9 80
2021000000579893 0.130 61.8 166.3 350.3 291.8 80
2021000000579893 0.129 157.2 116.3 426.3 285.6 80
2021000000579893 0.126 19.2 154.1 252.8 288.9 80
2021000000579893 0.125 14.0 106.3 189.8 282.4 80
2021000000579893 0.124 41.1 128.9 278.9 274.9 80
2021000000579893 0.124 107.4 135.7 366.8 269.9 80
2021000000579893 0.122 190.8 73.8 443.9 274.5 80
2021000000579893 0.121 136.2 227.6 181.7 266.4 80
2021000000579893 0.121 76.5 122.8 314.5 260.8 80
2021000000579893 0.121 195.8 223.9 238.6 262.0 80
2021000000579893 0.119 31.9 194.2 80.8 257.1 80
2021000000579893 0.118 312.4 157.6 402.6 273.6 80
2021000000579893 0.118 255.2 180.0 323.6 240.2 80
2021000000579893 0.118 125.8 147.5 249.2 202.5 80
2021000000579893 0.118 37.8 112.1 156.3 252.5 80
2021000000579893 0.117 193.8 156.6 291.5 212.7 80
2021000000579893 0.117 319.1 138.7 427.9 256.9 80
2021000000579893 0.117 72.0 108.1 292.3 243.4 80
2021000000579893 0.115 60.7 132.4 223.5 188.7 80
2021000000579893 0.115 11.0 118.3 191.0 176.5 80
2021000000579893 0.113 200.9 86.6 452.8 162.4 80
2021000000579893 0.112 -36.1 85.5 157.2 143.0 80
2021000000579893 0.111 -73.4 22.7 145.6 62.6 80
2021000000579893 0.111 116.8 44.0 457.5 95.9 80
2021000000579893 0.110 236.9 97.7 550.6 233.7 80
2021000000579893 0.110 31.6 26.6 445.8 72.0 80
2021000000579893 0.110 -15.8 23.4 389.2 66.9 80
2021000000579893 0.110 61.2 41.2 486.2 113.1 80
2021000000579893 0.108 74.4 194.1 155.5 253.5 80
2021000000579893 0.106 180.4 24.0 608.1 101.8 80
2021000000579893 0.106 158.9 18.4 567.7 84.4 80
2021000000579893 0.106 189.3 168.0 338.0 253.5 80
2021000000579893 0.105 245.6 66.4 637.8 203.8 80
2021000000579893 0.104 -112.2 5.9 383.7 29.5 80
2021000000579893 0.104 -156.4 6.3 339.9 29.5 80
2021000000579893 0.101 183.3 3.4 681.5 43.7 80
2021000000579893 0.100 47.2 1.3 546.2 28.5 80
2021000000579893 0.100 226.3 7.0 720.9 40.5 80
2021000000579893 0.095 74.8 -0.5 573.8 21.0 80
2021000000579893 0.095 -139.0 -0.4 360.0 16.9 80
2021000000579893 0.095 -39.3 -1.2 459.7 17.5 80
2021000000579893 0.094 -211.8 -2.0 276.6 17.3 80
2021000000579893 0.093 -48.2 2.1 450.8 24.0 80
2021000000579893 0.093 -0.0 1.8 499.0 23.2 80
2021000000579893 0.093 -186.0 1.7 312.9 21.2 80
2021000000579893 0.092 -94.1 1.3 404.8 21.7 80
2021000000579893 0.091 21.2 -1.3 520.2 19.1 80
2021000000579893 0.091 157.0 0.2 656.0 20.5 80
2021000000579893 0.091 82.2 -1.8 581.2 18.0 80
2021000000579893 0.651 466.5 307.1 496.5 331.9 80
2021000000579893 0.630 314.1 1.1 504.0 332.0 80
2021000000579893 0.602 300.4 2.4 503.4 330.6 80
2021000000579893 0.585 494.0 197.0 500.3 327.1 80
2021000000579893 0.570 371.3 320.8 426.1 331.1 80
2021000000579893 0.547 482.2 252.6 501.7 327.4 80
2021000000579893 0.534 288.5 319.1 381.1 331.6 80
2021000000579893 0.532 265.2 2.9 494.8 333.2 80
2021000000579893 0.508 443.6 6.6 507.8 337.6 80
2021000000579893 0.506 3.1 1.3 501.6 332.2 80
2021000000579893 0.482 487.2 45.5 501.4 337.3 80
2021000000579893 0.464 226.5 2.1 503.0 333.0 80
2021000000579893 0.442 162.1 321.8 366.1 332.4 80
2021000000579893 0.416 497.7 124.0 500.1 294.9 80
2021000000579893 0.333 373.2 46.7 511.5 331.1 80
2021000000579893 0.331 499.3 62.7 500.2 162.8 80
2021000000579893 0.273 494.5 35.1 501.4 362.2 80
2021000000579893 0.238 258.2 3.2 497.0 334.1 80
2021000000579893 0.229 0.7 4.3 4.5 71.0 80
2021000000579893 0.228 0.6 39.2 3.2 139.2 80
2021000000579893 0.226 258.2 3.2 497.0 334.1 3
2021000000579893 0.224 0.6 179.2 4.2 302.6 80
2021000000579893 0.223 0.6 86.8 3.1 221.9 80
2021000000579893 0.220 114.4 320.5 389.2 332.2 80
2021000000579893 0.206 -1.7 299.8 27.2 336.5 80
2021000000579893 0.201 0.9 33.8 7.8 210.3 80
2021000000579893 0.200 44.0 324.6 183.2 333.3 80
2021000000579893 0.200 0.4 44.4 9.9 304.1 80
2021000000579893 0.194 258.2 3.2 497.0 334.1 6
2021000000579893 0.194 0.5 17.8 21.2 310.0 80
2021000000579893 0.169 391.1 314.6 503.2 332.8 80
2021000000579893 0.168 -0.2 178.6 31.6 335.1 80
2021000000579893 0.164 304.1 306.7 434.2 332.3 80
2021000000579893 0.157 247.4 72.1 514.5 298.7 80
2021000000579893 0.155 304.5 138.0 524.2 328.5 80
2021000000579893 0.154 258.2 3.2 497.0 334.1 13
2021000000579893 0.146 59.1 302.9 212.6 330.5 80
2021000000579893 0.144 114.5 20.0 405.8 323.2 80
2021000000579893 0.144 206.3 305.0 342.4 330.2 80
2021000000579893 0.143 113.8 320.3 235.8 333.2 80
2021000000579893 0.142 201.9 69.1 484.4 295.5 80
2021000000579893 0.142 221.2 134.6 489.4 307.9 80
2021000000579893 0.140 179.5 160.9 456.5 314.6 80
2021000000579893 0.140 8.1 196.9 186.4 325.1 80
2021000000579893 0.139 138.7 303.8 281.5 328.8 80
2021000000579893 0.138 82.5 135.2 423.5 282.8 80
2021000000579893 0.138 41.2 198.9 311.4 316.3 80
2021000000579893 0.138 97.8 203.2 413.9 316.2 80
2021000000579893 0.137 3.9 78.1 81.8 323.7 80
2021000000579893 0.134 15.4 306.6 100.7 330.7 80
2021000000579893 0.132 118.0 172.7 396.6 301.9 80
2021000000579893 0.130 61.8 166.3 350.3 291.8 80
2021000000579893 0.129 157.2 116.3 426.3 285.6 80
2021000000579893 0.126 19.2 154.1 252.8 288.9 80
2021000000579893 0.125 14.0 106.3 189.8 282.4 80
2021000000579893 0.124 41.1 128.9 278.9 274.9 80
2021000000579893 0.124 107.4 135.7 366.8 269.9 80
2021000000579893 0.122 190.8 73.8 443.9 274.5 80
2021000000579893 0.121 136.2 227.6 181.7 266.4 80
2021000000579893 0.121 76.5 122.8 314.5 260.8 80
2021000000579893 0.121 195.8 223.9 238.6 262.0 80
2021000000579893 0.119 31.9 194.2 80.8 257.1 80
2021000000579893 0.118 312.4 157.6 402.6 273.6 80
2021000000579893 0.118 255.2 180.0 323.6 240.2 80
2021000000579893 0.118 125.8 147.5 249.2 202.5 80
2021000000579893 0.118 37.8 112.1 156.3 252.5 80
2021000000579893 0.117 193.8 156.6 291.5 212.7 80
2021000000579893 0.117 319.1 138.7 427.9 256.9 80
2021000000579893 0.117 72.0 108.1 292.3 243.4 80
2021000000579893 0.115 60.7 132.4 223.5 188.7 80
2021000000579893 0.115 11.0 118.3 191.0 176.5 80
2021000000579893 0.113 200.9 86.6 452.8 162.4 80
2021000000579893 0.112 -36.1 85.5 157.2 143.0 80
2021000000579893 0.111 -73.4 22.7 145.6 62.6 80
2021000000579893 0.111 116.8 44.0 457.5 95.9 80
2021000000579893 0.110 236.9 97.7 550.6 233.7 80
2021000000579893 0.110 31.6 26.6 445.8 72.0 80
2021000000579893 0.110 -15.8 23.4 389.2 66.9 80
2021000000579893 0.110 61.2 41.2 486.2 113.1 80
2021000000579893 0.108 74.4 194.1 155.5 253.5 80
2021000000579893 0.106 180.4 24.0 608.1 101.8 80
2021000000579893 0.106 158.9 18.4 567.7 84.4 80
2021000000579893 0.106 189.3 168.0 338.0 253.5 80
2021000000579893 0.105 245.6 66.4 637.8 203.8 80
2021000000579893 0.104 -112.2 5.9 383.7 29.5 80
2021000000579893 0.104 -156.4 6.3 339.9 29.5 80
2021000000579893 0.101 183.3 3.4 681.5 43.7 80
2021000000579893 0.100 47.2 1.3 546.2 28.5 80
2021000000579893 0.100 226.3 7.0 720.9 40.5 80
2021000000579893 0.095 74.8 -0.5 573.8 21.0 80
2021000000579893 0.095 -139.0 -0.4 360.0 16.9 80
2021000000579893 0.095 -39.3 -1.2 459.7 17.5 80
2021000000579893 0.094 -211.8 -2.0 276.6 17.3 80
2021000000579893 0.093 -48.2 2.1 450.8 24.0 80
2021000000579893 0.093 -0.0 1.8 499.0 23.2 80
2021000000579893 0.093 -186.0 1.7 312.9 21.2 80
2021000000579893 0.092 -94.1 1.3 404.8 21.7 80
2021000000579893 0.091 21.2 -1.3 520.2 19.1 80
2021000000579893 0.091 157.0 0.2 656.0 20.5 80
2021000000579893 0.091 82.2 -1.8 581.2 18.0 80
2021000000579893 0.000 0.8 39.5 103.7 219.3 80
2021000000579893 0.000 245.1 64.4 370.2 202.5 80
2021000000579893 0.000 203.1 44.3 266.1 106.4 80
2021000000579893 0.000 256.6 123.3 316.4 182.3 80
2021000000579893 0.000 372.7 97.0 484.8 238.0 80
2021000000579893 0.000 45.9 193.0 106.8 256.1 80
2021000000579893 0.000 83.8 105.4 144.8 167.1 80
2021000000579893 0.000 133.1 93.2 218.1 193.4 80
2021000000579893 0.000 390.5 85.5 458.7 144.7 80
2021000000579893 0.000 453.6 114.1 499.6 186.9 80
2021000000579893 0.000 213.4 101.4 273.6 160.6 80
2021000000579893 0.000 141.4 73.0 202.4 136.1 80
2021000000579893 0.000 22.0 26.2 202.7 173.4 80
2021000000579893 0.000 325.8 10.4 494.5 169.9 80
2021000000579893 0.000 1.5 178.6 48.0 252.3 80
2021000000579893 0.000 162.0 29.0 299.4 187.5 80
2021000000579893 0.000 349.9 130.0 409.9 188.4 80
2021000000579893 0.000 219.9 212.8 281.0 298.8 80
2021000000579893 0.000 90.6 167.2 149.2 226.0 80
2021000000579893 0.000 314.7 90.3 375.2 149.5 80
2021000000579893 0.000 357.4 176.3 415.0 235.6 80
2021000000579893 0.000 32.4 112.8 167.8 245.0 80
2021000000579893 0.000 1.0 134.3 47.1 207.5 80
2021000000579893 0.000 453.4 170.8 499.7 243.8 80
2021000000579893 0.000 0.5 111.6 102.1 316.9 80
2021000000579893 0.000 449.1 48.0 499.7 135.8 80
2021000000579893 0.000 259.7 2.5 324.6 65.6 80
2021000000579893 0.000 137.6 193.5 201.5 257.8 80
2021000000579893 0.000 298.6 152.1 359.4 209.9 80
2021000000579893 0.000 28.5 138.2 93.6 196.2 80
2021000000579893 0.000 255.4 111.8 363.3 308.5 80
2021000000579893 0.000 119.1 142.6 232.5 280.4 80
2021000000579893 0.000 149.8 153.2 210.5 211.0 80
2021000000579893 0.000 293.1 118.0 480.6 230.0 80
2021000000579893 0.000 325.6 193.9 382.1 261.8 80
2021000000579893 0.000 0.7 19.9 51.8 93.9 80
2021000000579893 0.000 219.9 176.2 278.2 234.8 80
2021000000579893 0.000 48.8 18.9 377.9 227.6 80
2021000000579893 0.000 410.2 156.3 474.8 214.4 80
2021000000579893 0.000 205.3 104.7 317.1 248.6 80
2021000000579893 0.000 0.7 221.1 58.3 327.6 80
2021000000579893 0.000 180.1 196.8 238.1 263.7 80
2021000000579893 0.000 177.0 51.1 471.7 236.1 80
2021000000579893 0.000 49.5 97.2 281.8 228.7 80
2021000000579893 0.000 325.8 41.3 402.7 103.1 80
2021000000579893 0.000 101.1 43.8 244.3 276.6 80
2021000000579893 0.000 0.3 80.5 51.5 153.8 80
2021000000579893 0.000 206.3 142.5 267.2 200.8 80
2021000000579893 0.000 442.7 216.8 499.6 326.5 80
2021000000579893 0.000 15.1 12.7 486.3 174.0 80
2021000000579893 0.000 398.5 98.6 499.4 314.8 80
2021000000579893 0.000 1.5 5.5 282.2 328.9 80
2021000000579893 0.000 94.9 13.9 401.8 324.0 80
2021000000579893 0.000 262.6 37.3 424.1 277.4 80
2021000000579893 0.000 189.1 7.3 402.0 120.0 80
2021000000579893 0.000 1.1 21.3 146.5 321.8 80
2021000000579893 0.000 212.9 5.6 497.4 330.0 80
2021000000579893 0.000 160.6 175.0 349.3 325.9 80
2021000000579893 0.000 159.4 24.9 350.2 315.3 80
2021000000579893 0.000 357.7 16.7 501.3 318.9 80
2021000000579893 0.000 11.5 79.7 225.9 327.5 80
2021000000579893 0.000 280.6 211.7 336.4 293.3 80
2021000000579893 0.000 171.4 93.7 308.9 313.1 80
2021000000579893 0.000 132.8 68.9 366.0 323.5 80
2021000000579893 0.000 257.5 147.6 363.0 271.3 80
2021000000579893 0.000 5.0 247.4 130.5 331.4 80
2021000000579893 0.000 306.3 160.1 481.9 322.9 80
2021000000579893 0.000 54.0 226.0 278.3 329.9 80
2021000000579893 0.000 11.7 162.2 185.3 323.9 80
2021000000579893 0.000 3.3 1.2 410.3 330.1 80
2021000000579893 0.000 8.2 202.8 491.3 330.4 80
2021000000579893 0.000 4.9 57.6 361.3 326.9 80
2021000000579893 0.000 223.1 227.2 472.3 330.4 80
2021000000579893 0.000 72.1 57.0 444.5 283.6 80
2021000000579893 0.000 34.1 130.7 327.0 321.2 80
2021000000579893 0.000 85.7 1.0 494.7 330.0 80
2021000000579893 0.000 278.1 77.1 486.3 330.0 80
2021000000579893 0.000 162.7 117.6 345.4 204.2 80
2021000000579893 0.000 244.5 178.8 298.1 242.0 80
2021000000579893 0.000 168.6 133.9 451.1 321.0 80
2021000000579893 0.000 362.2 217.5 494.6 326.4 80
2021000000579893 0.000 44.5 53.8 117.2 121.1 80
2021000000579893 0.000 160.2 58.6 492.6 328.0 80
2021000000579893 0.000 134.9 91.2 359.6 260.1 80
2021000000579893 0.000 67.7 126.9 402.2 240.7 80
2021000000579893 0.000 22.5 38.1 474.5 320.4 80
2021000000579893 0.000 0.6 89.1 498.5 322.8 80
2021000000579893 0.000 0.8 0.8 499.6 331.2 80
2021000000579893 0.000 17.2 85.0 483.8 239.3 80
2021000000579893 0.000 2.5 21.0 497.4 272.4 80
2021000000579893 0.000 424.3 5.6 498.8 75.8 80
2021000000579893 0.000 17.2 85.0 483.8 239.3 0
2021000000579893 0.000 262.6 37.3 424.1 277.4 14
2021000000579893 0.000 171.4 93.7 308.9 313.1 14
2021000000579893 0.000 101.1 43.8 244.3 276.6 14
2021000000579893 0.000 159.4 24.9 350.2 315.3 14
2021000000579893 0.000 11.5 79.7 225.9 327.5 14
2021000000579893 0.000 278.1 77.1 486.3 330.0 14
2021000000579893 0.000 132.8 68.9 366.0 323.5 14
2021000000579893 0.000 154.2 267.8 238.2 327.2 80
