2021008324 0.700 17.0 186.3 145.7 346.4 80
2021008324 0.694 7.0 219.0 50.8 312.8 80
2021008324 0.688 209.6 209.9 315.2 282.2 13
2021008324 0.687 2.5 153.1 39.1 219.1 80
2021008324 0.685 20.6 185.2 160.9 276.6 6
2021008324 0.681 15.6 187.8 145.6 309.4 80
2021008324 0.679 14.8 191.0 87.6 269.3 80
2021008324 0.671 295.9 199.4 337.1 242.3 80
2021008324 0.671 464.3 349.5 499.3 373.6 80
2021008324 0.665 278.8 200.4 341.9 257.0 80
2021008324 0.654 1.8 102.0 27.5 231.5 80
2021008324 0.638 0.7 88.8 63.6 218.6 80
2021008324 0.626 220.7 208.5 306.5 266.1 80
2021008324 0.624 1.3 184.2 17.6 320.2 80
2021008324 0.619 249.7 175.4 270.7 203.6 80
2021008324 0.608 14.5 171.2 171.5 274.5 80
2021008324 0.606 27.7 220.4 101.2 359.9 80
2021008324 0.599 28.6 183.2 148.3 265.0 80
2021008324 0.597 1.7 247.2 12.3 315.6 80
2021008324 0.596 218.0 222.9 296.2 273.2 80
2021008324 0.593 213.0 222.9 307.5 281.6 80
2021008324 0.575 36.5 196.8 73.9 233.5 80
2021008324 0.574 346.3 358.0 485.4 375.6 80
2021008324 0.564 491.3 192.0 499.9 292.1 80
2021008324 0.548 488.7 208.1 500.6 369.7 80
2021008324 0.546 282.7 188.5 303.7 212.1 80
2021008324 0.542 405.1 355.3 506.6 374.4 80
2021008324 0.540 489.2 198.4 499.7 337.4 80
2021008324 0.536 495.5 132.1 500.5 216.2 80
2021008324 0.524 39.5 187.8 160.2 258.9 80
2021008324 0.523 490.8 200.9 500.0 365.4 80
2021008324 0.509 460.4 146.2 503.6 384.5 80
2021008324 0.495 64.6 202.4 423.1 282.0 80
2021008324 0.490 493.4 133.5 500.3 267.6 80
2021008324 0.460 484.1 57.4 502.6 377.4 80
2021008324 0.458 207.1 236.0 319.4 292.1 80
2021008324 0.412 17.9 185.2 174.8 280.9 80
2021008324 0.406 279.2 198.8 343.9 257.0 80
2021008324 0.398 233.8 206.1 257.0 232.1 80
2021008324 0.320 -0.3 273.1 19.1 371.8 80
2021008324 0.316 279.2 198.8 343.9 257.0 13
2021008324 0.307 18.3 220.3 98.7 350.4 80
2021008324 0.287 270.7 240.6 295.0 272.4 80
2021008324 0.276 18.3 220.3 98.7 350.4 1
2021008324 0.263 194.3 223.4 310.0 271.7 80
2021008324 0.250 152.5 186.8 389.8 258.8 80
2021008324 0.246 278.7 222.7 320.7 261.6 80
2021008324 0.244 385.7 52.7 505.3 386.7 80
2021008324 0.238 -1.2 29.8 8.6 142.0 80
2021008324 0.160 123.9 239.9 161.7 272.1 80
2021008324 0.160 216.2 255.2 249.0 288.6 80
2021008324 0.159 88.3 247.5 125.5 281.1 80
2021008324 0.158 438.8 159.7 499.5 379.3 80
2021008324 0.157 317.7 198.4 520.5 367.2 80
2021008324 0.156 172.5 363.7 341.6 377.2 80
2021008324 0.151 211.4 229.9 239.1 260.6 80
2021008324 0.150 180.7 244.9 211.6 277.5 80
2021008324 0.150 304.2 338.5 439.8 375.5 80
2021008324 0.149 432.9 238.8 478.4 285.1 80
2021008324 0.148 27.9 233.3 225.3 380.9 80
2021008324 0.145 135.8 297.1 289.3 375.9 80
2021008324 0.138 132.6 252.5 173.2 289.4 80
2021008324 0.136 47.4 359.4 141.8 377.9 80
2021008324 0.135 167.5 354.8 312.2 375.6 80
2021008324 0.133 117.2 228.6 385.7 340.6 80
2021008324 0.132 45.3 207.3 280.7 339.8 80
2021008324 0.132 270.0 152.6 502.9 321.3 80
2021008324 0.130 392.1 233.1 442.1 274.7 80
2021008324 0.129 49.8 120.2 446.0 241.9 80
2021008324 0.127 265.7 353.8 373.6 376.4 80
2021008324 0.126 58.6 240.1 138.3 283.7 80
2021008324 0.124 116.8 354.5 216.9 377.3 80
2021008324 0.124 56.7 139.3 284.4 243.3 80
2021008324 0.123 228.5 202.8 468.6 323.7 80
2021008324 0.123 346.7 203.0 398.6 245.8 80
2021008324 0.122 373.7 247.7 444.7 304.2 80
2021008324 0.122 98.7 247.8 320.0 299.2 80
2021008324 0.119 172.4 254.0 240.5 290.8 80
2021008324 0.118 217.2 160.0 454.3 247.3 80
2021008324 0.116 119.4 139.4 205.9 192.1 80
2021008324 0.114 490.8 200.9 500.0 365.4 14
2021008324 0.114 18.3 220.3 98.7 350.4 15
2021008324 0.112 17.8 69.2 236.8 133.5 80
2021008324 0.111 -11.1 88.2 167.3 163.3 80
2021008324 0.111 -87.1 8.3 216.4 63.2 80
2021008324 0.109 110.6 101.5 422.1 182.5 80
2021008324 0.107 179.3 36.5 538.1 99.8 80
2021008324 0.106 423.7 30.5 542.0 105.2 80
2021008324 0.106 56.7 4.6 540.0 50.0 80
2021008324 0.105 213.0 12.8 613.4 57.5 80
2021008324 0.104 255.8 10.0 641.5 53.9 80
2021008324 0.104 20.6 185.2 160.9 276.6 80
2021008324 0.100 1.5 1.0 500.4 27.0 80
2021008324 0.099 -45.9 1.0 453.1 26.1 80
2021008324 0.094 71.8 0.9 570.8 25.5 80
2021008324 0.093 -138.9 -0.9 359.6 22.9 80
2021008324 0.093 -38.1 -2.1 460.8 20.7 80
2021008324 0.093 -212.2 -4.4 278.0 20.4 80
2021008324 0.093 19.4 -1.8 518.4 22.5 80
2021008324 0.093 -91.8 -0.1 407.0 23.6 80
2021008324 0.700 17.0 186.3 145.7 346.4 80
2021008324 0.694 7.0 219.0 50.8 312.8 80
2021008324 0.688 209.6 209.9 315.2 282.2 13
2021008324 0.687 2.5 153.1 39.1 219.1 80
2021008324 0.685 20.6 185.2 160.9 276.6 6
2021008324 0.681 15.6 187.8 145.6 309.4 80
2021008324 0.679 14.8 191.0 87.6 269.3 80
2021008324 0.671 295.9 199.4 337.1 242.3 80
2021008324 0.671 464.3 349.5 499.3 373.6 80
2021008324 0.665 278.8 200.4 341.9 257.0 80
2021008324 0.654 1.8 102.0 27.5 231.5 80
2021008324 0.638 0.7 88.8 63.6 218.6 80
2021008324 0.626 220.7 208.5 306.5 266.1 80
2021008324 0.624 1.3 184.2 17.6 320.2 80
2021008324 0.619 249.7 175.4 270.7 203.6 80
2021008324 0.608 14.5 171.2 171.5 274.5 80
2021008324 0.606 27.7 220.4 101.2 359.9 80
2021008324 0.599 28.6 183.2 148.3 265.0 80
2021008324 0.597 1.7 247.2 12.3 315.6 80
2021008324 0.596 218.0 222.9 296.2 273.2 80
2021008324 0.593 213.0 222.9 307.5 281.6 80
2021008324 0.575 36.5 196.8 73.9 233.5 80
2021008324 0.574 346.3 358.0 485.4 375.6 80
2021008324 0.564 491.3 192.0 499.9 292.1 80
2021008324 0.548 488.7 208.1 500.6 369.7 80
2021008324 0.546 282.7 188.5 303.7 212.1 80
2021008324 0.542 405.1 355.3 506.6 374.4 80
2021008324 0.540 489.2 198.4 499.7 337.4 80
2021008324 0.536 495.5 132.1 500.5 216.2 80
2021008324 0.524 39.5 187.8 160.2 258.9 80
2021008324 0.523 490.8 200.9 500.0 365.4 80
2021008324 0.509 460.4 146.2 503.6 384.5 80
2021008324 0.495 64.6 202.4 423.1 282.0 80
2021008324 0.490 493.4 133.5 500.3 267.6 80
2021008324 0.460 484.1 57.4 502.6 377.4 80
2021008324 0.458 207.1 236.0 319.4 292.1 80
2021008324 0.412 17.9 185.2 174.8 280.9 80
2021008324 0.406 279.2 198.8 343.9 257.0 80
2021008324 0.398 233.8 206.1 257.0 232.1 80
2021008324 0.320 -0.3 273.1 19.1 371.8 80
2021008324 0.316 279.2 198.8 343.9 257.0 13
2021008324 0.307 18.3 220.3 98.7 350.4 80
2021008324 0.287 270.7 240.6 295.0 272.4 80
2021008324 0.276 18.3 220.3 98.7 350.4 1
2021008324 0.263 194.3 223.4 310.0 271.7 80
2021008324 0.250 152.5 186.8 389.8 258.8 80
2021008324 0.246 278.7 222.7 320.7 261.6 80
2021008324 0.244 385.7 52.7 505.3 386.7 80
2021008324 0.238 -1.2 29.8 8.6 142.0 80
2021008324 0.160 123.9 239.9 161.7 272.1 80
2021008324 0.160 216.2 255.2 249.0 288.6 80
2021008324 0.159 88.3 247.5 125.5 281.1 80
2021008324 0.158 438.8 159.7 499.5 379.3 80
2021008324 0.157 317.7 198.4 520.5 367.2 80
2021008324 0.156 172.5 363.7 341.6 377.2 80
2021008324 0.151 211.4 229.9 239.1 260.6 80
2021008324 0.150 180.7 244.9 211.6 277.5 80
2021008324 0.150 304.2 338.5 439.8 375.5 80
2021008324 0.149 432.9 238.8 478.4 285.1 80
2021008324 0.148 27.9 233.3 225.3 380.9 80
2021008324 0.145 135.8 297.1 289.3 375.9 80
2021008324 0.138 132.6 252.5 173.2 289.4 80
2021008324 0.136 47.4 359.4 141.8 377.9 80
2021008324 0.135 167.5 354.8 312.2 375.6 80
2021008324 0.133 117.2 228.6 385.7 340.6 80
2021008324 0.132 45.3 207.3 280.7 339.8 80
2021008324 0.132 270.0 152.6 502.9 321.3 80
2021008324 0.130 392.1 233.1 442.1 274.7 80
2021008324 0.129 49.8 120.2 446.0 241.9 80
2021008324 0.127 265.7 353.8 373.6 376.4 80
2021008324 0.126 58.6 240.1 138.3 283.7 80
2021008324 0.124 116.8 354.5 216.9 377.3 80
2021008324 0.124 56.7 139.3 284.4 243.3 80
2021008324 0.123 228.5 202.8 468.6 323.7 80
2021008324 0.123 346.7 203.0 398.6 245.8 80
2021008324 0.122 373.7 247.7 444.7 304.2 80
2021008324 0.122 98.7 247.8 320.0 299.2 80
2021008324 0.119 172.4 254.0 240.5 290.8 80
2021008324 0.118 217.2 160.0 454.3 247.3 80
2021008324 0.116 119.4 139.4 205.9 192.1 80
2021008324 0.114 490.8 200.9 500.0 365.4 14
2021008324 0.114 18.3 220.3 98.7 350.4 15
2021008324 0.112 17.8 69.2 236.8 133.5 80
2021008324 0.111 -11.1 88.2 167.3 163.3 80
2021008324 0.111 -87.1 8.3 216.4 63.2 80
2021008324 0.109 110.6 101.5 422.1 182.5 80
2021008324 0.107 179.3 36.5 538.1 99.8 80
2021008324 0.106 423.7 30.5 542.0 105.2 80
2021008324 0.106 56.7 4.6 540.0 50.0 80
2021008324 0.105 213.0 12.8 613.4 57.5 80
2021008324 0.104 255.8 10.0 641.5 53.9 80
2021008324 0.104 20.6 185.2 160.9 276.6 80
2021008324 0.100 1.5 1.0 500.4 27.0 80
2021008324 0.099 -45.9 1.0 453.1 26.1 80
2021008324 0.094 71.8 0.9 570.8 25.5 80
2021008324 0.093 -138.9 -0.9 359.6 22.9 80
2021008324 0.093 -38.1 -2.1 460.8 20.7 80
2021008324 0.093 -212.2 -4.4 278.0 20.4 80
2021008324 0.093 19.4 -1.8 518.4 22.5 80
2021008324 0.093 -91.8 -0.1 407.0 23.6 80
2021008324 0.000 242.0 73.2 372.7 227.7 80
2021008324 0.000 0.9 43.1 103.5 247.8 80
2021008324 0.000 143.7 135.9 210.3 202.4 80
2021008324 0.000 211.4 111.8 275.3 178.0 80
2021008324 0.000 371.0 109.2 486.3 268.7 80
2021008324 0.000 255.8 137.9 317.1 204.5 80
2021008324 0.000 156.6 31.4 304.0 211.6 80
2021008324 0.000 45.5 217.8 107.4 288.9 80
2021008324 0.000 136.3 82.3 207.6 151.5 80
2021008324 0.000 81.5 117.6 146.9 186.5 80
2021008324 0.000 197.9 51.8 272.4 119.8 80
2021008324 0.000 453.6 128.4 499.6 211.2 80
2021008324 0.000 387.8 97.3 461.7 164.2 80
2021008324 0.000 348.6 145.3 411.0 211.1 80
2021008324 0.000 136.9 218.3 201.8 292.7 80
2021008324 0.000 19.5 26.1 206.5 194.8 80
2021008324 0.000 1.5 201.3 48.0 285.0 80
2021008324 0.000 297.9 170.7 359.9 236.2 80
2021008324 0.000 453.4 192.9 499.6 275.6 80
2021008324 0.000 356.3 197.7 415.7 265.7 80
2021008324 0.000 313.5 100.9 376.2 167.7 80
2021008324 0.000 323.9 8.3 496.6 191.8 80
2021008324 0.000 287.5 132.8 485.8 257.7 80
2021008324 0.000 205.6 160.1 267.3 225.4 80
2021008324 0.000 0.9 125.8 102.1 357.9 80
2021008324 0.000 33.3 127.4 166.8 276.8 80
2021008324 0.000 1.0 151.5 47.1 234.6 80
2021008324 0.000 89.9 187.8 149.8 253.9 80
2021008324 0.000 449.0 54.1 499.7 153.4 80
2021008324 0.000 117.9 161.9 233.2 316.5 80
2021008324 0.000 218.0 251.8 286.7 331.9 80
2021008324 0.000 149.3 172.2 210.8 237.6 80
2021008324 0.000 410.1 176.6 474.8 242.3 80
2021008324 0.000 27.0 155.1 94.9 220.9 80
2021008324 0.000 323.9 218.2 384.1 295.1 80
2021008324 0.000 202.7 116.7 319.1 275.9 80
2021008324 0.000 177.6 56.6 471.2 267.4 80
2021008324 0.000 252.3 124.0 366.8 347.9 80
2021008324 0.000 0.5 90.4 51.3 173.8 80
2021008324 0.000 0.7 22.0 51.8 106.0 80
2021008324 0.000 46.4 108.1 284.6 258.9 80
2021008324 0.000 101.1 50.5 245.1 317.1 80
2021008324 0.000 255.5 3.7 329.5 73.3 80
2021008324 0.000 322.9 47.5 406.2 116.3 80
2021008324 0.000 43.3 21.4 383.8 258.4 80
2021008324 0.000 0.6 249.6 58.3 369.8 80
2021008324 0.000 178.6 220.3 238.0 300.5 80
2021008324 0.000 442.7 245.1 499.6 368.5 80
2021008324 0.000 398.6 113.5 499.6 355.5 80
2021008324 0.000 10.6 10.6 491.5 199.6 80
2021008324 0.000 258.6 42.4 428.2 311.1 80
2021008324 0.000 90.0 16.9 408.1 364.6 80
2021008324 0.000 256.1 169.2 365.6 301.9 80
2021008324 0.000 -2.4 5.4 286.1 371.6 80
2021008324 0.000 8.1 89.0 229.6 370.1 80
2021008324 0.000 0.7 22.9 146.6 363.6 80
2021008324 0.000 213.1 6.1 497.0 372.7 80
2021008324 0.000 131.2 78.4 368.1 365.5 80
2021008324 0.000 156.2 201.7 351.1 369.4 80
2021008324 0.000 170.3 106.4 310.3 353.3 80
2021008324 0.000 153.4 21.0 355.4 360.9 80
2021008324 0.000 357.6 18.1 500.9 361.1 80
2021008324 0.000 68.8 68.1 447.4 321.4 80
2021008324 0.000 177.0 8.2 417.9 127.1 80
2021008324 0.000 43.6 254.9 289.5 373.6 80
2021008324 0.000 2.3 68.4 366.1 369.3 80
2021008324 0.000 5.1 279.1 130.5 374.3 80
2021008324 0.000 12.0 183.0 185.2 365.8 80
2021008324 0.000 305.3 180.1 482.3 365.0 80
2021008324 0.000 220.0 199.0 278.3 264.7 80
2021008324 0.000 24.3 146.3 338.1 364.6 80
2021008324 0.000 2.5 1.3 412.8 373.0 80
2021008324 0.000 150.8 131.3 355.6 228.6 80
2021008324 0.000 274.3 86.1 490.6 373.1 80
2021008324 0.000 3.0 228.5 496.0 374.4 80
2021008324 0.000 220.7 257.3 474.7 373.5 80
2021008324 0.000 84.5 1.1 496.2 372.9 80
2021008324 0.000 158.6 67.8 495.0 371.2 80
2021008324 0.000 157.9 150.5 463.3 364.9 80
2021008324 0.000 362.6 245.1 494.3 368.9 80
2021008324 0.000 44.4 60.6 117.3 136.8 80
2021008324 0.000 129.9 101.9 365.9 294.0 80
2021008324 0.000 22.3 43.4 477.5 366.6 80
2021008324 0.000 60.2 142.4 409.5 272.0 80
2021008324 0.000 0.4 100.8 499.0 366.5 80
2021008324 0.000 244.0 202.0 298.7 273.9 80
2021008324 0.000 12.6 94.7 489.8 271.8 80
2021008324 0.000 0.8 0.3 499.7 373.9 80
2021008324 0.000 1.3 18.3 498.9 309.8 80
2021008324 0.000 286.3 250.3 340.8 319.0 80
2021008324 0.000 424.2 6.2 498.9 85.7 80
2021008324 0.000 12.6 94.7 489.8 271.8 0
2021008324 0.000 0.8 0.3 499.7 373.9 7
2021008324 0.000 8.1 89.0 229.6 370.1 14
2021008324 0.000 258.6 42.4 428.2 311.1 14
2021008324 0.000 101.1 50.5 245.1 317.1 14
2021008324 0.000 170.3 106.4 310.3 353.3 14
2021008324 0.000 274.3 86.1 490.6 373.1 14
2021008324 0.000 153.4 21.0 355.4 360.9 14
2021008324 0.000 213.1 6.1 497.0 372.7 14
