2021000000165500 0.794 599.5 428.4 639.9 476.9 80
2021000000165500 0.776 48.8 113.4 594.9 382.6 80
2021000000165500 0.763 176.9 251.9 195.6 270.9 80
2021000000165500 0.758 419.5 272.6 442.7 302.8 80
2021000000165500 0.746 186.5 253.3 208.5 274.8 80
2021000000165500 0.746 446.3 267.7 520.9 316.5 80
2021000000165500 0.741 283.2 257.1 313.0 279.2 80
2021000000165500 0.738 638.8 158.8 640.1 259.6 80
2021000000165500 0.737 415.3 261.7 498.4 321.1 80
2021000000165500 0.735 281.4 259.2 313.9 286.8 80
2021000000165500 0.734 637.7 307.5 640.1 399.2 80
2021000000165500 0.733 266.0 258.8 293.6 283.1 80
2021000000165500 0.731 188.8 257.1 211.1 280.6 80
2021000000165500 0.703 175.4 253.3 208.1 282.2 80
2021000000165500 0.665 418.0 260.3 519.6 315.5 80
2021000000165500 0.664 271.3 256.3 313.9 284.1 80
2021000000165500 0.571 270.9 255.6 312.3 285.5 11
2021000000165500 0.552 418.1 259.5 517.1 314.9 14
2021000000165500 0.500 175.6 251.3 209.0 280.8 11
2021000000165500 0.373 611.3 69.0 640.3 525.6 80
2021000000165500 0.794 599.5 428.4 639.9 476.9 80
2021000000165500 0.776 48.8 113.4 594.9 382.6 80
2021000000165500 0.763 176.9 251.9 195.6 270.9 80
2021000000165500 0.758 419.5 272.6 442.7 302.8 80
2021000000165500 0.746 186.5 253.3 208.5 274.8 80
2021000000165500 0.746 446.3 267.7 520.9 316.5 80
2021000000165500 0.741 283.2 257.1 313.0 279.2 80
2021000000165500 0.738 638.8 158.8 640.1 259.6 80
2021000000165500 0.737 415.3 261.7 498.4 321.1 80
2021000000165500 0.735 281.4 259.2 313.9 286.8 80
2021000000165500 0.734 637.7 307.5 640.1 399.2 80
2021000000165500 0.733 266.0 258.8 293.6 283.1 80
2021000000165500 0.731 188.8 257.1 211.1 280.6 80
2021000000165500 0.703 175.4 253.3 208.1 282.2 80
2021000000165500 0.665 418.0 260.3 519.6 315.5 80
2021000000165500 0.664 271.3 256.3 313.9 284.1 80
2021000000165500 0.571 270.9 255.6 312.3 285.5 11
2021000000165500 0.552 418.1 259.5 517.1 314.9 14
2021000000165500 0.500 175.6 251.3 209.0 280.8 11
2021000000165500 0.373 611.3 69.0 640.3 525.6 80
2021000000165500 0.220 418.1 259.5 517.1 314.9 11
2021000000165500 0.180 175.6 251.3 209.0 280.8 80
2021000000165500 0.170 205.1 235.5 299.0 285.3 80
2021000000165500 0.161 270.9 255.6 312.3 285.5 80
2021000000165500 0.157 124.4 273.7 214.4 329.1 80
2021000000165500 0.153 418.1 259.5 517.1 314.9 8
2021000000165500 0.136 329.3 274.9 439.9 333.7 80
2021000000165500 0.135 392.4 221.9 485.6 280.7 80
2021000000165500 0.116 -150.7 466.4 335.5 484.1 80
2021000000165500 0.113 428.3 198.1 519.6 257.0 80
2021000000165500 0.112 230.9 179.5 323.8 239.9 80
2021000000165500 0.109 409.6 1.9 522.9 12.0 80
2021000000165500 0.106 349.2 2.3 458.4 9.8 80
2021000000165500 0.105 132.9 468.6 390.3 481.9 80
2021000000165500 0.102 468.3 290.7 566.0 360.8 80
2021000000165500 0.102 319.0 227.0 406.3 282.3 80
2021000000165500 0.098 565.7 1.7 664.0 6.2 80
2021000000165500 0.098 364.4 224.5 456.7 288.5 80
2021000000165500 0.097 175.6 251.3 209.0 280.8 7
2021000000165500 0.097 466.8 188.5 555.8 253.2 80
2021000000165500 0.096 100.4 225.3 193.3 291.6 80
2021000000165500 0.095 351.0 325.7 458.8 402.9 80
2021000000165500 0.094 176.7 353.6 267.1 415.6 80
2021000000165500 0.093 312.7 320.5 416.7 395.7 80
2021000000165500 0.092 536.3 206.2 623.9 277.2 80
2021000000165500 0.092 493.9 228.9 585.6 302.1 80
2021000000165500 0.091 218.0 333.6 313.0 400.5 80
2021000000165500 0.090 62.7 245.4 156.5 324.1 80
2021000000165500 0.090 78.8 295.3 192.9 396.7 80
2021000000165500 0.089 551.4 236.0 650.4 353.1 80
2021000000165500 0.088 510.1 243.7 619.3 368.3 80
2021000000165500 0.086 -24.1 233.5 62.6 316.9 80
2021000000165500 0.086 448.7 327.3 562.0 453.2 80
2021000000165500 0.086 14.8 242.9 108.1 337.2 80
2021000000165500 0.085 268.6 449.4 383.1 481.5 80
2021000000165500 0.085 516.9 0.9 602.3 2.6 80
2021000000165500 0.082 278.3 347.1 391.2 450.1 80
2021000000165500 0.081 -10.7 266.4 90.0 407.6 80
2021000000165500 0.081 169.0 0.6 251.4 1.7 80
2021000000165500 0.080 418.1 259.5 517.1 314.9 80
2021000000165500 0.079 76.0 432.3 189.0 476.0 80
2021000000165500 0.079 -26.5 420.0 52.0 463.8 80
2021000000165500 0.078 523.5 121.4 646.6 512.6 80
2021000000165500 0.078 -19.0 403.5 76.6 450.4 80
2021000000165500 0.078 507.5 414.4 611.4 460.4 80
2021000000165500 0.078 38.2 425.8 158.6 472.3 80
2021000000165500 0.077 160.9 430.1 270.6 475.9 80
2021000000165500 0.077 439.5 416.5 546.2 463.2 80
2021000000165500 0.077 233.4 419.0 356.0 466.9 80
2021000000165500 0.077 -21.5 133.5 55.0 541.2 80
2021000000165500 0.077 -4.0 408.7 115.3 458.4 80
2021000000165500 0.077 30.6 255.0 143.7 435.1 80
2021000000165500 0.075 471.1 225.5 613.7 483.9 80
2021000000165500 0.075 378.6 405.0 480.7 455.6 80
2021000000165500 0.072 95.2 1.0 166.1 1.9 80
2021000000165500 0.072 314.8 0.7 385.6 1.6 80
2021000000165500 0.070 183.0 321.5 381.3 500.2 80
2021000000165500 0.070 506.3 12.4 669.4 63.1 80
2021000000165500 0.069 372.5 10.0 550.2 59.8 80
2021000000165500 0.069 418.1 259.5 517.1 314.9 7
2021000000165500 0.069 270.9 255.6 312.3 285.5 2
2021000000165500 0.069 271.3 256.3 313.9 284.1 11
2021000000165500 0.069 245.4 8.9 420.9 58.1 80
2021000000165500 0.069 209.0 13.4 363.2 62.4 80
2021000000165500 0.069 2.7 14.5 175.6 63.6 80
2021000000165500 0.069 170.4 10.8 336.3 59.8 80
2021000000165500 0.068 425.4 10.5 592.4 59.1 80
2021000000165500 0.068 -30.6 8.6 133.4 56.8 80
2021000000165500 0.068 40.3 10.0 214.2 58.1 80
2021000000165500 0.068 134.3 9.7 289.9 57.6 80
2021000000165500 0.068 329.2 8.9 495.0 57.0 80
2021000000165500 0.068 -33.0 44.0 52.8 94.2 80
2021000000165500 0.068 569.1 32.5 658.9 80.4 80
2021000000165500 0.068 -25.7 10.9 70.4 58.6 80
2021000000165500 0.068 92.2 9.2 239.2 56.4 80
2021000000165500 0.067 50.3 1.2 114.8 2.0 80
2021000000165500 0.067 -9.6 41.3 76.8 88.0 80
2021000000165500 0.067 313.4 15.2 424.6 60.8 80
2021000000165500 0.066 491.8 15.9 583.2 59.6 80
2021000000165500 0.066 22.7 25.6 109.5 68.7 80
2021000000165500 0.794 599.5 428.4 639.9 476.9 80
2021000000165500 0.776 48.8 113.4 594.9 382.6 80
2021000000165500 0.763 176.9 251.9 195.6 270.9 80
2021000000165500 0.758 419.5 272.6 442.7 302.8 80
2021000000165500 0.746 186.5 253.3 208.5 274.8 80
2021000000165500 0.746 446.3 267.7 520.9 316.5 80
2021000000165500 0.741 283.2 257.1 313.0 279.2 80
2021000000165500 0.738 638.8 158.8 640.1 259.6 80
2021000000165500 0.737 415.3 261.7 498.4 321.1 80
2021000000165500 0.735 281.4 259.2 313.9 286.8 80
2021000000165500 0.734 637.7 307.5 640.1 399.2 80
2021000000165500 0.733 266.0 258.8 293.6 283.1 80
2021000000165500 0.731 188.8 257.1 211.1 280.6 80
2021000000165500 0.703 175.4 253.3 208.1 282.2 80
2021000000165500 0.665 418.0 260.3 519.6 315.5 80
2021000000165500 0.664 271.3 256.3 313.9 284.1 80
2021000000165500 0.571 270.9 255.6 312.3 285.5 11
2021000000165500 0.552 418.1 259.5 517.1 314.9 14
2021000000165500 0.500 175.6 251.3 209.0 280.8 11
2021000000165500 0.373 611.3 69.0 640.3 525.6 80
2021000000165500 0.220 418.1 259.5 517.1 314.9 11
2021000000165500 0.180 175.6 251.3 209.0 280.8 80
2021000000165500 0.170 205.1 235.5 299.0 285.3 80
2021000000165500 0.161 270.9 255.6 312.3 285.5 80
2021000000165500 0.157 124.4 273.7 214.4 329.1 80
2021000000165500 0.153 418.1 259.5 517.1 314.9 8
2021000000165500 0.136 329.3 274.9 439.9 333.7 80
2021000000165500 0.135 392.4 221.9 485.6 280.7 80
2021000000165500 0.116 -150.7 466.4 335.5 484.1 80
2021000000165500 0.113 428.3 198.1 519.6 257.0 80
2021000000165500 0.112 230.9 179.5 323.8 239.9 80
2021000000165500 0.109 409.6 1.9 522.9 12.0 80
2021000000165500 0.106 349.2 2.3 458.4 9.8 80
2021000000165500 0.105 132.9 468.6 390.3 481.9 80
2021000000165500 0.102 468.3 290.7 566.0 360.8 80
2021000000165500 0.102 319.0 227.0 406.3 282.3 80
2021000000165500 0.098 565.7 1.7 664.0 6.2 80
2021000000165500 0.098 364.4 224.5 456.7 288.5 80
2021000000165500 0.097 175.6 251.3 209.0 280.8 7
2021000000165500 0.097 466.8 188.5 555.8 253.2 80
2021000000165500 0.096 100.4 225.3 193.3 291.6 80
2021000000165500 0.095 351.0 325.7 458.8 402.9 80
2021000000165500 0.094 176.7 353.6 267.1 415.6 80
2021000000165500 0.093 312.7 320.5 416.7 395.7 80
2021000000165500 0.092 536.3 206.2 623.9 277.2 80
2021000000165500 0.092 493.9 228.9 585.6 302.1 80
2021000000165500 0.091 218.0 333.6 313.0 400.5 80
2021000000165500 0.090 62.7 245.4 156.5 324.1 80
2021000000165500 0.090 78.8 295.3 192.9 396.7 80
2021000000165500 0.089 551.4 236.0 650.4 353.1 80
2021000000165500 0.088 510.1 243.7 619.3 368.3 80
2021000000165500 0.086 -24.1 233.5 62.6 316.9 80
2021000000165500 0.086 448.7 327.3 562.0 453.2 80
2021000000165500 0.086 14.8 242.9 108.1 337.2 80
2021000000165500 0.085 268.6 449.4 383.1 481.5 80
2021000000165500 0.085 516.9 0.9 602.3 2.6 80
2021000000165500 0.082 278.3 347.1 391.2 450.1 80
2021000000165500 0.081 -10.7 266.4 90.0 407.6 80
2021000000165500 0.081 169.0 0.6 251.4 1.7 80
2021000000165500 0.080 418.1 259.5 517.1 314.9 80
2021000000165500 0.079 76.0 432.3 189.0 476.0 80
2021000000165500 0.079 -26.5 420.0 52.0 463.8 80
2021000000165500 0.078 523.5 121.4 646.6 512.6 80
2021000000165500 0.078 -19.0 403.5 76.6 450.4 80
2021000000165500 0.078 507.5 414.4 611.4 460.4 80
2021000000165500 0.078 38.2 425.8 158.6 472.3 80
2021000000165500 0.077 160.9 430.1 270.6 475.9 80
2021000000165500 0.077 439.5 416.5 546.2 463.2 80
2021000000165500 0.077 233.4 419.0 356.0 466.9 80
2021000000165500 0.077 -21.5 133.5 55.0 541.2 80
2021000000165500 0.077 -4.0 408.7 115.3 458.4 80
2021000000165500 0.077 30.6 255.0 143.7 435.1 80
2021000000165500 0.075 471.1 225.5 613.7 483.9 80
2021000000165500 0.075 378.6 405.0 480.7 455.6 80
2021000000165500 0.072 95.2 1.0 166.1 1.9 80
2021000000165500 0.072 314.8 0.7 385.6 1.6 80
2021000000165500 0.070 183.0 321.5 381.3 500.2 80
2021000000165500 0.070 506.3 12.4 669.4 63.1 80
2021000000165500 0.069 372.5 10.0 550.2 59.8 80
2021000000165500 0.069 418.1 259.5 517.1 314.9 7
2021000000165500 0.069 270.9 255.6 312.3 285.5 2
2021000000165500 0.069 271.3 256.3 313.9 284.1 11
2021000000165500 0.069 245.4 8.9 420.9 58.1 80
2021000000165500 0.069 209.0 13.4 363.2 62.4 80
2021000000165500 0.069 2.7 14.5 175.6 63.6 80
2021000000165500 0.069 170.4 10.8 336.3 59.8 80
2021000000165500 0.068 425.4 10.5 592.4 59.1 80
2021000000165500 0.068 -30.6 8.6 133.4 56.8 80
2021000000165500 0.068 40.3 10.0 214.2 58.1 80
2021000000165500 0.068 134.3 9.7 289.9 57.6 80
2021000000165500 0.068 329.2 8.9 495.0 57.0 80
2021000000165500 0.068 -33.0 44.0 52.8 94.2 80
2021000000165500 0.068 569.1 32.5 658.9 80.4 80
2021000000165500 0.068 -25.7 10.9 70.4 58.6 80
2021000000165500 0.068 92.2 9.2 239.2 56.4 80
2021000000165500 0.067 50.3 1.2 114.8 2.0 80
2021000000165500 0.067 -9.6 41.3 76.8 88.0 80
2021000000165500 0.067 313.4 15.2 424.6 60.8 80
2021000000165500 0.066 491.8 15.9 583.2 59.6 80
2021000000165500 0.066 22.7 25.6 109.5 68.7 80
2021000000165500 0.794 599.5 428.4 639.9 476.9 80
2021000000165500 0.776 48.8 113.4 594.9 382.6 80
2021000000165500 0.763 176.9 251.9 195.6 270.9 80
2021000000165500 0.758 419.5 272.6 442.7 302.8 80
2021000000165500 0.746 186.5 253.3 208.5 274.8 80
2021000000165500 0.746 446.3 267.7 520.9 316.5 80
2021000000165500 0.741 283.2 257.1 313.0 279.2 80
2021000000165500 0.738 638.8 158.8 640.1 259.6 80
2021000000165500 0.737 415.3 261.7 498.4 321.1 80
2021000000165500 0.735 281.4 259.2 313.9 286.8 80
2021000000165500 0.734 637.7 307.5 640.1 399.2 80
2021000000165500 0.733 266.0 258.8 293.6 283.1 80
2021000000165500 0.731 188.8 257.1 211.1 280.6 80
2021000000165500 0.703 175.4 253.3 208.1 282.2 80
2021000000165500 0.665 418.0 260.3 519.6 315.5 80
2021000000165500 0.664 271.3 256.3 313.9 284.1 80
2021000000165500 0.571 270.9 255.6 312.3 285.5 11
2021000000165500 0.552 418.1 259.5 517.1 314.9 14
2021000000165500 0.500 175.6 251.3 209.0 280.8 11
2021000000165500 0.373 611.3 69.0 640.3 525.6 80
2021000000165500 0.220 418.1 259.5 517.1 314.9 11
2021000000165500 0.180 175.6 251.3 209.0 280.8 80
2021000000165500 0.170 205.1 235.5 299.0 285.3 80
2021000000165500 0.161 270.9 255.6 312.3 285.5 80
2021000000165500 0.157 124.4 273.7 214.4 329.1 80
2021000000165500 0.153 418.1 259.5 517.1 314.9 8
2021000000165500 0.136 329.3 274.9 439.9 333.7 80
2021000000165500 0.135 392.4 221.9 485.6 280.7 80
2021000000165500 0.116 -150.7 466.4 335.5 484.1 80
2021000000165500 0.113 428.3 198.1 519.6 257.0 80
2021000000165500 0.112 230.9 179.5 323.8 239.9 80
2021000000165500 0.109 409.6 1.9 522.9 12.0 80
2021000000165500 0.106 349.2 2.3 458.4 9.8 80
2021000000165500 0.105 132.9 468.6 390.3 481.9 80
2021000000165500 0.102 468.3 290.7 566.0 360.8 80
2021000000165500 0.102 319.0 227.0 406.3 282.3 80
2021000000165500 0.098 565.7 1.7 664.0 6.2 80
2021000000165500 0.098 364.4 224.5 456.7 288.5 80
2021000000165500 0.097 175.6 251.3 209.0 280.8 7
2021000000165500 0.097 466.8 188.5 555.8 253.2 80
2021000000165500 0.096 100.4 225.3 193.3 291.6 80
2021000000165500 0.095 351.0 325.7 458.8 402.9 80
2021000000165500 0.094 176.7 353.6 267.1 415.6 80
2021000000165500 0.093 312.7 320.5 416.7 395.7 80
2021000000165500 0.092 536.3 206.2 623.9 277.2 80
2021000000165500 0.092 493.9 228.9 585.6 302.1 80
2021000000165500 0.091 218.0 333.6 313.0 400.5 80
2021000000165500 0.090 62.7 245.4 156.5 324.1 80
2021000000165500 0.090 78.8 295.3 192.9 396.7 80
2021000000165500 0.089 551.4 236.0 650.4 353.1 80
2021000000165500 0.088 510.1 243.7 619.3 368.3 80
2021000000165500 0.086 -24.1 233.5 62.6 316.9 80
2021000000165500 0.086 448.7 327.3 562.0 453.2 80
2021000000165500 0.086 14.8 242.9 108.1 337.2 80
2021000000165500 0.085 268.6 449.4 383.1 481.5 80
2021000000165500 0.085 516.9 0.9 602.3 2.6 80
2021000000165500 0.082 278.3 347.1 391.2 450.1 80
2021000000165500 0.081 -10.7 266.4 90.0 407.6 80
2021000000165500 0.081 169.0 0.6 251.4 1.7 80
2021000000165500 0.080 418.1 259.5 517.1 314.9 80
2021000000165500 0.079 76.0 432.3 189.0 476.0 80
2021000000165500 0.079 -26.5 420.0 52.0 463.8 80
2021000000165500 0.078 523.5 121.4 646.6 512.6 80
2021000000165500 0.078 -19.0 403.5 76.6 450.4 80
2021000000165500 0.078 507.5 414.4 611.4 460.4 80
2021000000165500 0.078 38.2 425.8 158.6 472.3 80
2021000000165500 0.077 160.9 430.1 270.6 475.9 80
2021000000165500 0.077 439.5 416.5 546.2 463.2 80
2021000000165500 0.077 233.4 419.0 356.0 466.9 80
2021000000165500 0.077 -21.5 133.5 55.0 541.2 80
2021000000165500 0.077 -4.0 408.7 115.3 458.4 80
2021000000165500 0.077 30.6 255.0 143.7 435.1 80
2021000000165500 0.075 471.1 225.5 613.7 483.9 80
2021000000165500 0.075 378.6 405.0 480.7 455.6 80
2021000000165500 0.072 95.2 1.0 166.1 1.9 80
2021000000165500 0.072 314.8 0.7 385.6 1.6 80
2021000000165500 0.070 183.0 321.5 381.3 500.2 80
2021000000165500 0.070 506.3 12.4 669.4 63.1 80
2021000000165500 0.069 372.5 10.0 550.2 59.8 80
2021000000165500 0.069 418.1 259.5 517.1 314.9 7
2021000000165500 0.069 270.9 255.6 312.3 285.5 2
2021000000165500 0.069 271.3 256.3 313.9 284.1 11
2021000000165500 0.069 245.4 8.9 420.9 58.1 80
2021000000165500 0.069 209.0 13.4 363.2 62.4 80
2021000000165500 0.069 2.7 14.5 175.6 63.6 80
2021000000165500 0.069 170.4 10.8 336.3 59.8 80
2021000000165500 0.068 425.4 10.5 592.4 59.1 80
2021000000165500 0.068 -30.6 8.6 133.4 56.8 80
2021000000165500 0.068 40.3 10.0 214.2 58.1 80
2021000000165500 0.068 134.3 9.7 289.9 57.6 80
2021000000165500 0.068 329.2 8.9 495.0 57.0 80
2021000000165500 0.068 -33.0 44.0 52.8 94.2 80
2021000000165500 0.068 569.1 32.5 658.9 80.4 80
2021000000165500 0.068 -25.7 10.9 70.4 58.6 80
2021000000165500 0.068 92.2 9.2 239.2 56.4 80
2021000000165500 0.067 50.3 1.2 114.8 2.0 80
2021000000165500 0.067 -9.6 41.3 76.8 88.0 80
2021000000165500 0.067 313.4 15.2 424.6 60.8 80
2021000000165500 0.066 491.8 15.9 583.2 59.6 80
2021000000165500 0.066 22.7 25.6 109.5 68.7 80
2021000000165500 0.794 599.5 428.4 639.9 476.9 80
2021000000165500 0.776 48.8 113.4 594.9 382.6 80
2021000000165500 0.763 176.9 251.9 195.6 270.9 80
2021000000165500 0.758 419.5 272.6 442.7 302.8 80
2021000000165500 0.746 186.5 253.3 208.5 274.8 80
2021000000165500 0.746 446.3 267.7 520.9 316.5 80
2021000000165500 0.741 283.2 257.1 313.0 279.2 80
2021000000165500 0.738 638.8 158.8 640.1 259.6 80
2021000000165500 0.737 415.3 261.7 498.4 321.1 80
2021000000165500 0.735 281.4 259.2 313.9 286.8 80
2021000000165500 0.734 637.7 307.5 640.1 399.2 80
2021000000165500 0.733 266.0 258.8 293.6 283.1 80
2021000000165500 0.731 188.8 257.1 211.1 280.6 80
2021000000165500 0.703 175.4 253.3 208.1 282.2 80
2021000000165500 0.665 418.0 260.3 519.6 315.5 80
2021000000165500 0.664 271.3 256.3 313.9 284.1 80
2021000000165500 0.571 270.9 255.6 312.3 285.5 11
2021000000165500 0.552 418.1 259.5 517.1 314.9 14
2021000000165500 0.500 175.6 251.3 209.0 280.8 11
2021000000165500 0.373 611.3 69.0 640.3 525.6 80
2021000000165500 0.220 418.1 259.5 517.1 314.9 11
2021000000165500 0.180 175.6 251.3 209.0 280.8 80
2021000000165500 0.170 205.1 235.5 299.0 285.3 80
2021000000165500 0.161 270.9 255.6 312.3 285.5 80
2021000000165500 0.157 124.4 273.7 214.4 329.1 80
2021000000165500 0.153 418.1 259.5 517.1 314.9 8
2021000000165500 0.136 329.3 274.9 439.9 333.7 80
2021000000165500 0.135 392.4 221.9 485.6 280.7 80
2021000000165500 0.116 -150.7 466.4 335.5 484.1 80
2021000000165500 0.113 428.3 198.1 519.6 257.0 80
2021000000165500 0.112 230.9 179.5 323.8 239.9 80
2021000000165500 0.109 409.6 1.9 522.9 12.0 80
2021000000165500 0.106 349.2 2.3 458.4 9.8 80
2021000000165500 0.105 132.9 468.6 390.3 481.9 80
2021000000165500 0.102 468.3 290.7 566.0 360.8 80
2021000000165500 0.102 319.0 227.0 406.3 282.3 80
2021000000165500 0.098 565.7 1.7 664.0 6.2 80
2021000000165500 0.098 364.4 224.5 456.7 288.5 80
2021000000165500 0.097 175.6 251.3 209.0 280.8 7
2021000000165500 0.097 466.8 188.5 555.8 253.2 80
2021000000165500 0.096 100.4 225.3 193.3 291.6 80
2021000000165500 0.095 351.0 325.7 458.8 402.9 80
2021000000165500 0.094 176.7 353.6 267.1 415.6 80
2021000000165500 0.093 312.7 320.5 416.7 395.7 80
2021000000165500 0.092 536.3 206.2 623.9 277.2 80
2021000000165500 0.092 493.9 228.9 585.6 302.1 80
2021000000165500 0.091 218.0 333.6 313.0 400.5 80
2021000000165500 0.090 62.7 245.4 156.5 324.1 80
2021000000165500 0.090 78.8 295.3 192.9 396.7 80
2021000000165500 0.089 551.4 236.0 650.4 353.1 80
2021000000165500 0.088 510.1 243.7 619.3 368.3 80
2021000000165500 0.086 -24.1 233.5 62.6 316.9 80
2021000000165500 0.086 448.7 327.3 562.0 453.2 80
2021000000165500 0.086 14.8 242.9 108.1 337.2 80
2021000000165500 0.085 268.6 449.4 383.1 481.5 80
2021000000165500 0.085 516.9 0.9 602.3 2.6 80
2021000000165500 0.082 278.3 347.1 391.2 450.1 80
2021000000165500 0.081 -10.7 266.4 90.0 407.6 80
2021000000165500 0.081 169.0 0.6 251.4 1.7 80
2021000000165500 0.080 418.1 259.5 517.1 314.9 80
2021000000165500 0.079 76.0 432.3 189.0 476.0 80
2021000000165500 0.079 -26.5 420.0 52.0 463.8 80
2021000000165500 0.078 523.5 121.4 646.6 512.6 80
2021000000165500 0.078 -19.0 403.5 76.6 450.4 80
2021000000165500 0.078 507.5 414.4 611.4 460.4 80
2021000000165500 0.078 38.2 425.8 158.6 472.3 80
2021000000165500 0.077 160.9 430.1 270.6 475.9 80
2021000000165500 0.077 439.5 416.5 546.2 463.2 80
2021000000165500 0.077 233.4 419.0 356.0 466.9 80
2021000000165500 0.077 -21.5 133.5 55.0 541.2 80
2021000000165500 0.077 -4.0 408.7 115.3 458.4 80
2021000000165500 0.077 30.6 255.0 143.7 435.1 80
2021000000165500 0.075 471.1 225.5 613.7 483.9 80
2021000000165500 0.075 378.6 405.0 480.7 455.6 80
2021000000165500 0.072 95.2 1.0 166.1 1.9 80
2021000000165500 0.072 314.8 0.7 385.6 1.6 80
2021000000165500 0.070 183.0 321.5 381.3 500.2 80
2021000000165500 0.070 506.3 12.4 669.4 63.1 80
2021000000165500 0.069 372.5 10.0 550.2 59.8 80
2021000000165500 0.069 418.1 259.5 517.1 314.9 7
2021000000165500 0.069 270.9 255.6 312.3 285.5 2
2021000000165500 0.069 271.3 256.3 313.9 284.1 11
2021000000165500 0.069 245.4 8.9 420.9 58.1 80
2021000000165500 0.069 209.0 13.4 363.2 62.4 80
2021000000165500 0.069 2.7 14.5 175.6 63.6 80
2021000000165500 0.069 170.4 10.8 336.3 59.8 80
2021000000165500 0.068 425.4 10.5 592.4 59.1 80
2021000000165500 0.068 -30.6 8.6 133.4 56.8 80
2021000000165500 0.068 40.3 10.0 214.2 58.1 80
2021000000165500 0.068 134.3 9.7 289.9 57.6 80
2021000000165500 0.068 329.2 8.9 495.0 57.0 80
2021000000165500 0.068 -33.0 44.0 52.8 94.2 80
2021000000165500 0.068 569.1 32.5 658.9 80.4 80
2021000000165500 0.068 -25.7 10.9 70.4 58.6 80
2021000000165500 0.068 92.2 9.2 239.2 56.4 80
2021000000165500 0.067 50.3 1.2 114.8 2.0 80
2021000000165500 0.067 -9.6 41.3 76.8 88.0 80
2021000000165500 0.067 313.4 15.2 424.6 60.8 80
2021000000165500 0.066 491.8 15.9 583.2 59.6 80
2021000000165500 0.066 22.7 25.6 109.5 68.7 80
2021000000165500 0.794 599.5 428.4 639.9 476.9 80
2021000000165500 0.776 48.8 113.4 594.9 382.6 80
2021000000165500 0.763 176.9 251.9 195.6 270.9 80
2021000000165500 0.758 419.5 272.6 442.7 302.8 80
2021000000165500 0.746 186.5 253.3 208.5 274.8 80
2021000000165500 0.746 446.3 267.7 520.9 316.5 80
2021000000165500 0.741 283.2 257.1 313.0 279.2 80
2021000000165500 0.738 638.8 158.8 640.1 259.6 80
2021000000165500 0.737 415.3 261.7 498.4 321.1 80
2021000000165500 0.735 281.4 259.2 313.9 286.8 80
2021000000165500 0.734 637.7 307.5 640.1 399.2 80
2021000000165500 0.733 266.0 258.8 293.6 283.1 80
2021000000165500 0.731 188.8 257.1 211.1 280.6 80
2021000000165500 0.703 175.4 253.3 208.1 282.2 80
2021000000165500 0.665 418.0 260.3 519.6 315.5 80
2021000000165500 0.664 271.3 256.3 313.9 284.1 80
2021000000165500 0.571 270.9 255.6 312.3 285.5 11
2021000000165500 0.552 418.1 259.5 517.1 314.9 14
2021000000165500 0.500 175.6 251.3 209.0 280.8 11
2021000000165500 0.373 611.3 69.0 640.3 525.6 80
2021000000165500 0.220 418.1 259.5 517.1 314.9 11
2021000000165500 0.180 175.6 251.3 209.0 280.8 80
2021000000165500 0.170 205.1 235.5 299.0 285.3 80
2021000000165500 0.161 270.9 255.6 312.3 285.5 80
2021000000165500 0.157 124.4 273.7 214.4 329.1 80
2021000000165500 0.153 418.1 259.5 517.1 314.9 8
2021000000165500 0.136 329.3 274.9 439.9 333.7 80
2021000000165500 0.135 392.4 221.9 485.6 280.7 80
2021000000165500 0.116 -150.7 466.4 335.5 484.1 80
2021000000165500 0.113 428.3 198.1 519.6 257.0 80
2021000000165500 0.112 230.9 179.5 323.8 239.9 80
2021000000165500 0.109 409.6 1.9 522.9 12.0 80
2021000000165500 0.106 349.2 2.3 458.4 9.8 80
2021000000165500 0.105 132.9 468.6 390.3 481.9 80
2021000000165500 0.102 468.3 290.7 566.0 360.8 80
2021000000165500 0.102 319.0 227.0 406.3 282.3 80
2021000000165500 0.098 565.7 1.7 664.0 6.2 80
2021000000165500 0.098 364.4 224.5 456.7 288.5 80
2021000000165500 0.097 175.6 251.3 209.0 280.8 7
2021000000165500 0.097 466.8 188.5 555.8 253.2 80
2021000000165500 0.096 100.4 225.3 193.3 291.6 80
2021000000165500 0.095 351.0 325.7 458.8 402.9 80
2021000000165500 0.094 176.7 353.6 267.1 415.6 80
2021000000165500 0.093 312.7 320.5 416.7 395.7 80
2021000000165500 0.092 536.3 206.2 623.9 277.2 80
2021000000165500 0.092 493.9 228.9 585.6 302.1 80
2021000000165500 0.091 218.0 333.6 313.0 400.5 80
2021000000165500 0.090 62.7 245.4 156.5 324.1 80
2021000000165500 0.090 78.8 295.3 192.9 396.7 80
2021000000165500 0.089 551.4 236.0 650.4 353.1 80
2021000000165500 0.088 510.1 243.7 619.3 368.3 80
2021000000165500 0.086 -24.1 233.5 62.6 316.9 80
2021000000165500 0.086 448.7 327.3 562.0 453.2 80
2021000000165500 0.086 14.8 242.9 108.1 337.2 80
2021000000165500 0.085 268.6 449.4 383.1 481.5 80
2021000000165500 0.085 516.9 0.9 602.3 2.6 80
2021000000165500 0.082 278.3 347.1 391.2 450.1 80
2021000000165500 0.081 -10.7 266.4 90.0 407.6 80
2021000000165500 0.081 169.0 0.6 251.4 1.7 80
2021000000165500 0.080 418.1 259.5 517.1 314.9 80
2021000000165500 0.079 76.0 432.3 189.0 476.0 80
2021000000165500 0.079 -26.5 420.0 52.0 463.8 80
2021000000165500 0.078 523.5 121.4 646.6 512.6 80
2021000000165500 0.078 -19.0 403.5 76.6 450.4 80
2021000000165500 0.078 507.5 414.4 611.4 460.4 80
2021000000165500 0.078 38.2 425.8 158.6 472.3 80
2021000000165500 0.077 160.9 430.1 270.6 475.9 80
2021000000165500 0.077 439.5 416.5 546.2 463.2 80
2021000000165500 0.077 233.4 419.0 356.0 466.9 80
2021000000165500 0.077 -21.5 133.5 55.0 541.2 80
2021000000165500 0.077 -4.0 408.7 115.3 458.4 80
2021000000165500 0.077 30.6 255.0 143.7 435.1 80
2021000000165500 0.075 471.1 225.5 613.7 483.9 80
2021000000165500 0.075 378.6 405.0 480.7 455.6 80
2021000000165500 0.072 95.2 1.0 166.1 1.9 80
2021000000165500 0.072 314.8 0.7 385.6 1.6 80
2021000000165500 0.070 183.0 321.5 381.3 500.2 80
2021000000165500 0.070 506.3 12.4 669.4 63.1 80
2021000000165500 0.069 372.5 10.0 550.2 59.8 80
2021000000165500 0.069 418.1 259.5 517.1 314.9 7
2021000000165500 0.069 270.9 255.6 312.3 285.5 2
2021000000165500 0.069 271.3 256.3 313.9 284.1 11
2021000000165500 0.069 245.4 8.9 420.9 58.1 80
2021000000165500 0.069 209.0 13.4 363.2 62.4 80
2021000000165500 0.069 2.7 14.5 175.6 63.6 80
2021000000165500 0.069 170.4 10.8 336.3 59.8 80
2021000000165500 0.068 425.4 10.5 592.4 59.1 80
2021000000165500 0.068 -30.6 8.6 133.4 56.8 80
2021000000165500 0.068 40.3 10.0 214.2 58.1 80
2021000000165500 0.068 134.3 9.7 289.9 57.6 80
2021000000165500 0.068 329.2 8.9 495.0 57.0 80
2021000000165500 0.068 -33.0 44.0 52.8 94.2 80
2021000000165500 0.068 569.1 32.5 658.9 80.4 80
2021000000165500 0.068 -25.7 10.9 70.4 58.6 80
2021000000165500 0.068 92.2 9.2 239.2 56.4 80
2021000000165500 0.067 50.3 1.2 114.8 2.0 80
2021000000165500 0.067 -9.6 41.3 76.8 88.0 80
2021000000165500 0.067 313.4 15.2 424.6 60.8 80
2021000000165500 0.066 491.8 15.9 583.2 59.6 80
2021000000165500 0.066 22.7 25.6 109.5 68.7 80
2021000000165500 0.794 599.5 428.4 639.9 476.9 80
2021000000165500 0.776 48.8 113.4 594.9 382.6 80
2021000000165500 0.763 176.9 251.9 195.6 270.9 80
2021000000165500 0.758 419.5 272.6 442.7 302.8 80
2021000000165500 0.746 186.5 253.3 208.5 274.8 80
2021000000165500 0.746 446.3 267.7 520.9 316.5 80
2021000000165500 0.741 283.2 257.1 313.0 279.2 80
2021000000165500 0.738 638.8 158.8 640.1 259.6 80
2021000000165500 0.737 415.3 261.7 498.4 321.1 80
2021000000165500 0.735 281.4 259.2 313.9 286.8 80
2021000000165500 0.734 637.7 307.5 640.1 399.2 80
2021000000165500 0.733 266.0 258.8 293.6 283.1 80
2021000000165500 0.731 188.8 257.1 211.1 280.6 80
2021000000165500 0.703 175.4 253.3 208.1 282.2 80
2021000000165500 0.665 418.0 260.3 519.6 315.5 80
2021000000165500 0.664 271.3 256.3 313.9 284.1 80
2021000000165500 0.571 270.9 255.6 312.3 285.5 11
2021000000165500 0.552 418.1 259.5 517.1 314.9 14
2021000000165500 0.500 175.6 251.3 209.0 280.8 11
2021000000165500 0.373 611.3 69.0 640.3 525.6 80
2021000000165500 0.220 418.1 259.5 517.1 314.9 11
2021000000165500 0.180 175.6 251.3 209.0 280.8 80
2021000000165500 0.170 205.1 235.5 299.0 285.3 80
2021000000165500 0.161 270.9 255.6 312.3 285.5 80
2021000000165500 0.157 124.4 273.7 214.4 329.1 80
2021000000165500 0.153 418.1 259.5 517.1 314.9 8
2021000000165500 0.136 329.3 274.9 439.9 333.7 80
2021000000165500 0.135 392.4 221.9 485.6 280.7 80
2021000000165500 0.116 -150.7 466.4 335.5 484.1 80
2021000000165500 0.113 428.3 198.1 519.6 257.0 80
2021000000165500 0.112 230.9 179.5 323.8 239.9 80
2021000000165500 0.109 409.6 1.9 522.9 12.0 80
2021000000165500 0.106 349.2 2.3 458.4 9.8 80
2021000000165500 0.105 132.9 468.6 390.3 481.9 80
2021000000165500 0.102 468.3 290.7 566.0 360.8 80
2021000000165500 0.102 319.0 227.0 406.3 282.3 80
2021000000165500 0.098 565.7 1.7 664.0 6.2 80
2021000000165500 0.098 364.4 224.5 456.7 288.5 80
2021000000165500 0.097 175.6 251.3 209.0 280.8 7
2021000000165500 0.097 466.8 188.5 555.8 253.2 80
2021000000165500 0.096 100.4 225.3 193.3 291.6 80
2021000000165500 0.095 351.0 325.7 458.8 402.9 80
2021000000165500 0.094 176.7 353.6 267.1 415.6 80
2021000000165500 0.093 312.7 320.5 416.7 395.7 80
2021000000165500 0.092 536.3 206.2 623.9 277.2 80
2021000000165500 0.092 493.9 228.9 585.6 302.1 80
2021000000165500 0.091 218.0 333.6 313.0 400.5 80
2021000000165500 0.090 62.7 245.4 156.5 324.1 80
2021000000165500 0.090 78.8 295.3 192.9 396.7 80
2021000000165500 0.089 551.4 236.0 650.4 353.1 80
2021000000165500 0.088 510.1 243.7 619.3 368.3 80
2021000000165500 0.086 -24.1 233.5 62.6 316.9 80
2021000000165500 0.086 448.7 327.3 562.0 453.2 80
2021000000165500 0.086 14.8 242.9 108.1 337.2 80
2021000000165500 0.085 268.6 449.4 383.1 481.5 80
2021000000165500 0.085 516.9 0.9 602.3 2.6 80
2021000000165500 0.082 278.3 347.1 391.2 450.1 80
2021000000165500 0.081 -10.7 266.4 90.0 407.6 80
2021000000165500 0.081 169.0 0.6 251.4 1.7 80
2021000000165500 0.080 418.1 259.5 517.1 314.9 80
2021000000165500 0.079 76.0 432.3 189.0 476.0 80
2021000000165500 0.079 -26.5 420.0 52.0 463.8 80
2021000000165500 0.078 523.5 121.4 646.6 512.6 80
2021000000165500 0.078 -19.0 403.5 76.6 450.4 80
2021000000165500 0.078 507.5 414.4 611.4 460.4 80
2021000000165500 0.078 38.2 425.8 158.6 472.3 80
2021000000165500 0.077 160.9 430.1 270.6 475.9 80
2021000000165500 0.077 439.5 416.5 546.2 463.2 80
2021000000165500 0.077 233.4 419.0 356.0 466.9 80
2021000000165500 0.077 -21.5 133.5 55.0 541.2 80
2021000000165500 0.077 -4.0 408.7 115.3 458.4 80
2021000000165500 0.077 30.6 255.0 143.7 435.1 80
2021000000165500 0.075 471.1 225.5 613.7 483.9 80
2021000000165500 0.075 378.6 405.0 480.7 455.6 80
2021000000165500 0.072 95.2 1.0 166.1 1.9 80
2021000000165500 0.072 314.8 0.7 385.6 1.6 80
2021000000165500 0.070 183.0 321.5 381.3 500.2 80
2021000000165500 0.070 506.3 12.4 669.4 63.1 80
2021000000165500 0.069 372.5 10.0 550.2 59.8 80
2021000000165500 0.069 418.1 259.5 517.1 314.9 7
2021000000165500 0.069 270.9 255.6 312.3 285.5 2
2021000000165500 0.069 271.3 256.3 313.9 284.1 11
2021000000165500 0.069 245.4 8.9 420.9 58.1 80
2021000000165500 0.069 209.0 13.4 363.2 62.4 80
2021000000165500 0.069 2.7 14.5 175.6 63.6 80
2021000000165500 0.069 170.4 10.8 336.3 59.8 80
2021000000165500 0.068 425.4 10.5 592.4 59.1 80
2021000000165500 0.068 -30.6 8.6 133.4 56.8 80
2021000000165500 0.068 40.3 10.0 214.2 58.1 80
2021000000165500 0.068 134.3 9.7 289.9 57.6 80
2021000000165500 0.068 329.2 8.9 495.0 57.0 80
2021000000165500 0.068 -33.0 44.0 52.8 94.2 80
2021000000165500 0.068 569.1 32.5 658.9 80.4 80
2021000000165500 0.068 -25.7 10.9 70.4 58.6 80
2021000000165500 0.068 92.2 9.2 239.2 56.4 80
2021000000165500 0.067 50.3 1.2 114.8 2.0 80
2021000000165500 0.067 -9.6 41.3 76.8 88.0 80
2021000000165500 0.067 313.4 15.2 424.6 60.8 80
2021000000165500 0.066 491.8 15.9 583.2 59.6 80
2021000000165500 0.066 22.7 25.6 109.5 68.7 80
2021000000165500 0.794 599.5 428.4 639.9 476.9 80
2021000000165500 0.776 48.8 113.4 594.9 382.6 80
2021000000165500 0.763 176.9 251.9 195.6 270.9 80
2021000000165500 0.758 419.5 272.6 442.7 302.8 80
2021000000165500 0.746 186.5 253.3 208.5 274.8 80
2021000000165500 0.746 446.3 267.7 520.9 316.5 80
2021000000165500 0.741 283.2 257.1 313.0 279.2 80
2021000000165500 0.738 638.8 158.8 640.1 259.6 80
2021000000165500 0.737 415.3 261.7 498.4 321.1 80
2021000000165500 0.735 281.4 259.2 313.9 286.8 80
2021000000165500 0.734 637.7 307.5 640.1 399.2 80
2021000000165500 0.733 266.0 258.8 293.6 283.1 80
2021000000165500 0.731 188.8 257.1 211.1 280.6 80
2021000000165500 0.703 175.4 253.3 208.1 282.2 80
2021000000165500 0.665 418.0 260.3 519.6 315.5 80
2021000000165500 0.664 271.3 256.3 313.9 284.1 80
2021000000165500 0.571 270.9 255.6 312.3 285.5 11
2021000000165500 0.552 418.1 259.5 517.1 314.9 14
2021000000165500 0.500 175.6 251.3 209.0 280.8 11
2021000000165500 0.373 611.3 69.0 640.3 525.6 80
2021000000165500 0.220 418.1 259.5 517.1 314.9 11
2021000000165500 0.180 175.6 251.3 209.0 280.8 80
2021000000165500 0.170 205.1 235.5 299.0 285.3 80
2021000000165500 0.161 270.9 255.6 312.3 285.5 80
2021000000165500 0.157 124.4 273.7 214.4 329.1 80
2021000000165500 0.153 418.1 259.5 517.1 314.9 8
2021000000165500 0.136 329.3 274.9 439.9 333.7 80
2021000000165500 0.135 392.4 221.9 485.6 280.7 80
2021000000165500 0.116 -150.7 466.4 335.5 484.1 80
2021000000165500 0.113 428.3 198.1 519.6 257.0 80
2021000000165500 0.112 230.9 179.5 323.8 239.9 80
2021000000165500 0.109 409.6 1.9 522.9 12.0 80
2021000000165500 0.106 349.2 2.3 458.4 9.8 80
2021000000165500 0.105 132.9 468.6 390.3 481.9 80
2021000000165500 0.102 468.3 290.7 566.0 360.8 80
2021000000165500 0.102 319.0 227.0 406.3 282.3 80
2021000000165500 0.098 565.7 1.7 664.0 6.2 80
2021000000165500 0.098 364.4 224.5 456.7 288.5 80
2021000000165500 0.097 175.6 251.3 209.0 280.8 7
2021000000165500 0.097 466.8 188.5 555.8 253.2 80
2021000000165500 0.096 100.4 225.3 193.3 291.6 80
2021000000165500 0.095 351.0 325.7 458.8 402.9 80
2021000000165500 0.094 176.7 353.6 267.1 415.6 80
2021000000165500 0.093 312.7 320.5 416.7 395.7 80
2021000000165500 0.092 536.3 206.2 623.9 277.2 80
2021000000165500 0.092 493.9 228.9 585.6 302.1 80
2021000000165500 0.091 218.0 333.6 313.0 400.5 80
2021000000165500 0.090 62.7 245.4 156.5 324.1 80
2021000000165500 0.090 78.8 295.3 192.9 396.7 80
2021000000165500 0.089 551.4 236.0 650.4 353.1 80
2021000000165500 0.088 510.1 243.7 619.3 368.3 80
2021000000165500 0.086 -24.1 233.5 62.6 316.9 80
2021000000165500 0.086 448.7 327.3 562.0 453.2 80
2021000000165500 0.086 14.8 242.9 108.1 337.2 80
2021000000165500 0.085 268.6 449.4 383.1 481.5 80
2021000000165500 0.085 516.9 0.9 602.3 2.6 80
2021000000165500 0.082 278.3 347.1 391.2 450.1 80
2021000000165500 0.081 -10.7 266.4 90.0 407.6 80
2021000000165500 0.081 169.0 0.6 251.4 1.7 80
2021000000165500 0.080 418.1 259.5 517.1 314.9 80
2021000000165500 0.079 76.0 432.3 189.0 476.0 80
2021000000165500 0.079 -26.5 420.0 52.0 463.8 80
2021000000165500 0.078 523.5 121.4 646.6 512.6 80
2021000000165500 0.078 -19.0 403.5 76.6 450.4 80
2021000000165500 0.078 507.5 414.4 611.4 460.4 80
2021000000165500 0.078 38.2 425.8 158.6 472.3 80
2021000000165500 0.077 160.9 430.1 270.6 475.9 80
2021000000165500 0.077 439.5 416.5 546.2 463.2 80
2021000000165500 0.077 233.4 419.0 356.0 466.9 80
2021000000165500 0.077 -21.5 133.5 55.0 541.2 80
2021000000165500 0.077 -4.0 408.7 115.3 458.4 80
2021000000165500 0.077 30.6 255.0 143.7 435.1 80
2021000000165500 0.075 471.1 225.5 613.7 483.9 80
2021000000165500 0.075 378.6 405.0 480.7 455.6 80
2021000000165500 0.072 95.2 1.0 166.1 1.9 80
2021000000165500 0.072 314.8 0.7 385.6 1.6 80
2021000000165500 0.070 183.0 321.5 381.3 500.2 80
2021000000165500 0.070 506.3 12.4 669.4 63.1 80
2021000000165500 0.069 372.5 10.0 550.2 59.8 80
2021000000165500 0.069 418.1 259.5 517.1 314.9 7
2021000000165500 0.069 270.9 255.6 312.3 285.5 2
2021000000165500 0.069 271.3 256.3 313.9 284.1 11
2021000000165500 0.069 245.4 8.9 420.9 58.1 80
2021000000165500 0.069 209.0 13.4 363.2 62.4 80
2021000000165500 0.069 2.7 14.5 175.6 63.6 80
2021000000165500 0.069 170.4 10.8 336.3 59.8 80
2021000000165500 0.068 425.4 10.5 592.4 59.1 80
2021000000165500 0.068 -30.6 8.6 133.4 56.8 80
2021000000165500 0.068 40.3 10.0 214.2 58.1 80
2021000000165500 0.068 134.3 9.7 289.9 57.6 80
2021000000165500 0.068 329.2 8.9 495.0 57.0 80
2021000000165500 0.068 -33.0 44.0 52.8 94.2 80
2021000000165500 0.068 569.1 32.5 658.9 80.4 80
2021000000165500 0.068 -25.7 10.9 70.4 58.6 80
2021000000165500 0.068 92.2 9.2 239.2 56.4 80
2021000000165500 0.067 50.3 1.2 114.8 2.0 80
2021000000165500 0.067 -9.6 41.3 76.8 88.0 80
2021000000165500 0.067 313.4 15.2 424.6 60.8 80
2021000000165500 0.066 491.8 15.9 583.2 59.6 80
2021000000165500 0.066 22.7 25.6 109.5 68.7 80
2021000000165500 0.794 599.5 428.4 639.9 476.9 80
2021000000165500 0.776 48.8 113.4 594.9 382.6 80
2021000000165500 0.763 176.9 251.9 195.6 270.9 80
2021000000165500 0.758 419.5 272.6 442.7 302.8 80
2021000000165500 0.746 186.5 253.3 208.5 274.8 80
2021000000165500 0.746 446.3 267.7 520.9 316.5 80
2021000000165500 0.741 283.2 257.1 313.0 279.2 80
2021000000165500 0.738 638.8 158.8 640.1 259.6 80
2021000000165500 0.737 415.3 261.7 498.4 321.1 80
2021000000165500 0.735 281.4 259.2 313.9 286.8 80
2021000000165500 0.734 637.7 307.5 640.1 399.2 80
2021000000165500 0.733 266.0 258.8 293.6 283.1 80
2021000000165500 0.731 188.8 257.1 211.1 280.6 80
2021000000165500 0.703 175.4 253.3 208.1 282.2 80
2021000000165500 0.665 418.0 260.3 519.6 315.5 80
2021000000165500 0.664 271.3 256.3 313.9 284.1 80
2021000000165500 0.571 270.9 255.6 312.3 285.5 11
2021000000165500 0.552 418.1 259.5 517.1 314.9 14
2021000000165500 0.500 175.6 251.3 209.0 280.8 11
2021000000165500 0.373 611.3 69.0 640.3 525.6 80
2021000000165500 0.220 418.1 259.5 517.1 314.9 11
2021000000165500 0.180 175.6 251.3 209.0 280.8 80
2021000000165500 0.170 205.1 235.5 299.0 285.3 80
2021000000165500 0.161 270.9 255.6 312.3 285.5 80
2021000000165500 0.157 124.4 273.7 214.4 329.1 80
2021000000165500 0.153 418.1 259.5 517.1 314.9 8
2021000000165500 0.136 329.3 274.9 439.9 333.7 80
2021000000165500 0.135 392.4 221.9 485.6 280.7 80
2021000000165500 0.116 -150.7 466.4 335.5 484.1 80
2021000000165500 0.113 428.3 198.1 519.6 257.0 80
2021000000165500 0.112 230.9 179.5 323.8 239.9 80
2021000000165500 0.109 409.6 1.9 522.9 12.0 80
2021000000165500 0.106 349.2 2.3 458.4 9.8 80
2021000000165500 0.105 132.9 468.6 390.3 481.9 80
2021000000165500 0.102 468.3 290.7 566.0 360.8 80
2021000000165500 0.102 319.0 227.0 406.3 282.3 80
2021000000165500 0.098 565.7 1.7 664.0 6.2 80
2021000000165500 0.098 364.4 224.5 456.7 288.5 80
2021000000165500 0.097 175.6 251.3 209.0 280.8 7
2021000000165500 0.097 466.8 188.5 555.8 253.2 80
2021000000165500 0.096 100.4 225.3 193.3 291.6 80
2021000000165500 0.095 351.0 325.7 458.8 402.9 80
2021000000165500 0.094 176.7 353.6 267.1 415.6 80
2021000000165500 0.093 312.7 320.5 416.7 395.7 80
2021000000165500 0.092 536.3 206.2 623.9 277.2 80
2021000000165500 0.092 493.9 228.9 585.6 302.1 80
2021000000165500 0.091 218.0 333.6 313.0 400.5 80
2021000000165500 0.090 62.7 245.4 156.5 324.1 80
2021000000165500 0.090 78.8 295.3 192.9 396.7 80
2021000000165500 0.089 551.4 236.0 650.4 353.1 80
2021000000165500 0.088 510.1 243.7 619.3 368.3 80
2021000000165500 0.086 -24.1 233.5 62.6 316.9 80
2021000000165500 0.086 448.7 327.3 562.0 453.2 80
2021000000165500 0.086 14.8 242.9 108.1 337.2 80
2021000000165500 0.085 268.6 449.4 383.1 481.5 80
2021000000165500 0.085 516.9 0.9 602.3 2.6 80
2021000000165500 0.082 278.3 347.1 391.2 450.1 80
2021000000165500 0.081 -10.7 266.4 90.0 407.6 80
2021000000165500 0.081 169.0 0.6 251.4 1.7 80
2021000000165500 0.080 418.1 259.5 517.1 314.9 80
2021000000165500 0.079 76.0 432.3 189.0 476.0 80
2021000000165500 0.079 -26.5 420.0 52.0 463.8 80
2021000000165500 0.078 523.5 121.4 646.6 512.6 80
2021000000165500 0.078 -19.0 403.5 76.6 450.4 80
2021000000165500 0.078 507.5 414.4 611.4 460.4 80
2021000000165500 0.078 38.2 425.8 158.6 472.3 80
2021000000165500 0.077 160.9 430.1 270.6 475.9 80
2021000000165500 0.077 439.5 416.5 546.2 463.2 80
2021000000165500 0.077 233.4 419.0 356.0 466.9 80
2021000000165500 0.077 -21.5 133.5 55.0 541.2 80
2021000000165500 0.077 -4.0 408.7 115.3 458.4 80
2021000000165500 0.077 30.6 255.0 143.7 435.1 80
2021000000165500 0.075 471.1 225.5 613.7 483.9 80
2021000000165500 0.075 378.6 405.0 480.7 455.6 80
2021000000165500 0.072 95.2 1.0 166.1 1.9 80
2021000000165500 0.072 314.8 0.7 385.6 1.6 80
2021000000165500 0.070 183.0 321.5 381.3 500.2 80
2021000000165500 0.070 506.3 12.4 669.4 63.1 80
2021000000165500 0.069 372.5 10.0 550.2 59.8 80
2021000000165500 0.069 418.1 259.5 517.1 314.9 7
2021000000165500 0.069 270.9 255.6 312.3 285.5 2
2021000000165500 0.069 271.3 256.3 313.9 284.1 11
2021000000165500 0.069 245.4 8.9 420.9 58.1 80
2021000000165500 0.069 209.0 13.4 363.2 62.4 80
2021000000165500 0.069 2.7 14.5 175.6 63.6 80
2021000000165500 0.069 170.4 10.8 336.3 59.8 80
2021000000165500 0.068 425.4 10.5 592.4 59.1 80
2021000000165500 0.068 -30.6 8.6 133.4 56.8 80
2021000000165500 0.068 40.3 10.0 214.2 58.1 80
2021000000165500 0.068 134.3 9.7 289.9 57.6 80
2021000000165500 0.068 329.2 8.9 495.0 57.0 80
2021000000165500 0.068 -33.0 44.0 52.8 94.2 80
2021000000165500 0.068 569.1 32.5 658.9 80.4 80
2021000000165500 0.068 -25.7 10.9 70.4 58.6 80
2021000000165500 0.068 92.2 9.2 239.2 56.4 80
2021000000165500 0.067 50.3 1.2 114.8 2.0 80
2021000000165500 0.067 -9.6 41.3 76.8 88.0 80
2021000000165500 0.067 313.4 15.2 424.6 60.8 80
2021000000165500 0.066 491.8 15.9 583.2 59.6 80
2021000000165500 0.066 22.7 25.6 109.5 68.7 80
