2021006801 0.706 154.8 135.7 494.5 288.6 80
2021006801 0.660 100.0 124.7 495.5 296.0 80
2021006801 0.656 232.6 139.5 497.9 279.9 80
2021006801 0.653 80.2 125.0 339.1 286.3 80
2021006801 0.650 80.3 129.1 501.1 296.7 7
2021006801 0.639 112.4 139.4 492.8 291.1 80
2021006801 0.631 492.5 161.6 500.0 265.1 80
2021006801 0.624 81.2 128.3 265.9 270.9 80
2021006801 0.616 470.1 343.8 499.8 375.1 80
2021006801 0.585 1.3 0.6 500.0 374.5 80
2021006801 0.558 79.2 127.4 387.3 275.2 80
2021006801 0.549 82.8 131.4 490.3 285.4 80
2021006801 0.536 496.4 196.1 500.2 296.5 80
2021006801 0.533 49.2 134.2 486.3 303.1 80
2021006801 0.494 497.2 73.3 500.4 175.2 80
2021006801 0.475 70.0 140.1 499.1 291.8 80
2021006801 0.423 67.6 125.5 484.4 281.4 80
2021006801 0.365 496.8 47.4 500.2 266.5 80
2021006801 0.364 457.8 8.2 498.2 339.0 80
2021006801 0.361 455.2 56.6 499.0 399.0 80
2021006801 0.307 497.5 87.3 500.3 314.6 80
2021006801 0.275 0.8 118.5 3.3 277.2 80
2021006801 0.270 0.6 -1.6 4.4 91.7 80
2021006801 0.264 0.7 32.2 3.4 189.8 80
2021006801 0.236 0.6 192.4 4.1 344.7 80
2021006801 0.231 203.9 159.3 512.6 284.9 80
2021006801 0.221 0.6 11.8 7.9 266.7 80
2021006801 0.207 0.6 46.5 9.1 337.1 80
2021006801 0.198 492.2 234.9 502.5 364.5 80
2021006801 0.195 -0.6 16.1 23.3 350.6 80
2021006801 0.184 332.3 154.6 495.4 373.9 80
2021006801 0.182 -3.4 319.2 24.2 384.5 80
2021006801 0.173 122.6 363.5 408.3 377.0 80
2021006801 0.168 -0.2 180.2 28.8 380.2 80
2021006801 0.167 291.1 168.0 491.5 277.1 80
2021006801 0.161 307.7 184.4 485.4 285.1 80
2021006801 0.160 270.9 319.5 455.0 377.2 80
2021006801 0.159 181.9 227.7 392.7 293.4 80
2021006801 0.152 68.2 159.3 435.6 277.5 80
2021006801 0.150 118.2 226.4 187.3 279.6 80
2021006801 0.144 157.1 232.7 235.0 282.8 80
2021006801 0.143 144.2 200.4 476.6 312.3 80
2021006801 0.143 238.6 231.7 405.9 301.0 80
2021006801 0.143 106.0 238.8 165.2 292.0 80
2021006801 0.142 97.6 219.2 412.5 346.2 80
2021006801 0.142 207.1 245.2 293.9 289.5 80
2021006801 0.142 58.8 309.4 220.1 375.8 80
2021006801 0.140 195.8 191.8 500.7 305.9 80
2021006801 0.140 62.6 145.5 350.7 249.7 80
2021006801 0.137 97.5 200.1 413.4 312.9 80
2021006801 0.136 2.5 90.2 95.9 364.2 80
2021006801 0.136 43.8 209.3 316.1 348.9 80
2021006801 0.135 280.2 242.7 341.0 277.6 80
2021006801 0.135 4.7 196.6 196.4 364.8 80
2021006801 0.135 132.4 314.4 303.4 370.5 80
2021006801 0.134 154.6 349.2 354.1 375.1 80
2021006801 0.133 145.8 203.8 189.4 236.7 80
2021006801 0.133 199.4 189.0 323.9 245.6 80
2021006801 0.133 196.0 325.9 359.2 368.9 80
2021006801 0.132 65.7 195.5 352.4 306.8 80
2021006801 0.132 193.1 209.6 238.2 241.2 80
2021006801 0.132 243.0 221.0 290.0 252.2 80
2021006801 0.132 336.0 356.8 452.6 379.2 80
2021006801 0.128 322.3 222.6 411.9 270.7 80
2021006801 0.128 17.2 335.8 98.0 373.0 80
2021006801 0.127 23.3 180.6 250.3 319.3 80
2021006801 0.126 48.6 358.4 162.6 377.9 80
2021006801 0.126 16.9 130.6 192.6 309.4 80
2021006801 0.125 402.2 341.7 491.7 373.3 80
2021006801 0.122 47.3 172.0 283.0 277.4 80
2021006801 0.122 116.8 354.7 235.8 377.2 80
2021006801 0.122 42.3 228.8 94.0 291.6 80
2021006801 0.121 260.1 351.5 384.3 375.6 80
2021006801 0.119 67.6 191.0 153.0 252.6 80
2021006801 0.119 67.5 174.2 210.3 274.7 80
2021006801 0.112 260.0 153.4 541.4 238.4 80
2021006801 0.110 -59.5 91.6 183.9 164.1 80
2021006801 0.110 -28.0 49.8 294.9 123.2 80
2021006801 0.109 -104.1 29.3 182.3 87.5 80
2021006801 0.108 424.1 24.5 543.8 98.9 80
2021006801 0.108 34.0 5.5 526.6 98.5 80
2021006801 0.108 124.9 44.2 565.3 130.7 80
2021006801 0.107 178.8 28.3 610.0 109.7 80
2021006801 0.107 -120.2 14.3 313.7 72.0 80
2021006801 0.106 251.4 17.4 631.9 87.4 80
2021006801 0.106 -1.3 -1.8 493.4 53.4 80
2021006801 0.106 -47.6 -2.4 446.0 59.3 80
2021006801 0.106 259.7 77.0 639.9 192.3 80
2021006801 0.103 71.8 -4.1 570.8 39.9 80
2021006801 0.095 126.5 -4.5 625.5 27.2 80
2021006801 0.094 -184.4 -0.1 314.5 23.0 80
2021006801 0.094 -198.9 -2.1 262.8 21.0 80
2021006801 0.092 -139.2 -0.7 359.7 23.8 80
2021006801 0.092 -37.8 -2.5 461.2 22.7 80
2021006801 0.092 -90.6 -0.8 408.4 24.4 80
2021006801 0.091 22.1 -2.8 521.1 23.2 80
2021006801 0.091 157.6 -1.9 656.6 23.2 80
2021006801 0.090 82.8 -3.0 581.8 22.0 80
2021006801 0.090 204.4 -2.4 703.4 22.6 80
2021006801 0.089 238.9 -1.8 737.3 23.0 80
2021006801 0.706 154.8 135.7 494.5 288.6 80
2021006801 0.660 100.0 124.7 495.5 296.0 80
2021006801 0.656 232.6 139.5 497.9 279.9 80
2021006801 0.653 80.2 125.0 339.1 286.3 80
2021006801 0.650 80.3 129.1 501.1 296.7 7
2021006801 0.639 112.4 139.4 492.8 291.1 80
2021006801 0.631 492.5 161.6 500.0 265.1 80
2021006801 0.624 81.2 128.3 265.9 270.9 80
2021006801 0.616 470.1 343.8 499.8 375.1 80
2021006801 0.585 1.3 0.6 500.0 374.5 80
2021006801 0.558 79.2 127.4 387.3 275.2 80
2021006801 0.549 82.8 131.4 490.3 285.4 80
2021006801 0.536 496.4 196.1 500.2 296.5 80
2021006801 0.533 49.2 134.2 486.3 303.1 80
2021006801 0.494 497.2 73.3 500.4 175.2 80
2021006801 0.475 70.0 140.1 499.1 291.8 80
2021006801 0.423 67.6 125.5 484.4 281.4 80
2021006801 0.365 496.8 47.4 500.2 266.5 80
2021006801 0.364 457.8 8.2 498.2 339.0 80
2021006801 0.361 455.2 56.6 499.0 399.0 80
2021006801 0.307 497.5 87.3 500.3 314.6 80
2021006801 0.275 0.8 118.5 3.3 277.2 80
2021006801 0.270 0.6 -1.6 4.4 91.7 80
2021006801 0.264 0.7 32.2 3.4 189.8 80
2021006801 0.236 0.6 192.4 4.1 344.7 80
2021006801 0.231 203.9 159.3 512.6 284.9 80
2021006801 0.221 0.6 11.8 7.9 266.7 80
2021006801 0.207 0.6 46.5 9.1 337.1 80
2021006801 0.198 492.2 234.9 502.5 364.5 80
2021006801 0.195 -0.6 16.1 23.3 350.6 80
2021006801 0.184 332.3 154.6 495.4 373.9 80
2021006801 0.182 -3.4 319.2 24.2 384.5 80
2021006801 0.173 122.6 363.5 408.3 377.0 80
2021006801 0.168 -0.2 180.2 28.8 380.2 80
2021006801 0.167 291.1 168.0 491.5 277.1 80
2021006801 0.161 307.7 184.4 485.4 285.1 80
2021006801 0.160 270.9 319.5 455.0 377.2 80
2021006801 0.159 181.9 227.7 392.7 293.4 80
2021006801 0.152 68.2 159.3 435.6 277.5 80
2021006801 0.150 118.2 226.4 187.3 279.6 80
2021006801 0.144 157.1 232.7 235.0 282.8 80
2021006801 0.143 144.2 200.4 476.6 312.3 80
2021006801 0.143 238.6 231.7 405.9 301.0 80
2021006801 0.143 106.0 238.8 165.2 292.0 80
2021006801 0.142 97.6 219.2 412.5 346.2 80
2021006801 0.142 207.1 245.2 293.9 289.5 80
2021006801 0.142 58.8 309.4 220.1 375.8 80
2021006801 0.140 195.8 191.8 500.7 305.9 80
2021006801 0.140 62.6 145.5 350.7 249.7 80
2021006801 0.137 97.5 200.1 413.4 312.9 80
2021006801 0.136 2.5 90.2 95.9 364.2 80
2021006801 0.136 43.8 209.3 316.1 348.9 80
2021006801 0.135 280.2 242.7 341.0 277.6 80
2021006801 0.135 4.7 196.6 196.4 364.8 80
2021006801 0.135 132.4 314.4 303.4 370.5 80
2021006801 0.134 154.6 349.2 354.1 375.1 80
2021006801 0.133 145.8 203.8 189.4 236.7 80
2021006801 0.133 199.4 189.0 323.9 245.6 80
2021006801 0.133 196.0 325.9 359.2 368.9 80
2021006801 0.132 65.7 195.5 352.4 306.8 80
2021006801 0.132 193.1 209.6 238.2 241.2 80
2021006801 0.132 243.0 221.0 290.0 252.2 80
2021006801 0.132 336.0 356.8 452.6 379.2 80
2021006801 0.128 322.3 222.6 411.9 270.7 80
2021006801 0.128 17.2 335.8 98.0 373.0 80
2021006801 0.127 23.3 180.6 250.3 319.3 80
2021006801 0.126 48.6 358.4 162.6 377.9 80
2021006801 0.126 16.9 130.6 192.6 309.4 80
2021006801 0.125 402.2 341.7 491.7 373.3 80
2021006801 0.122 47.3 172.0 283.0 277.4 80
2021006801 0.122 116.8 354.7 235.8 377.2 80
2021006801 0.122 42.3 228.8 94.0 291.6 80
2021006801 0.121 260.1 351.5 384.3 375.6 80
2021006801 0.119 67.6 191.0 153.0 252.6 80
2021006801 0.119 67.5 174.2 210.3 274.7 80
2021006801 0.112 260.0 153.4 541.4 238.4 80
2021006801 0.110 -59.5 91.6 183.9 164.1 80
2021006801 0.110 -28.0 49.8 294.9 123.2 80
2021006801 0.109 -104.1 29.3 182.3 87.5 80
2021006801 0.108 424.1 24.5 543.8 98.9 80
2021006801 0.108 34.0 5.5 526.6 98.5 80
2021006801 0.108 124.9 44.2 565.3 130.7 80
2021006801 0.107 178.8 28.3 610.0 109.7 80
2021006801 0.107 -120.2 14.3 313.7 72.0 80
2021006801 0.106 251.4 17.4 631.9 87.4 80
2021006801 0.106 -1.3 -1.8 493.4 53.4 80
2021006801 0.106 -47.6 -2.4 446.0 59.3 80
2021006801 0.106 259.7 77.0 639.9 192.3 80
2021006801 0.103 71.8 -4.1 570.8 39.9 80
2021006801 0.095 126.5 -4.5 625.5 27.2 80
2021006801 0.094 -184.4 -0.1 314.5 23.0 80
2021006801 0.094 -198.9 -2.1 262.8 21.0 80
2021006801 0.092 -139.2 -0.7 359.7 23.8 80
2021006801 0.092 -37.8 -2.5 461.2 22.7 80
2021006801 0.092 -90.6 -0.8 408.4 24.4 80
2021006801 0.091 22.1 -2.8 521.1 23.2 80
2021006801 0.091 157.6 -1.9 656.6 23.2 80
2021006801 0.090 82.8 -3.0 581.8 22.0 80
2021006801 0.090 204.4 -2.4 703.4 22.6 80
2021006801 0.089 238.9 -1.8 737.3 23.0 80
2021006801 0.000 242.0 73.2 372.7 227.7 80
2021006801 0.000 0.9 43.1 103.5 247.8 80
2021006801 0.000 143.7 135.9 210.3 202.4 80
2021006801 0.000 211.4 111.8 275.3 178.0 80
2021006801 0.000 371.0 109.2 486.3 268.7 80
2021006801 0.000 255.8 137.9 317.1 204.5 80
2021006801 0.000 156.6 31.4 304.0 211.6 80
2021006801 0.000 45.5 217.8 107.4 288.9 80
2021006801 0.000 136.3 82.3 207.6 151.5 80
2021006801 0.000 81.5 117.6 146.9 186.5 80
2021006801 0.000 197.9 51.8 272.4 119.8 80
2021006801 0.000 453.6 128.4 499.6 211.2 80
2021006801 0.000 387.8 97.3 461.7 164.2 80
2021006801 0.000 348.6 145.3 411.0 211.1 80
2021006801 0.000 136.9 218.3 201.8 292.7 80
2021006801 0.000 19.5 26.1 206.5 194.8 80
2021006801 0.000 1.5 201.3 48.0 285.0 80
2021006801 0.000 297.9 170.7 359.9 236.2 80
2021006801 0.000 453.4 192.9 499.6 275.6 80
2021006801 0.000 356.3 197.7 415.7 265.7 80
2021006801 0.000 313.5 100.9 376.2 167.7 80
2021006801 0.000 323.9 8.3 496.6 191.8 80
2021006801 0.000 287.5 132.8 485.8 257.7 80
2021006801 0.000 205.6 160.1 267.3 225.4 80
2021006801 0.000 0.9 125.8 102.1 357.9 80
2021006801 0.000 33.3 127.4 166.8 276.8 80
2021006801 0.000 1.0 151.5 47.1 234.6 80
2021006801 0.000 89.9 187.8 149.8 253.9 80
2021006801 0.000 449.0 54.1 499.7 153.4 80
2021006801 0.000 117.9 161.9 233.2 316.5 80
2021006801 0.000 218.0 251.8 286.7 331.9 80
2021006801 0.000 149.3 172.2 210.8 237.6 80
2021006801 0.000 410.1 176.6 474.8 242.3 80
2021006801 0.000 27.0 155.1 94.9 220.9 80
2021006801 0.000 323.9 218.2 384.1 295.1 80
2021006801 0.000 202.7 116.7 319.1 275.9 80
2021006801 0.000 177.6 56.6 471.2 267.4 80
2021006801 0.000 252.3 124.0 366.8 347.9 80
2021006801 0.000 0.5 90.4 51.3 173.8 80
2021006801 0.000 0.7 22.0 51.8 106.0 80
2021006801 0.000 46.4 108.1 284.6 258.9 80
2021006801 0.000 101.1 50.5 245.1 317.1 80
2021006801 0.000 255.5 3.7 329.5 73.3 80
2021006801 0.000 322.9 47.5 406.2 116.3 80
2021006801 0.000 43.3 21.4 383.8 258.4 80
2021006801 0.000 0.6 249.6 58.3 369.8 80
2021006801 0.000 178.6 220.3 238.0 300.5 80
2021006801 0.000 442.7 245.1 499.6 368.5 80
2021006801 0.000 398.6 113.5 499.6 355.5 80
2021006801 0.000 10.6 10.6 491.5 199.6 80
2021006801 0.000 258.6 42.4 428.2 311.1 80
2021006801 0.000 90.0 16.9 408.1 364.6 80
2021006801 0.000 256.1 169.2 365.6 301.9 80
2021006801 0.000 -2.4 5.4 286.1 371.6 80
2021006801 0.000 8.1 89.0 229.6 370.1 80
2021006801 0.000 0.7 22.9 146.6 363.6 80
2021006801 0.000 213.1 6.1 497.0 372.7 80
2021006801 0.000 131.2 78.4 368.1 365.5 80
2021006801 0.000 156.2 201.7 351.1 369.4 80
2021006801 0.000 170.3 106.4 310.3 353.3 80
2021006801 0.000 153.4 21.0 355.4 360.9 80
2021006801 0.000 357.6 18.1 500.9 361.1 80
2021006801 0.000 68.8 68.1 447.4 321.4 80
2021006801 0.000 177.0 8.2 417.9 127.1 80
2021006801 0.000 43.6 254.9 289.5 373.6 80
2021006801 0.000 2.3 68.4 366.1 369.3 80
2021006801 0.000 5.1 279.1 130.5 374.3 80
2021006801 0.000 12.0 183.0 185.2 365.8 80
2021006801 0.000 305.3 180.1 482.3 365.0 80
2021006801 0.000 220.0 199.0 278.3 264.7 80
2021006801 0.000 24.3 146.3 338.1 364.6 80
2021006801 0.000 2.5 1.3 412.8 373.0 80
2021006801 0.000 150.8 131.3 355.6 228.6 80
2021006801 0.000 274.3 86.1 490.6 373.1 80
2021006801 0.000 3.0 228.5 496.0 374.4 80
2021006801 0.000 220.7 257.3 474.7 373.5 80
2021006801 0.000 84.5 1.1 496.2 372.9 80
2021006801 0.000 158.6 67.8 495.0 371.2 80
2021006801 0.000 157.9 150.5 463.3 364.9 80
2021006801 0.000 362.6 245.1 494.3 368.9 80
2021006801 0.000 44.4 60.6 117.3 136.8 80
2021006801 0.000 129.9 101.9 365.9 294.0 80
2021006801 0.000 22.3 43.4 477.5 366.6 80
2021006801 0.000 60.2 142.4 409.5 272.0 80
2021006801 0.000 0.4 100.8 499.0 366.5 80
2021006801 0.000 244.0 202.0 298.7 273.9 80
2021006801 0.000 12.6 94.7 489.8 271.8 80
2021006801 0.000 0.8 0.3 499.7 373.9 80
2021006801 0.000 1.3 18.3 498.9 309.8 80
2021006801 0.000 286.3 250.3 340.8 319.0 80
2021006801 0.000 424.2 6.2 498.9 85.7 80
2021006801 0.000 12.6 94.7 489.8 271.8 0
2021006801 0.000 0.8 0.3 499.7 373.9 7
2021006801 0.000 8.1 89.0 229.6 370.1 14
2021006801 0.000 258.6 42.4 428.2 311.1 14
2021006801 0.000 101.1 50.5 245.1 317.1 14
2021006801 0.000 170.3 106.4 310.3 353.3 14
2021006801 0.000 274.3 86.1 490.6 373.1 14
2021006801 0.000 153.4 21.0 355.4 360.9 14
2021006801 0.000 213.1 6.1 497.0 372.7 14
