2021009415 0.700 371.2 78.3 492.6 238.6 80
2021009415 0.698 31.6 169.3 99.2 321.1 80
2021009415 0.698 65.3 106.8 291.9 320.9 14
2021009415 0.692 78.2 112.1 295.2 319.0 80
2021009415 0.687 275.7 49.7 500.1 316.3 80
2021009415 0.685 24.5 118.0 150.0 320.5 80
2021009415 0.683 25.2 106.3 211.8 285.0 80
2021009415 0.683 209.5 55.1 499.5 315.7 80
2021009415 0.682 204.7 174.6 287.0 281.6 80
2021009415 0.679 120.1 8.9 455.6 200.9 80
2021009415 0.672 43.5 55.1 338.5 322.3 80
2021009415 0.670 30.1 104.0 291.9 318.8 80
2021009415 0.668 20.1 108.5 179.9 245.8 80
2021009415 0.663 201.7 163.4 284.3 265.9 80
2021009415 0.662 118.8 6.8 450.2 255.9 80
2021009415 0.661 112.0 8.0 495.1 283.8 80
2021009415 0.661 35.5 121.7 499.0 323.3 80
2021009415 0.657 225.0 8.3 493.3 321.0 80
2021009415 0.657 415.9 95.1 499.9 315.2 80
2021009415 0.652 154.4 33.4 498.8 316.8 80
2021009415 0.641 110.3 -3.7 483.6 306.9 80
2021009415 0.638 24.3 97.4 160.1 316.3 80
2021009415 0.636 25.4 98.6 177.3 323.0 80
2021009415 0.634 15.3 256.4 498.0 319.9 80
2021009415 0.633 73.1 108.1 285.5 310.6 80
2021009415 0.629 137.0 9.7 493.3 309.8 80
2021009415 0.628 202.8 173.1 289.3 278.4 80
2021009415 0.617 464.3 154.0 500.4 236.5 80
2021009415 0.616 479.0 251.0 499.6 322.5 80
2021009415 0.609 81.7 4.7 500.4 263.8 80
2021009415 0.588 469.4 66.8 499.6 295.7 80
2021009415 0.566 354.0 64.7 509.9 296.7 80
2021009415 0.563 16.8 88.4 508.4 319.4 80
2021009415 0.555 25.1 123.8 106.7 323.7 80
2021009415 0.535 20.5 37.7 276.3 318.8 80
2021009415 0.534 163.6 6.8 499.7 322.3 80
2021009415 0.501 120.2 2.9 508.0 321.9 14
2021009415 0.498 468.8 148.2 501.4 310.9 80
2021009415 0.495 50.1 118.6 309.1 314.3 80
2021009415 0.488 470.1 150.3 500.4 294.9 80
2021009415 0.475 123.6 2.5 505.7 322.0 80
2021009415 0.475 54.5 1.4 493.8 321.1 80
2021009415 0.462 91.0 11.5 399.1 288.8 80
2021009415 0.453 464.0 151.2 499.7 242.6 80
2021009415 0.444 205.6 176.8 291.0 309.1 14
2021009415 0.419 60.3 1.4 500.4 321.3 80
2021009415 0.401 134.3 301.7 393.1 321.9 80
2021009415 0.363 499.2 68.5 500.2 159.8 80
2021009415 0.353 178.1 94.8 519.5 308.1 80
2021009415 0.352 466.0 151.6 500.3 270.9 80
2021009415 0.318 466.0 151.6 500.3 270.9 14
2021009415 0.284 205.6 176.8 291.0 309.1 80
2021009415 0.260 0.7 110.7 3.1 211.8 80
2021009415 0.242 464.0 151.2 499.7 242.6 14
2021009415 0.225 109.1 38.4 494.7 243.2 80
2021009415 0.220 0.5 41.5 3.1 136.7 80
2021009415 0.219 0.2 -0.3 4.9 71.7 80
2021009415 0.218 0.2 150.7 4.3 294.2 80
2021009415 0.215 120.2 2.9 508.0 321.9 80
2021009415 0.212 60.3 1.4 500.4 321.3 14
2021009415 0.211 123.6 2.5 505.7 322.0 14
2021009415 0.207 25.1 123.8 106.7 323.7 14
2021009415 0.204 94.0 176.4 255.7 282.4 80
2021009415 0.203 470.1 150.3 500.4 294.9 14
2021009415 0.189 163.6 6.8 499.7 322.3 14
2021009415 0.186 236.7 240.6 508.7 327.4 80
2021009415 0.179 -1.3 60.7 11.8 225.9 80
2021009415 0.177 54.5 1.4 493.8 321.1 14
2021009415 0.172 124.3 209.6 179.9 253.1 80
2021009415 0.169 285.1 148.2 530.6 307.8 80
2021009415 0.159 14.4 50.3 82.6 301.4 80
2021009415 0.157 392.9 294.9 500.9 322.3 80
2021009415 0.156 -9.1 284.7 38.5 328.0 80
2021009415 0.151 -8.7 65.2 32.1 308.5 80
2021009415 0.150 143.6 147.0 485.9 300.6 80
2021009415 0.149 94.6 53.7 304.3 277.5 80
2021009415 0.145 37.4 306.1 181.2 324.1 80
2021009415 0.145 7.0 206.8 296.3 323.3 80
2021009415 0.145 178.3 235.4 376.3 324.6 80
2021009415 0.141 100.3 303.9 236.8 323.8 80
2021009415 0.141 9.5 281.1 111.9 325.1 80
2021009415 0.140 321.7 308.0 460.5 323.9 80
2021009415 0.140 249.5 305.8 385.3 322.2 80
2021009415 0.139 109.7 100.6 246.0 247.2 80
2021009415 0.139 468.8 148.2 501.4 310.9 14
2021009415 0.138 104.7 212.2 334.3 317.8 80
2021009415 0.137 50.7 208.0 94.2 247.0 80
2021009415 0.133 111.1 166.3 149.6 196.7 80
2021009415 0.128 202.8 173.1 289.3 278.4 14
2021009415 0.128 16.8 88.4 508.4 319.4 14
2021009415 0.123 25.4 98.6 177.3 323.0 14
2021009415 0.121 133.5 150.4 196.0 199.5 80
2021009415 0.121 160.4 121.7 280.8 197.2 80
2021009415 0.115 103.8 40.0 388.7 124.0 80
2021009415 0.114 199.9 108.3 476.2 228.4 80
2021009415 0.111 -85.6 32.9 164.8 83.1 80
2021009415 0.111 254.7 108.0 545.7 220.3 80
2021009415 0.110 -74.5 36.7 263.1 96.5 80
2021009415 0.109 65.3 106.8 291.9 320.9 80
2021009415 0.107 352.0 23.1 603.3 96.8 80
2021009415 0.700 371.2 78.3 492.6 238.6 80
2021009415 0.698 31.6 169.3 99.2 321.1 80
2021009415 0.698 65.3 106.8 291.9 320.9 14
2021009415 0.692 78.2 112.1 295.2 319.0 80
2021009415 0.687 275.7 49.7 500.1 316.3 80
2021009415 0.685 24.5 118.0 150.0 320.5 80
2021009415 0.683 25.2 106.3 211.8 285.0 80
2021009415 0.683 209.5 55.1 499.5 315.7 80
2021009415 0.682 204.7 174.6 287.0 281.6 80
2021009415 0.679 120.1 8.9 455.6 200.9 80
2021009415 0.672 43.5 55.1 338.5 322.3 80
2021009415 0.670 30.1 104.0 291.9 318.8 80
2021009415 0.668 20.1 108.5 179.9 245.8 80
2021009415 0.663 201.7 163.4 284.3 265.9 80
2021009415 0.662 118.8 6.8 450.2 255.9 80
2021009415 0.661 112.0 8.0 495.1 283.8 80
2021009415 0.661 35.5 121.7 499.0 323.3 80
2021009415 0.657 225.0 8.3 493.3 321.0 80
2021009415 0.657 415.9 95.1 499.9 315.2 80
2021009415 0.652 154.4 33.4 498.8 316.8 80
2021009415 0.641 110.3 -3.7 483.6 306.9 80
2021009415 0.638 24.3 97.4 160.1 316.3 80
2021009415 0.636 25.4 98.6 177.3 323.0 80
2021009415 0.634 15.3 256.4 498.0 319.9 80
2021009415 0.633 73.1 108.1 285.5 310.6 80
2021009415 0.629 137.0 9.7 493.3 309.8 80
2021009415 0.628 202.8 173.1 289.3 278.4 80
2021009415 0.617 464.3 154.0 500.4 236.5 80
2021009415 0.616 479.0 251.0 499.6 322.5 80
2021009415 0.609 81.7 4.7 500.4 263.8 80
2021009415 0.588 469.4 66.8 499.6 295.7 80
2021009415 0.566 354.0 64.7 509.9 296.7 80
2021009415 0.563 16.8 88.4 508.4 319.4 80
2021009415 0.555 25.1 123.8 106.7 323.7 80
2021009415 0.535 20.5 37.7 276.3 318.8 80
2021009415 0.534 163.6 6.8 499.7 322.3 80
2021009415 0.501 120.2 2.9 508.0 321.9 14
2021009415 0.498 468.8 148.2 501.4 310.9 80
2021009415 0.495 50.1 118.6 309.1 314.3 80
2021009415 0.488 470.1 150.3 500.4 294.9 80
2021009415 0.475 123.6 2.5 505.7 322.0 80
2021009415 0.475 54.5 1.4 493.8 321.1 80
2021009415 0.462 91.0 11.5 399.1 288.8 80
2021009415 0.453 464.0 151.2 499.7 242.6 80
2021009415 0.444 205.6 176.8 291.0 309.1 14
2021009415 0.419 60.3 1.4 500.4 321.3 80
2021009415 0.401 134.3 301.7 393.1 321.9 80
2021009415 0.363 499.2 68.5 500.2 159.8 80
2021009415 0.353 178.1 94.8 519.5 308.1 80
2021009415 0.352 466.0 151.6 500.3 270.9 80
2021009415 0.318 466.0 151.6 500.3 270.9 14
2021009415 0.284 205.6 176.8 291.0 309.1 80
2021009415 0.260 0.7 110.7 3.1 211.8 80
2021009415 0.242 464.0 151.2 499.7 242.6 14
2021009415 0.225 109.1 38.4 494.7 243.2 80
2021009415 0.220 0.5 41.5 3.1 136.7 80
2021009415 0.219 0.2 -0.3 4.9 71.7 80
2021009415 0.218 0.2 150.7 4.3 294.2 80
2021009415 0.215 120.2 2.9 508.0 321.9 80
2021009415 0.212 60.3 1.4 500.4 321.3 14
2021009415 0.211 123.6 2.5 505.7 322.0 14
2021009415 0.207 25.1 123.8 106.7 323.7 14
2021009415 0.204 94.0 176.4 255.7 282.4 80
2021009415 0.203 470.1 150.3 500.4 294.9 14
2021009415 0.189 163.6 6.8 499.7 322.3 14
2021009415 0.186 236.7 240.6 508.7 327.4 80
2021009415 0.179 -1.3 60.7 11.8 225.9 80
2021009415 0.177 54.5 1.4 493.8 321.1 14
2021009415 0.172 124.3 209.6 179.9 253.1 80
2021009415 0.169 285.1 148.2 530.6 307.8 80
2021009415 0.159 14.4 50.3 82.6 301.4 80
2021009415 0.157 392.9 294.9 500.9 322.3 80
2021009415 0.156 -9.1 284.7 38.5 328.0 80
2021009415 0.151 -8.7 65.2 32.1 308.5 80
2021009415 0.150 143.6 147.0 485.9 300.6 80
2021009415 0.149 94.6 53.7 304.3 277.5 80
2021009415 0.145 37.4 306.1 181.2 324.1 80
2021009415 0.145 7.0 206.8 296.3 323.3 80
2021009415 0.145 178.3 235.4 376.3 324.6 80
2021009415 0.141 100.3 303.9 236.8 323.8 80
2021009415 0.141 9.5 281.1 111.9 325.1 80
2021009415 0.140 321.7 308.0 460.5 323.9 80
2021009415 0.140 249.5 305.8 385.3 322.2 80
2021009415 0.139 109.7 100.6 246.0 247.2 80
2021009415 0.139 468.8 148.2 501.4 310.9 14
2021009415 0.138 104.7 212.2 334.3 317.8 80
2021009415 0.137 50.7 208.0 94.2 247.0 80
2021009415 0.133 111.1 166.3 149.6 196.7 80
2021009415 0.128 202.8 173.1 289.3 278.4 14
2021009415 0.128 16.8 88.4 508.4 319.4 14
2021009415 0.123 25.4 98.6 177.3 323.0 14
2021009415 0.121 133.5 150.4 196.0 199.5 80
2021009415 0.121 160.4 121.7 280.8 197.2 80
2021009415 0.115 103.8 40.0 388.7 124.0 80
2021009415 0.114 199.9 108.3 476.2 228.4 80
2021009415 0.111 -85.6 32.9 164.8 83.1 80
2021009415 0.111 254.7 108.0 545.7 220.3 80
2021009415 0.110 -74.5 36.7 263.1 96.5 80
2021009415 0.109 65.3 106.8 291.9 320.9 80
2021009415 0.107 352.0 23.1 603.3 96.8 80
2021009415 0.000 0.7 37.8 103.7 212.1 80
2021009415 0.000 246.2 62.4 369.4 196.0 80
2021009415 0.000 204.0 43.1 265.3 103.4 80
2021009415 0.000 84.2 102.3 144.5 162.4 80
2021009415 0.000 257.0 119.7 316.1 176.9 80
2021009415 0.000 45.8 186.6 106.9 247.5 80
2021009415 0.000 373.1 94.1 484.6 230.1 80
2021009415 0.000 141.8 71.0 202.1 132.3 80
2021009415 0.000 453.6 110.4 499.6 180.8 80
2021009415 0.000 125.6 76.2 220.7 191.0 80
2021009415 0.000 24.6 26.1 198.9 168.5 80
2021009415 0.000 325.8 10.7 494.7 163.8 80
2021009415 0.000 390.7 82.9 458.6 139.8 80
2021009415 0.000 1.5 172.7 48.0 243.9 80
2021009415 0.000 213.7 98.5 273.4 155.8 80
2021009415 0.000 90.8 162.0 148.9 219.2 80
2021009415 0.000 261.5 1.8 322.3 63.6 80
2021009415 0.000 350.3 126.3 409.6 182.9 80
2021009415 0.000 219.4 200.0 279.9 291.1 80
2021009415 0.000 163.6 28.4 298.3 181.4 80
2021009415 0.000 1.0 129.9 47.1 200.6 80
2021009415 0.000 32.6 109.3 167.8 236.6 80
2021009415 0.000 357.9 170.3 414.2 228.2 80
2021009415 0.000 449.1 46.6 499.7 131.2 80
2021009415 0.000 0.4 108.1 102.2 306.3 80
2021009415 0.000 315.0 87.8 375.0 144.8 80
2021009415 0.000 453.4 165.1 499.7 235.7 80
2021009415 0.000 28.4 133.6 93.7 189.7 80
2021009415 0.000 138.2 187.8 201.1 249.7 80
2021009415 0.000 256.7 110.0 362.4 298.5 80
2021009415 0.000 150.0 148.4 210.3 204.4 80
2021009415 0.000 298.8 147.5 359.2 203.3 80
2021009415 0.000 119.8 137.8 232.0 271.6 80
2021009415 0.000 0.7 19.3 51.8 90.8 80
2021009415 0.000 327.4 186.7 377.5 254.0 80
2021009415 0.000 220.1 170.6 278.3 226.7 80
2021009415 0.000 327.6 40.6 401.2 100.4 80
2021009415 0.000 0.7 213.8 58.3 316.8 80
2021009415 0.000 180.8 190.5 237.5 254.3 80
2021009415 0.000 50.7 17.5 376.0 219.2 80
2021009415 0.000 205.9 102.1 316.3 242.0 80
2021009415 0.000 410.2 151.4 474.8 207.4 80
2021009415 0.000 299.0 115.3 475.1 223.2 80
2021009415 0.000 50.9 94.7 280.3 221.3 80
2021009415 0.000 180.6 50.5 468.4 226.2 80
2021009415 0.000 17.4 13.4 483.1 167.2 80
2021009415 0.000 4.1 6.6 280.0 317.6 80
2021009415 0.000 442.7 209.4 499.7 315.8 80
2021009415 0.000 0.3 78.0 51.6 148.7 80
2021009415 0.000 206.6 138.5 266.7 194.5 80
2021009415 0.000 99.1 41.1 246.0 264.4 80
2021009415 0.000 191.9 6.4 394.3 120.7 80
2021009415 0.000 96.4 12.8 400.4 314.2 80
2021009415 0.000 398.6 94.3 499.3 304.3 80
2021009415 0.000 280.4 202.4 334.4 284.4 80
2021009415 0.000 264.7 36.7 422.1 268.5 80
2021009415 0.000 162.1 25.6 347.8 304.2 80
2021009415 0.000 357.8 16.6 501.5 308.0 80
2021009415 0.000 1.1 20.7 146.5 311.1 80
2021009415 0.000 213.0 5.6 497.4 319.1 80
2021009415 0.000 164.7 168.1 348.3 314.5 80
2021009415 0.000 12.2 77.3 225.2 316.6 80
2021009415 0.000 173.9 92.5 306.6 301.8 80
2021009415 0.000 135.9 67.3 362.4 312.4 80
2021009415 0.000 306.0 155.4 482.2 312.3 80
2021009415 0.000 4.9 239.3 130.5 320.4 80
2021009415 0.000 58.1 218.4 274.4 318.9 80
2021009415 0.000 11.6 156.8 185.3 313.2 80
2021009415 0.000 3.9 1.2 409.2 319.1 80
2021009415 0.000 10.7 196.3 489.4 319.0 80
2021009415 0.000 257.8 142.5 362.3 263.9 80
2021009415 0.000 224.3 219.5 470.9 319.4 80
2021009415 0.000 86.1 1.0 493.3 319.0 80
2021009415 0.000 6.4 54.9 358.9 315.5 80
2021009415 0.000 38.5 126.9 322.0 310.1 80
2021009415 0.000 280.8 75.4 483.2 318.7 80
2021009415 0.000 74.5 54.1 442.2 272.4 80
2021009415 0.000 168.6 113.8 340.0 199.2 80
2021009415 0.000 244.8 172.9 298.6 232.2 80
2021009415 0.000 44.4 52.0 117.2 117.1 80
2021009415 0.000 171.9 129.7 447.3 309.2 80
2021009415 0.000 162.1 56.1 490.4 316.5 80
2021009415 0.000 361.8 210.9 494.7 315.7 80
2021009415 0.000 136.6 86.8 357.4 251.2 80
2021009415 0.000 0.8 1.3 499.5 320.5 80
2021009415 0.000 70.4 123.5 399.7 232.2 80
2021009415 0.000 0.7 86.6 498.4 311.8 80
2021009415 0.000 22.8 36.5 473.4 308.7 80
2021009415 0.000 20.8 81.2 478.8 229.2 80
2021009415 0.000 3.0 22.2 496.9 263.2 80
2021009415 0.000 424.2 5.4 498.9 73.3 80
2021009415 0.000 20.8 81.2 478.8 229.2 0
2021009415 0.000 264.7 36.7 422.1 268.5 14
2021009415 0.000 99.1 41.1 246.0 264.4 14
2021009415 0.000 173.9 92.5 306.6 301.8 14
2021009415 0.000 162.1 25.6 347.8 304.2 14
2021009415 0.000 12.2 77.3 225.2 316.6 14
2021009415 0.000 135.9 67.3 362.4 312.4 14
2021009415 0.000 152.7 258.0 236.5 315.5 80
2021009415 0.000 280.8 75.4 483.2 318.7 14
