2021008679 0.682 325.4 164.2 343.3 183.1 80
2021008679 0.678 476.1 179.3 493.3 206.5 80
2021008679 0.668 132.3 156.0 159.3 193.4 80
2021008679 0.657 221.5 175.7 236.3 193.0 80
2021008679 0.654 470.5 344.8 500.0 375.4 80
2021008679 0.648 38.4 137.5 168.9 267.2 80
2021008679 0.638 208.3 172.7 225.9 187.1 80
2021008679 0.638 254.5 179.2 272.2 196.9 80
2021008679 0.633 222.4 173.7 240.6 193.3 80
2021008679 0.632 0.9 135.7 154.6 276.5 80
2021008679 0.632 7.7 135.7 166.5 280.0 80
2021008679 0.625 46.6 171.0 61.0 189.9 80
2021008679 0.622 491.5 177.9 500.1 216.2 80
2021008679 0.619 -1.6 135.2 166.8 279.4 18
2021008679 0.618 54.6 144.2 160.6 207.0 80
2021008679 0.608 253.7 353.2 404.4 374.4 80
2021008679 0.605 170.8 165.3 193.1 183.0 80
2021008679 0.604 351.1 357.9 432.5 373.7 80
2021008679 0.604 2.8 137.9 42.2 192.9 80
2021008679 0.595 149.1 152.8 170.5 179.7 80
2021008679 0.592 1.3 138.3 46.9 269.1 80
2021008679 0.592 24.4 137.6 171.6 261.8 80
2021008679 0.590 6.0 145.0 49.3 186.0 80
2021008679 0.587 8.8 136.1 54.9 262.5 80
2021008679 0.568 398.6 315.2 437.4 354.2 80
2021008679 0.564 495.6 254.9 500.0 349.5 80
2021008679 0.562 210.9 361.8 294.5 374.0 80
2021008679 0.559 492.9 181.6 500.0 215.4 80
2021008679 0.534 1.6 135.4 44.5 273.5 80
2021008679 0.533 398.1 314.5 435.9 350.7 80
2021008679 0.530 47.4 358.8 226.0 374.3 80
2021008679 0.527 393.6 263.8 435.8 298.1 80
2021008679 0.486 205.8 163.7 221.8 178.3 80
2021008679 0.479 432.9 179.7 454.4 199.8 80
2021008679 0.475 237.1 165.6 257.8 185.6 80
2021008679 0.460 339.4 356.8 415.9 374.3 80
2021008679 0.406 494.7 282.4 500.4 361.7 80
2021008679 0.404 496.8 147.7 500.1 311.7 80
2021008679 0.396 2.2 141.7 48.1 202.0 80
2021008679 0.380 493.4 137.9 499.8 235.0 80
2021008679 0.328 72.8 363.8 431.0 375.0 80
2021008679 0.303 2.2 141.7 48.1 202.0 18
2021008679 0.283 0.9 179.8 4.3 332.1 80
2021008679 0.262 61.5 365.8 278.5 375.7 80
2021008679 0.260 496.4 113.2 500.0 247.0 80
2021008679 0.234 479.4 78.7 501.9 379.4 80
2021008679 0.206 -0.0 2.5 5.4 86.3 80
2021008679 0.181 1.6 135.4 44.5 273.5 18
2021008679 0.179 0.8 148.2 25.9 373.4 80
2021008679 0.178 -3.5 330.2 26.1 381.9 80
2021008679 0.165 291.7 227.0 323.5 255.6 80
2021008679 0.160 7.8 151.2 207.4 303.8 80
2021008679 0.154 36.3 130.2 223.9 255.7 80
2021008679 0.154 21.1 76.5 469.7 298.4 80
2021008679 0.150 -0.7 165.5 183.4 340.6 80
2021008679 0.149 111.4 204.4 148.5 236.1 80
2021008679 0.149 204.1 346.6 352.4 374.3 80
2021008679 0.147 56.9 337.1 208.5 374.6 80
2021008679 0.145 144.8 343.6 262.9 373.1 80
2021008679 0.142 466.6 189.2 492.4 351.9 80
2021008679 0.141 122.0 247.7 387.9 361.7 80
2021008679 0.141 198.0 235.0 434.2 355.2 80
2021008679 0.140 33.3 157.7 211.7 277.2 80
2021008679 0.139 53.2 205.9 282.6 352.9 80
2021008679 0.136 300.0 127.4 494.1 339.2 80
2021008679 0.135 236.6 200.9 476.2 346.1 80
2021008679 0.133 111.8 192.9 204.1 237.5 80
2021008679 0.133 136.0 205.5 372.9 338.8 80
2021008679 0.132 75.1 182.4 321.8 325.5 80
2021008679 0.130 98.0 173.1 402.0 307.7 80
2021008679 0.130 17.6 339.7 101.2 372.8 80
2021008679 0.129 398.1 314.5 435.9 350.7 15
2021008679 0.128 65.7 188.4 107.8 226.4 80
2021008679 0.127 170.3 159.3 402.8 307.5 80
2021008679 0.126 -1.6 135.2 166.8 279.4 80
2021008679 0.125 215.6 151.4 453.3 302.4 80
2021008679 0.124 276.3 249.1 325.8 291.5 80
2021008679 0.123 174.2 220.0 259.3 274.5 80
2021008679 0.123 330.3 254.5 382.9 299.6 80
2021008679 0.120 383.1 231.2 443.7 299.5 80
2021008679 0.120 334.8 188.6 398.1 233.5 80
2021008679 0.115 155.1 197.9 301.6 296.7 80
2021008679 0.114 271.1 168.1 421.6 280.2 80
2021008679 0.112 352.9 138.5 490.4 215.5 80
2021008679 0.109 77.7 181.9 290.7 243.9 80
2021008679 0.109 80.8 80.9 448.1 154.2 80
2021008679 0.108 180.5 37.3 536.1 97.7 80
2021008679 0.106 47.2 4.3 542.0 41.1 80
2021008679 0.106 189.8 10.6 631.6 46.4 80
2021008679 0.105 -44.2 1.2 449.3 36.2 80
2021008679 0.104 2.8 1.7 499.1 29.9 80
2021008679 0.103 216.7 8.4 676.6 40.9 80
2021008679 0.101 1.3 138.3 46.9 269.1 18
2021008679 0.098 170.8 165.3 193.1 183.0 18
2021008679 0.095 -183.8 -0.7 314.9 22.7 80
2021008679 0.094 -62.1 -3.5 123.7 23.4 80
2021008679 0.094 71.5 1.0 570.5 25.6 80
2021008679 0.093 -91.0 -1.0 407.9 23.0 80
2021008679 0.093 -139.0 -1.4 359.4 23.1 80
2021008679 0.093 -39.1 -2.4 459.7 22.0 80
2021008679 0.682 325.4 164.2 343.3 183.1 80
2021008679 0.678 476.1 179.3 493.3 206.5 80
2021008679 0.668 132.3 156.0 159.3 193.4 80
2021008679 0.657 221.5 175.7 236.3 193.0 80
2021008679 0.654 470.5 344.8 500.0 375.4 80
2021008679 0.648 38.4 137.5 168.9 267.2 80
2021008679 0.638 208.3 172.7 225.9 187.1 80
2021008679 0.638 254.5 179.2 272.2 196.9 80
2021008679 0.633 222.4 173.7 240.6 193.3 80
2021008679 0.632 0.9 135.7 154.6 276.5 80
2021008679 0.632 7.7 135.7 166.5 280.0 80
2021008679 0.625 46.6 171.0 61.0 189.9 80
2021008679 0.622 491.5 177.9 500.1 216.2 80
2021008679 0.619 -1.6 135.2 166.8 279.4 18
2021008679 0.618 54.6 144.2 160.6 207.0 80
2021008679 0.608 253.7 353.2 404.4 374.4 80
2021008679 0.605 170.8 165.3 193.1 183.0 80
2021008679 0.604 351.1 357.9 432.5 373.7 80
2021008679 0.604 2.8 137.9 42.2 192.9 80
2021008679 0.595 149.1 152.8 170.5 179.7 80
2021008679 0.592 1.3 138.3 46.9 269.1 80
2021008679 0.592 24.4 137.6 171.6 261.8 80
2021008679 0.590 6.0 145.0 49.3 186.0 80
2021008679 0.587 8.8 136.1 54.9 262.5 80
2021008679 0.568 398.6 315.2 437.4 354.2 80
2021008679 0.564 495.6 254.9 500.0 349.5 80
2021008679 0.562 210.9 361.8 294.5 374.0 80
2021008679 0.559 492.9 181.6 500.0 215.4 80
2021008679 0.534 1.6 135.4 44.5 273.5 80
2021008679 0.533 398.1 314.5 435.9 350.7 80
2021008679 0.530 47.4 358.8 226.0 374.3 80
2021008679 0.527 393.6 263.8 435.8 298.1 80
2021008679 0.486 205.8 163.7 221.8 178.3 80
2021008679 0.479 432.9 179.7 454.4 199.8 80
2021008679 0.475 237.1 165.6 257.8 185.6 80
2021008679 0.460 339.4 356.8 415.9 374.3 80
2021008679 0.406 494.7 282.4 500.4 361.7 80
2021008679 0.404 496.8 147.7 500.1 311.7 80
2021008679 0.396 2.2 141.7 48.1 202.0 80
2021008679 0.380 493.4 137.9 499.8 235.0 80
2021008679 0.328 72.8 363.8 431.0 375.0 80
2021008679 0.303 2.2 141.7 48.1 202.0 18
2021008679 0.283 0.9 179.8 4.3 332.1 80
2021008679 0.262 61.5 365.8 278.5 375.7 80
2021008679 0.260 496.4 113.2 500.0 247.0 80
2021008679 0.234 479.4 78.7 501.9 379.4 80
2021008679 0.206 -0.0 2.5 5.4 86.3 80
2021008679 0.181 1.6 135.4 44.5 273.5 18
2021008679 0.179 0.8 148.2 25.9 373.4 80
2021008679 0.178 -3.5 330.2 26.1 381.9 80
2021008679 0.165 291.7 227.0 323.5 255.6 80
2021008679 0.160 7.8 151.2 207.4 303.8 80
2021008679 0.154 36.3 130.2 223.9 255.7 80
2021008679 0.154 21.1 76.5 469.7 298.4 80
2021008679 0.150 -0.7 165.5 183.4 340.6 80
2021008679 0.149 111.4 204.4 148.5 236.1 80
2021008679 0.149 204.1 346.6 352.4 374.3 80
2021008679 0.147 56.9 337.1 208.5 374.6 80
2021008679 0.145 144.8 343.6 262.9 373.1 80
2021008679 0.142 466.6 189.2 492.4 351.9 80
2021008679 0.141 122.0 247.7 387.9 361.7 80
2021008679 0.141 198.0 235.0 434.2 355.2 80
2021008679 0.140 33.3 157.7 211.7 277.2 80
2021008679 0.139 53.2 205.9 282.6 352.9 80
2021008679 0.136 300.0 127.4 494.1 339.2 80
2021008679 0.135 236.6 200.9 476.2 346.1 80
2021008679 0.133 111.8 192.9 204.1 237.5 80
2021008679 0.133 136.0 205.5 372.9 338.8 80
2021008679 0.132 75.1 182.4 321.8 325.5 80
2021008679 0.130 98.0 173.1 402.0 307.7 80
2021008679 0.130 17.6 339.7 101.2 372.8 80
2021008679 0.129 398.1 314.5 435.9 350.7 15
2021008679 0.128 65.7 188.4 107.8 226.4 80
2021008679 0.127 170.3 159.3 402.8 307.5 80
2021008679 0.126 -1.6 135.2 166.8 279.4 80
2021008679 0.125 215.6 151.4 453.3 302.4 80
2021008679 0.124 276.3 249.1 325.8 291.5 80
2021008679 0.123 174.2 220.0 259.3 274.5 80
2021008679 0.123 330.3 254.5 382.9 299.6 80
2021008679 0.120 383.1 231.2 443.7 299.5 80
2021008679 0.120 334.8 188.6 398.1 233.5 80
2021008679 0.115 155.1 197.9 301.6 296.7 80
2021008679 0.114 271.1 168.1 421.6 280.2 80
2021008679 0.112 352.9 138.5 490.4 215.5 80
2021008679 0.109 77.7 181.9 290.7 243.9 80
2021008679 0.109 80.8 80.9 448.1 154.2 80
2021008679 0.108 180.5 37.3 536.1 97.7 80
2021008679 0.106 47.2 4.3 542.0 41.1 80
2021008679 0.106 189.8 10.6 631.6 46.4 80
2021008679 0.105 -44.2 1.2 449.3 36.2 80
2021008679 0.104 2.8 1.7 499.1 29.9 80
2021008679 0.103 216.7 8.4 676.6 40.9 80
2021008679 0.101 1.3 138.3 46.9 269.1 18
2021008679 0.098 170.8 165.3 193.1 183.0 18
2021008679 0.095 -183.8 -0.7 314.9 22.7 80
2021008679 0.094 -62.1 -3.5 123.7 23.4 80
2021008679 0.094 71.5 1.0 570.5 25.6 80
2021008679 0.093 -91.0 -1.0 407.9 23.0 80
2021008679 0.093 -139.0 -1.4 359.4 23.1 80
2021008679 0.093 -39.1 -2.4 459.7 22.0 80
2021008679 0.000 242.0 73.2 372.7 227.7 80
2021008679 0.000 0.9 43.1 103.5 247.8 80
2021008679 0.000 143.7 135.9 210.3 202.4 80
2021008679 0.000 211.4 111.8 275.3 178.0 80
2021008679 0.000 371.0 109.2 486.3 268.7 80
2021008679 0.000 255.8 137.9 317.1 204.5 80
2021008679 0.000 156.6 31.4 304.0 211.6 80
2021008679 0.000 45.5 217.8 107.4 288.9 80
2021008679 0.000 136.3 82.3 207.6 151.5 80
2021008679 0.000 81.5 117.6 146.9 186.5 80
2021008679 0.000 197.9 51.8 272.4 119.8 80
2021008679 0.000 453.6 128.4 499.6 211.2 80
2021008679 0.000 387.8 97.3 461.7 164.2 80
2021008679 0.000 348.6 145.3 411.0 211.1 80
2021008679 0.000 136.9 218.3 201.8 292.7 80
2021008679 0.000 19.5 26.1 206.5 194.8 80
2021008679 0.000 1.5 201.3 48.0 285.0 80
2021008679 0.000 297.9 170.7 359.9 236.2 80
2021008679 0.000 453.4 192.9 499.6 275.6 80
2021008679 0.000 356.3 197.7 415.7 265.7 80
2021008679 0.000 313.5 100.9 376.2 167.7 80
2021008679 0.000 323.9 8.3 496.6 191.8 80
2021008679 0.000 287.5 132.8 485.8 257.7 80
2021008679 0.000 205.6 160.1 267.3 225.4 80
2021008679 0.000 0.9 125.8 102.1 357.9 80
2021008679 0.000 33.3 127.4 166.8 276.8 80
2021008679 0.000 1.0 151.5 47.1 234.6 80
2021008679 0.000 89.9 187.8 149.8 253.9 80
2021008679 0.000 449.0 54.1 499.7 153.4 80
2021008679 0.000 117.9 161.9 233.2 316.5 80
2021008679 0.000 218.0 251.8 286.7 331.9 80
2021008679 0.000 149.3 172.2 210.8 237.6 80
2021008679 0.000 410.1 176.6 474.8 242.3 80
2021008679 0.000 27.0 155.1 94.9 220.9 80
2021008679 0.000 323.9 218.2 384.1 295.1 80
2021008679 0.000 202.7 116.7 319.1 275.9 80
2021008679 0.000 177.6 56.6 471.2 267.4 80
2021008679 0.000 252.3 124.0 366.8 347.9 80
2021008679 0.000 0.5 90.4 51.3 173.8 80
2021008679 0.000 0.7 22.0 51.8 106.0 80
2021008679 0.000 46.4 108.1 284.6 258.9 80
2021008679 0.000 101.1 50.5 245.1 317.1 80
2021008679 0.000 255.5 3.7 329.5 73.3 80
2021008679 0.000 322.9 47.5 406.2 116.3 80
2021008679 0.000 43.3 21.4 383.8 258.4 80
2021008679 0.000 0.6 249.6 58.3 369.8 80
2021008679 0.000 178.6 220.3 238.0 300.5 80
2021008679 0.000 442.7 245.1 499.6 368.5 80
2021008679 0.000 398.6 113.5 499.6 355.5 80
2021008679 0.000 10.6 10.6 491.5 199.6 80
2021008679 0.000 258.6 42.4 428.2 311.1 80
2021008679 0.000 90.0 16.9 408.1 364.6 80
2021008679 0.000 256.1 169.2 365.6 301.9 80
2021008679 0.000 -2.4 5.4 286.1 371.6 80
2021008679 0.000 8.1 89.0 229.6 370.1 80
2021008679 0.000 0.7 22.9 146.6 363.6 80
2021008679 0.000 213.1 6.1 497.0 372.7 80
2021008679 0.000 131.2 78.4 368.1 365.5 80
2021008679 0.000 156.2 201.7 351.1 369.4 80
2021008679 0.000 170.3 106.4 310.3 353.3 80
2021008679 0.000 153.4 21.0 355.4 360.9 80
2021008679 0.000 357.6 18.1 500.9 361.1 80
2021008679 0.000 68.8 68.1 447.4 321.4 80
2021008679 0.000 177.0 8.2 417.9 127.1 80
2021008679 0.000 43.6 254.9 289.5 373.6 80
2021008679 0.000 2.3 68.4 366.1 369.3 80
2021008679 0.000 5.1 279.1 130.5 374.3 80
2021008679 0.000 12.0 183.0 185.2 365.8 80
2021008679 0.000 305.3 180.1 482.3 365.0 80
2021008679 0.000 220.0 199.0 278.3 264.7 80
2021008679 0.000 24.3 146.3 338.1 364.6 80
2021008679 0.000 2.5 1.3 412.8 373.0 80
2021008679 0.000 150.8 131.3 355.6 228.6 80
2021008679 0.000 274.3 86.1 490.6 373.1 80
2021008679 0.000 3.0 228.5 496.0 374.4 80
2021008679 0.000 220.7 257.3 474.7 373.5 80
2021008679 0.000 84.5 1.1 496.2 372.9 80
2021008679 0.000 158.6 67.8 495.0 371.2 80
2021008679 0.000 157.9 150.5 463.3 364.9 80
2021008679 0.000 362.6 245.1 494.3 368.9 80
2021008679 0.000 44.4 60.6 117.3 136.8 80
2021008679 0.000 129.9 101.9 365.9 294.0 80
2021008679 0.000 22.3 43.4 477.5 366.6 80
2021008679 0.000 60.2 142.4 409.5 272.0 80
2021008679 0.000 0.4 100.8 499.0 366.5 80
2021008679 0.000 244.0 202.0 298.7 273.9 80
2021008679 0.000 12.6 94.7 489.8 271.8 80
2021008679 0.000 0.8 0.3 499.7 373.9 80
2021008679 0.000 1.3 18.3 498.9 309.8 80
2021008679 0.000 286.3 250.3 340.8 319.0 80
2021008679 0.000 424.2 6.2 498.9 85.7 80
2021008679 0.000 12.6 94.7 489.8 271.8 0
2021008679 0.000 0.8 0.3 499.7 373.9 7
2021008679 0.000 8.1 89.0 229.6 370.1 14
2021008679 0.000 258.6 42.4 428.2 311.1 14
2021008679 0.000 101.1 50.5 245.1 317.1 14
2021008679 0.000 170.3 106.4 310.3 353.3 14
2021008679 0.000 274.3 86.1 490.6 373.1 14
2021008679 0.000 153.4 21.0 355.4 360.9 14
2021008679 0.000 213.1 6.1 497.0 372.7 14
