2021009124 0.781 221.6 185.2 290.0 326.2 14
2021009124 0.691 227.3 195.7 276.6 277.0 80
2021009124 0.687 222.1 191.6 287.8 269.0 80
2021009124 0.680 228.7 192.7 283.2 292.8 80
2021009124 0.679 147.6 216.7 197.4 253.7 80
2021009124 0.677 149.3 189.3 237.9 272.7 80
2021009124 0.675 123.1 63.1 362.1 285.1 80
2021009124 0.664 140.1 201.6 230.1 278.5 80
2021009124 0.657 123.8 56.6 485.1 291.8 80
2021009124 0.656 136.2 130.4 228.1 271.4 80
2021009124 0.648 469.9 303.9 498.3 334.2 80
2021009124 0.611 155.7 204.4 223.7 280.9 80
2021009124 0.600 129.3 135.0 448.7 290.8 80
2021009124 0.592 121.5 58.9 447.5 287.0 80
2021009124 0.566 375.5 7.7 506.9 290.0 80
2021009124 0.533 356.3 3.1 503.5 319.4 80
2021009124 0.509 109.3 79.1 488.3 286.9 80
2021009124 0.501 135.7 181.1 312.2 283.3 80
2021009124 0.487 496.7 137.1 500.0 220.5 80
2021009124 0.468 115.4 45.2 502.5 298.6 80
2021009124 0.448 122.9 58.7 470.2 291.9 18
2021009124 0.413 498.1 189.8 500.2 288.1 80
2021009124 0.401 498.6 57.6 500.1 131.1 80
2021009124 0.329 353.9 11.0 506.2 329.0 80
2021009124 0.313 0.9 124.7 4.0 227.3 80
2021009124 0.289 135.0 89.9 398.3 267.4 80
2021009124 0.269 84.0 61.4 456.9 263.2 80
2021009124 0.248 497.5 66.1 500.5 288.9 80
2021009124 0.245 0.8 175.2 3.9 300.1 80
2021009124 0.239 0.8 45.3 3.0 146.1 80
2021009124 0.221 0.5 3.6 4.6 70.8 80
2021009124 0.217 1.0 22.2 7.5 225.9 80
2021009124 0.203 0.2 51.8 10.2 304.4 80
2021009124 0.198 158.1 68.0 508.8 258.6 80
2021009124 0.191 -2.2 290.3 22.3 338.4 80
2021009124 0.188 122.9 58.7 470.2 291.9 80
2021009124 0.173 -0.3 36.6 27.8 294.1 80
2021009124 0.167 -0.2 158.5 29.9 340.7 80
2021009124 0.166 45.3 322.4 167.7 335.1 80
2021009124 0.160 469.0 258.0 509.0 327.3 80
2021009124 0.157 149.8 108.6 508.3 255.0 80
2021009124 0.157 335.8 58.3 497.2 304.0 80
2021009124 0.155 491.3 46.9 504.2 230.5 80
2021009124 0.153 178.8 195.3 246.3 253.6 80
2021009124 0.152 386.6 85.7 514.6 318.1 80
2021009124 0.151 305.9 160.8 360.8 194.0 80
2021009124 0.148 318.7 165.2 506.3 319.7 80
2021009124 0.147 94.8 99.8 327.0 232.8 80
2021009124 0.147 64.1 276.6 208.4 333.5 80
2021009124 0.142 230.1 185.3 323.7 241.6 80
2021009124 0.140 115.4 45.2 502.5 298.6 18
2021009124 0.140 188.7 206.3 348.4 323.7 80
2021009124 0.138 236.8 129.6 511.0 259.7 80
2021009124 0.138 202.7 161.7 495.6 283.1 80
2021009124 0.138 167.3 173.5 456.4 288.2 80
2021009124 0.137 299.7 298.7 420.1 328.8 80
2021009124 0.136 11.0 181.3 182.3 319.7 80
2021009124 0.135 217.4 174.3 402.3 264.3 80
2021009124 0.135 175.1 317.8 326.1 336.3 80
2021009124 0.135 5.6 91.3 79.2 316.4 80
2021009124 0.133 17.5 301.9 95.8 331.5 80
2021009124 0.132 245.0 91.2 483.0 253.3 80
2021009124 0.132 132.5 210.5 178.4 252.6 80
2021009124 0.131 339.4 318.2 449.4 336.2 80
2021009124 0.129 174.0 310.4 315.3 333.4 80
2021009124 0.128 27.3 164.6 249.5 277.5 80
2021009124 0.127 114.4 313.9 222.2 335.7 80
2021009124 0.126 227.5 167.1 312.7 228.0 80
2021009124 0.125 13.4 129.8 192.8 259.7 80
2021009124 0.124 250.0 127.7 320.1 169.6 80
2021009124 0.124 396.8 304.0 491.9 331.8 80
2021009124 0.121 235.2 160.2 360.1 239.3 80
2021009124 0.120 188.3 154.7 257.4 208.1 80
2021009124 0.120 266.2 311.7 380.5 333.7 80
2021009124 0.120 155.7 204.4 223.7 280.9 18
2021009124 0.118 140.0 141.2 199.2 188.8 80
2021009124 0.116 48.8 146.1 205.2 226.0 80
2021009124 0.114 28.1 172.3 94.9 238.1 80
2021009124 0.114 236.4 139.7 482.0 223.4 80
2021009124 0.113 20.0 135.4 190.4 198.3 80
2021009124 0.112 -32.9 90.4 151.9 150.0 80
2021009124 0.111 102.9 201.1 171.8 243.9 80
2021009124 0.111 183.1 37.7 452.2 91.5 80
2021009124 0.110 -104.3 18.8 181.3 55.8 80
2021009124 0.109 229.2 82.5 581.2 216.8 80
2021009124 0.107 189.0 25.6 605.0 90.9 80
2021009124 0.106 -101.2 8.3 378.0 39.7 80
2021009124 0.105 32.8 4.3 483.0 43.4 80
2021009124 0.103 249.4 10.2 642.0 72.0 80
2021009124 0.103 261.6 20.5 675.4 104.4 80
2021009124 0.101 -156.4 5.8 342.3 28.4 80
2021009124 0.098 -46.0 0.5 453.0 23.5 80
2021009124 0.097 127.3 -2.5 626.3 22.1 80
2021009124 0.095 122.9 58.7 470.2 291.9 5
2021009124 0.094 -192.5 -2.2 256.5 18.6 80
2021009124 0.093 -139.6 -0.2 358.8 20.4 80
2021009124 0.093 -38.6 -1.8 460.3 18.6 80
2021009124 0.092 -93.5 0.6 405.3 21.9 80
2021009124 0.092 -186.5 2.4 311.6 22.7 80
2021009124 0.092 122.9 58.7 470.2 291.9 3
2021009124 0.781 221.6 185.2 290.0 326.2 14
2021009124 0.691 227.3 195.7 276.6 277.0 80
2021009124 0.687 222.1 191.6 287.8 269.0 80
2021009124 0.680 228.7 192.7 283.2 292.8 80
2021009124 0.679 147.6 216.7 197.4 253.7 80
2021009124 0.677 149.3 189.3 237.9 272.7 80
2021009124 0.675 123.1 63.1 362.1 285.1 80
2021009124 0.664 140.1 201.6 230.1 278.5 80
2021009124 0.657 123.8 56.6 485.1 291.8 80
2021009124 0.656 136.2 130.4 228.1 271.4 80
2021009124 0.648 469.9 303.9 498.3 334.2 80
2021009124 0.611 155.7 204.4 223.7 280.9 80
2021009124 0.600 129.3 135.0 448.7 290.8 80
2021009124 0.592 121.5 58.9 447.5 287.0 80
2021009124 0.566 375.5 7.7 506.9 290.0 80
2021009124 0.533 356.3 3.1 503.5 319.4 80
2021009124 0.509 109.3 79.1 488.3 286.9 80
2021009124 0.501 135.7 181.1 312.2 283.3 80
2021009124 0.487 496.7 137.1 500.0 220.5 80
2021009124 0.468 115.4 45.2 502.5 298.6 80
2021009124 0.448 122.9 58.7 470.2 291.9 18
2021009124 0.413 498.1 189.8 500.2 288.1 80
2021009124 0.401 498.6 57.6 500.1 131.1 80
2021009124 0.329 353.9 11.0 506.2 329.0 80
2021009124 0.313 0.9 124.7 4.0 227.3 80
2021009124 0.289 135.0 89.9 398.3 267.4 80
2021009124 0.269 84.0 61.4 456.9 263.2 80
2021009124 0.248 497.5 66.1 500.5 288.9 80
2021009124 0.245 0.8 175.2 3.9 300.1 80
2021009124 0.239 0.8 45.3 3.0 146.1 80
2021009124 0.221 0.5 3.6 4.6 70.8 80
2021009124 0.217 1.0 22.2 7.5 225.9 80
2021009124 0.203 0.2 51.8 10.2 304.4 80
2021009124 0.198 158.1 68.0 508.8 258.6 80
2021009124 0.191 -2.2 290.3 22.3 338.4 80
2021009124 0.188 122.9 58.7 470.2 291.9 80
2021009124 0.173 -0.3 36.6 27.8 294.1 80
2021009124 0.167 -0.2 158.5 29.9 340.7 80
2021009124 0.166 45.3 322.4 167.7 335.1 80
2021009124 0.160 469.0 258.0 509.0 327.3 80
2021009124 0.157 149.8 108.6 508.3 255.0 80
2021009124 0.157 335.8 58.3 497.2 304.0 80
2021009124 0.155 491.3 46.9 504.2 230.5 80
2021009124 0.153 178.8 195.3 246.3 253.6 80
2021009124 0.152 386.6 85.7 514.6 318.1 80
2021009124 0.151 305.9 160.8 360.8 194.0 80
2021009124 0.148 318.7 165.2 506.3 319.7 80
2021009124 0.147 94.8 99.8 327.0 232.8 80
2021009124 0.147 64.1 276.6 208.4 333.5 80
2021009124 0.142 230.1 185.3 323.7 241.6 80
2021009124 0.140 115.4 45.2 502.5 298.6 18
2021009124 0.140 188.7 206.3 348.4 323.7 80
2021009124 0.138 236.8 129.6 511.0 259.7 80
2021009124 0.138 202.7 161.7 495.6 283.1 80
2021009124 0.138 167.3 173.5 456.4 288.2 80
2021009124 0.137 299.7 298.7 420.1 328.8 80
2021009124 0.136 11.0 181.3 182.3 319.7 80
2021009124 0.135 217.4 174.3 402.3 264.3 80
2021009124 0.135 175.1 317.8 326.1 336.3 80
2021009124 0.135 5.6 91.3 79.2 316.4 80
2021009124 0.133 17.5 301.9 95.8 331.5 80
2021009124 0.132 245.0 91.2 483.0 253.3 80
2021009124 0.132 132.5 210.5 178.4 252.6 80
2021009124 0.131 339.4 318.2 449.4 336.2 80
2021009124 0.129 174.0 310.4 315.3 333.4 80
2021009124 0.128 27.3 164.6 249.5 277.5 80
2021009124 0.127 114.4 313.9 222.2 335.7 80
2021009124 0.126 227.5 167.1 312.7 228.0 80
2021009124 0.125 13.4 129.8 192.8 259.7 80
2021009124 0.124 250.0 127.7 320.1 169.6 80
2021009124 0.124 396.8 304.0 491.9 331.8 80
2021009124 0.121 235.2 160.2 360.1 239.3 80
2021009124 0.120 188.3 154.7 257.4 208.1 80
2021009124 0.120 266.2 311.7 380.5 333.7 80
2021009124 0.120 155.7 204.4 223.7 280.9 18
2021009124 0.118 140.0 141.2 199.2 188.8 80
2021009124 0.116 48.8 146.1 205.2 226.0 80
2021009124 0.114 28.1 172.3 94.9 238.1 80
2021009124 0.114 236.4 139.7 482.0 223.4 80
2021009124 0.113 20.0 135.4 190.4 198.3 80
2021009124 0.112 -32.9 90.4 151.9 150.0 80
2021009124 0.111 102.9 201.1 171.8 243.9 80
2021009124 0.111 183.1 37.7 452.2 91.5 80
2021009124 0.110 -104.3 18.8 181.3 55.8 80
2021009124 0.109 229.2 82.5 581.2 216.8 80
2021009124 0.107 189.0 25.6 605.0 90.9 80
2021009124 0.106 -101.2 8.3 378.0 39.7 80
2021009124 0.105 32.8 4.3 483.0 43.4 80
2021009124 0.103 249.4 10.2 642.0 72.0 80
2021009124 0.103 261.6 20.5 675.4 104.4 80
2021009124 0.101 -156.4 5.8 342.3 28.4 80
2021009124 0.098 -46.0 0.5 453.0 23.5 80
2021009124 0.097 127.3 -2.5 626.3 22.1 80
2021009124 0.095 122.9 58.7 470.2 291.9 5
2021009124 0.094 -192.5 -2.2 256.5 18.6 80
2021009124 0.093 -139.6 -0.2 358.8 20.4 80
2021009124 0.093 -38.6 -1.8 460.3 18.6 80
2021009124 0.092 -93.5 0.6 405.3 21.9 80
2021009124 0.092 -186.5 2.4 311.6 22.7 80
2021009124 0.092 122.9 58.7 470.2 291.9 3
2021009124 0.000 0.8 39.6 103.7 219.9 80
2021009124 0.000 245.1 64.6 370.2 203.1 80
2021009124 0.000 203.1 44.4 266.1 106.7 80
2021009124 0.000 256.6 123.7 316.4 182.9 80
2021009124 0.000 372.7 97.3 484.8 238.7 80
2021009124 0.000 45.9 193.6 106.8 256.8 80
2021009124 0.000 83.8 105.7 144.8 167.7 80
2021009124 0.000 133.1 93.5 218.1 194.0 80
2021009124 0.000 390.5 85.7 458.7 145.2 80
2021009124 0.000 453.6 114.4 499.6 187.5 80
2021009124 0.000 213.4 101.7 273.6 161.0 80
2021009124 0.000 141.4 73.2 202.4 136.6 80
2021009124 0.000 22.0 26.3 202.7 174.0 80
2021009124 0.000 325.8 10.5 494.5 170.4 80
2021009124 0.000 1.5 179.1 48.0 253.0 80
2021009124 0.000 162.0 29.1 299.4 188.1 80
2021009124 0.000 349.9 130.4 409.9 189.0 80
2021009124 0.000 219.9 213.4 281.0 299.7 80
2021009124 0.000 90.6 167.7 149.2 226.6 80
2021009124 0.000 314.7 90.6 375.2 149.9 80
2021009124 0.000 357.4 176.8 415.0 236.3 80
2021009124 0.000 32.4 113.1 167.8 245.7 80
2021009124 0.000 1.0 134.7 47.1 208.2 80
2021009124 0.000 453.4 171.3 499.7 244.6 80
2021009124 0.000 0.5 112.0 102.1 317.8 80
2021009124 0.000 449.1 48.2 499.7 136.2 80
2021009124 0.000 259.7 2.5 324.6 65.8 80
2021009124 0.000 137.6 194.1 201.5 258.6 80
2021009124 0.000 298.6 152.6 359.4 210.5 80
2021009124 0.000 28.5 138.6 93.6 196.8 80
2021009124 0.000 255.4 112.1 363.3 309.4 80
2021009124 0.000 119.1 143.0 232.5 281.2 80
2021009124 0.000 149.8 153.7 210.5 211.6 80
2021009124 0.000 293.1 118.3 480.6 230.7 80
2021009124 0.000 325.6 194.5 382.1 262.6 80
2021009124 0.000 0.7 20.0 51.8 94.1 80
2021009124 0.000 219.9 176.7 278.2 235.5 80
2021009124 0.000 48.8 19.0 377.9 228.3 80
2021009124 0.000 410.2 156.8 474.8 215.0 80
2021009124 0.000 205.3 105.0 317.1 249.4 80
2021009124 0.000 0.7 221.7 58.3 328.6 80
2021009124 0.000 180.1 197.3 238.1 264.5 80
2021009124 0.000 177.0 51.2 471.7 236.8 80
2021009124 0.000 49.5 97.5 281.8 229.4 80
2021009124 0.000 325.8 41.4 402.7 103.4 80
2021009124 0.000 101.1 43.9 244.3 277.4 80
2021009124 0.000 0.3 80.7 51.5 154.3 80
2021009124 0.000 206.3 143.0 267.2 201.4 80
2021009124 0.000 442.7 217.4 499.6 327.4 80
2021009124 0.000 15.1 12.8 486.3 174.5 80
2021009124 0.000 398.5 98.9 499.4 315.8 80
2021009124 0.000 1.5 5.5 282.2 329.9 80
2021009124 0.000 94.9 14.0 401.8 325.0 80
2021009124 0.000 262.6 37.4 424.1 278.3 80
2021009124 0.000 189.1 7.3 402.0 120.4 80
2021009124 0.000 1.1 21.4 146.5 322.8 80
2021009124 0.000 212.9 5.7 497.4 331.0 80
2021009124 0.000 160.6 175.5 349.3 326.9 80
2021009124 0.000 159.4 25.0 350.2 316.2 80
2021009124 0.000 357.7 16.7 501.3 319.9 80
2021009124 0.000 11.5 79.9 225.9 328.5 80
2021009124 0.000 280.6 212.4 336.4 294.2 80
2021009124 0.000 171.4 94.0 308.9 314.0 80
2021009124 0.000 132.8 69.1 366.0 324.4 80
2021009124 0.000 257.5 148.1 363.0 272.1 80
2021009124 0.000 5.0 248.1 130.5 332.4 80
2021009124 0.000 306.3 160.5 481.9 323.9 80
2021009124 0.000 54.0 226.7 278.3 330.9 80
2021009124 0.000 11.7 162.6 185.3 324.9 80
2021009124 0.000 3.3 1.2 410.3 331.1 80
2021009124 0.000 8.2 203.4 491.3 331.4 80
2021009124 0.000 4.9 57.7 361.3 327.9 80
2021009124 0.000 223.1 227.9 472.3 331.4 80
2021009124 0.000 72.1 57.1 444.5 284.5 80
2021009124 0.000 34.1 131.1 327.0 322.2 80
2021009124 0.000 85.7 1.0 494.7 331.0 80
2021009124 0.000 278.1 77.3 486.3 331.0 80
2021009124 0.000 162.7 118.0 345.4 204.8 80
2021009124 0.000 244.5 179.3 298.1 242.7 80
2021009124 0.000 168.6 134.4 451.1 322.0 80
2021009124 0.000 362.2 218.2 494.6 327.3 80
2021009124 0.000 44.5 53.9 117.2 121.5 80
2021009124 0.000 160.2 58.7 492.6 329.0 80
2021009124 0.000 134.9 91.5 359.6 260.9 80
2021009124 0.000 67.7 127.2 402.2 241.5 80
2021009124 0.000 22.4 38.2 474.5 321.3 80
2021009124 0.000 0.6 89.3 498.5 323.8 80
2021009124 0.000 0.8 0.8 499.6 332.2 80
2021009124 0.000 17.2 85.3 483.8 240.0 80
2021009124 0.000 2.5 21.1 497.4 273.2 80
2021009124 0.000 424.3 5.6 498.8 76.0 80
2021009124 0.000 17.2 85.3 483.8 240.0 0
2021009124 0.000 262.6 37.4 424.1 278.3 14
2021009124 0.000 171.4 94.0 308.9 314.0 14
2021009124 0.000 101.1 43.9 244.3 277.4 14
2021009124 0.000 159.4 25.0 350.2 316.2 14
2021009124 0.000 11.5 79.9 225.9 328.5 14
2021009124 0.000 278.1 77.3 486.3 331.0 14
2021009124 0.000 132.8 69.1 366.0 324.4 14
2021009124 0.000 154.2 268.6 238.2 328.2 80
