2021002846 0.710 54.4 44.9 298.6 314.1 80
2021002846 0.705 77.3 136.0 170.8 193.5 80
2021002846 0.704 153.6 150.3 198.9 228.3 80
2021002846 0.702 124.3 18.5 287.0 164.7 80
2021002846 0.691 122.5 103.5 210.1 245.4 80
2021002846 0.689 0.9 302.6 36.6 441.5 80
2021002846 0.680 121.1 9.8 293.4 497.2 14
2021002846 0.669 70.1 10.8 296.6 494.3 80
2021002846 0.669 1.2 293.6 33.1 445.4 80
2021002846 0.667 59.9 264.0 120.0 356.1 80
2021002846 0.667 121.9 182.5 139.9 234.5 80
2021002846 0.661 126.0 27.6 287.6 306.4 80
2021002846 0.658 -3.6 124.2 182.6 337.0 80
2021002846 0.654 0.5 8.2 326.9 496.3 80
2021002846 0.642 2.1 183.4 46.1 421.3 80
2021002846 0.641 12.2 152.3 202.3 273.4 80
2021002846 0.631 129.8 28.1 284.2 367.0 80
2021002846 0.621 125.2 184.9 174.4 249.4 80
2021002846 0.620 154.7 170.5 195.6 247.2 80
2021002846 0.620 316.2 459.3 334.5 493.6 80
2021002846 0.615 -0.4 170.7 66.9 358.0 80
2021002846 0.612 10.8 75.6 203.6 147.6 80
2021002846 0.611 0.6 200.1 21.0 322.4 80
2021002846 0.607 2.2 178.8 38.7 224.7 80
2021002846 0.605 140.7 86.8 192.0 138.7 80
2021002846 0.591 64.0 266.8 120.0 357.0 80
2021002846 0.587 110.4 5.5 302.2 499.1 80
2021002846 0.587 136.6 92.2 198.4 137.8 80
2021002846 0.587 124.9 19.3 281.7 432.9 80
2021002846 0.583 126.8 132.7 201.0 251.6 80
2021002846 0.582 9.5 273.0 62.1 365.4 80
2021002846 0.566 1.0 75.5 7.4 118.0 80
2021002846 0.557 330.9 331.9 333.2 398.2 80
2021002846 0.554 -1.3 60.9 190.5 151.3 80
2021002846 0.552 90.0 138.1 140.9 157.6 80
2021002846 0.546 330.7 106.3 333.3 172.2 80
2021002846 0.535 127.4 14.4 294.3 493.1 80
2021002846 0.535 60.7 269.4 120.3 360.9 80
2021002846 0.532 16.1 126.6 50.6 146.8 80
2021002846 0.521 331.0 236.5 333.2 294.5 80
2021002846 0.517 0.5 139.8 37.4 163.5 80
2021002846 0.509 131.1 187.7 192.7 248.8 80
2021002846 0.508 42.5 135.1 80.0 152.3 80
2021002846 0.502 1.5 53.6 10.6 93.5 80
2021002846 0.492 53.8 160.0 109.0 215.1 80
2021002846 0.479 -1.1 189.0 66.1 338.6 80
2021002846 0.477 -0.3 143.3 18.3 170.8 80
2021002846 0.474 2.1 157.7 43.7 192.7 80
2021002846 0.460 60.8 195.2 117.2 247.7 80
2021002846 0.444 58.5 191.7 145.0 249.1 80
2021002846 0.440 55.8 162.5 112.8 239.5 8
2021002846 0.388 1.6 368.6 14.6 500.7 80
2021002846 0.325 55.8 162.5 112.8 239.5 80
2021002846 0.323 332.3 104.7 333.0 248.7 80
2021002846 0.296 324.0 74.4 333.4 507.0 80
2021002846 0.294 29.2 136.4 80.1 155.9 80
2021002846 0.292 331.3 349.9 333.4 463.3 80
2021002846 0.292 332.3 160.4 333.0 408.4 80
2021002846 0.287 332.1 11.6 333.4 51.2 80
2021002846 0.271 53.8 160.0 109.0 215.1 8
2021002846 0.247 128.4 93.4 292.2 462.7 80
2021002846 0.244 29.2 136.4 80.1 155.9 8
2021002846 0.230 330.8 26.7 333.6 454.8 80
2021002846 0.213 -1.1 189.0 66.1 338.6 19
2021002846 0.212 58.5 191.7 145.0 249.1 10
2021002846 0.178 128.4 241.5 295.7 479.3 80
2021002846 0.166 100.3 487.2 239.0 502.3 80
2021002846 0.163 2.1 157.7 43.7 192.7 8
2021002846 0.162 0.5 139.8 37.4 163.5 8
2021002846 0.154 88.8 473.2 241.3 501.4 80
2021002846 0.152 236.3 66.2 334.4 515.7 80
2021002846 0.151 186.9 387.6 309.8 507.9 80
2021002846 0.150 -0.3 143.3 18.3 170.8 8
2021002846 0.149 126.6 378.0 254.7 507.6 80
2021002846 0.147 32.2 395.8 149.2 506.0 80
2021002846 0.144 228.3 257.0 333.7 491.6 80
2021002846 0.144 89.3 421.9 195.7 500.1 80
2021002846 0.140 117.9 158.7 280.8 441.6 80
2021002846 0.139 163.3 472.2 251.5 502.9 80
2021002846 0.138 60.7 269.4 120.3 360.9 19
2021002846 0.137 8.0 417.4 50.5 502.9 80
2021002846 0.136 273.7 448.8 332.7 500.6 80
2021002846 0.135 41.3 279.3 191.5 470.2 80
2021002846 0.134 6.8 235.0 101.4 486.4 80
2021002846 0.133 219.4 477.3 302.3 505.3 80
2021002846 0.133 88.2 309.6 258.0 475.1 80
2021002846 0.132 159.2 242.0 308.4 455.2 80
2021002846 0.132 82.1 194.8 261.3 430.2 80
2021002846 0.131 178.8 175.7 323.0 436.8 80
2021002846 0.129 100.1 260.1 251.7 454.4 80
2021002846 0.129 56.1 254.1 217.2 433.1 80
2021002846 0.123 72.1 469.8 157.8 502.6 80
2021002846 0.120 29.1 473.8 108.7 503.7 80
2021002846 0.120 29.2 136.4 80.1 155.9 0
2021002846 0.119 123.4 318.3 203.2 415.1 80
2021002846 0.118 323.3 15.0 337.6 116.3 80
2021002846 0.116 29.2 136.4 80.1 155.9 17
2021002846 0.116 196.0 236.7 265.3 369.5 80
2021002846 0.114 260.2 205.3 336.8 359.1 80
2021002846 0.109 93.0 18.8 372.7 134.9 80
2021002846 0.710 54.4 44.9 298.6 314.1 80
2021002846 0.705 77.3 136.0 170.8 193.5 80
2021002846 0.704 153.6 150.3 198.9 228.3 80
2021002846 0.702 124.3 18.5 287.0 164.7 80
2021002846 0.691 122.5 103.5 210.1 245.4 80
2021002846 0.689 0.9 302.6 36.6 441.5 80
2021002846 0.680 121.1 9.8 293.4 497.2 14
2021002846 0.669 70.1 10.8 296.6 494.3 80
2021002846 0.669 1.2 293.6 33.1 445.4 80
2021002846 0.667 59.9 264.0 120.0 356.1 80
2021002846 0.667 121.9 182.5 139.9 234.5 80
2021002846 0.661 126.0 27.6 287.6 306.4 80
2021002846 0.658 -3.6 124.2 182.6 337.0 80
2021002846 0.654 0.5 8.2 326.9 496.3 80
2021002846 0.642 2.1 183.4 46.1 421.3 80
2021002846 0.641 12.2 152.3 202.3 273.4 80
2021002846 0.631 129.8 28.1 284.2 367.0 80
2021002846 0.621 125.2 184.9 174.4 249.4 80
2021002846 0.620 154.7 170.5 195.6 247.2 80
2021002846 0.620 316.2 459.3 334.5 493.6 80
2021002846 0.615 -0.4 170.7 66.9 358.0 80
2021002846 0.612 10.8 75.6 203.6 147.6 80
2021002846 0.611 0.6 200.1 21.0 322.4 80
2021002846 0.607 2.2 178.8 38.7 224.7 80
2021002846 0.605 140.7 86.8 192.0 138.7 80
2021002846 0.591 64.0 266.8 120.0 357.0 80
2021002846 0.587 110.4 5.5 302.2 499.1 80
2021002846 0.587 136.6 92.2 198.4 137.8 80
2021002846 0.587 124.9 19.3 281.7 432.9 80
2021002846 0.583 126.8 132.7 201.0 251.6 80
2021002846 0.582 9.5 273.0 62.1 365.4 80
2021002846 0.566 1.0 75.5 7.4 118.0 80
2021002846 0.557 330.9 331.9 333.2 398.2 80
2021002846 0.554 -1.3 60.9 190.5 151.3 80
2021002846 0.552 90.0 138.1 140.9 157.6 80
2021002846 0.546 330.7 106.3 333.3 172.2 80
2021002846 0.535 127.4 14.4 294.3 493.1 80
2021002846 0.535 60.7 269.4 120.3 360.9 80
2021002846 0.532 16.1 126.6 50.6 146.8 80
2021002846 0.521 331.0 236.5 333.2 294.5 80
2021002846 0.517 0.5 139.8 37.4 163.5 80
2021002846 0.509 131.1 187.7 192.7 248.8 80
2021002846 0.508 42.5 135.1 80.0 152.3 80
2021002846 0.502 1.5 53.6 10.6 93.5 80
2021002846 0.492 53.8 160.0 109.0 215.1 80
2021002846 0.479 -1.1 189.0 66.1 338.6 80
2021002846 0.477 -0.3 143.3 18.3 170.8 80
2021002846 0.474 2.1 157.7 43.7 192.7 80
2021002846 0.460 60.8 195.2 117.2 247.7 80
2021002846 0.444 58.5 191.7 145.0 249.1 80
2021002846 0.440 55.8 162.5 112.8 239.5 8
2021002846 0.388 1.6 368.6 14.6 500.7 80
2021002846 0.325 55.8 162.5 112.8 239.5 80
2021002846 0.323 332.3 104.7 333.0 248.7 80
2021002846 0.296 324.0 74.4 333.4 507.0 80
2021002846 0.294 29.2 136.4 80.1 155.9 80
2021002846 0.292 331.3 349.9 333.4 463.3 80
2021002846 0.292 332.3 160.4 333.0 408.4 80
2021002846 0.287 332.1 11.6 333.4 51.2 80
2021002846 0.271 53.8 160.0 109.0 215.1 8
2021002846 0.247 128.4 93.4 292.2 462.7 80
2021002846 0.244 29.2 136.4 80.1 155.9 8
2021002846 0.230 330.8 26.7 333.6 454.8 80
2021002846 0.213 -1.1 189.0 66.1 338.6 19
2021002846 0.212 58.5 191.7 145.0 249.1 10
2021002846 0.178 128.4 241.5 295.7 479.3 80
2021002846 0.166 100.3 487.2 239.0 502.3 80
2021002846 0.163 2.1 157.7 43.7 192.7 8
2021002846 0.162 0.5 139.8 37.4 163.5 8
2021002846 0.154 88.8 473.2 241.3 501.4 80
2021002846 0.152 236.3 66.2 334.4 515.7 80
2021002846 0.151 186.9 387.6 309.8 507.9 80
2021002846 0.150 -0.3 143.3 18.3 170.8 8
2021002846 0.149 126.6 378.0 254.7 507.6 80
2021002846 0.147 32.2 395.8 149.2 506.0 80
2021002846 0.144 228.3 257.0 333.7 491.6 80
2021002846 0.144 89.3 421.9 195.7 500.1 80
2021002846 0.140 117.9 158.7 280.8 441.6 80
2021002846 0.139 163.3 472.2 251.5 502.9 80
2021002846 0.138 60.7 269.4 120.3 360.9 19
2021002846 0.137 8.0 417.4 50.5 502.9 80
2021002846 0.136 273.7 448.8 332.7 500.6 80
2021002846 0.135 41.3 279.3 191.5 470.2 80
2021002846 0.134 6.8 235.0 101.4 486.4 80
2021002846 0.133 219.4 477.3 302.3 505.3 80
2021002846 0.133 88.2 309.6 258.0 475.1 80
2021002846 0.132 159.2 242.0 308.4 455.2 80
2021002846 0.132 82.1 194.8 261.3 430.2 80
2021002846 0.131 178.8 175.7 323.0 436.8 80
2021002846 0.129 100.1 260.1 251.7 454.4 80
2021002846 0.129 56.1 254.1 217.2 433.1 80
2021002846 0.123 72.1 469.8 157.8 502.6 80
2021002846 0.120 29.1 473.8 108.7 503.7 80
2021002846 0.120 29.2 136.4 80.1 155.9 0
2021002846 0.119 123.4 318.3 203.2 415.1 80
2021002846 0.118 323.3 15.0 337.6 116.3 80
2021002846 0.116 29.2 136.4 80.1 155.9 17
2021002846 0.116 196.0 236.7 265.3 369.5 80
2021002846 0.114 260.2 205.3 336.8 359.1 80
2021002846 0.109 93.0 18.8 372.7 134.9 80
2021002846 0.000 242.1 139.1 329.7 349.7 80
2021002846 0.000 2.5 167.6 131.8 355.2 80
2021002846 0.000 140.4 104.0 277.6 257.6 80
2021002846 0.000 90.5 49.7 224.0 244.1 80
2021002846 0.000 183.0 183.6 333.4 341.1 80
2021002846 0.000 0.6 42.5 68.3 331.4 80
2021002846 0.000 300.4 87.4 332.8 193.4 80
2021002846 0.000 267.3 236.0 322.5 322.9 80
2021002846 0.000 0.8 172.0 68.4 475.0 80
2021002846 0.000 0.6 199.7 31.7 312.2 80
2021002846 0.000 302.2 255.9 332.8 368.9 80
2021002846 0.000 55.1 253.3 105.7 338.6 80
2021002846 0.000 302.3 170.1 332.8 282.8 80
2021002846 0.000 11.9 205.2 69.8 292.2 80
2021002846 0.000 129.9 214.9 186.1 300.8 80
2021002846 0.000 82.8 176.3 153.8 269.0 80
2021002846 0.000 1.3 267.6 32.0 380.4 80
2021002846 0.000 265.3 161.4 332.8 470.2 80
2021002846 0.000 103.4 68.5 329.9 372.7 80
2021002846 0.000 159.7 80.3 302.9 409.1 80
2021002846 0.000 213.5 5.5 335.4 250.0 80
2021002846 0.000 295.8 334.6 332.2 484.9 80
2021002846 0.000 14.3 140.5 206.7 349.5 80
2021002846 0.000 91.5 228.7 149.0 314.9 80
2021002846 0.000 161.6 186.0 221.3 271.2 80
2021002846 0.000 89.5 186.0 248.3 317.4 80
2021002846 0.000 190.4 230.1 249.0 315.2 80
2021002846 0.000 191.9 152.1 320.8 484.8 80
2021002846 0.000 223.1 197.3 284.2 282.0 80
2021002846 0.000 0.4 28.1 34.9 140.7 80
2021002846 0.000 230.0 270.5 286.6 354.2 80
2021002846 0.000 46.3 160.9 107.2 246.4 80
2021002846 0.000 6.0 21.8 152.2 243.9 80
2021002846 0.000 132.7 149.6 192.2 235.9 80
2021002846 0.000 1.6 -17.0 332.6 285.6 80
2021002846 0.000 0.8 334.2 38.4 495.6 80
2021002846 0.000 0.6 119.3 34.2 231.8 80
2021002846 0.000 5.1 195.4 238.1 491.4 80
2021002846 0.000 19.9 34.4 265.8 337.7 80
2021002846 0.000 96.1 285.2 238.8 494.2 80
2021002846 0.000 252.4 134.9 314.4 220.8 80
2021002846 0.000 85.2 119.4 250.2 482.5 80
2021002846 0.000 107.2 172.4 219.7 460.6 80
2021002846 0.000 -1.0 125.3 161.0 495.4 80
2021002846 0.000 64.3 122.9 268.5 395.9 80
2021002846 0.000 161.6 217.9 264.0 445.0 80
2021002846 0.000 -4.1 260.8 131.5 493.7 80
2021002846 0.000 199.3 139.6 261.7 224.2 80
2021002846 0.000 126.2 72.2 188.4 157.4 80
2021002846 0.000 47.5 49.6 284.3 461.9 80
2021002846 0.000 99.9 217.1 315.6 492.4 80
2021002846 0.000 2.9 326.3 221.4 496.5 80
2021002846 0.000 239.5 28.3 332.9 480.9 80
2021002846 0.000 196.7 258.0 325.3 491.0 80
2021002846 0.000 3.0 372.6 88.1 498.8 80
2021002846 0.000 0.6 95.3 245.2 496.7 80
2021002846 0.000 138.2 8.1 336.1 496.4 80
2021002846 0.000 241.7 335.1 328.7 494.1 80
2021002846 0.000 97.8 107.0 341.0 501.4 80
2021002846 0.000 84.6 112.1 145.6 198.0 80
2021002846 0.000 119.9 199.1 231.3 355.6 80
2021002846 0.000 24.5 295.5 78.5 386.2 80
2021002846 0.000 37.5 115.0 306.0 430.5 80
2021002846 0.000 -3.2 9.9 198.5 494.6 80
2021002846 0.000 133.3 350.2 331.7 500.1 80
2021002846 0.000 31.7 53.6 202.4 448.0 80
2021002846 0.000 57.7 142.2 180.1 477.5 80
2021002846 0.000 111.1 271.1 233.3 459.5 80
2021002846 0.000 1.5 309.5 332.2 500.6 80
2021002846 0.000 95.1 -1.9 305.0 156.1 80
2021002846 0.000 1.4 3.4 279.7 496.8 80
2021002846 0.000 90.7 22.6 248.6 481.6 80
2021002846 0.000 88.9 304.6 142.0 388.0 80
2021002846 0.000 26.4 201.0 288.5 372.5 80
2021002846 0.000 50.0 11.3 332.6 499.2 80
2021002846 0.000 0.7 149.6 332.7 496.7 80
2021002846 0.000 4.1 40.3 96.7 484.5 80
2021002846 0.000 9.6 60.9 317.2 502.9 80
2021002846 0.000 1.1 40.6 332.8 458.1 80
2021002846 0.000 0.9 0.7 332.8 499.3 80
2021002846 0.000 164.6 7.2 226.3 97.5 80
2021002846 0.000 211.2 71.4 276.0 156.8 80
2021002846 0.000 155.7 279.4 268.1 385.0 80
2021002846 0.000 5.3 188.7 333.6 394.2 80
2021002846 0.000 283.8 7.0 331.1 114.5 80
2021002846 0.000 143.9 264.6 193.4 348.7 80
2021002846 0.000 21.0 91.0 87.8 178.0 80
2021002846 0.000 215.5 293.4 271.2 374.9 80
2021002846 0.000 0.9 0.7 332.8 499.3 14
2021002846 0.000 0.9 0.7 332.8 499.3 7
2021002846 0.000 50.0 11.3 332.6 499.2 14
2021002846 0.000 0.9 0.7 332.8 499.3 11
2021002846 0.000 47.5 49.6 284.3 461.9 14
2021002846 0.000 138.2 8.1 336.1 496.4 14
2021002846 0.000 9.6 60.9 317.2 502.9 14
2021002846 0.000 -3.2 9.9 198.5 494.6 14
2021002846 0.000 1.4 3.4 279.7 496.8 14
2021002846 0.000 -1.0 125.3 161.0 495.4 14
2021002846 0.000 0.6 95.3 245.2 496.7 14
2021002846 0.000 0.7 149.6 332.7 496.7 17
