2021000000032285 0.683 71.1 230.3 175.1 406.7 80
2021000000032285 0.671 593.2 393.4 636.8 423.5 80
2021000000032285 0.553 70.4 227.7 171.3 401.5 80
2021000000032285 0.523 266.6 409.0 376.7 422.6 80
2021000000032285 0.509 217.0 -0.8 283.3 12.7 80
2021000000032285 0.370 638.5 68.7 640.2 159.9 80
2021000000032285 0.367 638.1 257.2 640.3 359.3 80
2021000000032285 0.340 638.3 152.0 640.2 267.2 80
2021000000032285 0.337 449.4 413.5 594.4 423.8 80
2021000000032285 0.274 48.2 202.2 153.7 409.9 80
2021000000032285 0.258 1.0 246.1 5.3 392.5 80
2021000000032285 0.254 340.4 410.9 514.2 423.5 80
2021000000032285 0.253 628.2 10.9 641.9 429.3 80
2021000000032285 0.239 636.5 80.2 640.8 373.0 80
2021000000032285 0.230 0.6 134.5 3.9 301.3 80
2021000000032285 0.229 0.2 381.0 31.9 427.0 80
2021000000032285 0.217 0.2 55.1 4.3 178.5 80
2021000000032285 0.213 -0.1 5.4 6.9 83.6 80
2021000000032285 0.212 637.1 56.5 640.9 345.3 80
2021000000032285 0.206 1.1 90.1 12.0 384.0 80
2021000000032285 0.200 0.9 58.4 10.7 289.4 80
2021000000032285 0.176 2.4 233.3 35.2 427.3 80
2021000000032285 0.176 601.0 40.2 638.0 455.1 80
2021000000032285 0.172 2.6 48.3 32.0 378.1 80
2021000000032285 0.169 607.9 340.5 651.4 413.4 80
2021000000032285 0.165 586.9 125.3 643.3 395.5 80
2021000000032285 0.159 376.3 376.0 563.3 424.4 80
2021000000032285 0.154 211.1 405.4 402.8 423.1 80
2021000000032285 0.149 437.9 282.6 630.2 414.8 80
2021000000032285 0.147 81.7 355.3 220.2 425.6 80
2021000000032285 0.140 149.4 406.6 288.0 425.1 80
2021000000032285 0.138 441.6 120.2 649.3 377.0 80
2021000000032285 0.137 62.5 405.9 187.5 426.0 80
2021000000032285 0.137 179.8 276.4 482.1 403.2 80
2021000000032285 0.137 190.0 367.9 323.5 419.5 80
2021000000032285 0.137 259.1 256.7 552.1 395.9 80
2021000000032285 0.135 70.4 227.7 171.3 401.5 8
2021000000032285 0.134 24.2 382.4 115.9 421.5 80
2021000000032285 0.133 276.4 383.4 423.6 418.1 80
2021000000032285 0.132 104.8 241.1 328.0 404.2 80
2021000000032285 0.132 325.2 238.9 583.9 386.0 80
2021000000032285 0.132 8.2 153.0 148.6 394.1 80
2021000000032285 0.131 364.2 168.4 621.1 363.8 80
2021000000032285 0.130 196.5 230.3 460.2 384.7 80
2021000000032285 0.129 105.6 275.0 154.8 323.2 80
2021000000032285 0.129 518.4 394.7 632.7 420.4 80
2021000000032285 0.128 145.5 210.2 381.1 374.6 80
2021000000032285 0.127 61.0 99.0 192.0 337.5 80
2021000000032285 0.127 296.4 163.4 564.3 345.6 80
2021000000032285 0.126 226.2 176.1 513.4 350.4 80
2021000000032285 0.126 173.7 199.7 481.5 351.4 80
2021000000032285 0.125 68.9 126.1 182.0 337.8 80
2021000000032285 0.125 168.9 146.9 334.2 342.3 80
2021000000032285 0.125 192.2 167.7 414.7 349.1 80
2021000000032285 0.125 100.6 172.4 287.7 350.0 80
2021000000032285 0.124 153.8 124.8 486.2 307.7 80
2021000000032285 0.123 226.3 195.7 285.4 334.4 80
2021000000032285 0.123 275.9 251.3 325.9 308.5 80
2021000000032285 0.122 258.2 114.9 530.7 329.5 80
2021000000032285 0.122 149.4 246.5 204.6 301.6 80
2021000000032285 0.122 311.1 100.7 559.4 340.1 80
2021000000032285 0.122 429.4 113.5 598.9 347.1 80
2021000000032285 0.121 35.8 124.0 169.1 338.4 80
2021000000032285 0.121 195.6 116.4 454.4 320.7 80
2021000000032285 0.121 211.0 238.3 268.9 303.1 80
2021000000032285 0.120 130.1 123.6 333.4 316.7 80
2021000000032285 0.119 326.0 252.7 387.8 313.5 80
2021000000032285 0.118 222.5 131.9 437.7 323.5 80
2021000000032285 0.117 375.4 216.0 482.0 300.7 80
2021000000032285 0.115 176.9 278.8 235.8 335.3 80
2021000000032285 0.115 363.5 139.8 560.3 331.2 80
2021000000032285 0.113 -9.3 148.8 161.4 225.1 80
2021000000032285 0.113 334.9 117.8 641.2 203.0 80
2021000000032285 0.112 231.1 93.8 589.3 170.0 80
2021000000032285 0.111 375.3 106.2 703.8 200.8 80
2021000000032285 0.111 121.0 55.7 583.8 129.9 80
2021000000032285 0.110 149.4 50.7 578.4 112.7 80
2021000000032285 0.110 66.9 38.0 542.8 98.2 80
2021000000032285 0.109 -162.4 22.4 268.6 69.3 80
2021000000032285 0.109 -16.3 24.4 500.2 76.2 80
2021000000032285 0.107 496.7 78.9 698.6 176.1 80
2021000000032285 0.106 -192.5 9.6 431.0 43.8 80
2021000000032285 0.105 -137.7 8.1 489.2 40.8 80
2021000000032285 0.105 156.1 13.8 773.6 53.4 80
2021000000032285 0.103 207.2 8.6 837.7 42.6 80
2021000000032285 0.099 320.7 9.3 905.2 44.0 80
2021000000032285 0.099 248.9 5.1 887.7 35.0 80
2021000000032285 0.097 59.5 3.1 698.5 31.0 80
2021000000032285 0.094 -58.4 1.0 580.6 27.3 80
2021000000032285 0.094 -114.3 -0.9 524.7 23.4 80
2021000000032285 0.093 0.7 1.8 639.7 28.7 80
2021000000032285 0.093 -270.3 -3.1 352.5 24.0 80
2021000000032285 0.093 -176.8 -1.4 462.2 24.0 80
2021000000032285 0.092 -237.5 1.1 401.3 27.5 80
2021000000032285 0.092 27.0 -2.4 666.0 23.8 80
2021000000032285 0.091 88.7 2.3 727.7 29.9 80
2021000000032285 0.091 103.8 -2.5 742.7 22.7 80
2021000000032285 0.091 257.8 -0.4 896.8 26.0 80
2021000000032285 0.091 200.5 -1.2 839.4 26.5 80
2021000000032285 0.091 156.0 -0.0 795.0 27.5 80
2021000000032285 0.683 71.1 230.3 175.1 406.7 80
2021000000032285 0.671 593.2 393.4 636.8 423.5 80
2021000000032285 0.553 70.4 227.7 171.3 401.5 80
2021000000032285 0.523 266.6 409.0 376.7 422.6 80
2021000000032285 0.509 217.0 -0.8 283.3 12.7 80
2021000000032285 0.370 638.5 68.7 640.2 159.9 80
2021000000032285 0.367 638.1 257.2 640.3 359.3 80
2021000000032285 0.340 638.3 152.0 640.2 267.2 80
2021000000032285 0.337 449.4 413.5 594.4 423.8 80
2021000000032285 0.274 48.2 202.2 153.7 409.9 80
2021000000032285 0.258 1.0 246.1 5.3 392.5 80
2021000000032285 0.254 340.4 410.9 514.2 423.5 80
2021000000032285 0.253 628.2 10.9 641.9 429.3 80
2021000000032285 0.239 636.5 80.2 640.8 373.0 80
2021000000032285 0.230 0.6 134.5 3.9 301.3 80
2021000000032285 0.229 0.2 381.0 31.9 427.0 80
2021000000032285 0.217 0.2 55.1 4.3 178.5 80
2021000000032285 0.213 -0.1 5.4 6.9 83.6 80
2021000000032285 0.212 637.1 56.5 640.9 345.3 80
2021000000032285 0.206 1.1 90.1 12.0 384.0 80
2021000000032285 0.200 0.9 58.4 10.7 289.4 80
2021000000032285 0.176 2.4 233.3 35.2 427.3 80
2021000000032285 0.176 601.0 40.2 638.0 455.1 80
2021000000032285 0.172 2.6 48.3 32.0 378.1 80
2021000000032285 0.169 607.9 340.5 651.4 413.4 80
2021000000032285 0.165 586.9 125.3 643.3 395.5 80
2021000000032285 0.159 376.3 376.0 563.3 424.4 80
2021000000032285 0.154 211.1 405.4 402.8 423.1 80
2021000000032285 0.149 437.9 282.6 630.2 414.8 80
2021000000032285 0.147 81.7 355.3 220.2 425.6 80
2021000000032285 0.140 149.4 406.6 288.0 425.1 80
2021000000032285 0.138 441.6 120.2 649.3 377.0 80
2021000000032285 0.137 62.5 405.9 187.5 426.0 80
2021000000032285 0.137 179.8 276.4 482.1 403.2 80
2021000000032285 0.137 190.0 367.9 323.5 419.5 80
2021000000032285 0.137 259.1 256.7 552.1 395.9 80
2021000000032285 0.135 70.4 227.7 171.3 401.5 8
2021000000032285 0.134 24.2 382.4 115.9 421.5 80
2021000000032285 0.133 276.4 383.4 423.6 418.1 80
2021000000032285 0.132 104.8 241.1 328.0 404.2 80
2021000000032285 0.132 325.2 238.9 583.9 386.0 80
2021000000032285 0.132 8.2 153.0 148.6 394.1 80
2021000000032285 0.131 364.2 168.4 621.1 363.8 80
2021000000032285 0.130 196.5 230.3 460.2 384.7 80
2021000000032285 0.129 105.6 275.0 154.8 323.2 80
2021000000032285 0.129 518.4 394.7 632.7 420.4 80
2021000000032285 0.128 145.5 210.2 381.1 374.6 80
2021000000032285 0.127 61.0 99.0 192.0 337.5 80
2021000000032285 0.127 296.4 163.4 564.3 345.6 80
2021000000032285 0.126 226.2 176.1 513.4 350.4 80
2021000000032285 0.126 173.7 199.7 481.5 351.4 80
2021000000032285 0.125 68.9 126.1 182.0 337.8 80
2021000000032285 0.125 168.9 146.9 334.2 342.3 80
2021000000032285 0.125 192.2 167.7 414.7 349.1 80
2021000000032285 0.125 100.6 172.4 287.7 350.0 80
2021000000032285 0.124 153.8 124.8 486.2 307.7 80
2021000000032285 0.123 226.3 195.7 285.4 334.4 80
2021000000032285 0.123 275.9 251.3 325.9 308.5 80
2021000000032285 0.122 258.2 114.9 530.7 329.5 80
2021000000032285 0.122 149.4 246.5 204.6 301.6 80
2021000000032285 0.122 311.1 100.7 559.4 340.1 80
2021000000032285 0.122 429.4 113.5 598.9 347.1 80
2021000000032285 0.121 35.8 124.0 169.1 338.4 80
2021000000032285 0.121 195.6 116.4 454.4 320.7 80
2021000000032285 0.121 211.0 238.3 268.9 303.1 80
2021000000032285 0.120 130.1 123.6 333.4 316.7 80
2021000000032285 0.119 326.0 252.7 387.8 313.5 80
2021000000032285 0.118 222.5 131.9 437.7 323.5 80
2021000000032285 0.117 375.4 216.0 482.0 300.7 80
2021000000032285 0.115 176.9 278.8 235.8 335.3 80
2021000000032285 0.115 363.5 139.8 560.3 331.2 80
2021000000032285 0.113 -9.3 148.8 161.4 225.1 80
2021000000032285 0.113 334.9 117.8 641.2 203.0 80
2021000000032285 0.112 231.1 93.8 589.3 170.0 80
2021000000032285 0.111 375.3 106.2 703.8 200.8 80
2021000000032285 0.111 121.0 55.7 583.8 129.9 80
2021000000032285 0.110 149.4 50.7 578.4 112.7 80
2021000000032285 0.110 66.9 38.0 542.8 98.2 80
2021000000032285 0.109 -162.4 22.4 268.6 69.3 80
2021000000032285 0.109 -16.3 24.4 500.2 76.2 80
2021000000032285 0.107 496.7 78.9 698.6 176.1 80
2021000000032285 0.106 -192.5 9.6 431.0 43.8 80
2021000000032285 0.105 -137.7 8.1 489.2 40.8 80
2021000000032285 0.105 156.1 13.8 773.6 53.4 80
2021000000032285 0.103 207.2 8.6 837.7 42.6 80
2021000000032285 0.099 320.7 9.3 905.2 44.0 80
2021000000032285 0.099 248.9 5.1 887.7 35.0 80
2021000000032285 0.097 59.5 3.1 698.5 31.0 80
2021000000032285 0.094 -58.4 1.0 580.6 27.3 80
2021000000032285 0.094 -114.3 -0.9 524.7 23.4 80
2021000000032285 0.093 0.7 1.8 639.7 28.7 80
2021000000032285 0.093 -270.3 -3.1 352.5 24.0 80
2021000000032285 0.093 -176.8 -1.4 462.2 24.0 80
2021000000032285 0.092 -237.5 1.1 401.3 27.5 80
2021000000032285 0.092 27.0 -2.4 666.0 23.8 80
2021000000032285 0.091 88.7 2.3 727.7 29.9 80
2021000000032285 0.091 103.8 -2.5 742.7 22.7 80
2021000000032285 0.091 257.8 -0.4 896.8 26.0 80
2021000000032285 0.091 200.5 -1.2 839.4 26.5 80
2021000000032285 0.091 156.0 -0.0 795.0 27.5 80
2021000000032285 0.000 0.7 50.1 132.8 279.4 80
2021000000032285 0.000 313.5 81.8 473.8 258.0 80
2021000000032285 0.000 259.6 56.1 340.6 135.5 80
2021000000032285 0.000 328.1 156.8 405.0 232.3 80
2021000000032285 0.000 476.8 123.4 620.6 303.2 80
2021000000032285 0.000 58.5 245.6 136.7 326.3 80
2021000000032285 0.000 107.0 134.0 185.4 213.0 80
2021000000032285 0.000 170.1 118.5 279.1 246.4 80
2021000000032285 0.000 499.6 108.6 587.2 184.4 80
2021000000032285 0.000 580.3 145.0 639.5 238.2 80
2021000000032285 0.000 272.9 128.9 350.3 204.6 80
2021000000032285 0.000 180.7 92.8 259.1 173.5 80
2021000000032285 0.000 27.9 33.1 259.5 221.0 80
2021000000032285 0.000 416.8 13.0 632.9 216.5 80
2021000000032285 0.000 1.6 227.2 61.4 321.4 80
2021000000032285 0.000 207.1 36.6 383.3 238.9 80
2021000000032285 0.000 447.6 165.3 524.7 240.1 80
2021000000032285 0.000 281.2 270.8 359.7 380.7 80
2021000000032285 0.000 115.6 212.7 191.0 287.9 80
2021000000032285 0.000 402.5 114.8 480.3 190.4 80
2021000000032285 0.000 457.2 224.3 531.2 300.2 80
2021000000032285 0.000 41.2 143.4 214.8 312.1 80
2021000000032285 0.000 1.0 170.8 60.3 264.4 80
2021000000032285 0.000 580.1 217.4 639.6 310.7 80
2021000000032285 0.000 0.3 142.0 130.7 403.7 80
2021000000032285 0.000 574.5 60.9 639.6 173.0 80
2021000000032285 0.000 332.1 2.9 415.5 83.5 80
2021000000032285 0.000 175.8 246.3 257.9 328.5 80
2021000000032285 0.000 381.9 193.6 460.0 267.5 80
2021000000032285 0.000 36.2 175.8 119.8 250.0 80
2021000000032285 0.000 326.7 142.1 465.0 393.0 80
2021000000032285 0.000 152.2 181.4 297.6 357.2 80
2021000000032285 0.000 191.4 195.0 269.4 268.8 80
2021000000032285 0.000 374.8 150.1 615.2 293.1 80
2021000000032285 0.000 416.4 246.8 489.1 333.6 80
2021000000032285 0.000 0.6 25.1 66.3 119.6 80
2021000000032285 0.000 281.2 224.2 356.1 299.2 80
2021000000032285 0.000 62.2 23.8 483.7 290.0 80
2021000000032285 0.000 524.7 198.9 607.7 273.1 80
2021000000032285 0.000 262.4 133.2 405.9 316.8 80
2021000000032285 0.000 0.6 281.4 74.6 417.4 80
2021000000032285 0.000 230.3 250.4 304.8 335.9 80
2021000000032285 0.000 226.3 64.8 603.8 300.8 80
2021000000032285 0.000 63.1 123.6 360.6 291.4 80
2021000000032285 0.000 416.7 52.3 515.5 131.3 80
2021000000032285 0.000 129.1 55.5 312.7 352.4 80
2021000000032285 0.000 0.1 102.2 65.9 196.0 80
2021000000032285 0.000 263.8 181.3 342.0 255.8 80
2021000000032285 0.000 566.4 275.9 639.5 415.9 80
2021000000032285 0.000 19.0 15.9 622.5 221.6 80
2021000000032285 0.000 509.8 125.3 639.3 401.1 80
2021000000032285 0.000 1.6 6.7 361.2 419.0 80
2021000000032285 0.000 121.2 17.5 514.2 412.8 80
2021000000032285 0.000 335.8 47.3 542.9 353.5 80
2021000000032285 0.000 241.8 9.0 514.6 152.9 80
2021000000032285 0.000 1.2 26.9 187.5 410.0 80
2021000000032285 0.000 272.2 6.9 636.7 420.5 80
2021000000032285 0.000 205.3 222.7 447.1 415.2 80
2021000000032285 0.000 203.8 31.5 448.2 401.7 80
2021000000032285 0.000 457.5 21.0 641.7 406.3 80
2021000000032285 0.000 14.5 101.2 289.2 417.3 80
2021000000032285 0.000 358.9 269.5 430.6 373.7 80
2021000000032285 0.000 219.1 119.1 395.4 398.9 80
2021000000032285 0.000 169.6 87.6 468.5 412.1 80
2021000000032285 0.000 329.3 187.8 464.7 345.7 80
2021000000032285 0.000 6.1 314.9 167.0 422.2 80
2021000000032285 0.000 391.8 203.7 616.9 411.4 80
2021000000032285 0.000 68.8 287.7 356.2 420.4 80
2021000000032285 0.000 14.6 206.3 237.2 412.7 80
2021000000032285 0.000 4.0 1.2 525.2 420.6 80
2021000000032285 0.000 10.2 258.1 628.9 420.9 80
2021000000032285 0.000 5.9 73.1 462.5 416.5 80
2021000000032285 0.000 285.2 289.2 604.5 421.0 80
2021000000032285 0.000 92.0 72.3 568.9 361.4 80
2021000000032285 0.000 43.3 166.2 418.6 409.3 80
2021000000032285 0.000 109.4 1.0 633.2 420.5 80
2021000000032285 0.000 355.6 97.9 622.4 420.5 80
2021000000032285 0.000 208.0 149.6 442.0 260.2 80
2021000000032285 0.000 312.6 227.5 381.5 308.3 80
2021000000032285 0.000 215.5 170.4 577.4 409.0 80
2021000000032285 0.000 463.3 276.9 633.1 415.8 80
2021000000032285 0.000 56.7 68.2 150.0 154.3 80
2021000000032285 0.000 204.8 74.3 630.5 418.0 80
2021000000032285 0.000 172.4 116.0 460.4 331.4 80
2021000000032285 0.000 86.4 161.4 514.9 306.7 80
2021000000032285 0.000 28.5 48.2 607.3 408.2 80
2021000000032285 0.000 0.5 113.2 638.1 411.3 80
2021000000032285 0.000 0.8 0.8 639.5 422.0 80
2021000000032285 0.000 21.7 108.0 619.3 304.9 80
2021000000032285 0.000 2.9 26.5 636.7 347.0 80
2021000000032285 0.000 542.8 6.8 638.4 96.5 80
2021000000032285 0.000 21.7 108.0 619.3 304.9 0
2021000000032285 0.000 335.8 47.3 542.9 353.5 14
2021000000032285 0.000 219.1 119.1 395.4 398.9 14
2021000000032285 0.000 129.1 55.5 312.7 352.4 14
2021000000032285 0.000 203.8 31.5 448.2 401.7 14
2021000000032285 0.000 14.5 101.2 289.2 417.3 14
2021000000032285 0.000 355.6 97.9 622.4 420.5 14
2021000000032285 0.000 169.6 87.6 468.5 412.1 14
2021000000032285 0.000 197.1 341.0 304.9 416.9 80
