2021007488 0.666 355.0 318.1 467.6 375.5 80
2021007488 0.638 340.1 322.1 458.1 375.4 80
2021007488 0.628 464.7 308.7 501.4 374.5 80
2021007488 0.608 493.1 14.2 500.3 171.7 80
2021007488 0.607 476.8 291.2 502.7 376.3 80
2021007488 0.600 412.8 322.9 467.6 374.2 80
2021007488 0.598 358.0 316.4 469.2 373.6 80
2021007488 0.592 51.0 1.9 502.6 374.7 18
2021007488 0.590 475.4 327.7 499.9 375.7 80
2021007488 0.585 252.9 343.7 458.9 373.4 80
2021007488 0.574 489.0 0.6 500.5 63.4 80
2021007488 0.559 414.2 314.7 495.7 369.7 80
2021007488 0.551 484.1 211.5 501.6 377.4 80
2021007488 0.515 0.9 183.9 9.3 242.3 80
2021007488 0.485 496.6 165.5 500.2 307.4 80
2021007488 0.471 2.6 171.0 13.0 267.9 80
2021007488 0.456 2.7 213.3 11.1 267.4 80
2021007488 0.449 417.4 3.7 505.2 377.7 80
2021007488 0.444 481.5 9.1 502.4 383.0 80
2021007488 0.442 146.8 361.8 399.4 375.5 80
2021007488 0.438 1.1 232.2 6.7 270.0 80
2021007488 0.425 125.2 0.7 165.5 9.1 80
2021007488 0.422 1.0 215.4 5.4 268.9 80
2021007488 0.416 37.3 3.2 478.2 374.1 80
2021007488 0.330 491.1 4.9 501.4 73.0 80
2021007488 0.300 80.8 356.5 466.8 375.6 80
2021007488 0.284 498.4 27.9 500.2 284.6 80
2021007488 0.253 0.1 341.0 21.0 378.0 80
2021007488 0.246 344.3 70.4 512.3 389.2 80
2021007488 0.239 48.4 367.6 188.7 376.2 80
2021007488 0.225 120.2 15.8 500.4 350.5 80
2021007488 0.224 51.0 1.9 502.6 374.7 5
2021007488 0.222 299.0 3.1 486.0 377.1 80
2021007488 0.218 0.5 4.9 4.4 86.4 80
2021007488 0.209 1.3 132.1 13.9 378.3 80
2021007488 0.206 120.5 -0.1 297.3 6.0 80
2021007488 0.205 63.6 147.4 103.2 194.2 80
2021007488 0.161 2.3 73.9 25.7 313.6 80
2021007488 0.152 262.4 101.3 508.0 357.2 80
2021007488 0.148 3.0 72.8 58.6 378.0 80
2021007488 0.143 212.7 201.6 496.2 354.4 80
2021007488 0.141 63.6 227.1 292.0 354.5 80
2021007488 0.140 105.4 232.2 411.8 359.4 80
2021007488 0.139 17.9 211.8 168.2 369.5 80
2021007488 0.139 165.1 103.2 493.6 313.5 80
2021007488 0.139 118.7 361.3 237.2 376.8 80
2021007488 0.138 69.5 333.4 197.0 373.0 80
2021007488 0.138 46.1 72.8 349.6 292.6 80
2021007488 0.137 168.0 206.2 459.9 348.1 80
2021007488 0.137 210.4 345.5 346.8 372.6 80
2021007488 0.135 78.9 142.8 428.0 315.5 80
2021007488 0.135 47.4 88.1 370.4 312.5 80
2021007488 0.135 104.3 122.9 460.4 309.3 80
2021007488 0.133 106.0 190.8 404.9 338.7 80
2021007488 0.133 78.8 106.8 271.9 311.9 80
2021007488 0.132 144.8 337.0 279.3 370.8 80
2021007488 0.132 17.8 342.2 93.6 373.5 80
2021007488 0.132 166.5 143.4 356.1 244.4 80
2021007488 0.131 196.2 66.0 496.7 320.3 80
2021007488 0.130 36.2 123.5 294.1 313.7 80
2021007488 0.130 68.2 90.8 440.7 289.0 80
2021007488 0.130 64.6 179.5 354.8 328.8 80
2021007488 0.130 72.5 130.9 400.8 304.7 80
2021007488 0.129 23.4 167.0 251.5 327.6 80
2021007488 0.128 105.1 87.4 495.1 290.4 80
2021007488 0.127 18.1 111.6 188.8 317.7 80
2021007488 0.127 38.3 221.3 83.9 286.3 80
2021007488 0.126 50.6 89.6 200.0 301.8 80
2021007488 0.124 193.4 205.8 283.0 271.0 80
2021007488 0.122 214.3 207.1 330.5 275.0 80
2021007488 0.121 143.2 181.7 257.3 283.2 80
2021007488 0.121 58.7 123.4 214.8 287.4 80
2021007488 0.120 97.4 159.0 214.7 287.3 80
2021007488 0.114 33.1 146.6 181.0 250.1 80
2021007488 0.114 100.5 155.9 346.0 272.6 80
2021007488 0.113 48.4 86.2 395.2 182.7 80
2021007488 0.112 33.5 85.8 316.1 180.0 80
2021007488 0.112 61.1 78.9 472.6 175.1 80
2021007488 0.112 144.4 146.4 490.2 273.6 80
2021007488 0.112 7.8 151.3 109.4 225.2 80
2021007488 0.109 79.0 85.1 525.8 198.0 80
2021007488 0.108 -103.3 41.8 181.7 108.0 80
2021007488 0.108 142.8 83.8 573.6 204.3 80
2021007488 0.107 -47.0 37.8 321.7 115.9 80
2021007488 0.107 30.8 2.2 528.0 90.2 80
2021007488 0.106 203.0 74.9 617.2 194.5 80
2021007488 0.105 91.6 22.1 581.8 114.4 80
2021007488 0.103 273.2 42.8 647.4 169.4 80
2021007488 0.102 144.5 9.2 636.0 79.7 80
2021007488 0.099 -137.2 -1.3 361.8 14.7 80
2021007488 0.098 193.1 2.5 691.8 47.3 80
2021007488 0.097 80.7 -0.9 579.7 15.9 80
2021007488 0.096 -181.6 -2.5 317.4 21.6 80
2021007488 0.094 -43.3 -1.7 455.7 28.7 80
2021007488 0.093 4.2 -0.6 503.2 28.2 80
2021007488 0.093 -201.4 -2.3 265.7 22.4 80
2021007488 0.092 75.9 -2.0 574.9 28.0 80
2021007488 0.091 206.4 -1.9 705.4 19.1 80
2021007488 0.091 22.1 -1.1 521.1 20.3 80
2021007488 0.090 157.9 0.2 656.8 23.9 80
2021007488 0.666 355.0 318.1 467.6 375.5 80
2021007488 0.638 340.1 322.1 458.1 375.4 80
2021007488 0.628 464.7 308.7 501.4 374.5 80
2021007488 0.608 493.1 14.2 500.3 171.7 80
2021007488 0.607 476.8 291.2 502.7 376.3 80
2021007488 0.600 412.8 322.9 467.6 374.2 80
2021007488 0.598 358.0 316.4 469.2 373.6 80
2021007488 0.592 51.0 1.9 502.6 374.7 18
2021007488 0.590 475.4 327.7 499.9 375.7 80
2021007488 0.585 252.9 343.7 458.9 373.4 80
2021007488 0.574 489.0 0.6 500.5 63.4 80
2021007488 0.559 414.2 314.7 495.7 369.7 80
2021007488 0.551 484.1 211.5 501.6 377.4 80
2021007488 0.515 0.9 183.9 9.3 242.3 80
2021007488 0.485 496.6 165.5 500.2 307.4 80
2021007488 0.471 2.6 171.0 13.0 267.9 80
2021007488 0.456 2.7 213.3 11.1 267.4 80
2021007488 0.449 417.4 3.7 505.2 377.7 80
2021007488 0.444 481.5 9.1 502.4 383.0 80
2021007488 0.442 146.8 361.8 399.4 375.5 80
2021007488 0.438 1.1 232.2 6.7 270.0 80
2021007488 0.425 125.2 0.7 165.5 9.1 80
2021007488 0.422 1.0 215.4 5.4 268.9 80
2021007488 0.416 37.3 3.2 478.2 374.1 80
2021007488 0.330 491.1 4.9 501.4 73.0 80
2021007488 0.300 80.8 356.5 466.8 375.6 80
2021007488 0.284 498.4 27.9 500.2 284.6 80
2021007488 0.253 0.1 341.0 21.0 378.0 80
2021007488 0.246 344.3 70.4 512.3 389.2 80
2021007488 0.239 48.4 367.6 188.7 376.2 80
2021007488 0.225 120.2 15.8 500.4 350.5 80
2021007488 0.224 51.0 1.9 502.6 374.7 5
2021007488 0.222 299.0 3.1 486.0 377.1 80
2021007488 0.218 0.5 4.9 4.4 86.4 80
2021007488 0.209 1.3 132.1 13.9 378.3 80
2021007488 0.206 120.5 -0.1 297.3 6.0 80
2021007488 0.205 63.6 147.4 103.2 194.2 80
2021007488 0.161 2.3 73.9 25.7 313.6 80
2021007488 0.152 262.4 101.3 508.0 357.2 80
2021007488 0.148 3.0 72.8 58.6 378.0 80
2021007488 0.143 212.7 201.6 496.2 354.4 80
2021007488 0.141 63.6 227.1 292.0 354.5 80
2021007488 0.140 105.4 232.2 411.8 359.4 80
2021007488 0.139 17.9 211.8 168.2 369.5 80
2021007488 0.139 165.1 103.2 493.6 313.5 80
2021007488 0.139 118.7 361.3 237.2 376.8 80
2021007488 0.138 69.5 333.4 197.0 373.0 80
2021007488 0.138 46.1 72.8 349.6 292.6 80
2021007488 0.137 168.0 206.2 459.9 348.1 80
2021007488 0.137 210.4 345.5 346.8 372.6 80
2021007488 0.135 78.9 142.8 428.0 315.5 80
2021007488 0.135 47.4 88.1 370.4 312.5 80
2021007488 0.135 104.3 122.9 460.4 309.3 80
2021007488 0.133 106.0 190.8 404.9 338.7 80
2021007488 0.133 78.8 106.8 271.9 311.9 80
2021007488 0.132 144.8 337.0 279.3 370.8 80
2021007488 0.132 17.8 342.2 93.6 373.5 80
2021007488 0.132 166.5 143.4 356.1 244.4 80
2021007488 0.131 196.2 66.0 496.7 320.3 80
2021007488 0.130 36.2 123.5 294.1 313.7 80
2021007488 0.130 68.2 90.8 440.7 289.0 80
2021007488 0.130 64.6 179.5 354.8 328.8 80
2021007488 0.130 72.5 130.9 400.8 304.7 80
2021007488 0.129 23.4 167.0 251.5 327.6 80
2021007488 0.128 105.1 87.4 495.1 290.4 80
2021007488 0.127 18.1 111.6 188.8 317.7 80
2021007488 0.127 38.3 221.3 83.9 286.3 80
2021007488 0.126 50.6 89.6 200.0 301.8 80
2021007488 0.124 193.4 205.8 283.0 271.0 80
2021007488 0.122 214.3 207.1 330.5 275.0 80
2021007488 0.121 143.2 181.7 257.3 283.2 80
2021007488 0.121 58.7 123.4 214.8 287.4 80
2021007488 0.120 97.4 159.0 214.7 287.3 80
2021007488 0.114 33.1 146.6 181.0 250.1 80
2021007488 0.114 100.5 155.9 346.0 272.6 80
2021007488 0.113 48.4 86.2 395.2 182.7 80
2021007488 0.112 33.5 85.8 316.1 180.0 80
2021007488 0.112 61.1 78.9 472.6 175.1 80
2021007488 0.112 144.4 146.4 490.2 273.6 80
2021007488 0.112 7.8 151.3 109.4 225.2 80
2021007488 0.109 79.0 85.1 525.8 198.0 80
2021007488 0.108 -103.3 41.8 181.7 108.0 80
2021007488 0.108 142.8 83.8 573.6 204.3 80
2021007488 0.107 -47.0 37.8 321.7 115.9 80
2021007488 0.107 30.8 2.2 528.0 90.2 80
2021007488 0.106 203.0 74.9 617.2 194.5 80
2021007488 0.105 91.6 22.1 581.8 114.4 80
2021007488 0.103 273.2 42.8 647.4 169.4 80
2021007488 0.102 144.5 9.2 636.0 79.7 80
2021007488 0.099 -137.2 -1.3 361.8 14.7 80
2021007488 0.098 193.1 2.5 691.8 47.3 80
2021007488 0.097 80.7 -0.9 579.7 15.9 80
2021007488 0.096 -181.6 -2.5 317.4 21.6 80
2021007488 0.094 -43.3 -1.7 455.7 28.7 80
2021007488 0.093 4.2 -0.6 503.2 28.2 80
2021007488 0.093 -201.4 -2.3 265.7 22.4 80
2021007488 0.092 75.9 -2.0 574.9 28.0 80
2021007488 0.091 206.4 -1.9 705.4 19.1 80
2021007488 0.091 22.1 -1.1 521.1 20.3 80
2021007488 0.090 157.9 0.2 656.8 23.9 80
2021007488 0.000 242.0 73.2 372.7 227.7 80
2021007488 0.000 0.9 43.1 103.5 247.8 80
2021007488 0.000 143.7 135.9 210.3 202.4 80
2021007488 0.000 211.4 111.8 275.3 178.0 80
2021007488 0.000 371.0 109.2 486.3 268.7 80
2021007488 0.000 255.8 137.9 317.1 204.5 80
2021007488 0.000 156.6 31.4 304.0 211.6 80
2021007488 0.000 45.5 217.8 107.4 288.9 80
2021007488 0.000 136.3 82.3 207.6 151.5 80
2021007488 0.000 81.5 117.6 146.9 186.5 80
2021007488 0.000 197.9 51.8 272.4 119.8 80
2021007488 0.000 453.6 128.4 499.6 211.2 80
2021007488 0.000 387.8 97.3 461.7 164.2 80
2021007488 0.000 348.6 145.3 411.0 211.1 80
2021007488 0.000 136.9 218.3 201.8 292.7 80
2021007488 0.000 19.5 26.1 206.5 194.8 80
2021007488 0.000 1.5 201.3 48.0 285.0 80
2021007488 0.000 297.9 170.7 359.9 236.2 80
2021007488 0.000 453.4 192.9 499.6 275.6 80
2021007488 0.000 356.3 197.7 415.7 265.7 80
2021007488 0.000 313.5 100.9 376.2 167.7 80
2021007488 0.000 323.9 8.3 496.6 191.8 80
2021007488 0.000 287.5 132.8 485.8 257.7 80
2021007488 0.000 205.6 160.1 267.3 225.4 80
2021007488 0.000 0.9 125.8 102.1 357.9 80
2021007488 0.000 33.3 127.4 166.8 276.8 80
2021007488 0.000 1.0 151.5 47.1 234.6 80
2021007488 0.000 89.9 187.8 149.8 253.9 80
2021007488 0.000 449.0 54.1 499.7 153.4 80
2021007488 0.000 117.9 161.9 233.2 316.5 80
2021007488 0.000 218.0 251.8 286.7 331.9 80
2021007488 0.000 149.3 172.2 210.8 237.6 80
2021007488 0.000 410.1 176.6 474.8 242.3 80
2021007488 0.000 27.0 155.1 94.9 220.9 80
2021007488 0.000 323.9 218.2 384.1 295.1 80
2021007488 0.000 202.7 116.7 319.1 275.9 80
2021007488 0.000 177.6 56.6 471.2 267.4 80
2021007488 0.000 252.3 124.0 366.8 347.9 80
2021007488 0.000 0.5 90.4 51.3 173.8 80
2021007488 0.000 0.7 22.0 51.8 106.0 80
2021007488 0.000 46.4 108.1 284.6 258.9 80
2021007488 0.000 101.1 50.5 245.1 317.1 80
2021007488 0.000 255.5 3.7 329.5 73.3 80
2021007488 0.000 322.9 47.5 406.2 116.3 80
2021007488 0.000 43.3 21.4 383.8 258.4 80
2021007488 0.000 0.6 249.6 58.3 369.8 80
2021007488 0.000 178.6 220.3 238.0 300.5 80
2021007488 0.000 442.7 245.1 499.6 368.5 80
2021007488 0.000 398.6 113.5 499.6 355.5 80
2021007488 0.000 10.6 10.6 491.5 199.6 80
2021007488 0.000 258.6 42.4 428.2 311.1 80
2021007488 0.000 90.0 16.9 408.1 364.6 80
2021007488 0.000 256.1 169.2 365.6 301.9 80
2021007488 0.000 -2.4 5.4 286.1 371.6 80
2021007488 0.000 8.1 89.0 229.6 370.1 80
2021007488 0.000 0.7 22.9 146.6 363.6 80
2021007488 0.000 213.1 6.1 497.0 372.7 80
2021007488 0.000 131.2 78.4 368.1 365.5 80
2021007488 0.000 156.2 201.7 351.1 369.4 80
2021007488 0.000 170.3 106.4 310.3 353.3 80
2021007488 0.000 153.4 21.0 355.4 360.9 80
2021007488 0.000 357.6 18.1 500.9 361.1 80
2021007488 0.000 68.8 68.1 447.4 321.4 80
2021007488 0.000 177.0 8.2 417.9 127.1 80
2021007488 0.000 43.6 254.9 289.5 373.6 80
2021007488 0.000 2.3 68.4 366.1 369.3 80
2021007488 0.000 5.1 279.1 130.5 374.3 80
2021007488 0.000 12.0 183.0 185.2 365.8 80
2021007488 0.000 305.3 180.1 482.3 365.0 80
2021007488 0.000 220.0 199.0 278.3 264.7 80
2021007488 0.000 24.3 146.3 338.1 364.6 80
2021007488 0.000 2.5 1.3 412.8 373.0 80
2021007488 0.000 150.8 131.3 355.6 228.6 80
2021007488 0.000 274.3 86.1 490.6 373.1 80
2021007488 0.000 3.0 228.5 496.0 374.4 80
2021007488 0.000 220.7 257.3 474.7 373.5 80
2021007488 0.000 84.5 1.1 496.2 372.9 80
2021007488 0.000 158.6 67.8 495.0 371.2 80
2021007488 0.000 157.9 150.5 463.3 364.9 80
2021007488 0.000 362.6 245.1 494.3 368.9 80
2021007488 0.000 44.4 60.6 117.3 136.8 80
2021007488 0.000 129.9 101.9 365.9 294.0 80
2021007488 0.000 22.3 43.4 477.5 366.6 80
2021007488 0.000 60.2 142.4 409.5 272.0 80
2021007488 0.000 0.4 100.8 499.0 366.5 80
2021007488 0.000 244.0 202.0 298.7 273.9 80
2021007488 0.000 12.6 94.7 489.8 271.8 80
2021007488 0.000 0.8 0.3 499.7 373.9 80
2021007488 0.000 1.3 18.3 498.9 309.8 80
2021007488 0.000 286.3 250.3 340.8 319.0 80
2021007488 0.000 424.2 6.2 498.9 85.7 80
2021007488 0.000 12.6 94.7 489.8 271.8 0
2021007488 0.000 0.8 0.3 499.7 373.9 7
2021007488 0.000 8.1 89.0 229.6 370.1 14
2021007488 0.000 258.6 42.4 428.2 311.1 14
2021007488 0.000 101.1 50.5 245.1 317.1 14
2021007488 0.000 170.3 106.4 310.3 353.3 14
2021007488 0.000 274.3 86.1 490.6 373.1 14
2021007488 0.000 153.4 21.0 355.4 360.9 14
2021007488 0.000 213.1 6.1 497.0 372.7 14
