2021000000340894 0.793 597.6 417.1 639.9 476.7 80
2021000000340894 0.766 622.9 277.7 641.0 330.7 80
2021000000340894 0.764 7.3 53.2 632.9 323.6 80
2021000000340894 0.757 463.9 323.9 544.3 368.9 80
2021000000340894 0.748 466.8 322.7 543.8 368.6 80
2021000000340894 0.747 624.2 281.7 640.9 328.6 80
2021000000340894 0.744 347.5 78.8 426.2 163.2 80
2021000000340894 0.741 0.0 68.9 28.1 166.4 80
2021000000340894 0.740 638.2 152.4 640.0 272.4 80
2021000000340894 0.731 139.4 126.8 158.7 161.8 80
2021000000340894 0.728 330.8 74.5 427.4 162.0 80
2021000000340894 0.720 0.9 136.4 34.8 239.7 80
2021000000340894 0.718 -1.1 118.1 37.6 293.0 80
2021000000340894 0.711 -2.0 117.6 38.4 333.7 80
2021000000340894 0.710 246.9 83.7 262.4 203.5 80
2021000000340894 0.709 248.7 85.5 260.2 125.7 80
2021000000340894 0.686 0.0 5.3 26.2 260.3 80
2021000000340894 0.682 253.6 86.6 262.8 129.2 80
2021000000340894 0.681 329.0 71.3 426.9 160.4 18
2021000000340894 0.677 138.7 126.3 152.4 152.2 80
