2021000000244592 0.790 465.7 327.6 501.9 371.0 80
2021000000244592 0.759 415.5 6.2 464.6 130.7 80
2021000000244592 0.759 193.7 86.8 409.8 302.4 80
2021000000244592 0.755 159.6 120.5 266.2 209.3 80
2021000000244592 0.754 0.8 299.4 48.8 316.8 80
2021000000244592 0.754 220.6 85.0 354.6 269.9 80
2021000000244592 0.753 232.9 66.4 497.2 357.4 80
2021000000244592 0.751 496.7 181.9 500.2 362.3 80
2021000000244592 0.748 206.3 61.0 469.6 323.3 80
2021000000244592 0.740 25.5 171.1 486.1 373.3 80
2021000000244592 0.740 417.1 80.0 459.0 128.9 80
2021000000244592 0.740 143.9 58.1 493.6 379.4 80
2021000000244592 0.739 184.3 144.1 399.5 271.2 80
2021000000244592 0.737 163.9 225.1 208.5 258.7 80
2021000000244592 0.734 156.5 122.5 491.3 366.7 80
2021000000244592 0.734 210.5 114.0 235.4 138.5 80
2021000000244592 0.733 6.3 103.5 472.8 360.9 80
2021000000244592 0.732 498.3 140.1 500.1 237.2 80
2021000000244592 0.731 439.5 64.8 464.2 132.2 80
2021000000244592 0.731 227.6 153.6 334.4 270.4 80
