2021000000178744 0.794 606.4 385.6 639.5 424.3 80
2021000000178744 0.753 339.0 82.9 375.4 97.2 80
2021000000178744 0.749 418.7 123.9 428.7 129.2 80
2021000000178744 0.747 417.3 120.1 428.5 127.0 80
2021000000178744 0.743 438.2 111.9 464.2 137.6 80
2021000000178744 0.739 106.6 143.4 504.0 284.2 80
2021000000178744 0.734 549.4 126.6 561.7 148.8 80
2021000000178744 0.732 381.5 92.3 391.8 111.1 80
2021000000178744 0.729 32.7 109.3 606.9 243.6 80
2021000000178744 0.727 5.3 147.4 37.9 183.9 80
2021000000178744 0.725 365.0 190.3 373.0 199.9 80
2021000000178744 0.722 637.9 156.7 640.3 179.7 80
2021000000178744 0.722 632.0 160.8 640.2 176.5 80
2021000000178744 0.719 461.8 94.3 478.8 137.3 80
2021000000178744 0.719 133.9 150.5 511.4 242.7 80
2021000000178744 0.718 561.4 121.8 574.8 154.1 80
2021000000178744 0.717 581.0 121.7 600.2 156.6 80
2021000000178744 0.716 0.9 150.4 23.2 181.9 80
2021000000178744 0.715 583.3 157.9 639.6 197.1 80
2021000000178744 0.713 304.9 101.4 319.5 114.8 80
2021000000178744 0.794 606.4 385.6 639.5 424.3 80
2021000000178744 0.753 339.0 82.9 375.4 97.2 80
2021000000178744 0.749 418.7 123.9 428.7 129.2 80
2021000000178744 0.747 417.3 120.1 428.5 127.0 80
2021000000178744 0.743 438.2 111.9 464.2 137.6 80
2021000000178744 0.739 106.6 143.4 504.0 284.2 80
2021000000178744 0.734 549.4 126.6 561.7 148.8 80
2021000000178744 0.732 381.5 92.3 391.8 111.1 80
2021000000178744 0.729 32.7 109.3 606.9 243.6 80
2021000000178744 0.727 5.3 147.4 37.9 183.9 80
2021000000178744 0.725 365.0 190.3 373.0 199.9 80
2021000000178744 0.722 637.9 156.7 640.3 179.7 80
2021000000178744 0.722 632.0 160.8 640.2 176.5 80
2021000000178744 0.719 461.8 94.3 478.8 137.3 80
2021000000178744 0.719 133.9 150.5 511.4 242.7 80
2021000000178744 0.718 561.4 121.8 574.8 154.1 80
2021000000178744 0.717 581.0 121.7 600.2 156.6 80
2021000000178744 0.716 0.9 150.4 23.2 181.9 80
2021000000178744 0.715 583.3 157.9 639.6 197.1 80
2021000000178744 0.713 304.9 101.4 319.5 114.8 80
2021000000178744 0.710 587.5 158.0 621.7 174.6 80
2021000000178744 0.709 388.5 102.0 398.4 113.2 80
2021000000178744 0.706 417.8 123.1 428.1 128.5 80
2021000000178744 0.703 16.2 121.9 205.2 176.8 80
2021000000178744 0.701 14.6 151.8 34.0 167.3 80
2021000000178744 0.699 137.9 128.7 417.8 224.5 80
2021000000178744 0.691 565.4 117.2 581.2 152.4 80
2021000000178744 0.691 94.3 134.9 350.1 224.8 80
2021000000178744 0.688 109.4 145.2 358.1 240.0 80
2021000000178744 0.688 103.3 117.8 307.6 206.8 80
2021000000178744 0.686 295.8 103.6 313.0 118.1 80
2021000000178744 0.684 375.9 193.2 384.9 205.6 80
2021000000178744 0.683 363.7 188.3 370.9 195.8 80
2021000000178744 0.683 298.6 103.4 315.3 119.0 80
2021000000178744 0.681 4.8 139.5 98.9 170.0 80
2021000000178744 0.679 100.6 133.4 109.9 151.8 80
2021000000178744 0.678 0.4 151.3 33.0 185.2 80
2021000000178744 0.661 63.2 139.1 92.7 166.8 80
2021000000178744 0.659 297.1 109.8 313.6 121.8 80
2021000000178744 0.646 80.0 148.0 94.8 164.5 80
2021000000178744 0.645 96.2 133.8 108.3 149.3 80
2021000000178744 0.637 589.2 158.4 622.7 171.2 80
2021000000178744 0.634 336.3 174.5 344.8 182.8 80
2021000000178744 0.632 577.9 116.7 599.6 155.1 80
2021000000178744 0.631 -1.4 141.8 108.2 178.6 80
2021000000178744 0.602 126.4 128.1 146.6 146.4 80
2021000000178744 0.598 79.8 152.8 94.3 166.3 80
2021000000178744 0.581 227.8 111.8 251.6 132.5 80
2021000000178744 0.573 548.9 113.9 562.8 146.4 80
2021000000178744 0.563 209.7 223.0 221.1 237.4 18
2021000000178744 0.552 171.2 77.1 232.1 123.1 80
2021000000178744 0.548 171.5 166.3 390.5 291.3 80
2021000000178744 0.534 127.2 118.2 153.2 141.7 80
2021000000178744 0.534 133.5 80.2 168.5 139.4 80
2021000000178744 0.533 175.1 223.3 182.5 232.3 80
2021000000178744 0.512 563.8 114.4 581.7 150.5 80
2021000000178744 0.501 187.5 226.0 196.0 251.7 80
2021000000178744 0.483 62.8 141.9 95.9 167.1 80
2021000000178744 0.464 216.6 213.3 227.3 228.5 80
2021000000178744 0.460 188.0 221.7 197.0 249.5 18
2021000000178744 0.458 237.6 232.9 249.3 245.9 18
2021000000178744 0.438 205.6 230.1 215.5 243.1 80
2021000000178744 0.432 176.2 222.3 183.7 230.8 18
2021000000178744 0.393 0.9 150.1 33.3 184.4 80
2021000000178744 0.380 237.8 230.7 249.2 244.0 80
2021000000178744 0.369 177.6 162.8 388.2 289.4 80
2021000000178744 0.358 188.9 179.0 359.2 268.3 3
2021000000178744 0.354 252.2 230.1 262.0 243.1 80
2021000000178744 0.347 185.7 220.1 194.2 232.3 80
2021000000178744 0.347 297.7 103.9 317.2 118.7 3
2021000000178744 0.346 213.8 232.1 224.3 244.2 80
2021000000178744 0.342 258.9 229.2 268.0 241.4 18
2021000000178744 0.334 297.7 103.9 317.2 118.7 80
2021000000178744 0.328 213.8 232.1 224.3 244.2 18
2021000000178744 0.328 188.9 179.0 359.2 268.3 18
2021000000178744 0.328 185.7 220.1 194.2 232.3 18
2021000000178744 0.326 252.2 230.1 262.0 243.1 18
2021000000178744 0.304 258.9 229.2 268.0 241.4 80
2021000000178744 0.298 237.8 230.7 249.2 244.0 18
2021000000178744 0.298 0.9 150.1 33.3 184.4 3
2021000000178744 0.244 176.2 222.3 183.7 230.8 80
2021000000178744 0.241 205.6 230.1 215.5 243.1 18
2021000000178744 0.232 62.8 141.9 95.9 167.1 3
2021000000178744 0.229 237.6 232.9 249.3 245.9 80
2021000000178744 0.216 188.0 221.7 197.0 249.5 80
2021000000178744 0.216 216.6 213.3 227.3 228.5 18
2021000000178744 0.216 177.6 162.8 388.2 289.4 3
2021000000178744 0.197 127.2 118.2 153.2 141.7 3
2021000000178744 0.193 563.8 114.4 581.7 150.5 18
2021000000178744 0.189 187.5 226.0 196.0 251.7 18
2021000000178744 0.180 171.2 77.1 232.1 123.1 3
2021000000178744 0.177 133.5 80.2 168.5 139.4 3
2021000000178744 0.163 209.7 223.0 221.1 237.4 80
2021000000178744 0.155 175.1 223.3 182.5 232.3 18
2021000000178744 0.150 227.8 111.8 251.6 132.5 3
2021000000178744 0.143 548.9 113.9 562.8 146.4 18
2021000000178744 0.140 126.4 128.1 146.6 146.4 3
2021000000178744 0.127 464.5 167.8 552.9 212.8 80
2021000000178744 0.126 188.9 179.0 359.2 268.3 80
2021000000178744 0.125 417.5 233.4 502.3 276.4 80
2021000000178744 0.794 606.4 385.6 639.5 424.3 80
2021000000178744 0.753 339.0 82.9 375.4 97.2 80
2021000000178744 0.749 418.7 123.9 428.7 129.2 80
2021000000178744 0.747 417.3 120.1 428.5 127.0 80
2021000000178744 0.743 438.2 111.9 464.2 137.6 80
2021000000178744 0.739 106.6 143.4 504.0 284.2 80
2021000000178744 0.734 549.4 126.6 561.7 148.8 80
2021000000178744 0.732 381.5 92.3 391.8 111.1 80
2021000000178744 0.729 32.7 109.3 606.9 243.6 80
2021000000178744 0.727 5.3 147.4 37.9 183.9 80
2021000000178744 0.725 365.0 190.3 373.0 199.9 80
2021000000178744 0.722 637.9 156.7 640.3 179.7 80
2021000000178744 0.722 632.0 160.8 640.2 176.5 80
2021000000178744 0.719 461.8 94.3 478.8 137.3 80
2021000000178744 0.719 133.9 150.5 511.4 242.7 80
2021000000178744 0.718 561.4 121.8 574.8 154.1 80
2021000000178744 0.717 581.0 121.7 600.2 156.6 80
2021000000178744 0.716 0.9 150.4 23.2 181.9 80
2021000000178744 0.715 583.3 157.9 639.6 197.1 80
2021000000178744 0.713 304.9 101.4 319.5 114.8 80
2021000000178744 0.710 587.5 158.0 621.7 174.6 80
2021000000178744 0.709 388.5 102.0 398.4 113.2 80
2021000000178744 0.706 417.8 123.1 428.1 128.5 80
2021000000178744 0.703 16.2 121.9 205.2 176.8 80
2021000000178744 0.701 14.6 151.8 34.0 167.3 80
2021000000178744 0.699 137.9 128.7 417.8 224.5 80
2021000000178744 0.691 565.4 117.2 581.2 152.4 80
2021000000178744 0.691 94.3 134.9 350.1 224.8 80
2021000000178744 0.688 109.4 145.2 358.1 240.0 80
2021000000178744 0.688 103.3 117.8 307.6 206.8 80
2021000000178744 0.686 295.8 103.6 313.0 118.1 80
2021000000178744 0.684 375.9 193.2 384.9 205.6 80
2021000000178744 0.683 363.7 188.3 370.9 195.8 80
2021000000178744 0.683 298.6 103.4 315.3 119.0 80
2021000000178744 0.681 4.8 139.5 98.9 170.0 80
2021000000178744 0.679 100.6 133.4 109.9 151.8 80
2021000000178744 0.678 0.4 151.3 33.0 185.2 80
2021000000178744 0.661 63.2 139.1 92.7 166.8 80
2021000000178744 0.659 297.1 109.8 313.6 121.8 80
2021000000178744 0.646 80.0 148.0 94.8 164.5 80
2021000000178744 0.645 96.2 133.8 108.3 149.3 80
2021000000178744 0.637 589.2 158.4 622.7 171.2 80
2021000000178744 0.634 336.3 174.5 344.8 182.8 80
2021000000178744 0.632 577.9 116.7 599.6 155.1 80
2021000000178744 0.631 -1.4 141.8 108.2 178.6 80
2021000000178744 0.602 126.4 128.1 146.6 146.4 80
2021000000178744 0.598 79.8 152.8 94.3 166.3 80
2021000000178744 0.581 227.8 111.8 251.6 132.5 80
2021000000178744 0.573 548.9 113.9 562.8 146.4 80
2021000000178744 0.563 209.7 223.0 221.1 237.4 18
2021000000178744 0.552 171.2 77.1 232.1 123.1 80
2021000000178744 0.548 171.5 166.3 390.5 291.3 80
2021000000178744 0.534 127.2 118.2 153.2 141.7 80
2021000000178744 0.534 133.5 80.2 168.5 139.4 80
2021000000178744 0.533 175.1 223.3 182.5 232.3 80
2021000000178744 0.512 563.8 114.4 581.7 150.5 80
2021000000178744 0.501 187.5 226.0 196.0 251.7 80
2021000000178744 0.483 62.8 141.9 95.9 167.1 80
2021000000178744 0.464 216.6 213.3 227.3 228.5 80
2021000000178744 0.460 188.0 221.7 197.0 249.5 18
2021000000178744 0.458 237.6 232.9 249.3 245.9 18
2021000000178744 0.438 205.6 230.1 215.5 243.1 80
2021000000178744 0.432 176.2 222.3 183.7 230.8 18
2021000000178744 0.393 0.9 150.1 33.3 184.4 80
2021000000178744 0.380 237.8 230.7 249.2 244.0 80
2021000000178744 0.369 177.6 162.8 388.2 289.4 80
2021000000178744 0.358 188.9 179.0 359.2 268.3 3
2021000000178744 0.354 252.2 230.1 262.0 243.1 80
2021000000178744 0.347 185.7 220.1 194.2 232.3 80
2021000000178744 0.347 297.7 103.9 317.2 118.7 3
2021000000178744 0.346 213.8 232.1 224.3 244.2 80
2021000000178744 0.342 258.9 229.2 268.0 241.4 18
2021000000178744 0.334 297.7 103.9 317.2 118.7 80
2021000000178744 0.328 213.8 232.1 224.3 244.2 18
2021000000178744 0.328 188.9 179.0 359.2 268.3 18
2021000000178744 0.328 185.7 220.1 194.2 232.3 18
2021000000178744 0.326 252.2 230.1 262.0 243.1 18
2021000000178744 0.304 258.9 229.2 268.0 241.4 80
2021000000178744 0.298 237.8 230.7 249.2 244.0 18
2021000000178744 0.298 0.9 150.1 33.3 184.4 3
2021000000178744 0.244 176.2 222.3 183.7 230.8 80
2021000000178744 0.241 205.6 230.1 215.5 243.1 18
2021000000178744 0.232 62.8 141.9 95.9 167.1 3
2021000000178744 0.229 237.6 232.9 249.3 245.9 80
2021000000178744 0.216 188.0 221.7 197.0 249.5 80
2021000000178744 0.216 216.6 213.3 227.3 228.5 18
2021000000178744 0.216 177.6 162.8 388.2 289.4 3
2021000000178744 0.197 127.2 118.2 153.2 141.7 3
2021000000178744 0.193 563.8 114.4 581.7 150.5 18
2021000000178744 0.189 187.5 226.0 196.0 251.7 18
2021000000178744 0.180 171.2 77.1 232.1 123.1 3
2021000000178744 0.177 133.5 80.2 168.5 139.4 3
2021000000178744 0.163 209.7 223.0 221.1 237.4 80
2021000000178744 0.155 175.1 223.3 182.5 232.3 18
2021000000178744 0.150 227.8 111.8 251.6 132.5 3
2021000000178744 0.143 548.9 113.9 562.8 146.4 18
2021000000178744 0.140 126.4 128.1 146.6 146.4 3
2021000000178744 0.127 464.5 167.8 552.9 212.8 80
2021000000178744 0.126 188.9 179.0 359.2 268.3 80
2021000000178744 0.125 417.5 233.4 502.3 276.4 80
2021000000178744 0.794 606.4 385.6 639.5 424.3 80
2021000000178744 0.753 339.0 82.9 375.4 97.2 80
2021000000178744 0.749 418.7 123.9 428.7 129.2 80
2021000000178744 0.747 417.3 120.1 428.5 127.0 80
2021000000178744 0.743 438.2 111.9 464.2 137.6 80
2021000000178744 0.739 106.6 143.4 504.0 284.2 80
2021000000178744 0.734 549.4 126.6 561.7 148.8 80
2021000000178744 0.732 381.5 92.3 391.8 111.1 80
2021000000178744 0.729 32.7 109.3 606.9 243.6 80
2021000000178744 0.727 5.3 147.4 37.9 183.9 80
2021000000178744 0.725 365.0 190.3 373.0 199.9 80
2021000000178744 0.722 637.9 156.7 640.3 179.7 80
2021000000178744 0.722 632.0 160.8 640.2 176.5 80
2021000000178744 0.719 461.8 94.3 478.8 137.3 80
2021000000178744 0.719 133.9 150.5 511.4 242.7 80
2021000000178744 0.718 561.4 121.8 574.8 154.1 80
2021000000178744 0.717 581.0 121.7 600.2 156.6 80
2021000000178744 0.716 0.9 150.4 23.2 181.9 80
2021000000178744 0.715 583.3 157.9 639.6 197.1 80
2021000000178744 0.713 304.9 101.4 319.5 114.8 80
2021000000178744 0.710 587.5 158.0 621.7 174.6 80
2021000000178744 0.709 388.5 102.0 398.4 113.2 80
2021000000178744 0.706 417.8 123.1 428.1 128.5 80
2021000000178744 0.703 16.2 121.9 205.2 176.8 80
2021000000178744 0.701 14.6 151.8 34.0 167.3 80
2021000000178744 0.699 137.9 128.7 417.8 224.5 80
2021000000178744 0.691 565.4 117.2 581.2 152.4 80
2021000000178744 0.691 94.3 134.9 350.1 224.8 80
2021000000178744 0.688 109.4 145.2 358.1 240.0 80
2021000000178744 0.688 103.3 117.8 307.6 206.8 80
2021000000178744 0.686 295.8 103.6 313.0 118.1 80
2021000000178744 0.684 375.9 193.2 384.9 205.6 80
2021000000178744 0.683 363.7 188.3 370.9 195.8 80
2021000000178744 0.683 298.6 103.4 315.3 119.0 80
2021000000178744 0.681 4.8 139.5 98.9 170.0 80
2021000000178744 0.679 100.6 133.4 109.9 151.8 80
2021000000178744 0.678 0.4 151.3 33.0 185.2 80
2021000000178744 0.661 63.2 139.1 92.7 166.8 80
2021000000178744 0.659 297.1 109.8 313.6 121.8 80
2021000000178744 0.646 80.0 148.0 94.8 164.5 80
2021000000178744 0.645 96.2 133.8 108.3 149.3 80
2021000000178744 0.637 589.2 158.4 622.7 171.2 80
2021000000178744 0.634 336.3 174.5 344.8 182.8 80
2021000000178744 0.632 577.9 116.7 599.6 155.1 80
2021000000178744 0.631 -1.4 141.8 108.2 178.6 80
2021000000178744 0.602 126.4 128.1 146.6 146.4 80
2021000000178744 0.598 79.8 152.8 94.3 166.3 80
2021000000178744 0.581 227.8 111.8 251.6 132.5 80
2021000000178744 0.573 548.9 113.9 562.8 146.4 80
2021000000178744 0.563 209.7 223.0 221.1 237.4 18
2021000000178744 0.552 171.2 77.1 232.1 123.1 80
2021000000178744 0.548 171.5 166.3 390.5 291.3 80
2021000000178744 0.534 127.2 118.2 153.2 141.7 80
2021000000178744 0.534 133.5 80.2 168.5 139.4 80
2021000000178744 0.533 175.1 223.3 182.5 232.3 80
2021000000178744 0.512 563.8 114.4 581.7 150.5 80
2021000000178744 0.501 187.5 226.0 196.0 251.7 80
2021000000178744 0.483 62.8 141.9 95.9 167.1 80
2021000000178744 0.464 216.6 213.3 227.3 228.5 80
2021000000178744 0.460 188.0 221.7 197.0 249.5 18
2021000000178744 0.458 237.6 232.9 249.3 245.9 18
2021000000178744 0.438 205.6 230.1 215.5 243.1 80
2021000000178744 0.432 176.2 222.3 183.7 230.8 18
2021000000178744 0.393 0.9 150.1 33.3 184.4 80
2021000000178744 0.380 237.8 230.7 249.2 244.0 80
2021000000178744 0.369 177.6 162.8 388.2 289.4 80
2021000000178744 0.358 188.9 179.0 359.2 268.3 3
2021000000178744 0.354 252.2 230.1 262.0 243.1 80
2021000000178744 0.347 185.7 220.1 194.2 232.3 80
2021000000178744 0.347 297.7 103.9 317.2 118.7 3
2021000000178744 0.346 213.8 232.1 224.3 244.2 80
2021000000178744 0.342 258.9 229.2 268.0 241.4 18
2021000000178744 0.334 297.7 103.9 317.2 118.7 80
2021000000178744 0.328 213.8 232.1 224.3 244.2 18
2021000000178744 0.328 188.9 179.0 359.2 268.3 18
2021000000178744 0.328 185.7 220.1 194.2 232.3 18
2021000000178744 0.326 252.2 230.1 262.0 243.1 18
2021000000178744 0.304 258.9 229.2 268.0 241.4 80
2021000000178744 0.298 237.8 230.7 249.2 244.0 18
2021000000178744 0.298 0.9 150.1 33.3 184.4 3
2021000000178744 0.244 176.2 222.3 183.7 230.8 80
2021000000178744 0.241 205.6 230.1 215.5 243.1 18
2021000000178744 0.232 62.8 141.9 95.9 167.1 3
2021000000178744 0.229 237.6 232.9 249.3 245.9 80
2021000000178744 0.216 188.0 221.7 197.0 249.5 80
2021000000178744 0.216 216.6 213.3 227.3 228.5 18
2021000000178744 0.216 177.6 162.8 388.2 289.4 3
2021000000178744 0.197 127.2 118.2 153.2 141.7 3
2021000000178744 0.193 563.8 114.4 581.7 150.5 18
2021000000178744 0.189 187.5 226.0 196.0 251.7 18
2021000000178744 0.180 171.2 77.1 232.1 123.1 3
2021000000178744 0.177 133.5 80.2 168.5 139.4 3
2021000000178744 0.163 209.7 223.0 221.1 237.4 80
2021000000178744 0.155 175.1 223.3 182.5 232.3 18
2021000000178744 0.150 227.8 111.8 251.6 132.5 3
2021000000178744 0.143 548.9 113.9 562.8 146.4 18
2021000000178744 0.140 126.4 128.1 146.6 146.4 3
2021000000178744 0.127 464.5 167.8 552.9 212.8 80
2021000000178744 0.126 188.9 179.0 359.2 268.3 80
2021000000178744 0.125 417.5 233.4 502.3 276.4 80
2021000000178744 0.794 606.4 385.6 639.5 424.3 80
2021000000178744 0.753 339.0 82.9 375.4 97.2 80
2021000000178744 0.749 418.7 123.9 428.7 129.2 80
2021000000178744 0.747 417.3 120.1 428.5 127.0 80
2021000000178744 0.743 438.2 111.9 464.2 137.6 80
2021000000178744 0.739 106.6 143.4 504.0 284.2 80
2021000000178744 0.734 549.4 126.6 561.7 148.8 80
2021000000178744 0.732 381.5 92.3 391.8 111.1 80
2021000000178744 0.729 32.7 109.3 606.9 243.6 80
2021000000178744 0.727 5.3 147.4 37.9 183.9 80
2021000000178744 0.725 365.0 190.3 373.0 199.9 80
2021000000178744 0.722 637.9 156.7 640.3 179.7 80
2021000000178744 0.722 632.0 160.8 640.2 176.5 80
2021000000178744 0.719 461.8 94.3 478.8 137.3 80
2021000000178744 0.719 133.9 150.5 511.4 242.7 80
2021000000178744 0.718 561.4 121.8 574.8 154.1 80
2021000000178744 0.717 581.0 121.7 600.2 156.6 80
2021000000178744 0.716 0.9 150.4 23.2 181.9 80
2021000000178744 0.715 583.3 157.9 639.6 197.1 80
2021000000178744 0.713 304.9 101.4 319.5 114.8 80
2021000000178744 0.710 587.5 158.0 621.7 174.6 80
2021000000178744 0.709 388.5 102.0 398.4 113.2 80
2021000000178744 0.706 417.8 123.1 428.1 128.5 80
2021000000178744 0.703 16.2 121.9 205.2 176.8 80
2021000000178744 0.701 14.6 151.8 34.0 167.3 80
2021000000178744 0.699 137.9 128.7 417.8 224.5 80
2021000000178744 0.691 565.4 117.2 581.2 152.4 80
2021000000178744 0.691 94.3 134.9 350.1 224.8 80
2021000000178744 0.688 109.4 145.2 358.1 240.0 80
2021000000178744 0.688 103.3 117.8 307.6 206.8 80
2021000000178744 0.686 295.8 103.6 313.0 118.1 80
2021000000178744 0.684 375.9 193.2 384.9 205.6 80
2021000000178744 0.683 363.7 188.3 370.9 195.8 80
2021000000178744 0.683 298.6 103.4 315.3 119.0 80
2021000000178744 0.681 4.8 139.5 98.9 170.0 80
2021000000178744 0.679 100.6 133.4 109.9 151.8 80
2021000000178744 0.678 0.4 151.3 33.0 185.2 80
2021000000178744 0.661 63.2 139.1 92.7 166.8 80
2021000000178744 0.659 297.1 109.8 313.6 121.8 80
2021000000178744 0.646 80.0 148.0 94.8 164.5 80
2021000000178744 0.645 96.2 133.8 108.3 149.3 80
2021000000178744 0.637 589.2 158.4 622.7 171.2 80
2021000000178744 0.634 336.3 174.5 344.8 182.8 80
2021000000178744 0.632 577.9 116.7 599.6 155.1 80
2021000000178744 0.631 -1.4 141.8 108.2 178.6 80
2021000000178744 0.602 126.4 128.1 146.6 146.4 80
2021000000178744 0.598 79.8 152.8 94.3 166.3 80
2021000000178744 0.581 227.8 111.8 251.6 132.5 80
2021000000178744 0.573 548.9 113.9 562.8 146.4 80
2021000000178744 0.563 209.7 223.0 221.1 237.4 18
2021000000178744 0.552 171.2 77.1 232.1 123.1 80
2021000000178744 0.548 171.5 166.3 390.5 291.3 80
2021000000178744 0.534 127.2 118.2 153.2 141.7 80
2021000000178744 0.534 133.5 80.2 168.5 139.4 80
2021000000178744 0.533 175.1 223.3 182.5 232.3 80
2021000000178744 0.512 563.8 114.4 581.7 150.5 80
2021000000178744 0.501 187.5 226.0 196.0 251.7 80
2021000000178744 0.483 62.8 141.9 95.9 167.1 80
2021000000178744 0.464 216.6 213.3 227.3 228.5 80
2021000000178744 0.460 188.0 221.7 197.0 249.5 18
2021000000178744 0.458 237.6 232.9 249.3 245.9 18
2021000000178744 0.438 205.6 230.1 215.5 243.1 80
2021000000178744 0.432 176.2 222.3 183.7 230.8 18
2021000000178744 0.393 0.9 150.1 33.3 184.4 80
2021000000178744 0.380 237.8 230.7 249.2 244.0 80
2021000000178744 0.369 177.6 162.8 388.2 289.4 80
2021000000178744 0.358 188.9 179.0 359.2 268.3 3
2021000000178744 0.354 252.2 230.1 262.0 243.1 80
2021000000178744 0.347 185.7 220.1 194.2 232.3 80
2021000000178744 0.347 297.7 103.9 317.2 118.7 3
2021000000178744 0.346 213.8 232.1 224.3 244.2 80
2021000000178744 0.342 258.9 229.2 268.0 241.4 18
2021000000178744 0.334 297.7 103.9 317.2 118.7 80
2021000000178744 0.328 213.8 232.1 224.3 244.2 18
2021000000178744 0.328 188.9 179.0 359.2 268.3 18
2021000000178744 0.328 185.7 220.1 194.2 232.3 18
2021000000178744 0.326 252.2 230.1 262.0 243.1 18
2021000000178744 0.304 258.9 229.2 268.0 241.4 80
2021000000178744 0.298 237.8 230.7 249.2 244.0 18
2021000000178744 0.298 0.9 150.1 33.3 184.4 3
2021000000178744 0.244 176.2 222.3 183.7 230.8 80
2021000000178744 0.241 205.6 230.1 215.5 243.1 18
2021000000178744 0.232 62.8 141.9 95.9 167.1 3
2021000000178744 0.229 237.6 232.9 249.3 245.9 80
2021000000178744 0.216 188.0 221.7 197.0 249.5 80
2021000000178744 0.216 216.6 213.3 227.3 228.5 18
2021000000178744 0.216 177.6 162.8 388.2 289.4 3
2021000000178744 0.197 127.2 118.2 153.2 141.7 3
2021000000178744 0.193 563.8 114.4 581.7 150.5 18
2021000000178744 0.189 187.5 226.0 196.0 251.7 18
2021000000178744 0.180 171.2 77.1 232.1 123.1 3
2021000000178744 0.177 133.5 80.2 168.5 139.4 3
2021000000178744 0.163 209.7 223.0 221.1 237.4 80
2021000000178744 0.155 175.1 223.3 182.5 232.3 18
2021000000178744 0.150 227.8 111.8 251.6 132.5 3
2021000000178744 0.143 548.9 113.9 562.8 146.4 18
2021000000178744 0.140 126.4 128.1 146.6 146.4 3
2021000000178744 0.127 464.5 167.8 552.9 212.8 80
2021000000178744 0.126 188.9 179.0 359.2 268.3 80
2021000000178744 0.125 417.5 233.4 502.3 276.4 80
2021000000178744 0.794 606.4 385.6 639.5 424.3 80
2021000000178744 0.753 339.0 82.9 375.4 97.2 80
2021000000178744 0.749 418.7 123.9 428.7 129.2 80
2021000000178744 0.747 417.3 120.1 428.5 127.0 80
2021000000178744 0.743 438.2 111.9 464.2 137.6 80
2021000000178744 0.739 106.6 143.4 504.0 284.2 80
2021000000178744 0.734 549.4 126.6 561.7 148.8 80
2021000000178744 0.732 381.5 92.3 391.8 111.1 80
2021000000178744 0.729 32.7 109.3 606.9 243.6 80
2021000000178744 0.727 5.3 147.4 37.9 183.9 80
2021000000178744 0.725 365.0 190.3 373.0 199.9 80
2021000000178744 0.722 637.9 156.7 640.3 179.7 80
2021000000178744 0.722 632.0 160.8 640.2 176.5 80
2021000000178744 0.719 461.8 94.3 478.8 137.3 80
2021000000178744 0.719 133.9 150.5 511.4 242.7 80
2021000000178744 0.718 561.4 121.8 574.8 154.1 80
2021000000178744 0.717 581.0 121.7 600.2 156.6 80
2021000000178744 0.716 0.9 150.4 23.2 181.9 80
2021000000178744 0.715 583.3 157.9 639.6 197.1 80
2021000000178744 0.713 304.9 101.4 319.5 114.8 80
2021000000178744 0.710 587.5 158.0 621.7 174.6 80
2021000000178744 0.709 388.5 102.0 398.4 113.2 80
2021000000178744 0.706 417.8 123.1 428.1 128.5 80
2021000000178744 0.703 16.2 121.9 205.2 176.8 80
2021000000178744 0.701 14.6 151.8 34.0 167.3 80
2021000000178744 0.699 137.9 128.7 417.8 224.5 80
2021000000178744 0.691 565.4 117.2 581.2 152.4 80
2021000000178744 0.691 94.3 134.9 350.1 224.8 80
2021000000178744 0.688 109.4 145.2 358.1 240.0 80
2021000000178744 0.688 103.3 117.8 307.6 206.8 80
2021000000178744 0.686 295.8 103.6 313.0 118.1 80
2021000000178744 0.684 375.9 193.2 384.9 205.6 80
2021000000178744 0.683 363.7 188.3 370.9 195.8 80
2021000000178744 0.683 298.6 103.4 315.3 119.0 80
2021000000178744 0.681 4.8 139.5 98.9 170.0 80
2021000000178744 0.679 100.6 133.4 109.9 151.8 80
2021000000178744 0.678 0.4 151.3 33.0 185.2 80
2021000000178744 0.661 63.2 139.1 92.7 166.8 80
2021000000178744 0.659 297.1 109.8 313.6 121.8 80
2021000000178744 0.646 80.0 148.0 94.8 164.5 80
2021000000178744 0.645 96.2 133.8 108.3 149.3 80
2021000000178744 0.637 589.2 158.4 622.7 171.2 80
2021000000178744 0.634 336.3 174.5 344.8 182.8 80
2021000000178744 0.632 577.9 116.7 599.6 155.1 80
2021000000178744 0.631 -1.4 141.8 108.2 178.6 80
2021000000178744 0.602 126.4 128.1 146.6 146.4 80
2021000000178744 0.598 79.8 152.8 94.3 166.3 80
2021000000178744 0.581 227.8 111.8 251.6 132.5 80
2021000000178744 0.573 548.9 113.9 562.8 146.4 80
2021000000178744 0.563 209.7 223.0 221.1 237.4 18
2021000000178744 0.552 171.2 77.1 232.1 123.1 80
2021000000178744 0.548 171.5 166.3 390.5 291.3 80
2021000000178744 0.534 127.2 118.2 153.2 141.7 80
2021000000178744 0.534 133.5 80.2 168.5 139.4 80
2021000000178744 0.533 175.1 223.3 182.5 232.3 80
2021000000178744 0.512 563.8 114.4 581.7 150.5 80
2021000000178744 0.501 187.5 226.0 196.0 251.7 80
2021000000178744 0.483 62.8 141.9 95.9 167.1 80
2021000000178744 0.464 216.6 213.3 227.3 228.5 80
2021000000178744 0.460 188.0 221.7 197.0 249.5 18
2021000000178744 0.458 237.6 232.9 249.3 245.9 18
2021000000178744 0.438 205.6 230.1 215.5 243.1 80
2021000000178744 0.432 176.2 222.3 183.7 230.8 18
2021000000178744 0.393 0.9 150.1 33.3 184.4 80
2021000000178744 0.380 237.8 230.7 249.2 244.0 80
2021000000178744 0.369 177.6 162.8 388.2 289.4 80
2021000000178744 0.358 188.9 179.0 359.2 268.3 3
2021000000178744 0.354 252.2 230.1 262.0 243.1 80
2021000000178744 0.347 185.7 220.1 194.2 232.3 80
2021000000178744 0.347 297.7 103.9 317.2 118.7 3
2021000000178744 0.346 213.8 232.1 224.3 244.2 80
2021000000178744 0.342 258.9 229.2 268.0 241.4 18
2021000000178744 0.334 297.7 103.9 317.2 118.7 80
2021000000178744 0.328 213.8 232.1 224.3 244.2 18
2021000000178744 0.328 188.9 179.0 359.2 268.3 18
2021000000178744 0.328 185.7 220.1 194.2 232.3 18
2021000000178744 0.326 252.2 230.1 262.0 243.1 18
2021000000178744 0.304 258.9 229.2 268.0 241.4 80
2021000000178744 0.298 237.8 230.7 249.2 244.0 18
2021000000178744 0.298 0.9 150.1 33.3 184.4 3
2021000000178744 0.244 176.2 222.3 183.7 230.8 80
2021000000178744 0.241 205.6 230.1 215.5 243.1 18
2021000000178744 0.232 62.8 141.9 95.9 167.1 3
2021000000178744 0.229 237.6 232.9 249.3 245.9 80
2021000000178744 0.216 188.0 221.7 197.0 249.5 80
2021000000178744 0.216 216.6 213.3 227.3 228.5 18
2021000000178744 0.216 177.6 162.8 388.2 289.4 3
2021000000178744 0.197 127.2 118.2 153.2 141.7 3
2021000000178744 0.193 563.8 114.4 581.7 150.5 18
2021000000178744 0.189 187.5 226.0 196.0 251.7 18
2021000000178744 0.180 171.2 77.1 232.1 123.1 3
2021000000178744 0.177 133.5 80.2 168.5 139.4 3
2021000000178744 0.163 209.7 223.0 221.1 237.4 80
2021000000178744 0.155 175.1 223.3 182.5 232.3 18
2021000000178744 0.150 227.8 111.8 251.6 132.5 3
2021000000178744 0.143 548.9 113.9 562.8 146.4 18
2021000000178744 0.140 126.4 128.1 146.6 146.4 3
2021000000178744 0.127 464.5 167.8 552.9 212.8 80
2021000000178744 0.126 188.9 179.0 359.2 268.3 80
2021000000178744 0.125 417.5 233.4 502.3 276.4 80
2021000000178744 0.794 606.4 385.6 639.5 424.3 80
2021000000178744 0.753 339.0 82.9 375.4 97.2 80
2021000000178744 0.749 418.7 123.9 428.7 129.2 80
2021000000178744 0.747 417.3 120.1 428.5 127.0 80
2021000000178744 0.743 438.2 111.9 464.2 137.6 80
2021000000178744 0.739 106.6 143.4 504.0 284.2 80
2021000000178744 0.734 549.4 126.6 561.7 148.8 80
2021000000178744 0.732 381.5 92.3 391.8 111.1 80
2021000000178744 0.729 32.7 109.3 606.9 243.6 80
2021000000178744 0.727 5.3 147.4 37.9 183.9 80
2021000000178744 0.725 365.0 190.3 373.0 199.9 80
2021000000178744 0.722 637.9 156.7 640.3 179.7 80
2021000000178744 0.722 632.0 160.8 640.2 176.5 80
2021000000178744 0.719 461.8 94.3 478.8 137.3 80
2021000000178744 0.719 133.9 150.5 511.4 242.7 80
2021000000178744 0.718 561.4 121.8 574.8 154.1 80
2021000000178744 0.717 581.0 121.7 600.2 156.6 80
2021000000178744 0.716 0.9 150.4 23.2 181.9 80
2021000000178744 0.715 583.3 157.9 639.6 197.1 80
2021000000178744 0.713 304.9 101.4 319.5 114.8 80
2021000000178744 0.710 587.5 158.0 621.7 174.6 80
2021000000178744 0.709 388.5 102.0 398.4 113.2 80
2021000000178744 0.706 417.8 123.1 428.1 128.5 80
2021000000178744 0.703 16.2 121.9 205.2 176.8 80
2021000000178744 0.701 14.6 151.8 34.0 167.3 80
2021000000178744 0.699 137.9 128.7 417.8 224.5 80
2021000000178744 0.691 565.4 117.2 581.2 152.4 80
2021000000178744 0.691 94.3 134.9 350.1 224.8 80
2021000000178744 0.688 109.4 145.2 358.1 240.0 80
2021000000178744 0.688 103.3 117.8 307.6 206.8 80
2021000000178744 0.686 295.8 103.6 313.0 118.1 80
2021000000178744 0.684 375.9 193.2 384.9 205.6 80
2021000000178744 0.683 363.7 188.3 370.9 195.8 80
2021000000178744 0.683 298.6 103.4 315.3 119.0 80
2021000000178744 0.681 4.8 139.5 98.9 170.0 80
2021000000178744 0.679 100.6 133.4 109.9 151.8 80
2021000000178744 0.678 0.4 151.3 33.0 185.2 80
2021000000178744 0.661 63.2 139.1 92.7 166.8 80
2021000000178744 0.659 297.1 109.8 313.6 121.8 80
2021000000178744 0.646 80.0 148.0 94.8 164.5 80
2021000000178744 0.645 96.2 133.8 108.3 149.3 80
2021000000178744 0.637 589.2 158.4 622.7 171.2 80
2021000000178744 0.634 336.3 174.5 344.8 182.8 80
2021000000178744 0.632 577.9 116.7 599.6 155.1 80
2021000000178744 0.631 -1.4 141.8 108.2 178.6 80
2021000000178744 0.602 126.4 128.1 146.6 146.4 80
2021000000178744 0.598 79.8 152.8 94.3 166.3 80
2021000000178744 0.581 227.8 111.8 251.6 132.5 80
2021000000178744 0.573 548.9 113.9 562.8 146.4 80
2021000000178744 0.563 209.7 223.0 221.1 237.4 18
2021000000178744 0.552 171.2 77.1 232.1 123.1 80
2021000000178744 0.548 171.5 166.3 390.5 291.3 80
2021000000178744 0.534 127.2 118.2 153.2 141.7 80
2021000000178744 0.534 133.5 80.2 168.5 139.4 80
2021000000178744 0.533 175.1 223.3 182.5 232.3 80
2021000000178744 0.512 563.8 114.4 581.7 150.5 80
2021000000178744 0.501 187.5 226.0 196.0 251.7 80
2021000000178744 0.483 62.8 141.9 95.9 167.1 80
2021000000178744 0.464 216.6 213.3 227.3 228.5 80
2021000000178744 0.460 188.0 221.7 197.0 249.5 18
2021000000178744 0.458 237.6 232.9 249.3 245.9 18
2021000000178744 0.438 205.6 230.1 215.5 243.1 80
2021000000178744 0.432 176.2 222.3 183.7 230.8 18
2021000000178744 0.393 0.9 150.1 33.3 184.4 80
2021000000178744 0.380 237.8 230.7 249.2 244.0 80
2021000000178744 0.369 177.6 162.8 388.2 289.4 80
2021000000178744 0.358 188.9 179.0 359.2 268.3 3
2021000000178744 0.354 252.2 230.1 262.0 243.1 80
2021000000178744 0.347 185.7 220.1 194.2 232.3 80
2021000000178744 0.347 297.7 103.9 317.2 118.7 3
2021000000178744 0.346 213.8 232.1 224.3 244.2 80
2021000000178744 0.342 258.9 229.2 268.0 241.4 18
2021000000178744 0.334 297.7 103.9 317.2 118.7 80
2021000000178744 0.328 213.8 232.1 224.3 244.2 18
2021000000178744 0.328 188.9 179.0 359.2 268.3 18
2021000000178744 0.328 185.7 220.1 194.2 232.3 18
2021000000178744 0.326 252.2 230.1 262.0 243.1 18
2021000000178744 0.304 258.9 229.2 268.0 241.4 80
2021000000178744 0.298 237.8 230.7 249.2 244.0 18
2021000000178744 0.298 0.9 150.1 33.3 184.4 3
2021000000178744 0.244 176.2 222.3 183.7 230.8 80
2021000000178744 0.241 205.6 230.1 215.5 243.1 18
2021000000178744 0.232 62.8 141.9 95.9 167.1 3
2021000000178744 0.229 237.6 232.9 249.3 245.9 80
2021000000178744 0.216 188.0 221.7 197.0 249.5 80
2021000000178744 0.216 216.6 213.3 227.3 228.5 18
2021000000178744 0.216 177.6 162.8 388.2 289.4 3
2021000000178744 0.197 127.2 118.2 153.2 141.7 3
2021000000178744 0.193 563.8 114.4 581.7 150.5 18
2021000000178744 0.189 187.5 226.0 196.0 251.7 18
2021000000178744 0.180 171.2 77.1 232.1 123.1 3
2021000000178744 0.177 133.5 80.2 168.5 139.4 3
2021000000178744 0.163 209.7 223.0 221.1 237.4 80
2021000000178744 0.155 175.1 223.3 182.5 232.3 18
2021000000178744 0.150 227.8 111.8 251.6 132.5 3
2021000000178744 0.143 548.9 113.9 562.8 146.4 18
2021000000178744 0.140 126.4 128.1 146.6 146.4 3
2021000000178744 0.127 464.5 167.8 552.9 212.8 80
2021000000178744 0.126 188.9 179.0 359.2 268.3 80
2021000000178744 0.125 417.5 233.4 502.3 276.4 80
2021000000178744 0.794 606.4 385.6 639.5 424.3 80
2021000000178744 0.753 339.0 82.9 375.4 97.2 80
2021000000178744 0.749 418.7 123.9 428.7 129.2 80
2021000000178744 0.747 417.3 120.1 428.5 127.0 80
2021000000178744 0.743 438.2 111.9 464.2 137.6 80
2021000000178744 0.739 106.6 143.4 504.0 284.2 80
2021000000178744 0.734 549.4 126.6 561.7 148.8 80
2021000000178744 0.732 381.5 92.3 391.8 111.1 80
2021000000178744 0.729 32.7 109.3 606.9 243.6 80
2021000000178744 0.727 5.3 147.4 37.9 183.9 80
2021000000178744 0.725 365.0 190.3 373.0 199.9 80
2021000000178744 0.722 637.9 156.7 640.3 179.7 80
2021000000178744 0.722 632.0 160.8 640.2 176.5 80
2021000000178744 0.719 461.8 94.3 478.8 137.3 80
2021000000178744 0.719 133.9 150.5 511.4 242.7 80
2021000000178744 0.718 561.4 121.8 574.8 154.1 80
2021000000178744 0.717 581.0 121.7 600.2 156.6 80
2021000000178744 0.716 0.9 150.4 23.2 181.9 80
2021000000178744 0.715 583.3 157.9 639.6 197.1 80
2021000000178744 0.713 304.9 101.4 319.5 114.8 80
2021000000178744 0.710 587.5 158.0 621.7 174.6 80
2021000000178744 0.709 388.5 102.0 398.4 113.2 80
2021000000178744 0.706 417.8 123.1 428.1 128.5 80
2021000000178744 0.703 16.2 121.9 205.2 176.8 80
2021000000178744 0.701 14.6 151.8 34.0 167.3 80
2021000000178744 0.699 137.9 128.7 417.8 224.5 80
2021000000178744 0.691 565.4 117.2 581.2 152.4 80
2021000000178744 0.691 94.3 134.9 350.1 224.8 80
2021000000178744 0.688 109.4 145.2 358.1 240.0 80
2021000000178744 0.688 103.3 117.8 307.6 206.8 80
2021000000178744 0.686 295.8 103.6 313.0 118.1 80
2021000000178744 0.684 375.9 193.2 384.9 205.6 80
2021000000178744 0.683 363.7 188.3 370.9 195.8 80
2021000000178744 0.683 298.6 103.4 315.3 119.0 80
2021000000178744 0.681 4.8 139.5 98.9 170.0 80
2021000000178744 0.679 100.6 133.4 109.9 151.8 80
2021000000178744 0.678 0.4 151.3 33.0 185.2 80
2021000000178744 0.661 63.2 139.1 92.7 166.8 80
2021000000178744 0.659 297.1 109.8 313.6 121.8 80
2021000000178744 0.646 80.0 148.0 94.8 164.5 80
2021000000178744 0.645 96.2 133.8 108.3 149.3 80
2021000000178744 0.637 589.2 158.4 622.7 171.2 80
2021000000178744 0.634 336.3 174.5 344.8 182.8 80
2021000000178744 0.632 577.9 116.7 599.6 155.1 80
2021000000178744 0.631 -1.4 141.8 108.2 178.6 80
2021000000178744 0.602 126.4 128.1 146.6 146.4 80
2021000000178744 0.598 79.8 152.8 94.3 166.3 80
2021000000178744 0.581 227.8 111.8 251.6 132.5 80
2021000000178744 0.573 548.9 113.9 562.8 146.4 80
2021000000178744 0.563 209.7 223.0 221.1 237.4 18
2021000000178744 0.552 171.2 77.1 232.1 123.1 80
2021000000178744 0.548 171.5 166.3 390.5 291.3 80
2021000000178744 0.534 127.2 118.2 153.2 141.7 80
2021000000178744 0.534 133.5 80.2 168.5 139.4 80
2021000000178744 0.533 175.1 223.3 182.5 232.3 80
2021000000178744 0.512 563.8 114.4 581.7 150.5 80
2021000000178744 0.501 187.5 226.0 196.0 251.7 80
2021000000178744 0.483 62.8 141.9 95.9 167.1 80
2021000000178744 0.464 216.6 213.3 227.3 228.5 80
2021000000178744 0.460 188.0 221.7 197.0 249.5 18
2021000000178744 0.458 237.6 232.9 249.3 245.9 18
2021000000178744 0.438 205.6 230.1 215.5 243.1 80
2021000000178744 0.432 176.2 222.3 183.7 230.8 18
2021000000178744 0.393 0.9 150.1 33.3 184.4 80
2021000000178744 0.380 237.8 230.7 249.2 244.0 80
2021000000178744 0.369 177.6 162.8 388.2 289.4 80
2021000000178744 0.358 188.9 179.0 359.2 268.3 3
2021000000178744 0.354 252.2 230.1 262.0 243.1 80
2021000000178744 0.347 185.7 220.1 194.2 232.3 80
2021000000178744 0.347 297.7 103.9 317.2 118.7 3
2021000000178744 0.346 213.8 232.1 224.3 244.2 80
2021000000178744 0.342 258.9 229.2 268.0 241.4 18
2021000000178744 0.334 297.7 103.9 317.2 118.7 80
2021000000178744 0.328 213.8 232.1 224.3 244.2 18
2021000000178744 0.328 188.9 179.0 359.2 268.3 18
2021000000178744 0.328 185.7 220.1 194.2 232.3 18
2021000000178744 0.326 252.2 230.1 262.0 243.1 18
2021000000178744 0.304 258.9 229.2 268.0 241.4 80
2021000000178744 0.298 237.8 230.7 249.2 244.0 18
2021000000178744 0.298 0.9 150.1 33.3 184.4 3
2021000000178744 0.244 176.2 222.3 183.7 230.8 80
2021000000178744 0.241 205.6 230.1 215.5 243.1 18
2021000000178744 0.232 62.8 141.9 95.9 167.1 3
2021000000178744 0.229 237.6 232.9 249.3 245.9 80
2021000000178744 0.216 188.0 221.7 197.0 249.5 80
2021000000178744 0.216 216.6 213.3 227.3 228.5 18
2021000000178744 0.216 177.6 162.8 388.2 289.4 3
2021000000178744 0.197 127.2 118.2 153.2 141.7 3
2021000000178744 0.193 563.8 114.4 581.7 150.5 18
2021000000178744 0.189 187.5 226.0 196.0 251.7 18
2021000000178744 0.180 171.2 77.1 232.1 123.1 3
2021000000178744 0.177 133.5 80.2 168.5 139.4 3
2021000000178744 0.163 209.7 223.0 221.1 237.4 80
2021000000178744 0.155 175.1 223.3 182.5 232.3 18
2021000000178744 0.150 227.8 111.8 251.6 132.5 3
2021000000178744 0.143 548.9 113.9 562.8 146.4 18
2021000000178744 0.140 126.4 128.1 146.6 146.4 3
2021000000178744 0.127 464.5 167.8 552.9 212.8 80
2021000000178744 0.126 188.9 179.0 359.2 268.3 80
2021000000178744 0.125 417.5 233.4 502.3 276.4 80
2021000000178744 0.794 606.4 385.6 639.5 424.3 80
2021000000178744 0.753 339.0 82.9 375.4 97.2 80
2021000000178744 0.749 418.7 123.9 428.7 129.2 80
2021000000178744 0.747 417.3 120.1 428.5 127.0 80
2021000000178744 0.743 438.2 111.9 464.2 137.6 80
2021000000178744 0.739 106.6 143.4 504.0 284.2 80
2021000000178744 0.734 549.4 126.6 561.7 148.8 80
2021000000178744 0.732 381.5 92.3 391.8 111.1 80
2021000000178744 0.729 32.7 109.3 606.9 243.6 80
2021000000178744 0.727 5.3 147.4 37.9 183.9 80
2021000000178744 0.725 365.0 190.3 373.0 199.9 80
2021000000178744 0.722 637.9 156.7 640.3 179.7 80
2021000000178744 0.722 632.0 160.8 640.2 176.5 80
2021000000178744 0.719 461.8 94.3 478.8 137.3 80
2021000000178744 0.719 133.9 150.5 511.4 242.7 80
2021000000178744 0.718 561.4 121.8 574.8 154.1 80
2021000000178744 0.717 581.0 121.7 600.2 156.6 80
2021000000178744 0.716 0.9 150.4 23.2 181.9 80
2021000000178744 0.715 583.3 157.9 639.6 197.1 80
2021000000178744 0.713 304.9 101.4 319.5 114.8 80
2021000000178744 0.710 587.5 158.0 621.7 174.6 80
2021000000178744 0.709 388.5 102.0 398.4 113.2 80
2021000000178744 0.706 417.8 123.1 428.1 128.5 80
2021000000178744 0.703 16.2 121.9 205.2 176.8 80
2021000000178744 0.701 14.6 151.8 34.0 167.3 80
2021000000178744 0.699 137.9 128.7 417.8 224.5 80
2021000000178744 0.691 565.4 117.2 581.2 152.4 80
2021000000178744 0.691 94.3 134.9 350.1 224.8 80
2021000000178744 0.688 109.4 145.2 358.1 240.0 80
2021000000178744 0.688 103.3 117.8 307.6 206.8 80
2021000000178744 0.686 295.8 103.6 313.0 118.1 80
2021000000178744 0.684 375.9 193.2 384.9 205.6 80
2021000000178744 0.683 363.7 188.3 370.9 195.8 80
2021000000178744 0.683 298.6 103.4 315.3 119.0 80
2021000000178744 0.681 4.8 139.5 98.9 170.0 80
2021000000178744 0.679 100.6 133.4 109.9 151.8 80
2021000000178744 0.678 0.4 151.3 33.0 185.2 80
2021000000178744 0.661 63.2 139.1 92.7 166.8 80
2021000000178744 0.659 297.1 109.8 313.6 121.8 80
2021000000178744 0.646 80.0 148.0 94.8 164.5 80
2021000000178744 0.645 96.2 133.8 108.3 149.3 80
2021000000178744 0.637 589.2 158.4 622.7 171.2 80
2021000000178744 0.634 336.3 174.5 344.8 182.8 80
2021000000178744 0.632 577.9 116.7 599.6 155.1 80
2021000000178744 0.631 -1.4 141.8 108.2 178.6 80
2021000000178744 0.602 126.4 128.1 146.6 146.4 80
2021000000178744 0.598 79.8 152.8 94.3 166.3 80
2021000000178744 0.581 227.8 111.8 251.6 132.5 80
2021000000178744 0.573 548.9 113.9 562.8 146.4 80
2021000000178744 0.563 209.7 223.0 221.1 237.4 18
2021000000178744 0.552 171.2 77.1 232.1 123.1 80
2021000000178744 0.548 171.5 166.3 390.5 291.3 80
2021000000178744 0.534 127.2 118.2 153.2 141.7 80
2021000000178744 0.534 133.5 80.2 168.5 139.4 80
2021000000178744 0.533 175.1 223.3 182.5 232.3 80
2021000000178744 0.512 563.8 114.4 581.7 150.5 80
2021000000178744 0.501 187.5 226.0 196.0 251.7 80
2021000000178744 0.483 62.8 141.9 95.9 167.1 80
2021000000178744 0.464 216.6 213.3 227.3 228.5 80
2021000000178744 0.460 188.0 221.7 197.0 249.5 18
2021000000178744 0.458 237.6 232.9 249.3 245.9 18
2021000000178744 0.438 205.6 230.1 215.5 243.1 80
2021000000178744 0.432 176.2 222.3 183.7 230.8 18
2021000000178744 0.393 0.9 150.1 33.3 184.4 80
2021000000178744 0.380 237.8 230.7 249.2 244.0 80
2021000000178744 0.369 177.6 162.8 388.2 289.4 80
2021000000178744 0.358 188.9 179.0 359.2 268.3 3
2021000000178744 0.354 252.2 230.1 262.0 243.1 80
2021000000178744 0.347 185.7 220.1 194.2 232.3 80
2021000000178744 0.347 297.7 103.9 317.2 118.7 3
2021000000178744 0.346 213.8 232.1 224.3 244.2 80
2021000000178744 0.342 258.9 229.2 268.0 241.4 18
2021000000178744 0.334 297.7 103.9 317.2 118.7 80
2021000000178744 0.328 213.8 232.1 224.3 244.2 18
2021000000178744 0.328 188.9 179.0 359.2 268.3 18
2021000000178744 0.328 185.7 220.1 194.2 232.3 18
2021000000178744 0.326 252.2 230.1 262.0 243.1 18
2021000000178744 0.304 258.9 229.2 268.0 241.4 80
2021000000178744 0.298 237.8 230.7 249.2 244.0 18
2021000000178744 0.298 0.9 150.1 33.3 184.4 3
2021000000178744 0.244 176.2 222.3 183.7 230.8 80
2021000000178744 0.241 205.6 230.1 215.5 243.1 18
2021000000178744 0.232 62.8 141.9 95.9 167.1 3
2021000000178744 0.229 237.6 232.9 249.3 245.9 80
2021000000178744 0.216 188.0 221.7 197.0 249.5 80
2021000000178744 0.216 216.6 213.3 227.3 228.5 18
2021000000178744 0.216 177.6 162.8 388.2 289.4 3
2021000000178744 0.197 127.2 118.2 153.2 141.7 3
2021000000178744 0.193 563.8 114.4 581.7 150.5 18
2021000000178744 0.189 187.5 226.0 196.0 251.7 18
2021000000178744 0.180 171.2 77.1 232.1 123.1 3
2021000000178744 0.177 133.5 80.2 168.5 139.4 3
2021000000178744 0.163 209.7 223.0 221.1 237.4 80
2021000000178744 0.155 175.1 223.3 182.5 232.3 18
2021000000178744 0.150 227.8 111.8 251.6 132.5 3
2021000000178744 0.143 548.9 113.9 562.8 146.4 18
2021000000178744 0.140 126.4 128.1 146.6 146.4 3
2021000000178744 0.127 464.5 167.8 552.9 212.8 80
2021000000178744 0.126 188.9 179.0 359.2 268.3 80
2021000000178744 0.125 417.5 233.4 502.3 276.4 80
