2021000000437392 0.769 406.6 300.5 479.2 623.6 80
2021000000437392 0.764 460.8 483.0 481.1 631.0 80
2021000000437392 0.762 361.4 263.9 483.9 627.7 80
2021000000437392 0.762 66.4 161.9 456.9 636.3 80
2021000000437392 0.761 86.6 496.9 184.6 633.0 80
2021000000437392 0.761 79.4 284.8 310.8 623.3 80
2021000000437392 0.756 73.8 152.5 469.1 624.5 80
2021000000437392 0.754 142.7 378.8 382.8 630.7 80
2021000000437392 0.754 365.1 8.6 485.1 624.3 80
2021000000437392 0.752 72.0 203.5 413.7 639.0 80
2021000000437392 0.748 372.6 445.9 480.1 631.2 80
2021000000437392 0.746 67.8 151.9 395.0 640.7 80
2021000000437392 0.744 66.3 101.1 408.4 650.2 80
2021000000437392 0.743 177.4 121.8 392.1 286.6 80
2021000000437392 0.742 85.9 490.4 183.0 632.9 80
2021000000437392 0.741 342.0 242.2 390.1 324.5 80
2021000000437392 0.737 156.1 112.9 395.2 512.9 80
2021000000437392 0.736 322.7 264.3 352.0 282.2 80
2021000000437392 0.733 474.8 271.6 480.4 603.2 80
2021000000437392 0.733 475.6 292.8 480.7 383.8 80
2021000000437392 0.769 406.6 300.5 479.2 623.6 80
2021000000437392 0.764 460.8 483.0 481.1 631.0 80
2021000000437392 0.762 361.4 263.9 483.9 627.7 80
2021000000437392 0.762 66.4 161.9 456.9 636.3 80
2021000000437392 0.761 86.6 496.9 184.6 633.0 80
2021000000437392 0.761 79.4 284.8 310.8 623.3 80
2021000000437392 0.756 73.8 152.5 469.1 624.5 80
2021000000437392 0.754 142.7 378.8 382.8 630.7 80
2021000000437392 0.754 365.1 8.6 485.1 624.3 80
2021000000437392 0.752 72.0 203.5 413.7 639.0 80
2021000000437392 0.748 372.6 445.9 480.1 631.2 80
2021000000437392 0.746 67.8 151.9 395.0 640.7 80
2021000000437392 0.744 66.3 101.1 408.4 650.2 80
2021000000437392 0.743 177.4 121.8 392.1 286.6 80
2021000000437392 0.742 85.9 490.4 183.0 632.9 80
2021000000437392 0.741 342.0 242.2 390.1 324.5 80
2021000000437392 0.737 156.1 112.9 395.2 512.9 80
2021000000437392 0.736 322.7 264.3 352.0 282.2 80
2021000000437392 0.733 474.8 271.6 480.4 603.2 80
2021000000437392 0.733 475.6 292.8 480.7 383.8 80
2021000000437392 0.733 304.1 24.9 332.3 41.2 80
2021000000437392 0.731 453.3 11.5 482.5 637.6 80
2021000000437392 0.730 357.8 27.5 399.1 66.9 80
2021000000437392 0.719 3.4 5.3 479.4 639.6 80
2021000000437392 0.717 418.0 9.2 456.7 60.2 80
2021000000437392 0.717 280.3 347.0 318.9 419.1 80
2021000000437392 0.712 217.4 323.2 331.1 412.6 80
2021000000437392 0.709 175.0 102.5 386.5 259.5 80
2021000000437392 0.709 74.3 301.6 397.6 636.5 80
2021000000437392 0.707 278.9 6.0 300.8 27.5 80
2021000000437392 0.707 459.0 454.2 480.1 606.3 80
2021000000437392 0.702 80.0 337.2 388.3 635.5 80
2021000000437392 0.701 462.1 467.0 480.4 603.4 80
2021000000437392 0.701 459.2 -4.7 480.2 85.2 80
2021000000437392 0.701 188.6 195.1 370.1 350.0 80
2021000000437392 0.699 333.3 1.1 389.1 9.2 80
2021000000437392 0.692 186.6 194.7 374.4 421.1 80
2021000000437392 0.690 0.8 368.8 2.8 615.7 80
2021000000437392 0.674 428.9 5.1 478.9 56.8 80
2021000000437392 0.619 173.0 96.6 392.3 265.1 80
2021000000437392 0.591 178.5 96.2 389.5 262.4 80
2021000000437392 0.552 224.8 343.7 321.4 421.4 80
2021000000437392 0.546 67.9 90.0 396.9 649.5 80
2021000000437392 0.314 71.7 177.9 398.3 637.6 80
2021000000437392 0.268 71.7 177.9 398.3 637.6 18
2021000000437392 0.129 300.0 181.2 374.1 258.2 80
2021000000437392 0.128 224.8 343.7 321.4 421.4 14
2021000000437392 0.126 -85.1 634.6 313.1 642.9 80
2021000000437392 0.122 127.4 206.3 265.8 440.6 80
2021000000437392 0.120 188.4 3.0 282.2 33.5 80
2021000000437392 0.119 419.6 210.1 499.8 376.9 80
2021000000437392 0.117 153.4 174.4 268.3 343.1 80
2021000000437392 0.113 337.6 336.7 440.7 524.9 80
2021000000437392 0.111 382.0 149.3 488.7 468.7 80
2021000000437392 0.109 127.7 466.1 205.7 557.9 80
2021000000437392 0.108 307.7 400.5 407.9 526.7 80
2021000000437392 0.107 380.2 2.6 463.4 15.3 80
2021000000437392 0.102 106.8 414.6 190.0 526.5 80
2021000000437392 0.101 138.2 362.7 227.2 486.1 80
2021000000437392 0.100 296.0 315.2 393.8 461.7 80
2021000000437392 0.098 353.5 215.4 457.1 460.5 80
2021000000437392 0.096 77.6 295.0 146.0 383.1 80
2021000000437392 0.095 117.4 299.0 205.9 432.9 80
2021000000437392 0.095 324.2 289.8 421.8 450.8 80
2021000000437392 0.094 142.4 615.7 243.1 642.2 80
2021000000437392 0.094 87.4 350.6 169.7 472.9 80
2021000000437392 0.093 93.3 616.8 195.3 645.1 80
2021000000437392 0.091 -23.7 603.3 40.3 642.1 80
2021000000437392 0.090 146.8 0.9 216.7 4.9 80
2021000000437392 0.088 46.7 322.1 119.3 438.6 80
2021000000437392 0.086 11.9 328.7 80.8 449.8 80
2021000000437392 0.086 178.5 96.2 389.5 262.4 11
2021000000437392 0.085 224.8 343.7 321.4 421.4 8
2021000000437392 0.085 -17.1 313.2 46.3 421.2 80
2021000000437392 0.085 57.9 387.7 146.1 540.3 80
2021000000437392 0.080 67.9 90.0 396.9 649.5 18
2021000000437392 0.079 -13.9 551.2 52.5 609.3 80
2021000000437392 0.079 -8.4 342.8 66.9 560.5 80
2021000000437392 0.078 -1.6 1.3 56.7 3.4 80
2021000000437392 0.078 25.6 373.1 106.7 564.5 80
2021000000437392 0.078 299.8 46.4 350.4 110.1 80
2021000000437392 0.077 178.5 96.2 389.5 262.4 10
2021000000437392 0.077 209.5 567.3 299.4 627.5 80
2021000000437392 0.076 279.7 555.9 366.2 621.5 80
2021000000437392 0.075 71.7 177.9 398.3 637.6 14
2021000000437392 0.075 -1.4 525.6 83.2 592.3 80
2021000000437392 0.075 173.0 96.6 392.3 265.1 11
2021000000437392 0.075 35.9 1.3 91.1 3.0 80
2021000000437392 0.073 314.0 368.1 432.9 666.8 80
2021000000437392 0.072 186.6 194.7 374.4 421.1 14
2021000000437392 0.072 428.9 5.1 478.9 56.8 1
2021000000437392 0.070 173.0 96.6 392.3 265.1 10
2021000000437392 0.070 71.7 177.9 398.3 637.6 8
2021000000437392 0.069 -26.7 73.3 42.0 144.4 80
2021000000437392 0.069 -30.4 10.6 108.6 74.8 80
2021000000437392 0.068 178.5 96.2 389.5 262.4 3
2021000000437392 0.068 24.9 11.3 167.5 74.6 80
2021000000437392 0.068 157.1 0.6 213.0 53.7 80
2021000000437392 0.068 -19.4 15.8 52.8 80.4 80
2021000000437392 0.068 97.0 10.2 223.9 72.2 80
2021000000437392 0.769 406.6 300.5 479.2 623.6 80
2021000000437392 0.764 460.8 483.0 481.1 631.0 80
2021000000437392 0.762 361.4 263.9 483.9 627.7 80
2021000000437392 0.762 66.4 161.9 456.9 636.3 80
2021000000437392 0.761 86.6 496.9 184.6 633.0 80
2021000000437392 0.761 79.4 284.8 310.8 623.3 80
2021000000437392 0.756 73.8 152.5 469.1 624.5 80
2021000000437392 0.754 142.7 378.8 382.8 630.7 80
2021000000437392 0.754 365.1 8.6 485.1 624.3 80
2021000000437392 0.752 72.0 203.5 413.7 639.0 80
2021000000437392 0.748 372.6 445.9 480.1 631.2 80
2021000000437392 0.746 67.8 151.9 395.0 640.7 80
2021000000437392 0.744 66.3 101.1 408.4 650.2 80
2021000000437392 0.743 177.4 121.8 392.1 286.6 80
2021000000437392 0.742 85.9 490.4 183.0 632.9 80
2021000000437392 0.741 342.0 242.2 390.1 324.5 80
2021000000437392 0.737 156.1 112.9 395.2 512.9 80
2021000000437392 0.736 322.7 264.3 352.0 282.2 80
2021000000437392 0.733 474.8 271.6 480.4 603.2 80
2021000000437392 0.733 475.6 292.8 480.7 383.8 80
2021000000437392 0.733 304.1 24.9 332.3 41.2 80
2021000000437392 0.731 453.3 11.5 482.5 637.6 80
2021000000437392 0.730 357.8 27.5 399.1 66.9 80
2021000000437392 0.719 3.4 5.3 479.4 639.6 80
2021000000437392 0.717 418.0 9.2 456.7 60.2 80
2021000000437392 0.717 280.3 347.0 318.9 419.1 80
2021000000437392 0.712 217.4 323.2 331.1 412.6 80
2021000000437392 0.709 175.0 102.5 386.5 259.5 80
2021000000437392 0.709 74.3 301.6 397.6 636.5 80
2021000000437392 0.707 278.9 6.0 300.8 27.5 80
2021000000437392 0.707 459.0 454.2 480.1 606.3 80
2021000000437392 0.702 80.0 337.2 388.3 635.5 80
2021000000437392 0.701 462.1 467.0 480.4 603.4 80
2021000000437392 0.701 459.2 -4.7 480.2 85.2 80
2021000000437392 0.701 188.6 195.1 370.1 350.0 80
2021000000437392 0.699 333.3 1.1 389.1 9.2 80
2021000000437392 0.692 186.6 194.7 374.4 421.1 80
2021000000437392 0.690 0.8 368.8 2.8 615.7 80
2021000000437392 0.674 428.9 5.1 478.9 56.8 80
2021000000437392 0.619 173.0 96.6 392.3 265.1 80
2021000000437392 0.591 178.5 96.2 389.5 262.4 80
2021000000437392 0.552 224.8 343.7 321.4 421.4 80
2021000000437392 0.546 67.9 90.0 396.9 649.5 80
2021000000437392 0.314 71.7 177.9 398.3 637.6 80
2021000000437392 0.268 71.7 177.9 398.3 637.6 18
2021000000437392 0.129 300.0 181.2 374.1 258.2 80
2021000000437392 0.128 224.8 343.7 321.4 421.4 14
2021000000437392 0.126 -85.1 634.6 313.1 642.9 80
2021000000437392 0.122 127.4 206.3 265.8 440.6 80
2021000000437392 0.120 188.4 3.0 282.2 33.5 80
2021000000437392 0.119 419.6 210.1 499.8 376.9 80
2021000000437392 0.117 153.4 174.4 268.3 343.1 80
2021000000437392 0.113 337.6 336.7 440.7 524.9 80
2021000000437392 0.111 382.0 149.3 488.7 468.7 80
2021000000437392 0.109 127.7 466.1 205.7 557.9 80
2021000000437392 0.108 307.7 400.5 407.9 526.7 80
2021000000437392 0.107 380.2 2.6 463.4 15.3 80
2021000000437392 0.102 106.8 414.6 190.0 526.5 80
2021000000437392 0.101 138.2 362.7 227.2 486.1 80
2021000000437392 0.100 296.0 315.2 393.8 461.7 80
2021000000437392 0.098 353.5 215.4 457.1 460.5 80
2021000000437392 0.096 77.6 295.0 146.0 383.1 80
2021000000437392 0.095 117.4 299.0 205.9 432.9 80
2021000000437392 0.095 324.2 289.8 421.8 450.8 80
2021000000437392 0.094 142.4 615.7 243.1 642.2 80
2021000000437392 0.094 87.4 350.6 169.7 472.9 80
2021000000437392 0.093 93.3 616.8 195.3 645.1 80
2021000000437392 0.091 -23.7 603.3 40.3 642.1 80
2021000000437392 0.090 146.8 0.9 216.7 4.9 80
2021000000437392 0.088 46.7 322.1 119.3 438.6 80
2021000000437392 0.086 11.9 328.7 80.8 449.8 80
2021000000437392 0.086 178.5 96.2 389.5 262.4 11
2021000000437392 0.085 224.8 343.7 321.4 421.4 8
2021000000437392 0.085 -17.1 313.2 46.3 421.2 80
2021000000437392 0.085 57.9 387.7 146.1 540.3 80
2021000000437392 0.080 67.9 90.0 396.9 649.5 18
2021000000437392 0.079 -13.9 551.2 52.5 609.3 80
2021000000437392 0.079 -8.4 342.8 66.9 560.5 80
2021000000437392 0.078 -1.6 1.3 56.7 3.4 80
2021000000437392 0.078 25.6 373.1 106.7 564.5 80
2021000000437392 0.078 299.8 46.4 350.4 110.1 80
2021000000437392 0.077 178.5 96.2 389.5 262.4 10
2021000000437392 0.077 209.5 567.3 299.4 627.5 80
2021000000437392 0.076 279.7 555.9 366.2 621.5 80
2021000000437392 0.075 71.7 177.9 398.3 637.6 14
2021000000437392 0.075 -1.4 525.6 83.2 592.3 80
2021000000437392 0.075 173.0 96.6 392.3 265.1 11
2021000000437392 0.075 35.9 1.3 91.1 3.0 80
2021000000437392 0.073 314.0 368.1 432.9 666.8 80
2021000000437392 0.072 186.6 194.7 374.4 421.1 14
2021000000437392 0.072 428.9 5.1 478.9 56.8 1
2021000000437392 0.070 173.0 96.6 392.3 265.1 10
2021000000437392 0.070 71.7 177.9 398.3 637.6 8
2021000000437392 0.069 -26.7 73.3 42.0 144.4 80
2021000000437392 0.069 -30.4 10.6 108.6 74.8 80
2021000000437392 0.068 178.5 96.2 389.5 262.4 3
2021000000437392 0.068 24.9 11.3 167.5 74.6 80
2021000000437392 0.068 157.1 0.6 213.0 53.7 80
2021000000437392 0.068 -19.4 15.8 52.8 80.4 80
2021000000437392 0.068 97.0 10.2 223.9 72.2 80
2021000000437392 0.769 406.6 300.5 479.2 623.6 80
2021000000437392 0.764 460.8 483.0 481.1 631.0 80
2021000000437392 0.762 361.4 263.9 483.9 627.7 80
2021000000437392 0.762 66.4 161.9 456.9 636.3 80
2021000000437392 0.761 86.6 496.9 184.6 633.0 80
2021000000437392 0.761 79.4 284.8 310.8 623.3 80
2021000000437392 0.756 73.8 152.5 469.1 624.5 80
2021000000437392 0.754 142.7 378.8 382.8 630.7 80
2021000000437392 0.754 365.1 8.6 485.1 624.3 80
2021000000437392 0.752 72.0 203.5 413.7 639.0 80
2021000000437392 0.748 372.6 445.9 480.1 631.2 80
2021000000437392 0.746 67.8 151.9 395.0 640.7 80
2021000000437392 0.744 66.3 101.1 408.4 650.2 80
2021000000437392 0.743 177.4 121.8 392.1 286.6 80
2021000000437392 0.742 85.9 490.4 183.0 632.9 80
2021000000437392 0.741 342.0 242.2 390.1 324.5 80
2021000000437392 0.737 156.1 112.9 395.2 512.9 80
2021000000437392 0.736 322.7 264.3 352.0 282.2 80
2021000000437392 0.733 474.8 271.6 480.4 603.2 80
2021000000437392 0.733 475.6 292.8 480.7 383.8 80
2021000000437392 0.733 304.1 24.9 332.3 41.2 80
2021000000437392 0.731 453.3 11.5 482.5 637.6 80
2021000000437392 0.730 357.8 27.5 399.1 66.9 80
2021000000437392 0.719 3.4 5.3 479.4 639.6 80
2021000000437392 0.717 418.0 9.2 456.7 60.2 80
2021000000437392 0.717 280.3 347.0 318.9 419.1 80
2021000000437392 0.712 217.4 323.2 331.1 412.6 80
2021000000437392 0.709 175.0 102.5 386.5 259.5 80
2021000000437392 0.709 74.3 301.6 397.6 636.5 80
2021000000437392 0.707 278.9 6.0 300.8 27.5 80
2021000000437392 0.707 459.0 454.2 480.1 606.3 80
2021000000437392 0.702 80.0 337.2 388.3 635.5 80
2021000000437392 0.701 462.1 467.0 480.4 603.4 80
2021000000437392 0.701 459.2 -4.7 480.2 85.2 80
2021000000437392 0.701 188.6 195.1 370.1 350.0 80
2021000000437392 0.699 333.3 1.1 389.1 9.2 80
2021000000437392 0.692 186.6 194.7 374.4 421.1 80
2021000000437392 0.690 0.8 368.8 2.8 615.7 80
2021000000437392 0.674 428.9 5.1 478.9 56.8 80
2021000000437392 0.619 173.0 96.6 392.3 265.1 80
2021000000437392 0.591 178.5 96.2 389.5 262.4 80
2021000000437392 0.552 224.8 343.7 321.4 421.4 80
2021000000437392 0.546 67.9 90.0 396.9 649.5 80
2021000000437392 0.314 71.7 177.9 398.3 637.6 80
2021000000437392 0.268 71.7 177.9 398.3 637.6 18
2021000000437392 0.129 300.0 181.2 374.1 258.2 80
2021000000437392 0.128 224.8 343.7 321.4 421.4 14
2021000000437392 0.126 -85.1 634.6 313.1 642.9 80
2021000000437392 0.122 127.4 206.3 265.8 440.6 80
2021000000437392 0.120 188.4 3.0 282.2 33.5 80
2021000000437392 0.119 419.6 210.1 499.8 376.9 80
2021000000437392 0.117 153.4 174.4 268.3 343.1 80
2021000000437392 0.113 337.6 336.7 440.7 524.9 80
2021000000437392 0.111 382.0 149.3 488.7 468.7 80
2021000000437392 0.109 127.7 466.1 205.7 557.9 80
2021000000437392 0.108 307.7 400.5 407.9 526.7 80
2021000000437392 0.107 380.2 2.6 463.4 15.3 80
2021000000437392 0.102 106.8 414.6 190.0 526.5 80
2021000000437392 0.101 138.2 362.7 227.2 486.1 80
2021000000437392 0.100 296.0 315.2 393.8 461.7 80
2021000000437392 0.098 353.5 215.4 457.1 460.5 80
2021000000437392 0.096 77.6 295.0 146.0 383.1 80
2021000000437392 0.095 117.4 299.0 205.9 432.9 80
2021000000437392 0.095 324.2 289.8 421.8 450.8 80
2021000000437392 0.094 142.4 615.7 243.1 642.2 80
2021000000437392 0.094 87.4 350.6 169.7 472.9 80
2021000000437392 0.093 93.3 616.8 195.3 645.1 80
2021000000437392 0.091 -23.7 603.3 40.3 642.1 80
2021000000437392 0.090 146.8 0.9 216.7 4.9 80
2021000000437392 0.088 46.7 322.1 119.3 438.6 80
2021000000437392 0.086 11.9 328.7 80.8 449.8 80
2021000000437392 0.086 178.5 96.2 389.5 262.4 11
2021000000437392 0.085 224.8 343.7 321.4 421.4 8
2021000000437392 0.085 -17.1 313.2 46.3 421.2 80
2021000000437392 0.085 57.9 387.7 146.1 540.3 80
2021000000437392 0.080 67.9 90.0 396.9 649.5 18
2021000000437392 0.079 -13.9 551.2 52.5 609.3 80
2021000000437392 0.079 -8.4 342.8 66.9 560.5 80
2021000000437392 0.078 -1.6 1.3 56.7 3.4 80
2021000000437392 0.078 25.6 373.1 106.7 564.5 80
2021000000437392 0.078 299.8 46.4 350.4 110.1 80
2021000000437392 0.077 178.5 96.2 389.5 262.4 10
2021000000437392 0.077 209.5 567.3 299.4 627.5 80
2021000000437392 0.076 279.7 555.9 366.2 621.5 80
2021000000437392 0.075 71.7 177.9 398.3 637.6 14
2021000000437392 0.075 -1.4 525.6 83.2 592.3 80
2021000000437392 0.075 173.0 96.6 392.3 265.1 11
2021000000437392 0.075 35.9 1.3 91.1 3.0 80
2021000000437392 0.073 314.0 368.1 432.9 666.8 80
2021000000437392 0.072 186.6 194.7 374.4 421.1 14
2021000000437392 0.072 428.9 5.1 478.9 56.8 1
2021000000437392 0.070 173.0 96.6 392.3 265.1 10
2021000000437392 0.070 71.7 177.9 398.3 637.6 8
2021000000437392 0.069 -26.7 73.3 42.0 144.4 80
2021000000437392 0.069 -30.4 10.6 108.6 74.8 80
2021000000437392 0.068 178.5 96.2 389.5 262.4 3
2021000000437392 0.068 24.9 11.3 167.5 74.6 80
2021000000437392 0.068 157.1 0.6 213.0 53.7 80
2021000000437392 0.068 -19.4 15.8 52.8 80.4 80
2021000000437392 0.068 97.0 10.2 223.9 72.2 80
2021000000437392 0.769 406.6 300.5 479.2 623.6 80
2021000000437392 0.764 460.8 483.0 481.1 631.0 80
2021000000437392 0.762 361.4 263.9 483.9 627.7 80
2021000000437392 0.762 66.4 161.9 456.9 636.3 80
2021000000437392 0.761 86.6 496.9 184.6 633.0 80
2021000000437392 0.761 79.4 284.8 310.8 623.3 80
2021000000437392 0.756 73.8 152.5 469.1 624.5 80
2021000000437392 0.754 142.7 378.8 382.8 630.7 80
2021000000437392 0.754 365.1 8.6 485.1 624.3 80
2021000000437392 0.752 72.0 203.5 413.7 639.0 80
2021000000437392 0.748 372.6 445.9 480.1 631.2 80
2021000000437392 0.746 67.8 151.9 395.0 640.7 80
2021000000437392 0.744 66.3 101.1 408.4 650.2 80
2021000000437392 0.743 177.4 121.8 392.1 286.6 80
2021000000437392 0.742 85.9 490.4 183.0 632.9 80
2021000000437392 0.741 342.0 242.2 390.1 324.5 80
2021000000437392 0.737 156.1 112.9 395.2 512.9 80
2021000000437392 0.736 322.7 264.3 352.0 282.2 80
2021000000437392 0.733 474.8 271.6 480.4 603.2 80
2021000000437392 0.733 475.6 292.8 480.7 383.8 80
2021000000437392 0.733 304.1 24.9 332.3 41.2 80
2021000000437392 0.731 453.3 11.5 482.5 637.6 80
2021000000437392 0.730 357.8 27.5 399.1 66.9 80
2021000000437392 0.719 3.4 5.3 479.4 639.6 80
2021000000437392 0.717 418.0 9.2 456.7 60.2 80
2021000000437392 0.717 280.3 347.0 318.9 419.1 80
2021000000437392 0.712 217.4 323.2 331.1 412.6 80
2021000000437392 0.709 175.0 102.5 386.5 259.5 80
2021000000437392 0.709 74.3 301.6 397.6 636.5 80
2021000000437392 0.707 278.9 6.0 300.8 27.5 80
2021000000437392 0.707 459.0 454.2 480.1 606.3 80
2021000000437392 0.702 80.0 337.2 388.3 635.5 80
2021000000437392 0.701 462.1 467.0 480.4 603.4 80
2021000000437392 0.701 459.2 -4.7 480.2 85.2 80
2021000000437392 0.701 188.6 195.1 370.1 350.0 80
2021000000437392 0.699 333.3 1.1 389.1 9.2 80
2021000000437392 0.692 186.6 194.7 374.4 421.1 80
2021000000437392 0.690 0.8 368.8 2.8 615.7 80
2021000000437392 0.674 428.9 5.1 478.9 56.8 80
2021000000437392 0.619 173.0 96.6 392.3 265.1 80
2021000000437392 0.591 178.5 96.2 389.5 262.4 80
2021000000437392 0.552 224.8 343.7 321.4 421.4 80
2021000000437392 0.546 67.9 90.0 396.9 649.5 80
2021000000437392 0.314 71.7 177.9 398.3 637.6 80
2021000000437392 0.268 71.7 177.9 398.3 637.6 18
2021000000437392 0.129 300.0 181.2 374.1 258.2 80
2021000000437392 0.128 224.8 343.7 321.4 421.4 14
2021000000437392 0.126 -85.1 634.6 313.1 642.9 80
2021000000437392 0.122 127.4 206.3 265.8 440.6 80
2021000000437392 0.120 188.4 3.0 282.2 33.5 80
2021000000437392 0.119 419.6 210.1 499.8 376.9 80
2021000000437392 0.117 153.4 174.4 268.3 343.1 80
2021000000437392 0.113 337.6 336.7 440.7 524.9 80
2021000000437392 0.111 382.0 149.3 488.7 468.7 80
2021000000437392 0.109 127.7 466.1 205.7 557.9 80
2021000000437392 0.108 307.7 400.5 407.9 526.7 80
2021000000437392 0.107 380.2 2.6 463.4 15.3 80
2021000000437392 0.102 106.8 414.6 190.0 526.5 80
2021000000437392 0.101 138.2 362.7 227.2 486.1 80
2021000000437392 0.100 296.0 315.2 393.8 461.7 80
2021000000437392 0.098 353.5 215.4 457.1 460.5 80
2021000000437392 0.096 77.6 295.0 146.0 383.1 80
2021000000437392 0.095 117.4 299.0 205.9 432.9 80
2021000000437392 0.095 324.2 289.8 421.8 450.8 80
2021000000437392 0.094 142.4 615.7 243.1 642.2 80
2021000000437392 0.094 87.4 350.6 169.7 472.9 80
2021000000437392 0.093 93.3 616.8 195.3 645.1 80
2021000000437392 0.091 -23.7 603.3 40.3 642.1 80
2021000000437392 0.090 146.8 0.9 216.7 4.9 80
2021000000437392 0.088 46.7 322.1 119.3 438.6 80
2021000000437392 0.086 11.9 328.7 80.8 449.8 80
2021000000437392 0.086 178.5 96.2 389.5 262.4 11
2021000000437392 0.085 224.8 343.7 321.4 421.4 8
2021000000437392 0.085 -17.1 313.2 46.3 421.2 80
2021000000437392 0.085 57.9 387.7 146.1 540.3 80
2021000000437392 0.080 67.9 90.0 396.9 649.5 18
2021000000437392 0.079 -13.9 551.2 52.5 609.3 80
2021000000437392 0.079 -8.4 342.8 66.9 560.5 80
2021000000437392 0.078 -1.6 1.3 56.7 3.4 80
2021000000437392 0.078 25.6 373.1 106.7 564.5 80
2021000000437392 0.078 299.8 46.4 350.4 110.1 80
2021000000437392 0.077 178.5 96.2 389.5 262.4 10
2021000000437392 0.077 209.5 567.3 299.4 627.5 80
2021000000437392 0.076 279.7 555.9 366.2 621.5 80
2021000000437392 0.075 71.7 177.9 398.3 637.6 14
2021000000437392 0.075 -1.4 525.6 83.2 592.3 80
2021000000437392 0.075 173.0 96.6 392.3 265.1 11
2021000000437392 0.075 35.9 1.3 91.1 3.0 80
2021000000437392 0.073 314.0 368.1 432.9 666.8 80
2021000000437392 0.072 186.6 194.7 374.4 421.1 14
2021000000437392 0.072 428.9 5.1 478.9 56.8 1
2021000000437392 0.070 173.0 96.6 392.3 265.1 10
2021000000437392 0.070 71.7 177.9 398.3 637.6 8
2021000000437392 0.069 -26.7 73.3 42.0 144.4 80
2021000000437392 0.069 -30.4 10.6 108.6 74.8 80
2021000000437392 0.068 178.5 96.2 389.5 262.4 3
2021000000437392 0.068 24.9 11.3 167.5 74.6 80
2021000000437392 0.068 157.1 0.6 213.0 53.7 80
2021000000437392 0.068 -19.4 15.8 52.8 80.4 80
2021000000437392 0.068 97.0 10.2 223.9 72.2 80
2021000000437392 0.769 406.6 300.5 479.2 623.6 80
2021000000437392 0.764 460.8 483.0 481.1 631.0 80
2021000000437392 0.762 361.4 263.9 483.9 627.7 80
2021000000437392 0.762 66.4 161.9 456.9 636.3 80
2021000000437392 0.761 86.6 496.9 184.6 633.0 80
2021000000437392 0.761 79.4 284.8 310.8 623.3 80
2021000000437392 0.756 73.8 152.5 469.1 624.5 80
2021000000437392 0.754 142.7 378.8 382.8 630.7 80
2021000000437392 0.754 365.1 8.6 485.1 624.3 80
2021000000437392 0.752 72.0 203.5 413.7 639.0 80
2021000000437392 0.748 372.6 445.9 480.1 631.2 80
2021000000437392 0.746 67.8 151.9 395.0 640.7 80
2021000000437392 0.744 66.3 101.1 408.4 650.2 80
2021000000437392 0.743 177.4 121.8 392.1 286.6 80
2021000000437392 0.742 85.9 490.4 183.0 632.9 80
2021000000437392 0.741 342.0 242.2 390.1 324.5 80
2021000000437392 0.737 156.1 112.9 395.2 512.9 80
2021000000437392 0.736 322.7 264.3 352.0 282.2 80
2021000000437392 0.733 474.8 271.6 480.4 603.2 80
2021000000437392 0.733 475.6 292.8 480.7 383.8 80
2021000000437392 0.733 304.1 24.9 332.3 41.2 80
2021000000437392 0.731 453.3 11.5 482.5 637.6 80
2021000000437392 0.730 357.8 27.5 399.1 66.9 80
2021000000437392 0.719 3.4 5.3 479.4 639.6 80
2021000000437392 0.717 418.0 9.2 456.7 60.2 80
2021000000437392 0.717 280.3 347.0 318.9 419.1 80
2021000000437392 0.712 217.4 323.2 331.1 412.6 80
2021000000437392 0.709 175.0 102.5 386.5 259.5 80
2021000000437392 0.709 74.3 301.6 397.6 636.5 80
2021000000437392 0.707 278.9 6.0 300.8 27.5 80
2021000000437392 0.707 459.0 454.2 480.1 606.3 80
2021000000437392 0.702 80.0 337.2 388.3 635.5 80
2021000000437392 0.701 462.1 467.0 480.4 603.4 80
2021000000437392 0.701 459.2 -4.7 480.2 85.2 80
2021000000437392 0.701 188.6 195.1 370.1 350.0 80
2021000000437392 0.699 333.3 1.1 389.1 9.2 80
2021000000437392 0.692 186.6 194.7 374.4 421.1 80
2021000000437392 0.690 0.8 368.8 2.8 615.7 80
2021000000437392 0.674 428.9 5.1 478.9 56.8 80
2021000000437392 0.619 173.0 96.6 392.3 265.1 80
2021000000437392 0.591 178.5 96.2 389.5 262.4 80
2021000000437392 0.552 224.8 343.7 321.4 421.4 80
2021000000437392 0.546 67.9 90.0 396.9 649.5 80
2021000000437392 0.314 71.7 177.9 398.3 637.6 80
2021000000437392 0.268 71.7 177.9 398.3 637.6 18
2021000000437392 0.129 300.0 181.2 374.1 258.2 80
2021000000437392 0.128 224.8 343.7 321.4 421.4 14
2021000000437392 0.126 -85.1 634.6 313.1 642.9 80
2021000000437392 0.122 127.4 206.3 265.8 440.6 80
2021000000437392 0.120 188.4 3.0 282.2 33.5 80
2021000000437392 0.119 419.6 210.1 499.8 376.9 80
2021000000437392 0.117 153.4 174.4 268.3 343.1 80
2021000000437392 0.113 337.6 336.7 440.7 524.9 80
2021000000437392 0.111 382.0 149.3 488.7 468.7 80
2021000000437392 0.109 127.7 466.1 205.7 557.9 80
2021000000437392 0.108 307.7 400.5 407.9 526.7 80
2021000000437392 0.107 380.2 2.6 463.4 15.3 80
2021000000437392 0.102 106.8 414.6 190.0 526.5 80
2021000000437392 0.101 138.2 362.7 227.2 486.1 80
2021000000437392 0.100 296.0 315.2 393.8 461.7 80
2021000000437392 0.098 353.5 215.4 457.1 460.5 80
2021000000437392 0.096 77.6 295.0 146.0 383.1 80
2021000000437392 0.095 117.4 299.0 205.9 432.9 80
2021000000437392 0.095 324.2 289.8 421.8 450.8 80
2021000000437392 0.094 142.4 615.7 243.1 642.2 80
2021000000437392 0.094 87.4 350.6 169.7 472.9 80
2021000000437392 0.093 93.3 616.8 195.3 645.1 80
2021000000437392 0.091 -23.7 603.3 40.3 642.1 80
2021000000437392 0.090 146.8 0.9 216.7 4.9 80
2021000000437392 0.088 46.7 322.1 119.3 438.6 80
2021000000437392 0.086 11.9 328.7 80.8 449.8 80
2021000000437392 0.086 178.5 96.2 389.5 262.4 11
2021000000437392 0.085 224.8 343.7 321.4 421.4 8
2021000000437392 0.085 -17.1 313.2 46.3 421.2 80
2021000000437392 0.085 57.9 387.7 146.1 540.3 80
2021000000437392 0.080 67.9 90.0 396.9 649.5 18
2021000000437392 0.079 -13.9 551.2 52.5 609.3 80
2021000000437392 0.079 -8.4 342.8 66.9 560.5 80
2021000000437392 0.078 -1.6 1.3 56.7 3.4 80
2021000000437392 0.078 25.6 373.1 106.7 564.5 80
2021000000437392 0.078 299.8 46.4 350.4 110.1 80
2021000000437392 0.077 178.5 96.2 389.5 262.4 10
2021000000437392 0.077 209.5 567.3 299.4 627.5 80
2021000000437392 0.076 279.7 555.9 366.2 621.5 80
2021000000437392 0.075 71.7 177.9 398.3 637.6 14
2021000000437392 0.075 -1.4 525.6 83.2 592.3 80
2021000000437392 0.075 173.0 96.6 392.3 265.1 11
2021000000437392 0.075 35.9 1.3 91.1 3.0 80
2021000000437392 0.073 314.0 368.1 432.9 666.8 80
2021000000437392 0.072 186.6 194.7 374.4 421.1 14
2021000000437392 0.072 428.9 5.1 478.9 56.8 1
2021000000437392 0.070 173.0 96.6 392.3 265.1 10
2021000000437392 0.070 71.7 177.9 398.3 637.6 8
2021000000437392 0.069 -26.7 73.3 42.0 144.4 80
2021000000437392 0.069 -30.4 10.6 108.6 74.8 80
2021000000437392 0.068 178.5 96.2 389.5 262.4 3
2021000000437392 0.068 24.9 11.3 167.5 74.6 80
2021000000437392 0.068 157.1 0.6 213.0 53.7 80
2021000000437392 0.068 -19.4 15.8 52.8 80.4 80
2021000000437392 0.068 97.0 10.2 223.9 72.2 80
2021000000437392 0.769 406.6 300.5 479.2 623.6 80
2021000000437392 0.764 460.8 483.0 481.1 631.0 80
2021000000437392 0.762 361.4 263.9 483.9 627.7 80
2021000000437392 0.762 66.4 161.9 456.9 636.3 80
2021000000437392 0.761 86.6 496.9 184.6 633.0 80
2021000000437392 0.761 79.4 284.8 310.8 623.3 80
2021000000437392 0.756 73.8 152.5 469.1 624.5 80
2021000000437392 0.754 142.7 378.8 382.8 630.7 80
2021000000437392 0.754 365.1 8.6 485.1 624.3 80
2021000000437392 0.752 72.0 203.5 413.7 639.0 80
2021000000437392 0.748 372.6 445.9 480.1 631.2 80
2021000000437392 0.746 67.8 151.9 395.0 640.7 80
2021000000437392 0.744 66.3 101.1 408.4 650.2 80
2021000000437392 0.743 177.4 121.8 392.1 286.6 80
2021000000437392 0.742 85.9 490.4 183.0 632.9 80
2021000000437392 0.741 342.0 242.2 390.1 324.5 80
2021000000437392 0.737 156.1 112.9 395.2 512.9 80
2021000000437392 0.736 322.7 264.3 352.0 282.2 80
2021000000437392 0.733 474.8 271.6 480.4 603.2 80
2021000000437392 0.733 475.6 292.8 480.7 383.8 80
2021000000437392 0.733 304.1 24.9 332.3 41.2 80
2021000000437392 0.731 453.3 11.5 482.5 637.6 80
2021000000437392 0.730 357.8 27.5 399.1 66.9 80
2021000000437392 0.719 3.4 5.3 479.4 639.6 80
2021000000437392 0.717 418.0 9.2 456.7 60.2 80
2021000000437392 0.717 280.3 347.0 318.9 419.1 80
2021000000437392 0.712 217.4 323.2 331.1 412.6 80
2021000000437392 0.709 175.0 102.5 386.5 259.5 80
2021000000437392 0.709 74.3 301.6 397.6 636.5 80
2021000000437392 0.707 278.9 6.0 300.8 27.5 80
2021000000437392 0.707 459.0 454.2 480.1 606.3 80
2021000000437392 0.702 80.0 337.2 388.3 635.5 80
2021000000437392 0.701 462.1 467.0 480.4 603.4 80
2021000000437392 0.701 459.2 -4.7 480.2 85.2 80
2021000000437392 0.701 188.6 195.1 370.1 350.0 80
2021000000437392 0.699 333.3 1.1 389.1 9.2 80
2021000000437392 0.692 186.6 194.7 374.4 421.1 80
2021000000437392 0.690 0.8 368.8 2.8 615.7 80
2021000000437392 0.674 428.9 5.1 478.9 56.8 80
2021000000437392 0.619 173.0 96.6 392.3 265.1 80
2021000000437392 0.591 178.5 96.2 389.5 262.4 80
2021000000437392 0.552 224.8 343.7 321.4 421.4 80
2021000000437392 0.546 67.9 90.0 396.9 649.5 80
2021000000437392 0.314 71.7 177.9 398.3 637.6 80
2021000000437392 0.268 71.7 177.9 398.3 637.6 18
2021000000437392 0.129 300.0 181.2 374.1 258.2 80
2021000000437392 0.128 224.8 343.7 321.4 421.4 14
2021000000437392 0.126 -85.1 634.6 313.1 642.9 80
2021000000437392 0.122 127.4 206.3 265.8 440.6 80
2021000000437392 0.120 188.4 3.0 282.2 33.5 80
2021000000437392 0.119 419.6 210.1 499.8 376.9 80
2021000000437392 0.117 153.4 174.4 268.3 343.1 80
2021000000437392 0.113 337.6 336.7 440.7 524.9 80
2021000000437392 0.111 382.0 149.3 488.7 468.7 80
2021000000437392 0.109 127.7 466.1 205.7 557.9 80
2021000000437392 0.108 307.7 400.5 407.9 526.7 80
2021000000437392 0.107 380.2 2.6 463.4 15.3 80
2021000000437392 0.102 106.8 414.6 190.0 526.5 80
2021000000437392 0.101 138.2 362.7 227.2 486.1 80
2021000000437392 0.100 296.0 315.2 393.8 461.7 80
2021000000437392 0.098 353.5 215.4 457.1 460.5 80
2021000000437392 0.096 77.6 295.0 146.0 383.1 80
2021000000437392 0.095 117.4 299.0 205.9 432.9 80
2021000000437392 0.095 324.2 289.8 421.8 450.8 80
2021000000437392 0.094 142.4 615.7 243.1 642.2 80
2021000000437392 0.094 87.4 350.6 169.7 472.9 80
2021000000437392 0.093 93.3 616.8 195.3 645.1 80
2021000000437392 0.091 -23.7 603.3 40.3 642.1 80
2021000000437392 0.090 146.8 0.9 216.7 4.9 80
2021000000437392 0.088 46.7 322.1 119.3 438.6 80
2021000000437392 0.086 11.9 328.7 80.8 449.8 80
2021000000437392 0.086 178.5 96.2 389.5 262.4 11
2021000000437392 0.085 224.8 343.7 321.4 421.4 8
2021000000437392 0.085 -17.1 313.2 46.3 421.2 80
2021000000437392 0.085 57.9 387.7 146.1 540.3 80
2021000000437392 0.080 67.9 90.0 396.9 649.5 18
2021000000437392 0.079 -13.9 551.2 52.5 609.3 80
2021000000437392 0.079 -8.4 342.8 66.9 560.5 80
2021000000437392 0.078 -1.6 1.3 56.7 3.4 80
2021000000437392 0.078 25.6 373.1 106.7 564.5 80
2021000000437392 0.078 299.8 46.4 350.4 110.1 80
2021000000437392 0.077 178.5 96.2 389.5 262.4 10
2021000000437392 0.077 209.5 567.3 299.4 627.5 80
2021000000437392 0.076 279.7 555.9 366.2 621.5 80
2021000000437392 0.075 71.7 177.9 398.3 637.6 14
2021000000437392 0.075 -1.4 525.6 83.2 592.3 80
2021000000437392 0.075 173.0 96.6 392.3 265.1 11
2021000000437392 0.075 35.9 1.3 91.1 3.0 80
2021000000437392 0.073 314.0 368.1 432.9 666.8 80
2021000000437392 0.072 186.6 194.7 374.4 421.1 14
2021000000437392 0.072 428.9 5.1 478.9 56.8 1
2021000000437392 0.070 173.0 96.6 392.3 265.1 10
2021000000437392 0.070 71.7 177.9 398.3 637.6 8
2021000000437392 0.069 -26.7 73.3 42.0 144.4 80
2021000000437392 0.069 -30.4 10.6 108.6 74.8 80
2021000000437392 0.068 178.5 96.2 389.5 262.4 3
2021000000437392 0.068 24.9 11.3 167.5 74.6 80
2021000000437392 0.068 157.1 0.6 213.0 53.7 80
2021000000437392 0.068 -19.4 15.8 52.8 80.4 80
2021000000437392 0.068 97.0 10.2 223.9 72.2 80
2021000000437392 0.769 406.6 300.5 479.2 623.6 80
2021000000437392 0.764 460.8 483.0 481.1 631.0 80
2021000000437392 0.762 361.4 263.9 483.9 627.7 80
2021000000437392 0.762 66.4 161.9 456.9 636.3 80
2021000000437392 0.761 86.6 496.9 184.6 633.0 80
2021000000437392 0.761 79.4 284.8 310.8 623.3 80
2021000000437392 0.756 73.8 152.5 469.1 624.5 80
2021000000437392 0.754 142.7 378.8 382.8 630.7 80
2021000000437392 0.754 365.1 8.6 485.1 624.3 80
2021000000437392 0.752 72.0 203.5 413.7 639.0 80
2021000000437392 0.748 372.6 445.9 480.1 631.2 80
2021000000437392 0.746 67.8 151.9 395.0 640.7 80
2021000000437392 0.744 66.3 101.1 408.4 650.2 80
2021000000437392 0.743 177.4 121.8 392.1 286.6 80
2021000000437392 0.742 85.9 490.4 183.0 632.9 80
2021000000437392 0.741 342.0 242.2 390.1 324.5 80
2021000000437392 0.737 156.1 112.9 395.2 512.9 80
2021000000437392 0.736 322.7 264.3 352.0 282.2 80
2021000000437392 0.733 474.8 271.6 480.4 603.2 80
2021000000437392 0.733 475.6 292.8 480.7 383.8 80
2021000000437392 0.733 304.1 24.9 332.3 41.2 80
2021000000437392 0.731 453.3 11.5 482.5 637.6 80
2021000000437392 0.730 357.8 27.5 399.1 66.9 80
2021000000437392 0.719 3.4 5.3 479.4 639.6 80
2021000000437392 0.717 418.0 9.2 456.7 60.2 80
2021000000437392 0.717 280.3 347.0 318.9 419.1 80
2021000000437392 0.712 217.4 323.2 331.1 412.6 80
2021000000437392 0.709 175.0 102.5 386.5 259.5 80
2021000000437392 0.709 74.3 301.6 397.6 636.5 80
2021000000437392 0.707 278.9 6.0 300.8 27.5 80
2021000000437392 0.707 459.0 454.2 480.1 606.3 80
2021000000437392 0.702 80.0 337.2 388.3 635.5 80
2021000000437392 0.701 462.1 467.0 480.4 603.4 80
2021000000437392 0.701 459.2 -4.7 480.2 85.2 80
2021000000437392 0.701 188.6 195.1 370.1 350.0 80
2021000000437392 0.699 333.3 1.1 389.1 9.2 80
2021000000437392 0.692 186.6 194.7 374.4 421.1 80
2021000000437392 0.690 0.8 368.8 2.8 615.7 80
2021000000437392 0.674 428.9 5.1 478.9 56.8 80
2021000000437392 0.619 173.0 96.6 392.3 265.1 80
2021000000437392 0.591 178.5 96.2 389.5 262.4 80
2021000000437392 0.552 224.8 343.7 321.4 421.4 80
2021000000437392 0.546 67.9 90.0 396.9 649.5 80
2021000000437392 0.314 71.7 177.9 398.3 637.6 80
2021000000437392 0.268 71.7 177.9 398.3 637.6 18
2021000000437392 0.129 300.0 181.2 374.1 258.2 80
2021000000437392 0.128 224.8 343.7 321.4 421.4 14
2021000000437392 0.126 -85.1 634.6 313.1 642.9 80
2021000000437392 0.122 127.4 206.3 265.8 440.6 80
2021000000437392 0.120 188.4 3.0 282.2 33.5 80
2021000000437392 0.119 419.6 210.1 499.8 376.9 80
2021000000437392 0.117 153.4 174.4 268.3 343.1 80
2021000000437392 0.113 337.6 336.7 440.7 524.9 80
2021000000437392 0.111 382.0 149.3 488.7 468.7 80
2021000000437392 0.109 127.7 466.1 205.7 557.9 80
2021000000437392 0.108 307.7 400.5 407.9 526.7 80
2021000000437392 0.107 380.2 2.6 463.4 15.3 80
2021000000437392 0.102 106.8 414.6 190.0 526.5 80
2021000000437392 0.101 138.2 362.7 227.2 486.1 80
2021000000437392 0.100 296.0 315.2 393.8 461.7 80
2021000000437392 0.098 353.5 215.4 457.1 460.5 80
2021000000437392 0.096 77.6 295.0 146.0 383.1 80
2021000000437392 0.095 117.4 299.0 205.9 432.9 80
2021000000437392 0.095 324.2 289.8 421.8 450.8 80
2021000000437392 0.094 142.4 615.7 243.1 642.2 80
2021000000437392 0.094 87.4 350.6 169.7 472.9 80
2021000000437392 0.093 93.3 616.8 195.3 645.1 80
2021000000437392 0.091 -23.7 603.3 40.3 642.1 80
2021000000437392 0.090 146.8 0.9 216.7 4.9 80
2021000000437392 0.088 46.7 322.1 119.3 438.6 80
2021000000437392 0.086 11.9 328.7 80.8 449.8 80
2021000000437392 0.086 178.5 96.2 389.5 262.4 11
2021000000437392 0.085 224.8 343.7 321.4 421.4 8
2021000000437392 0.085 -17.1 313.2 46.3 421.2 80
2021000000437392 0.085 57.9 387.7 146.1 540.3 80
2021000000437392 0.080 67.9 90.0 396.9 649.5 18
2021000000437392 0.079 -13.9 551.2 52.5 609.3 80
2021000000437392 0.079 -8.4 342.8 66.9 560.5 80
2021000000437392 0.078 -1.6 1.3 56.7 3.4 80
2021000000437392 0.078 25.6 373.1 106.7 564.5 80
2021000000437392 0.078 299.8 46.4 350.4 110.1 80
2021000000437392 0.077 178.5 96.2 389.5 262.4 10
2021000000437392 0.077 209.5 567.3 299.4 627.5 80
2021000000437392 0.076 279.7 555.9 366.2 621.5 80
2021000000437392 0.075 71.7 177.9 398.3 637.6 14
2021000000437392 0.075 -1.4 525.6 83.2 592.3 80
2021000000437392 0.075 173.0 96.6 392.3 265.1 11
2021000000437392 0.075 35.9 1.3 91.1 3.0 80
2021000000437392 0.073 314.0 368.1 432.9 666.8 80
2021000000437392 0.072 186.6 194.7 374.4 421.1 14
2021000000437392 0.072 428.9 5.1 478.9 56.8 1
2021000000437392 0.070 173.0 96.6 392.3 265.1 10
2021000000437392 0.070 71.7 177.9 398.3 637.6 8
2021000000437392 0.069 -26.7 73.3 42.0 144.4 80
2021000000437392 0.069 -30.4 10.6 108.6 74.8 80
2021000000437392 0.068 178.5 96.2 389.5 262.4 3
2021000000437392 0.068 24.9 11.3 167.5 74.6 80
2021000000437392 0.068 157.1 0.6 213.0 53.7 80
2021000000437392 0.068 -19.4 15.8 52.8 80.4 80
2021000000437392 0.068 97.0 10.2 223.9 72.2 80
2021000000437392 0.769 406.6 300.5 479.2 623.6 80
2021000000437392 0.764 460.8 483.0 481.1 631.0 80
2021000000437392 0.762 361.4 263.9 483.9 627.7 80
2021000000437392 0.762 66.4 161.9 456.9 636.3 80
2021000000437392 0.761 86.6 496.9 184.6 633.0 80
2021000000437392 0.761 79.4 284.8 310.8 623.3 80
2021000000437392 0.756 73.8 152.5 469.1 624.5 80
2021000000437392 0.754 142.7 378.8 382.8 630.7 80
2021000000437392 0.754 365.1 8.6 485.1 624.3 80
2021000000437392 0.752 72.0 203.5 413.7 639.0 80
2021000000437392 0.748 372.6 445.9 480.1 631.2 80
2021000000437392 0.746 67.8 151.9 395.0 640.7 80
2021000000437392 0.744 66.3 101.1 408.4 650.2 80
2021000000437392 0.743 177.4 121.8 392.1 286.6 80
2021000000437392 0.742 85.9 490.4 183.0 632.9 80
2021000000437392 0.741 342.0 242.2 390.1 324.5 80
2021000000437392 0.737 156.1 112.9 395.2 512.9 80
2021000000437392 0.736 322.7 264.3 352.0 282.2 80
2021000000437392 0.733 474.8 271.6 480.4 603.2 80
2021000000437392 0.733 475.6 292.8 480.7 383.8 80
2021000000437392 0.733 304.1 24.9 332.3 41.2 80
2021000000437392 0.731 453.3 11.5 482.5 637.6 80
2021000000437392 0.730 357.8 27.5 399.1 66.9 80
2021000000437392 0.719 3.4 5.3 479.4 639.6 80
2021000000437392 0.717 418.0 9.2 456.7 60.2 80
2021000000437392 0.717 280.3 347.0 318.9 419.1 80
2021000000437392 0.712 217.4 323.2 331.1 412.6 80
2021000000437392 0.709 175.0 102.5 386.5 259.5 80
2021000000437392 0.709 74.3 301.6 397.6 636.5 80
2021000000437392 0.707 278.9 6.0 300.8 27.5 80
2021000000437392 0.707 459.0 454.2 480.1 606.3 80
2021000000437392 0.702 80.0 337.2 388.3 635.5 80
2021000000437392 0.701 462.1 467.0 480.4 603.4 80
2021000000437392 0.701 459.2 -4.7 480.2 85.2 80
2021000000437392 0.701 188.6 195.1 370.1 350.0 80
2021000000437392 0.699 333.3 1.1 389.1 9.2 80
2021000000437392 0.692 186.6 194.7 374.4 421.1 80
2021000000437392 0.690 0.8 368.8 2.8 615.7 80
2021000000437392 0.674 428.9 5.1 478.9 56.8 80
2021000000437392 0.619 173.0 96.6 392.3 265.1 80
2021000000437392 0.591 178.5 96.2 389.5 262.4 80
2021000000437392 0.552 224.8 343.7 321.4 421.4 80
2021000000437392 0.546 67.9 90.0 396.9 649.5 80
2021000000437392 0.314 71.7 177.9 398.3 637.6 80
2021000000437392 0.268 71.7 177.9 398.3 637.6 18
2021000000437392 0.129 300.0 181.2 374.1 258.2 80
2021000000437392 0.128 224.8 343.7 321.4 421.4 14
2021000000437392 0.126 -85.1 634.6 313.1 642.9 80
2021000000437392 0.122 127.4 206.3 265.8 440.6 80
2021000000437392 0.120 188.4 3.0 282.2 33.5 80
2021000000437392 0.119 419.6 210.1 499.8 376.9 80
2021000000437392 0.117 153.4 174.4 268.3 343.1 80
2021000000437392 0.113 337.6 336.7 440.7 524.9 80
2021000000437392 0.111 382.0 149.3 488.7 468.7 80
2021000000437392 0.109 127.7 466.1 205.7 557.9 80
2021000000437392 0.108 307.7 400.5 407.9 526.7 80
2021000000437392 0.107 380.2 2.6 463.4 15.3 80
2021000000437392 0.102 106.8 414.6 190.0 526.5 80
2021000000437392 0.101 138.2 362.7 227.2 486.1 80
2021000000437392 0.100 296.0 315.2 393.8 461.7 80
2021000000437392 0.098 353.5 215.4 457.1 460.5 80
2021000000437392 0.096 77.6 295.0 146.0 383.1 80
2021000000437392 0.095 117.4 299.0 205.9 432.9 80
2021000000437392 0.095 324.2 289.8 421.8 450.8 80
2021000000437392 0.094 142.4 615.7 243.1 642.2 80
2021000000437392 0.094 87.4 350.6 169.7 472.9 80
2021000000437392 0.093 93.3 616.8 195.3 645.1 80
2021000000437392 0.091 -23.7 603.3 40.3 642.1 80
2021000000437392 0.090 146.8 0.9 216.7 4.9 80
2021000000437392 0.088 46.7 322.1 119.3 438.6 80
2021000000437392 0.086 11.9 328.7 80.8 449.8 80
2021000000437392 0.086 178.5 96.2 389.5 262.4 11
2021000000437392 0.085 224.8 343.7 321.4 421.4 8
2021000000437392 0.085 -17.1 313.2 46.3 421.2 80
2021000000437392 0.085 57.9 387.7 146.1 540.3 80
2021000000437392 0.080 67.9 90.0 396.9 649.5 18
2021000000437392 0.079 -13.9 551.2 52.5 609.3 80
2021000000437392 0.079 -8.4 342.8 66.9 560.5 80
2021000000437392 0.078 -1.6 1.3 56.7 3.4 80
2021000000437392 0.078 25.6 373.1 106.7 564.5 80
2021000000437392 0.078 299.8 46.4 350.4 110.1 80
2021000000437392 0.077 178.5 96.2 389.5 262.4 10
2021000000437392 0.077 209.5 567.3 299.4 627.5 80
2021000000437392 0.076 279.7 555.9 366.2 621.5 80
2021000000437392 0.075 71.7 177.9 398.3 637.6 14
2021000000437392 0.075 -1.4 525.6 83.2 592.3 80
2021000000437392 0.075 173.0 96.6 392.3 265.1 11
2021000000437392 0.075 35.9 1.3 91.1 3.0 80
2021000000437392 0.073 314.0 368.1 432.9 666.8 80
2021000000437392 0.072 186.6 194.7 374.4 421.1 14
2021000000437392 0.072 428.9 5.1 478.9 56.8 1
2021000000437392 0.070 173.0 96.6 392.3 265.1 10
2021000000437392 0.070 71.7 177.9 398.3 637.6 8
2021000000437392 0.069 -26.7 73.3 42.0 144.4 80
2021000000437392 0.069 -30.4 10.6 108.6 74.8 80
2021000000437392 0.068 178.5 96.2 389.5 262.4 3
2021000000437392 0.068 24.9 11.3 167.5 74.6 80
2021000000437392 0.068 157.1 0.6 213.0 53.7 80
2021000000437392 0.068 -19.4 15.8 52.8 80.4 80
2021000000437392 0.068 97.0 10.2 223.9 72.2 80
