2021007807 0.732 64.9 -3.1 191.7 162.4 80
2021007807 0.717 438.0 58.1 502.1 160.6 80
2021007807 0.715 367.7 80.1 452.4 182.0 80
2021007807 0.704 349.5 70.9 451.2 180.8 80
2021007807 0.698 394.1 93.2 440.7 157.5 80
2021007807 0.679 23.5 22.8 452.8 323.7 6
2021007807 0.665 452.8 65.2 501.8 129.3 80
2021007807 0.663 469.7 341.4 499.3 375.0 80
2021007807 0.644 450.8 136.4 499.6 243.1 80
2021007807 0.636 445.4 88.9 505.6 200.2 80
2021007807 0.610 488.3 136.3 500.5 194.6 80
2021007807 0.561 444.8 147.0 499.0 195.9 80
2021007807 0.549 176.8 1.2 219.1 13.7 80
2021007807 0.539 489.1 137.3 500.6 236.7 80
2021007807 0.533 441.7 144.7 500.3 222.7 80
2021007807 0.522 495.5 138.5 500.2 271.8 80
2021007807 0.495 1.2 187.4 6.1 257.1 80
2021007807 0.357 485.5 61.1 499.7 370.3 80
2021007807 0.317 1.1 214.8 4.0 344.8 80
2021007807 0.251 0.7 2.3 4.3 85.0 80
2021007807 0.236 0.7 53.6 3.2 165.0 80
2021007807 0.227 0.7 321.4 15.3 379.8 80
2021007807 0.211 0.6 54.6 7.7 326.8 80
2021007807 0.209 0.8 36.1 7.2 222.2 80
2021007807 0.184 61.4 74.9 435.6 276.1 80
2021007807 0.184 1.0 160.0 21.0 383.9 80
2021007807 0.180 0.4 51.9 21.1 317.2 80
2021007807 0.179 441.7 144.7 500.3 222.7 6
2021007807 0.176 76.6 -0.3 456.5 6.6 80
2021007807 0.159 444.8 147.0 499.0 195.9 6
2021007807 0.154 478.2 282.2 507.0 364.3 80
2021007807 0.151 24.4 69.5 420.1 262.6 80
2021007807 0.150 56.3 85.0 449.3 269.2 80
2021007807 0.149 356.0 191.7 491.3 373.7 80
2021007807 0.148 31.1 84.1 362.6 259.8 80
2021007807 0.145 3.1 77.7 65.6 369.6 80
2021007807 0.144 50.3 211.5 309.5 349.3 80
2021007807 0.142 27.6 101.8 384.2 275.3 80
2021007807 0.142 92.4 112.5 376.9 239.2 80
2021007807 0.140 78.0 147.9 421.3 298.4 80
2021007807 0.140 110.1 221.3 395.9 351.3 80
2021007807 0.140 17.4 194.6 175.7 372.2 80
2021007807 0.138 56.1 131.5 411.3 285.5 80
2021007807 0.136 116.0 142.0 441.6 286.1 80
2021007807 0.135 301.8 334.2 421.7 371.8 80
2021007807 0.135 104.3 191.6 396.5 323.6 80
2021007807 0.134 183.2 206.5 436.6 333.4 80
2021007807 0.134 52.4 184.3 357.8 311.3 80
2021007807 0.133 164.3 359.4 332.3 377.7 80
2021007807 0.132 235.9 193.5 467.1 331.5 80
2021007807 0.132 146.6 202.8 281.3 287.9 80
2021007807 0.131 10.8 173.6 269.6 317.7 80
2021007807 0.130 70.0 327.6 202.8 370.9 80
2021007807 0.130 164.4 353.9 315.9 374.9 80
2021007807 0.130 342.0 357.8 452.6 378.9 80
2021007807 0.130 142.7 161.7 389.8 277.5 80
2021007807 0.129 489.1 137.3 500.6 236.7 6
2021007807 0.129 20.2 147.9 312.0 285.2 80
2021007807 0.128 28.8 195.0 87.5 267.7 80
2021007807 0.128 10.3 128.7 199.6 296.0 80
2021007807 0.127 231.7 212.2 402.4 289.5 80
2021007807 0.127 124.4 175.8 343.1 268.0 80
2021007807 0.126 57.3 115.1 270.4 276.5 80
2021007807 0.126 206.5 334.3 333.1 369.1 80
2021007807 0.125 190.3 165.1 379.0 278.6 80
2021007807 0.124 149.3 179.1 346.8 278.6 80
2021007807 0.124 28.9 95.9 334.6 253.2 80
2021007807 0.124 434.9 88.7 520.7 230.7 80
2021007807 0.124 143.4 329.0 275.0 367.9 80
2021007807 0.123 20.8 333.6 92.5 372.3 80
2021007807 0.122 25.1 109.4 231.6 251.6 80
2021007807 0.122 20.0 114.5 254.1 247.5 80
2021007807 0.122 329.2 257.8 432.0 325.2 80
2021007807 0.120 260.7 350.8 380.2 376.0 80
2021007807 0.120 404.2 344.1 492.7 372.2 80
2021007807 0.119 51.8 355.8 164.9 378.1 80
2021007807 0.119 -180.8 -1.2 243.1 12.6 80
2021007807 0.118 365.0 219.8 492.1 318.0 80
2021007807 0.117 3.5 65.4 324.1 195.6 80
2021007807 0.116 -140.5 -0.7 358.5 12.7 80
2021007807 0.116 23.5 22.8 452.8 323.7 80
2021007807 0.115 119.1 352.6 236.9 376.7 80
2021007807 0.114 -15.4 101.7 244.7 226.9 80
2021007807 0.111 -100.8 26.3 299.8 129.9 80
2021007807 0.110 131.7 119.8 500.0 250.9 80
2021007807 0.110 8.8 66.9 424.1 183.0 80
2021007807 0.109 37.5 77.3 471.9 183.8 80
2021007807 0.108 80.9 90.1 502.5 204.8 80
2021007807 0.108 149.8 132.3 550.7 256.7 80
2021007807 0.106 156.1 76.9 591.7 186.3 80
2021007807 0.106 191.8 117.7 612.5 236.4 80
2021007807 0.106 -112.1 60.7 258.4 130.7 80
2021007807 0.105 -154.4 17.5 240.6 64.3 80
2021007807 0.103 107.6 31.2 575.4 123.7 80
2021007807 0.103 33.9 2.0 532.1 61.7 80
2021007807 0.102 -85.2 -11.1 408.4 40.2 80
2021007807 0.099 -56.2 -5.8 442.5 50.2 80
2021007807 0.099 267.0 -8.3 673.5 32.3 80
2021007807 0.094 75.3 -1.4 574.3 25.5 80
2021007807 0.093 1.2 -0.1 500.2 26.8 80
2021007807 0.732 64.9 -3.1 191.7 162.4 80
2021007807 0.717 438.0 58.1 502.1 160.6 80
2021007807 0.715 367.7 80.1 452.4 182.0 80
2021007807 0.704 349.5 70.9 451.2 180.8 80
2021007807 0.698 394.1 93.2 440.7 157.5 80
2021007807 0.679 23.5 22.8 452.8 323.7 6
2021007807 0.665 452.8 65.2 501.8 129.3 80
2021007807 0.663 469.7 341.4 499.3 375.0 80
2021007807 0.644 450.8 136.4 499.6 243.1 80
2021007807 0.636 445.4 88.9 505.6 200.2 80
2021007807 0.610 488.3 136.3 500.5 194.6 80
2021007807 0.561 444.8 147.0 499.0 195.9 80
2021007807 0.549 176.8 1.2 219.1 13.7 80
2021007807 0.539 489.1 137.3 500.6 236.7 80
2021007807 0.533 441.7 144.7 500.3 222.7 80
2021007807 0.522 495.5 138.5 500.2 271.8 80
2021007807 0.495 1.2 187.4 6.1 257.1 80
2021007807 0.357 485.5 61.1 499.7 370.3 80
2021007807 0.317 1.1 214.8 4.0 344.8 80
2021007807 0.251 0.7 2.3 4.3 85.0 80
2021007807 0.236 0.7 53.6 3.2 165.0 80
2021007807 0.227 0.7 321.4 15.3 379.8 80
2021007807 0.211 0.6 54.6 7.7 326.8 80
2021007807 0.209 0.8 36.1 7.2 222.2 80
2021007807 0.184 61.4 74.9 435.6 276.1 80
2021007807 0.184 1.0 160.0 21.0 383.9 80
2021007807 0.180 0.4 51.9 21.1 317.2 80
2021007807 0.179 441.7 144.7 500.3 222.7 6
2021007807 0.176 76.6 -0.3 456.5 6.6 80
2021007807 0.159 444.8 147.0 499.0 195.9 6
2021007807 0.154 478.2 282.2 507.0 364.3 80
2021007807 0.151 24.4 69.5 420.1 262.6 80
2021007807 0.150 56.3 85.0 449.3 269.2 80
2021007807 0.149 356.0 191.7 491.3 373.7 80
2021007807 0.148 31.1 84.1 362.6 259.8 80
2021007807 0.145 3.1 77.7 65.6 369.6 80
2021007807 0.144 50.3 211.5 309.5 349.3 80
2021007807 0.142 27.6 101.8 384.2 275.3 80
2021007807 0.142 92.4 112.5 376.9 239.2 80
2021007807 0.140 78.0 147.9 421.3 298.4 80
2021007807 0.140 110.1 221.3 395.9 351.3 80
2021007807 0.140 17.4 194.6 175.7 372.2 80
2021007807 0.138 56.1 131.5 411.3 285.5 80
2021007807 0.136 116.0 142.0 441.6 286.1 80
2021007807 0.135 301.8 334.2 421.7 371.8 80
2021007807 0.135 104.3 191.6 396.5 323.6 80
2021007807 0.134 183.2 206.5 436.6 333.4 80
2021007807 0.134 52.4 184.3 357.8 311.3 80
2021007807 0.133 164.3 359.4 332.3 377.7 80
2021007807 0.132 235.9 193.5 467.1 331.5 80
2021007807 0.132 146.6 202.8 281.3 287.9 80
2021007807 0.131 10.8 173.6 269.6 317.7 80
2021007807 0.130 70.0 327.6 202.8 370.9 80
2021007807 0.130 164.4 353.9 315.9 374.9 80
2021007807 0.130 342.0 357.8 452.6 378.9 80
2021007807 0.130 142.7 161.7 389.8 277.5 80
2021007807 0.129 489.1 137.3 500.6 236.7 6
2021007807 0.129 20.2 147.9 312.0 285.2 80
2021007807 0.128 28.8 195.0 87.5 267.7 80
2021007807 0.128 10.3 128.7 199.6 296.0 80
2021007807 0.127 231.7 212.2 402.4 289.5 80
2021007807 0.127 124.4 175.8 343.1 268.0 80
2021007807 0.126 57.3 115.1 270.4 276.5 80
2021007807 0.126 206.5 334.3 333.1 369.1 80
2021007807 0.125 190.3 165.1 379.0 278.6 80
2021007807 0.124 149.3 179.1 346.8 278.6 80
2021007807 0.124 28.9 95.9 334.6 253.2 80
2021007807 0.124 434.9 88.7 520.7 230.7 80
2021007807 0.124 143.4 329.0 275.0 367.9 80
2021007807 0.123 20.8 333.6 92.5 372.3 80
2021007807 0.122 25.1 109.4 231.6 251.6 80
2021007807 0.122 20.0 114.5 254.1 247.5 80
2021007807 0.122 329.2 257.8 432.0 325.2 80
2021007807 0.120 260.7 350.8 380.2 376.0 80
2021007807 0.120 404.2 344.1 492.7 372.2 80
2021007807 0.119 51.8 355.8 164.9 378.1 80
2021007807 0.119 -180.8 -1.2 243.1 12.6 80
2021007807 0.118 365.0 219.8 492.1 318.0 80
2021007807 0.117 3.5 65.4 324.1 195.6 80
2021007807 0.116 -140.5 -0.7 358.5 12.7 80
2021007807 0.116 23.5 22.8 452.8 323.7 80
2021007807 0.115 119.1 352.6 236.9 376.7 80
2021007807 0.114 -15.4 101.7 244.7 226.9 80
2021007807 0.111 -100.8 26.3 299.8 129.9 80
2021007807 0.110 131.7 119.8 500.0 250.9 80
2021007807 0.110 8.8 66.9 424.1 183.0 80
2021007807 0.109 37.5 77.3 471.9 183.8 80
2021007807 0.108 80.9 90.1 502.5 204.8 80
2021007807 0.108 149.8 132.3 550.7 256.7 80
2021007807 0.106 156.1 76.9 591.7 186.3 80
2021007807 0.106 191.8 117.7 612.5 236.4 80
2021007807 0.106 -112.1 60.7 258.4 130.7 80
2021007807 0.105 -154.4 17.5 240.6 64.3 80
2021007807 0.103 107.6 31.2 575.4 123.7 80
2021007807 0.103 33.9 2.0 532.1 61.7 80
2021007807 0.102 -85.2 -11.1 408.4 40.2 80
2021007807 0.099 -56.2 -5.8 442.5 50.2 80
2021007807 0.099 267.0 -8.3 673.5 32.3 80
2021007807 0.094 75.3 -1.4 574.3 25.5 80
2021007807 0.093 1.2 -0.1 500.2 26.8 80
2021007807 0.000 242.0 73.2 372.7 227.7 80
2021007807 0.000 0.9 43.1 103.5 247.8 80
2021007807 0.000 143.7 135.9 210.3 202.4 80
2021007807 0.000 211.4 111.8 275.3 178.0 80
2021007807 0.000 371.0 109.2 486.3 268.7 80
2021007807 0.000 255.8 137.9 317.1 204.5 80
2021007807 0.000 156.6 31.4 304.0 211.6 80
2021007807 0.000 45.5 217.8 107.4 288.9 80
2021007807 0.000 136.3 82.3 207.6 151.5 80
2021007807 0.000 81.5 117.6 146.9 186.5 80
2021007807 0.000 197.9 51.8 272.4 119.8 80
2021007807 0.000 453.6 128.4 499.6 211.2 80
2021007807 0.000 387.8 97.3 461.7 164.2 80
2021007807 0.000 348.6 145.3 411.0 211.1 80
2021007807 0.000 136.9 218.3 201.8 292.7 80
2021007807 0.000 19.5 26.1 206.5 194.8 80
2021007807 0.000 1.5 201.3 48.0 285.0 80
2021007807 0.000 297.9 170.7 359.9 236.2 80
2021007807 0.000 453.4 192.9 499.6 275.6 80
2021007807 0.000 356.3 197.7 415.7 265.7 80
2021007807 0.000 313.5 100.9 376.2 167.7 80
2021007807 0.000 323.9 8.3 496.6 191.8 80
2021007807 0.000 287.5 132.8 485.8 257.7 80
2021007807 0.000 205.6 160.1 267.3 225.4 80
2021007807 0.000 0.9 125.8 102.1 357.9 80
2021007807 0.000 33.3 127.4 166.8 276.8 80
2021007807 0.000 1.0 151.5 47.1 234.6 80
2021007807 0.000 89.9 187.8 149.8 253.9 80
2021007807 0.000 449.0 54.1 499.7 153.4 80
2021007807 0.000 117.9 161.9 233.2 316.5 80
2021007807 0.000 218.0 251.8 286.7 331.9 80
2021007807 0.000 149.3 172.2 210.8 237.6 80
2021007807 0.000 410.1 176.6 474.8 242.3 80
2021007807 0.000 27.0 155.1 94.9 220.9 80
2021007807 0.000 323.9 218.2 384.1 295.1 80
2021007807 0.000 202.7 116.7 319.1 275.9 80
2021007807 0.000 177.6 56.6 471.2 267.4 80
2021007807 0.000 252.3 124.0 366.8 347.9 80
2021007807 0.000 0.5 90.4 51.3 173.8 80
2021007807 0.000 0.7 22.0 51.8 106.0 80
2021007807 0.000 46.4 108.1 284.6 258.9 80
2021007807 0.000 101.1 50.5 245.1 317.1 80
2021007807 0.000 255.5 3.7 329.5 73.3 80
2021007807 0.000 322.9 47.5 406.2 116.3 80
2021007807 0.000 43.3 21.4 383.8 258.4 80
2021007807 0.000 0.6 249.6 58.3 369.8 80
2021007807 0.000 178.6 220.3 238.0 300.5 80
2021007807 0.000 442.7 245.1 499.6 368.5 80
2021007807 0.000 398.6 113.5 499.6 355.5 80
2021007807 0.000 10.6 10.6 491.5 199.6 80
2021007807 0.000 258.6 42.4 428.2 311.1 80
2021007807 0.000 90.0 16.9 408.1 364.6 80
2021007807 0.000 256.1 169.2 365.6 301.9 80
2021007807 0.000 -2.4 5.4 286.1 371.6 80
2021007807 0.000 8.1 89.0 229.6 370.1 80
2021007807 0.000 0.7 22.9 146.6 363.6 80
2021007807 0.000 213.1 6.1 497.0 372.7 80
2021007807 0.000 131.2 78.4 368.1 365.5 80
2021007807 0.000 156.2 201.7 351.1 369.4 80
2021007807 0.000 170.3 106.4 310.3 353.3 80
2021007807 0.000 153.4 21.0 355.4 360.9 80
2021007807 0.000 357.6 18.1 500.9 361.1 80
2021007807 0.000 68.8 68.1 447.4 321.4 80
2021007807 0.000 177.0 8.2 417.9 127.1 80
2021007807 0.000 43.6 254.9 289.5 373.6 80
2021007807 0.000 2.3 68.4 366.1 369.3 80
2021007807 0.000 5.1 279.1 130.5 374.3 80
2021007807 0.000 12.0 183.0 185.2 365.8 80
2021007807 0.000 305.3 180.1 482.3 365.0 80
2021007807 0.000 220.0 199.0 278.3 264.7 80
2021007807 0.000 24.3 146.3 338.1 364.6 80
2021007807 0.000 2.5 1.3 412.8 373.0 80
2021007807 0.000 150.8 131.3 355.6 228.6 80
2021007807 0.000 274.3 86.1 490.6 373.1 80
2021007807 0.000 3.0 228.5 496.0 374.4 80
2021007807 0.000 220.7 257.3 474.7 373.5 80
2021007807 0.000 84.5 1.1 496.2 372.9 80
2021007807 0.000 158.6 67.8 495.0 371.2 80
2021007807 0.000 157.9 150.5 463.3 364.9 80
2021007807 0.000 362.6 245.1 494.3 368.9 80
2021007807 0.000 44.4 60.6 117.3 136.8 80
2021007807 0.000 129.9 101.9 365.9 294.0 80
2021007807 0.000 22.3 43.4 477.5 366.6 80
2021007807 0.000 60.2 142.4 409.5 272.0 80
2021007807 0.000 0.4 100.8 499.0 366.5 80
2021007807 0.000 244.0 202.0 298.7 273.9 80
2021007807 0.000 12.6 94.7 489.8 271.8 80
2021007807 0.000 0.8 0.3 499.7 373.9 80
2021007807 0.000 1.3 18.3 498.9 309.8 80
2021007807 0.000 286.3 250.3 340.8 319.0 80
2021007807 0.000 424.2 6.2 498.9 85.7 80
2021007807 0.000 12.6 94.7 489.8 271.8 0
2021007807 0.000 0.8 0.3 499.7 373.9 7
2021007807 0.000 8.1 89.0 229.6 370.1 14
2021007807 0.000 258.6 42.4 428.2 311.1 14
2021007807 0.000 101.1 50.5 245.1 317.1 14
2021007807 0.000 170.3 106.4 310.3 353.3 14
2021007807 0.000 274.3 86.1 490.6 373.1 14
2021007807 0.000 153.4 21.0 355.4 360.9 14
2021007807 0.000 213.1 6.1 497.0 372.7 14
