2021000000157046 0.703 322.0 213.6 440.0 375.8 80
2021000000157046 0.697 152.8 208.0 487.5 355.5 80
2021000000157046 0.694 331.7 214.3 462.2 376.8 80
2021000000157046 0.687 330.1 219.1 451.6 326.7 80
2021000000157046 0.685 11.0 58.5 219.4 354.3 80
2021000000157046 0.683 438.1 91.1 496.0 219.5 80
2021000000157046 0.679 0.3 195.6 25.2 371.6 80
2021000000157046 0.678 162.3 153.3 493.5 359.5 80
2021000000157046 0.672 339.8 222.6 505.2 370.5 80
2021000000157046 0.669 132.0 3.1 289.9 51.6 80
2021000000157046 0.664 63.4 105.1 223.4 331.3 80
2021000000157046 0.656 332.3 180.0 497.7 367.8 80
2021000000157046 0.654 123.5 2.9 496.4 376.4 80
2021000000157046 0.653 403.8 205.6 503.2 371.5 80
2021000000157046 0.645 1.7 298.5 500.0 374.8 80
2021000000157046 0.640 319.4 46.8 496.4 381.6 80
2021000000157046 0.639 136.0 10.9 294.8 56.7 80
2021000000157046 0.638 3.6 193.8 501.3 377.7 80
2021000000157046 0.638 0.9 64.4 16.7 118.7 80
2021000000157046 0.637 164.3 186.0 448.9 348.5 80
2021000000157046 0.634 386.3 90.1 499.8 375.2 80
2021000000157046 0.623 347.0 81.7 497.5 382.7 80
2021000000157046 0.618 1.0 86.4 500.0 374.1 80
2021000000157046 0.615 456.7 52.1 499.1 337.2 80
2021000000157046 0.609 492.8 144.9 500.2 269.7 80
2021000000157046 0.608 398.9 174.0 498.5 362.3 80
2021000000157046 0.607 493.0 80.6 500.3 199.1 80
2021000000157046 0.601 57.4 333.9 460.6 375.5 80
2021000000157046 0.601 472.5 336.6 500.9 375.2 80
2021000000157046 0.600 345.2 196.9 501.6 371.9 80
2021000000157046 0.596 2.2 20.1 500.7 329.3 80
2021000000157046 0.577 0.5 77.3 13.8 366.8 80
2021000000157046 0.577 0.6 1.2 499.6 375.2 80
2021000000157046 0.571 1.0 78.4 9.9 227.6 80
2021000000157046 0.559 1.4 299.8 28.2 376.1 80
2021000000157046 0.524 2.4 97.9 19.7 367.8 80
2021000000157046 0.521 151.9 122.2 486.5 347.6 80
2021000000157046 0.508 201.2 332.2 459.2 374.2 80
2021000000157046 0.467 497.7 197.3 500.0 338.1 80
2021000000157046 0.444 40.6 83.4 206.1 336.3 80
2021000000157046 0.398 331.0 211.9 500.5 374.6 2
2021000000157046 0.384 -0.6 19.0 12.3 349.6 80
2021000000157046 0.340 152.9 211.9 393.2 334.0 80
2021000000157046 0.318 26.1 23.7 402.5 341.5 80
2021000000157046 0.292 387.4 35.2 515.4 394.7 80
2021000000157046 0.265 1.9 0.1 499.8 373.8 80
2021000000157046 0.263 0.7 173.1 21.9 380.5 80
2021000000157046 0.262 -2.0 17.7 28.1 366.7 80
2021000000157046 0.253 27.3 0.9 219.6 368.7 80
2021000000157046 0.218 1.9 0.1 499.8 373.8 3
2021000000157046 0.204 319.4 356.7 487.7 378.3 80
2021000000157046 0.195 1.9 0.1 499.8 373.8 4
2021000000157046 0.188 331.0 211.9 500.5 374.6 80
2021000000157046 0.175 243.3 149.5 485.4 320.5 80
2021000000157046 0.162 93.8 362.3 294.3 376.0 80
2021000000157046 0.157 74.6 301.6 378.9 378.2 80
2021000000157046 0.149 162.8 284.1 415.4 374.0 80
2021000000157046 0.146 30.8 302.1 276.9 380.2 80
2021000000157046 0.145 -0.4 78.6 77.2 368.9 80
2021000000157046 0.143 82.2 240.3 140.3 306.0 80
2021000000157046 0.138 6.3 105.1 214.5 323.0 80
2021000000157046 0.137 42.2 360.2 171.3 377.7 80
2021000000157046 0.136 14.4 339.2 95.6 374.5 80
2021000000157046 0.135 15.0 52.6 125.2 323.5 80
2021000000157046 0.135 41.1 177.4 375.1 328.6 80
2021000000157046 0.133 27.6 204.6 336.4 352.5 80
2021000000157046 0.132 -5.1 195.7 209.3 360.9 80
2021000000157046 0.130 223.4 260.8 266.0 299.4 80
2021000000157046 0.130 15.7 166.1 259.4 322.5 80
2021000000157046 0.129 146.3 243.7 200.1 290.5 80
2021000000157046 0.129 70.2 190.9 236.1 290.1 80
2021000000157046 0.128 85.0 164.1 389.3 297.9 80
2021000000157046 0.125 48.2 139.1 349.7 287.2 80
2021000000157046 0.123 318.0 209.0 402.9 272.3 80
2021000000157046 0.122 144.8 162.4 386.0 289.9 80
2021000000157046 0.121 331.0 211.9 500.5 374.6 7
2021000000157046 0.119 363.9 189.9 457.3 287.3 80
2021000000157046 0.118 20.8 167.5 78.0 241.5 80
2021000000157046 0.118 331.0 211.9 500.5 374.6 14
2021000000157046 0.117 232.0 166.1 377.7 265.4 80
2021000000157046 0.117 243.0 240.9 342.8 295.8 80
2021000000157046 0.114 214.0 157.4 445.5 263.1 80
2021000000157046 0.113 23.3 92.7 305.9 192.7 80
2021000000157046 0.112 106.4 104.4 418.0 210.1 80
2021000000157046 0.112 -62.0 40.3 127.7 101.5 80
2021000000157046 0.111 33.3 78.2 402.1 174.4 80
2021000000157046 0.111 180.6 245.0 252.5 290.3 80
2021000000157046 0.109 1.9 0.1 499.8 373.8 19
2021000000157046 0.108 120.5 46.4 562.3 144.9 80
2021000000157046 0.107 186.2 29.7 603.2 115.1 80
2021000000157046 0.105 -93.1 11.0 372.7 71.0 80
2021000000157046 0.105 243.7 16.5 634.6 100.2 80
2021000000157046 0.102 -153.4 7.9 338.9 48.6 80
2021000000157046 0.100 44.2 -0.5 543.2 48.7 80
2021000000157046 0.099 -49.2 -1.2 449.8 28.6 80
2021000000157046 0.097 -201.6 -1.8 265.0 17.7 80
2021000000157046 0.096 331.0 211.9 500.5 374.6 4
2021000000157046 0.095 74.0 -1.9 573.0 27.4 80
2021000000157046 0.093 -138.1 -0.2 360.9 20.1 80
2021000000157046 0.092 -184.3 0.6 314.7 23.4 80
2021000000157046 0.703 322.0 213.6 440.0 375.8 80
2021000000157046 0.697 152.8 208.0 487.5 355.5 80
2021000000157046 0.694 331.7 214.3 462.2 376.8 80
2021000000157046 0.687 330.1 219.1 451.6 326.7 80
2021000000157046 0.685 11.0 58.5 219.4 354.3 80
2021000000157046 0.683 438.1 91.1 496.0 219.5 80
2021000000157046 0.679 0.3 195.6 25.2 371.6 80
2021000000157046 0.678 162.3 153.3 493.5 359.5 80
2021000000157046 0.672 339.8 222.6 505.2 370.5 80
2021000000157046 0.669 132.0 3.1 289.9 51.6 80
2021000000157046 0.664 63.4 105.1 223.4 331.3 80
2021000000157046 0.656 332.3 180.0 497.7 367.8 80
2021000000157046 0.654 123.5 2.9 496.4 376.4 80
2021000000157046 0.653 403.8 205.6 503.2 371.5 80
2021000000157046 0.645 1.7 298.5 500.0 374.8 80
2021000000157046 0.640 319.4 46.8 496.4 381.6 80
2021000000157046 0.639 136.0 10.9 294.8 56.7 80
2021000000157046 0.638 3.6 193.8 501.3 377.7 80
2021000000157046 0.638 0.9 64.4 16.7 118.7 80
2021000000157046 0.637 164.3 186.0 448.9 348.5 80
2021000000157046 0.634 386.3 90.1 499.8 375.2 80
2021000000157046 0.623 347.0 81.7 497.5 382.7 80
2021000000157046 0.618 1.0 86.4 500.0 374.1 80
2021000000157046 0.615 456.7 52.1 499.1 337.2 80
2021000000157046 0.609 492.8 144.9 500.2 269.7 80
2021000000157046 0.608 398.9 174.0 498.5 362.3 80
2021000000157046 0.607 493.0 80.6 500.3 199.1 80
2021000000157046 0.601 57.4 333.9 460.6 375.5 80
2021000000157046 0.601 472.5 336.6 500.9 375.2 80
2021000000157046 0.600 345.2 196.9 501.6 371.9 80
2021000000157046 0.596 2.2 20.1 500.7 329.3 80
2021000000157046 0.577 0.5 77.3 13.8 366.8 80
2021000000157046 0.577 0.6 1.2 499.6 375.2 80
2021000000157046 0.571 1.0 78.4 9.9 227.6 80
2021000000157046 0.559 1.4 299.8 28.2 376.1 80
2021000000157046 0.524 2.4 97.9 19.7 367.8 80
2021000000157046 0.521 151.9 122.2 486.5 347.6 80
2021000000157046 0.508 201.2 332.2 459.2 374.2 80
2021000000157046 0.467 497.7 197.3 500.0 338.1 80
2021000000157046 0.444 40.6 83.4 206.1 336.3 80
2021000000157046 0.398 331.0 211.9 500.5 374.6 2
2021000000157046 0.384 -0.6 19.0 12.3 349.6 80
2021000000157046 0.340 152.9 211.9 393.2 334.0 80
2021000000157046 0.318 26.1 23.7 402.5 341.5 80
2021000000157046 0.292 387.4 35.2 515.4 394.7 80
2021000000157046 0.265 1.9 0.1 499.8 373.8 80
2021000000157046 0.263 0.7 173.1 21.9 380.5 80
2021000000157046 0.262 -2.0 17.7 28.1 366.7 80
2021000000157046 0.253 27.3 0.9 219.6 368.7 80
2021000000157046 0.218 1.9 0.1 499.8 373.8 3
2021000000157046 0.204 319.4 356.7 487.7 378.3 80
2021000000157046 0.195 1.9 0.1 499.8 373.8 4
2021000000157046 0.188 331.0 211.9 500.5 374.6 80
2021000000157046 0.175 243.3 149.5 485.4 320.5 80
2021000000157046 0.162 93.8 362.3 294.3 376.0 80
2021000000157046 0.157 74.6 301.6 378.9 378.2 80
2021000000157046 0.149 162.8 284.1 415.4 374.0 80
2021000000157046 0.146 30.8 302.1 276.9 380.2 80
2021000000157046 0.145 -0.4 78.6 77.2 368.9 80
2021000000157046 0.143 82.2 240.3 140.3 306.0 80
2021000000157046 0.138 6.3 105.1 214.5 323.0 80
2021000000157046 0.137 42.2 360.2 171.3 377.7 80
2021000000157046 0.136 14.4 339.2 95.6 374.5 80
2021000000157046 0.135 15.0 52.6 125.2 323.5 80
2021000000157046 0.135 41.1 177.4 375.1 328.6 80
2021000000157046 0.133 27.6 204.6 336.4 352.5 80
2021000000157046 0.132 -5.1 195.7 209.3 360.9 80
2021000000157046 0.130 223.4 260.8 266.0 299.4 80
2021000000157046 0.130 15.7 166.1 259.4 322.5 80
2021000000157046 0.129 146.3 243.7 200.1 290.5 80
2021000000157046 0.129 70.2 190.9 236.1 290.1 80
2021000000157046 0.128 85.0 164.1 389.3 297.9 80
2021000000157046 0.125 48.2 139.1 349.7 287.2 80
2021000000157046 0.123 318.0 209.0 402.9 272.3 80
2021000000157046 0.122 144.8 162.4 386.0 289.9 80
2021000000157046 0.121 331.0 211.9 500.5 374.6 7
2021000000157046 0.119 363.9 189.9 457.3 287.3 80
2021000000157046 0.118 20.8 167.5 78.0 241.5 80
2021000000157046 0.118 331.0 211.9 500.5 374.6 14
2021000000157046 0.117 232.0 166.1 377.7 265.4 80
2021000000157046 0.117 243.0 240.9 342.8 295.8 80
2021000000157046 0.114 214.0 157.4 445.5 263.1 80
2021000000157046 0.113 23.3 92.7 305.9 192.7 80
2021000000157046 0.112 106.4 104.4 418.0 210.1 80
2021000000157046 0.112 -62.0 40.3 127.7 101.5 80
2021000000157046 0.111 33.3 78.2 402.1 174.4 80
2021000000157046 0.111 180.6 245.0 252.5 290.3 80
2021000000157046 0.109 1.9 0.1 499.8 373.8 19
2021000000157046 0.108 120.5 46.4 562.3 144.9 80
2021000000157046 0.107 186.2 29.7 603.2 115.1 80
2021000000157046 0.105 -93.1 11.0 372.7 71.0 80
2021000000157046 0.105 243.7 16.5 634.6 100.2 80
2021000000157046 0.102 -153.4 7.9 338.9 48.6 80
2021000000157046 0.100 44.2 -0.5 543.2 48.7 80
2021000000157046 0.099 -49.2 -1.2 449.8 28.6 80
2021000000157046 0.097 -201.6 -1.8 265.0 17.7 80
2021000000157046 0.096 331.0 211.9 500.5 374.6 4
2021000000157046 0.095 74.0 -1.9 573.0 27.4 80
2021000000157046 0.093 -138.1 -0.2 360.9 20.1 80
2021000000157046 0.092 -184.3 0.6 314.7 23.4 80
2021000000157046 0.000 242.0 73.2 372.7 227.7 80
2021000000157046 0.000 0.9 43.1 103.5 247.8 80
2021000000157046 0.000 143.7 135.9 210.3 202.4 80
2021000000157046 0.000 211.4 111.8 275.3 178.0 80
2021000000157046 0.000 371.0 109.2 486.3 268.7 80
2021000000157046 0.000 255.8 137.9 317.1 204.5 80
2021000000157046 0.000 156.6 31.4 304.0 211.6 80
2021000000157046 0.000 45.5 217.8 107.4 288.9 80
2021000000157046 0.000 136.3 82.3 207.6 151.5 80
2021000000157046 0.000 81.5 117.6 146.9 186.5 80
2021000000157046 0.000 197.9 51.8 272.4 119.8 80
2021000000157046 0.000 453.6 128.4 499.6 211.2 80
2021000000157046 0.000 387.8 97.3 461.7 164.2 80
2021000000157046 0.000 348.6 145.3 411.0 211.1 80
2021000000157046 0.000 136.9 218.3 201.8 292.7 80
2021000000157046 0.000 19.5 26.1 206.5 194.8 80
2021000000157046 0.000 1.5 201.3 48.0 285.0 80
2021000000157046 0.000 297.9 170.7 359.9 236.2 80
2021000000157046 0.000 453.4 192.9 499.6 275.6 80
2021000000157046 0.000 356.3 197.7 415.7 265.7 80
2021000000157046 0.000 313.5 100.9 376.2 167.7 80
2021000000157046 0.000 323.9 8.3 496.6 191.8 80
2021000000157046 0.000 287.5 132.8 485.8 257.7 80
2021000000157046 0.000 205.6 160.1 267.3 225.4 80
2021000000157046 0.000 0.9 125.8 102.1 357.9 80
2021000000157046 0.000 33.3 127.4 166.8 276.8 80
2021000000157046 0.000 1.0 151.5 47.1 234.6 80
2021000000157046 0.000 89.9 187.8 149.8 253.9 80
2021000000157046 0.000 449.0 54.1 499.7 153.4 80
2021000000157046 0.000 117.9 161.9 233.2 316.5 80
2021000000157046 0.000 218.0 251.8 286.7 331.9 80
2021000000157046 0.000 149.3 172.2 210.8 237.6 80
2021000000157046 0.000 410.1 176.6 474.8 242.3 80
2021000000157046 0.000 27.0 155.1 94.9 220.9 80
2021000000157046 0.000 323.9 218.2 384.1 295.1 80
2021000000157046 0.000 202.7 116.7 319.1 275.9 80
2021000000157046 0.000 177.6 56.6 471.2 267.4 80
2021000000157046 0.000 252.3 124.0 366.8 347.9 80
2021000000157046 0.000 0.5 90.4 51.3 173.8 80
2021000000157046 0.000 0.7 22.0 51.8 106.0 80
2021000000157046 0.000 46.4 108.1 284.6 258.9 80
2021000000157046 0.000 101.1 50.5 245.1 317.1 80
2021000000157046 0.000 255.5 3.7 329.5 73.3 80
2021000000157046 0.000 322.9 47.5 406.2 116.3 80
2021000000157046 0.000 43.3 21.4 383.8 258.4 80
2021000000157046 0.000 0.6 249.6 58.3 369.8 80
2021000000157046 0.000 178.6 220.3 238.0 300.5 80
2021000000157046 0.000 442.7 245.1 499.6 368.5 80
2021000000157046 0.000 398.6 113.5 499.6 355.5 80
2021000000157046 0.000 10.6 10.6 491.5 199.6 80
2021000000157046 0.000 258.6 42.4 428.2 311.1 80
2021000000157046 0.000 90.0 16.9 408.1 364.6 80
2021000000157046 0.000 256.1 169.2 365.6 301.9 80
2021000000157046 0.000 -2.4 5.4 286.1 371.6 80
2021000000157046 0.000 8.1 89.0 229.6 370.1 80
2021000000157046 0.000 0.7 22.9 146.6 363.6 80
2021000000157046 0.000 213.1 6.1 497.0 372.7 80
2021000000157046 0.000 131.2 78.4 368.1 365.5 80
2021000000157046 0.000 156.2 201.7 351.1 369.4 80
2021000000157046 0.000 170.3 106.4 310.3 353.3 80
2021000000157046 0.000 153.4 21.0 355.4 360.9 80
2021000000157046 0.000 357.6 18.1 500.9 361.1 80
2021000000157046 0.000 68.8 68.1 447.4 321.4 80
2021000000157046 0.000 177.0 8.2 417.9 127.1 80
2021000000157046 0.000 43.6 254.9 289.5 373.6 80
2021000000157046 0.000 2.3 68.4 366.1 369.3 80
2021000000157046 0.000 5.1 279.1 130.5 374.3 80
2021000000157046 0.000 12.0 183.0 185.2 365.8 80
2021000000157046 0.000 305.3 180.1 482.3 365.0 80
2021000000157046 0.000 220.0 199.0 278.3 264.7 80
2021000000157046 0.000 24.3 146.3 338.1 364.6 80
2021000000157046 0.000 2.5 1.3 412.8 373.0 80
2021000000157046 0.000 150.8 131.3 355.6 228.6 80
2021000000157046 0.000 274.3 86.1 490.6 373.1 80
2021000000157046 0.000 3.0 228.5 496.0 374.4 80
2021000000157046 0.000 220.7 257.3 474.7 373.5 80
2021000000157046 0.000 84.5 1.1 496.2 372.9 80
2021000000157046 0.000 158.6 67.8 495.0 371.2 80
2021000000157046 0.000 157.9 150.5 463.3 364.9 80
2021000000157046 0.000 362.6 245.1 494.3 368.9 80
2021000000157046 0.000 44.4 60.6 117.3 136.8 80
2021000000157046 0.000 129.9 101.9 365.9 294.0 80
2021000000157046 0.000 22.3 43.4 477.5 366.6 80
2021000000157046 0.000 60.2 142.4 409.5 272.0 80
2021000000157046 0.000 0.4 100.8 499.0 366.5 80
2021000000157046 0.000 244.0 202.0 298.7 273.9 80
2021000000157046 0.000 12.6 94.7 489.8 271.8 80
2021000000157046 0.000 0.8 0.3 499.7 373.9 80
2021000000157046 0.000 1.3 18.3 498.9 309.8 80
2021000000157046 0.000 286.3 250.3 340.8 319.0 80
2021000000157046 0.000 424.2 6.2 498.9 85.7 80
2021000000157046 0.000 12.6 94.7 489.8 271.8 0
2021000000157046 0.000 0.8 0.3 499.7 373.9 7
2021000000157046 0.000 8.1 89.0 229.6 370.1 14
2021000000157046 0.000 258.6 42.4 428.2 311.1 14
2021000000157046 0.000 101.1 50.5 245.1 317.1 14
2021000000157046 0.000 170.3 106.4 310.3 353.3 14
2021000000157046 0.000 274.3 86.1 490.6 373.1 14
2021000000157046 0.000 153.4 21.0 355.4 360.9 14
2021000000157046 0.000 213.1 6.1 497.0 372.7 14
