2021001051 0.718 223.6 85.0 321.5 302.1 2
2021001051 0.688 457.1 249.9 500.5 370.3 80
2021001051 0.638 463.6 349.1 497.8 374.9 80
2021001051 0.620 123.5 335.2 371.0 370.6 80
2021001051 0.618 116.2 327.9 277.7 374.1 80
2021001051 0.596 44.2 339.6 224.7 374.6 80
2021001051 0.582 166.2 321.4 294.1 372.9 80
2021001051 0.580 222.3 109.7 321.4 298.7 80
2021001051 0.567 190.7 325.3 339.3 372.8 80
2021001051 0.559 217.2 83.9 322.5 294.2 80
2021001051 0.556 166.2 72.8 331.4 313.7 80
2021001051 0.550 230.1 89.4 326.6 291.8 80
2021001051 0.541 172.8 326.0 319.1 375.2 80
2021001051 0.530 312.1 334.6 380.0 371.6 80
2021001051 0.521 481.3 -0.7 504.6 28.4 80
2021001051 0.519 345.0 1.2 442.8 17.6 80
2021001051 0.454 498.1 36.1 500.1 145.1 80
2021001051 0.452 497.3 153.0 499.9 246.5 80
2021001051 0.434 484.2 68.9 501.7 368.1 80
2021001051 0.409 301.0 334.9 350.2 373.6 80
2021001051 0.409 1.2 107.9 4.5 184.3 80
2021001051 0.403 497.6 217.3 500.1 338.6 80
2021001051 0.319 495.9 2.2 501.1 307.5 80
2021001051 0.318 484.0 16.1 503.8 389.6 80
2021001051 0.317 1.0 240.0 4.4 339.7 80
2021001051 0.304 32.4 343.1 290.4 377.8 80
2021001051 0.296 293.5 363.4 491.4 376.5 80
2021001051 0.288 301.0 334.9 350.2 373.6 2
2021001051 0.260 0.8 105.8 3.1 270.6 80
2021001051 0.232 1.1 26.0 6.4 256.8 80
2021001051 0.223 248.1 135.7 316.4 245.8 80
2021001051 0.219 0.4 5.6 4.4 80.6 80
2021001051 0.212 261.9 147.2 301.6 192.8 80
2021001051 0.211 463.9 78.3 501.6 375.8 80
2021001051 0.209 1.1 62.6 7.7 328.7 80
2021001051 0.200 -3.4 339.6 25.6 379.1 80
2021001051 0.181 1.0 30.8 18.3 329.1 80
2021001051 0.171 0.4 216.3 29.8 368.2 80
2021001051 0.167 125.1 305.9 394.7 375.7 80
2021001051 0.163 361.4 60.3 501.9 374.6 80
2021001051 0.153 331.6 263.8 498.5 371.3 80
2021001051 0.153 172.8 326.0 319.1 375.2 2
2021001051 0.152 252.8 194.5 301.2 254.5 80
2021001051 0.152 219.2 276.1 400.2 373.4 80
2021001051 0.150 66.0 274.6 285.9 365.9 80
2021001051 0.147 14.2 268.0 188.0 364.1 80
2021001051 0.146 66.1 114.5 304.3 277.9 80
2021001051 0.142 240.1 210.1 287.5 265.5 80
2021001051 0.142 418.0 102.0 495.0 376.9 80
2021001051 0.142 396.5 351.8 497.4 374.2 80
2021001051 0.141 245.8 231.0 289.2 283.0 80
2021001051 0.140 235.1 197.2 475.1 356.9 80
2021001051 0.140 156.5 201.3 352.2 349.8 80
2021001051 0.138 276.9 130.1 495.3 336.9 80
2021001051 0.137 87.3 191.3 323.9 337.6 80
2021001051 0.136 143.8 137.9 335.1 298.8 80
2021001051 0.136 106.9 101.2 393.4 288.6 80
2021001051 0.136 16.1 178.2 258.5 329.0 80
2021001051 0.135 5.2 104.2 83.1 355.4 80
2021001051 0.134 119.3 169.7 382.3 307.8 80
2021001051 0.133 14.4 347.4 110.6 373.2 80
2021001051 0.132 43.3 148.8 279.5 307.4 80
2021001051 0.130 86.4 137.9 309.6 284.6 80
2021001051 0.129 231.9 106.6 430.6 265.7 80
2021001051 0.129 228.2 143.8 435.3 297.7 80
2021001051 0.127 168.2 227.2 222.4 276.2 80
2021001051 0.127 5.5 139.0 207.1 307.1 80
2021001051 0.123 220.4 170.2 279.9 251.2 80
2021001051 0.122 290.6 117.1 496.6 262.2 80
2021001051 0.121 246.4 123.9 464.9 254.8 80
2021001051 0.120 26.4 114.5 231.3 276.3 80
2021001051 0.120 143.8 255.7 205.2 302.2 80
2021001051 0.120 110.3 198.8 177.7 254.5 80
2021001051 0.118 316.7 170.6 413.4 240.6 80
2021001051 0.118 34.3 223.6 82.6 288.5 80
2021001051 0.117 158.5 169.4 304.3 246.9 80
2021001051 0.114 -2.4 137.5 217.2 206.6 80
2021001051 0.114 129.7 117.7 321.9 189.4 80
2021001051 0.113 -27.6 103.0 143.1 166.3 80
2021001051 0.112 -53.9 34.4 121.0 85.6 80
2021001051 0.111 24.8 65.0 337.6 129.7 80
2021001051 0.110 257.4 101.4 573.0 194.0 80
2021001051 0.108 147.7 38.3 558.2 118.0 80
2021001051 0.106 50.2 186.1 205.6 271.5 80
2021001051 0.106 34.8 5.4 476.9 60.3 80
2021001051 0.106 -105.8 8.7 381.4 45.3 80
2021001051 0.105 303.3 68.1 617.0 163.8 80
2021001051 0.104 -155.3 8.5 339.4 38.0 80
2021001051 0.103 162.6 7.8 647.6 56.5 80
2021001051 0.101 270.0 9.5 686.2 61.6 80
2021001051 0.100 189.2 3.8 687.3 45.7 80
2021001051 0.100 -44.8 -0.2 454.2 28.5 80
2021001051 0.099 74.6 -2.4 573.6 30.5 80
2021001051 0.097 202.9 -1.9 701.9 18.2 80
2021001051 0.094 82.4 -2.2 581.4 19.1 80
2021001051 0.093 -192.8 -2.6 256.9 22.2 80
2021001051 0.093 -139.4 -0.4 359.6 23.3 80
2021001051 0.092 -92.9 0.5 406.1 24.5 80
2021001051 0.092 -185.6 1.5 313.2 25.0 80
2021001051 0.092 -38.1 -2.3 460.9 21.9 80
2021001051 0.718 223.6 85.0 321.5 302.1 2
2021001051 0.688 457.1 249.9 500.5 370.3 80
2021001051 0.638 463.6 349.1 497.8 374.9 80
2021001051 0.620 123.5 335.2 371.0 370.6 80
2021001051 0.618 116.2 327.9 277.7 374.1 80
2021001051 0.596 44.2 339.6 224.7 374.6 80
2021001051 0.582 166.2 321.4 294.1 372.9 80
2021001051 0.580 222.3 109.7 321.4 298.7 80
2021001051 0.567 190.7 325.3 339.3 372.8 80
2021001051 0.559 217.2 83.9 322.5 294.2 80
2021001051 0.556 166.2 72.8 331.4 313.7 80
2021001051 0.550 230.1 89.4 326.6 291.8 80
2021001051 0.541 172.8 326.0 319.1 375.2 80
2021001051 0.530 312.1 334.6 380.0 371.6 80
2021001051 0.521 481.3 -0.7 504.6 28.4 80
2021001051 0.519 345.0 1.2 442.8 17.6 80
2021001051 0.454 498.1 36.1 500.1 145.1 80
2021001051 0.452 497.3 153.0 499.9 246.5 80
2021001051 0.434 484.2 68.9 501.7 368.1 80
2021001051 0.409 301.0 334.9 350.2 373.6 80
2021001051 0.409 1.2 107.9 4.5 184.3 80
2021001051 0.403 497.6 217.3 500.1 338.6 80
2021001051 0.319 495.9 2.2 501.1 307.5 80
2021001051 0.318 484.0 16.1 503.8 389.6 80
2021001051 0.317 1.0 240.0 4.4 339.7 80
2021001051 0.304 32.4 343.1 290.4 377.8 80
2021001051 0.296 293.5 363.4 491.4 376.5 80
2021001051 0.288 301.0 334.9 350.2 373.6 2
2021001051 0.260 0.8 105.8 3.1 270.6 80
2021001051 0.232 1.1 26.0 6.4 256.8 80
2021001051 0.223 248.1 135.7 316.4 245.8 80
2021001051 0.219 0.4 5.6 4.4 80.6 80
2021001051 0.212 261.9 147.2 301.6 192.8 80
2021001051 0.211 463.9 78.3 501.6 375.8 80
2021001051 0.209 1.1 62.6 7.7 328.7 80
2021001051 0.200 -3.4 339.6 25.6 379.1 80
2021001051 0.181 1.0 30.8 18.3 329.1 80
2021001051 0.171 0.4 216.3 29.8 368.2 80
2021001051 0.167 125.1 305.9 394.7 375.7 80
2021001051 0.163 361.4 60.3 501.9 374.6 80
2021001051 0.153 331.6 263.8 498.5 371.3 80
2021001051 0.153 172.8 326.0 319.1 375.2 2
2021001051 0.152 252.8 194.5 301.2 254.5 80
2021001051 0.152 219.2 276.1 400.2 373.4 80
2021001051 0.150 66.0 274.6 285.9 365.9 80
2021001051 0.147 14.2 268.0 188.0 364.1 80
2021001051 0.146 66.1 114.5 304.3 277.9 80
2021001051 0.142 240.1 210.1 287.5 265.5 80
2021001051 0.142 418.0 102.0 495.0 376.9 80
2021001051 0.142 396.5 351.8 497.4 374.2 80
2021001051 0.141 245.8 231.0 289.2 283.0 80
2021001051 0.140 235.1 197.2 475.1 356.9 80
2021001051 0.140 156.5 201.3 352.2 349.8 80
2021001051 0.138 276.9 130.1 495.3 336.9 80
2021001051 0.137 87.3 191.3 323.9 337.6 80
2021001051 0.136 143.8 137.9 335.1 298.8 80
2021001051 0.136 106.9 101.2 393.4 288.6 80
2021001051 0.136 16.1 178.2 258.5 329.0 80
2021001051 0.135 5.2 104.2 83.1 355.4 80
2021001051 0.134 119.3 169.7 382.3 307.8 80
2021001051 0.133 14.4 347.4 110.6 373.2 80
2021001051 0.132 43.3 148.8 279.5 307.4 80
2021001051 0.130 86.4 137.9 309.6 284.6 80
2021001051 0.129 231.9 106.6 430.6 265.7 80
2021001051 0.129 228.2 143.8 435.3 297.7 80
2021001051 0.127 168.2 227.2 222.4 276.2 80
2021001051 0.127 5.5 139.0 207.1 307.1 80
2021001051 0.123 220.4 170.2 279.9 251.2 80
2021001051 0.122 290.6 117.1 496.6 262.2 80
2021001051 0.121 246.4 123.9 464.9 254.8 80
2021001051 0.120 26.4 114.5 231.3 276.3 80
2021001051 0.120 143.8 255.7 205.2 302.2 80
2021001051 0.120 110.3 198.8 177.7 254.5 80
2021001051 0.118 316.7 170.6 413.4 240.6 80
2021001051 0.118 34.3 223.6 82.6 288.5 80
2021001051 0.117 158.5 169.4 304.3 246.9 80
2021001051 0.114 -2.4 137.5 217.2 206.6 80
2021001051 0.114 129.7 117.7 321.9 189.4 80
2021001051 0.113 -27.6 103.0 143.1 166.3 80
2021001051 0.112 -53.9 34.4 121.0 85.6 80
2021001051 0.111 24.8 65.0 337.6 129.7 80
2021001051 0.110 257.4 101.4 573.0 194.0 80
2021001051 0.108 147.7 38.3 558.2 118.0 80
2021001051 0.106 50.2 186.1 205.6 271.5 80
2021001051 0.106 34.8 5.4 476.9 60.3 80
2021001051 0.106 -105.8 8.7 381.4 45.3 80
2021001051 0.105 303.3 68.1 617.0 163.8 80
2021001051 0.104 -155.3 8.5 339.4 38.0 80
2021001051 0.103 162.6 7.8 647.6 56.5 80
2021001051 0.101 270.0 9.5 686.2 61.6 80
2021001051 0.100 189.2 3.8 687.3 45.7 80
2021001051 0.100 -44.8 -0.2 454.2 28.5 80
2021001051 0.099 74.6 -2.4 573.6 30.5 80
2021001051 0.097 202.9 -1.9 701.9 18.2 80
2021001051 0.094 82.4 -2.2 581.4 19.1 80
2021001051 0.093 -192.8 -2.6 256.9 22.2 80
2021001051 0.093 -139.4 -0.4 359.6 23.3 80
2021001051 0.092 -92.9 0.5 406.1 24.5 80
2021001051 0.092 -185.6 1.5 313.2 25.0 80
2021001051 0.092 -38.1 -2.3 460.9 21.9 80
2021001051 0.000 242.0 73.2 372.7 227.7 80
2021001051 0.000 0.9 43.1 103.5 247.8 80
2021001051 0.000 143.7 135.9 210.3 202.4 80
2021001051 0.000 211.4 111.8 275.3 178.0 80
2021001051 0.000 371.0 109.2 486.3 268.7 80
2021001051 0.000 255.8 137.9 317.1 204.5 80
2021001051 0.000 156.6 31.4 304.0 211.6 80
2021001051 0.000 45.5 217.8 107.4 288.9 80
2021001051 0.000 136.3 82.3 207.6 151.5 80
2021001051 0.000 81.5 117.6 146.9 186.5 80
2021001051 0.000 197.9 51.8 272.4 119.8 80
2021001051 0.000 453.6 128.4 499.6 211.2 80
2021001051 0.000 387.8 97.3 461.7 164.2 80
2021001051 0.000 348.6 145.3 411.0 211.1 80
2021001051 0.000 136.9 218.3 201.8 292.7 80
2021001051 0.000 19.5 26.1 206.5 194.8 80
2021001051 0.000 1.5 201.3 48.0 285.0 80
2021001051 0.000 297.9 170.7 359.9 236.2 80
2021001051 0.000 453.4 192.9 499.6 275.6 80
2021001051 0.000 356.3 197.7 415.7 265.7 80
2021001051 0.000 313.5 100.9 376.2 167.7 80
2021001051 0.000 323.9 8.3 496.6 191.8 80
2021001051 0.000 287.5 132.8 485.8 257.7 80
2021001051 0.000 205.6 160.1 267.3 225.4 80
2021001051 0.000 0.9 125.8 102.1 357.9 80
2021001051 0.000 33.3 127.4 166.8 276.8 80
2021001051 0.000 1.0 151.5 47.1 234.6 80
2021001051 0.000 89.9 187.8 149.8 253.9 80
2021001051 0.000 449.0 54.1 499.7 153.4 80
2021001051 0.000 117.9 161.9 233.2 316.5 80
2021001051 0.000 218.0 251.8 286.7 331.9 80
2021001051 0.000 149.3 172.2 210.8 237.6 80
2021001051 0.000 410.1 176.6 474.8 242.3 80
2021001051 0.000 27.0 155.1 94.9 220.9 80
2021001051 0.000 323.9 218.2 384.1 295.1 80
2021001051 0.000 202.7 116.7 319.1 275.9 80
2021001051 0.000 177.6 56.6 471.2 267.4 80
2021001051 0.000 252.3 124.0 366.8 347.9 80
2021001051 0.000 0.5 90.4 51.3 173.8 80
2021001051 0.000 0.7 22.0 51.8 106.0 80
2021001051 0.000 46.4 108.1 284.6 258.9 80
2021001051 0.000 101.1 50.5 245.1 317.1 80
2021001051 0.000 255.5 3.7 329.5 73.3 80
2021001051 0.000 322.9 47.5 406.2 116.3 80
2021001051 0.000 43.3 21.4 383.8 258.4 80
2021001051 0.000 0.6 249.6 58.3 369.8 80
2021001051 0.000 178.6 220.3 238.0 300.5 80
2021001051 0.000 442.7 245.1 499.6 368.5 80
2021001051 0.000 398.6 113.5 499.6 355.5 80
2021001051 0.000 10.6 10.6 491.5 199.6 80
2021001051 0.000 258.6 42.4 428.2 311.1 80
2021001051 0.000 90.0 16.9 408.1 364.6 80
2021001051 0.000 256.1 169.2 365.6 301.9 80
2021001051 0.000 -2.4 5.4 286.1 371.6 80
2021001051 0.000 8.1 89.0 229.6 370.1 80
2021001051 0.000 0.7 22.9 146.6 363.6 80
2021001051 0.000 213.1 6.1 497.0 372.7 80
2021001051 0.000 131.2 78.4 368.1 365.5 80
2021001051 0.000 156.2 201.7 351.1 369.4 80
2021001051 0.000 170.3 106.4 310.3 353.3 80
2021001051 0.000 153.4 21.0 355.4 360.9 80
2021001051 0.000 357.6 18.1 500.9 361.1 80
2021001051 0.000 68.8 68.1 447.4 321.4 80
2021001051 0.000 177.0 8.2 417.9 127.1 80
2021001051 0.000 43.6 254.9 289.5 373.6 80
2021001051 0.000 2.3 68.4 366.1 369.3 80
2021001051 0.000 5.1 279.1 130.5 374.3 80
2021001051 0.000 12.0 183.0 185.2 365.8 80
2021001051 0.000 305.3 180.1 482.3 365.0 80
2021001051 0.000 220.0 199.0 278.3 264.7 80
2021001051 0.000 24.3 146.3 338.1 364.6 80
2021001051 0.000 2.5 1.3 412.8 373.0 80
2021001051 0.000 150.8 131.3 355.6 228.6 80
2021001051 0.000 274.3 86.1 490.6 373.1 80
2021001051 0.000 3.0 228.5 496.0 374.4 80
2021001051 0.000 220.7 257.3 474.7 373.5 80
2021001051 0.000 84.5 1.1 496.2 372.9 80
2021001051 0.000 158.6 67.8 495.0 371.2 80
2021001051 0.000 157.9 150.5 463.3 364.9 80
2021001051 0.000 362.6 245.1 494.3 368.9 80
2021001051 0.000 44.4 60.6 117.3 136.8 80
2021001051 0.000 129.9 101.9 365.9 294.0 80
2021001051 0.000 22.3 43.4 477.5 366.6 80
2021001051 0.000 60.2 142.4 409.5 272.0 80
2021001051 0.000 0.4 100.8 499.0 366.5 80
2021001051 0.000 244.0 202.0 298.7 273.9 80
2021001051 0.000 12.6 94.7 489.8 271.8 80
2021001051 0.000 0.8 0.3 499.7 373.9 80
2021001051 0.000 1.3 18.3 498.9 309.8 80
2021001051 0.000 286.3 250.3 340.8 319.0 80
2021001051 0.000 424.2 6.2 498.9 85.7 80
2021001051 0.000 12.6 94.7 489.8 271.8 0
2021001051 0.000 0.8 0.3 499.7 373.9 7
2021001051 0.000 8.1 89.0 229.6 370.1 14
2021001051 0.000 258.6 42.4 428.2 311.1 14
2021001051 0.000 101.1 50.5 245.1 317.1 14
2021001051 0.000 170.3 106.4 310.3 353.3 14
2021001051 0.000 274.3 86.1 490.6 373.1 14
2021001051 0.000 153.4 21.0 355.4 360.9 14
2021001051 0.000 213.1 6.1 497.0 372.7 14
