2021000000010764 0.789 603.9 376.2 639.3 421.6 80
2021000000010764 0.782 217.5 80.1 483.8 402.4 18
2021000000010764 0.775 235.1 87.9 372.4 317.7 80
2021000000010764 0.774 235.8 77.3 465.6 357.0 80
2021000000010764 0.774 222.8 90.2 483.1 400.9 80
2021000000010764 0.773 261.1 98.5 374.6 251.6 80
2021000000010764 0.768 18.7 58.1 624.1 395.2 80
2021000000010764 0.743 637.6 258.1 640.0 420.2 80
2021000000010764 0.737 638.9 138.6 640.0 238.3 80
2021000000010764 0.719 631.2 36.9 640.9 410.7 80
2021000000010764 0.706 1.0 131.2 3.6 146.3 80
2021000000010764 0.697 0.9 75.6 2.8 345.6 80
2021000000010764 0.133 95.6 139.1 201.4 190.3 80
2021000000010764 0.125 298.3 89.5 397.0 134.7 80
2021000000010764 0.121 229.2 6.0 349.4 21.6 80
2021000000010764 0.115 398.6 184.4 484.4 230.9 80
2021000000010764 0.115 191.4 407.0 659.7 427.4 80
2021000000010764 0.113 -55.0 413.8 459.9 427.7 80
2021000000010764 0.111 324.1 232.0 441.9 311.7 80
2021000000010764 0.108 174.1 229.5 308.2 322.7 80
