2021006717 0.696 125.2 191.0 198.0 235.0 6
2021006717 0.675 149.5 192.0 196.1 226.0 80
2021006717 0.668 135.8 187.3 189.8 226.0 80
2021006717 0.653 471.1 308.8 498.7 332.4 80
2021006717 0.638 177.8 190.1 201.2 214.5 80
2021006717 0.617 478.9 123.5 501.0 194.9 80
2021006717 0.611 155.1 192.8 195.0 229.1 80
2021006717 0.603 304.5 158.8 357.5 195.0 80
2021006717 0.598 302.9 159.8 352.6 200.0 80
2021006717 0.593 166.9 189.7 190.1 212.0 80
2021006717 0.575 300.1 157.5 356.9 195.6 6
2021006717 0.574 494.3 136.3 500.2 228.3 80
2021006717 0.569 311.2 170.4 330.2 191.3 80
2021006717 0.533 481.7 -0.1 503.4 23.6 80
2021006717 0.525 122.8 195.1 194.9 240.2 80
2021006717 0.521 300.2 158.8 350.1 192.7 80
2021006717 0.505 142.5 195.8 166.0 219.1 80
2021006717 0.503 497.0 97.8 500.4 164.4 80
2021006717 0.487 90.0 0.1 133.4 9.2 80
2021006717 0.466 497.8 206.3 500.2 289.1 80
2021006717 0.463 306.8 0.3 361.2 7.8 80
2021006717 0.453 122.3 -0.1 146.7 9.5 80
2021006717 0.423 179.7 323.1 350.6 333.4 80
2021006717 0.396 325.5 162.8 351.7 186.6 80
2021006717 0.392 494.8 88.1 500.5 300.2 80
2021006717 0.383 10.3 -0.1 49.8 5.6 80
2021006717 0.300 331.5 172.0 357.2 195.5 80
2021006717 0.278 132.3 192.5 194.7 224.7 80
2021006717 0.261 355.9 -0.1 453.1 5.1 80
2021006717 0.242 486.3 45.7 505.0 338.0 80
2021006717 0.237 0.5 2.4 3.8 54.7 80
2021006717 0.233 478.3 63.4 501.0 333.9 80
2021006717 0.232 0.7 112.3 3.0 217.1 80
2021006717 0.228 0.7 44.3 3.1 138.5 80
2021006717 0.226 137.6 233.1 162.7 255.9 80
2021006717 0.218 0.6 178.9 4.0 299.8 80
2021006717 0.200 0.8 67.9 9.0 294.6 80
2021006717 0.194 1.0 59.1 8.0 174.8 80
2021006717 0.185 117.2 322.8 240.4 334.1 80
2021006717 0.179 51.4 323.9 171.6 334.7 80
2021006717 0.179 479.5 252.7 507.5 328.0 80
2021006717 0.178 -3.8 299.0 28.1 338.0 80
2021006717 0.174 335.8 322.7 471.0 335.0 80
2021006717 0.165 0.4 174.0 31.4 337.8 80
2021006717 0.160 0.8 66.0 23.8 279.5 80
2021006717 0.156 375.6 63.6 495.8 324.6 80
2021006717 0.151 300.1 157.5 356.9 195.6 80
2021006717 0.149 -26.3 -0.9 439.1 7.4 80
2021006717 0.148 298.5 303.2 439.5 331.5 80
2021006717 0.148 162.3 319.9 351.3 332.9 80
2021006717 0.148 327.3 191.6 507.9 327.1 80
2021006717 0.144 261.2 319.1 394.0 333.9 80
2021006717 0.140 70.8 292.3 188.9 331.0 80
2021006717 0.139 282.3 227.4 322.8 257.9 80
2021006717 0.138 16.7 183.7 163.8 327.5 80
2021006717 0.138 120.6 209.6 396.5 318.7 80
2021006717 0.136 401.3 310.0 496.1 331.7 80
2021006717 0.134 276.5 133.2 491.0 284.6 80
2021006717 0.133 185.9 177.9 449.1 308.0 80
2021006717 0.133 231.5 170.2 477.6 299.6 80
2021006717 0.133 6.1 95.8 74.7 317.4 80
2021006717 0.132 18.7 305.4 97.1 331.0 80
2021006717 0.131 148.8 297.2 264.2 328.4 80
2021006717 0.130 212.9 300.4 338.9 328.7 80
2021006717 0.128 211.6 206.4 255.5 238.9 80
2021006717 0.128 128.7 181.1 382.5 297.1 80
2021006717 0.126 112.7 160.4 394.7 270.4 80
2021006717 0.123 13.6 131.8 190.1 264.3 80
2021006717 0.122 166.8 152.2 406.8 263.3 80
2021006717 0.121 417.8 157.7 493.7 285.5 80
2021006717 0.121 360.4 208.4 432.1 256.9 80
2021006717 0.121 208.1 206.4 302.7 250.3 80
2021006717 0.120 125.0 126.8 376.2 222.8 80
2021006717 0.119 298.8 188.5 382.4 236.3 80
2021006717 0.118 37.5 206.7 86.4 250.7 80
2021006717 0.118 107.1 150.9 244.5 212.7 80
2021006717 0.116 150.6 209.8 218.6 254.8 80
2021006717 0.116 226.9 220.3 293.2 260.0 80
2021006717 0.115 49.0 137.9 196.4 222.3 80
2021006717 0.113 8.8 128.0 202.3 183.2 80
2021006717 0.112 98.8 72.0 349.9 127.5 80
2021006717 0.111 -43.8 84.7 168.3 137.7 80
2021006717 0.111 75.9 87.6 266.2 149.7 80
2021006717 0.110 -186.4 0.3 311.5 11.3 80
2021006717 0.110 135.3 64.8 424.7 120.1 80
2021006717 0.110 -101.6 16.0 178.4 47.1 80
2021006717 0.110 87.2 62.3 451.1 127.7 80
2021006717 0.109 271.5 78.5 572.0 145.9 80
2021006717 0.108 117.1 -0.1 616.0 13.0 80
2021006717 0.106 413.4 68.6 526.1 148.3 80
2021006717 0.105 205.9 -1.7 704.9 11.5 80
2021006717 0.105 47.6 4.1 544.7 30.6 80
2021006717 0.103 -111.1 5.8 385.0 28.3 80
2021006717 0.102 -46.0 0.7 452.9 23.9 80
2021006717 0.102 159.9 6.5 656.3 31.5 80
2021006717 0.100 -156.7 5.7 342.1 26.8 80
2021006717 0.099 0.3 1.3 499.3 22.6 80
2021006717 0.099 376.3 7.2 596.8 41.6 80
2021006717 0.098 193.8 5.0 692.2 27.8 80
2021006717 0.093 70.5 1.3 569.5 22.8 80
2021006717 0.696 125.2 191.0 198.0 235.0 6
2021006717 0.675 149.5 192.0 196.1 226.0 80
2021006717 0.668 135.8 187.3 189.8 226.0 80
2021006717 0.653 471.1 308.8 498.7 332.4 80
2021006717 0.638 177.8 190.1 201.2 214.5 80
2021006717 0.617 478.9 123.5 501.0 194.9 80
2021006717 0.611 155.1 192.8 195.0 229.1 80
2021006717 0.603 304.5 158.8 357.5 195.0 80
2021006717 0.598 302.9 159.8 352.6 200.0 80
2021006717 0.593 166.9 189.7 190.1 212.0 80
2021006717 0.575 300.1 157.5 356.9 195.6 6
2021006717 0.574 494.3 136.3 500.2 228.3 80
2021006717 0.569 311.2 170.4 330.2 191.3 80
2021006717 0.533 481.7 -0.1 503.4 23.6 80
2021006717 0.525 122.8 195.1 194.9 240.2 80
2021006717 0.521 300.2 158.8 350.1 192.7 80
2021006717 0.505 142.5 195.8 166.0 219.1 80
2021006717 0.503 497.0 97.8 500.4 164.4 80
2021006717 0.487 90.0 0.1 133.4 9.2 80
2021006717 0.466 497.8 206.3 500.2 289.1 80
2021006717 0.463 306.8 0.3 361.2 7.8 80
2021006717 0.453 122.3 -0.1 146.7 9.5 80
2021006717 0.423 179.7 323.1 350.6 333.4 80
2021006717 0.396 325.5 162.8 351.7 186.6 80
2021006717 0.392 494.8 88.1 500.5 300.2 80
2021006717 0.383 10.3 -0.1 49.8 5.6 80
2021006717 0.300 331.5 172.0 357.2 195.5 80
2021006717 0.278 132.3 192.5 194.7 224.7 80
2021006717 0.261 355.9 -0.1 453.1 5.1 80
2021006717 0.242 486.3 45.7 505.0 338.0 80
2021006717 0.237 0.5 2.4 3.8 54.7 80
2021006717 0.233 478.3 63.4 501.0 333.9 80
2021006717 0.232 0.7 112.3 3.0 217.1 80
2021006717 0.228 0.7 44.3 3.1 138.5 80
2021006717 0.226 137.6 233.1 162.7 255.9 80
2021006717 0.218 0.6 178.9 4.0 299.8 80
2021006717 0.200 0.8 67.9 9.0 294.6 80
2021006717 0.194 1.0 59.1 8.0 174.8 80
2021006717 0.185 117.2 322.8 240.4 334.1 80
2021006717 0.179 51.4 323.9 171.6 334.7 80
2021006717 0.179 479.5 252.7 507.5 328.0 80
2021006717 0.178 -3.8 299.0 28.1 338.0 80
2021006717 0.174 335.8 322.7 471.0 335.0 80
2021006717 0.165 0.4 174.0 31.4 337.8 80
2021006717 0.160 0.8 66.0 23.8 279.5 80
2021006717 0.156 375.6 63.6 495.8 324.6 80
2021006717 0.151 300.1 157.5 356.9 195.6 80
2021006717 0.149 -26.3 -0.9 439.1 7.4 80
2021006717 0.148 298.5 303.2 439.5 331.5 80
2021006717 0.148 162.3 319.9 351.3 332.9 80
2021006717 0.148 327.3 191.6 507.9 327.1 80
2021006717 0.144 261.2 319.1 394.0 333.9 80
2021006717 0.140 70.8 292.3 188.9 331.0 80
2021006717 0.139 282.3 227.4 322.8 257.9 80
2021006717 0.138 16.7 183.7 163.8 327.5 80
2021006717 0.138 120.6 209.6 396.5 318.7 80
2021006717 0.136 401.3 310.0 496.1 331.7 80
2021006717 0.134 276.5 133.2 491.0 284.6 80
2021006717 0.133 185.9 177.9 449.1 308.0 80
2021006717 0.133 231.5 170.2 477.6 299.6 80
2021006717 0.133 6.1 95.8 74.7 317.4 80
2021006717 0.132 18.7 305.4 97.1 331.0 80
2021006717 0.131 148.8 297.2 264.2 328.4 80
2021006717 0.130 212.9 300.4 338.9 328.7 80
2021006717 0.128 211.6 206.4 255.5 238.9 80
2021006717 0.128 128.7 181.1 382.5 297.1 80
2021006717 0.126 112.7 160.4 394.7 270.4 80
2021006717 0.123 13.6 131.8 190.1 264.3 80
2021006717 0.122 166.8 152.2 406.8 263.3 80
2021006717 0.121 417.8 157.7 493.7 285.5 80
2021006717 0.121 360.4 208.4 432.1 256.9 80
2021006717 0.121 208.1 206.4 302.7 250.3 80
2021006717 0.120 125.0 126.8 376.2 222.8 80
2021006717 0.119 298.8 188.5 382.4 236.3 80
2021006717 0.118 37.5 206.7 86.4 250.7 80
2021006717 0.118 107.1 150.9 244.5 212.7 80
2021006717 0.116 150.6 209.8 218.6 254.8 80
2021006717 0.116 226.9 220.3 293.2 260.0 80
2021006717 0.115 49.0 137.9 196.4 222.3 80
2021006717 0.113 8.8 128.0 202.3 183.2 80
2021006717 0.112 98.8 72.0 349.9 127.5 80
2021006717 0.111 -43.8 84.7 168.3 137.7 80
2021006717 0.111 75.9 87.6 266.2 149.7 80
2021006717 0.110 -186.4 0.3 311.5 11.3 80
2021006717 0.110 135.3 64.8 424.7 120.1 80
2021006717 0.110 -101.6 16.0 178.4 47.1 80
2021006717 0.110 87.2 62.3 451.1 127.7 80
2021006717 0.109 271.5 78.5 572.0 145.9 80
2021006717 0.108 117.1 -0.1 616.0 13.0 80
2021006717 0.106 413.4 68.6 526.1 148.3 80
2021006717 0.105 205.9 -1.7 704.9 11.5 80
2021006717 0.105 47.6 4.1 544.7 30.6 80
2021006717 0.103 -111.1 5.8 385.0 28.3 80
2021006717 0.102 -46.0 0.7 452.9 23.9 80
2021006717 0.102 159.9 6.5 656.3 31.5 80
2021006717 0.100 -156.7 5.7 342.1 26.8 80
2021006717 0.099 0.3 1.3 499.3 22.6 80
2021006717 0.099 376.3 7.2 596.8 41.6 80
2021006717 0.098 193.8 5.0 692.2 27.8 80
2021006717 0.093 70.5 1.3 569.5 22.8 80
2021006717 0.000 0.8 39.6 103.7 219.9 80
2021006717 0.000 245.1 64.6 370.2 203.1 80
2021006717 0.000 203.1 44.4 266.1 106.7 80
2021006717 0.000 256.6 123.7 316.4 182.9 80
2021006717 0.000 372.7 97.3 484.8 238.7 80
2021006717 0.000 45.9 193.6 106.8 256.8 80
2021006717 0.000 83.8 105.7 144.8 167.7 80
2021006717 0.000 133.1 93.5 218.1 194.0 80
2021006717 0.000 390.5 85.7 458.7 145.2 80
2021006717 0.000 453.6 114.4 499.6 187.5 80
2021006717 0.000 213.4 101.7 273.6 161.0 80
2021006717 0.000 141.4 73.2 202.4 136.6 80
2021006717 0.000 22.0 26.3 202.7 174.0 80
2021006717 0.000 325.8 10.5 494.5 170.4 80
2021006717 0.000 1.5 179.1 48.0 253.0 80
2021006717 0.000 162.0 29.1 299.4 188.1 80
2021006717 0.000 349.9 130.4 409.9 189.0 80
2021006717 0.000 219.9 213.4 281.0 299.7 80
2021006717 0.000 90.6 167.7 149.2 226.6 80
2021006717 0.000 314.7 90.6 375.2 149.9 80
2021006717 0.000 357.4 176.8 415.0 236.3 80
2021006717 0.000 32.4 113.1 167.8 245.7 80
2021006717 0.000 1.0 134.7 47.1 208.2 80
2021006717 0.000 453.4 171.3 499.7 244.6 80
2021006717 0.000 0.5 112.0 102.1 317.8 80
2021006717 0.000 449.1 48.2 499.7 136.2 80
2021006717 0.000 259.7 2.5 324.6 65.8 80
2021006717 0.000 137.6 194.1 201.5 258.6 80
2021006717 0.000 298.6 152.6 359.4 210.5 80
2021006717 0.000 28.5 138.6 93.6 196.8 80
2021006717 0.000 255.4 112.1 363.3 309.4 80
2021006717 0.000 119.1 143.0 232.5 281.2 80
2021006717 0.000 149.8 153.7 210.5 211.6 80
2021006717 0.000 293.1 118.3 480.6 230.7 80
2021006717 0.000 325.6 194.5 382.1 262.6 80
2021006717 0.000 0.7 20.0 51.8 94.1 80
2021006717 0.000 219.9 176.7 278.2 235.5 80
2021006717 0.000 48.8 19.0 377.9 228.3 80
2021006717 0.000 410.2 156.8 474.8 215.0 80
2021006717 0.000 205.3 105.0 317.1 249.4 80
2021006717 0.000 0.7 221.7 58.3 328.6 80
2021006717 0.000 180.1 197.3 238.1 264.5 80
2021006717 0.000 177.0 51.2 471.7 236.8 80
2021006717 0.000 49.5 97.5 281.8 229.4 80
2021006717 0.000 325.8 41.4 402.7 103.4 80
2021006717 0.000 101.1 43.9 244.3 277.4 80
2021006717 0.000 0.3 80.7 51.5 154.3 80
2021006717 0.000 206.3 143.0 267.2 201.4 80
2021006717 0.000 442.7 217.4 499.6 327.4 80
2021006717 0.000 15.1 12.8 486.3 174.5 80
2021006717 0.000 398.5 98.9 499.4 315.8 80
2021006717 0.000 1.5 5.5 282.2 329.9 80
2021006717 0.000 94.9 14.0 401.8 325.0 80
2021006717 0.000 262.6 37.4 424.1 278.3 80
2021006717 0.000 189.1 7.3 402.0 120.4 80
2021006717 0.000 1.1 21.4 146.5 322.8 80
2021006717 0.000 212.9 5.7 497.4 331.0 80
2021006717 0.000 160.6 175.5 349.3 326.9 80
2021006717 0.000 159.4 25.0 350.2 316.2 80
2021006717 0.000 357.7 16.7 501.3 319.9 80
2021006717 0.000 11.5 79.9 225.9 328.5 80
2021006717 0.000 280.6 212.4 336.4 294.2 80
2021006717 0.000 171.4 94.0 308.9 314.0 80
2021006717 0.000 132.8 69.1 366.0 324.4 80
2021006717 0.000 257.5 148.1 363.0 272.1 80
2021006717 0.000 5.0 248.1 130.5 332.4 80
2021006717 0.000 306.3 160.5 481.9 323.9 80
2021006717 0.000 54.0 226.7 278.3 330.9 80
2021006717 0.000 11.7 162.6 185.3 324.9 80
2021006717 0.000 3.3 1.2 410.3 331.1 80
2021006717 0.000 8.2 203.4 491.3 331.4 80
2021006717 0.000 4.9 57.7 361.3 327.9 80
2021006717 0.000 223.1 227.9 472.3 331.4 80
2021006717 0.000 72.1 57.1 444.5 284.5 80
2021006717 0.000 34.1 131.1 327.0 322.2 80
2021006717 0.000 85.7 1.0 494.7 331.0 80
2021006717 0.000 278.1 77.3 486.3 331.0 80
2021006717 0.000 162.7 118.0 345.4 204.8 80
2021006717 0.000 244.5 179.3 298.1 242.7 80
2021006717 0.000 168.6 134.4 451.1 322.0 80
2021006717 0.000 362.2 218.2 494.6 327.3 80
2021006717 0.000 44.5 53.9 117.2 121.5 80
2021006717 0.000 160.2 58.7 492.6 329.0 80
2021006717 0.000 134.9 91.5 359.6 260.9 80
2021006717 0.000 67.7 127.2 402.2 241.5 80
2021006717 0.000 22.5 38.2 474.5 321.3 80
2021006717 0.000 0.6 89.3 498.5 323.8 80
2021006717 0.000 0.8 0.8 499.6 332.2 80
2021006717 0.000 17.2 85.3 483.8 240.0 80
2021006717 0.000 2.5 21.1 497.4 273.2 80
2021006717 0.000 424.3 5.6 498.8 76.0 80
2021006717 0.000 17.2 85.3 483.8 240.0 0
2021006717 0.000 262.6 37.4 424.1 278.3 14
2021006717 0.000 171.4 94.0 308.9 314.0 14
2021006717 0.000 101.1 43.9 244.3 277.4 14
2021006717 0.000 159.4 25.0 350.2 316.2 14
2021006717 0.000 11.5 79.9 225.9 328.5 14
2021006717 0.000 278.1 77.3 486.3 331.0 14
2021006717 0.000 132.8 69.1 366.0 324.4 14
2021006717 0.000 154.2 268.6 238.2 328.2 80
