2021000000278848 0.769 452.2 572.4 483.4 629.6 80
2021000000278848 0.756 82.4 376.6 184.5 496.8 80
2021000000278848 0.755 276.7 448.1 349.0 621.1 80
2021000000278848 0.750 78.6 386.2 189.1 640.1 18
2021000000278848 0.745 156.0 339.2 233.4 541.5 80
2021000000278848 0.745 161.9 381.3 222.0 528.9 80
2021000000278848 0.743 403.5 353.5 431.0 396.3 80
2021000000278848 0.742 354.9 392.4 438.3 610.6 80
2021000000278848 0.741 165.6 365.4 242.8 615.3 18
2021000000278848 0.741 83.0 393.1 174.9 628.2 80
2021000000278848 0.739 167.0 363.4 228.2 448.6 80
2021000000278848 0.739 381.0 384.8 428.9 528.9 80
2021000000278848 0.739 89.6 216.3 237.0 647.7 80
2021000000278848 0.736 360.9 405.4 418.5 594.2 80
2021000000278848 0.736 301.4 433.5 364.0 629.2 80
2021000000278848 0.729 50.0 122.1 66.2 156.4 80
2021000000278848 0.724 -0.5 -7.0 478.5 625.0 80
2021000000278848 0.723 233.8 249.1 250.4 296.1 80
2021000000278848 0.722 286.7 427.9 305.5 469.6 80
2021000000278848 0.722 402.7 336.3 422.0 361.4 80
