2021000000289393 0.776 64.3 45.2 595.1 395.4 80
2021000000289393 0.775 593.8 409.8 641.4 472.9 80
2021000000289393 0.762 59.8 99.0 149.5 196.5 80
2021000000289393 0.755 0.1 28.0 24.7 150.8 80
2021000000289393 0.755 45.6 115.0 184.7 247.6 80
2021000000289393 0.754 82.5 5.6 220.3 82.9 80
2021000000289393 0.753 3.8 114.5 637.5 421.5 80
2021000000289393 0.751 311.6 213.3 512.1 333.5 80
2021000000289393 0.750 169.9 46.4 218.7 81.5 80
2021000000289393 0.748 263.8 207.9 468.3 305.2 80
2021000000289393 0.747 36.5 88.6 277.7 238.8 80
2021000000289393 0.747 359.4 218.5 510.4 342.4 80
2021000000289393 0.746 637.5 124.1 640.1 399.2 80
2021000000289393 0.743 635.8 255.5 640.1 460.6 80
2021000000289393 0.742 56.2 218.7 566.9 405.8 80
2021000000289393 0.742 328.0 219.4 421.4 344.4 80
2021000000289393 0.741 638.0 76.5 640.0 225.4 80
2021000000289393 0.739 449.4 38.8 648.1 459.3 80
2021000000289393 0.736 325.1 223.7 490.4 421.0 80
2021000000289393 0.730 534.6 25.1 643.9 473.5 80
2021000000289393 0.776 64.3 45.2 595.1 395.4 80
2021000000289393 0.775 593.8 409.8 641.4 472.9 80
2021000000289393 0.762 59.8 99.0 149.5 196.5 80
2021000000289393 0.755 0.1 28.0 24.7 150.8 80
2021000000289393 0.755 45.6 115.0 184.7 247.6 80
2021000000289393 0.754 82.5 5.6 220.3 82.9 80
2021000000289393 0.753 3.8 114.5 637.5 421.5 80
2021000000289393 0.751 311.6 213.3 512.1 333.5 80
2021000000289393 0.750 169.9 46.4 218.7 81.5 80
2021000000289393 0.748 263.8 207.9 468.3 305.2 80
2021000000289393 0.747 36.5 88.6 277.7 238.8 80
2021000000289393 0.747 359.4 218.5 510.4 342.4 80
2021000000289393 0.746 637.5 124.1 640.1 399.2 80
2021000000289393 0.743 635.8 255.5 640.1 460.6 80
2021000000289393 0.742 56.2 218.7 566.9 405.8 80
2021000000289393 0.742 328.0 219.4 421.4 344.4 80
2021000000289393 0.741 638.0 76.5 640.0 225.4 80
2021000000289393 0.739 449.4 38.8 648.1 459.3 80
2021000000289393 0.736 325.1 223.7 490.4 421.0 80
2021000000289393 0.730 534.6 25.1 643.9 473.5 80
2021000000289393 0.727 68.6 160.8 258.9 353.8 80
2021000000289393 0.713 443.1 264.4 570.9 410.8 80
2021000000289393 0.713 62.9 86.2 74.3 101.7 80
2021000000289393 0.709 125.7 308.7 250.3 405.3 80
2021000000289393 0.707 123.2 248.5 592.3 432.1 80
2021000000289393 0.707 442.6 260.4 581.4 409.7 80
2021000000289393 0.706 564.7 251.3 641.7 466.3 80
2021000000289393 0.705 119.0 216.6 507.0 413.8 80
2021000000289393 0.703 331.8 213.2 414.9 261.0 80
2021000000289393 0.702 308.4 227.0 597.7 407.9 80
2021000000289393 0.702 527.8 262.8 640.5 475.6 80
2021000000289393 0.700 154.0 231.3 225.7 368.0 80
2021000000289393 0.699 0.2 214.7 11.6 374.6 80
2021000000289393 0.697 75.7 206.6 354.4 416.4 80
2021000000289393 0.695 99.9 206.9 263.2 390.4 80
2021000000289393 0.694 521.4 188.5 636.5 474.1 80
2021000000289393 0.693 58.8 206.9 378.5 383.0 80
2021000000289393 0.688 307.6 228.0 604.0 404.7 80
2021000000289393 0.682 334.8 215.5 513.9 424.9 80
2021000000289393 0.671 146.7 216.9 345.6 372.8 80
2021000000289393 0.671 249.8 327.8 287.0 373.7 80
2021000000289393 0.670 567.8 254.7 640.9 402.9 80
2021000000289393 0.670 0.7 283.1 11.0 369.8 80
2021000000289393 0.669 82.9 208.9 463.5 386.5 80
2021000000289393 0.667 456.9 248.5 648.2 466.9 80
2021000000289393 0.665 50.4 81.6 312.5 401.6 80
2021000000289393 0.664 567.0 254.2 640.7 405.2 80
2021000000289393 0.653 213.9 231.1 348.3 391.1 80
2021000000289393 0.649 60.2 160.9 371.1 389.6 80
2021000000289393 0.642 333.8 240.6 574.6 410.6 80
2021000000289393 0.602 75.0 207.7 361.8 414.2 7
2021000000289393 0.595 105.1 208.7 352.4 408.0 80
2021000000289393 0.587 130.5 219.0 347.7 393.3 80
2021000000289393 0.545 329.0 211.1 514.9 423.0 11
2021000000289393 0.522 36.0 90.1 278.2 364.8 80
2021000000289393 0.451 44.2 90.3 279.5 380.1 80
2021000000289393 0.436 525.0 333.9 641.8 472.3 2
2021000000289393 0.390 33.8 87.9 276.8 239.3 16
2021000000289393 0.268 -7.7 409.5 15.5 504.0 80
2021000000289393 0.265 33.8 87.9 276.8 239.3 80
2021000000289393 0.256 525.0 333.9 641.8 472.3 80
2021000000289393 0.228 329.0 211.1 514.9 423.0 7
2021000000289393 0.185 557.3 56.4 667.5 421.8 80
2021000000289393 0.183 44.2 90.3 279.5 380.1 16
2021000000289393 0.150 36.0 90.1 278.2 364.8 16
2021000000289393 0.141 525.0 333.9 641.8 472.3 11
2021000000289393 0.125 75.0 207.7 361.8 414.2 11
2021000000289393 0.122 46.8 227.5 174.1 321.6 80
2021000000289393 0.118 105.1 208.7 352.4 408.0 7
2021000000289393 0.115 200.1 0.9 325.1 17.9 80
2021000000289393 0.113 44.2 90.3 279.5 380.1 7
2021000000289393 0.110 50.4 81.6 312.5 401.6 16
2021000000289393 0.109 154.5 125.3 242.1 182.2 80
2021000000289393 0.109 333.8 240.6 574.6 410.6 11
2021000000289393 0.105 -14.7 4.3 91.2 12.8 80
2021000000289393 0.104 130.5 219.0 347.7 393.3 7
2021000000289393 0.103 453.2 174.3 568.9 277.3 80
2021000000289393 0.102 497.5 128.3 616.7 279.8 80
2021000000289393 0.101 40.1 202.1 124.9 258.3 80
2021000000289393 0.101 177.8 170.8 279.5 244.2 80
2021000000289393 0.100 -36.2 459.6 87.6 479.8 80
2021000000289393 0.100 542.9 111.8 646.2 235.5 80
2021000000289393 0.100 375.9 140.2 458.1 193.7 80
2021000000289393 0.099 421.4 184.9 530.2 269.1 80
2021000000289393 0.099 487.6 122.4 575.3 186.3 80
2021000000289393 0.097 303.0 140.0 389.5 196.6 80
2021000000289393 0.095 415.2 143.8 497.7 199.3 80
2021000000289393 0.095 75.0 207.7 361.8 414.2 80
2021000000289393 0.091 456.9 248.5 648.2 466.9 11
2021000000289393 0.091 33.8 87.9 276.8 239.3 7
2021000000289393 0.090 184.0 390.9 305.3 467.4 80
2021000000289393 0.090 36.0 90.1 278.2 364.8 7
2021000000289393 0.089 17.7 255.9 105.2 326.6 80
2021000000289393 0.088 37.8 303.7 142.2 398.5 80
2021000000289393 0.085 139.9 455.3 261.9 484.5 80
2021000000289393 0.085 329.0 211.1 514.9 423.0 80
2021000000289393 0.083 213.9 231.1 348.3 391.1 7
2021000000289393 0.082 249.8 327.8 287.0 373.7 7
2021000000289393 0.082 360.5 352.7 485.7 487.0 80
2021000000289393 0.081 -14.7 204.8 90.8 450.0 80
2021000000289393 0.776 64.3 45.2 595.1 395.4 80
2021000000289393 0.775 593.8 409.8 641.4 472.9 80
2021000000289393 0.762 59.8 99.0 149.5 196.5 80
2021000000289393 0.755 0.1 28.0 24.7 150.8 80
2021000000289393 0.755 45.6 115.0 184.7 247.6 80
2021000000289393 0.754 82.5 5.6 220.3 82.9 80
2021000000289393 0.753 3.8 114.5 637.5 421.5 80
2021000000289393 0.751 311.6 213.3 512.1 333.5 80
2021000000289393 0.750 169.9 46.4 218.7 81.5 80
2021000000289393 0.748 263.8 207.9 468.3 305.2 80
2021000000289393 0.747 36.5 88.6 277.7 238.8 80
2021000000289393 0.747 359.4 218.5 510.4 342.4 80
2021000000289393 0.746 637.5 124.1 640.1 399.2 80
2021000000289393 0.743 635.8 255.5 640.1 460.6 80
2021000000289393 0.742 56.2 218.7 566.9 405.8 80
2021000000289393 0.742 328.0 219.4 421.4 344.4 80
2021000000289393 0.741 638.0 76.5 640.0 225.4 80
2021000000289393 0.739 449.4 38.8 648.1 459.3 80
2021000000289393 0.736 325.1 223.7 490.4 421.0 80
2021000000289393 0.730 534.6 25.1 643.9 473.5 80
2021000000289393 0.727 68.6 160.8 258.9 353.8 80
2021000000289393 0.713 443.1 264.4 570.9 410.8 80
2021000000289393 0.713 62.9 86.2 74.3 101.7 80
2021000000289393 0.709 125.7 308.7 250.3 405.3 80
2021000000289393 0.707 123.2 248.5 592.3 432.1 80
2021000000289393 0.707 442.6 260.4 581.4 409.7 80
2021000000289393 0.706 564.7 251.3 641.7 466.3 80
2021000000289393 0.705 119.0 216.6 507.0 413.8 80
2021000000289393 0.703 331.8 213.2 414.9 261.0 80
2021000000289393 0.702 308.4 227.0 597.7 407.9 80
2021000000289393 0.702 527.8 262.8 640.5 475.6 80
2021000000289393 0.700 154.0 231.3 225.7 368.0 80
2021000000289393 0.699 0.2 214.7 11.6 374.6 80
2021000000289393 0.697 75.7 206.6 354.4 416.4 80
2021000000289393 0.695 99.9 206.9 263.2 390.4 80
2021000000289393 0.694 521.4 188.5 636.5 474.1 80
2021000000289393 0.693 58.8 206.9 378.5 383.0 80
2021000000289393 0.688 307.6 228.0 604.0 404.7 80
2021000000289393 0.682 334.8 215.5 513.9 424.9 80
2021000000289393 0.671 146.7 216.9 345.6 372.8 80
2021000000289393 0.671 249.8 327.8 287.0 373.7 80
2021000000289393 0.670 567.8 254.7 640.9 402.9 80
2021000000289393 0.670 0.7 283.1 11.0 369.8 80
2021000000289393 0.669 82.9 208.9 463.5 386.5 80
2021000000289393 0.667 456.9 248.5 648.2 466.9 80
2021000000289393 0.665 50.4 81.6 312.5 401.6 80
2021000000289393 0.664 567.0 254.2 640.7 405.2 80
2021000000289393 0.653 213.9 231.1 348.3 391.1 80
2021000000289393 0.649 60.2 160.9 371.1 389.6 80
2021000000289393 0.642 333.8 240.6 574.6 410.6 80
2021000000289393 0.602 75.0 207.7 361.8 414.2 7
2021000000289393 0.595 105.1 208.7 352.4 408.0 80
2021000000289393 0.587 130.5 219.0 347.7 393.3 80
2021000000289393 0.545 329.0 211.1 514.9 423.0 11
2021000000289393 0.522 36.0 90.1 278.2 364.8 80
2021000000289393 0.451 44.2 90.3 279.5 380.1 80
2021000000289393 0.436 525.0 333.9 641.8 472.3 2
2021000000289393 0.390 33.8 87.9 276.8 239.3 16
2021000000289393 0.268 -7.7 409.5 15.5 504.0 80
2021000000289393 0.265 33.8 87.9 276.8 239.3 80
2021000000289393 0.256 525.0 333.9 641.8 472.3 80
2021000000289393 0.228 329.0 211.1 514.9 423.0 7
2021000000289393 0.185 557.3 56.4 667.5 421.8 80
2021000000289393 0.183 44.2 90.3 279.5 380.1 16
2021000000289393 0.150 36.0 90.1 278.2 364.8 16
2021000000289393 0.141 525.0 333.9 641.8 472.3 11
2021000000289393 0.125 75.0 207.7 361.8 414.2 11
2021000000289393 0.122 46.8 227.5 174.1 321.6 80
2021000000289393 0.118 105.1 208.7 352.4 408.0 7
2021000000289393 0.115 200.1 0.9 325.1 17.9 80
2021000000289393 0.113 44.2 90.3 279.5 380.1 7
2021000000289393 0.110 50.4 81.6 312.5 401.6 16
2021000000289393 0.109 154.5 125.3 242.1 182.2 80
2021000000289393 0.109 333.8 240.6 574.6 410.6 11
2021000000289393 0.105 -14.7 4.3 91.2 12.8 80
2021000000289393 0.104 130.5 219.0 347.7 393.3 7
2021000000289393 0.103 453.2 174.3 568.9 277.3 80
2021000000289393 0.102 497.5 128.3 616.7 279.8 80
2021000000289393 0.101 40.1 202.1 124.9 258.3 80
2021000000289393 0.101 177.8 170.8 279.5 244.2 80
2021000000289393 0.100 -36.2 459.6 87.6 479.8 80
2021000000289393 0.100 542.9 111.8 646.2 235.5 80
2021000000289393 0.100 375.9 140.2 458.1 193.7 80
2021000000289393 0.099 421.4 184.9 530.2 269.1 80
2021000000289393 0.099 487.6 122.4 575.3 186.3 80
2021000000289393 0.097 303.0 140.0 389.5 196.6 80
2021000000289393 0.095 415.2 143.8 497.7 199.3 80
2021000000289393 0.095 75.0 207.7 361.8 414.2 80
2021000000289393 0.091 456.9 248.5 648.2 466.9 11
2021000000289393 0.091 33.8 87.9 276.8 239.3 7
2021000000289393 0.090 184.0 390.9 305.3 467.4 80
2021000000289393 0.090 36.0 90.1 278.2 364.8 7
2021000000289393 0.089 17.7 255.9 105.2 326.6 80
2021000000289393 0.088 37.8 303.7 142.2 398.5 80
2021000000289393 0.085 139.9 455.3 261.9 484.5 80
2021000000289393 0.085 329.0 211.1 514.9 423.0 80
2021000000289393 0.083 213.9 231.1 348.3 391.1 7
2021000000289393 0.082 249.8 327.8 287.0 373.7 7
2021000000289393 0.082 360.5 352.7 485.7 487.0 80
2021000000289393 0.081 -14.7 204.8 90.8 450.0 80
2021000000289393 0.776 64.3 45.2 595.1 395.4 80
2021000000289393 0.775 593.8 409.8 641.4 472.9 80
2021000000289393 0.762 59.8 99.0 149.5 196.5 80
2021000000289393 0.755 0.1 28.0 24.7 150.8 80
2021000000289393 0.755 45.6 115.0 184.7 247.6 80
2021000000289393 0.754 82.5 5.6 220.3 82.9 80
2021000000289393 0.753 3.8 114.5 637.5 421.5 80
2021000000289393 0.751 311.6 213.3 512.1 333.5 80
2021000000289393 0.750 169.9 46.4 218.7 81.5 80
2021000000289393 0.748 263.8 207.9 468.3 305.2 80
2021000000289393 0.747 36.5 88.6 277.7 238.8 80
2021000000289393 0.747 359.4 218.5 510.4 342.4 80
2021000000289393 0.746 637.5 124.1 640.1 399.2 80
2021000000289393 0.743 635.8 255.5 640.1 460.6 80
2021000000289393 0.742 56.2 218.7 566.9 405.8 80
2021000000289393 0.742 328.0 219.4 421.4 344.4 80
2021000000289393 0.741 638.0 76.5 640.0 225.4 80
2021000000289393 0.739 449.4 38.8 648.1 459.3 80
2021000000289393 0.736 325.1 223.7 490.4 421.0 80
2021000000289393 0.730 534.6 25.1 643.9 473.5 80
2021000000289393 0.727 68.6 160.8 258.9 353.8 80
2021000000289393 0.713 443.1 264.4 570.9 410.8 80
2021000000289393 0.713 62.9 86.2 74.3 101.7 80
2021000000289393 0.709 125.7 308.7 250.3 405.3 80
2021000000289393 0.707 123.2 248.5 592.3 432.1 80
2021000000289393 0.707 442.6 260.4 581.4 409.7 80
2021000000289393 0.706 564.7 251.3 641.7 466.3 80
2021000000289393 0.705 119.0 216.6 507.0 413.8 80
2021000000289393 0.703 331.8 213.2 414.9 261.0 80
2021000000289393 0.702 308.4 227.0 597.7 407.9 80
2021000000289393 0.702 527.8 262.8 640.5 475.6 80
2021000000289393 0.700 154.0 231.3 225.7 368.0 80
2021000000289393 0.699 0.2 214.7 11.6 374.6 80
2021000000289393 0.697 75.7 206.6 354.4 416.4 80
2021000000289393 0.695 99.9 206.9 263.2 390.4 80
2021000000289393 0.694 521.4 188.5 636.5 474.1 80
2021000000289393 0.693 58.8 206.9 378.5 383.0 80
2021000000289393 0.688 307.6 228.0 604.0 404.7 80
2021000000289393 0.682 334.8 215.5 513.9 424.9 80
2021000000289393 0.671 146.7 216.9 345.6 372.8 80
2021000000289393 0.671 249.8 327.8 287.0 373.7 80
2021000000289393 0.670 567.8 254.7 640.9 402.9 80
2021000000289393 0.670 0.7 283.1 11.0 369.8 80
2021000000289393 0.669 82.9 208.9 463.5 386.5 80
2021000000289393 0.667 456.9 248.5 648.2 466.9 80
2021000000289393 0.665 50.4 81.6 312.5 401.6 80
2021000000289393 0.664 567.0 254.2 640.7 405.2 80
2021000000289393 0.653 213.9 231.1 348.3 391.1 80
2021000000289393 0.649 60.2 160.9 371.1 389.6 80
2021000000289393 0.642 333.8 240.6 574.6 410.6 80
2021000000289393 0.602 75.0 207.7 361.8 414.2 7
2021000000289393 0.595 105.1 208.7 352.4 408.0 80
2021000000289393 0.587 130.5 219.0 347.7 393.3 80
2021000000289393 0.545 329.0 211.1 514.9 423.0 11
2021000000289393 0.522 36.0 90.1 278.2 364.8 80
2021000000289393 0.451 44.2 90.3 279.5 380.1 80
2021000000289393 0.436 525.0 333.9 641.8 472.3 2
2021000000289393 0.390 33.8 87.9 276.8 239.3 16
2021000000289393 0.268 -7.7 409.5 15.5 504.0 80
2021000000289393 0.265 33.8 87.9 276.8 239.3 80
2021000000289393 0.256 525.0 333.9 641.8 472.3 80
2021000000289393 0.228 329.0 211.1 514.9 423.0 7
2021000000289393 0.185 557.3 56.4 667.5 421.8 80
2021000000289393 0.183 44.2 90.3 279.5 380.1 16
2021000000289393 0.150 36.0 90.1 278.2 364.8 16
2021000000289393 0.141 525.0 333.9 641.8 472.3 11
2021000000289393 0.125 75.0 207.7 361.8 414.2 11
2021000000289393 0.122 46.8 227.5 174.1 321.6 80
2021000000289393 0.118 105.1 208.7 352.4 408.0 7
2021000000289393 0.115 200.1 0.9 325.1 17.9 80
2021000000289393 0.113 44.2 90.3 279.5 380.1 7
2021000000289393 0.110 50.4 81.6 312.5 401.6 16
2021000000289393 0.109 154.5 125.3 242.1 182.2 80
2021000000289393 0.109 333.8 240.6 574.6 410.6 11
2021000000289393 0.105 -14.7 4.3 91.2 12.8 80
2021000000289393 0.104 130.5 219.0 347.7 393.3 7
2021000000289393 0.103 453.2 174.3 568.9 277.3 80
2021000000289393 0.102 497.5 128.3 616.7 279.8 80
2021000000289393 0.101 40.1 202.1 124.9 258.3 80
2021000000289393 0.101 177.8 170.8 279.5 244.2 80
2021000000289393 0.100 -36.2 459.6 87.6 479.8 80
2021000000289393 0.100 542.9 111.8 646.2 235.5 80
2021000000289393 0.100 375.9 140.2 458.1 193.7 80
2021000000289393 0.099 421.4 184.9 530.2 269.1 80
2021000000289393 0.099 487.6 122.4 575.3 186.3 80
2021000000289393 0.097 303.0 140.0 389.5 196.6 80
2021000000289393 0.095 415.2 143.8 497.7 199.3 80
2021000000289393 0.095 75.0 207.7 361.8 414.2 80
2021000000289393 0.091 456.9 248.5 648.2 466.9 11
2021000000289393 0.091 33.8 87.9 276.8 239.3 7
2021000000289393 0.090 184.0 390.9 305.3 467.4 80
2021000000289393 0.090 36.0 90.1 278.2 364.8 7
2021000000289393 0.089 17.7 255.9 105.2 326.6 80
2021000000289393 0.088 37.8 303.7 142.2 398.5 80
2021000000289393 0.085 139.9 455.3 261.9 484.5 80
2021000000289393 0.085 329.0 211.1 514.9 423.0 80
2021000000289393 0.083 213.9 231.1 348.3 391.1 7
2021000000289393 0.082 249.8 327.8 287.0 373.7 7
2021000000289393 0.082 360.5 352.7 485.7 487.0 80
2021000000289393 0.081 -14.7 204.8 90.8 450.0 80
2021000000289393 0.776 64.3 45.2 595.1 395.4 80
2021000000289393 0.775 593.8 409.8 641.4 472.9 80
2021000000289393 0.762 59.8 99.0 149.5 196.5 80
2021000000289393 0.755 0.1 28.0 24.7 150.8 80
2021000000289393 0.755 45.6 115.0 184.7 247.6 80
2021000000289393 0.754 82.5 5.6 220.3 82.9 80
2021000000289393 0.753 3.8 114.5 637.5 421.5 80
2021000000289393 0.751 311.6 213.3 512.1 333.5 80
2021000000289393 0.750 169.9 46.4 218.7 81.5 80
2021000000289393 0.748 263.8 207.9 468.3 305.2 80
2021000000289393 0.747 36.5 88.6 277.7 238.8 80
2021000000289393 0.747 359.4 218.5 510.4 342.4 80
2021000000289393 0.746 637.5 124.1 640.1 399.2 80
2021000000289393 0.743 635.8 255.5 640.1 460.6 80
2021000000289393 0.742 56.2 218.7 566.9 405.8 80
2021000000289393 0.742 328.0 219.4 421.4 344.4 80
2021000000289393 0.741 638.0 76.5 640.0 225.4 80
2021000000289393 0.739 449.4 38.8 648.1 459.3 80
2021000000289393 0.736 325.1 223.7 490.4 421.0 80
2021000000289393 0.730 534.6 25.1 643.9 473.5 80
2021000000289393 0.727 68.6 160.8 258.9 353.8 80
2021000000289393 0.713 443.1 264.4 570.9 410.8 80
2021000000289393 0.713 62.9 86.2 74.3 101.7 80
2021000000289393 0.709 125.7 308.7 250.3 405.3 80
2021000000289393 0.707 123.2 248.5 592.3 432.1 80
2021000000289393 0.707 442.6 260.4 581.4 409.7 80
2021000000289393 0.706 564.7 251.3 641.7 466.3 80
2021000000289393 0.705 119.0 216.6 507.0 413.8 80
2021000000289393 0.703 331.8 213.2 414.9 261.0 80
2021000000289393 0.702 308.4 227.0 597.7 407.9 80
2021000000289393 0.702 527.8 262.8 640.5 475.6 80
2021000000289393 0.700 154.0 231.3 225.7 368.0 80
2021000000289393 0.699 0.2 214.7 11.6 374.6 80
2021000000289393 0.697 75.7 206.6 354.4 416.4 80
2021000000289393 0.695 99.9 206.9 263.2 390.4 80
2021000000289393 0.694 521.4 188.5 636.5 474.1 80
2021000000289393 0.693 58.8 206.9 378.5 383.0 80
2021000000289393 0.688 307.6 228.0 604.0 404.7 80
2021000000289393 0.682 334.8 215.5 513.9 424.9 80
2021000000289393 0.671 146.7 216.9 345.6 372.8 80
2021000000289393 0.671 249.8 327.8 287.0 373.7 80
2021000000289393 0.670 567.8 254.7 640.9 402.9 80
2021000000289393 0.670 0.7 283.1 11.0 369.8 80
2021000000289393 0.669 82.9 208.9 463.5 386.5 80
2021000000289393 0.667 456.9 248.5 648.2 466.9 80
2021000000289393 0.665 50.4 81.6 312.5 401.6 80
2021000000289393 0.664 567.0 254.2 640.7 405.2 80
2021000000289393 0.653 213.9 231.1 348.3 391.1 80
2021000000289393 0.649 60.2 160.9 371.1 389.6 80
2021000000289393 0.642 333.8 240.6 574.6 410.6 80
2021000000289393 0.602 75.0 207.7 361.8 414.2 7
2021000000289393 0.595 105.1 208.7 352.4 408.0 80
2021000000289393 0.587 130.5 219.0 347.7 393.3 80
2021000000289393 0.545 329.0 211.1 514.9 423.0 11
2021000000289393 0.522 36.0 90.1 278.2 364.8 80
2021000000289393 0.451 44.2 90.3 279.5 380.1 80
2021000000289393 0.436 525.0 333.9 641.8 472.3 2
2021000000289393 0.390 33.8 87.9 276.8 239.3 16
2021000000289393 0.268 -7.7 409.5 15.5 504.0 80
2021000000289393 0.265 33.8 87.9 276.8 239.3 80
2021000000289393 0.256 525.0 333.9 641.8 472.3 80
2021000000289393 0.228 329.0 211.1 514.9 423.0 7
2021000000289393 0.185 557.3 56.4 667.5 421.8 80
2021000000289393 0.183 44.2 90.3 279.5 380.1 16
2021000000289393 0.150 36.0 90.1 278.2 364.8 16
2021000000289393 0.141 525.0 333.9 641.8 472.3 11
2021000000289393 0.125 75.0 207.7 361.8 414.2 11
2021000000289393 0.122 46.8 227.5 174.1 321.6 80
2021000000289393 0.118 105.1 208.7 352.4 408.0 7
2021000000289393 0.115 200.1 0.9 325.1 17.9 80
2021000000289393 0.113 44.2 90.3 279.5 380.1 7
2021000000289393 0.110 50.4 81.6 312.5 401.6 16
2021000000289393 0.109 154.5 125.3 242.1 182.2 80
2021000000289393 0.109 333.8 240.6 574.6 410.6 11
2021000000289393 0.105 -14.7 4.3 91.2 12.8 80
2021000000289393 0.104 130.5 219.0 347.7 393.3 7
2021000000289393 0.103 453.2 174.3 568.9 277.3 80
2021000000289393 0.102 497.5 128.3 616.7 279.8 80
2021000000289393 0.101 40.1 202.1 124.9 258.3 80
2021000000289393 0.101 177.8 170.8 279.5 244.2 80
2021000000289393 0.100 -36.2 459.6 87.6 479.8 80
2021000000289393 0.100 542.9 111.8 646.2 235.5 80
2021000000289393 0.100 375.9 140.2 458.1 193.7 80
2021000000289393 0.099 421.4 184.9 530.2 269.1 80
2021000000289393 0.099 487.6 122.4 575.3 186.3 80
2021000000289393 0.097 303.0 140.0 389.5 196.6 80
2021000000289393 0.095 415.2 143.8 497.7 199.3 80
2021000000289393 0.095 75.0 207.7 361.8 414.2 80
2021000000289393 0.091 456.9 248.5 648.2 466.9 11
2021000000289393 0.091 33.8 87.9 276.8 239.3 7
2021000000289393 0.090 184.0 390.9 305.3 467.4 80
2021000000289393 0.090 36.0 90.1 278.2 364.8 7
2021000000289393 0.089 17.7 255.9 105.2 326.6 80
2021000000289393 0.088 37.8 303.7 142.2 398.5 80
2021000000289393 0.085 139.9 455.3 261.9 484.5 80
2021000000289393 0.085 329.0 211.1 514.9 423.0 80
2021000000289393 0.083 213.9 231.1 348.3 391.1 7
2021000000289393 0.082 249.8 327.8 287.0 373.7 7
2021000000289393 0.082 360.5 352.7 485.7 487.0 80
2021000000289393 0.081 -14.7 204.8 90.8 450.0 80
2021000000289393 0.776 64.3 45.2 595.1 395.4 80
2021000000289393 0.775 593.8 409.8 641.4 472.9 80
2021000000289393 0.762 59.8 99.0 149.5 196.5 80
2021000000289393 0.755 0.1 28.0 24.7 150.8 80
2021000000289393 0.755 45.6 115.0 184.7 247.6 80
2021000000289393 0.754 82.5 5.6 220.3 82.9 80
2021000000289393 0.753 3.8 114.5 637.5 421.5 80
2021000000289393 0.751 311.6 213.3 512.1 333.5 80
2021000000289393 0.750 169.9 46.4 218.7 81.5 80
2021000000289393 0.748 263.8 207.9 468.3 305.2 80
2021000000289393 0.747 36.5 88.6 277.7 238.8 80
2021000000289393 0.747 359.4 218.5 510.4 342.4 80
2021000000289393 0.746 637.5 124.1 640.1 399.2 80
2021000000289393 0.743 635.8 255.5 640.1 460.6 80
2021000000289393 0.742 56.2 218.7 566.9 405.8 80
2021000000289393 0.742 328.0 219.4 421.4 344.4 80
2021000000289393 0.741 638.0 76.5 640.0 225.4 80
2021000000289393 0.739 449.4 38.8 648.1 459.3 80
2021000000289393 0.736 325.1 223.7 490.4 421.0 80
2021000000289393 0.730 534.6 25.1 643.9 473.5 80
2021000000289393 0.727 68.6 160.8 258.9 353.8 80
2021000000289393 0.713 443.1 264.4 570.9 410.8 80
2021000000289393 0.713 62.9 86.2 74.3 101.7 80
2021000000289393 0.709 125.7 308.7 250.3 405.3 80
2021000000289393 0.707 123.2 248.5 592.3 432.1 80
2021000000289393 0.707 442.6 260.4 581.4 409.7 80
2021000000289393 0.706 564.7 251.3 641.7 466.3 80
2021000000289393 0.705 119.0 216.6 507.0 413.8 80
2021000000289393 0.703 331.8 213.2 414.9 261.0 80
2021000000289393 0.702 308.4 227.0 597.7 407.9 80
2021000000289393 0.702 527.8 262.8 640.5 475.6 80
2021000000289393 0.700 154.0 231.3 225.7 368.0 80
2021000000289393 0.699 0.2 214.7 11.6 374.6 80
2021000000289393 0.697 75.7 206.6 354.4 416.4 80
2021000000289393 0.695 99.9 206.9 263.2 390.4 80
2021000000289393 0.694 521.4 188.5 636.5 474.1 80
2021000000289393 0.693 58.8 206.9 378.5 383.0 80
2021000000289393 0.688 307.6 228.0 604.0 404.7 80
2021000000289393 0.682 334.8 215.5 513.9 424.9 80
2021000000289393 0.671 146.7 216.9 345.6 372.8 80
2021000000289393 0.671 249.8 327.8 287.0 373.7 80
2021000000289393 0.670 567.8 254.7 640.9 402.9 80
2021000000289393 0.670 0.7 283.1 11.0 369.8 80
2021000000289393 0.669 82.9 208.9 463.5 386.5 80
2021000000289393 0.667 456.9 248.5 648.2 466.9 80
2021000000289393 0.665 50.4 81.6 312.5 401.6 80
2021000000289393 0.664 567.0 254.2 640.7 405.2 80
2021000000289393 0.653 213.9 231.1 348.3 391.1 80
2021000000289393 0.649 60.2 160.9 371.1 389.6 80
2021000000289393 0.642 333.8 240.6 574.6 410.6 80
2021000000289393 0.602 75.0 207.7 361.8 414.2 7
2021000000289393 0.595 105.1 208.7 352.4 408.0 80
2021000000289393 0.587 130.5 219.0 347.7 393.3 80
2021000000289393 0.545 329.0 211.1 514.9 423.0 11
2021000000289393 0.522 36.0 90.1 278.2 364.8 80
2021000000289393 0.451 44.2 90.3 279.5 380.1 80
2021000000289393 0.436 525.0 333.9 641.8 472.3 2
2021000000289393 0.390 33.8 87.9 276.8 239.3 16
2021000000289393 0.268 -7.7 409.5 15.5 504.0 80
2021000000289393 0.265 33.8 87.9 276.8 239.3 80
2021000000289393 0.256 525.0 333.9 641.8 472.3 80
2021000000289393 0.228 329.0 211.1 514.9 423.0 7
2021000000289393 0.185 557.3 56.4 667.5 421.8 80
2021000000289393 0.183 44.2 90.3 279.5 380.1 16
2021000000289393 0.150 36.0 90.1 278.2 364.8 16
2021000000289393 0.141 525.0 333.9 641.8 472.3 11
2021000000289393 0.125 75.0 207.7 361.8 414.2 11
2021000000289393 0.122 46.8 227.5 174.1 321.6 80
2021000000289393 0.118 105.1 208.7 352.4 408.0 7
2021000000289393 0.115 200.1 0.9 325.1 17.9 80
2021000000289393 0.113 44.2 90.3 279.5 380.1 7
2021000000289393 0.110 50.4 81.6 312.5 401.6 16
2021000000289393 0.109 154.5 125.3 242.1 182.2 80
2021000000289393 0.109 333.8 240.6 574.6 410.6 11
2021000000289393 0.105 -14.7 4.3 91.2 12.8 80
2021000000289393 0.104 130.5 219.0 347.7 393.3 7
2021000000289393 0.103 453.2 174.3 568.9 277.3 80
2021000000289393 0.102 497.5 128.3 616.7 279.8 80
2021000000289393 0.101 40.1 202.1 124.9 258.3 80
2021000000289393 0.101 177.8 170.8 279.5 244.2 80
2021000000289393 0.100 -36.2 459.6 87.6 479.8 80
2021000000289393 0.100 542.9 111.8 646.2 235.5 80
2021000000289393 0.100 375.9 140.2 458.1 193.7 80
2021000000289393 0.099 421.4 184.9 530.2 269.1 80
2021000000289393 0.099 487.6 122.4 575.3 186.3 80
2021000000289393 0.097 303.0 140.0 389.5 196.6 80
2021000000289393 0.095 415.2 143.8 497.7 199.3 80
2021000000289393 0.095 75.0 207.7 361.8 414.2 80
2021000000289393 0.091 456.9 248.5 648.2 466.9 11
2021000000289393 0.091 33.8 87.9 276.8 239.3 7
2021000000289393 0.090 184.0 390.9 305.3 467.4 80
2021000000289393 0.090 36.0 90.1 278.2 364.8 7
2021000000289393 0.089 17.7 255.9 105.2 326.6 80
2021000000289393 0.088 37.8 303.7 142.2 398.5 80
2021000000289393 0.085 139.9 455.3 261.9 484.5 80
2021000000289393 0.085 329.0 211.1 514.9 423.0 80
2021000000289393 0.083 213.9 231.1 348.3 391.1 7
2021000000289393 0.082 249.8 327.8 287.0 373.7 7
2021000000289393 0.082 360.5 352.7 485.7 487.0 80
2021000000289393 0.081 -14.7 204.8 90.8 450.0 80
2021000000289393 0.776 64.3 45.2 595.1 395.4 80
2021000000289393 0.775 593.8 409.8 641.4 472.9 80
2021000000289393 0.762 59.8 99.0 149.5 196.5 80
2021000000289393 0.755 0.1 28.0 24.7 150.8 80
2021000000289393 0.755 45.6 115.0 184.7 247.6 80
2021000000289393 0.754 82.5 5.6 220.3 82.9 80
2021000000289393 0.753 3.8 114.5 637.5 421.5 80
2021000000289393 0.751 311.6 213.3 512.1 333.5 80
2021000000289393 0.750 169.9 46.4 218.7 81.5 80
2021000000289393 0.748 263.8 207.9 468.3 305.2 80
2021000000289393 0.747 36.5 88.6 277.7 238.8 80
2021000000289393 0.747 359.4 218.5 510.4 342.4 80
2021000000289393 0.746 637.5 124.1 640.1 399.2 80
2021000000289393 0.743 635.8 255.5 640.1 460.6 80
2021000000289393 0.742 56.2 218.7 566.9 405.8 80
2021000000289393 0.742 328.0 219.4 421.4 344.4 80
2021000000289393 0.741 638.0 76.5 640.0 225.4 80
2021000000289393 0.739 449.4 38.8 648.1 459.3 80
2021000000289393 0.736 325.1 223.7 490.4 421.0 80
2021000000289393 0.730 534.6 25.1 643.9 473.5 80
2021000000289393 0.727 68.6 160.8 258.9 353.8 80
2021000000289393 0.713 443.1 264.4 570.9 410.8 80
2021000000289393 0.713 62.9 86.2 74.3 101.7 80
2021000000289393 0.709 125.7 308.7 250.3 405.3 80
2021000000289393 0.707 123.2 248.5 592.3 432.1 80
2021000000289393 0.707 442.6 260.4 581.4 409.7 80
2021000000289393 0.706 564.7 251.3 641.7 466.3 80
2021000000289393 0.705 119.0 216.6 507.0 413.8 80
2021000000289393 0.703 331.8 213.2 414.9 261.0 80
2021000000289393 0.702 308.4 227.0 597.7 407.9 80
2021000000289393 0.702 527.8 262.8 640.5 475.6 80
2021000000289393 0.700 154.0 231.3 225.7 368.0 80
2021000000289393 0.699 0.2 214.7 11.6 374.6 80
2021000000289393 0.697 75.7 206.6 354.4 416.4 80
2021000000289393 0.695 99.9 206.9 263.2 390.4 80
2021000000289393 0.694 521.4 188.5 636.5 474.1 80
2021000000289393 0.693 58.8 206.9 378.5 383.0 80
2021000000289393 0.688 307.6 228.0 604.0 404.7 80
2021000000289393 0.682 334.8 215.5 513.9 424.9 80
2021000000289393 0.671 146.7 216.9 345.6 372.8 80
2021000000289393 0.671 249.8 327.8 287.0 373.7 80
2021000000289393 0.670 567.8 254.7 640.9 402.9 80
2021000000289393 0.670 0.7 283.1 11.0 369.8 80
2021000000289393 0.669 82.9 208.9 463.5 386.5 80
2021000000289393 0.667 456.9 248.5 648.2 466.9 80
2021000000289393 0.665 50.4 81.6 312.5 401.6 80
2021000000289393 0.664 567.0 254.2 640.7 405.2 80
2021000000289393 0.653 213.9 231.1 348.3 391.1 80
2021000000289393 0.649 60.2 160.9 371.1 389.6 80
2021000000289393 0.642 333.8 240.6 574.6 410.6 80
2021000000289393 0.602 75.0 207.7 361.8 414.2 7
2021000000289393 0.595 105.1 208.7 352.4 408.0 80
2021000000289393 0.587 130.5 219.0 347.7 393.3 80
2021000000289393 0.545 329.0 211.1 514.9 423.0 11
2021000000289393 0.522 36.0 90.1 278.2 364.8 80
2021000000289393 0.451 44.2 90.3 279.5 380.1 80
2021000000289393 0.436 525.0 333.9 641.8 472.3 2
2021000000289393 0.390 33.8 87.9 276.8 239.3 16
2021000000289393 0.268 -7.7 409.5 15.5 504.0 80
2021000000289393 0.265 33.8 87.9 276.8 239.3 80
2021000000289393 0.256 525.0 333.9 641.8 472.3 80
2021000000289393 0.228 329.0 211.1 514.9 423.0 7
2021000000289393 0.185 557.3 56.4 667.5 421.8 80
2021000000289393 0.183 44.2 90.3 279.5 380.1 16
2021000000289393 0.150 36.0 90.1 278.2 364.8 16
2021000000289393 0.141 525.0 333.9 641.8 472.3 11
2021000000289393 0.125 75.0 207.7 361.8 414.2 11
2021000000289393 0.122 46.8 227.5 174.1 321.6 80
2021000000289393 0.118 105.1 208.7 352.4 408.0 7
2021000000289393 0.115 200.1 0.9 325.1 17.9 80
2021000000289393 0.113 44.2 90.3 279.5 380.1 7
2021000000289393 0.110 50.4 81.6 312.5 401.6 16
2021000000289393 0.109 154.5 125.3 242.1 182.2 80
2021000000289393 0.109 333.8 240.6 574.6 410.6 11
2021000000289393 0.105 -14.7 4.3 91.2 12.8 80
2021000000289393 0.104 130.5 219.0 347.7 393.3 7
2021000000289393 0.103 453.2 174.3 568.9 277.3 80
2021000000289393 0.102 497.5 128.3 616.7 279.8 80
2021000000289393 0.101 40.1 202.1 124.9 258.3 80
2021000000289393 0.101 177.8 170.8 279.5 244.2 80
2021000000289393 0.100 -36.2 459.6 87.6 479.8 80
2021000000289393 0.100 542.9 111.8 646.2 235.5 80
2021000000289393 0.100 375.9 140.2 458.1 193.7 80
2021000000289393 0.099 421.4 184.9 530.2 269.1 80
2021000000289393 0.099 487.6 122.4 575.3 186.3 80
2021000000289393 0.097 303.0 140.0 389.5 196.6 80
2021000000289393 0.095 415.2 143.8 497.7 199.3 80
2021000000289393 0.095 75.0 207.7 361.8 414.2 80
2021000000289393 0.091 456.9 248.5 648.2 466.9 11
2021000000289393 0.091 33.8 87.9 276.8 239.3 7
2021000000289393 0.090 184.0 390.9 305.3 467.4 80
2021000000289393 0.090 36.0 90.1 278.2 364.8 7
2021000000289393 0.089 17.7 255.9 105.2 326.6 80
2021000000289393 0.088 37.8 303.7 142.2 398.5 80
2021000000289393 0.085 139.9 455.3 261.9 484.5 80
2021000000289393 0.085 329.0 211.1 514.9 423.0 80
2021000000289393 0.083 213.9 231.1 348.3 391.1 7
2021000000289393 0.082 249.8 327.8 287.0 373.7 7
2021000000289393 0.082 360.5 352.7 485.7 487.0 80
2021000000289393 0.081 -14.7 204.8 90.8 450.0 80
2021000000289393 0.776 64.3 45.2 595.1 395.4 80
2021000000289393 0.775 593.8 409.8 641.4 472.9 80
2021000000289393 0.762 59.8 99.0 149.5 196.5 80
2021000000289393 0.755 0.1 28.0 24.7 150.8 80
2021000000289393 0.755 45.6 115.0 184.7 247.6 80
2021000000289393 0.754 82.5 5.6 220.3 82.9 80
2021000000289393 0.753 3.8 114.5 637.5 421.5 80
2021000000289393 0.751 311.6 213.3 512.1 333.5 80
2021000000289393 0.750 169.9 46.4 218.7 81.5 80
2021000000289393 0.748 263.8 207.9 468.3 305.2 80
2021000000289393 0.747 36.5 88.6 277.7 238.8 80
2021000000289393 0.747 359.4 218.5 510.4 342.4 80
2021000000289393 0.746 637.5 124.1 640.1 399.2 80
2021000000289393 0.743 635.8 255.5 640.1 460.6 80
2021000000289393 0.742 56.2 218.7 566.9 405.8 80
2021000000289393 0.742 328.0 219.4 421.4 344.4 80
2021000000289393 0.741 638.0 76.5 640.0 225.4 80
2021000000289393 0.739 449.4 38.8 648.1 459.3 80
2021000000289393 0.736 325.1 223.7 490.4 421.0 80
2021000000289393 0.730 534.6 25.1 643.9 473.5 80
2021000000289393 0.727 68.6 160.8 258.9 353.8 80
2021000000289393 0.713 443.1 264.4 570.9 410.8 80
2021000000289393 0.713 62.9 86.2 74.3 101.7 80
2021000000289393 0.709 125.7 308.7 250.3 405.3 80
2021000000289393 0.707 123.2 248.5 592.3 432.1 80
2021000000289393 0.707 442.6 260.4 581.4 409.7 80
2021000000289393 0.706 564.7 251.3 641.7 466.3 80
2021000000289393 0.705 119.0 216.6 507.0 413.8 80
2021000000289393 0.703 331.8 213.2 414.9 261.0 80
2021000000289393 0.702 308.4 227.0 597.7 407.9 80
2021000000289393 0.702 527.8 262.8 640.5 475.6 80
2021000000289393 0.700 154.0 231.3 225.7 368.0 80
2021000000289393 0.699 0.2 214.7 11.6 374.6 80
2021000000289393 0.697 75.7 206.6 354.4 416.4 80
2021000000289393 0.695 99.9 206.9 263.2 390.4 80
2021000000289393 0.694 521.4 188.5 636.5 474.1 80
2021000000289393 0.693 58.8 206.9 378.5 383.0 80
2021000000289393 0.688 307.6 228.0 604.0 404.7 80
2021000000289393 0.682 334.8 215.5 513.9 424.9 80
2021000000289393 0.671 146.7 216.9 345.6 372.8 80
2021000000289393 0.671 249.8 327.8 287.0 373.7 80
2021000000289393 0.670 567.8 254.7 640.9 402.9 80
2021000000289393 0.670 0.7 283.1 11.0 369.8 80
2021000000289393 0.669 82.9 208.9 463.5 386.5 80
2021000000289393 0.667 456.9 248.5 648.2 466.9 80
2021000000289393 0.665 50.4 81.6 312.5 401.6 80
2021000000289393 0.664 567.0 254.2 640.7 405.2 80
2021000000289393 0.653 213.9 231.1 348.3 391.1 80
2021000000289393 0.649 60.2 160.9 371.1 389.6 80
2021000000289393 0.642 333.8 240.6 574.6 410.6 80
2021000000289393 0.602 75.0 207.7 361.8 414.2 7
2021000000289393 0.595 105.1 208.7 352.4 408.0 80
2021000000289393 0.587 130.5 219.0 347.7 393.3 80
2021000000289393 0.545 329.0 211.1 514.9 423.0 11
2021000000289393 0.522 36.0 90.1 278.2 364.8 80
2021000000289393 0.451 44.2 90.3 279.5 380.1 80
2021000000289393 0.436 525.0 333.9 641.8 472.3 2
2021000000289393 0.390 33.8 87.9 276.8 239.3 16
2021000000289393 0.268 -7.7 409.5 15.5 504.0 80
2021000000289393 0.265 33.8 87.9 276.8 239.3 80
2021000000289393 0.256 525.0 333.9 641.8 472.3 80
2021000000289393 0.228 329.0 211.1 514.9 423.0 7
2021000000289393 0.185 557.3 56.4 667.5 421.8 80
2021000000289393 0.183 44.2 90.3 279.5 380.1 16
2021000000289393 0.150 36.0 90.1 278.2 364.8 16
2021000000289393 0.141 525.0 333.9 641.8 472.3 11
2021000000289393 0.125 75.0 207.7 361.8 414.2 11
2021000000289393 0.122 46.8 227.5 174.1 321.6 80
2021000000289393 0.118 105.1 208.7 352.4 408.0 7
2021000000289393 0.115 200.1 0.9 325.1 17.9 80
2021000000289393 0.113 44.2 90.3 279.5 380.1 7
2021000000289393 0.110 50.4 81.6 312.5 401.6 16
2021000000289393 0.109 154.5 125.3 242.1 182.2 80
2021000000289393 0.109 333.8 240.6 574.6 410.6 11
2021000000289393 0.105 -14.7 4.3 91.2 12.8 80
2021000000289393 0.104 130.5 219.0 347.7 393.3 7
2021000000289393 0.103 453.2 174.3 568.9 277.3 80
2021000000289393 0.102 497.5 128.3 616.7 279.8 80
2021000000289393 0.101 40.1 202.1 124.9 258.3 80
2021000000289393 0.101 177.8 170.8 279.5 244.2 80
2021000000289393 0.100 -36.2 459.6 87.6 479.8 80
2021000000289393 0.100 542.9 111.8 646.2 235.5 80
2021000000289393 0.100 375.9 140.2 458.1 193.7 80
2021000000289393 0.099 421.4 184.9 530.2 269.1 80
2021000000289393 0.099 487.6 122.4 575.3 186.3 80
2021000000289393 0.097 303.0 140.0 389.5 196.6 80
2021000000289393 0.095 415.2 143.8 497.7 199.3 80
2021000000289393 0.095 75.0 207.7 361.8 414.2 80
2021000000289393 0.091 456.9 248.5 648.2 466.9 11
2021000000289393 0.091 33.8 87.9 276.8 239.3 7
2021000000289393 0.090 184.0 390.9 305.3 467.4 80
2021000000289393 0.090 36.0 90.1 278.2 364.8 7
2021000000289393 0.089 17.7 255.9 105.2 326.6 80
2021000000289393 0.088 37.8 303.7 142.2 398.5 80
2021000000289393 0.085 139.9 455.3 261.9 484.5 80
2021000000289393 0.085 329.0 211.1 514.9 423.0 80
2021000000289393 0.083 213.9 231.1 348.3 391.1 7
2021000000289393 0.082 249.8 327.8 287.0 373.7 7
2021000000289393 0.082 360.5 352.7 485.7 487.0 80
2021000000289393 0.081 -14.7 204.8 90.8 450.0 80
2021000000289393 0.776 64.3 45.2 595.1 395.4 80
2021000000289393 0.775 593.8 409.8 641.4 472.9 80
2021000000289393 0.762 59.8 99.0 149.5 196.5 80
2021000000289393 0.755 0.1 28.0 24.7 150.8 80
2021000000289393 0.755 45.6 115.0 184.7 247.6 80
2021000000289393 0.754 82.5 5.6 220.3 82.9 80
2021000000289393 0.753 3.8 114.5 637.5 421.5 80
2021000000289393 0.751 311.6 213.3 512.1 333.5 80
2021000000289393 0.750 169.9 46.4 218.7 81.5 80
2021000000289393 0.748 263.8 207.9 468.3 305.2 80
2021000000289393 0.747 36.5 88.6 277.7 238.8 80
2021000000289393 0.747 359.4 218.5 510.4 342.4 80
2021000000289393 0.746 637.5 124.1 640.1 399.2 80
2021000000289393 0.743 635.8 255.5 640.1 460.6 80
2021000000289393 0.742 56.2 218.7 566.9 405.8 80
2021000000289393 0.742 328.0 219.4 421.4 344.4 80
2021000000289393 0.741 638.0 76.5 640.0 225.4 80
2021000000289393 0.739 449.4 38.8 648.1 459.3 80
2021000000289393 0.736 325.1 223.7 490.4 421.0 80
2021000000289393 0.730 534.6 25.1 643.9 473.5 80
2021000000289393 0.727 68.6 160.8 258.9 353.8 80
2021000000289393 0.713 443.1 264.4 570.9 410.8 80
2021000000289393 0.713 62.9 86.2 74.3 101.7 80
2021000000289393 0.709 125.7 308.7 250.3 405.3 80
2021000000289393 0.707 123.2 248.5 592.3 432.1 80
2021000000289393 0.707 442.6 260.4 581.4 409.7 80
2021000000289393 0.706 564.7 251.3 641.7 466.3 80
2021000000289393 0.705 119.0 216.6 507.0 413.8 80
2021000000289393 0.703 331.8 213.2 414.9 261.0 80
2021000000289393 0.702 308.4 227.0 597.7 407.9 80
2021000000289393 0.702 527.8 262.8 640.5 475.6 80
2021000000289393 0.700 154.0 231.3 225.7 368.0 80
2021000000289393 0.699 0.2 214.7 11.6 374.6 80
2021000000289393 0.697 75.7 206.6 354.4 416.4 80
2021000000289393 0.695 99.9 206.9 263.2 390.4 80
2021000000289393 0.694 521.4 188.5 636.5 474.1 80
2021000000289393 0.693 58.8 206.9 378.5 383.0 80
2021000000289393 0.688 307.6 228.0 604.0 404.7 80
2021000000289393 0.682 334.8 215.5 513.9 424.9 80
2021000000289393 0.671 146.7 216.9 345.6 372.8 80
2021000000289393 0.671 249.8 327.8 287.0 373.7 80
2021000000289393 0.670 567.8 254.7 640.9 402.9 80
2021000000289393 0.670 0.7 283.1 11.0 369.8 80
2021000000289393 0.669 82.9 208.9 463.5 386.5 80
2021000000289393 0.667 456.9 248.5 648.2 466.9 80
2021000000289393 0.665 50.4 81.6 312.5 401.6 80
2021000000289393 0.664 567.0 254.2 640.7 405.2 80
2021000000289393 0.653 213.9 231.1 348.3 391.1 80
2021000000289393 0.649 60.2 160.9 371.1 389.6 80
2021000000289393 0.642 333.8 240.6 574.6 410.6 80
2021000000289393 0.602 75.0 207.7 361.8 414.2 7
2021000000289393 0.595 105.1 208.7 352.4 408.0 80
2021000000289393 0.587 130.5 219.0 347.7 393.3 80
2021000000289393 0.545 329.0 211.1 514.9 423.0 11
2021000000289393 0.522 36.0 90.1 278.2 364.8 80
2021000000289393 0.451 44.2 90.3 279.5 380.1 80
2021000000289393 0.436 525.0 333.9 641.8 472.3 2
2021000000289393 0.390 33.8 87.9 276.8 239.3 16
2021000000289393 0.268 -7.7 409.5 15.5 504.0 80
2021000000289393 0.265 33.8 87.9 276.8 239.3 80
2021000000289393 0.256 525.0 333.9 641.8 472.3 80
2021000000289393 0.228 329.0 211.1 514.9 423.0 7
2021000000289393 0.185 557.3 56.4 667.5 421.8 80
2021000000289393 0.183 44.2 90.3 279.5 380.1 16
2021000000289393 0.150 36.0 90.1 278.2 364.8 16
2021000000289393 0.141 525.0 333.9 641.8 472.3 11
2021000000289393 0.125 75.0 207.7 361.8 414.2 11
2021000000289393 0.122 46.8 227.5 174.1 321.6 80
2021000000289393 0.118 105.1 208.7 352.4 408.0 7
2021000000289393 0.115 200.1 0.9 325.1 17.9 80
2021000000289393 0.113 44.2 90.3 279.5 380.1 7
2021000000289393 0.110 50.4 81.6 312.5 401.6 16
2021000000289393 0.109 154.5 125.3 242.1 182.2 80
2021000000289393 0.109 333.8 240.6 574.6 410.6 11
2021000000289393 0.105 -14.7 4.3 91.2 12.8 80
2021000000289393 0.104 130.5 219.0 347.7 393.3 7
2021000000289393 0.103 453.2 174.3 568.9 277.3 80
2021000000289393 0.102 497.5 128.3 616.7 279.8 80
2021000000289393 0.101 40.1 202.1 124.9 258.3 80
2021000000289393 0.101 177.8 170.8 279.5 244.2 80
2021000000289393 0.100 -36.2 459.6 87.6 479.8 80
2021000000289393 0.100 542.9 111.8 646.2 235.5 80
2021000000289393 0.100 375.9 140.2 458.1 193.7 80
2021000000289393 0.099 421.4 184.9 530.2 269.1 80
2021000000289393 0.099 487.6 122.4 575.3 186.3 80
2021000000289393 0.097 303.0 140.0 389.5 196.6 80
2021000000289393 0.095 415.2 143.8 497.7 199.3 80
2021000000289393 0.095 75.0 207.7 361.8 414.2 80
2021000000289393 0.091 456.9 248.5 648.2 466.9 11
2021000000289393 0.091 33.8 87.9 276.8 239.3 7
2021000000289393 0.090 184.0 390.9 305.3 467.4 80
2021000000289393 0.090 36.0 90.1 278.2 364.8 7
2021000000289393 0.089 17.7 255.9 105.2 326.6 80
2021000000289393 0.088 37.8 303.7 142.2 398.5 80
2021000000289393 0.085 139.9 455.3 261.9 484.5 80
2021000000289393 0.085 329.0 211.1 514.9 423.0 80
2021000000289393 0.083 213.9 231.1 348.3 391.1 7
2021000000289393 0.082 249.8 327.8 287.0 373.7 7
2021000000289393 0.082 360.5 352.7 485.7 487.0 80
2021000000289393 0.081 -14.7 204.8 90.8 450.0 80
