2021000000494634 0.791 595.9 431.5 641.3 477.7 80
2021000000494634 0.780 60.5 86.6 628.0 391.0 80
2021000000494634 0.777 14.5 107.0 472.0 373.5 80
2021000000494634 0.777 50.3 43.4 635.3 288.0 80
2021000000494634 0.777 185.3 45.7 606.6 365.2 80
2021000000494634 0.774 26.1 110.2 489.2 478.3 80
2021000000494634 0.774 479.6 34.1 510.4 50.6 80
2021000000494634 0.773 3.6 105.7 387.1 452.0 80
2021000000494634 0.772 337.4 38.3 620.4 271.4 80
2021000000494634 0.772 229.6 48.1 614.5 388.5 80
2021000000494634 0.768 179.6 142.0 463.4 470.2 80
2021000000494634 0.767 479.8 99.2 610.4 204.3 80
2021000000494634 0.766 490.6 35.3 623.6 330.1 80
2021000000494634 0.765 189.6 258.7 468.6 460.2 80
2021000000494634 0.759 -2.8 29.9 636.1 370.5 80
2021000000494634 0.754 276.8 149.7 378.4 197.4 80
2021000000494634 0.753 595.9 23.1 627.3 95.9 80
2021000000494634 0.752 384.5 71.2 536.0 193.9 80
2021000000494634 0.752 255.1 36.7 615.7 345.5 80
2021000000494634 0.743 397.9 30.6 621.1 208.6 80
2021000000494634 0.791 595.9 431.5 641.3 477.7 80
2021000000494634 0.780 60.5 86.6 628.0 391.0 80
2021000000494634 0.777 14.5 107.0 472.0 373.5 80
2021000000494634 0.777 50.3 43.4 635.3 288.0 80
2021000000494634 0.777 185.3 45.7 606.6 365.2 80
2021000000494634 0.774 26.1 110.2 489.2 478.3 80
2021000000494634 0.774 479.6 34.1 510.4 50.6 80
2021000000494634 0.773 3.6 105.7 387.1 452.0 80
2021000000494634 0.772 337.4 38.3 620.4 271.4 80
2021000000494634 0.772 229.6 48.1 614.5 388.5 80
2021000000494634 0.768 179.6 142.0 463.4 470.2 80
2021000000494634 0.767 479.8 99.2 610.4 204.3 80
2021000000494634 0.766 490.6 35.3 623.6 330.1 80
2021000000494634 0.765 189.6 258.7 468.6 460.2 80
2021000000494634 0.759 -2.8 29.9 636.1 370.5 80
2021000000494634 0.754 276.8 149.7 378.4 197.4 80
2021000000494634 0.753 595.9 23.1 627.3 95.9 80
2021000000494634 0.752 384.5 71.2 536.0 193.9 80
2021000000494634 0.752 255.1 36.7 615.7 345.5 80
2021000000494634 0.743 397.9 30.6 621.1 208.6 80
2021000000494634 0.743 636.2 73.0 640.2 346.3 80
2021000000494634 0.743 389.8 49.2 612.3 219.0 80
2021000000494634 0.735 13.5 109.6 488.1 479.7 80
2021000000494634 0.727 6.7 86.5 640.4 470.9 80
2021000000494634 0.725 306.6 41.6 617.8 357.3 80
2021000000494634 0.724 362.7 37.0 623.2 340.8 80
2021000000494634 0.723 369.2 75.7 422.6 190.3 80
2021000000494634 0.717 393.9 38.0 619.4 327.1 80
2021000000494634 0.716 5.9 115.3 380.6 478.1 80
2021000000494634 0.704 299.2 173.2 484.7 372.9 80
2021000000494634 0.689 9.5 111.9 479.5 475.4 6
2021000000494634 0.684 3.0 114.6 342.3 475.5 80
2021000000494634 0.682 1.0 5.7 639.9 477.0 80
2021000000494634 0.602 384.0 26.0 616.7 204.3 80
2021000000494634 0.193 406.6 166.6 621.9 398.3 80
2021000000494634 0.192 575.6 69.6 659.7 526.8 80
2021000000494634 0.171 264.9 249.2 399.8 331.6 80
2021000000494634 0.169 37.1 241.0 235.9 413.7 80
2021000000494634 0.160 369.3 188.4 585.6 422.6 80
2021000000494634 0.146 229.0 220.3 366.2 308.0 80
2021000000494634 0.141 384.0 26.0 616.7 204.3 18
2021000000494634 0.130 74.8 202.9 216.2 303.7 80
2021000000494634 0.120 9.5 111.9 479.5 475.4 80
2021000000494634 0.118 492.0 218.3 629.5 357.9 80
2021000000494634 0.110 224.2 162.5 335.4 234.2 80
2021000000494634 0.107 330.8 325.1 461.6 408.2 80
2021000000494634 0.107 -68.7 473.0 233.7 481.0 80
2021000000494634 0.104 263.1 0.3 374.4 7.7 80
2021000000494634 0.102 571.1 185.7 654.0 248.7 80
2021000000494634 0.100 3.0 114.6 342.3 475.5 6
2021000000494634 0.099 84.4 175.3 172.8 234.2 80
2021000000494634 0.099 159.8 345.6 284.0 422.3 80
2021000000494634 0.097 551.4 242.1 648.6 334.7 80
2021000000494634 0.097 128.2 179.1 240.5 265.7 80
2021000000494634 0.097 55.9 236.2 163.2 328.1 80
2021000000494634 0.095 182.1 165.5 283.4 243.7 80
2021000000494634 0.094 548.4 452.4 669.0 476.0 80
2021000000494634 0.087 -22.9 237.6 61.4 311.7 80
2021000000494634 0.087 41.8 1.4 131.8 3.7 80
2021000000494634 0.087 16.2 249.6 107.0 331.9 80
2021000000494634 0.085 164.9 449.6 291.2 478.7 80
2021000000494634 0.083 -8.2 287.0 87.8 393.6 80
2021000000494634 0.082 27.4 446.1 149.8 481.7 80
2021000000494634 0.082 -29.2 435.2 53.9 474.8 80
2021000000494634 0.082 374.0 294.2 517.5 444.5 80
2021000000494634 0.080 202.2 344.2 374.0 479.3 80
2021000000494634 0.079 70.1 438.8 190.9 478.9 80
2021000000494634 0.078 517.3 137.1 651.1 505.5 80
2021000000494634 0.077 31.9 258.4 144.5 435.1 80
2021000000494634 0.076 470.7 225.0 612.8 478.1 80
2021000000494634 0.076 -1.2 405.5 111.1 454.6 80
2021000000494634 0.075 510.6 395.3 611.8 445.6 80
2021000000494634 0.075 439.5 406.2 540.2 455.2 80
2021000000494634 0.075 -17.0 374.7 78.6 427.3 80
2021000000494634 0.075 9.5 111.9 479.5 475.4 8
2021000000494634 0.074 -24.5 148.0 58.3 535.3 80
2021000000494634 0.074 299.2 173.2 484.7 372.9 6
2021000000494634 0.074 166.1 416.4 266.7 464.8 80
2021000000494634 0.074 292.9 404.1 403.8 453.7 80
2021000000494634 0.073 233.0 399.5 340.7 449.3 80
2021000000494634 0.072 381.0 387.4 480.5 439.9 80
2021000000494634 0.072 397.9 273.1 601.9 499.6 80
2021000000494634 0.072 5.9 115.3 380.6 478.1 6
2021000000494634 0.069 538.4 0.4 604.6 1.5 80
2021000000494634 0.069 346.3 0.6 413.3 1.4 80
2021000000494634 0.068 -40.4 7.1 145.4 54.9 80
2021000000494634 0.068 -34.4 42.8 55.2 91.8 80
2021000000494634 0.068 -28.9 11.4 74.5 59.3 80
2021000000494634 0.068 572.5 26.6 652.5 73.7 80
2021000000494634 0.068 35.8 6.4 223.1 52.7 80
2021000000494634 0.067 129.5 6.4 304.6 52.0 80
2021000000494634 0.067 163.6 5.7 356.0 51.8 80
2021000000494634 0.067 14.7 8.3 164.7 54.2 80
2021000000494634 0.067 217.2 6.7 362.4 52.0 80
2021000000494634 0.067 559.9 0.7 625.3 1.9 80
2021000000494634 0.067 101.0 5.8 230.4 50.3 80
2021000000494634 0.066 280.2 1.0 370.7 44.2 80
2021000000494634 0.065 -5.9 26.4 73.0 67.1 80
2021000000494634 0.064 357.1 -2.1 434.0 34.3 80
2021000000494634 0.062 362.7 37.0 623.2 340.8 18
2021000000494634 0.791 595.9 431.5 641.3 477.7 80
2021000000494634 0.780 60.5 86.6 628.0 391.0 80
2021000000494634 0.777 14.5 107.0 472.0 373.5 80
2021000000494634 0.777 50.3 43.4 635.3 288.0 80
2021000000494634 0.777 185.3 45.7 606.6 365.2 80
2021000000494634 0.774 26.1 110.2 489.2 478.3 80
2021000000494634 0.774 479.6 34.1 510.4 50.6 80
2021000000494634 0.773 3.6 105.7 387.1 452.0 80
2021000000494634 0.772 337.4 38.3 620.4 271.4 80
2021000000494634 0.772 229.6 48.1 614.5 388.5 80
2021000000494634 0.768 179.6 142.0 463.4 470.2 80
2021000000494634 0.767 479.8 99.2 610.4 204.3 80
2021000000494634 0.766 490.6 35.3 623.6 330.1 80
2021000000494634 0.765 189.6 258.7 468.6 460.2 80
2021000000494634 0.759 -2.8 29.9 636.1 370.5 80
2021000000494634 0.754 276.8 149.7 378.4 197.4 80
2021000000494634 0.753 595.9 23.1 627.3 95.9 80
2021000000494634 0.752 384.5 71.2 536.0 193.9 80
2021000000494634 0.752 255.1 36.7 615.7 345.5 80
2021000000494634 0.743 397.9 30.6 621.1 208.6 80
2021000000494634 0.743 636.2 73.0 640.2 346.3 80
2021000000494634 0.743 389.8 49.2 612.3 219.0 80
2021000000494634 0.735 13.5 109.6 488.1 479.7 80
2021000000494634 0.727 6.7 86.5 640.4 470.9 80
2021000000494634 0.725 306.6 41.6 617.8 357.3 80
2021000000494634 0.724 362.7 37.0 623.2 340.8 80
2021000000494634 0.723 369.2 75.7 422.6 190.3 80
2021000000494634 0.717 393.9 38.0 619.4 327.1 80
2021000000494634 0.716 5.9 115.3 380.6 478.1 80
2021000000494634 0.704 299.2 173.2 484.7 372.9 80
2021000000494634 0.689 9.5 111.9 479.5 475.4 6
2021000000494634 0.684 3.0 114.6 342.3 475.5 80
2021000000494634 0.682 1.0 5.7 639.9 477.0 80
2021000000494634 0.602 384.0 26.0 616.7 204.3 80
2021000000494634 0.193 406.6 166.6 621.9 398.3 80
2021000000494634 0.192 575.6 69.6 659.7 526.8 80
2021000000494634 0.171 264.9 249.2 399.8 331.6 80
2021000000494634 0.169 37.1 241.0 235.9 413.7 80
2021000000494634 0.160 369.3 188.4 585.6 422.6 80
2021000000494634 0.146 229.0 220.3 366.2 308.0 80
2021000000494634 0.141 384.0 26.0 616.7 204.3 18
2021000000494634 0.130 74.8 202.9 216.2 303.7 80
2021000000494634 0.120 9.5 111.9 479.5 475.4 80
2021000000494634 0.118 492.0 218.3 629.5 357.9 80
2021000000494634 0.110 224.2 162.5 335.4 234.2 80
2021000000494634 0.107 330.8 325.1 461.6 408.2 80
2021000000494634 0.107 -68.7 473.0 233.7 481.0 80
2021000000494634 0.104 263.1 0.3 374.4 7.7 80
2021000000494634 0.102 571.1 185.7 654.0 248.7 80
2021000000494634 0.100 3.0 114.6 342.3 475.5 6
2021000000494634 0.099 84.4 175.3 172.8 234.2 80
2021000000494634 0.099 159.8 345.6 284.0 422.3 80
2021000000494634 0.097 551.4 242.1 648.6 334.7 80
2021000000494634 0.097 128.2 179.1 240.5 265.7 80
2021000000494634 0.097 55.9 236.2 163.2 328.1 80
2021000000494634 0.095 182.1 165.5 283.4 243.7 80
2021000000494634 0.094 548.4 452.4 669.0 476.0 80
2021000000494634 0.087 -22.9 237.6 61.4 311.7 80
2021000000494634 0.087 41.8 1.4 131.8 3.7 80
2021000000494634 0.087 16.2 249.6 107.0 331.9 80
2021000000494634 0.085 164.9 449.6 291.2 478.7 80
2021000000494634 0.083 -8.2 287.0 87.8 393.6 80
2021000000494634 0.082 27.4 446.1 149.8 481.7 80
2021000000494634 0.082 -29.2 435.2 53.9 474.8 80
2021000000494634 0.082 374.0 294.2 517.5 444.5 80
2021000000494634 0.080 202.2 344.2 374.0 479.3 80
2021000000494634 0.079 70.1 438.8 190.9 478.9 80
2021000000494634 0.078 517.3 137.1 651.1 505.5 80
2021000000494634 0.077 31.9 258.4 144.5 435.1 80
2021000000494634 0.076 470.7 225.0 612.8 478.1 80
2021000000494634 0.076 -1.2 405.5 111.1 454.6 80
2021000000494634 0.075 510.6 395.3 611.8 445.6 80
2021000000494634 0.075 439.5 406.2 540.2 455.2 80
2021000000494634 0.075 -17.0 374.7 78.6 427.3 80
2021000000494634 0.075 9.5 111.9 479.5 475.4 8
2021000000494634 0.074 -24.5 148.0 58.3 535.3 80
2021000000494634 0.074 299.2 173.2 484.7 372.9 6
2021000000494634 0.074 166.1 416.4 266.7 464.8 80
2021000000494634 0.074 292.9 404.1 403.8 453.7 80
2021000000494634 0.073 233.0 399.5 340.7 449.3 80
2021000000494634 0.072 381.0 387.4 480.5 439.9 80
2021000000494634 0.072 397.9 273.1 601.9 499.6 80
2021000000494634 0.072 5.9 115.3 380.6 478.1 6
2021000000494634 0.069 538.4 0.4 604.6 1.5 80
2021000000494634 0.069 346.3 0.6 413.3 1.4 80
2021000000494634 0.068 -40.4 7.1 145.4 54.9 80
2021000000494634 0.068 -34.4 42.8 55.2 91.8 80
2021000000494634 0.068 -28.9 11.4 74.5 59.3 80
2021000000494634 0.068 572.5 26.6 652.5 73.7 80
2021000000494634 0.068 35.8 6.4 223.1 52.7 80
2021000000494634 0.067 129.5 6.4 304.6 52.0 80
2021000000494634 0.067 163.6 5.7 356.0 51.8 80
2021000000494634 0.067 14.7 8.3 164.7 54.2 80
2021000000494634 0.067 217.2 6.7 362.4 52.0 80
2021000000494634 0.067 559.9 0.7 625.3 1.9 80
2021000000494634 0.067 101.0 5.8 230.4 50.3 80
2021000000494634 0.066 280.2 1.0 370.7 44.2 80
2021000000494634 0.065 -5.9 26.4 73.0 67.1 80
2021000000494634 0.064 357.1 -2.1 434.0 34.3 80
2021000000494634 0.062 362.7 37.0 623.2 340.8 18
2021000000494634 0.791 595.9 431.5 641.3 477.7 80
2021000000494634 0.780 60.5 86.6 628.0 391.0 80
2021000000494634 0.777 14.5 107.0 472.0 373.5 80
2021000000494634 0.777 50.3 43.4 635.3 288.0 80
2021000000494634 0.777 185.3 45.7 606.6 365.2 80
2021000000494634 0.774 26.1 110.2 489.2 478.3 80
2021000000494634 0.774 479.6 34.1 510.4 50.6 80
2021000000494634 0.773 3.6 105.7 387.1 452.0 80
2021000000494634 0.772 337.4 38.3 620.4 271.4 80
2021000000494634 0.772 229.6 48.1 614.5 388.5 80
2021000000494634 0.768 179.6 142.0 463.4 470.2 80
2021000000494634 0.767 479.8 99.2 610.4 204.3 80
2021000000494634 0.766 490.6 35.3 623.6 330.1 80
2021000000494634 0.765 189.6 258.7 468.6 460.2 80
2021000000494634 0.759 -2.8 29.9 636.1 370.5 80
2021000000494634 0.754 276.8 149.7 378.4 197.4 80
2021000000494634 0.753 595.9 23.1 627.3 95.9 80
2021000000494634 0.752 384.5 71.2 536.0 193.9 80
2021000000494634 0.752 255.1 36.7 615.7 345.5 80
2021000000494634 0.743 397.9 30.6 621.1 208.6 80
2021000000494634 0.743 636.2 73.0 640.2 346.3 80
2021000000494634 0.743 389.8 49.2 612.3 219.0 80
2021000000494634 0.735 13.5 109.6 488.1 479.7 80
2021000000494634 0.727 6.7 86.5 640.4 470.9 80
2021000000494634 0.725 306.6 41.6 617.8 357.3 80
2021000000494634 0.724 362.7 37.0 623.2 340.8 80
2021000000494634 0.723 369.2 75.7 422.6 190.3 80
2021000000494634 0.717 393.9 38.0 619.4 327.1 80
2021000000494634 0.716 5.9 115.3 380.6 478.1 80
2021000000494634 0.704 299.2 173.2 484.7 372.9 80
2021000000494634 0.689 9.5 111.9 479.5 475.4 6
2021000000494634 0.684 3.0 114.6 342.3 475.5 80
2021000000494634 0.682 1.0 5.7 639.9 477.0 80
2021000000494634 0.602 384.0 26.0 616.7 204.3 80
2021000000494634 0.193 406.6 166.6 621.9 398.3 80
2021000000494634 0.192 575.6 69.6 659.7 526.8 80
2021000000494634 0.171 264.9 249.2 399.8 331.6 80
2021000000494634 0.169 37.1 241.0 235.9 413.7 80
2021000000494634 0.160 369.3 188.4 585.6 422.6 80
2021000000494634 0.146 229.0 220.3 366.2 308.0 80
2021000000494634 0.141 384.0 26.0 616.7 204.3 18
2021000000494634 0.130 74.8 202.9 216.2 303.7 80
2021000000494634 0.120 9.5 111.9 479.5 475.4 80
2021000000494634 0.118 492.0 218.3 629.5 357.9 80
2021000000494634 0.110 224.2 162.5 335.4 234.2 80
2021000000494634 0.107 330.8 325.1 461.6 408.2 80
2021000000494634 0.107 -68.7 473.0 233.7 481.0 80
2021000000494634 0.104 263.1 0.3 374.4 7.7 80
2021000000494634 0.102 571.1 185.7 654.0 248.7 80
2021000000494634 0.100 3.0 114.6 342.3 475.5 6
2021000000494634 0.099 84.4 175.3 172.8 234.2 80
2021000000494634 0.099 159.8 345.6 284.0 422.3 80
2021000000494634 0.097 551.4 242.1 648.6 334.7 80
2021000000494634 0.097 128.2 179.1 240.5 265.7 80
2021000000494634 0.097 55.9 236.2 163.2 328.1 80
2021000000494634 0.095 182.1 165.5 283.4 243.7 80
2021000000494634 0.094 548.4 452.4 669.0 476.0 80
2021000000494634 0.087 -22.9 237.6 61.4 311.7 80
2021000000494634 0.087 41.8 1.4 131.8 3.7 80
2021000000494634 0.087 16.2 249.6 107.0 331.9 80
2021000000494634 0.085 164.9 449.6 291.2 478.7 80
2021000000494634 0.083 -8.2 287.0 87.8 393.6 80
2021000000494634 0.082 27.4 446.1 149.8 481.7 80
2021000000494634 0.082 -29.2 435.2 53.9 474.8 80
2021000000494634 0.082 374.0 294.2 517.5 444.5 80
2021000000494634 0.080 202.2 344.2 374.0 479.3 80
2021000000494634 0.079 70.1 438.8 190.9 478.9 80
2021000000494634 0.078 517.3 137.1 651.1 505.5 80
2021000000494634 0.077 31.9 258.4 144.5 435.1 80
2021000000494634 0.076 470.7 225.0 612.8 478.1 80
2021000000494634 0.076 -1.2 405.5 111.1 454.6 80
2021000000494634 0.075 510.6 395.3 611.8 445.6 80
2021000000494634 0.075 439.5 406.2 540.2 455.2 80
2021000000494634 0.075 -17.0 374.7 78.6 427.3 80
2021000000494634 0.075 9.5 111.9 479.5 475.4 8
2021000000494634 0.074 -24.5 148.0 58.3 535.3 80
2021000000494634 0.074 299.2 173.2 484.7 372.9 6
2021000000494634 0.074 166.1 416.4 266.7 464.8 80
2021000000494634 0.074 292.9 404.1 403.8 453.7 80
2021000000494634 0.073 233.0 399.5 340.7 449.3 80
2021000000494634 0.072 381.0 387.4 480.5 439.9 80
2021000000494634 0.072 397.9 273.1 601.9 499.6 80
2021000000494634 0.072 5.9 115.3 380.6 478.1 6
2021000000494634 0.069 538.4 0.4 604.6 1.5 80
2021000000494634 0.069 346.3 0.6 413.3 1.4 80
2021000000494634 0.068 -40.4 7.1 145.4 54.9 80
2021000000494634 0.068 -34.4 42.8 55.2 91.8 80
2021000000494634 0.068 -28.9 11.4 74.5 59.3 80
2021000000494634 0.068 572.5 26.6 652.5 73.7 80
2021000000494634 0.068 35.8 6.4 223.1 52.7 80
2021000000494634 0.067 129.5 6.4 304.6 52.0 80
2021000000494634 0.067 163.6 5.7 356.0 51.8 80
2021000000494634 0.067 14.7 8.3 164.7 54.2 80
2021000000494634 0.067 217.2 6.7 362.4 52.0 80
2021000000494634 0.067 559.9 0.7 625.3 1.9 80
2021000000494634 0.067 101.0 5.8 230.4 50.3 80
2021000000494634 0.066 280.2 1.0 370.7 44.2 80
2021000000494634 0.065 -5.9 26.4 73.0 67.1 80
2021000000494634 0.064 357.1 -2.1 434.0 34.3 80
2021000000494634 0.062 362.7 37.0 623.2 340.8 18
2021000000494634 0.791 595.9 431.5 641.3 477.7 80
2021000000494634 0.780 60.5 86.6 628.0 391.0 80
2021000000494634 0.777 14.5 107.0 472.0 373.5 80
2021000000494634 0.777 50.3 43.4 635.3 288.0 80
2021000000494634 0.777 185.3 45.7 606.6 365.2 80
2021000000494634 0.774 26.1 110.2 489.2 478.3 80
2021000000494634 0.774 479.6 34.1 510.4 50.6 80
2021000000494634 0.773 3.6 105.7 387.1 452.0 80
2021000000494634 0.772 337.4 38.3 620.4 271.4 80
2021000000494634 0.772 229.6 48.1 614.5 388.5 80
2021000000494634 0.768 179.6 142.0 463.4 470.2 80
2021000000494634 0.767 479.8 99.2 610.4 204.3 80
2021000000494634 0.766 490.6 35.3 623.6 330.1 80
2021000000494634 0.765 189.6 258.7 468.6 460.2 80
2021000000494634 0.759 -2.8 29.9 636.1 370.5 80
2021000000494634 0.754 276.8 149.7 378.4 197.4 80
2021000000494634 0.753 595.9 23.1 627.3 95.9 80
2021000000494634 0.752 384.5 71.2 536.0 193.9 80
2021000000494634 0.752 255.1 36.7 615.7 345.5 80
2021000000494634 0.743 397.9 30.6 621.1 208.6 80
2021000000494634 0.743 636.2 73.0 640.2 346.3 80
2021000000494634 0.743 389.8 49.2 612.3 219.0 80
2021000000494634 0.735 13.5 109.6 488.1 479.7 80
2021000000494634 0.727 6.7 86.5 640.4 470.9 80
2021000000494634 0.725 306.6 41.6 617.8 357.3 80
2021000000494634 0.724 362.7 37.0 623.2 340.8 80
2021000000494634 0.723 369.2 75.7 422.6 190.3 80
2021000000494634 0.717 393.9 38.0 619.4 327.1 80
2021000000494634 0.716 5.9 115.3 380.6 478.1 80
2021000000494634 0.704 299.2 173.2 484.7 372.9 80
2021000000494634 0.689 9.5 111.9 479.5 475.4 6
2021000000494634 0.684 3.0 114.6 342.3 475.5 80
2021000000494634 0.682 1.0 5.7 639.9 477.0 80
2021000000494634 0.602 384.0 26.0 616.7 204.3 80
2021000000494634 0.193 406.6 166.6 621.9 398.3 80
2021000000494634 0.192 575.6 69.6 659.7 526.8 80
2021000000494634 0.171 264.9 249.2 399.8 331.6 80
2021000000494634 0.169 37.1 241.0 235.9 413.7 80
2021000000494634 0.160 369.3 188.4 585.6 422.6 80
2021000000494634 0.146 229.0 220.3 366.2 308.0 80
2021000000494634 0.141 384.0 26.0 616.7 204.3 18
2021000000494634 0.130 74.8 202.9 216.2 303.7 80
2021000000494634 0.120 9.5 111.9 479.5 475.4 80
2021000000494634 0.118 492.0 218.3 629.5 357.9 80
2021000000494634 0.110 224.2 162.5 335.4 234.2 80
2021000000494634 0.107 330.8 325.1 461.6 408.2 80
2021000000494634 0.107 -68.7 473.0 233.7 481.0 80
2021000000494634 0.104 263.1 0.3 374.4 7.7 80
2021000000494634 0.102 571.1 185.7 654.0 248.7 80
2021000000494634 0.100 3.0 114.6 342.3 475.5 6
2021000000494634 0.099 84.4 175.3 172.8 234.2 80
2021000000494634 0.099 159.8 345.6 284.0 422.3 80
2021000000494634 0.097 551.4 242.1 648.6 334.7 80
2021000000494634 0.097 128.2 179.1 240.5 265.7 80
2021000000494634 0.097 55.9 236.2 163.2 328.1 80
2021000000494634 0.095 182.1 165.5 283.4 243.7 80
2021000000494634 0.094 548.4 452.4 669.0 476.0 80
2021000000494634 0.087 -22.9 237.6 61.4 311.7 80
2021000000494634 0.087 41.8 1.4 131.8 3.7 80
2021000000494634 0.087 16.2 249.6 107.0 331.9 80
2021000000494634 0.085 164.9 449.6 291.2 478.7 80
2021000000494634 0.083 -8.2 287.0 87.8 393.6 80
2021000000494634 0.082 27.4 446.1 149.8 481.7 80
2021000000494634 0.082 -29.2 435.2 53.9 474.8 80
2021000000494634 0.082 374.0 294.2 517.5 444.5 80
2021000000494634 0.080 202.2 344.2 374.0 479.3 80
2021000000494634 0.079 70.1 438.8 190.9 478.9 80
2021000000494634 0.078 517.3 137.1 651.1 505.5 80
2021000000494634 0.077 31.9 258.4 144.5 435.1 80
2021000000494634 0.076 470.7 225.0 612.8 478.1 80
2021000000494634 0.076 -1.2 405.5 111.1 454.6 80
2021000000494634 0.075 510.6 395.3 611.8 445.6 80
2021000000494634 0.075 439.5 406.2 540.2 455.2 80
2021000000494634 0.075 -17.0 374.7 78.6 427.3 80
2021000000494634 0.075 9.5 111.9 479.5 475.4 8
2021000000494634 0.074 -24.5 148.0 58.3 535.3 80
2021000000494634 0.074 299.2 173.2 484.7 372.9 6
2021000000494634 0.074 166.1 416.4 266.7 464.8 80
2021000000494634 0.074 292.9 404.1 403.8 453.7 80
2021000000494634 0.073 233.0 399.5 340.7 449.3 80
2021000000494634 0.072 381.0 387.4 480.5 439.9 80
2021000000494634 0.072 397.9 273.1 601.9 499.6 80
2021000000494634 0.072 5.9 115.3 380.6 478.1 6
2021000000494634 0.069 538.4 0.4 604.6 1.5 80
2021000000494634 0.069 346.3 0.6 413.3 1.4 80
2021000000494634 0.068 -40.4 7.1 145.4 54.9 80
2021000000494634 0.068 -34.4 42.8 55.2 91.8 80
2021000000494634 0.068 -28.9 11.4 74.5 59.3 80
2021000000494634 0.068 572.5 26.6 652.5 73.7 80
2021000000494634 0.068 35.8 6.4 223.1 52.7 80
2021000000494634 0.067 129.5 6.4 304.6 52.0 80
2021000000494634 0.067 163.6 5.7 356.0 51.8 80
2021000000494634 0.067 14.7 8.3 164.7 54.2 80
2021000000494634 0.067 217.2 6.7 362.4 52.0 80
2021000000494634 0.067 559.9 0.7 625.3 1.9 80
2021000000494634 0.067 101.0 5.8 230.4 50.3 80
2021000000494634 0.066 280.2 1.0 370.7 44.2 80
2021000000494634 0.065 -5.9 26.4 73.0 67.1 80
2021000000494634 0.064 357.1 -2.1 434.0 34.3 80
2021000000494634 0.062 362.7 37.0 623.2 340.8 18
2021000000494634 0.791 595.9 431.5 641.3 477.7 80
2021000000494634 0.780 60.5 86.6 628.0 391.0 80
2021000000494634 0.777 14.5 107.0 472.0 373.5 80
2021000000494634 0.777 50.3 43.4 635.3 288.0 80
2021000000494634 0.777 185.3 45.7 606.6 365.2 80
2021000000494634 0.774 26.1 110.2 489.2 478.3 80
2021000000494634 0.774 479.6 34.1 510.4 50.6 80
2021000000494634 0.773 3.6 105.7 387.1 452.0 80
2021000000494634 0.772 337.4 38.3 620.4 271.4 80
2021000000494634 0.772 229.6 48.1 614.5 388.5 80
2021000000494634 0.768 179.6 142.0 463.4 470.2 80
2021000000494634 0.767 479.8 99.2 610.4 204.3 80
2021000000494634 0.766 490.6 35.3 623.6 330.1 80
2021000000494634 0.765 189.6 258.7 468.6 460.2 80
2021000000494634 0.759 -2.8 29.9 636.1 370.5 80
2021000000494634 0.754 276.8 149.7 378.4 197.4 80
2021000000494634 0.753 595.9 23.1 627.3 95.9 80
2021000000494634 0.752 384.5 71.2 536.0 193.9 80
2021000000494634 0.752 255.1 36.7 615.7 345.5 80
2021000000494634 0.743 397.9 30.6 621.1 208.6 80
2021000000494634 0.743 636.2 73.0 640.2 346.3 80
2021000000494634 0.743 389.8 49.2 612.3 219.0 80
2021000000494634 0.735 13.5 109.6 488.1 479.7 80
2021000000494634 0.727 6.7 86.5 640.4 470.9 80
2021000000494634 0.725 306.6 41.6 617.8 357.3 80
2021000000494634 0.724 362.7 37.0 623.2 340.8 80
2021000000494634 0.723 369.2 75.7 422.6 190.3 80
2021000000494634 0.717 393.9 38.0 619.4 327.1 80
2021000000494634 0.716 5.9 115.3 380.6 478.1 80
2021000000494634 0.704 299.2 173.2 484.7 372.9 80
2021000000494634 0.689 9.5 111.9 479.5 475.4 6
2021000000494634 0.684 3.0 114.6 342.3 475.5 80
2021000000494634 0.682 1.0 5.7 639.9 477.0 80
2021000000494634 0.602 384.0 26.0 616.7 204.3 80
2021000000494634 0.193 406.6 166.6 621.9 398.3 80
2021000000494634 0.192 575.6 69.6 659.7 526.8 80
2021000000494634 0.171 264.9 249.2 399.8 331.6 80
2021000000494634 0.169 37.1 241.0 235.9 413.7 80
2021000000494634 0.160 369.3 188.4 585.6 422.6 80
2021000000494634 0.146 229.0 220.3 366.2 308.0 80
2021000000494634 0.141 384.0 26.0 616.7 204.3 18
2021000000494634 0.130 74.8 202.9 216.2 303.7 80
2021000000494634 0.120 9.5 111.9 479.5 475.4 80
2021000000494634 0.118 492.0 218.3 629.5 357.9 80
2021000000494634 0.110 224.2 162.5 335.4 234.2 80
2021000000494634 0.107 330.8 325.1 461.6 408.2 80
2021000000494634 0.107 -68.7 473.0 233.7 481.0 80
2021000000494634 0.104 263.1 0.3 374.4 7.7 80
2021000000494634 0.102 571.1 185.7 654.0 248.7 80
2021000000494634 0.100 3.0 114.6 342.3 475.5 6
2021000000494634 0.099 84.4 175.3 172.8 234.2 80
2021000000494634 0.099 159.8 345.6 284.0 422.3 80
2021000000494634 0.097 551.4 242.1 648.6 334.7 80
2021000000494634 0.097 128.2 179.1 240.5 265.7 80
2021000000494634 0.097 55.9 236.2 163.2 328.1 80
2021000000494634 0.095 182.1 165.5 283.4 243.7 80
2021000000494634 0.094 548.4 452.4 669.0 476.0 80
2021000000494634 0.087 -22.9 237.6 61.4 311.7 80
2021000000494634 0.087 41.8 1.4 131.8 3.7 80
2021000000494634 0.087 16.2 249.6 107.0 331.9 80
2021000000494634 0.085 164.9 449.6 291.2 478.7 80
2021000000494634 0.083 -8.2 287.0 87.8 393.6 80
2021000000494634 0.082 27.4 446.1 149.8 481.7 80
2021000000494634 0.082 -29.2 435.2 53.9 474.8 80
2021000000494634 0.082 374.0 294.2 517.5 444.5 80
2021000000494634 0.080 202.2 344.2 374.0 479.3 80
2021000000494634 0.079 70.1 438.8 190.9 478.9 80
2021000000494634 0.078 517.3 137.1 651.1 505.5 80
2021000000494634 0.077 31.9 258.4 144.5 435.1 80
2021000000494634 0.076 470.7 225.0 612.8 478.1 80
2021000000494634 0.076 -1.2 405.5 111.1 454.6 80
2021000000494634 0.075 510.6 395.3 611.8 445.6 80
2021000000494634 0.075 439.5 406.2 540.2 455.2 80
2021000000494634 0.075 -17.0 374.7 78.6 427.3 80
2021000000494634 0.075 9.5 111.9 479.5 475.4 8
2021000000494634 0.074 -24.5 148.0 58.3 535.3 80
2021000000494634 0.074 299.2 173.2 484.7 372.9 6
2021000000494634 0.074 166.1 416.4 266.7 464.8 80
2021000000494634 0.074 292.9 404.1 403.8 453.7 80
2021000000494634 0.073 233.0 399.5 340.7 449.3 80
2021000000494634 0.072 381.0 387.4 480.5 439.9 80
2021000000494634 0.072 397.9 273.1 601.9 499.6 80
2021000000494634 0.072 5.9 115.3 380.6 478.1 6
2021000000494634 0.069 538.4 0.4 604.6 1.5 80
2021000000494634 0.069 346.3 0.6 413.3 1.4 80
2021000000494634 0.068 -40.4 7.1 145.4 54.9 80
2021000000494634 0.068 -34.4 42.8 55.2 91.8 80
2021000000494634 0.068 -28.9 11.4 74.5 59.3 80
2021000000494634 0.068 572.5 26.6 652.5 73.7 80
2021000000494634 0.068 35.8 6.4 223.1 52.7 80
2021000000494634 0.067 129.5 6.4 304.6 52.0 80
2021000000494634 0.067 163.6 5.7 356.0 51.8 80
2021000000494634 0.067 14.7 8.3 164.7 54.2 80
2021000000494634 0.067 217.2 6.7 362.4 52.0 80
2021000000494634 0.067 559.9 0.7 625.3 1.9 80
2021000000494634 0.067 101.0 5.8 230.4 50.3 80
2021000000494634 0.066 280.2 1.0 370.7 44.2 80
2021000000494634 0.065 -5.9 26.4 73.0 67.1 80
2021000000494634 0.064 357.1 -2.1 434.0 34.3 80
2021000000494634 0.062 362.7 37.0 623.2 340.8 18
2021000000494634 0.791 595.9 431.5 641.3 477.7 80
2021000000494634 0.780 60.5 86.6 628.0 391.0 80
2021000000494634 0.777 14.5 107.0 472.0 373.5 80
2021000000494634 0.777 50.3 43.4 635.3 288.0 80
2021000000494634 0.777 185.3 45.7 606.6 365.2 80
2021000000494634 0.774 26.1 110.2 489.2 478.3 80
2021000000494634 0.774 479.6 34.1 510.4 50.6 80
2021000000494634 0.773 3.6 105.7 387.1 452.0 80
2021000000494634 0.772 337.4 38.3 620.4 271.4 80
2021000000494634 0.772 229.6 48.1 614.5 388.5 80
2021000000494634 0.768 179.6 142.0 463.4 470.2 80
2021000000494634 0.767 479.8 99.2 610.4 204.3 80
2021000000494634 0.766 490.6 35.3 623.6 330.1 80
2021000000494634 0.765 189.6 258.7 468.6 460.2 80
2021000000494634 0.759 -2.8 29.9 636.1 370.5 80
2021000000494634 0.754 276.8 149.7 378.4 197.4 80
2021000000494634 0.753 595.9 23.1 627.3 95.9 80
2021000000494634 0.752 384.5 71.2 536.0 193.9 80
2021000000494634 0.752 255.1 36.7 615.7 345.5 80
2021000000494634 0.743 397.9 30.6 621.1 208.6 80
2021000000494634 0.743 636.2 73.0 640.2 346.3 80
2021000000494634 0.743 389.8 49.2 612.3 219.0 80
2021000000494634 0.735 13.5 109.6 488.1 479.7 80
2021000000494634 0.727 6.7 86.5 640.4 470.9 80
2021000000494634 0.725 306.6 41.6 617.8 357.3 80
2021000000494634 0.724 362.7 37.0 623.2 340.8 80
2021000000494634 0.723 369.2 75.7 422.6 190.3 80
2021000000494634 0.717 393.9 38.0 619.4 327.1 80
2021000000494634 0.716 5.9 115.3 380.6 478.1 80
2021000000494634 0.704 299.2 173.2 484.7 372.9 80
2021000000494634 0.689 9.5 111.9 479.5 475.4 6
2021000000494634 0.684 3.0 114.6 342.3 475.5 80
2021000000494634 0.682 1.0 5.7 639.9 477.0 80
2021000000494634 0.602 384.0 26.0 616.7 204.3 80
2021000000494634 0.193 406.6 166.6 621.9 398.3 80
2021000000494634 0.192 575.6 69.6 659.7 526.8 80
2021000000494634 0.171 264.9 249.2 399.8 331.6 80
2021000000494634 0.169 37.1 241.0 235.9 413.7 80
2021000000494634 0.160 369.3 188.4 585.6 422.6 80
2021000000494634 0.146 229.0 220.3 366.2 308.0 80
2021000000494634 0.141 384.0 26.0 616.7 204.3 18
2021000000494634 0.130 74.8 202.9 216.2 303.7 80
2021000000494634 0.120 9.5 111.9 479.5 475.4 80
2021000000494634 0.118 492.0 218.3 629.5 357.9 80
2021000000494634 0.110 224.2 162.5 335.4 234.2 80
2021000000494634 0.107 330.8 325.1 461.6 408.2 80
2021000000494634 0.107 -68.7 473.0 233.7 481.0 80
2021000000494634 0.104 263.1 0.3 374.4 7.7 80
2021000000494634 0.102 571.1 185.7 654.0 248.7 80
2021000000494634 0.100 3.0 114.6 342.3 475.5 6
2021000000494634 0.099 84.4 175.3 172.8 234.2 80
2021000000494634 0.099 159.8 345.6 284.0 422.3 80
2021000000494634 0.097 551.4 242.1 648.6 334.7 80
2021000000494634 0.097 128.2 179.1 240.5 265.7 80
2021000000494634 0.097 55.9 236.2 163.2 328.1 80
2021000000494634 0.095 182.1 165.5 283.4 243.7 80
2021000000494634 0.094 548.4 452.4 669.0 476.0 80
2021000000494634 0.087 -22.9 237.6 61.4 311.7 80
2021000000494634 0.087 41.8 1.4 131.8 3.7 80
2021000000494634 0.087 16.2 249.6 107.0 331.9 80
2021000000494634 0.085 164.9 449.6 291.2 478.7 80
2021000000494634 0.083 -8.2 287.0 87.8 393.6 80
2021000000494634 0.082 27.4 446.1 149.8 481.7 80
2021000000494634 0.082 -29.2 435.2 53.9 474.8 80
2021000000494634 0.082 374.0 294.2 517.5 444.5 80
2021000000494634 0.080 202.2 344.2 374.0 479.3 80
2021000000494634 0.079 70.1 438.8 190.9 478.9 80
2021000000494634 0.078 517.3 137.1 651.1 505.5 80
2021000000494634 0.077 31.9 258.4 144.5 435.1 80
2021000000494634 0.076 470.7 225.0 612.8 478.1 80
2021000000494634 0.076 -1.2 405.5 111.1 454.6 80
2021000000494634 0.075 510.6 395.3 611.8 445.6 80
2021000000494634 0.075 439.5 406.2 540.2 455.2 80
2021000000494634 0.075 -17.0 374.7 78.6 427.3 80
2021000000494634 0.075 9.5 111.9 479.5 475.4 8
2021000000494634 0.074 -24.5 148.0 58.3 535.3 80
2021000000494634 0.074 299.2 173.2 484.7 372.9 6
2021000000494634 0.074 166.1 416.4 266.7 464.8 80
2021000000494634 0.074 292.9 404.1 403.8 453.7 80
2021000000494634 0.073 233.0 399.5 340.7 449.3 80
2021000000494634 0.072 381.0 387.4 480.5 439.9 80
2021000000494634 0.072 397.9 273.1 601.9 499.6 80
2021000000494634 0.072 5.9 115.3 380.6 478.1 6
2021000000494634 0.069 538.4 0.4 604.6 1.5 80
2021000000494634 0.069 346.3 0.6 413.3 1.4 80
2021000000494634 0.068 -40.4 7.1 145.4 54.9 80
2021000000494634 0.068 -34.4 42.8 55.2 91.8 80
2021000000494634 0.068 -28.9 11.4 74.5 59.3 80
2021000000494634 0.068 572.5 26.6 652.5 73.7 80
2021000000494634 0.068 35.8 6.4 223.1 52.7 80
2021000000494634 0.067 129.5 6.4 304.6 52.0 80
2021000000494634 0.067 163.6 5.7 356.0 51.8 80
2021000000494634 0.067 14.7 8.3 164.7 54.2 80
2021000000494634 0.067 217.2 6.7 362.4 52.0 80
2021000000494634 0.067 559.9 0.7 625.3 1.9 80
2021000000494634 0.067 101.0 5.8 230.4 50.3 80
2021000000494634 0.066 280.2 1.0 370.7 44.2 80
2021000000494634 0.065 -5.9 26.4 73.0 67.1 80
2021000000494634 0.064 357.1 -2.1 434.0 34.3 80
2021000000494634 0.062 362.7 37.0 623.2 340.8 18
2021000000494634 0.791 595.9 431.5 641.3 477.7 80
2021000000494634 0.780 60.5 86.6 628.0 391.0 80
2021000000494634 0.777 14.5 107.0 472.0 373.5 80
2021000000494634 0.777 50.3 43.4 635.3 288.0 80
2021000000494634 0.777 185.3 45.7 606.6 365.2 80
2021000000494634 0.774 26.1 110.2 489.2 478.3 80
2021000000494634 0.774 479.6 34.1 510.4 50.6 80
2021000000494634 0.773 3.6 105.7 387.1 452.0 80
2021000000494634 0.772 337.4 38.3 620.4 271.4 80
2021000000494634 0.772 229.6 48.1 614.5 388.5 80
2021000000494634 0.768 179.6 142.0 463.4 470.2 80
2021000000494634 0.767 479.8 99.2 610.4 204.3 80
2021000000494634 0.766 490.6 35.3 623.6 330.1 80
2021000000494634 0.765 189.6 258.7 468.6 460.2 80
2021000000494634 0.759 -2.8 29.9 636.1 370.5 80
2021000000494634 0.754 276.8 149.7 378.4 197.4 80
2021000000494634 0.753 595.9 23.1 627.3 95.9 80
2021000000494634 0.752 384.5 71.2 536.0 193.9 80
2021000000494634 0.752 255.1 36.7 615.7 345.5 80
2021000000494634 0.743 397.9 30.6 621.1 208.6 80
2021000000494634 0.743 636.2 73.0 640.2 346.3 80
2021000000494634 0.743 389.8 49.2 612.3 219.0 80
2021000000494634 0.735 13.5 109.6 488.1 479.7 80
2021000000494634 0.727 6.7 86.5 640.4 470.9 80
2021000000494634 0.725 306.6 41.6 617.8 357.3 80
2021000000494634 0.724 362.7 37.0 623.2 340.8 80
2021000000494634 0.723 369.2 75.7 422.6 190.3 80
2021000000494634 0.717 393.9 38.0 619.4 327.1 80
2021000000494634 0.716 5.9 115.3 380.6 478.1 80
2021000000494634 0.704 299.2 173.2 484.7 372.9 80
2021000000494634 0.689 9.5 111.9 479.5 475.4 6
2021000000494634 0.684 3.0 114.6 342.3 475.5 80
2021000000494634 0.682 1.0 5.7 639.9 477.0 80
2021000000494634 0.602 384.0 26.0 616.7 204.3 80
2021000000494634 0.193 406.6 166.6 621.9 398.3 80
2021000000494634 0.192 575.6 69.6 659.7 526.8 80
2021000000494634 0.171 264.9 249.2 399.8 331.6 80
2021000000494634 0.169 37.1 241.0 235.9 413.7 80
2021000000494634 0.160 369.3 188.4 585.6 422.6 80
2021000000494634 0.146 229.0 220.3 366.2 308.0 80
2021000000494634 0.141 384.0 26.0 616.7 204.3 18
2021000000494634 0.130 74.8 202.9 216.2 303.7 80
2021000000494634 0.120 9.5 111.9 479.5 475.4 80
2021000000494634 0.118 492.0 218.3 629.5 357.9 80
2021000000494634 0.110 224.2 162.5 335.4 234.2 80
2021000000494634 0.107 330.8 325.1 461.6 408.2 80
2021000000494634 0.107 -68.7 473.0 233.7 481.0 80
2021000000494634 0.104 263.1 0.3 374.4 7.7 80
2021000000494634 0.102 571.1 185.7 654.0 248.7 80
2021000000494634 0.100 3.0 114.6 342.3 475.5 6
2021000000494634 0.099 84.4 175.3 172.8 234.2 80
2021000000494634 0.099 159.8 345.6 284.0 422.3 80
2021000000494634 0.097 551.4 242.1 648.6 334.7 80
2021000000494634 0.097 128.2 179.1 240.5 265.7 80
2021000000494634 0.097 55.9 236.2 163.2 328.1 80
2021000000494634 0.095 182.1 165.5 283.4 243.7 80
2021000000494634 0.094 548.4 452.4 669.0 476.0 80
2021000000494634 0.087 -22.9 237.6 61.4 311.7 80
2021000000494634 0.087 41.8 1.4 131.8 3.7 80
2021000000494634 0.087 16.2 249.6 107.0 331.9 80
2021000000494634 0.085 164.9 449.6 291.2 478.7 80
2021000000494634 0.083 -8.2 287.0 87.8 393.6 80
2021000000494634 0.082 27.4 446.1 149.8 481.7 80
2021000000494634 0.082 -29.2 435.2 53.9 474.8 80
2021000000494634 0.082 374.0 294.2 517.5 444.5 80
2021000000494634 0.080 202.2 344.2 374.0 479.3 80
2021000000494634 0.079 70.1 438.8 190.9 478.9 80
2021000000494634 0.078 517.3 137.1 651.1 505.5 80
2021000000494634 0.077 31.9 258.4 144.5 435.1 80
2021000000494634 0.076 470.7 225.0 612.8 478.1 80
2021000000494634 0.076 -1.2 405.5 111.1 454.6 80
2021000000494634 0.075 510.6 395.3 611.8 445.6 80
2021000000494634 0.075 439.5 406.2 540.2 455.2 80
2021000000494634 0.075 -17.0 374.7 78.6 427.3 80
2021000000494634 0.075 9.5 111.9 479.5 475.4 8
2021000000494634 0.074 -24.5 148.0 58.3 535.3 80
2021000000494634 0.074 299.2 173.2 484.7 372.9 6
2021000000494634 0.074 166.1 416.4 266.7 464.8 80
2021000000494634 0.074 292.9 404.1 403.8 453.7 80
2021000000494634 0.073 233.0 399.5 340.7 449.3 80
2021000000494634 0.072 381.0 387.4 480.5 439.9 80
2021000000494634 0.072 397.9 273.1 601.9 499.6 80
2021000000494634 0.072 5.9 115.3 380.6 478.1 6
2021000000494634 0.069 538.4 0.4 604.6 1.5 80
2021000000494634 0.069 346.3 0.6 413.3 1.4 80
2021000000494634 0.068 -40.4 7.1 145.4 54.9 80
2021000000494634 0.068 -34.4 42.8 55.2 91.8 80
2021000000494634 0.068 -28.9 11.4 74.5 59.3 80
2021000000494634 0.068 572.5 26.6 652.5 73.7 80
2021000000494634 0.068 35.8 6.4 223.1 52.7 80
2021000000494634 0.067 129.5 6.4 304.6 52.0 80
2021000000494634 0.067 163.6 5.7 356.0 51.8 80
2021000000494634 0.067 14.7 8.3 164.7 54.2 80
2021000000494634 0.067 217.2 6.7 362.4 52.0 80
2021000000494634 0.067 559.9 0.7 625.3 1.9 80
2021000000494634 0.067 101.0 5.8 230.4 50.3 80
2021000000494634 0.066 280.2 1.0 370.7 44.2 80
2021000000494634 0.065 -5.9 26.4 73.0 67.1 80
2021000000494634 0.064 357.1 -2.1 434.0 34.3 80
2021000000494634 0.062 362.7 37.0 623.2 340.8 18
2021000000494634 0.791 595.9 431.5 641.3 477.7 80
2021000000494634 0.780 60.5 86.6 628.0 391.0 80
2021000000494634 0.777 14.5 107.0 472.0 373.5 80
2021000000494634 0.777 50.3 43.4 635.3 288.0 80
2021000000494634 0.777 185.3 45.7 606.6 365.2 80
2021000000494634 0.774 26.1 110.2 489.2 478.3 80
2021000000494634 0.774 479.6 34.1 510.4 50.6 80
2021000000494634 0.773 3.6 105.7 387.1 452.0 80
2021000000494634 0.772 337.4 38.3 620.4 271.4 80
2021000000494634 0.772 229.6 48.1 614.5 388.5 80
2021000000494634 0.768 179.6 142.0 463.4 470.2 80
2021000000494634 0.767 479.8 99.2 610.4 204.3 80
2021000000494634 0.766 490.6 35.3 623.6 330.1 80
2021000000494634 0.765 189.6 258.7 468.6 460.2 80
2021000000494634 0.759 -2.8 29.9 636.1 370.5 80
2021000000494634 0.754 276.8 149.7 378.4 197.4 80
2021000000494634 0.753 595.9 23.1 627.3 95.9 80
2021000000494634 0.752 384.5 71.2 536.0 193.9 80
2021000000494634 0.752 255.1 36.7 615.7 345.5 80
2021000000494634 0.743 397.9 30.6 621.1 208.6 80
2021000000494634 0.743 636.2 73.0 640.2 346.3 80
2021000000494634 0.743 389.8 49.2 612.3 219.0 80
2021000000494634 0.735 13.5 109.6 488.1 479.7 80
2021000000494634 0.727 6.7 86.5 640.4 470.9 80
2021000000494634 0.725 306.6 41.6 617.8 357.3 80
2021000000494634 0.724 362.7 37.0 623.2 340.8 80
2021000000494634 0.723 369.2 75.7 422.6 190.3 80
2021000000494634 0.717 393.9 38.0 619.4 327.1 80
2021000000494634 0.716 5.9 115.3 380.6 478.1 80
2021000000494634 0.704 299.2 173.2 484.7 372.9 80
2021000000494634 0.689 9.5 111.9 479.5 475.4 6
2021000000494634 0.684 3.0 114.6 342.3 475.5 80
2021000000494634 0.682 1.0 5.7 639.9 477.0 80
2021000000494634 0.602 384.0 26.0 616.7 204.3 80
2021000000494634 0.193 406.6 166.6 621.9 398.3 80
2021000000494634 0.192 575.6 69.6 659.7 526.8 80
2021000000494634 0.171 264.9 249.2 399.8 331.6 80
2021000000494634 0.169 37.1 241.0 235.9 413.7 80
2021000000494634 0.160 369.3 188.4 585.6 422.6 80
2021000000494634 0.146 229.0 220.3 366.2 308.0 80
2021000000494634 0.141 384.0 26.0 616.7 204.3 18
2021000000494634 0.130 74.8 202.9 216.2 303.7 80
2021000000494634 0.120 9.5 111.9 479.5 475.4 80
2021000000494634 0.118 492.0 218.3 629.5 357.9 80
2021000000494634 0.110 224.2 162.5 335.4 234.2 80
2021000000494634 0.107 330.8 325.1 461.6 408.2 80
2021000000494634 0.107 -68.7 473.0 233.7 481.0 80
2021000000494634 0.104 263.1 0.3 374.4 7.7 80
2021000000494634 0.102 571.1 185.7 654.0 248.7 80
2021000000494634 0.100 3.0 114.6 342.3 475.5 6
2021000000494634 0.099 84.4 175.3 172.8 234.2 80
2021000000494634 0.099 159.8 345.6 284.0 422.3 80
2021000000494634 0.097 551.4 242.1 648.6 334.7 80
2021000000494634 0.097 128.2 179.1 240.5 265.7 80
2021000000494634 0.097 55.9 236.2 163.2 328.1 80
2021000000494634 0.095 182.1 165.5 283.4 243.7 80
2021000000494634 0.094 548.4 452.4 669.0 476.0 80
2021000000494634 0.087 -22.9 237.6 61.4 311.7 80
2021000000494634 0.087 41.8 1.4 131.8 3.7 80
2021000000494634 0.087 16.2 249.6 107.0 331.9 80
2021000000494634 0.085 164.9 449.6 291.2 478.7 80
2021000000494634 0.083 -8.2 287.0 87.8 393.6 80
2021000000494634 0.082 27.4 446.1 149.8 481.7 80
2021000000494634 0.082 -29.2 435.2 53.9 474.8 80
2021000000494634 0.082 374.0 294.2 517.5 444.5 80
2021000000494634 0.080 202.2 344.2 374.0 479.3 80
2021000000494634 0.079 70.1 438.8 190.9 478.9 80
2021000000494634 0.078 517.3 137.1 651.1 505.5 80
2021000000494634 0.077 31.9 258.4 144.5 435.1 80
2021000000494634 0.076 470.7 225.0 612.8 478.1 80
2021000000494634 0.076 -1.2 405.5 111.1 454.6 80
2021000000494634 0.075 510.6 395.3 611.8 445.6 80
2021000000494634 0.075 439.5 406.2 540.2 455.2 80
2021000000494634 0.075 -17.0 374.7 78.6 427.3 80
2021000000494634 0.075 9.5 111.9 479.5 475.4 8
2021000000494634 0.074 -24.5 148.0 58.3 535.3 80
2021000000494634 0.074 299.2 173.2 484.7 372.9 6
2021000000494634 0.074 166.1 416.4 266.7 464.8 80
2021000000494634 0.074 292.9 404.1 403.8 453.7 80
2021000000494634 0.073 233.0 399.5 340.7 449.3 80
2021000000494634 0.072 381.0 387.4 480.5 439.9 80
2021000000494634 0.072 397.9 273.1 601.9 499.6 80
2021000000494634 0.072 5.9 115.3 380.6 478.1 6
2021000000494634 0.069 538.4 0.4 604.6 1.5 80
2021000000494634 0.069 346.3 0.6 413.3 1.4 80
2021000000494634 0.068 -40.4 7.1 145.4 54.9 80
2021000000494634 0.068 -34.4 42.8 55.2 91.8 80
2021000000494634 0.068 -28.9 11.4 74.5 59.3 80
2021000000494634 0.068 572.5 26.6 652.5 73.7 80
2021000000494634 0.068 35.8 6.4 223.1 52.7 80
2021000000494634 0.067 129.5 6.4 304.6 52.0 80
2021000000494634 0.067 163.6 5.7 356.0 51.8 80
2021000000494634 0.067 14.7 8.3 164.7 54.2 80
2021000000494634 0.067 217.2 6.7 362.4 52.0 80
2021000000494634 0.067 559.9 0.7 625.3 1.9 80
2021000000494634 0.067 101.0 5.8 230.4 50.3 80
2021000000494634 0.066 280.2 1.0 370.7 44.2 80
2021000000494634 0.065 -5.9 26.4 73.0 67.1 80
2021000000494634 0.064 357.1 -2.1 434.0 34.3 80
2021000000494634 0.062 362.7 37.0 623.2 340.8 18
