2021000000370818 0.733 122.2 264.9 214.9 374.7 80
2021000000370818 0.732 117.0 262.0 250.3 374.2 80
2021000000370818 0.731 216.8 438.7 475.9 611.2 80
2021000000370818 0.712 285.7 421.9 475.6 581.3 80
2021000000370818 0.710 362.9 407.9 475.1 517.7 80
2021000000370818 0.693 439.0 398.1 474.1 598.0 80
2021000000370818 0.670 134.8 259.5 198.6 286.1 80
2021000000370818 0.660 394.3 485.4 476.8 604.3 80
2021000000370818 0.649 443.4 413.6 471.6 498.1 80
2021000000370818 0.649 448.9 411.2 473.4 513.9 80
2021000000370818 0.649 446.6 583.8 473.9 630.3 80
2021000000370818 0.626 129.4 263.7 183.0 288.8 80
2021000000370818 0.610 0.9 193.3 23.9 468.2 80
2021000000370818 0.601 1.6 170.6 24.9 567.6 80
2021000000370818 0.577 467.2 321.5 472.6 415.0 80
2021000000370818 0.536 1.2 210.6 29.1 349.3 80
2021000000370818 0.533 -1.2 569.0 18.2 633.3 80
2021000000370818 0.529 3.9 206.3 19.5 284.3 80
2021000000370818 0.513 469.0 136.2 472.5 208.0 80
2021000000370818 0.480 1.6 156.8 22.0 515.9 80
2021000000370818 0.474 0.9 211.8 26.3 286.2 80
2021000000370818 0.471 286.3 612.6 487.3 635.7 80
2021000000370818 0.422 463.4 107.5 472.3 532.6 80
2021000000370818 0.417 1.1 450.6 5.0 583.5 80
2021000000370818 0.411 2.6 583.1 472.9 639.8 80
2021000000370818 0.382 469.6 160.1 471.9 348.2 80
2021000000370818 0.374 366.2 334.6 475.2 580.2 80
2021000000370818 0.369 147.4 278.7 179.9 310.8 80
2021000000370818 0.308 46.3 624.9 440.8 640.6 80
2021000000370818 0.293 4.3 622.0 165.5 642.3 80
2021000000370818 0.265 447.3 -4.3 472.1 573.6 80
2021000000370818 0.260 470.8 18.4 472.4 69.4 80
2021000000370818 0.246 0.8 27.6 3.6 168.3 80
2021000000370818 0.220 0.6 95.7 15.2 321.7 80
2021000000370818 0.215 2.2 94.2 23.5 635.9 80
2021000000370818 0.208 2.1 312.8 11.8 626.6 80
2021000000370818 0.178 -0.2 139.2 36.3 542.0 80
2021000000370818 0.170 469.4 63.1 472.6 167.3 80
2021000000370818 0.168 0.9 211.8 26.3 286.2 15
2021000000370818 0.163 150.3 569.2 403.2 639.6 80
2021000000370818 0.163 10.5 60.0 116.0 583.7 80
2021000000370818 0.161 38.8 563.5 202.4 638.5 80
2021000000370818 0.158 176.3 402.3 449.2 591.6 80
2021000000370818 0.158 166.9 356.6 251.3 411.1 80
2021000000370818 0.158 227.0 399.2 461.6 584.7 80
2021000000370818 0.153 1.2 210.6 29.1 349.3 15
2021000000370818 0.152 332.7 69.1 458.2 551.5 80
2021000000370818 0.152 9.5 581.1 72.5 640.0 80
2021000000370818 0.151 223.9 611.5 402.8 639.7 80
2021000000370818 0.150 69.7 428.9 409.7 584.9 80
2021000000370818 0.148 10.2 436.0 153.9 627.7 80
2021000000370818 0.147 295.9 289.3 457.3 572.4 80
2021000000370818 0.147 112.9 569.5 278.9 635.3 80
2021000000370818 0.145 15.9 149.3 113.6 596.5 80
2021000000370818 0.139 54.8 399.2 263.6 601.5 80
2021000000370818 0.138 179.0 348.8 220.4 400.9 80
2021000000370818 0.135 85.3 612.4 213.4 642.4 80
2021000000370818 0.135 236.4 126.3 433.5 503.8 80
2021000000370818 0.132 117.1 371.7 367.6 571.8 80
2021000000370818 0.130 75.2 347.4 309.9 554.5 80
2021000000370818 0.130 29.6 319.7 220.1 556.0 80
2021000000370818 0.130 87.1 178.1 383.0 453.7 80
2021000000370818 0.129 99.9 327.4 379.0 520.1 80
2021000000370818 0.128 212.7 285.8 430.6 505.2 80
2021000000370818 0.126 177.6 402.4 245.8 481.0 80
2021000000370818 0.126 48.7 270.1 246.7 515.3 80
2021000000370818 0.125 442.0 134.8 477.8 391.5 80
2021000000370818 0.124 152.8 302.9 390.3 509.8 80
2021000000370818 0.124 140.5 428.7 203.5 513.2 80
2021000000370818 0.124 239.6 205.4 448.0 450.8 80
2021000000370818 0.121 72.0 411.7 130.4 497.1 80
2021000000370818 0.121 200.5 269.3 276.4 346.4 80
2021000000370818 0.119 196.0 332.8 288.0 419.0 80
2021000000370818 0.119 256.8 314.3 374.0 415.7 80
2021000000370818 0.118 198.1 222.1 380.5 323.1 80
2021000000370818 0.116 73.4 246.4 263.9 436.5 80
2021000000370818 0.115 134.8 287.1 336.1 428.9 80
2021000000370818 0.114 122.1 338.8 317.6 490.7 80
2021000000370818 0.112 61.1 123.3 436.8 251.1 80
2021000000370818 0.111 214.8 149.3 511.6 268.6 80
2021000000370818 0.110 290.2 153.7 518.2 292.4 80
2021000000370818 0.109 209.6 332.9 370.6 448.3 80
2021000000370818 0.109 -39.0 201.5 232.6 318.0 80
2021000000370818 0.108 -57.2 41.1 318.7 141.2 80
2021000000370818 0.108 137.5 36.5 544.1 129.9 80
2021000000370818 0.107 188.6 21.3 592.1 93.7 80
2021000000370818 0.107 42.8 6.8 510.0 83.0 80
2021000000370818 0.106 -110.6 28.3 284.8 116.1 80
2021000000370818 0.105 0.6 2.1 469.7 58.3 80
2021000000370818 0.104 -44.4 0.7 426.3 56.5 80
2021000000370818 0.103 205.3 13.2 648.2 68.8 80
2021000000370818 0.101 0.9 193.3 23.9 468.2 15
2021000000370818 0.099 -1.4 -7.1 46.7 43.4 80
2021000000370818 0.099 70.6 -2.1 541.6 44.2 80
2021000000370818 0.095 -173.1 -1.9 297.6 36.8 80
2021000000370818 0.094 448.9 411.2 473.4 513.9 8
2021000000370818 0.092 -130.6 -2.6 340.2 38.0 80
2021000000370818 0.092 -34.3 -5.5 436.7 35.8 80
2021000000370818 0.092 -85.0 -2.4 386.0 40.2 80
2021000000370818 0.091 116.9 -2.0 587.9 42.0 80
2021000000370818 0.733 122.2 264.9 214.9 374.7 80
2021000000370818 0.732 117.0 262.0 250.3 374.2 80
2021000000370818 0.731 216.8 438.7 475.9 611.2 80
2021000000370818 0.712 285.7 421.9 475.6 581.3 80
2021000000370818 0.710 362.9 407.9 475.1 517.7 80
2021000000370818 0.693 439.0 398.1 474.1 598.0 80
2021000000370818 0.670 134.8 259.5 198.6 286.1 80
2021000000370818 0.660 394.3 485.4 476.8 604.3 80
2021000000370818 0.649 443.4 413.6 471.6 498.1 80
2021000000370818 0.649 448.9 411.2 473.4 513.9 80
2021000000370818 0.649 446.6 583.8 473.9 630.3 80
2021000000370818 0.626 129.4 263.7 183.0 288.8 80
2021000000370818 0.610 0.9 193.3 23.9 468.2 80
2021000000370818 0.601 1.6 170.6 24.9 567.6 80
2021000000370818 0.577 467.2 321.5 472.6 415.0 80
2021000000370818 0.536 1.2 210.6 29.1 349.3 80
2021000000370818 0.533 -1.2 569.0 18.2 633.3 80
2021000000370818 0.529 3.9 206.3 19.5 284.3 80
2021000000370818 0.513 469.0 136.2 472.5 208.0 80
2021000000370818 0.480 1.6 156.8 22.0 515.9 80
2021000000370818 0.474 0.9 211.8 26.3 286.2 80
2021000000370818 0.471 286.3 612.6 487.3 635.7 80
2021000000370818 0.422 463.4 107.5 472.3 532.6 80
2021000000370818 0.417 1.1 450.6 5.0 583.5 80
2021000000370818 0.411 2.6 583.1 472.9 639.8 80
2021000000370818 0.382 469.6 160.1 471.9 348.2 80
2021000000370818 0.374 366.2 334.6 475.2 580.2 80
2021000000370818 0.369 147.4 278.7 179.9 310.8 80
2021000000370818 0.308 46.3 624.9 440.8 640.6 80
2021000000370818 0.293 4.3 622.0 165.5 642.3 80
2021000000370818 0.265 447.3 -4.3 472.1 573.6 80
2021000000370818 0.260 470.8 18.4 472.4 69.4 80
2021000000370818 0.246 0.8 27.6 3.6 168.3 80
2021000000370818 0.220 0.6 95.7 15.2 321.7 80
2021000000370818 0.215 2.2 94.2 23.5 635.9 80
2021000000370818 0.208 2.1 312.8 11.8 626.6 80
2021000000370818 0.178 -0.2 139.2 36.3 542.0 80
2021000000370818 0.170 469.4 63.1 472.6 167.3 80
2021000000370818 0.168 0.9 211.8 26.3 286.2 15
2021000000370818 0.163 150.3 569.2 403.2 639.6 80
2021000000370818 0.163 10.5 60.0 116.0 583.7 80
2021000000370818 0.161 38.8 563.5 202.4 638.5 80
2021000000370818 0.158 176.3 402.3 449.2 591.6 80
2021000000370818 0.158 166.9 356.6 251.3 411.1 80
2021000000370818 0.158 227.0 399.2 461.6 584.7 80
2021000000370818 0.153 1.2 210.6 29.1 349.3 15
2021000000370818 0.152 332.7 69.1 458.2 551.5 80
2021000000370818 0.152 9.5 581.1 72.5 640.0 80
2021000000370818 0.151 223.9 611.5 402.8 639.7 80
2021000000370818 0.150 69.7 428.9 409.7 584.9 80
2021000000370818 0.148 10.2 436.0 153.9 627.7 80
2021000000370818 0.147 295.9 289.3 457.3 572.4 80
2021000000370818 0.147 112.9 569.5 278.9 635.3 80
2021000000370818 0.145 15.9 149.3 113.6 596.5 80
2021000000370818 0.139 54.8 399.2 263.6 601.5 80
2021000000370818 0.138 179.0 348.8 220.4 400.9 80
2021000000370818 0.135 85.3 612.4 213.4 642.4 80
2021000000370818 0.135 236.4 126.3 433.5 503.8 80
2021000000370818 0.132 117.1 371.7 367.6 571.8 80
2021000000370818 0.130 75.2 347.4 309.9 554.5 80
2021000000370818 0.130 29.6 319.7 220.1 556.0 80
2021000000370818 0.130 87.1 178.1 383.0 453.7 80
2021000000370818 0.129 99.9 327.4 379.0 520.1 80
2021000000370818 0.128 212.7 285.8 430.6 505.2 80
2021000000370818 0.126 177.6 402.4 245.8 481.0 80
2021000000370818 0.126 48.7 270.1 246.7 515.3 80
2021000000370818 0.125 442.0 134.8 477.8 391.5 80
2021000000370818 0.124 152.8 302.9 390.3 509.8 80
2021000000370818 0.124 140.5 428.7 203.5 513.2 80
2021000000370818 0.124 239.6 205.4 448.0 450.8 80
2021000000370818 0.121 72.0 411.7 130.4 497.1 80
2021000000370818 0.121 200.5 269.3 276.4 346.4 80
2021000000370818 0.119 196.0 332.8 288.0 419.0 80
2021000000370818 0.119 256.8 314.3 374.0 415.7 80
2021000000370818 0.118 198.1 222.1 380.5 323.1 80
2021000000370818 0.116 73.4 246.4 263.9 436.5 80
2021000000370818 0.115 134.8 287.1 336.1 428.9 80
2021000000370818 0.114 122.1 338.8 317.6 490.7 80
2021000000370818 0.112 61.1 123.3 436.8 251.1 80
2021000000370818 0.111 214.8 149.3 511.6 268.6 80
2021000000370818 0.110 290.2 153.7 518.2 292.4 80
2021000000370818 0.109 209.6 332.9 370.6 448.3 80
2021000000370818 0.109 -39.0 201.5 232.6 318.0 80
2021000000370818 0.108 -57.2 41.1 318.7 141.2 80
2021000000370818 0.108 137.5 36.5 544.1 129.9 80
2021000000370818 0.107 188.6 21.3 592.1 93.7 80
2021000000370818 0.107 42.8 6.8 510.0 83.0 80
2021000000370818 0.106 -110.6 28.3 284.8 116.1 80
2021000000370818 0.105 0.6 2.1 469.7 58.3 80
2021000000370818 0.104 -44.4 0.7 426.3 56.5 80
2021000000370818 0.103 205.3 13.2 648.2 68.8 80
2021000000370818 0.101 0.9 193.3 23.9 468.2 15
2021000000370818 0.099 -1.4 -7.1 46.7 43.4 80
2021000000370818 0.099 70.6 -2.1 541.6 44.2 80
2021000000370818 0.095 -173.1 -1.9 297.6 36.8 80
2021000000370818 0.094 448.9 411.2 473.4 513.9 8
2021000000370818 0.092 -130.6 -2.6 340.2 38.0 80
2021000000370818 0.092 -34.3 -5.5 436.7 35.8 80
2021000000370818 0.092 -85.0 -2.4 386.0 40.2 80
2021000000370818 0.091 116.9 -2.0 587.9 42.0 80
2021000000370818 0.733 122.2 264.9 214.9 374.7 80
2021000000370818 0.732 117.0 262.0 250.3 374.2 80
2021000000370818 0.731 216.8 438.7 475.9 611.2 80
2021000000370818 0.712 285.7 421.9 475.6 581.3 80
2021000000370818 0.710 362.9 407.9 475.1 517.7 80
2021000000370818 0.693 439.0 398.1 474.1 598.0 80
2021000000370818 0.670 134.8 259.5 198.6 286.1 80
2021000000370818 0.660 394.3 485.4 476.8 604.3 80
2021000000370818 0.649 443.4 413.6 471.6 498.1 80
2021000000370818 0.649 448.9 411.2 473.4 513.9 80
2021000000370818 0.649 446.6 583.8 473.9 630.3 80
2021000000370818 0.626 129.4 263.7 183.0 288.8 80
2021000000370818 0.610 0.9 193.3 23.9 468.2 80
2021000000370818 0.601 1.6 170.6 24.9 567.6 80
2021000000370818 0.577 467.2 321.5 472.6 415.0 80
2021000000370818 0.536 1.2 210.6 29.1 349.3 80
2021000000370818 0.533 -1.2 569.0 18.2 633.3 80
2021000000370818 0.529 3.9 206.3 19.5 284.3 80
2021000000370818 0.513 469.0 136.2 472.5 208.0 80
2021000000370818 0.480 1.6 156.8 22.0 515.9 80
2021000000370818 0.474 0.9 211.8 26.3 286.2 80
2021000000370818 0.471 286.3 612.6 487.3 635.7 80
2021000000370818 0.422 463.4 107.5 472.3 532.6 80
2021000000370818 0.417 1.1 450.6 5.0 583.5 80
2021000000370818 0.411 2.6 583.1 472.9 639.8 80
2021000000370818 0.382 469.6 160.1 471.9 348.2 80
2021000000370818 0.374 366.2 334.6 475.2 580.2 80
2021000000370818 0.369 147.4 278.7 179.9 310.8 80
2021000000370818 0.308 46.3 624.9 440.8 640.6 80
2021000000370818 0.293 4.3 622.0 165.5 642.3 80
2021000000370818 0.265 447.3 -4.3 472.1 573.6 80
2021000000370818 0.260 470.8 18.4 472.4 69.4 80
2021000000370818 0.246 0.8 27.6 3.6 168.3 80
2021000000370818 0.220 0.6 95.7 15.2 321.7 80
2021000000370818 0.215 2.2 94.2 23.5 635.9 80
2021000000370818 0.208 2.1 312.8 11.8 626.6 80
2021000000370818 0.178 -0.2 139.2 36.3 542.0 80
2021000000370818 0.170 469.4 63.1 472.6 167.3 80
2021000000370818 0.168 0.9 211.8 26.3 286.2 15
2021000000370818 0.163 150.3 569.2 403.2 639.6 80
2021000000370818 0.163 10.5 60.0 116.0 583.7 80
2021000000370818 0.161 38.8 563.5 202.4 638.5 80
2021000000370818 0.158 176.3 402.3 449.2 591.6 80
2021000000370818 0.158 166.9 356.6 251.3 411.1 80
2021000000370818 0.158 227.0 399.2 461.6 584.7 80
2021000000370818 0.153 1.2 210.6 29.1 349.3 15
2021000000370818 0.152 332.7 69.1 458.2 551.5 80
2021000000370818 0.152 9.5 581.1 72.5 640.0 80
2021000000370818 0.151 223.9 611.5 402.8 639.7 80
2021000000370818 0.150 69.7 428.9 409.7 584.9 80
2021000000370818 0.148 10.2 436.0 153.9 627.7 80
2021000000370818 0.147 295.9 289.3 457.3 572.4 80
2021000000370818 0.147 112.9 569.5 278.9 635.3 80
2021000000370818 0.145 15.9 149.3 113.6 596.5 80
2021000000370818 0.139 54.8 399.2 263.6 601.5 80
2021000000370818 0.138 179.0 348.8 220.4 400.9 80
2021000000370818 0.135 85.3 612.4 213.4 642.4 80
2021000000370818 0.135 236.4 126.3 433.5 503.8 80
2021000000370818 0.132 117.1 371.7 367.6 571.8 80
2021000000370818 0.130 75.2 347.4 309.9 554.5 80
2021000000370818 0.130 29.6 319.7 220.1 556.0 80
2021000000370818 0.130 87.1 178.1 383.0 453.7 80
2021000000370818 0.129 99.9 327.4 379.0 520.1 80
2021000000370818 0.128 212.7 285.8 430.6 505.2 80
2021000000370818 0.126 177.6 402.4 245.8 481.0 80
2021000000370818 0.126 48.7 270.1 246.7 515.3 80
2021000000370818 0.125 442.0 134.8 477.8 391.5 80
2021000000370818 0.124 152.8 302.9 390.3 509.8 80
2021000000370818 0.124 140.5 428.7 203.5 513.2 80
2021000000370818 0.124 239.6 205.4 448.0 450.8 80
2021000000370818 0.121 72.0 411.7 130.4 497.1 80
2021000000370818 0.121 200.5 269.3 276.4 346.4 80
2021000000370818 0.119 196.0 332.8 288.0 419.0 80
2021000000370818 0.119 256.8 314.3 374.0 415.7 80
2021000000370818 0.118 198.1 222.1 380.5 323.1 80
2021000000370818 0.116 73.4 246.4 263.9 436.5 80
2021000000370818 0.115 134.8 287.1 336.1 428.9 80
2021000000370818 0.114 122.1 338.8 317.6 490.7 80
2021000000370818 0.112 61.1 123.3 436.8 251.1 80
2021000000370818 0.111 214.8 149.3 511.6 268.6 80
2021000000370818 0.110 290.2 153.7 518.2 292.4 80
2021000000370818 0.109 209.6 332.9 370.6 448.3 80
2021000000370818 0.109 -39.0 201.5 232.6 318.0 80
2021000000370818 0.108 -57.2 41.1 318.7 141.2 80
2021000000370818 0.108 137.5 36.5 544.1 129.9 80
2021000000370818 0.107 188.6 21.3 592.1 93.7 80
2021000000370818 0.107 42.8 6.8 510.0 83.0 80
2021000000370818 0.106 -110.6 28.3 284.8 116.1 80
2021000000370818 0.105 0.6 2.1 469.7 58.3 80
2021000000370818 0.104 -44.4 0.7 426.3 56.5 80
2021000000370818 0.103 205.3 13.2 648.2 68.8 80
2021000000370818 0.101 0.9 193.3 23.9 468.2 15
2021000000370818 0.099 -1.4 -7.1 46.7 43.4 80
2021000000370818 0.099 70.6 -2.1 541.6 44.2 80
2021000000370818 0.095 -173.1 -1.9 297.6 36.8 80
2021000000370818 0.094 448.9 411.2 473.4 513.9 8
2021000000370818 0.092 -130.6 -2.6 340.2 38.0 80
2021000000370818 0.092 -34.3 -5.5 436.7 35.8 80
2021000000370818 0.092 -85.0 -2.4 386.0 40.2 80
2021000000370818 0.091 116.9 -2.0 587.9 42.0 80
2021000000370818 0.733 122.2 264.9 214.9 374.7 80
2021000000370818 0.732 117.0 262.0 250.3 374.2 80
2021000000370818 0.731 216.8 438.7 475.9 611.2 80
2021000000370818 0.712 285.7 421.9 475.6 581.3 80
2021000000370818 0.710 362.9 407.9 475.1 517.7 80
2021000000370818 0.693 439.0 398.1 474.1 598.0 80
2021000000370818 0.670 134.8 259.5 198.6 286.1 80
2021000000370818 0.660 394.3 485.4 476.8 604.3 80
2021000000370818 0.649 443.4 413.6 471.6 498.1 80
2021000000370818 0.649 448.9 411.2 473.4 513.9 80
2021000000370818 0.649 446.6 583.8 473.9 630.3 80
2021000000370818 0.626 129.4 263.7 183.0 288.8 80
2021000000370818 0.610 0.9 193.3 23.9 468.2 80
2021000000370818 0.601 1.6 170.6 24.9 567.6 80
2021000000370818 0.577 467.2 321.5 472.6 415.0 80
2021000000370818 0.536 1.2 210.6 29.1 349.3 80
2021000000370818 0.533 -1.2 569.0 18.2 633.3 80
2021000000370818 0.529 3.9 206.3 19.5 284.3 80
2021000000370818 0.513 469.0 136.2 472.5 208.0 80
2021000000370818 0.480 1.6 156.8 22.0 515.9 80
2021000000370818 0.474 0.9 211.8 26.3 286.2 80
2021000000370818 0.471 286.3 612.6 487.3 635.7 80
2021000000370818 0.422 463.4 107.5 472.3 532.6 80
2021000000370818 0.417 1.1 450.6 5.0 583.5 80
2021000000370818 0.411 2.6 583.1 472.9 639.8 80
2021000000370818 0.382 469.6 160.1 471.9 348.2 80
2021000000370818 0.374 366.2 334.6 475.2 580.2 80
2021000000370818 0.369 147.4 278.7 179.9 310.8 80
2021000000370818 0.308 46.3 624.9 440.8 640.6 80
2021000000370818 0.293 4.3 622.0 165.5 642.3 80
2021000000370818 0.265 447.3 -4.3 472.1 573.6 80
2021000000370818 0.260 470.8 18.4 472.4 69.4 80
2021000000370818 0.246 0.8 27.6 3.6 168.3 80
2021000000370818 0.220 0.6 95.7 15.2 321.7 80
2021000000370818 0.215 2.2 94.2 23.5 635.9 80
2021000000370818 0.208 2.1 312.8 11.8 626.6 80
2021000000370818 0.178 -0.2 139.2 36.3 542.0 80
2021000000370818 0.170 469.4 63.1 472.6 167.3 80
2021000000370818 0.168 0.9 211.8 26.3 286.2 15
2021000000370818 0.163 150.3 569.2 403.2 639.6 80
2021000000370818 0.163 10.5 60.0 116.0 583.7 80
2021000000370818 0.161 38.8 563.5 202.4 638.5 80
2021000000370818 0.158 176.3 402.3 449.2 591.6 80
2021000000370818 0.158 166.9 356.6 251.3 411.1 80
2021000000370818 0.158 227.0 399.2 461.6 584.7 80
2021000000370818 0.153 1.2 210.6 29.1 349.3 15
2021000000370818 0.152 332.7 69.1 458.2 551.5 80
2021000000370818 0.152 9.5 581.1 72.5 640.0 80
2021000000370818 0.151 223.9 611.5 402.8 639.7 80
2021000000370818 0.150 69.7 428.9 409.7 584.9 80
2021000000370818 0.148 10.2 436.0 153.9 627.7 80
2021000000370818 0.147 295.9 289.3 457.3 572.4 80
2021000000370818 0.147 112.9 569.5 278.9 635.3 80
2021000000370818 0.145 15.9 149.3 113.6 596.5 80
2021000000370818 0.139 54.8 399.2 263.6 601.5 80
2021000000370818 0.138 179.0 348.8 220.4 400.9 80
2021000000370818 0.135 85.3 612.4 213.4 642.4 80
2021000000370818 0.135 236.4 126.3 433.5 503.8 80
2021000000370818 0.132 117.1 371.7 367.6 571.8 80
2021000000370818 0.130 75.2 347.4 309.9 554.5 80
2021000000370818 0.130 29.6 319.7 220.1 556.0 80
2021000000370818 0.130 87.1 178.1 383.0 453.7 80
2021000000370818 0.129 99.9 327.4 379.0 520.1 80
2021000000370818 0.128 212.7 285.8 430.6 505.2 80
2021000000370818 0.126 177.6 402.4 245.8 481.0 80
2021000000370818 0.126 48.7 270.1 246.7 515.3 80
2021000000370818 0.125 442.0 134.8 477.8 391.5 80
2021000000370818 0.124 152.8 302.9 390.3 509.8 80
2021000000370818 0.124 140.5 428.7 203.5 513.2 80
2021000000370818 0.124 239.6 205.4 448.0 450.8 80
2021000000370818 0.121 72.0 411.7 130.4 497.1 80
2021000000370818 0.121 200.5 269.3 276.4 346.4 80
2021000000370818 0.119 196.0 332.8 288.0 419.0 80
2021000000370818 0.119 256.8 314.3 374.0 415.7 80
2021000000370818 0.118 198.1 222.1 380.5 323.1 80
2021000000370818 0.116 73.4 246.4 263.9 436.5 80
2021000000370818 0.115 134.8 287.1 336.1 428.9 80
2021000000370818 0.114 122.1 338.8 317.6 490.7 80
2021000000370818 0.112 61.1 123.3 436.8 251.1 80
2021000000370818 0.111 214.8 149.3 511.6 268.6 80
2021000000370818 0.110 290.2 153.7 518.2 292.4 80
2021000000370818 0.109 209.6 332.9 370.6 448.3 80
2021000000370818 0.109 -39.0 201.5 232.6 318.0 80
2021000000370818 0.108 -57.2 41.1 318.7 141.2 80
2021000000370818 0.108 137.5 36.5 544.1 129.9 80
2021000000370818 0.107 188.6 21.3 592.1 93.7 80
2021000000370818 0.107 42.8 6.8 510.0 83.0 80
2021000000370818 0.106 -110.6 28.3 284.8 116.1 80
2021000000370818 0.105 0.6 2.1 469.7 58.3 80
2021000000370818 0.104 -44.4 0.7 426.3 56.5 80
2021000000370818 0.103 205.3 13.2 648.2 68.8 80
2021000000370818 0.101 0.9 193.3 23.9 468.2 15
2021000000370818 0.099 -1.4 -7.1 46.7 43.4 80
2021000000370818 0.099 70.6 -2.1 541.6 44.2 80
2021000000370818 0.095 -173.1 -1.9 297.6 36.8 80
2021000000370818 0.094 448.9 411.2 473.4 513.9 8
2021000000370818 0.092 -130.6 -2.6 340.2 38.0 80
2021000000370818 0.092 -34.3 -5.5 436.7 35.8 80
2021000000370818 0.092 -85.0 -2.4 386.0 40.2 80
2021000000370818 0.091 116.9 -2.0 587.9 42.0 80
2021000000370818 0.000 344.9 176.3 465.4 445.3 80
2021000000370818 0.000 4.3 217.5 185.5 455.0 80
2021000000370818 0.000 200.4 131.5 391.4 327.8 80
2021000000370818 0.000 130.3 60.1 312.9 321.3 80
2021000000370818 0.000 258.5 240.6 472.2 433.0 80
2021000000370818 0.000 0.5 50.4 97.2 424.8 80
2021000000370818 0.000 425.1 108.4 471.8 249.8 80
2021000000370818 0.000 186.0 276.1 261.9 386.6 80
2021000000370818 0.000 0.5 220.5 97.1 608.4 80
2021000000370818 0.000 0.4 255.7 45.0 399.0 80
2021000000370818 0.000 78.2 322.1 148.7 434.8 80
2021000000370818 0.000 427.7 326.0 471.9 473.2 80
2021000000370818 0.000 428.1 217.9 471.7 361.3 80
2021000000370818 0.000 149.8 90.8 463.9 472.3 80
2021000000370818 0.000 125.7 233.5 209.4 344.4 80
2021000000370818 0.000 379.7 302.2 455.8 414.1 80
2021000000370818 0.000 1.5 343.2 45.3 486.6 80
2021000000370818 0.000 16.5 264.8 99.0 376.0 80
2021000000370818 0.000 130.0 294.3 210.7 404.6 80
2021000000370818 0.000 418.7 426.5 471.0 621.8 80
2021000000370818 0.000 24.7 182.6 287.8 449.0 80
2021000000370818 0.000 229.1 237.9 313.2 347.3 80
2021000000370818 0.000 270.1 294.9 352.3 404.2 80
2021000000370818 0.000 188.0 191.4 272.3 302.0 80
2021000000370818 0.000 301.5 4.8 477.0 318.3 80
2021000000370818 0.000 316.7 251.8 401.8 360.9 80
2021000000370818 0.000 375.6 200.4 472.3 604.6 80
2021000000370818 0.000 65.5 205.3 151.7 315.1 80
2021000000370818 0.000 327.6 347.2 404.1 457.6 80
2021000000370818 0.000 0.3 35.8 49.2 180.4 80
2021000000370818 0.000 228.2 80.9 424.2 526.2 80
2021000000370818 0.000 10.2 29.0 211.9 314.5 80
2021000000370818 0.000 125.7 239.4 352.0 405.3 80
2021000000370818 0.000 181.2 205.1 318.0 454.7 80
2021000000370818 0.000 261.8 173.5 463.8 628.5 80
2021000000370818 0.000 0.4 151.6 48.5 296.5 80
2021000000370818 0.000 223.3 257.1 373.4 577.2 80
2021000000370818 0.000 99.2 246.9 239.3 528.0 80
2021000000370818 0.000 1.5 3.0 471.4 353.5 80
2021000000370818 0.000 34.2 378.3 111.5 493.3 80
2021000000370818 0.000 282.3 177.6 370.6 286.3 80
2021000000370818 0.000 0.6 429.8 54.6 630.5 80
2021000000370818 0.000 27.7 42.6 376.2 441.5 80
2021000000370818 0.000 178.8 91.2 266.4 201.2 80
2021000000370818 0.000 149.4 213.8 313.2 591.8 80
2021000000370818 0.000 115.2 144.1 359.3 621.4 80
2021000000370818 0.000 -3.6 157.2 230.2 633.2 80
2021000000370818 0.000 357.3 172.5 445.7 282.4 80
2021000000370818 0.000 104.5 169.8 366.2 505.0 80
2021000000370818 0.000 142.2 133.9 479.0 637.9 80
2021000000370818 0.000 7.4 247.9 336.6 628.4 80
2021000000370818 0.000 73.8 39.8 400.6 611.9 80
2021000000370818 0.000 137.0 361.5 337.3 632.2 80
2021000000370818 0.000 69.4 83.2 260.4 522.8 80
2021000000370818 0.000 338.3 33.2 472.5 614.3 80
2021000000370818 0.000 119.4 145.9 207.2 255.2 80
2021000000370818 0.000 137.6 276.2 451.2 629.4 80
2021000000370818 0.000 7.5 421.6 310.1 636.2 80
2021000000370818 0.000 -1.8 329.1 183.6 631.5 80
2021000000370818 0.000 197.7 11.4 473.9 634.9 80
2021000000370818 0.000 278.5 329.2 460.9 628.5 80
2021000000370818 0.000 -2.6 124.9 351.3 634.0 80
2021000000370818 0.000 3.3 479.8 125.5 638.8 80
2021000000370818 0.000 -2.7 12.8 278.0 632.7 80
2021000000370818 0.000 52.7 135.4 433.8 555.5 80
2021000000370818 0.000 125.4 388.8 201.3 496.2 80
2021000000370818 0.000 188.9 447.9 469.6 639.9 80
2021000000370818 0.000 38.4 255.0 408.0 480.2 80
2021000000370818 0.000 340.0 429.2 466.9 632.8 80
2021000000370818 0.000 1.0 2.4 393.8 636.3 80
2021000000370818 0.000 1.2 388.4 470.8 641.2 80
2021000000370818 0.000 -1.9 28.0 139.4 622.8 80
2021000000370818 0.000 122.3 16.9 357.2 624.8 80
2021000000370818 0.000 75.5 2.8 470.2 634.3 80
2021000000370818 0.000 126.9 -3.3 438.7 203.7 80
2021000000370818 0.000 0.2 189.9 471.2 634.4 80
2021000000370818 0.000 15.6 75.7 450.8 642.1 80
2021000000370818 0.000 2.3 155.3 471.5 480.6 80
2021000000370818 0.000 1.0 38.5 471.5 569.1 80
2021000000370818 0.000 0.8 0.1 471.8 638.8 80
2021000000370818 0.000 209.8 343.0 390.1 499.2 80
2021000000370818 0.000 233.5 8.0 319.8 124.1 80
2021000000370818 0.000 196.3 428.6 296.4 545.8 80
2021000000370818 0.000 170.9 393.3 244.1 497.9 80
2021000000370818 0.000 299.4 89.0 390.4 199.4 80
2021000000370818 0.000 401.7 8.8 469.5 146.5 80
2021000000370818 0.000 306.0 386.2 384.5 488.1 80
2021000000370818 0.000 30.2 114.7 123.3 229.8 80
2021000000370818 0.000 0.8 0.1 471.8 638.8 14
2021000000370818 0.000 144.5 507.1 222.2 620.9 80
2021000000370818 0.000 0.8 0.1 471.8 638.8 7
2021000000370818 0.000 0.8 0.1 471.8 638.8 11
2021000000370818 0.000 75.5 2.8 470.2 634.3 14
2021000000370818 0.000 73.8 39.8 400.6 611.9 14
2021000000370818 0.000 197.7 11.4 473.9 634.9 14
2021000000370818 0.000 -3.6 157.2 230.2 633.2 14
2021000000370818 0.000 15.6 75.7 450.8 642.1 14
2021000000370818 0.000 1.0 2.4 393.8 636.3 14
2021000000370818 0.000 -2.7 12.8 278.0 632.7 14
2021000000370818 0.000 115.2 144.1 359.3 621.4 14
2021000000370818 0.000 344.9 176.3 465.4 445.3 80
2021000000370818 0.000 4.3 217.5 185.5 455.0 80
2021000000370818 0.000 200.4 131.5 391.4 327.8 80
2021000000370818 0.000 130.3 60.1 312.9 321.3 80
2021000000370818 0.000 258.5 240.6 472.2 433.0 80
2021000000370818 0.000 0.5 50.4 97.2 424.8 80
2021000000370818 0.000 425.1 108.4 471.8 249.8 80
2021000000370818 0.000 186.0 276.1 261.9 386.6 80
2021000000370818 0.000 0.5 220.5 97.1 608.4 80
2021000000370818 0.000 0.4 255.7 45.0 399.0 80
2021000000370818 0.000 78.2 322.1 148.7 434.8 80
2021000000370818 0.000 427.7 326.0 471.9 473.2 80
2021000000370818 0.000 428.1 217.9 471.7 361.3 80
2021000000370818 0.000 149.8 90.8 463.9 472.3 80
2021000000370818 0.000 125.7 233.5 209.4 344.4 80
2021000000370818 0.000 379.7 302.2 455.8 414.1 80
2021000000370818 0.000 1.5 343.2 45.3 486.6 80
2021000000370818 0.000 16.5 264.8 99.0 376.0 80
2021000000370818 0.000 130.0 294.3 210.7 404.6 80
2021000000370818 0.000 418.7 426.5 471.0 621.8 80
2021000000370818 0.000 24.7 182.6 287.8 449.0 80
2021000000370818 0.000 229.1 237.9 313.2 347.3 80
2021000000370818 0.000 270.1 294.9 352.3 404.2 80
2021000000370818 0.000 188.0 191.4 272.3 302.0 80
2021000000370818 0.000 301.5 4.8 477.0 318.3 80
2021000000370818 0.000 316.7 251.8 401.8 360.9 80
2021000000370818 0.000 375.6 200.4 472.3 604.6 80
2021000000370818 0.000 65.5 205.3 151.7 315.1 80
2021000000370818 0.000 327.6 347.2 404.1 457.6 80
2021000000370818 0.000 0.3 35.8 49.2 180.4 80
2021000000370818 0.000 228.2 80.9 424.2 526.2 80
2021000000370818 0.000 10.2 29.0 211.9 314.5 80
2021000000370818 0.000 125.7 239.4 352.0 405.3 80
2021000000370818 0.000 181.2 205.1 318.0 454.7 80
2021000000370818 0.000 261.8 173.5 463.8 628.5 80
2021000000370818 0.000 0.4 151.6 48.5 296.5 80
2021000000370818 0.000 223.3 257.1 373.4 577.2 80
2021000000370818 0.000 99.2 246.9 239.3 528.0 80
2021000000370818 0.000 1.5 3.0 471.4 353.5 80
2021000000370818 0.000 34.2 378.3 111.5 493.3 80
2021000000370818 0.000 282.3 177.6 370.6 286.3 80
2021000000370818 0.000 0.6 429.8 54.6 630.5 80
2021000000370818 0.000 27.7 42.6 376.2 441.5 80
2021000000370818 0.000 178.8 91.2 266.4 201.2 80
2021000000370818 0.000 149.4 213.8 313.2 591.8 80
2021000000370818 0.000 115.2 144.1 359.3 621.4 80
2021000000370818 0.000 -3.6 157.2 230.2 633.2 80
2021000000370818 0.000 357.3 172.5 445.7 282.4 80
2021000000370818 0.000 104.5 169.8 366.2 505.0 80
2021000000370818 0.000 142.2 133.9 479.0 637.9 80
2021000000370818 0.000 7.4 247.9 336.6 628.4 80
2021000000370818 0.000 73.8 39.8 400.6 611.9 80
2021000000370818 0.000 137.0 361.5 337.3 632.2 80
2021000000370818 0.000 69.4 83.2 260.4 522.8 80
2021000000370818 0.000 338.3 33.2 472.5 614.3 80
2021000000370818 0.000 119.4 145.9 207.2 255.2 80
2021000000370818 0.000 137.6 276.2 451.2 629.4 80
2021000000370818 0.000 7.5 421.6 310.1 636.2 80
2021000000370818 0.000 -1.8 329.1 183.6 631.5 80
2021000000370818 0.000 197.7 11.4 473.9 634.9 80
2021000000370818 0.000 278.5 329.2 460.9 628.5 80
2021000000370818 0.000 -2.6 124.9 351.3 634.0 80
2021000000370818 0.000 3.3 479.8 125.5 638.8 80
2021000000370818 0.000 -2.7 12.8 278.0 632.7 80
2021000000370818 0.000 52.7 135.4 433.8 555.5 80
2021000000370818 0.000 125.4 388.8 201.3 496.2 80
2021000000370818 0.000 188.9 447.9 469.6 639.9 80
2021000000370818 0.000 38.4 255.0 408.0 480.2 80
2021000000370818 0.000 340.0 429.2 466.9 632.8 80
2021000000370818 0.000 1.0 2.4 393.8 636.3 80
2021000000370818 0.000 1.2 388.4 470.8 641.2 80
2021000000370818 0.000 -1.9 28.0 139.4 622.8 80
2021000000370818 0.000 122.3 16.9 357.2 624.8 80
2021000000370818 0.000 75.5 2.8 470.2 634.3 80
2021000000370818 0.000 126.9 -3.3 438.7 203.7 80
2021000000370818 0.000 0.2 189.9 471.2 634.4 80
2021000000370818 0.000 15.6 75.7 450.8 642.1 80
2021000000370818 0.000 2.3 155.3 471.5 480.6 80
2021000000370818 0.000 1.0 38.5 471.5 569.1 80
2021000000370818 0.000 0.8 0.1 471.8 638.8 80
2021000000370818 0.000 209.8 343.0 390.1 499.2 80
2021000000370818 0.000 233.5 8.0 319.8 124.1 80
2021000000370818 0.000 196.3 428.6 296.4 545.8 80
2021000000370818 0.000 170.9 393.3 244.1 497.9 80
2021000000370818 0.000 299.4 89.0 390.4 199.4 80
2021000000370818 0.000 401.7 8.8 469.5 146.5 80
2021000000370818 0.000 306.0 386.2 384.5 488.1 80
2021000000370818 0.000 30.2 114.7 123.3 229.8 80
2021000000370818 0.000 0.8 0.1 471.8 638.8 14
2021000000370818 0.000 144.5 507.1 222.2 620.9 80
2021000000370818 0.000 0.8 0.1 471.8 638.8 7
2021000000370818 0.000 0.8 0.1 471.8 638.8 11
2021000000370818 0.000 75.5 2.8 470.2 634.3 14
2021000000370818 0.000 73.8 39.8 400.6 611.9 14
2021000000370818 0.000 197.7 11.4 473.9 634.9 14
2021000000370818 0.000 -3.6 157.2 230.2 633.2 14
2021000000370818 0.000 15.6 75.7 450.8 642.1 14
2021000000370818 0.000 1.0 2.4 393.8 636.3 14
2021000000370818 0.000 -2.7 12.8 278.0 632.7 14
2021000000370818 0.000 115.2 144.1 359.3 621.4 14
