2021000231 0.708 336.1 123.9 366.4 226.2 14
2021000231 0.682 99.4 110.3 270.1 206.1 5
2021000231 0.676 265.0 1.3 367.8 33.2 80
2021000231 0.673 417.7 212.8 440.8 237.9 80
2021000231 0.666 218.9 166.2 264.1 200.1 80
2021000231 0.665 95.1 117.3 225.2 209.7 80
2021000231 0.664 468.1 340.6 499.4 374.8 80
2021000231 0.663 281.2 163.8 349.5 199.2 80
2021000231 0.657 235.2 0.4 313.8 31.2 80
2021000231 0.654 10.6 120.1 175.4 210.1 80
2021000231 0.654 133.2 116.3 279.3 198.3 80
2021000231 0.644 244.8 168.5 269.8 197.2 80
2021000231 0.639 337.6 125.6 368.8 220.9 80
2021000231 0.638 339.8 127.2 363.2 198.8 80
2021000231 0.636 344.6 139.6 372.5 208.5 80
2021000231 0.623 10.2 115.3 246.6 208.0 80
2021000231 0.620 285.7 167.1 340.9 197.8 80
2021000231 0.612 336.4 127.2 367.5 220.6 80
2021000231 0.612 6.4 117.5 207.4 209.1 80
2021000231 0.612 494.4 214.9 500.3 308.0 80
2021000231 0.610 352.0 140.2 376.6 184.9 80
2021000231 0.595 455.3 3.8 500.2 225.3 80
2021000231 0.584 0.2 122.1 268.3 201.3 80
2021000231 0.583 268.1 3.1 302.5 32.1 80
2021000231 0.582 495.5 186.7 500.1 245.9 80
2021000231 0.568 342.2 145.4 378.6 202.7 80
2021000231 0.547 11.7 141.4 78.8 205.2 80
2021000231 0.544 342.6 154.8 360.6 207.8 80
2021000231 0.533 41.5 119.9 281.1 204.7 80
2021000231 0.503 496.9 79.2 500.2 201.3 80
2021000231 0.488 59.8 116.3 273.7 203.6 80
2021000231 0.487 22.0 151.0 98.3 202.8 80
2021000231 0.483 89.0 113.2 282.3 204.1 80
2021000231 0.437 45.0 122.8 376.6 204.7 80
2021000231 0.431 495.5 98.6 500.4 227.7 80
2021000231 0.384 76.7 128.0 277.0 206.2 80
2021000231 0.345 1.3 112.1 3.7 171.4 80
2021000231 0.322 498.2 152.6 500.2 277.6 80
2021000231 0.318 35.3 346.7 479.6 377.2 80
2021000231 0.310 157.6 157.0 248.1 219.0 80
2021000231 0.282 122.0 175.3 151.9 214.1 80
2021000231 0.271 0.9 116.0 9.5 197.7 80
2021000231 0.270 0.9 141.3 3.0 229.7 80
2021000231 0.242 78.4 363.5 440.8 376.9 80
2021000231 0.232 150.7 184.7 196.0 225.7 80
2021000231 0.229 495.6 64.0 500.9 329.8 80
2021000231 0.212 0.3 0.5 4.8 81.9 80
2021000231 0.212 0.3 191.5 4.4 334.6 80
2021000231 0.204 0.8 84.0 7.4 304.9 80
2021000231 0.192 483.5 266.2 505.8 370.9 80
2021000231 0.192 486.0 84.9 499.4 367.9 80
2021000231 0.177 221.7 192.3 268.6 231.4 80
2021000231 0.171 1.9 155.2 45.4 342.7 80
2021000231 0.170 318.1 166.9 407.5 215.5 80
2021000231 0.169 13.5 123.1 478.5 223.0 80
2021000231 0.168 -3.6 315.7 25.3 384.8 80
2021000231 0.165 76.3 215.1 110.5 245.2 80
2021000231 0.165 0.4 169.9 29.7 381.4 80
2021000231 0.161 162.5 171.5 281.7 216.4 80
2021000231 0.149 296.5 178.5 342.9 212.1 80
2021000231 0.149 352.8 207.7 496.7 368.3 80
2021000231 0.149 334.9 360.8 463.1 378.2 80
2021000231 0.146 58.4 313.6 211.0 376.5 80
2021000231 0.144 300.0 337.4 430.3 372.8 80
2021000231 0.140 139.5 326.7 275.1 371.6 80
2021000231 0.136 120.4 230.1 388.0 357.2 80
2021000231 0.135 206.1 333.4 334.7 370.7 80
2021000231 0.134 9.0 191.6 186.4 360.8 80
2021000231 0.134 401.5 347.0 495.9 373.9 80
2021000231 0.133 57.4 204.7 288.4 346.9 80
2021000231 0.133 239.9 187.8 468.9 338.8 80
2021000231 0.132 13.8 176.6 247.9 302.9 80
2021000231 0.132 194.8 202.0 434.5 345.9 80
2021000231 0.131 13.1 165.9 55.1 211.8 80
2021000231 0.131 259.0 355.3 383.3 376.1 80
2021000231 0.130 43.4 357.1 161.1 378.2 80
2021000231 0.129 18.3 336.4 97.2 372.0 80
2021000231 0.129 73.5 181.9 326.8 314.7 80
2021000231 0.129 103.0 355.0 226.2 377.0 80
2021000231 0.128 136.2 199.4 368.9 330.7 80
2021000231 0.123 167.7 239.8 306.7 299.2 80
2021000231 0.121 29.1 218.1 173.4 278.0 80
2021000231 0.112 355.6 217.9 507.3 278.8 80
2021000231 0.110 130.8 149.4 461.9 195.4 80
2021000231 0.110 -23.6 157.0 354.1 217.4 80
2021000231 0.108 65.0 47.4 328.8 111.1 80
2021000231 0.107 425.8 88.6 515.5 193.3 80
2021000231 0.107 57.2 115.6 429.9 155.0 80
2021000231 0.107 154.8 -1.6 653.8 15.5 80
2021000231 0.103 15.3 0.5 493.0 41.5 80
2021000231 0.103 52.7 3.3 541.1 48.5 80
2021000231 0.103 250.4 8.7 651.5 55.0 80
2021000231 0.095 -139.4 -1.0 359.5 20.8 80
2021000231 0.094 -153.5 -2.8 216.7 22.7 80
2021000231 0.094 122.1 -2.5 621.1 22.8 80
2021000231 0.094 -39.9 -2.0 459.1 20.5 80
2021000231 0.094 -90.6 -1.6 408.4 22.0 80
2021000231 0.094 -185.2 0.5 313.5 24.2 80
2021000231 0.092 6.4 117.5 207.4 209.1 5
2021000231 0.092 207.9 -4.3 706.9 18.4 80
2021000231 0.708 336.1 123.9 366.4 226.2 14
2021000231 0.682 99.4 110.3 270.1 206.1 5
2021000231 0.676 265.0 1.3 367.8 33.2 80
2021000231 0.673 417.7 212.8 440.8 237.9 80
2021000231 0.666 218.9 166.2 264.1 200.1 80
2021000231 0.665 95.1 117.3 225.2 209.7 80
2021000231 0.664 468.1 340.6 499.4 374.8 80
2021000231 0.663 281.2 163.8 349.5 199.2 80
2021000231 0.657 235.2 0.4 313.8 31.2 80
2021000231 0.654 10.6 120.1 175.4 210.1 80
2021000231 0.654 133.2 116.3 279.3 198.3 80
2021000231 0.644 244.8 168.5 269.8 197.2 80
2021000231 0.639 337.6 125.6 368.8 220.9 80
2021000231 0.638 339.8 127.2 363.2 198.8 80
2021000231 0.636 344.6 139.6 372.5 208.5 80
2021000231 0.623 10.2 115.3 246.6 208.0 80
2021000231 0.620 285.7 167.1 340.9 197.8 80
2021000231 0.612 336.4 127.2 367.5 220.6 80
2021000231 0.612 6.4 117.5 207.4 209.1 80
2021000231 0.612 494.4 214.9 500.3 308.0 80
2021000231 0.610 352.0 140.2 376.6 184.9 80
2021000231 0.595 455.3 3.8 500.2 225.3 80
2021000231 0.584 0.2 122.1 268.3 201.3 80
2021000231 0.583 268.1 3.1 302.5 32.1 80
2021000231 0.582 495.5 186.7 500.1 245.9 80
2021000231 0.568 342.2 145.4 378.6 202.7 80
2021000231 0.547 11.7 141.4 78.8 205.2 80
2021000231 0.544 342.6 154.8 360.6 207.8 80
2021000231 0.533 41.5 119.9 281.1 204.7 80
2021000231 0.503 496.9 79.2 500.2 201.3 80
2021000231 0.488 59.8 116.3 273.7 203.6 80
2021000231 0.487 22.0 151.0 98.3 202.8 80
2021000231 0.483 89.0 113.2 282.3 204.1 80
2021000231 0.437 45.0 122.8 376.6 204.7 80
2021000231 0.431 495.5 98.6 500.4 227.7 80
2021000231 0.384 76.7 128.0 277.0 206.2 80
2021000231 0.345 1.3 112.1 3.7 171.4 80
2021000231 0.322 498.2 152.6 500.2 277.6 80
2021000231 0.318 35.3 346.7 479.6 377.2 80
2021000231 0.310 157.6 157.0 248.1 219.0 80
2021000231 0.282 122.0 175.3 151.9 214.1 80
2021000231 0.271 0.9 116.0 9.5 197.7 80
2021000231 0.270 0.9 141.3 3.0 229.7 80
2021000231 0.242 78.4 363.5 440.8 376.9 80
2021000231 0.232 150.7 184.7 196.0 225.7 80
2021000231 0.229 495.6 64.0 500.9 329.8 80
2021000231 0.212 0.3 0.5 4.8 81.9 80
2021000231 0.212 0.3 191.5 4.4 334.6 80
2021000231 0.204 0.8 84.0 7.4 304.9 80
2021000231 0.192 483.5 266.2 505.8 370.9 80
2021000231 0.192 486.0 84.9 499.4 367.9 80
2021000231 0.177 221.7 192.3 268.6 231.4 80
2021000231 0.171 1.9 155.2 45.4 342.7 80
2021000231 0.170 318.1 166.9 407.5 215.5 80
2021000231 0.169 13.5 123.1 478.5 223.0 80
2021000231 0.168 -3.6 315.7 25.3 384.8 80
2021000231 0.165 76.3 215.1 110.5 245.2 80
2021000231 0.165 0.4 169.9 29.7 381.4 80
2021000231 0.161 162.5 171.5 281.7 216.4 80
2021000231 0.149 296.5 178.5 342.9 212.1 80
2021000231 0.149 352.8 207.7 496.7 368.3 80
2021000231 0.149 334.9 360.8 463.1 378.2 80
2021000231 0.146 58.4 313.6 211.0 376.5 80
2021000231 0.144 300.0 337.4 430.3 372.8 80
2021000231 0.140 139.5 326.7 275.1 371.6 80
2021000231 0.136 120.4 230.1 388.0 357.2 80
2021000231 0.135 206.1 333.4 334.7 370.7 80
2021000231 0.134 9.0 191.6 186.4 360.8 80
2021000231 0.134 401.5 347.0 495.9 373.9 80
2021000231 0.133 57.4 204.7 288.4 346.9 80
2021000231 0.133 239.9 187.8 468.9 338.8 80
2021000231 0.132 13.8 176.6 247.9 302.9 80
2021000231 0.132 194.8 202.0 434.5 345.9 80
2021000231 0.131 13.1 165.9 55.1 211.8 80
2021000231 0.131 259.0 355.3 383.3 376.1 80
2021000231 0.130 43.4 357.1 161.1 378.2 80
2021000231 0.129 18.3 336.4 97.2 372.0 80
2021000231 0.129 73.5 181.9 326.8 314.7 80
2021000231 0.129 103.0 355.0 226.2 377.0 80
2021000231 0.128 136.2 199.4 368.9 330.7 80
2021000231 0.123 167.7 239.8 306.7 299.2 80
2021000231 0.121 29.1 218.1 173.4 278.0 80
2021000231 0.112 355.6 217.9 507.3 278.8 80
2021000231 0.110 130.8 149.4 461.9 195.4 80
2021000231 0.110 -23.6 157.0 354.1 217.4 80
2021000231 0.108 65.0 47.4 328.8 111.1 80
2021000231 0.107 425.8 88.6 515.5 193.3 80
2021000231 0.107 57.2 115.6 429.9 155.0 80
2021000231 0.107 154.8 -1.6 653.8 15.5 80
2021000231 0.103 15.3 0.5 493.0 41.5 80
2021000231 0.103 52.7 3.3 541.1 48.5 80
2021000231 0.103 250.4 8.7 651.5 55.0 80
2021000231 0.095 -139.4 -1.0 359.5 20.8 80
2021000231 0.094 -153.5 -2.8 216.7 22.7 80
2021000231 0.094 122.1 -2.5 621.1 22.8 80
2021000231 0.094 -39.9 -2.0 459.1 20.5 80
2021000231 0.094 -90.6 -1.6 408.4 22.0 80
2021000231 0.094 -185.2 0.5 313.5 24.2 80
2021000231 0.092 6.4 117.5 207.4 209.1 5
2021000231 0.092 207.9 -4.3 706.9 18.4 80
2021000231 0.000 242.0 73.2 372.7 227.7 80
2021000231 0.000 0.9 43.1 103.5 247.8 80
2021000231 0.000 143.7 135.9 210.3 202.4 80
2021000231 0.000 211.4 111.8 275.3 178.0 80
2021000231 0.000 371.0 109.2 486.3 268.7 80
2021000231 0.000 255.8 137.9 317.1 204.5 80
2021000231 0.000 156.6 31.4 304.0 211.6 80
2021000231 0.000 45.5 217.8 107.4 288.9 80
2021000231 0.000 136.3 82.3 207.6 151.5 80
2021000231 0.000 81.5 117.6 146.9 186.5 80
2021000231 0.000 197.9 51.8 272.4 119.8 80
2021000231 0.000 453.6 128.4 499.6 211.2 80
2021000231 0.000 387.8 97.3 461.7 164.2 80
2021000231 0.000 348.6 145.3 411.0 211.1 80
2021000231 0.000 136.9 218.3 201.8 292.7 80
2021000231 0.000 19.5 26.1 206.5 194.8 80
2021000231 0.000 1.5 201.3 48.0 285.0 80
2021000231 0.000 297.9 170.7 359.9 236.2 80
2021000231 0.000 453.4 192.9 499.6 275.6 80
2021000231 0.000 356.3 197.7 415.7 265.7 80
2021000231 0.000 313.5 100.9 376.2 167.7 80
2021000231 0.000 323.9 8.3 496.6 191.8 80
2021000231 0.000 287.5 132.8 485.8 257.7 80
2021000231 0.000 205.6 160.1 267.3 225.4 80
2021000231 0.000 0.9 125.8 102.1 357.9 80
2021000231 0.000 33.3 127.4 166.8 276.8 80
2021000231 0.000 1.0 151.5 47.1 234.6 80
2021000231 0.000 89.9 187.8 149.8 253.9 80
2021000231 0.000 449.0 54.1 499.7 153.4 80
2021000231 0.000 117.9 161.9 233.2 316.5 80
2021000231 0.000 218.0 251.8 286.7 331.9 80
2021000231 0.000 149.3 172.2 210.8 237.6 80
2021000231 0.000 410.1 176.6 474.8 242.3 80
2021000231 0.000 27.0 155.1 94.9 220.9 80
2021000231 0.000 323.9 218.2 384.1 295.1 80
2021000231 0.000 202.7 116.7 319.1 275.9 80
2021000231 0.000 177.6 56.6 471.2 267.4 80
2021000231 0.000 252.3 124.0 366.8 347.9 80
2021000231 0.000 0.5 90.4 51.3 173.8 80
2021000231 0.000 0.7 22.0 51.8 106.0 80
2021000231 0.000 46.4 108.1 284.6 258.9 80
2021000231 0.000 101.1 50.5 245.1 317.1 80
2021000231 0.000 255.5 3.7 329.5 73.3 80
2021000231 0.000 322.9 47.5 406.2 116.3 80
2021000231 0.000 43.3 21.4 383.8 258.4 80
2021000231 0.000 0.6 249.6 58.3 369.8 80
2021000231 0.000 178.6 220.3 238.0 300.5 80
2021000231 0.000 442.7 245.1 499.6 368.5 80
2021000231 0.000 398.6 113.5 499.6 355.5 80
2021000231 0.000 10.6 10.6 491.5 199.6 80
2021000231 0.000 258.6 42.4 428.2 311.1 80
2021000231 0.000 90.0 16.9 408.1 364.6 80
2021000231 0.000 256.1 169.2 365.6 301.9 80
2021000231 0.000 -2.4 5.4 286.1 371.6 80
2021000231 0.000 8.1 89.0 229.6 370.1 80
2021000231 0.000 0.7 22.9 146.6 363.6 80
2021000231 0.000 213.1 6.1 497.0 372.7 80
2021000231 0.000 131.2 78.4 368.1 365.5 80
2021000231 0.000 156.2 201.7 351.1 369.4 80
2021000231 0.000 170.3 106.4 310.3 353.3 80
2021000231 0.000 153.4 21.0 355.4 360.9 80
2021000231 0.000 357.6 18.1 500.9 361.1 80
2021000231 0.000 68.8 68.1 447.4 321.4 80
2021000231 0.000 177.0 8.2 417.9 127.1 80
2021000231 0.000 43.6 254.9 289.5 373.6 80
2021000231 0.000 2.3 68.4 366.1 369.3 80
2021000231 0.000 5.1 279.1 130.5 374.3 80
2021000231 0.000 12.0 183.0 185.2 365.8 80
2021000231 0.000 305.3 180.1 482.3 365.0 80
2021000231 0.000 220.0 199.0 278.3 264.7 80
2021000231 0.000 24.3 146.3 338.1 364.6 80
2021000231 0.000 2.5 1.3 412.8 373.0 80
2021000231 0.000 150.8 131.3 355.6 228.6 80
2021000231 0.000 274.3 86.1 490.6 373.1 80
2021000231 0.000 3.0 228.5 496.0 374.4 80
2021000231 0.000 220.7 257.3 474.7 373.5 80
2021000231 0.000 84.5 1.1 496.2 372.9 80
2021000231 0.000 158.6 67.8 495.0 371.2 80
2021000231 0.000 157.9 150.5 463.3 364.9 80
2021000231 0.000 362.6 245.1 494.3 368.9 80
2021000231 0.000 44.4 60.6 117.3 136.8 80
2021000231 0.000 129.9 101.9 365.9 294.0 80
2021000231 0.000 22.3 43.4 477.5 366.6 80
2021000231 0.000 60.2 142.4 409.5 272.0 80
2021000231 0.000 0.4 100.8 499.0 366.5 80
2021000231 0.000 244.0 202.0 298.7 273.9 80
2021000231 0.000 12.6 94.7 489.8 271.8 80
2021000231 0.000 0.8 0.3 499.7 373.9 80
2021000231 0.000 1.3 18.3 498.9 309.8 80
2021000231 0.000 286.3 250.3 340.8 319.0 80
2021000231 0.000 424.2 6.2 498.9 85.7 80
2021000231 0.000 12.6 94.7 489.8 271.8 0
2021000231 0.000 0.8 0.3 499.7 373.9 7
2021000231 0.000 8.1 89.0 229.6 370.1 14
2021000231 0.000 258.6 42.4 428.2 311.1 14
2021000231 0.000 101.1 50.5 245.1 317.1 14
2021000231 0.000 170.3 106.4 310.3 353.3 14
2021000231 0.000 274.3 86.1 490.6 373.1 14
2021000231 0.000 153.4 21.0 355.4 360.9 14
2021000231 0.000 213.1 6.1 497.0 372.7 14
