2021002726 0.777 324.4 138.2 426.2 373.5 14
2021002726 0.758 403.5 143.6 502.2 368.3 14
2021002726 0.734 156.2 190.8 225.4 375.3 14
2021002726 0.722 209.1 223.2 291.9 371.5 14
2021002726 0.705 336.2 143.5 421.3 298.1 80
2021002726 0.681 409.5 145.7 494.7 337.5 80
2021002726 0.677 221.2 210.2 289.6 322.3 80
2021002726 0.671 193.9 173.3 292.5 268.0 80
2021002726 0.671 163.5 199.1 211.7 276.5 80
2021002726 0.665 406.8 145.2 484.8 322.9 80
2021002726 0.664 161.6 187.7 228.8 349.1 80
2021002726 0.658 169.5 182.0 230.2 262.8 80
2021002726 0.651 400.9 194.3 417.9 275.0 80
2021002726 0.643 419.8 251.2 498.9 367.2 80
2021002726 0.641 454.2 139.8 497.7 369.3 80
2021002726 0.634 177.9 179.5 234.6 294.2 80
2021002726 0.620 326.8 243.5 430.9 374.9 80
2021002726 0.618 409.1 154.7 488.2 249.4 80
2021002726 0.614 486.8 200.6 500.1 360.8 80
2021002726 0.611 457.4 165.9 493.5 265.7 80
2021002726 0.609 478.5 318.2 501.5 372.2 80
2021002726 0.607 158.0 201.7 220.0 365.7 80
2021002726 0.598 412.2 264.2 502.5 368.6 80
2021002726 0.592 239.9 300.6 294.2 373.3 80
2021002726 0.588 146.5 337.4 393.6 370.7 80
2021002726 0.583 210.0 211.9 270.7 365.2 80
2021002726 0.580 329.5 140.4 413.3 336.2 80
2021002726 0.579 320.8 138.4 436.2 366.2 80
2021002726 0.562 1.2 0.1 500.2 374.1 80
2021002726 0.557 244.9 165.7 293.2 291.7 80
2021002726 0.553 15.3 -13.1 494.9 360.4 80
2021002726 0.550 0.9 204.5 7.4 285.4 80
2021002726 0.549 493.1 157.8 500.5 322.4 80
2021002726 0.534 159.7 303.3 231.4 374.3 80
2021002726 0.528 121.8 156.9 452.9 359.0 80
2021002726 0.523 496.7 96.3 500.4 175.2 80
2021002726 0.518 -0.6 352.7 38.3 374.5 80
2021002726 0.496 239.4 301.7 298.0 376.3 14
2021002726 0.474 148.6 -4.7 464.3 368.7 80
2021002726 0.470 235.3 163.8 297.1 357.8 80
2021002726 0.461 248.0 162.3 296.3 270.1 80
2021002726 0.451 0.8 237.6 5.7 349.7 80
2021002726 0.420 6.4 -1.2 500.7 272.7 3
2021002726 0.284 341.4 228.0 354.3 331.0 80
2021002726 0.277 235.3 163.8 297.1 357.8 14
2021002726 0.265 0.9 74.5 2.9 179.5 80
2021002726 0.258 6.4 -1.2 500.7 272.7 0
2021002726 0.243 351.7 206.2 402.7 269.6 80
2021002726 0.243 70.8 66.0 368.7 289.1 80
2021002726 0.242 146.7 208.6 376.3 361.2 80
2021002726 0.234 0.9 15.2 6.1 261.4 80
2021002726 0.232 1.0 69.6 6.7 334.4 80
2021002726 0.228 248.0 162.3 296.3 270.1 14
2021002726 0.220 239.4 301.7 298.0 376.3 80
2021002726 0.215 0.3 1.5 4.4 82.5 80
2021002726 0.191 263.6 244.6 289.2 276.5 80
2021002726 0.189 0.3 30.4 18.0 342.1 80
2021002726 0.185 186.8 282.0 213.9 333.6 80
2021002726 0.184 233.6 353.8 412.8 378.5 80
2021002726 0.182 -0.2 176.4 19.9 379.8 80
2021002726 0.164 332.1 361.2 462.3 378.4 80
2021002726 0.160 121.4 240.5 340.6 372.0 80
2021002726 0.154 261.0 228.7 292.4 262.1 80
2021002726 0.154 340.8 167.2 526.7 372.0 80
2021002726 0.150 54.7 312.0 225.1 380.3 80
2021002726 0.148 244.9 165.7 293.2 291.7 14
2021002726 0.146 210.0 211.9 270.7 365.2 14
2021002726 0.146 45.5 363.7 161.4 377.1 80
2021002726 0.145 391.0 245.9 429.9 290.7 80
2021002726 0.142 209.1 236.6 245.3 267.2 80
2021002726 0.142 1.4 97.4 61.5 367.7 80
2021002726 0.139 200.4 186.6 401.9 355.2 80
2021002726 0.136 14.9 341.2 98.2 373.8 80
2021002726 0.133 6.4 -1.2 500.7 272.7 80
2021002726 0.132 8.1 206.7 183.9 362.6 80
2021002726 0.130 132.3 96.1 411.1 191.0 80
2021002726 0.130 -142.2 -0.8 354.1 9.2 80
2021002726 0.126 42.3 180.0 241.6 327.2 80
2021002726 0.124 111.8 270.1 156.5 303.8 80
2021002726 0.123 71.8 216.3 122.6 256.3 80
2021002726 0.123 26.0 147.3 173.1 303.0 80
2021002726 0.120 128.7 232.5 181.5 265.7 80
2021002726 0.120 36.1 121.6 223.0 260.4 80
2021002726 0.119 22.2 212.8 72.3 281.7 80
2021002726 0.118 131.4 154.3 205.0 215.2 80
2021002726 0.118 15.6 140.5 69.5 205.3 80
2021002726 0.118 304.1 220.8 369.3 282.8 80
2021002726 0.117 6.4 -1.2 500.7 272.7 10
2021002726 0.117 239.9 300.6 294.2 373.3 14
2021002726 0.115 -8.4 47.0 60.9 104.4 80
2021002726 0.112 438.4 42.8 521.7 178.5 80
2021002726 0.111 209.1 223.2 291.9 371.5 80
2021002726 0.109 -46.6 29.7 328.2 98.4 80
2021002726 0.109 107.6 47.7 551.3 162.9 80
2021002726 0.107 175.4 31.0 605.5 130.8 80
2021002726 0.107 -120.5 12.9 316.8 60.7 80
2021002726 0.106 253.2 19.7 625.2 108.2 80
2021002726 0.106 62.6 -4.2 559.9 61.0 80
2021002726 0.106 0.2 -1.4 495.9 57.3 80
2021002726 0.105 260.5 -1.2 716.1 15.9 80
2021002726 0.777 324.4 138.2 426.2 373.5 14
2021002726 0.758 403.5 143.6 502.2 368.3 14
2021002726 0.734 156.2 190.8 225.4 375.3 14
2021002726 0.722 209.1 223.2 291.9 371.5 14
2021002726 0.705 336.2 143.5 421.3 298.1 80
2021002726 0.681 409.5 145.7 494.7 337.5 80
2021002726 0.677 221.2 210.2 289.6 322.3 80
2021002726 0.671 193.9 173.3 292.5 268.0 80
2021002726 0.671 163.5 199.1 211.7 276.5 80
2021002726 0.665 406.8 145.2 484.8 322.9 80
2021002726 0.664 161.6 187.7 228.8 349.1 80
2021002726 0.658 169.5 182.0 230.2 262.8 80
2021002726 0.651 400.9 194.3 417.9 275.0 80
2021002726 0.643 419.8 251.2 498.9 367.2 80
2021002726 0.641 454.2 139.8 497.7 369.3 80
2021002726 0.634 177.9 179.5 234.6 294.2 80
2021002726 0.620 326.8 243.5 430.9 374.9 80
2021002726 0.618 409.1 154.7 488.2 249.4 80
2021002726 0.614 486.8 200.6 500.1 360.8 80
2021002726 0.611 457.4 165.9 493.5 265.7 80
2021002726 0.609 478.5 318.2 501.5 372.2 80
2021002726 0.607 158.0 201.7 220.0 365.7 80
2021002726 0.598 412.2 264.2 502.5 368.6 80
2021002726 0.592 239.9 300.6 294.2 373.3 80
2021002726 0.588 146.5 337.4 393.6 370.7 80
2021002726 0.583 210.0 211.9 270.7 365.2 80
2021002726 0.580 329.5 140.4 413.3 336.2 80
2021002726 0.579 320.8 138.4 436.2 366.2 80
2021002726 0.562 1.2 0.1 500.2 374.1 80
2021002726 0.557 244.9 165.7 293.2 291.7 80
2021002726 0.553 15.3 -13.1 494.9 360.4 80
2021002726 0.550 0.9 204.5 7.4 285.4 80
2021002726 0.549 493.1 157.8 500.5 322.4 80
2021002726 0.534 159.7 303.3 231.4 374.3 80
2021002726 0.528 121.8 156.9 452.9 359.0 80
2021002726 0.523 496.7 96.3 500.4 175.2 80
2021002726 0.518 -0.6 352.7 38.3 374.5 80
2021002726 0.496 239.4 301.7 298.0 376.3 14
2021002726 0.474 148.6 -4.7 464.3 368.7 80
2021002726 0.470 235.3 163.8 297.1 357.8 80
2021002726 0.461 248.0 162.3 296.3 270.1 80
2021002726 0.451 0.8 237.6 5.7 349.7 80
2021002726 0.420 6.4 -1.2 500.7 272.7 3
2021002726 0.284 341.4 228.0 354.3 331.0 80
2021002726 0.277 235.3 163.8 297.1 357.8 14
2021002726 0.265 0.9 74.5 2.9 179.5 80
2021002726 0.258 6.4 -1.2 500.7 272.7 0
2021002726 0.243 351.7 206.2 402.7 269.6 80
2021002726 0.243 70.8 66.0 368.7 289.1 80
2021002726 0.242 146.7 208.6 376.3 361.2 80
2021002726 0.234 0.9 15.2 6.1 261.4 80
2021002726 0.232 1.0 69.6 6.7 334.4 80
2021002726 0.228 248.0 162.3 296.3 270.1 14
2021002726 0.220 239.4 301.7 298.0 376.3 80
2021002726 0.215 0.3 1.5 4.4 82.5 80
2021002726 0.191 263.6 244.6 289.2 276.5 80
2021002726 0.189 0.3 30.4 18.0 342.1 80
2021002726 0.185 186.8 282.0 213.9 333.6 80
2021002726 0.184 233.6 353.8 412.8 378.5 80
2021002726 0.182 -0.2 176.4 19.9 379.8 80
2021002726 0.164 332.1 361.2 462.3 378.4 80
2021002726 0.160 121.4 240.5 340.6 372.0 80
2021002726 0.154 261.0 228.7 292.4 262.1 80
2021002726 0.154 340.8 167.2 526.7 372.0 80
2021002726 0.150 54.7 312.0 225.1 380.3 80
2021002726 0.148 244.9 165.7 293.2 291.7 14
2021002726 0.146 210.0 211.9 270.7 365.2 14
2021002726 0.146 45.5 363.7 161.4 377.1 80
2021002726 0.145 391.0 245.9 429.9 290.7 80
2021002726 0.142 209.1 236.6 245.3 267.2 80
2021002726 0.142 1.4 97.4 61.5 367.7 80
2021002726 0.139 200.4 186.6 401.9 355.2 80
2021002726 0.136 14.9 341.2 98.2 373.8 80
2021002726 0.133 6.4 -1.2 500.7 272.7 80
2021002726 0.132 8.1 206.7 183.9 362.6 80
2021002726 0.130 132.3 96.1 411.1 191.0 80
2021002726 0.130 -142.2 -0.8 354.1 9.2 80
2021002726 0.126 42.3 180.0 241.6 327.2 80
2021002726 0.124 111.8 270.1 156.5 303.8 80
2021002726 0.123 71.8 216.3 122.6 256.3 80
2021002726 0.123 26.0 147.3 173.1 303.0 80
2021002726 0.120 128.7 232.5 181.5 265.7 80
2021002726 0.120 36.1 121.6 223.0 260.4 80
2021002726 0.119 22.2 212.8 72.3 281.7 80
2021002726 0.118 131.4 154.3 205.0 215.2 80
2021002726 0.118 15.6 140.5 69.5 205.3 80
2021002726 0.118 304.1 220.8 369.3 282.8 80
2021002726 0.117 6.4 -1.2 500.7 272.7 10
2021002726 0.117 239.9 300.6 294.2 373.3 14
2021002726 0.115 -8.4 47.0 60.9 104.4 80
2021002726 0.112 438.4 42.8 521.7 178.5 80
2021002726 0.111 209.1 223.2 291.9 371.5 80
2021002726 0.109 -46.6 29.7 328.2 98.4 80
2021002726 0.109 107.6 47.7 551.3 162.9 80
2021002726 0.107 175.4 31.0 605.5 130.8 80
2021002726 0.107 -120.5 12.9 316.8 60.7 80
2021002726 0.106 253.2 19.7 625.2 108.2 80
2021002726 0.106 62.6 -4.2 559.9 61.0 80
2021002726 0.106 0.2 -1.4 495.9 57.3 80
2021002726 0.105 260.5 -1.2 716.1 15.9 80
2021002726 0.000 242.0 73.2 372.7 227.7 80
2021002726 0.000 0.9 43.1 103.5 247.8 80
2021002726 0.000 143.7 135.9 210.3 202.4 80
2021002726 0.000 211.4 111.8 275.3 178.0 80
2021002726 0.000 371.0 109.2 486.3 268.7 80
2021002726 0.000 255.8 137.9 317.1 204.5 80
2021002726 0.000 156.6 31.4 304.0 211.6 80
2021002726 0.000 45.5 217.8 107.4 288.9 80
2021002726 0.000 136.3 82.3 207.6 151.5 80
2021002726 0.000 81.5 117.6 146.9 186.5 80
2021002726 0.000 197.9 51.8 272.4 119.8 80
2021002726 0.000 453.6 128.4 499.6 211.2 80
2021002726 0.000 387.8 97.3 461.7 164.2 80
2021002726 0.000 348.6 145.3 411.0 211.1 80
2021002726 0.000 136.9 218.3 201.8 292.7 80
2021002726 0.000 19.5 26.1 206.5 194.8 80
2021002726 0.000 1.5 201.3 48.0 285.0 80
2021002726 0.000 297.9 170.7 359.9 236.2 80
2021002726 0.000 453.4 192.9 499.6 275.6 80
2021002726 0.000 356.3 197.7 415.7 265.7 80
2021002726 0.000 313.5 100.9 376.2 167.7 80
2021002726 0.000 323.9 8.3 496.6 191.8 80
2021002726 0.000 287.5 132.8 485.8 257.7 80
2021002726 0.000 205.6 160.1 267.3 225.4 80
2021002726 0.000 0.9 125.8 102.1 357.9 80
2021002726 0.000 33.3 127.4 166.8 276.8 80
2021002726 0.000 1.0 151.5 47.1 234.6 80
2021002726 0.000 89.9 187.8 149.8 253.9 80
2021002726 0.000 449.0 54.1 499.7 153.4 80
2021002726 0.000 117.9 161.9 233.2 316.5 80
2021002726 0.000 218.0 251.8 286.7 331.9 80
2021002726 0.000 149.3 172.2 210.8 237.6 80
2021002726 0.000 410.1 176.6 474.8 242.3 80
2021002726 0.000 27.0 155.1 94.9 220.9 80
2021002726 0.000 323.9 218.2 384.1 295.1 80
2021002726 0.000 202.7 116.7 319.1 275.9 80
2021002726 0.000 177.6 56.6 471.2 267.4 80
2021002726 0.000 252.3 124.0 366.8 347.9 80
2021002726 0.000 0.5 90.4 51.3 173.8 80
2021002726 0.000 0.7 22.0 51.8 106.0 80
2021002726 0.000 46.4 108.1 284.6 258.9 80
2021002726 0.000 101.1 50.5 245.1 317.1 80
2021002726 0.000 255.5 3.7 329.5 73.3 80
2021002726 0.000 322.9 47.5 406.2 116.3 80
2021002726 0.000 43.3 21.4 383.8 258.4 80
2021002726 0.000 0.6 249.6 58.3 369.8 80
2021002726 0.000 178.6 220.3 238.0 300.5 80
2021002726 0.000 442.7 245.1 499.6 368.5 80
2021002726 0.000 398.6 113.5 499.6 355.5 80
2021002726 0.000 10.6 10.6 491.5 199.6 80
2021002726 0.000 258.6 42.4 428.2 311.1 80
2021002726 0.000 90.0 16.9 408.1 364.6 80
2021002726 0.000 256.1 169.2 365.6 301.9 80
2021002726 0.000 -2.4 5.4 286.1 371.6 80
2021002726 0.000 8.1 89.0 229.6 370.1 80
2021002726 0.000 0.7 22.9 146.6 363.6 80
2021002726 0.000 213.1 6.1 497.0 372.7 80
2021002726 0.000 131.2 78.4 368.1 365.5 80
2021002726 0.000 156.2 201.7 351.1 369.4 80
2021002726 0.000 170.3 106.4 310.3 353.3 80
2021002726 0.000 153.4 21.0 355.4 360.9 80
2021002726 0.000 357.6 18.1 500.9 361.1 80
2021002726 0.000 68.8 68.1 447.4 321.4 80
2021002726 0.000 177.0 8.2 417.9 127.1 80
2021002726 0.000 43.6 254.9 289.5 373.6 80
2021002726 0.000 2.3 68.4 366.1 369.3 80
2021002726 0.000 5.1 279.1 130.5 374.3 80
2021002726 0.000 12.0 183.0 185.2 365.8 80
2021002726 0.000 305.3 180.1 482.3 365.0 80
2021002726 0.000 220.0 199.0 278.3 264.7 80
2021002726 0.000 24.3 146.3 338.1 364.6 80
2021002726 0.000 2.5 1.3 412.8 373.0 80
2021002726 0.000 150.8 131.3 355.6 228.6 80
2021002726 0.000 274.3 86.1 490.6 373.1 80
2021002726 0.000 3.0 228.5 496.0 374.4 80
2021002726 0.000 220.7 257.3 474.7 373.5 80
2021002726 0.000 84.5 1.1 496.2 372.9 80
2021002726 0.000 158.6 67.8 495.0 371.2 80
2021002726 0.000 157.9 150.5 463.3 364.9 80
2021002726 0.000 362.6 245.1 494.3 368.9 80
2021002726 0.000 44.4 60.6 117.3 136.8 80
2021002726 0.000 129.9 101.9 365.9 294.0 80
2021002726 0.000 22.3 43.4 477.5 366.6 80
2021002726 0.000 60.2 142.4 409.5 272.0 80
2021002726 0.000 0.4 100.8 499.0 366.5 80
2021002726 0.000 244.0 202.0 298.7 273.9 80
2021002726 0.000 12.6 94.7 489.8 271.8 80
2021002726 0.000 0.8 0.3 499.7 373.9 80
2021002726 0.000 1.3 18.3 498.9 309.8 80
2021002726 0.000 286.3 250.3 340.8 319.0 80
2021002726 0.000 424.2 6.2 498.9 85.7 80
2021002726 0.000 12.6 94.7 489.8 271.8 0
2021002726 0.000 0.8 0.3 499.7 373.9 7
2021002726 0.000 8.1 89.0 229.6 370.1 14
2021002726 0.000 258.6 42.4 428.2 311.1 14
2021002726 0.000 101.1 50.5 245.1 317.1 14
2021002726 0.000 170.3 106.4 310.3 353.3 14
2021002726 0.000 274.3 86.1 490.6 373.1 14
2021002726 0.000 153.4 21.0 355.4 360.9 14
2021002726 0.000 213.1 6.1 497.0 372.7 14
