2021000000549167 0.715 227.5 237.9 425.3 443.1 80
2021000000549167 0.711 190.9 238.7 278.7 311.8 80
2021000000549167 0.707 120.1 293.1 269.9 412.0 80
2021000000549167 0.705 104.9 281.5 308.1 459.5 80
2021000000549167 0.705 265.8 230.1 434.7 440.7 80
2021000000549167 0.687 101.7 280.5 301.6 476.1 80
2021000000549167 0.685 164.2 250.8 320.9 320.5 80
2021000000549167 0.685 383.3 192.8 426.4 455.1 80
2021000000549167 0.673 156.8 225.1 428.6 466.7 80
2021000000549167 0.668 394.5 589.3 429.1 635.1 80
2021000000549167 0.659 182.9 240.1 361.1 347.4 80
2021000000549167 0.635 415.2 317.4 426.2 436.0 80
2021000000549167 0.631 414.5 215.4 425.8 389.3 80
2021000000549167 0.624 388.1 169.0 423.6 623.7 80
2021000000549167 0.615 411.2 262.7 425.7 514.9 80
2021000000549167 0.600 421.3 365.1 426.5 528.1 80
2021000000549167 0.594 10.6 154.9 426.1 376.5 80
2021000000549167 0.591 1.9 148.0 426.8 634.4 80
2021000000549167 0.573 422.3 140.6 426.4 239.1 80
2021000000549167 0.565 59.9 156.1 428.0 522.5 80
2021000000549167 0.458 421.9 337.9 426.0 597.4 80
2021000000549167 0.356 422.7 20.5 426.0 309.8 80
2021000000549167 0.285 379.5 101.7 445.5 551.9 80
2021000000549167 0.283 425.2 25.9 426.2 93.2 80
2021000000549167 0.279 14.3 626.8 415.0 641.6 80
2021000000549167 0.255 0.5 340.2 3.3 582.5 80
2021000000549167 0.252 0.4 204.3 3.0 394.9 80
2021000000549167 0.230 0.4 82.0 2.9 253.2 80
2021000000549167 0.230 0.4 527.7 8.6 648.2 80
2021000000549167 0.219 0.2 82.4 6.5 566.5 80
2021000000549167 0.217 0.7 66.9 5.3 339.8 80
2021000000549167 0.216 -0.4 80.7 27.5 686.5 80
2021000000549167 0.214 0.3 1.0 3.8 143.6 80
2021000000549167 0.203 277.0 621.8 423.4 643.5 80
2021000000549167 0.203 48.3 610.6 383.9 643.3 80
2021000000549167 0.195 5.9 129.7 426.6 560.6 15
2021000000549167 0.195 -0.5 98.0 15.1 497.9 80
2021000000549167 0.186 0.3 271.2 16.6 656.0 80
2021000000549167 0.185 13.2 217.6 412.2 563.8 80
2021000000549167 0.181 109.5 279.5 365.2 370.7 80
2021000000549167 0.166 381.9 558.1 432.3 646.8 80
2021000000549167 0.162 109.2 251.7 419.0 506.0 80
2021000000549167 0.162 5.9 129.7 426.6 560.6 80
2021000000549167 0.160 306.8 234.3 422.7 660.1 80
2021000000549167 0.157 150.0 352.9 295.6 442.0 80
2021000000549167 0.156 214.6 467.6 413.5 652.7 80
2021000000549167 0.155 132.3 520.2 345.6 644.0 80
2021000000549167 0.153 77.5 227.7 429.3 449.7 80
2021000000549167 0.152 5.9 129.7 426.6 560.6 10
2021000000549167 0.149 39.6 553.7 196.4 642.2 80
2021000000549167 0.146 98.0 548.9 275.0 637.1 80
2021000000549167 0.141 2.6 332.0 157.9 646.2 80
2021000000549167 0.140 28.8 619.2 151.9 643.1 80
2021000000549167 0.140 131.4 383.5 230.5 485.4 80
2021000000549167 0.140 67.0 375.1 362.2 598.9 80
2021000000549167 0.138 126.2 329.6 398.1 576.3 80
2021000000549167 0.138 169.3 309.9 416.4 570.0 80
2021000000549167 0.137 24.9 350.8 284.2 602.9 80
2021000000549167 0.136 22.8 221.7 326.9 419.8 80
2021000000549167 0.135 67.0 257.9 412.9 522.4 80
2021000000549167 0.135 97.7 366.2 178.5 472.1 80
2021000000549167 0.134 211.5 610.8 334.4 640.7 80
2021000000549167 0.134 10.5 576.5 81.9 638.9 80
2021000000549167 0.133 70.7 330.4 357.8 564.9 80
2021000000549167 0.132 36.7 313.8 314.4 554.6 80
2021000000549167 0.131 13.7 279.8 230.7 574.4 80
2021000000549167 0.130 21.5 215.8 136.9 565.2 80
2021000000549167 0.129 148.5 311.9 234.8 396.5 80
2021000000549167 0.128 85.5 609.4 204.8 643.2 80
2021000000549167 0.127 241.7 331.1 353.0 432.6 80
2021000000549167 0.127 -1.9 53.6 30.4 135.1 80
2021000000549167 0.125 34.9 298.8 321.2 440.4 80
2021000000549167 0.125 208.1 344.2 379.8 543.0 80
2021000000549167 0.124 26.7 359.6 79.7 464.3 80
2021000000549167 0.124 58.5 325.8 212.8 460.2 80
2021000000549167 0.123 20.1 283.5 259.4 492.6 80
2021000000549167 0.120 26.5 245.0 285.2 411.2 80
2021000000549167 0.120 63.1 371.9 178.7 476.1 80
2021000000549167 0.119 244.7 265.3 432.4 428.2 80
2021000000549167 0.118 22.7 277.6 163.6 407.1 80
2021000000549167 0.117 182.3 226.3 379.8 328.6 80
2021000000549167 0.116 54.7 203.6 241.7 325.7 80
2021000000549167 0.115 203.5 259.7 502.8 561.3 80
2021000000549167 0.115 -2.8 135.0 72.6 249.9 80
2021000000549167 0.107 5.9 129.7 426.6 560.6 19
2021000000549167 0.107 44.6 58.3 438.0 195.6 80
2021000000549167 0.105 -66.4 31.6 306.0 134.9 80
2021000000549167 0.105 157.7 61.4 515.3 186.5 80
2021000000549167 0.104 -42.0 -2.6 382.2 81.8 80
2021000000549167 0.104 2.7 1.3 422.6 90.5 80
2021000000549167 0.104 61.0 -5.2 484.0 83.9 80
2021000000549167 0.104 247.5 24.8 526.0 138.5 80
2021000000549167 0.103 -118.6 17.6 281.8 96.2 80
2021000000549167 0.103 0.3 -8.0 34.9 44.0 80
2021000000549167 0.098 110.5 -8.6 535.5 50.1 80
2021000000549167 0.097 -155.9 -3.3 268.5 36.4 80
2021000000549167 0.097 5.9 129.7 426.6 560.6 4
2021000000549167 0.094 5.9 129.7 426.6 560.6 8
2021000000549167 0.091 -31.0 -5.7 394.0 37.4 80
2021000000549167 0.091 -74.6 -4.9 350.4 40.3 80
2021000000549167 0.715 227.5 237.9 425.3 443.1 80
2021000000549167 0.711 190.9 238.7 278.7 311.8 80
2021000000549167 0.707 120.1 293.1 269.9 412.0 80
2021000000549167 0.705 104.9 281.5 308.1 459.5 80
2021000000549167 0.705 265.8 230.1 434.7 440.7 80
2021000000549167 0.687 101.7 280.5 301.6 476.1 80
2021000000549167 0.685 164.2 250.8 320.9 320.5 80
2021000000549167 0.685 383.3 192.8 426.4 455.1 80
2021000000549167 0.673 156.8 225.1 428.6 466.7 80
2021000000549167 0.668 394.5 589.3 429.1 635.1 80
2021000000549167 0.659 182.9 240.1 361.1 347.4 80
2021000000549167 0.635 415.2 317.4 426.2 436.0 80
2021000000549167 0.631 414.5 215.4 425.8 389.3 80
2021000000549167 0.624 388.1 169.0 423.6 623.7 80
2021000000549167 0.615 411.2 262.7 425.7 514.9 80
2021000000549167 0.600 421.3 365.1 426.5 528.1 80
2021000000549167 0.594 10.6 154.9 426.1 376.5 80
2021000000549167 0.591 1.9 148.0 426.8 634.4 80
2021000000549167 0.573 422.3 140.6 426.4 239.1 80
2021000000549167 0.565 59.9 156.1 428.0 522.5 80
2021000000549167 0.458 421.9 337.9 426.0 597.4 80
2021000000549167 0.356 422.7 20.5 426.0 309.8 80
2021000000549167 0.285 379.5 101.7 445.5 551.9 80
2021000000549167 0.283 425.2 25.9 426.2 93.2 80
2021000000549167 0.279 14.3 626.8 415.0 641.6 80
2021000000549167 0.255 0.5 340.2 3.3 582.5 80
2021000000549167 0.252 0.4 204.3 3.0 394.9 80
2021000000549167 0.230 0.4 82.0 2.9 253.2 80
2021000000549167 0.230 0.4 527.7 8.6 648.2 80
2021000000549167 0.219 0.2 82.4 6.5 566.5 80
2021000000549167 0.217 0.7 66.9 5.3 339.8 80
2021000000549167 0.216 -0.4 80.7 27.5 686.5 80
2021000000549167 0.214 0.3 1.0 3.8 143.6 80
2021000000549167 0.203 277.0 621.8 423.4 643.5 80
2021000000549167 0.203 48.3 610.6 383.9 643.3 80
2021000000549167 0.195 5.9 129.7 426.6 560.6 15
2021000000549167 0.195 -0.5 98.0 15.1 497.9 80
2021000000549167 0.186 0.3 271.2 16.6 656.0 80
2021000000549167 0.185 13.2 217.6 412.2 563.8 80
2021000000549167 0.181 109.5 279.5 365.2 370.7 80
2021000000549167 0.166 381.9 558.1 432.3 646.8 80
2021000000549167 0.162 109.2 251.7 419.0 506.0 80
2021000000549167 0.162 5.9 129.7 426.6 560.6 80
2021000000549167 0.160 306.8 234.3 422.7 660.1 80
2021000000549167 0.157 150.0 352.9 295.6 442.0 80
2021000000549167 0.156 214.6 467.6 413.5 652.7 80
2021000000549167 0.155 132.3 520.2 345.6 644.0 80
2021000000549167 0.153 77.5 227.7 429.3 449.7 80
2021000000549167 0.152 5.9 129.7 426.6 560.6 10
2021000000549167 0.149 39.6 553.7 196.4 642.2 80
2021000000549167 0.146 98.0 548.9 275.0 637.1 80
2021000000549167 0.141 2.6 332.0 157.9 646.2 80
2021000000549167 0.140 28.8 619.2 151.9 643.1 80
2021000000549167 0.140 131.4 383.5 230.5 485.4 80
2021000000549167 0.140 67.0 375.1 362.2 598.9 80
2021000000549167 0.138 126.2 329.6 398.1 576.3 80
2021000000549167 0.138 169.3 309.9 416.4 570.0 80
2021000000549167 0.137 24.9 350.8 284.2 602.9 80
2021000000549167 0.136 22.8 221.7 326.9 419.8 80
2021000000549167 0.135 67.0 257.9 412.9 522.4 80
2021000000549167 0.135 97.7 366.2 178.5 472.1 80
2021000000549167 0.134 211.5 610.8 334.4 640.7 80
2021000000549167 0.134 10.5 576.5 81.9 638.9 80
2021000000549167 0.133 70.7 330.4 357.8 564.9 80
2021000000549167 0.132 36.7 313.8 314.4 554.6 80
2021000000549167 0.131 13.7 279.8 230.7 574.4 80
2021000000549167 0.130 21.5 215.8 136.9 565.2 80
2021000000549167 0.129 148.5 311.9 234.8 396.5 80
2021000000549167 0.128 85.5 609.4 204.8 643.2 80
2021000000549167 0.127 241.7 331.1 353.0 432.6 80
2021000000549167 0.127 -1.9 53.6 30.4 135.1 80
2021000000549167 0.125 34.9 298.8 321.2 440.4 80
2021000000549167 0.125 208.1 344.2 379.8 543.0 80
2021000000549167 0.124 26.7 359.6 79.7 464.3 80
2021000000549167 0.124 58.5 325.8 212.8 460.2 80
2021000000549167 0.123 20.1 283.5 259.4 492.6 80
2021000000549167 0.120 26.5 245.0 285.2 411.2 80
2021000000549167 0.120 63.1 371.9 178.7 476.1 80
2021000000549167 0.119 244.7 265.3 432.4 428.2 80
2021000000549167 0.118 22.7 277.6 163.6 407.1 80
2021000000549167 0.117 182.3 226.3 379.8 328.6 80
2021000000549167 0.116 54.7 203.6 241.7 325.7 80
2021000000549167 0.115 203.5 259.7 502.8 561.3 80
2021000000549167 0.115 -2.8 135.0 72.6 249.9 80
2021000000549167 0.107 5.9 129.7 426.6 560.6 19
2021000000549167 0.107 44.6 58.3 438.0 195.6 80
2021000000549167 0.105 -66.4 31.6 306.0 134.9 80
2021000000549167 0.105 157.7 61.4 515.3 186.5 80
2021000000549167 0.104 -42.0 -2.6 382.2 81.8 80
2021000000549167 0.104 2.7 1.3 422.6 90.5 80
2021000000549167 0.104 61.0 -5.2 484.0 83.9 80
2021000000549167 0.104 247.5 24.8 526.0 138.5 80
2021000000549167 0.103 -118.6 17.6 281.8 96.2 80
2021000000549167 0.103 0.3 -8.0 34.9 44.0 80
2021000000549167 0.098 110.5 -8.6 535.5 50.1 80
2021000000549167 0.097 -155.9 -3.3 268.5 36.4 80
2021000000549167 0.097 5.9 129.7 426.6 560.6 4
2021000000549167 0.094 5.9 129.7 426.6 560.6 8
2021000000549167 0.091 -31.0 -5.7 394.0 37.4 80
2021000000549167 0.091 -74.6 -4.9 350.4 40.3 80
2021000000549167 0.000 309.5 177.8 421.8 447.7 80
2021000000549167 0.000 2.9 214.3 168.6 454.7 80
2021000000549167 0.000 179.4 132.9 355.1 329.7 80
2021000000549167 0.000 115.5 63.3 286.6 312.4 80
2021000000549167 0.000 233.9 234.7 426.6 436.5 80
2021000000549167 0.000 0.5 54.1 87.3 424.3 80
2021000000549167 0.000 384.0 111.6 425.8 247.5 80
2021000000549167 0.000 341.7 301.8 412.5 413.3 80
2021000000549167 0.000 0.7 219.9 87.5 608.0 80
2021000000549167 0.000 0.4 255.4 40.5 399.7 80
2021000000549167 0.000 386.3 327.3 425.8 472.1 80
2021000000549167 0.000 70.2 323.9 135.2 433.4 80
2021000000549167 0.000 386.4 217.4 425.8 362.0 80
2021000000549167 0.000 14.9 262.4 89.3 374.1 80
2021000000549167 0.000 165.9 274.8 238.1 385.1 80
2021000000549167 0.000 105.7 225.4 196.8 344.4 80
2021000000549167 0.000 1.4 342.3 40.9 487.0 80
2021000000549167 0.000 339.2 206.3 425.8 601.9 80
2021000000549167 0.000 132.0 87.5 422.0 477.1 80
2021000000549167 0.000 204.0 102.5 387.4 523.6 80
2021000000549167 0.000 272.9 6.8 429.1 320.0 80
2021000000549167 0.000 378.1 428.0 425.0 620.7 80
2021000000549167 0.000 18.0 179.6 264.5 447.4 80
2021000000549167 0.000 116.8 292.5 190.6 403.0 80
2021000000549167 0.000 206.5 237.8 283.1 347.1 80
2021000000549167 0.000 114.2 237.8 317.7 406.3 80
2021000000549167 0.000 243.3 294.2 318.5 403.5 80
2021000000549167 0.000 245.2 194.5 410.4 620.6 80
2021000000549167 0.000 285.1 252.3 363.6 361.0 80
2021000000549167 0.000 0.2 35.6 44.6 180.1 80
2021000000549167 0.000 293.9 345.9 366.7 453.4 80
2021000000549167 0.000 59.0 205.7 137.1 315.4 80
2021000000549167 0.000 7.4 27.6 194.7 312.2 80
2021000000549167 0.000 169.5 191.2 245.9 301.9 80
2021000000549167 0.000 1.8 -22.0 425.5 365.6 80
2021000000549167 0.000 0.8 427.5 49.1 634.4 80
2021000000549167 0.000 0.5 152.4 43.7 296.7 80
2021000000549167 0.000 6.2 249.9 304.6 629.0 80
2021000000549167 0.000 25.2 43.8 340.1 432.2 80
2021000000549167 0.000 122.6 364.8 305.5 632.6 80
2021000000549167 0.000 322.6 172.4 402.2 282.6 80
2021000000549167 0.000 108.7 152.6 320.1 617.6 80
2021000000549167 0.000 136.9 220.4 281.1 589.6 80
2021000000549167 0.000 -1.5 160.1 206.0 634.1 80
2021000000549167 0.000 81.9 157.1 343.5 506.8 80
2021000000549167 0.000 206.5 278.6 337.8 569.6 80
2021000000549167 0.000 -5.5 333.6 168.3 632.0 80
2021000000549167 0.000 254.7 178.4 334.8 287.0 80
2021000000549167 0.000 161.1 92.2 241.0 201.4 80
2021000000549167 0.000 60.5 63.2 363.7 591.2 80
2021000000549167 0.000 127.6 277.6 403.8 630.3 80
2021000000549167 0.000 3.4 417.4 283.2 635.5 80
2021000000549167 0.000 306.1 35.9 425.9 615.6 80
2021000000549167 0.000 251.4 330.0 416.1 628.5 80
2021000000549167 0.000 3.6 476.6 112.8 638.5 80
2021000000549167 0.000 0.5 121.7 313.6 635.8 80
2021000000549167 0.000 176.5 10.1 430.0 635.4 80
2021000000549167 0.000 308.9 428.7 420.4 632.5 80
2021000000549167 0.000 124.8 136.7 436.2 641.7 80
2021000000549167 0.000 108.0 143.2 186.3 253.5 80
2021000000549167 0.000 153.1 254.6 295.9 455.2 80
2021000000549167 0.000 31.1 378.0 100.4 494.3 80
2021000000549167 0.000 47.7 146.9 391.4 551.1 80
2021000000549167 0.000 -4.4 12.4 254.0 633.0 80
2021000000549167 0.000 170.3 448.0 424.3 640.2 80
2021000000549167 0.000 40.3 68.3 258.9 573.4 80
2021000000549167 0.000 73.5 181.8 230.4 611.3 80
2021000000549167 0.000 141.8 346.7 298.4 588.1 80
2021000000549167 0.000 1.7 395.9 424.9 640.7 80
2021000000549167 0.000 121.4 -2.8 390.2 199.8 80
2021000000549167 0.000 1.5 4.0 357.8 635.9 80
2021000000549167 0.000 115.8 28.7 318.0 616.5 80
2021000000549167 0.000 113.4 389.7 181.7 496.7 80
2021000000549167 0.000 33.5 257.0 369.1 476.9 80
2021000000549167 0.000 63.7 14.1 425.5 639.0 80
2021000000549167 0.000 0.7 191.3 425.6 635.7 80
2021000000549167 0.000 5.0 51.3 123.8 620.2 80
2021000000549167 0.000 12.0 77.7 405.8 643.7 80
2021000000549167 0.000 1.1 51.7 425.7 586.4 80
2021000000549167 0.000 0.8 0.6 425.8 639.1 80
2021000000549167 0.000 210.3 8.9 289.5 124.8 80
2021000000549167 0.000 269.9 91.1 353.1 200.7 80
2021000000549167 0.000 198.9 357.4 343.0 492.8 80
2021000000549167 0.000 6.5 241.2 426.7 504.6 80
2021000000549167 0.000 362.8 8.7 423.5 146.5 80
2021000000549167 0.000 183.8 338.4 247.4 446.3 80
2021000000549167 0.000 26.5 116.2 112.3 227.8 80
2021000000549167 0.000 275.3 375.3 346.9 479.9 80
2021000000549167 0.000 0.8 0.6 425.8 639.1 14
2021000000549167 0.000 0.8 0.6 425.8 639.1 7
2021000000549167 0.000 63.7 14.1 425.5 639.0 14
2021000000549167 0.000 0.8 0.6 425.8 639.1 11
2021000000549167 0.000 60.5 63.2 363.7 591.2 14
2021000000549167 0.000 176.5 10.1 430.0 635.4 14
2021000000549167 0.000 12.0 77.7 405.8 643.7 14
2021000000549167 0.000 -4.4 12.4 254.0 633.0 14
2021000000549167 0.000 1.5 4.0 357.8 635.9 14
2021000000549167 0.000 -1.5 160.1 206.0 634.1 14
2021000000549167 0.000 0.5 121.7 313.6 635.8 14
2021000000549167 0.000 0.7 191.3 425.6 635.7 17
