2021000000520871 0.708 185.7 0.7 329.1 65.4 80
2021000000520871 0.702 17.0 3.7 128.9 184.8 80
2021000000520871 0.690 44.2 8.3 358.6 169.5 80
2021000000520871 0.690 64.5 0.7 207.0 170.2 80
2021000000520871 0.689 6.8 0.1 109.6 223.8 80
2021000000520871 0.679 377.1 1.7 500.1 67.6 80
2021000000520871 0.677 623.8 238.4 640.5 377.5 80
2021000000520871 0.675 529.0 3.9 629.8 118.9 80
2021000000520871 0.671 306.1 1.5 376.2 60.1 80
2021000000520871 0.670 415.3 37.7 509.9 186.3 80
2021000000520871 0.662 178.5 57.3 407.4 175.5 80
2021000000520871 0.658 604.1 382.1 639.7 427.3 80
2021000000520871 0.654 144.7 3.0 335.0 74.9 80
2021000000520871 0.651 593.8 55.0 638.9 176.5 80
2021000000520871 0.647 164.3 6.7 233.2 53.4 80
2021000000520871 0.645 2.1 94.2 635.6 427.3 80
2021000000520871 0.644 175.6 64.0 450.2 181.4 80
2021000000520871 0.630 4.1 13.3 58.5 259.3 80
2021000000520871 0.626 188.8 8.8 378.6 66.9 80
2021000000520871 0.624 456.8 17.8 539.9 184.0 80
2021000000520871 0.620 276.2 1.9 475.1 61.3 80
2021000000520871 0.613 8.4 7.0 127.2 224.0 80
2021000000520871 0.611 52.4 2.4 137.7 214.7 80
2021000000520871 0.609 0.7 260.9 639.0 428.0 80
2021000000520871 0.596 445.1 2.8 577.4 127.3 80
2021000000520871 0.591 101.0 54.5 565.2 169.5 80
2021000000520871 0.584 594.2 49.0 637.8 137.7 80
2021000000520871 0.583 453.5 2.8 565.8 161.7 80
2021000000520871 0.580 140.0 29.9 535.0 82.5 80
2021000000520871 0.575 73.6 7.1 128.1 180.8 80
2021000000520871 0.566 628.8 49.6 640.5 363.4 80
2021000000520871 0.562 407.2 5.7 571.4 130.5 80
2021000000520871 0.558 0.3 4.0 113.8 428.0 80
2021000000520871 0.552 3.0 169.6 640.8 422.0 80
2021000000520871 0.547 0.8 4.9 15.9 149.7 80
2021000000520871 0.545 596.2 45.5 637.0 135.3 80
2021000000520871 0.535 622.0 55.7 641.7 414.7 80
2021000000520871 0.532 -2.0 -3.7 131.9 420.2 80
2021000000520871 0.531 591.7 41.0 638.3 139.4 80
2021000000520871 0.530 3.0 355.2 64.7 429.6 80
2021000000520871 0.521 625.6 237.1 641.4 419.0 80
2021000000520871 0.520 1.0 180.9 96.1 430.5 80
2021000000520871 0.518 121.8 57.5 560.7 160.4 80
2021000000520871 0.506 1.2 7.4 14.1 227.0 80
2021000000520871 0.497 426.5 1.2 560.2 175.3 80
2021000000520871 0.496 3.9 7.9 63.0 424.6 80
2021000000520871 0.483 1.6 123.5 146.0 429.4 80
2021000000520871 0.474 166.6 60.0 505.1 179.5 80
2021000000520871 0.464 3.4 2.1 272.9 424.0 80
2021000000520871 0.459 141.4 52.6 556.9 174.5 80
2021000000520871 0.447 -1.0 61.0 637.6 421.7 80
2021000000520871 0.446 1.0 228.7 11.8 421.7 80
2021000000520871 0.412 412.2 46.3 506.5 188.3 80
2021000000520871 0.365 31.6 388.6 626.6 429.1 80
2021000000520871 0.361 605.0 42.3 640.6 420.8 80
2021000000520871 0.334 1.9 140.3 638.4 424.6 10
2021000000520871 0.309 412.2 46.3 506.5 188.3 4
2021000000520871 0.296 0.0 21.4 6.1 371.1 80
2021000000520871 0.283 1.9 140.3 638.4 424.6 4
2021000000520871 0.226 -1.0 61.0 637.6 421.7 10
2021000000520871 0.213 501.9 56.1 630.8 456.6 80
2021000000520871 0.178 166.6 60.0 505.1 179.5 8
2021000000520871 0.167 596.2 45.5 637.0 135.3 8
2021000000520871 0.166 141.4 52.6 556.9 174.5 10
2021000000520871 0.163 317.7 373.8 566.3 424.6 80
2021000000520871 0.160 129.3 307.0 591.5 426.2 80
2021000000520871 0.159 591.7 41.0 638.3 139.4 8
2021000000520871 0.155 -33.3 78.2 367.0 262.8 80
2021000000520871 0.154 86.1 351.4 503.4 427.9 80
2021000000520871 0.153 426.5 1.2 560.2 175.3 8
2021000000520871 0.148 612.0 38.6 651.4 284.6 80
2021000000520871 0.148 404.2 219.7 649.6 411.6 80
2021000000520871 0.145 594.2 49.0 637.8 137.7 8
2021000000520871 0.145 24.5 329.6 375.2 429.2 80
2021000000520871 0.145 25.9 197.0 518.4 375.3 80
2021000000520871 0.140 169.9 219.8 614.8 386.8 80
2021000000520871 0.140 71.7 212.5 572.2 382.7 80
2021000000520871 0.138 282.6 403.5 495.0 425.5 80
2021000000520871 0.137 121.9 404.9 342.4 426.9 80
2021000000520871 0.136 101.0 54.5 565.2 169.5 10
2021000000520871 0.134 254.1 213.5 630.5 376.8 80
2021000000520871 0.134 -5.4 219.8 269.5 404.0 80
2021000000520871 0.133 25.7 234.0 446.8 393.7 80
2021000000520871 0.133 407.2 5.7 571.4 130.5 8
2021000000520871 0.133 -102.4 -3.4 178.4 15.0 80
2021000000520871 0.132 18.3 383.0 126.9 423.7 80
2021000000520871 0.131 58.4 406.7 227.1 428.1 80
2021000000520871 0.130 320.9 295.8 454.8 356.9 80
2021000000520871 0.128 510.7 393.7 636.6 422.3 80
2021000000520871 0.128 334.1 178.3 630.9 354.2 80
2021000000520871 0.128 123.7 188.0 588.6 348.3 80
2021000000520871 0.127 436.7 405.7 580.6 428.8 80
2021000000520871 0.127 1.9 140.3 638.4 424.6 80
2021000000520871 0.127 8.4 7.0 127.2 224.0 8
2021000000520871 0.125 453.5 2.8 565.8 161.7 8
2021000000520871 0.125 8.1 211.6 355.4 364.6 80
2021000000520871 0.125 57.8 191.7 538.5 343.2 80
2021000000520871 0.123 21.8 167.6 226.3 363.0 80
2021000000520871 0.122 107.5 282.8 204.4 348.5 80
2021000000520871 0.121 1.9 140.3 638.4 424.6 8
2021000000520871 0.708 185.7 0.7 329.1 65.4 80
2021000000520871 0.702 17.0 3.7 128.9 184.8 80
2021000000520871 0.690 44.2 8.3 358.6 169.5 80
2021000000520871 0.690 64.5 0.7 207.0 170.2 80
2021000000520871 0.689 6.8 0.1 109.6 223.8 80
2021000000520871 0.679 377.1 1.7 500.1 67.6 80
2021000000520871 0.677 623.8 238.4 640.5 377.5 80
2021000000520871 0.675 529.0 3.9 629.8 118.9 80
2021000000520871 0.671 306.1 1.5 376.2 60.1 80
2021000000520871 0.670 415.3 37.7 509.9 186.3 80
2021000000520871 0.662 178.5 57.3 407.4 175.5 80
2021000000520871 0.658 604.1 382.1 639.7 427.3 80
2021000000520871 0.654 144.7 3.0 335.0 74.9 80
2021000000520871 0.651 593.8 55.0 638.9 176.5 80
2021000000520871 0.647 164.3 6.7 233.2 53.4 80
2021000000520871 0.645 2.1 94.2 635.6 427.3 80
2021000000520871 0.644 175.6 64.0 450.2 181.4 80
2021000000520871 0.630 4.1 13.3 58.5 259.3 80
2021000000520871 0.626 188.8 8.8 378.6 66.9 80
2021000000520871 0.624 456.8 17.8 539.9 184.0 80
2021000000520871 0.620 276.2 1.9 475.1 61.3 80
2021000000520871 0.613 8.4 7.0 127.2 224.0 80
2021000000520871 0.611 52.4 2.4 137.7 214.7 80
2021000000520871 0.609 0.7 260.9 639.0 428.0 80
2021000000520871 0.596 445.1 2.8 577.4 127.3 80
2021000000520871 0.591 101.0 54.5 565.2 169.5 80
2021000000520871 0.584 594.2 49.0 637.8 137.7 80
2021000000520871 0.583 453.5 2.8 565.8 161.7 80
2021000000520871 0.580 140.0 29.9 535.0 82.5 80
2021000000520871 0.575 73.6 7.1 128.1 180.8 80
2021000000520871 0.566 628.8 49.6 640.5 363.4 80
2021000000520871 0.562 407.2 5.7 571.4 130.5 80
2021000000520871 0.558 0.3 4.0 113.8 428.0 80
2021000000520871 0.552 3.0 169.6 640.8 422.0 80
2021000000520871 0.547 0.8 4.9 15.9 149.7 80
2021000000520871 0.545 596.2 45.5 637.0 135.3 80
2021000000520871 0.535 622.0 55.7 641.7 414.7 80
2021000000520871 0.532 -2.0 -3.7 131.9 420.2 80
2021000000520871 0.531 591.7 41.0 638.3 139.4 80
2021000000520871 0.530 3.0 355.2 64.7 429.6 80
2021000000520871 0.521 625.6 237.1 641.4 419.0 80
2021000000520871 0.520 1.0 180.9 96.1 430.5 80
2021000000520871 0.518 121.8 57.5 560.7 160.4 80
2021000000520871 0.506 1.2 7.4 14.1 227.0 80
2021000000520871 0.497 426.5 1.2 560.2 175.3 80
2021000000520871 0.496 3.9 7.9 63.0 424.6 80
2021000000520871 0.483 1.6 123.5 146.0 429.4 80
2021000000520871 0.474 166.6 60.0 505.1 179.5 80
2021000000520871 0.464 3.4 2.1 272.9 424.0 80
2021000000520871 0.459 141.4 52.6 556.9 174.5 80
2021000000520871 0.447 -1.0 61.0 637.6 421.7 80
2021000000520871 0.446 1.0 228.7 11.8 421.7 80
2021000000520871 0.412 412.2 46.3 506.5 188.3 80
2021000000520871 0.365 31.6 388.6 626.6 429.1 80
2021000000520871 0.361 605.0 42.3 640.6 420.8 80
2021000000520871 0.334 1.9 140.3 638.4 424.6 10
2021000000520871 0.309 412.2 46.3 506.5 188.3 4
2021000000520871 0.296 0.0 21.4 6.1 371.1 80
2021000000520871 0.283 1.9 140.3 638.4 424.6 4
2021000000520871 0.226 -1.0 61.0 637.6 421.7 10
2021000000520871 0.213 501.9 56.1 630.8 456.6 80
2021000000520871 0.178 166.6 60.0 505.1 179.5 8
2021000000520871 0.167 596.2 45.5 637.0 135.3 8
2021000000520871 0.166 141.4 52.6 556.9 174.5 10
2021000000520871 0.163 317.7 373.8 566.3 424.6 80
2021000000520871 0.160 129.3 307.0 591.5 426.2 80
2021000000520871 0.159 591.7 41.0 638.3 139.4 8
2021000000520871 0.155 -33.3 78.2 367.0 262.8 80
2021000000520871 0.154 86.1 351.4 503.4 427.9 80
2021000000520871 0.153 426.5 1.2 560.2 175.3 8
2021000000520871 0.148 612.0 38.6 651.4 284.6 80
2021000000520871 0.148 404.2 219.7 649.6 411.6 80
2021000000520871 0.145 594.2 49.0 637.8 137.7 8
2021000000520871 0.145 24.5 329.6 375.2 429.2 80
2021000000520871 0.145 25.9 197.0 518.4 375.3 80
2021000000520871 0.140 169.9 219.8 614.8 386.8 80
2021000000520871 0.140 71.7 212.5 572.2 382.7 80
2021000000520871 0.138 282.6 403.5 495.0 425.5 80
2021000000520871 0.137 121.9 404.9 342.4 426.9 80
2021000000520871 0.136 101.0 54.5 565.2 169.5 10
2021000000520871 0.134 254.1 213.5 630.5 376.8 80
2021000000520871 0.134 -5.4 219.8 269.5 404.0 80
2021000000520871 0.133 25.7 234.0 446.8 393.7 80
2021000000520871 0.133 407.2 5.7 571.4 130.5 8
2021000000520871 0.133 -102.4 -3.4 178.4 15.0 80
2021000000520871 0.132 18.3 383.0 126.9 423.7 80
2021000000520871 0.131 58.4 406.7 227.1 428.1 80
2021000000520871 0.130 320.9 295.8 454.8 356.9 80
2021000000520871 0.128 510.7 393.7 636.6 422.3 80
2021000000520871 0.128 334.1 178.3 630.9 354.2 80
2021000000520871 0.128 123.7 188.0 588.6 348.3 80
2021000000520871 0.127 436.7 405.7 580.6 428.8 80
2021000000520871 0.127 1.9 140.3 638.4 424.6 80
2021000000520871 0.127 8.4 7.0 127.2 224.0 8
2021000000520871 0.125 453.5 2.8 565.8 161.7 8
2021000000520871 0.125 8.1 211.6 355.4 364.6 80
2021000000520871 0.125 57.8 191.7 538.5 343.2 80
2021000000520871 0.123 21.8 167.6 226.3 363.0 80
2021000000520871 0.122 107.5 282.8 204.4 348.5 80
2021000000520871 0.121 1.9 140.3 638.4 424.6 8
2021000000520871 0.708 185.7 0.7 329.1 65.4 80
2021000000520871 0.702 17.0 3.7 128.9 184.8 80
2021000000520871 0.690 44.2 8.3 358.6 169.5 80
2021000000520871 0.690 64.5 0.7 207.0 170.2 80
2021000000520871 0.689 6.8 0.1 109.6 223.8 80
2021000000520871 0.679 377.1 1.7 500.1 67.6 80
2021000000520871 0.677 623.8 238.4 640.5 377.5 80
2021000000520871 0.675 529.0 3.9 629.8 118.9 80
2021000000520871 0.671 306.1 1.5 376.2 60.1 80
2021000000520871 0.670 415.3 37.7 509.9 186.3 80
2021000000520871 0.662 178.5 57.3 407.4 175.5 80
2021000000520871 0.658 604.1 382.1 639.7 427.3 80
2021000000520871 0.654 144.7 3.0 335.0 74.9 80
2021000000520871 0.651 593.8 55.0 638.9 176.5 80
2021000000520871 0.647 164.3 6.7 233.2 53.4 80
2021000000520871 0.645 2.1 94.2 635.6 427.3 80
2021000000520871 0.644 175.6 64.0 450.2 181.4 80
2021000000520871 0.630 4.1 13.3 58.5 259.3 80
2021000000520871 0.626 188.8 8.8 378.6 66.9 80
2021000000520871 0.624 456.8 17.8 539.9 184.0 80
2021000000520871 0.620 276.2 1.9 475.1 61.3 80
2021000000520871 0.613 8.4 7.0 127.2 224.0 80
2021000000520871 0.611 52.4 2.4 137.7 214.7 80
2021000000520871 0.609 0.7 260.9 639.0 428.0 80
2021000000520871 0.596 445.1 2.8 577.4 127.3 80
2021000000520871 0.591 101.0 54.5 565.2 169.5 80
2021000000520871 0.584 594.2 49.0 637.8 137.7 80
2021000000520871 0.583 453.5 2.8 565.8 161.7 80
2021000000520871 0.580 140.0 29.9 535.0 82.5 80
2021000000520871 0.575 73.6 7.1 128.1 180.8 80
2021000000520871 0.566 628.8 49.6 640.5 363.4 80
2021000000520871 0.562 407.2 5.7 571.4 130.5 80
2021000000520871 0.558 0.3 4.0 113.8 428.0 80
2021000000520871 0.552 3.0 169.6 640.8 422.0 80
2021000000520871 0.547 0.8 4.9 15.9 149.7 80
2021000000520871 0.545 596.2 45.5 637.0 135.3 80
2021000000520871 0.535 622.0 55.7 641.7 414.7 80
2021000000520871 0.532 -2.0 -3.7 131.9 420.2 80
2021000000520871 0.531 591.7 41.0 638.3 139.4 80
2021000000520871 0.530 3.0 355.2 64.7 429.6 80
2021000000520871 0.521 625.6 237.1 641.4 419.0 80
2021000000520871 0.520 1.0 180.9 96.1 430.5 80
2021000000520871 0.518 121.8 57.5 560.7 160.4 80
2021000000520871 0.506 1.2 7.4 14.1 227.0 80
2021000000520871 0.497 426.5 1.2 560.2 175.3 80
2021000000520871 0.496 3.9 7.9 63.0 424.6 80
2021000000520871 0.483 1.6 123.5 146.0 429.4 80
2021000000520871 0.474 166.6 60.0 505.1 179.5 80
2021000000520871 0.464 3.4 2.1 272.9 424.0 80
2021000000520871 0.459 141.4 52.6 556.9 174.5 80
2021000000520871 0.447 -1.0 61.0 637.6 421.7 80
2021000000520871 0.446 1.0 228.7 11.8 421.7 80
2021000000520871 0.412 412.2 46.3 506.5 188.3 80
2021000000520871 0.365 31.6 388.6 626.6 429.1 80
2021000000520871 0.361 605.0 42.3 640.6 420.8 80
2021000000520871 0.334 1.9 140.3 638.4 424.6 10
2021000000520871 0.309 412.2 46.3 506.5 188.3 4
2021000000520871 0.296 0.0 21.4 6.1 371.1 80
2021000000520871 0.283 1.9 140.3 638.4 424.6 4
2021000000520871 0.226 -1.0 61.0 637.6 421.7 10
2021000000520871 0.213 501.9 56.1 630.8 456.6 80
2021000000520871 0.178 166.6 60.0 505.1 179.5 8
2021000000520871 0.167 596.2 45.5 637.0 135.3 8
2021000000520871 0.166 141.4 52.6 556.9 174.5 10
2021000000520871 0.163 317.7 373.8 566.3 424.6 80
2021000000520871 0.160 129.3 307.0 591.5 426.2 80
2021000000520871 0.159 591.7 41.0 638.3 139.4 8
2021000000520871 0.155 -33.3 78.2 367.0 262.8 80
2021000000520871 0.154 86.1 351.4 503.4 427.9 80
2021000000520871 0.153 426.5 1.2 560.2 175.3 8
2021000000520871 0.148 612.0 38.6 651.4 284.6 80
2021000000520871 0.148 404.2 219.7 649.6 411.6 80
2021000000520871 0.145 594.2 49.0 637.8 137.7 8
2021000000520871 0.145 24.5 329.6 375.2 429.2 80
2021000000520871 0.145 25.9 197.0 518.4 375.3 80
2021000000520871 0.140 169.9 219.8 614.8 386.8 80
2021000000520871 0.140 71.7 212.5 572.2 382.7 80
2021000000520871 0.138 282.6 403.5 495.0 425.5 80
2021000000520871 0.137 121.9 404.9 342.4 426.9 80
2021000000520871 0.136 101.0 54.5 565.2 169.5 10
2021000000520871 0.134 254.1 213.5 630.5 376.8 80
2021000000520871 0.134 -5.4 219.8 269.5 404.0 80
2021000000520871 0.133 25.7 234.0 446.8 393.7 80
2021000000520871 0.133 407.2 5.7 571.4 130.5 8
2021000000520871 0.133 -102.4 -3.4 178.4 15.0 80
2021000000520871 0.132 18.3 383.0 126.9 423.7 80
2021000000520871 0.131 58.4 406.7 227.1 428.1 80
2021000000520871 0.130 320.9 295.8 454.8 356.9 80
2021000000520871 0.128 510.7 393.7 636.6 422.3 80
2021000000520871 0.128 334.1 178.3 630.9 354.2 80
2021000000520871 0.128 123.7 188.0 588.6 348.3 80
2021000000520871 0.127 436.7 405.7 580.6 428.8 80
2021000000520871 0.127 1.9 140.3 638.4 424.6 80
2021000000520871 0.127 8.4 7.0 127.2 224.0 8
2021000000520871 0.125 453.5 2.8 565.8 161.7 8
2021000000520871 0.125 8.1 211.6 355.4 364.6 80
2021000000520871 0.125 57.8 191.7 538.5 343.2 80
2021000000520871 0.123 21.8 167.6 226.3 363.0 80
2021000000520871 0.122 107.5 282.8 204.4 348.5 80
2021000000520871 0.121 1.9 140.3 638.4 424.6 8
2021000000520871 0.708 185.7 0.7 329.1 65.4 80
2021000000520871 0.702 17.0 3.7 128.9 184.8 80
2021000000520871 0.690 44.2 8.3 358.6 169.5 80
2021000000520871 0.690 64.5 0.7 207.0 170.2 80
2021000000520871 0.689 6.8 0.1 109.6 223.8 80
2021000000520871 0.679 377.1 1.7 500.1 67.6 80
2021000000520871 0.677 623.8 238.4 640.5 377.5 80
2021000000520871 0.675 529.0 3.9 629.8 118.9 80
2021000000520871 0.671 306.1 1.5 376.2 60.1 80
2021000000520871 0.670 415.3 37.7 509.9 186.3 80
2021000000520871 0.662 178.5 57.3 407.4 175.5 80
2021000000520871 0.658 604.1 382.1 639.7 427.3 80
2021000000520871 0.654 144.7 3.0 335.0 74.9 80
2021000000520871 0.651 593.8 55.0 638.9 176.5 80
2021000000520871 0.647 164.3 6.7 233.2 53.4 80
2021000000520871 0.645 2.1 94.2 635.6 427.3 80
2021000000520871 0.644 175.6 64.0 450.2 181.4 80
2021000000520871 0.630 4.1 13.3 58.5 259.3 80
2021000000520871 0.626 188.8 8.8 378.6 66.9 80
2021000000520871 0.624 456.8 17.8 539.9 184.0 80
2021000000520871 0.620 276.2 1.9 475.1 61.3 80
2021000000520871 0.613 8.4 7.0 127.2 224.0 80
2021000000520871 0.611 52.4 2.4 137.7 214.7 80
2021000000520871 0.609 0.7 260.9 639.0 428.0 80
2021000000520871 0.596 445.1 2.8 577.4 127.3 80
2021000000520871 0.591 101.0 54.5 565.2 169.5 80
2021000000520871 0.584 594.2 49.0 637.8 137.7 80
2021000000520871 0.583 453.5 2.8 565.8 161.7 80
2021000000520871 0.580 140.0 29.9 535.0 82.5 80
2021000000520871 0.575 73.6 7.1 128.1 180.8 80
2021000000520871 0.566 628.8 49.6 640.5 363.4 80
2021000000520871 0.562 407.2 5.7 571.4 130.5 80
2021000000520871 0.558 0.3 4.0 113.8 428.0 80
2021000000520871 0.552 3.0 169.6 640.8 422.0 80
2021000000520871 0.547 0.8 4.9 15.9 149.7 80
2021000000520871 0.545 596.2 45.5 637.0 135.3 80
2021000000520871 0.535 622.0 55.7 641.7 414.7 80
2021000000520871 0.532 -2.0 -3.7 131.9 420.2 80
2021000000520871 0.531 591.7 41.0 638.3 139.4 80
2021000000520871 0.530 3.0 355.2 64.7 429.6 80
2021000000520871 0.521 625.6 237.1 641.4 419.0 80
2021000000520871 0.520 1.0 180.9 96.1 430.5 80
2021000000520871 0.518 121.8 57.5 560.7 160.4 80
2021000000520871 0.506 1.2 7.4 14.1 227.0 80
2021000000520871 0.497 426.5 1.2 560.2 175.3 80
2021000000520871 0.496 3.9 7.9 63.0 424.6 80
2021000000520871 0.483 1.6 123.5 146.0 429.4 80
2021000000520871 0.474 166.6 60.0 505.1 179.5 80
2021000000520871 0.464 3.4 2.1 272.9 424.0 80
2021000000520871 0.459 141.4 52.6 556.9 174.5 80
2021000000520871 0.447 -1.0 61.0 637.6 421.7 80
2021000000520871 0.446 1.0 228.7 11.8 421.7 80
2021000000520871 0.412 412.2 46.3 506.5 188.3 80
2021000000520871 0.365 31.6 388.6 626.6 429.1 80
2021000000520871 0.361 605.0 42.3 640.6 420.8 80
2021000000520871 0.334 1.9 140.3 638.4 424.6 10
2021000000520871 0.309 412.2 46.3 506.5 188.3 4
2021000000520871 0.296 0.0 21.4 6.1 371.1 80
2021000000520871 0.283 1.9 140.3 638.4 424.6 4
2021000000520871 0.226 -1.0 61.0 637.6 421.7 10
2021000000520871 0.213 501.9 56.1 630.8 456.6 80
2021000000520871 0.178 166.6 60.0 505.1 179.5 8
2021000000520871 0.167 596.2 45.5 637.0 135.3 8
2021000000520871 0.166 141.4 52.6 556.9 174.5 10
2021000000520871 0.163 317.7 373.8 566.3 424.6 80
2021000000520871 0.160 129.3 307.0 591.5 426.2 80
2021000000520871 0.159 591.7 41.0 638.3 139.4 8
2021000000520871 0.155 -33.3 78.2 367.0 262.8 80
2021000000520871 0.154 86.1 351.4 503.4 427.9 80
2021000000520871 0.153 426.5 1.2 560.2 175.3 8
2021000000520871 0.148 612.0 38.6 651.4 284.6 80
2021000000520871 0.148 404.2 219.7 649.6 411.6 80
2021000000520871 0.145 594.2 49.0 637.8 137.7 8
2021000000520871 0.145 24.5 329.6 375.2 429.2 80
2021000000520871 0.145 25.9 197.0 518.4 375.3 80
2021000000520871 0.140 169.9 219.8 614.8 386.8 80
2021000000520871 0.140 71.7 212.5 572.2 382.7 80
2021000000520871 0.138 282.6 403.5 495.0 425.5 80
2021000000520871 0.137 121.9 404.9 342.4 426.9 80
2021000000520871 0.136 101.0 54.5 565.2 169.5 10
2021000000520871 0.134 254.1 213.5 630.5 376.8 80
2021000000520871 0.134 -5.4 219.8 269.5 404.0 80
2021000000520871 0.133 25.7 234.0 446.8 393.7 80
2021000000520871 0.133 407.2 5.7 571.4 130.5 8
2021000000520871 0.133 -102.4 -3.4 178.4 15.0 80
2021000000520871 0.132 18.3 383.0 126.9 423.7 80
2021000000520871 0.131 58.4 406.7 227.1 428.1 80
2021000000520871 0.130 320.9 295.8 454.8 356.9 80
2021000000520871 0.128 510.7 393.7 636.6 422.3 80
2021000000520871 0.128 334.1 178.3 630.9 354.2 80
2021000000520871 0.128 123.7 188.0 588.6 348.3 80
2021000000520871 0.127 436.7 405.7 580.6 428.8 80
2021000000520871 0.127 1.9 140.3 638.4 424.6 80
2021000000520871 0.127 8.4 7.0 127.2 224.0 8
2021000000520871 0.125 453.5 2.8 565.8 161.7 8
2021000000520871 0.125 8.1 211.6 355.4 364.6 80
2021000000520871 0.125 57.8 191.7 538.5 343.2 80
2021000000520871 0.123 21.8 167.6 226.3 363.0 80
2021000000520871 0.122 107.5 282.8 204.4 348.5 80
2021000000520871 0.121 1.9 140.3 638.4 424.6 8
2021000000520871 0.000 0.7 50.3 132.8 280.7 80
2021000000520871 0.000 313.5 82.2 473.8 259.2 80
2021000000520871 0.000 259.6 56.4 340.6 136.2 80
2021000000520871 0.000 328.1 157.6 405.0 233.4 80
2021000000520871 0.000 476.8 123.9 620.6 304.6 80
2021000000520871 0.000 58.5 246.8 136.7 327.8 80
2021000000520871 0.000 107.0 134.6 185.4 214.0 80
2021000000520871 0.000 170.1 119.1 279.1 247.6 80
2021000000520871 0.000 499.6 109.2 587.2 185.3 80
2021000000520871 0.000 580.3 145.7 639.5 239.3 80
2021000000520871 0.000 272.9 129.5 350.3 205.5 80
2021000000520871 0.000 180.7 93.2 259.1 174.3 80
2021000000520871 0.000 27.8 33.3 259.5 222.0 80
2021000000520871 0.000 416.8 13.1 632.9 217.5 80
2021000000520871 0.000 1.6 228.3 61.4 322.9 80
2021000000520871 0.000 207.1 36.8 383.3 240.0 80
2021000000520871 0.000 447.6 166.1 524.7 241.2 80
2021000000520871 0.000 281.2 272.1 359.7 382.5 80
2021000000520871 0.000 115.6 213.7 191.0 289.3 80
2021000000520871 0.000 402.5 115.4 480.3 191.3 80
2021000000520871 0.000 457.2 225.3 531.2 301.6 80
2021000000520871 0.000 41.2 144.1 214.8 313.6 80
2021000000520871 0.000 1.0 171.6 60.3 265.7 80
2021000000520871 0.000 580.1 218.4 639.6 312.1 80
2021000000520871 0.000 0.3 142.6 130.7 405.6 80
2021000000520871 0.000 574.5 61.2 639.6 173.8 80
2021000000520871 0.000 332.1 2.9 415.5 83.9 80
2021000000520871 0.000 175.8 247.5 257.9 330.0 80
2021000000520871 0.000 381.9 194.5 460.0 268.7 80
2021000000520871 0.000 36.2 176.6 119.8 251.2 80
2021000000520871 0.000 326.7 142.8 465.0 394.9 80
2021000000520871 0.000 152.2 182.3 297.6 358.9 80
2021000000520871 0.000 191.4 195.9 269.4 270.1 80
2021000000520871 0.000 374.8 150.8 615.2 294.4 80
2021000000520871 0.000 416.4 248.0 489.1 335.1 80
2021000000520871 0.000 0.6 25.2 66.3 120.2 80
2021000000520871 0.000 281.2 225.3 356.1 300.6 80
2021000000520871 0.000 62.2 23.9 483.7 291.3 80
2021000000520871 0.000 524.7 199.8 607.7 274.4 80
2021000000520871 0.000 262.4 133.8 405.9 318.3 80
2021000000520871 0.000 0.6 282.7 74.6 419.4 80
2021000000520871 0.000 230.2 251.6 304.8 337.5 80
2021000000520871 0.000 226.3 65.1 603.8 302.2 80
2021000000520871 0.000 63.1 124.2 360.6 292.7 80
2021000000520871 0.000 416.7 52.6 515.5 132.0 80
2021000000520871 0.000 129.2 55.8 312.7 354.1 80
2021000000520871 0.000 0.1 102.7 65.9 196.9 80
2021000000520871 0.000 263.8 182.2 342.0 257.0 80
2021000000520871 0.000 566.4 277.2 639.5 417.9 80
2021000000520871 0.000 19.0 16.0 622.5 222.7 80
2021000000520871 0.000 509.8 125.9 639.3 403.0 80
2021000000520871 0.000 1.6 6.7 361.3 421.0 80
2021000000520871 0.000 121.2 17.6 514.2 414.8 80
2021000000520871 0.000 335.8 47.5 542.9 355.2 80
2021000000520871 0.000 241.8 9.0 514.6 153.7 80
2021000000520871 0.000 1.2 27.0 187.5 412.0 80
2021000000520871 0.000 272.2 6.9 636.7 422.5 80
2021000000520871 0.000 205.3 223.7 447.1 417.2 80
2021000000520871 0.000 203.8 31.6 448.2 403.6 80
2021000000520871 0.000 457.5 21.1 641.7 408.3 80
2021000000520871 0.000 14.5 101.7 289.2 419.3 80
2021000000520871 0.000 358.9 270.8 430.6 375.4 80
2021000000520871 0.000 219.1 119.7 395.4 400.8 80
2021000000520871 0.000 169.6 88.0 468.5 414.1 80
2021000000520871 0.000 329.3 188.7 464.7 347.3 80
2021000000520871 0.000 6.1 316.4 167.0 424.2 80
2021000000520871 0.000 391.8 204.6 616.9 413.4 80
2021000000520871 0.000 68.8 289.0 356.2 422.3 80
2021000000520871 0.000 14.6 207.3 237.2 414.7 80
2021000000520871 0.000 4.0 1.2 525.2 422.6 80
2021000000520871 0.000 10.2 259.3 628.9 422.9 80
2021000000520871 0.000 6.0 73.4 462.5 418.5 80
2021000000520871 0.000 285.2 290.5 604.5 423.0 80
2021000000520871 0.000 92.0 72.7 568.9 363.1 80
2021000000520871 0.000 43.3 167.0 418.6 411.2 80
2021000000520871 0.000 109.4 1.0 633.2 422.5 80
2021000000520871 0.000 355.6 98.4 622.5 422.5 80
2021000000520871 0.000 207.9 150.3 442.0 261.4 80
2021000000520871 0.000 312.6 228.6 381.5 309.7 80
2021000000520871 0.000 215.5 171.2 577.4 411.0 80
2021000000520871 0.000 463.3 278.2 633.1 417.8 80
2021000000520871 0.000 56.7 68.5 150.0 155.1 80
2021000000520871 0.000 204.8 74.7 630.5 419.9 80
2021000000520871 0.000 172.4 116.5 460.3 333.0 80
2021000000520871 0.000 86.4 162.1 514.9 308.2 80
2021000000520871 0.000 28.5 48.5 607.3 410.1 80
2021000000520871 0.000 0.5 113.8 638.1 413.2 80
2021000000520871 0.000 0.8 0.8 639.5 424.0 80
2021000000520871 0.000 21.7 108.5 619.3 306.3 80
2021000000520871 0.000 2.9 26.6 636.7 348.7 80
2021000000520871 0.000 542.8 6.8 638.4 97.0 80
2021000000520871 0.000 21.7 108.5 619.3 306.3 0
2021000000520871 0.000 335.8 47.5 542.9 355.2 14
2021000000520871 0.000 219.1 119.7 395.4 400.8 14
2021000000520871 0.000 129.2 55.8 312.7 354.1 14
2021000000520871 0.000 203.8 31.6 448.2 403.6 14
2021000000520871 0.000 14.5 101.7 289.2 419.3 14
2021000000520871 0.000 355.6 98.4 622.5 422.5 14
2021000000520871 0.000 169.6 88.0 468.5 414.1 14
2021000000520871 0.000 197.1 342.6 304.9 418.9 80
2021000000520871 0.000 0.7 50.3 132.8 280.7 80
2021000000520871 0.000 313.5 82.2 473.8 259.2 80
2021000000520871 0.000 259.6 56.4 340.6 136.2 80
2021000000520871 0.000 328.1 157.6 405.0 233.4 80
2021000000520871 0.000 476.8 123.9 620.6 304.6 80
2021000000520871 0.000 58.5 246.8 136.7 327.8 80
2021000000520871 0.000 107.0 134.6 185.4 214.0 80
2021000000520871 0.000 170.1 119.1 279.1 247.6 80
2021000000520871 0.000 499.6 109.2 587.2 185.3 80
2021000000520871 0.000 580.3 145.7 639.5 239.3 80
2021000000520871 0.000 272.9 129.5 350.3 205.5 80
2021000000520871 0.000 180.7 93.2 259.1 174.3 80
2021000000520871 0.000 27.8 33.3 259.5 222.0 80
2021000000520871 0.000 416.8 13.1 632.9 217.5 80
2021000000520871 0.000 1.6 228.3 61.4 322.9 80
2021000000520871 0.000 207.1 36.8 383.3 240.0 80
2021000000520871 0.000 447.6 166.1 524.7 241.2 80
2021000000520871 0.000 281.2 272.1 359.7 382.5 80
2021000000520871 0.000 115.6 213.7 191.0 289.3 80
2021000000520871 0.000 402.5 115.4 480.3 191.3 80
2021000000520871 0.000 457.2 225.3 531.2 301.6 80
2021000000520871 0.000 41.2 144.1 214.8 313.6 80
2021000000520871 0.000 1.0 171.6 60.3 265.7 80
2021000000520871 0.000 580.1 218.4 639.6 312.1 80
2021000000520871 0.000 0.3 142.6 130.7 405.6 80
2021000000520871 0.000 574.5 61.2 639.6 173.8 80
2021000000520871 0.000 332.1 2.9 415.5 83.9 80
2021000000520871 0.000 175.8 247.5 257.9 330.0 80
2021000000520871 0.000 381.9 194.5 460.0 268.7 80
2021000000520871 0.000 36.2 176.6 119.8 251.2 80
2021000000520871 0.000 326.7 142.8 465.0 394.9 80
2021000000520871 0.000 152.2 182.3 297.6 358.9 80
2021000000520871 0.000 191.4 195.9 269.4 270.1 80
2021000000520871 0.000 374.8 150.8 615.2 294.4 80
2021000000520871 0.000 416.4 248.0 489.1 335.1 80
2021000000520871 0.000 0.6 25.2 66.3 120.2 80
2021000000520871 0.000 281.2 225.3 356.1 300.6 80
2021000000520871 0.000 62.2 23.9 483.7 291.3 80
2021000000520871 0.000 524.7 199.8 607.7 274.4 80
2021000000520871 0.000 262.4 133.8 405.9 318.3 80
2021000000520871 0.000 0.6 282.7 74.6 419.4 80
2021000000520871 0.000 230.2 251.6 304.8 337.5 80
2021000000520871 0.000 226.3 65.1 603.8 302.2 80
2021000000520871 0.000 63.1 124.2 360.6 292.7 80
2021000000520871 0.000 416.7 52.6 515.5 132.0 80
2021000000520871 0.000 129.2 55.8 312.7 354.1 80
2021000000520871 0.000 0.1 102.7 65.9 196.9 80
2021000000520871 0.000 263.8 182.2 342.0 257.0 80
2021000000520871 0.000 566.4 277.2 639.5 417.9 80
2021000000520871 0.000 19.0 16.0 622.5 222.7 80
2021000000520871 0.000 509.8 125.9 639.3 403.0 80
2021000000520871 0.000 1.6 6.7 361.3 421.0 80
2021000000520871 0.000 121.2 17.6 514.2 414.8 80
2021000000520871 0.000 335.8 47.5 542.9 355.2 80
2021000000520871 0.000 241.8 9.0 514.6 153.7 80
2021000000520871 0.000 1.2 27.0 187.5 412.0 80
2021000000520871 0.000 272.2 6.9 636.7 422.5 80
2021000000520871 0.000 205.3 223.7 447.1 417.2 80
2021000000520871 0.000 203.8 31.6 448.2 403.6 80
2021000000520871 0.000 457.5 21.1 641.7 408.3 80
2021000000520871 0.000 14.5 101.7 289.2 419.3 80
2021000000520871 0.000 358.9 270.8 430.6 375.4 80
2021000000520871 0.000 219.1 119.7 395.4 400.8 80
2021000000520871 0.000 169.6 88.0 468.5 414.1 80
2021000000520871 0.000 329.3 188.7 464.7 347.3 80
2021000000520871 0.000 6.1 316.4 167.0 424.2 80
2021000000520871 0.000 391.8 204.6 616.9 413.4 80
2021000000520871 0.000 68.8 289.0 356.2 422.3 80
2021000000520871 0.000 14.6 207.3 237.2 414.7 80
2021000000520871 0.000 4.0 1.2 525.2 422.6 80
2021000000520871 0.000 10.2 259.3 628.9 422.9 80
2021000000520871 0.000 6.0 73.4 462.5 418.5 80
2021000000520871 0.000 285.2 290.5 604.5 423.0 80
2021000000520871 0.000 92.0 72.7 568.9 363.1 80
2021000000520871 0.000 43.3 167.0 418.6 411.2 80
2021000000520871 0.000 109.4 1.0 633.2 422.5 80
2021000000520871 0.000 355.6 98.4 622.5 422.5 80
2021000000520871 0.000 207.9 150.3 442.0 261.4 80
2021000000520871 0.000 312.6 228.6 381.5 309.7 80
2021000000520871 0.000 215.5 171.2 577.4 411.0 80
2021000000520871 0.000 463.3 278.2 633.1 417.8 80
2021000000520871 0.000 56.7 68.5 150.0 155.1 80
2021000000520871 0.000 204.8 74.7 630.5 419.9 80
2021000000520871 0.000 172.4 116.5 460.3 333.0 80
2021000000520871 0.000 86.4 162.1 514.9 308.2 80
2021000000520871 0.000 28.5 48.5 607.3 410.1 80
2021000000520871 0.000 0.5 113.8 638.1 413.2 80
2021000000520871 0.000 0.8 0.8 639.5 424.0 80
2021000000520871 0.000 21.7 108.5 619.3 306.3 80
2021000000520871 0.000 2.9 26.6 636.7 348.7 80
2021000000520871 0.000 542.8 6.8 638.4 97.0 80
2021000000520871 0.000 21.7 108.5 619.3 306.3 0
2021000000520871 0.000 335.8 47.5 542.9 355.2 14
2021000000520871 0.000 219.1 119.7 395.4 400.8 14
2021000000520871 0.000 129.2 55.8 312.7 354.1 14
2021000000520871 0.000 203.8 31.6 448.2 403.6 14
2021000000520871 0.000 14.5 101.7 289.2 419.3 14
2021000000520871 0.000 355.6 98.4 622.5 422.5 14
2021000000520871 0.000 169.6 88.0 468.5 414.1 14
2021000000520871 0.000 197.1 342.6 304.9 418.9 80
