2021001802 0.741 198.4 49.8 292.3 314.9 14
2021001802 0.672 473.9 194.6 500.8 297.9 80
2021001802 0.667 124.4 29.6 189.3 272.8 80
2021001802 0.662 99.4 23.4 274.1 204.1 80
2021001802 0.660 51.9 32.1 136.2 160.1 80
2021001802 0.656 126.3 41.0 191.3 203.4 80
2021001802 0.649 11.3 1.1 228.1 170.3 80
2021001802 0.647 46.4 -5.6 292.2 313.4 80
2021001802 0.642 159.6 73.1 187.6 161.3 80
2021001802 0.641 9.0 -9.4 232.9 318.8 80
2021001802 0.638 122.6 39.5 190.2 329.9 14
2021001802 0.631 476.3 215.5 499.7 295.5 80
2021001802 0.625 123.1 47.7 190.3 323.1 80
2021001802 0.620 471.7 308.1 498.5 333.2 80
2021001802 0.619 196.5 51.0 290.0 289.9 80
2021001802 0.614 6.5 0.5 128.0 160.5 80
2021001802 0.612 479.9 164.5 500.0 295.5 80
2021001802 0.608 66.6 6.4 114.0 45.8 80
2021001802 0.604 127.1 110.8 192.6 326.4 80
2021001802 0.602 118.3 23.7 205.3 329.4 80
2021001802 0.602 73.0 -0.7 200.5 323.4 80
2021001802 0.600 493.6 39.4 500.3 146.5 80
2021001802 0.597 19.8 36.5 127.5 174.1 80
2021001802 0.595 -0.3 -0.8 115.6 120.9 80
2021001802 0.595 197.1 60.3 291.9 305.5 80
2021001802 0.585 2.1 21.3 29.7 192.0 80
2021001802 0.584 15.4 14.5 108.6 150.0 80
2021001802 0.583 16.5 -7.9 503.3 311.1 80
2021001802 0.558 165.4 60.9 188.3 185.1 80
2021001802 0.554 4.6 14.2 39.0 97.3 80
2021001802 0.549 197.8 39.7 291.1 321.4 80
2021001802 0.538 493.0 79.3 500.5 291.6 80
2021001802 0.534 189.5 60.0 299.0 218.0 80
2021001802 0.519 2.1 24.6 22.0 297.5 80
2021001802 0.496 164.9 -4.6 507.3 306.1 80
2021001802 0.486 3.2 28.7 40.6 116.7 80
2021001802 0.476 3.5 -7.7 41.5 306.7 80
2021001802 0.463 0.5 40.3 13.3 291.1 80
2021001802 0.451 1.0 42.2 12.3 192.6 80
2021001802 0.449 1.8 55.1 13.8 217.5 80
2021001802 0.445 0.6 31.5 50.5 113.7 80
2021001802 0.435 216.2 -2.6 504.9 292.7 80
2021001802 0.425 264.3 -1.9 502.3 307.0 80
2021001802 0.422 8.6 4.4 159.8 323.7 80
2021001802 0.401 -0.0 -2.4 498.9 322.1 18
2021001802 0.370 0.9 0.7 499.7 242.2 18
2021001802 0.369 194.1 112.3 297.5 308.4 80
2021001802 0.349 497.5 29.1 500.2 230.7 80
2021001802 0.344 487.6 -0.8 502.3 312.8 80
2021001802 0.313 0.9 0.7 499.7 242.2 80
2021001802 0.305 -2.2 12.2 63.0 332.9 80
2021001802 0.299 -0.0 -2.4 498.9 322.1 80
2021001802 0.262 264.3 -1.9 502.3 307.0 18
2021001802 0.257 0.6 31.5 50.5 113.7 18
2021001802 0.233 284.7 19.2 484.8 303.1 80
2021001802 0.227 490.3 -0.6 503.8 16.3 80
2021001802 0.207 164.9 -4.6 507.3 306.1 18
2021001802 0.192 3.2 28.7 40.6 116.7 18
2021001802 0.184 1.0 42.2 12.3 192.6 14
2021001802 0.180 1.8 55.1 13.8 217.5 14
2021001802 0.178 125.0 320.7 215.4 334.8 80
2021001802 0.178 450.5 67.0 501.2 323.9 80
2021001802 0.169 -3.7 104.9 38.9 346.8 80
2021001802 0.167 52.0 324.3 172.4 334.5 80
2021001802 0.160 -7.9 300.5 39.4 338.2 80
2021001802 0.156 16.5 -7.9 503.3 311.1 18
2021001802 0.150 70.7 73.4 228.3 309.3 80
2021001802 0.148 65.8 249.3 206.7 338.1 80
2021001802 0.145 165.4 60.9 188.3 185.1 14
2021001802 0.143 295.6 89.2 524.6 270.7 80
2021001802 0.142 89.1 107.4 417.3 272.2 80
2021001802 0.140 -0.3 -0.8 115.6 120.9 18
2021001802 0.140 173.3 122.6 274.0 261.6 80
2021001802 0.140 11.1 159.9 175.4 323.9 80
2021001802 0.139 15.4 14.5 108.6 150.0 18
2021001802 0.139 311.1 169.1 511.6 313.1 80
2021001802 0.138 134.1 189.4 377.0 322.4 80
2021001802 0.137 263.7 110.7 501.7 270.3 80
2021001802 0.137 148.9 278.9 265.1 332.2 80
2021001802 0.135 288.4 104.9 476.6 269.5 80
2021001802 0.134 341.0 319.0 449.3 336.4 80
2021001802 0.133 179.7 319.0 314.3 336.4 80
2021001802 0.133 212.1 284.9 318.8 330.4 80
2021001802 0.132 232.0 158.7 476.7 297.0 80
2021001802 0.132 308.1 294.6 422.4 329.4 80
2021001802 0.132 195.8 167.7 435.9 306.9 80
2021001802 0.130 89.6 132.9 316.1 293.2 80
2021001802 0.130 16.2 24.2 510.4 161.4 80
2021001802 0.129 207.2 112.4 460.0 256.8 80
2021001802 0.128 17.7 303.1 102.4 331.1 80
2021001802 0.128 297.8 137.6 452.6 263.7 80
2021001802 0.127 182.9 109.3 368.9 269.7 80
2021001802 0.127 175.3 314.0 299.0 333.3 80
2021001802 0.124 189.6 90.0 403.4 235.2 80
2021001802 0.123 239.7 159.7 295.6 215.0 80
2021001802 0.122 268.4 312.4 377.5 334.4 80
2021001802 0.119 404.2 304.0 491.6 331.0 80
2021001802 0.116 6.5 0.5 128.0 160.5 18
2021001802 0.116 131.6 75.2 330.3 139.6 80
2021001802 0.116 472.3 6.1 513.2 82.6 80
2021001802 0.741 198.4 49.8 292.3 314.9 14
2021001802 0.672 473.9 194.6 500.8 297.9 80
2021001802 0.667 124.4 29.6 189.3 272.8 80
2021001802 0.662 99.4 23.4 274.1 204.1 80
2021001802 0.660 51.9 32.1 136.2 160.1 80
2021001802 0.656 126.3 41.0 191.3 203.4 80
2021001802 0.649 11.3 1.1 228.1 170.3 80
2021001802 0.647 46.4 -5.6 292.2 313.4 80
2021001802 0.642 159.6 73.1 187.6 161.3 80
2021001802 0.641 9.0 -9.4 232.9 318.8 80
2021001802 0.638 122.6 39.5 190.2 329.9 14
2021001802 0.631 476.3 215.5 499.7 295.5 80
2021001802 0.625 123.1 47.7 190.3 323.1 80
2021001802 0.620 471.7 308.1 498.5 333.2 80
2021001802 0.619 196.5 51.0 290.0 289.9 80
2021001802 0.614 6.5 0.5 128.0 160.5 80
2021001802 0.612 479.9 164.5 500.0 295.5 80
2021001802 0.608 66.6 6.4 114.0 45.8 80
2021001802 0.604 127.1 110.8 192.6 326.4 80
2021001802 0.602 118.3 23.7 205.3 329.4 80
2021001802 0.602 73.0 -0.7 200.5 323.4 80
2021001802 0.600 493.6 39.4 500.3 146.5 80
2021001802 0.597 19.8 36.5 127.5 174.1 80
2021001802 0.595 -0.3 -0.8 115.6 120.9 80
2021001802 0.595 197.1 60.3 291.9 305.5 80
2021001802 0.585 2.1 21.3 29.7 192.0 80
2021001802 0.584 15.4 14.5 108.6 150.0 80
2021001802 0.583 16.5 -7.9 503.3 311.1 80
2021001802 0.558 165.4 60.9 188.3 185.1 80
2021001802 0.554 4.6 14.2 39.0 97.3 80
2021001802 0.549 197.8 39.7 291.1 321.4 80
2021001802 0.538 493.0 79.3 500.5 291.6 80
2021001802 0.534 189.5 60.0 299.0 218.0 80
2021001802 0.519 2.1 24.6 22.0 297.5 80
2021001802 0.496 164.9 -4.6 507.3 306.1 80
2021001802 0.486 3.2 28.7 40.6 116.7 80
2021001802 0.476 3.5 -7.7 41.5 306.7 80
2021001802 0.463 0.5 40.3 13.3 291.1 80
2021001802 0.451 1.0 42.2 12.3 192.6 80
2021001802 0.449 1.8 55.1 13.8 217.5 80
2021001802 0.445 0.6 31.5 50.5 113.7 80
2021001802 0.435 216.2 -2.6 504.9 292.7 80
2021001802 0.425 264.3 -1.9 502.3 307.0 80
2021001802 0.422 8.6 4.4 159.8 323.7 80
2021001802 0.401 -0.0 -2.4 498.9 322.1 18
2021001802 0.370 0.9 0.7 499.7 242.2 18
2021001802 0.369 194.1 112.3 297.5 308.4 80
2021001802 0.349 497.5 29.1 500.2 230.7 80
2021001802 0.344 487.6 -0.8 502.3 312.8 80
2021001802 0.313 0.9 0.7 499.7 242.2 80
2021001802 0.305 -2.2 12.2 63.0 332.9 80
2021001802 0.299 -0.0 -2.4 498.9 322.1 80
2021001802 0.262 264.3 -1.9 502.3 307.0 18
2021001802 0.257 0.6 31.5 50.5 113.7 18
2021001802 0.233 284.7 19.2 484.8 303.1 80
2021001802 0.227 490.3 -0.6 503.8 16.3 80
2021001802 0.207 164.9 -4.6 507.3 306.1 18
2021001802 0.192 3.2 28.7 40.6 116.7 18
2021001802 0.184 1.0 42.2 12.3 192.6 14
2021001802 0.180 1.8 55.1 13.8 217.5 14
2021001802 0.178 125.0 320.7 215.4 334.8 80
2021001802 0.178 450.5 67.0 501.2 323.9 80
2021001802 0.169 -3.7 104.9 38.9 346.8 80
2021001802 0.167 52.0 324.3 172.4 334.5 80
2021001802 0.160 -7.9 300.5 39.4 338.2 80
2021001802 0.156 16.5 -7.9 503.3 311.1 18
2021001802 0.150 70.7 73.4 228.3 309.3 80
2021001802 0.148 65.8 249.3 206.7 338.1 80
2021001802 0.145 165.4 60.9 188.3 185.1 14
2021001802 0.143 295.6 89.2 524.6 270.7 80
2021001802 0.142 89.1 107.4 417.3 272.2 80
2021001802 0.140 -0.3 -0.8 115.6 120.9 18
2021001802 0.140 173.3 122.6 274.0 261.6 80
2021001802 0.140 11.1 159.9 175.4 323.9 80
2021001802 0.139 15.4 14.5 108.6 150.0 18
2021001802 0.139 311.1 169.1 511.6 313.1 80
2021001802 0.138 134.1 189.4 377.0 322.4 80
2021001802 0.137 263.7 110.7 501.7 270.3 80
2021001802 0.137 148.9 278.9 265.1 332.2 80
2021001802 0.135 288.4 104.9 476.6 269.5 80
2021001802 0.134 341.0 319.0 449.3 336.4 80
2021001802 0.133 179.7 319.0 314.3 336.4 80
2021001802 0.133 212.1 284.9 318.8 330.4 80
2021001802 0.132 232.0 158.7 476.7 297.0 80
2021001802 0.132 308.1 294.6 422.4 329.4 80
2021001802 0.132 195.8 167.7 435.9 306.9 80
2021001802 0.130 89.6 132.9 316.1 293.2 80
2021001802 0.130 16.2 24.2 510.4 161.4 80
2021001802 0.129 207.2 112.4 460.0 256.8 80
2021001802 0.128 17.7 303.1 102.4 331.1 80
2021001802 0.128 297.8 137.6 452.6 263.7 80
2021001802 0.127 182.9 109.3 368.9 269.7 80
2021001802 0.127 175.3 314.0 299.0 333.3 80
2021001802 0.124 189.6 90.0 403.4 235.2 80
2021001802 0.123 239.7 159.7 295.6 215.0 80
2021001802 0.122 268.4 312.4 377.5 334.4 80
2021001802 0.119 404.2 304.0 491.6 331.0 80
2021001802 0.116 6.5 0.5 128.0 160.5 18
2021001802 0.116 131.6 75.2 330.3 139.6 80
2021001802 0.116 472.3 6.1 513.2 82.6 80
2021001802 0.000 0.8 39.6 103.7 219.9 80
2021001802 0.000 245.1 64.6 370.2 203.1 80
2021001802 0.000 203.1 44.4 266.1 106.7 80
2021001802 0.000 256.6 123.7 316.4 182.9 80
2021001802 0.000 372.7 97.3 484.8 238.7 80
2021001802 0.000 45.9 193.6 106.8 256.8 80
2021001802 0.000 83.8 105.7 144.8 167.7 80
2021001802 0.000 133.1 93.5 218.1 194.0 80
2021001802 0.000 390.5 85.7 458.7 145.2 80
2021001802 0.000 453.6 114.4 499.6 187.5 80
2021001802 0.000 213.4 101.7 273.6 161.0 80
2021001802 0.000 141.4 73.2 202.4 136.6 80
2021001802 0.000 22.0 26.3 202.7 174.0 80
2021001802 0.000 325.8 10.5 494.5 170.4 80
2021001802 0.000 1.5 179.1 48.0 253.0 80
2021001802 0.000 162.0 29.1 299.4 188.1 80
2021001802 0.000 349.9 130.4 409.9 189.0 80
2021001802 0.000 219.9 213.4 281.0 299.7 80
2021001802 0.000 90.6 167.7 149.2 226.6 80
2021001802 0.000 314.7 90.6 375.2 149.9 80
2021001802 0.000 357.4 176.8 415.0 236.3 80
2021001802 0.000 32.4 113.1 167.8 245.7 80
2021001802 0.000 1.0 134.7 47.1 208.2 80
2021001802 0.000 453.4 171.3 499.7 244.6 80
2021001802 0.000 0.5 112.0 102.1 317.8 80
2021001802 0.000 449.1 48.2 499.7 136.2 80
2021001802 0.000 259.7 2.5 324.6 65.8 80
2021001802 0.000 137.6 194.1 201.5 258.6 80
2021001802 0.000 298.6 152.6 359.4 210.5 80
2021001802 0.000 28.5 138.6 93.6 196.8 80
2021001802 0.000 255.4 112.1 363.3 309.4 80
2021001802 0.000 119.1 143.0 232.5 281.2 80
2021001802 0.000 149.8 153.7 210.5 211.6 80
2021001802 0.000 293.1 118.3 480.6 230.7 80
2021001802 0.000 325.6 194.5 382.1 262.6 80
2021001802 0.000 0.7 20.0 51.8 94.1 80
2021001802 0.000 219.9 176.7 278.2 235.5 80
2021001802 0.000 48.8 19.0 377.9 228.3 80
2021001802 0.000 410.2 156.8 474.8 215.0 80
2021001802 0.000 205.3 105.0 317.1 249.4 80
2021001802 0.000 0.7 221.7 58.3 328.6 80
2021001802 0.000 180.1 197.3 238.1 264.5 80
2021001802 0.000 177.0 51.2 471.7 236.8 80
2021001802 0.000 49.5 97.5 281.8 229.4 80
2021001802 0.000 325.8 41.4 402.7 103.4 80
2021001802 0.000 101.1 43.9 244.3 277.4 80
2021001802 0.000 0.3 80.7 51.5 154.3 80
2021001802 0.000 206.3 143.0 267.2 201.4 80
2021001802 0.000 442.7 217.4 499.6 327.4 80
2021001802 0.000 15.1 12.8 486.3 174.5 80
2021001802 0.000 398.5 98.9 499.4 315.8 80
2021001802 0.000 1.5 5.5 282.2 329.9 80
2021001802 0.000 94.9 14.0 401.8 325.0 80
2021001802 0.000 262.6 37.4 424.1 278.3 80
2021001802 0.000 189.1 7.3 402.0 120.4 80
2021001802 0.000 1.1 21.4 146.5 322.8 80
2021001802 0.000 212.9 5.7 497.4 331.0 80
2021001802 0.000 160.6 175.5 349.3 326.9 80
2021001802 0.000 159.4 25.0 350.2 316.2 80
2021001802 0.000 357.7 16.7 501.3 319.9 80
2021001802 0.000 11.5 79.9 225.9 328.5 80
2021001802 0.000 280.6 212.4 336.4 294.2 80
2021001802 0.000 171.4 94.0 308.9 314.0 80
2021001802 0.000 132.8 69.1 366.0 324.4 80
2021001802 0.000 257.5 148.1 363.0 272.1 80
2021001802 0.000 5.0 248.1 130.5 332.4 80
2021001802 0.000 306.3 160.5 481.9 323.9 80
2021001802 0.000 54.0 226.7 278.3 330.9 80
2021001802 0.000 11.7 162.6 185.3 324.9 80
2021001802 0.000 3.3 1.2 410.3 331.1 80
2021001802 0.000 8.2 203.4 491.3 331.4 80
2021001802 0.000 4.9 57.7 361.3 327.9 80
2021001802 0.000 223.1 227.9 472.3 331.4 80
2021001802 0.000 72.1 57.1 444.5 284.5 80
2021001802 0.000 34.1 131.1 327.0 322.2 80
2021001802 0.000 85.7 1.0 494.7 331.0 80
2021001802 0.000 278.1 77.3 486.3 331.0 80
2021001802 0.000 162.7 118.0 345.4 204.8 80
2021001802 0.000 244.5 179.3 298.1 242.7 80
2021001802 0.000 168.6 134.4 451.1 322.0 80
2021001802 0.000 362.2 218.2 494.6 327.3 80
2021001802 0.000 44.5 53.9 117.2 121.5 80
2021001802 0.000 160.2 58.7 492.6 329.0 80
2021001802 0.000 134.9 91.5 359.6 260.9 80
2021001802 0.000 67.7 127.2 402.2 241.5 80
2021001802 0.000 22.4 38.2 474.5 321.3 80
2021001802 0.000 0.6 89.3 498.5 323.8 80
2021001802 0.000 0.8 0.8 499.6 332.2 80
2021001802 0.000 17.2 85.3 483.8 240.0 80
2021001802 0.000 2.5 21.1 497.4 273.2 80
2021001802 0.000 424.3 5.6 498.8 76.0 80
2021001802 0.000 17.2 85.3 483.8 240.0 0
2021001802 0.000 262.6 37.4 424.1 278.3 14
2021001802 0.000 171.4 94.0 308.9 314.0 14
2021001802 0.000 101.1 43.9 244.3 277.4 14
2021001802 0.000 159.4 25.0 350.2 316.2 14
2021001802 0.000 11.5 79.9 225.9 328.5 14
2021001802 0.000 278.1 77.3 486.3 331.0 14
2021001802 0.000 132.8 69.1 366.0 324.4 14
2021001802 0.000 154.2 268.6 238.2 328.2 80
