2021000000510329 0.776 95.0 91.3 256.5 310.2 18
2021000000510329 0.770 15.6 95.6 626.5 396.6 80
2021000000510329 0.766 112.0 111.7 160.2 191.2 80
2021000000510329 0.765 120.1 138.8 252.5 302.7 80
2021000000510329 0.764 567.1 170.2 604.6 183.6 80
2021000000510329 0.760 355.0 240.8 374.5 263.7 80
2021000000510329 0.757 4.7 131.2 282.8 346.6 80
2021000000510329 0.754 627.3 408.5 639.6 478.8 80
2021000000510329 0.754 92.8 98.9 250.7 307.2 80
2021000000510329 0.751 169.3 106.1 387.5 301.3 80
2021000000510329 0.751 483.7 165.2 493.2 176.4 80
2021000000510329 0.745 600.8 180.2 611.2 190.5 80
2021000000510329 0.744 98.9 147.1 158.0 262.0 80
2021000000510329 0.743 192.2 125.2 361.1 240.9 80
2021000000510329 0.740 336.4 209.7 350.0 238.7 80
2021000000510329 0.739 -0.3 178.4 128.5 335.2 80
2021000000510329 0.739 638.2 268.1 640.0 300.0 80
2021000000510329 0.738 595.9 155.3 604.8 166.5 80
2021000000510329 0.737 12.2 108.8 276.8 319.5 80
2021000000510329 0.733 601.9 176.7 613.4 186.9 80
