2021007955 0.698 3.5 0.1 80.1 163.1 80
2021007955 0.696 480.7 162.1 499.5 243.0 80
2021007955 0.688 35.9 72.9 397.8 373.0 80
2021007955 0.676 77.0 100.1 364.4 366.8 80
2021007955 0.673 72.2 95.8 398.6 371.3 14
2021007955 0.669 4.8 -0.4 85.5 62.5 80
2021007955 0.664 -1.3 1.7 304.4 375.4 80
2021007955 0.662 47.9 10.2 451.2 331.5 80
2021007955 0.655 -0.8 -1.0 93.9 63.4 80
2021007955 0.654 54.7 60.6 431.9 376.4 80
2021007955 0.653 44.2 92.2 445.5 375.0 80
2021007955 0.640 261.4 337.4 499.4 374.7 80
2021007955 0.632 -0.7 0.3 97.3 372.9 80
2021007955 0.629 467.3 343.9 499.5 374.1 80
2021007955 0.625 459.5 220.2 500.0 344.2 80
2021007955 0.621 475.2 126.7 500.7 356.8 80
2021007955 0.604 -1.3 3.9 116.9 373.8 80
2021007955 0.584 452.8 81.4 498.6 140.4 80
2021007955 0.572 353.8 344.5 500.1 372.8 80
2021007955 0.566 487.4 64.9 500.5 306.0 80
2021007955 0.562 0.2 2.2 11.6 76.8 80
2021007955 0.560 7.7 4.5 246.6 375.3 80
2021007955 0.550 169.4 347.5 473.9 374.5 80
2021007955 0.547 1.1 248.6 10.2 365.2 80
2021007955 0.544 40.7 360.0 257.6 374.0 80
2021007955 0.533 77.3 0.7 154.0 13.8 80
2021007955 0.533 16.2 2.2 468.1 375.5 80
2021007955 0.511 48.5 357.3 360.8 373.5 80
2021007955 0.501 496.7 164.2 500.1 316.0 80
2021007955 0.490 -4.4 14.7 99.1 361.3 80
2021007955 0.488 0.7 -1.0 9.3 274.4 80
2021007955 0.481 115.4 1.9 438.6 371.1 80
2021007955 0.472 497.9 79.8 500.1 152.9 80
2021007955 0.470 52.1 351.1 470.8 373.7 80
2021007955 0.453 104.9 -0.2 192.8 10.2 80
2021007955 0.439 155.1 -0.2 232.7 7.8 80
2021007955 0.433 1.3 346.9 499.4 374.2 80
2021007955 0.431 -0.4 352.2 19.8 376.2 80
2021007955 0.381 489.4 5.1 500.2 359.0 80
2021007955 0.349 -7.4 -11.0 33.7 362.4 80
2021007955 0.322 165.7 357.7 413.6 375.4 80
2021007955 0.279 -0.0 17.0 5.0 338.8 80
2021007955 0.229 -3.0 30.8 94.2 366.6 80
2021007955 0.208 275.6 357.4 456.6 374.9 80
2021007955 0.207 51.0 111.9 314.5 346.8 80
2021007955 0.206 90.7 143.1 365.4 330.8 80
2021007955 0.206 -5.2 20.8 29.9 367.3 80
2021007955 0.180 437.1 -2.0 492.6 368.3 80
2021007955 0.179 465.7 82.1 500.2 372.7 80
2021007955 0.178 140.7 241.8 261.3 336.1 80
2021007955 0.178 38.4 143.6 392.3 337.2 80
2021007955 0.157 320.5 290.4 495.5 377.6 80
2021007955 0.155 -7.0 193.8 57.1 391.2 80
2021007955 0.155 5.6 58.2 209.9 350.9 80
2021007955 0.150 118.1 350.8 321.1 373.3 80
2021007955 0.150 16.2 2.2 468.1 375.5 14
2021007955 0.149 167.4 230.4 460.8 361.8 80
2021007955 0.147 86.9 229.4 427.4 367.2 80
2021007955 0.145 49.4 347.5 238.9 373.8 80
2021007955 0.141 343.2 90.9 505.6 353.5 80
2021007955 0.141 215.2 198.7 489.9 351.2 80
2021007955 0.140 -3.6 219.0 213.3 368.0 80
2021007955 0.140 22.5 199.9 341.4 357.8 80
2021007955 0.139 99.2 181.4 406.7 336.2 80
2021007955 0.136 116.2 143.3 421.1 314.5 80
2021007955 0.135 273.9 133.6 494.2 333.7 80
2021007955 0.134 10.9 351.1 113.2 374.3 80
2021007955 0.133 72.2 95.8 398.6 371.3 80
2021007955 0.131 1.9 162.6 283.2 329.2 80
2021007955 0.129 166.6 248.8 228.8 298.7 80
2021007955 0.128 -161.7 2.8 324.8 36.8 80
2021007955 0.128 306.0 68.8 465.4 308.7 80
2021007955 0.127 247.2 77.4 463.3 303.1 80
2021007955 0.127 205.4 250.9 263.1 292.4 80
2021007955 0.127 212.4 151.6 451.4 301.3 80
2021007955 0.126 243.5 255.6 296.0 296.1 80
2021007955 0.118 253.0 195.0 391.1 278.0 80
2021007955 0.117 180.2 134.6 418.3 272.2 80
2021007955 0.115 20.7 0.1 517.5 108.6 80
2021007955 0.114 233.7 134.2 486.2 251.1 80
2021007955 0.114 112.5 108.4 410.9 207.2 80
2021007955 0.113 147.1 205.0 318.8 287.9 80
2021007955 0.113 1.3 346.9 499.4 374.2 10
2021007955 0.112 120.1 110.3 471.2 220.3 80
2021007955 0.111 25.2 72.2 415.7 162.3 80
2021007955 0.111 -10.8 124.7 307.4 251.1 80
2021007955 0.110 245.2 102.2 567.9 222.2 80
2021007955 0.110 -61.7 98.2 272.6 223.4 80
2021007955 0.108 -54.0 26.9 406.3 98.3 80
2021007955 0.107 98.4 23.9 580.5 111.6 80
2021007955 0.106 301.3 65.7 613.8 189.6 80
2021007955 0.105 -121.0 1.9 377.9 42.0 80
2021007955 0.103 144.5 6.7 641.4 61.7 80
2021007955 0.102 190.5 5.0 687.2 49.1 80
2021007955 0.094 -51.6 2.9 447.4 29.6 80
2021007955 0.093 -0.8 -1.0 93.9 63.4 14
2021007955 0.092 -0.9 0.3 498.1 29.0 80
2021007955 0.092 19.1 -0.8 518.1 21.8 80
2021007955 0.092 72.5 -1.3 571.5 28.8 80
2021007955 0.090 81.8 -2.1 580.8 22.4 80
2021007955 0.698 3.5 0.1 80.1 163.1 80
2021007955 0.696 480.7 162.1 499.5 243.0 80
2021007955 0.688 35.9 72.9 397.8 373.0 80
2021007955 0.676 77.0 100.1 364.4 366.8 80
2021007955 0.673 72.2 95.8 398.6 371.3 14
2021007955 0.669 4.8 -0.4 85.5 62.5 80
2021007955 0.664 -1.3 1.7 304.4 375.4 80
2021007955 0.662 47.9 10.2 451.2 331.5 80
2021007955 0.655 -0.8 -1.0 93.9 63.4 80
2021007955 0.654 54.7 60.6 431.9 376.4 80
2021007955 0.653 44.2 92.2 445.5 375.0 80
2021007955 0.640 261.4 337.4 499.4 374.7 80
2021007955 0.632 -0.7 0.3 97.3 372.9 80
2021007955 0.629 467.3 343.9 499.5 374.1 80
2021007955 0.625 459.5 220.2 500.0 344.2 80
2021007955 0.621 475.2 126.7 500.7 356.8 80
2021007955 0.604 -1.3 3.9 116.9 373.8 80
2021007955 0.584 452.8 81.4 498.6 140.4 80
2021007955 0.572 353.8 344.5 500.1 372.8 80
2021007955 0.566 487.4 64.9 500.5 306.0 80
2021007955 0.562 0.2 2.2 11.6 76.8 80
2021007955 0.560 7.7 4.5 246.6 375.3 80
2021007955 0.550 169.4 347.5 473.9 374.5 80
2021007955 0.547 1.1 248.6 10.2 365.2 80
2021007955 0.544 40.7 360.0 257.6 374.0 80
2021007955 0.533 77.3 0.7 154.0 13.8 80
2021007955 0.533 16.2 2.2 468.1 375.5 80
2021007955 0.511 48.5 357.3 360.8 373.5 80
2021007955 0.501 496.7 164.2 500.1 316.0 80
2021007955 0.490 -4.4 14.7 99.1 361.3 80
2021007955 0.488 0.7 -1.0 9.3 274.4 80
2021007955 0.481 115.4 1.9 438.6 371.1 80
2021007955 0.472 497.9 79.8 500.1 152.9 80
2021007955 0.470 52.1 351.1 470.8 373.7 80
2021007955 0.453 104.9 -0.2 192.8 10.2 80
2021007955 0.439 155.1 -0.2 232.7 7.8 80
2021007955 0.433 1.3 346.9 499.4 374.2 80
2021007955 0.431 -0.4 352.2 19.8 376.2 80
2021007955 0.381 489.4 5.1 500.2 359.0 80
2021007955 0.349 -7.4 -11.0 33.7 362.4 80
2021007955 0.322 165.7 357.7 413.6 375.4 80
2021007955 0.279 -0.0 17.0 5.0 338.8 80
2021007955 0.229 -3.0 30.8 94.2 366.6 80
2021007955 0.208 275.6 357.4 456.6 374.9 80
2021007955 0.207 51.0 111.9 314.5 346.8 80
2021007955 0.206 90.7 143.1 365.4 330.8 80
2021007955 0.206 -5.2 20.8 29.9 367.3 80
2021007955 0.180 437.1 -2.0 492.6 368.3 80
2021007955 0.179 465.7 82.1 500.2 372.7 80
2021007955 0.178 140.7 241.8 261.3 336.1 80
2021007955 0.178 38.4 143.6 392.3 337.2 80
2021007955 0.157 320.5 290.4 495.5 377.6 80
2021007955 0.155 -7.0 193.8 57.1 391.2 80
2021007955 0.155 5.6 58.2 209.9 350.9 80
2021007955 0.150 118.1 350.8 321.1 373.3 80
2021007955 0.150 16.2 2.2 468.1 375.5 14
2021007955 0.149 167.4 230.4 460.8 361.8 80
2021007955 0.147 86.9 229.4 427.4 367.2 80
2021007955 0.145 49.4 347.5 238.9 373.8 80
2021007955 0.141 343.2 90.9 505.6 353.5 80
2021007955 0.141 215.2 198.7 489.9 351.2 80
2021007955 0.140 -3.6 219.0 213.3 368.0 80
2021007955 0.140 22.5 199.9 341.4 357.8 80
2021007955 0.139 99.2 181.4 406.7 336.2 80
2021007955 0.136 116.2 143.3 421.1 314.5 80
2021007955 0.135 273.9 133.6 494.2 333.7 80
2021007955 0.134 10.9 351.1 113.2 374.3 80
2021007955 0.133 72.2 95.8 398.6 371.3 80
2021007955 0.131 1.9 162.6 283.2 329.2 80
2021007955 0.129 166.6 248.8 228.8 298.7 80
2021007955 0.128 -161.7 2.8 324.8 36.8 80
2021007955 0.128 306.0 68.8 465.4 308.7 80
2021007955 0.127 247.2 77.4 463.3 303.1 80
2021007955 0.127 205.4 250.9 263.1 292.4 80
2021007955 0.127 212.4 151.6 451.4 301.3 80
2021007955 0.126 243.5 255.6 296.0 296.1 80
2021007955 0.118 253.0 195.0 391.1 278.0 80
2021007955 0.117 180.2 134.6 418.3 272.2 80
2021007955 0.115 20.7 0.1 517.5 108.6 80
2021007955 0.114 233.7 134.2 486.2 251.1 80
2021007955 0.114 112.5 108.4 410.9 207.2 80
2021007955 0.113 147.1 205.0 318.8 287.9 80
2021007955 0.113 1.3 346.9 499.4 374.2 10
2021007955 0.112 120.1 110.3 471.2 220.3 80
2021007955 0.111 25.2 72.2 415.7 162.3 80
2021007955 0.111 -10.8 124.7 307.4 251.1 80
2021007955 0.110 245.2 102.2 567.9 222.2 80
2021007955 0.110 -61.7 98.2 272.6 223.4 80
2021007955 0.108 -54.0 26.9 406.3 98.3 80
2021007955 0.107 98.4 23.9 580.5 111.6 80
2021007955 0.106 301.3 65.7 613.8 189.6 80
2021007955 0.105 -121.0 1.9 377.9 42.0 80
2021007955 0.103 144.5 6.7 641.4 61.7 80
2021007955 0.102 190.5 5.0 687.2 49.1 80
2021007955 0.094 -51.6 2.9 447.4 29.6 80
2021007955 0.093 -0.8 -1.0 93.9 63.4 14
2021007955 0.092 -0.9 0.3 498.1 29.0 80
2021007955 0.092 19.1 -0.8 518.1 21.8 80
2021007955 0.092 72.5 -1.3 571.5 28.8 80
2021007955 0.090 81.8 -2.1 580.8 22.4 80
2021007955 0.000 242.0 73.2 372.7 227.7 80
2021007955 0.000 0.9 43.1 103.5 247.8 80
2021007955 0.000 143.7 135.9 210.3 202.4 80
2021007955 0.000 211.4 111.8 275.3 178.0 80
2021007955 0.000 371.0 109.2 486.3 268.7 80
2021007955 0.000 255.8 137.9 317.1 204.5 80
2021007955 0.000 156.6 31.4 304.0 211.6 80
2021007955 0.000 45.5 217.8 107.4 288.9 80
2021007955 0.000 136.3 82.3 207.6 151.5 80
2021007955 0.000 81.5 117.6 146.9 186.5 80
2021007955 0.000 197.9 51.8 272.4 119.8 80
2021007955 0.000 453.6 128.4 499.6 211.2 80
2021007955 0.000 387.8 97.3 461.7 164.2 80
2021007955 0.000 348.6 145.3 411.0 211.1 80
2021007955 0.000 136.9 218.3 201.8 292.7 80
2021007955 0.000 19.5 26.1 206.5 194.8 80
2021007955 0.000 1.5 201.3 48.0 285.0 80
2021007955 0.000 297.9 170.7 359.9 236.2 80
2021007955 0.000 453.4 192.9 499.6 275.6 80
2021007955 0.000 356.3 197.7 415.7 265.7 80
2021007955 0.000 313.5 100.9 376.2 167.7 80
2021007955 0.000 323.9 8.3 496.6 191.8 80
2021007955 0.000 287.5 132.8 485.8 257.7 80
2021007955 0.000 205.6 160.1 267.3 225.4 80
2021007955 0.000 0.9 125.8 102.1 357.9 80
2021007955 0.000 33.3 127.4 166.8 276.8 80
2021007955 0.000 1.0 151.5 47.1 234.6 80
2021007955 0.000 89.9 187.8 149.8 253.9 80
2021007955 0.000 449.0 54.1 499.7 153.4 80
2021007955 0.000 117.9 161.9 233.2 316.5 80
2021007955 0.000 218.0 251.8 286.7 331.9 80
2021007955 0.000 149.3 172.2 210.8 237.6 80
2021007955 0.000 410.1 176.6 474.8 242.3 80
2021007955 0.000 27.0 155.1 94.9 220.9 80
2021007955 0.000 323.9 218.2 384.1 295.1 80
2021007955 0.000 202.7 116.7 319.1 275.9 80
2021007955 0.000 177.6 56.6 471.2 267.4 80
2021007955 0.000 252.3 124.0 366.8 347.9 80
2021007955 0.000 0.5 90.4 51.3 173.8 80
2021007955 0.000 0.7 22.0 51.8 106.0 80
2021007955 0.000 46.4 108.1 284.6 258.9 80
2021007955 0.000 101.1 50.5 245.1 317.1 80
2021007955 0.000 255.5 3.7 329.5 73.3 80
2021007955 0.000 322.9 47.5 406.2 116.3 80
2021007955 0.000 43.3 21.4 383.8 258.4 80
2021007955 0.000 0.6 249.6 58.3 369.8 80
2021007955 0.000 178.6 220.3 238.0 300.5 80
2021007955 0.000 442.7 245.1 499.6 368.5 80
2021007955 0.000 398.6 113.5 499.6 355.5 80
2021007955 0.000 10.6 10.6 491.5 199.6 80
2021007955 0.000 258.6 42.4 428.2 311.1 80
2021007955 0.000 90.0 16.9 408.1 364.6 80
2021007955 0.000 256.1 169.2 365.6 301.9 80
2021007955 0.000 -2.4 5.4 286.1 371.6 80
2021007955 0.000 8.1 89.0 229.6 370.1 80
2021007955 0.000 0.7 22.9 146.6 363.6 80
2021007955 0.000 213.1 6.1 497.0 372.7 80
2021007955 0.000 131.2 78.4 368.1 365.5 80
2021007955 0.000 156.2 201.7 351.1 369.4 80
2021007955 0.000 170.3 106.4 310.3 353.3 80
2021007955 0.000 153.4 21.0 355.4 360.9 80
2021007955 0.000 357.6 18.1 500.9 361.1 80
2021007955 0.000 68.8 68.1 447.4 321.4 80
2021007955 0.000 177.0 8.2 417.9 127.1 80
2021007955 0.000 43.6 254.9 289.5 373.6 80
2021007955 0.000 2.3 68.4 366.1 369.3 80
2021007955 0.000 5.1 279.1 130.5 374.3 80
2021007955 0.000 12.0 183.0 185.2 365.8 80
2021007955 0.000 305.3 180.1 482.3 365.0 80
2021007955 0.000 220.0 199.0 278.3 264.7 80
2021007955 0.000 24.3 146.3 338.1 364.6 80
2021007955 0.000 2.5 1.3 412.8 373.0 80
2021007955 0.000 150.8 131.3 355.6 228.6 80
2021007955 0.000 274.3 86.1 490.6 373.1 80
2021007955 0.000 3.0 228.5 496.0 374.4 80
2021007955 0.000 220.7 257.3 474.7 373.5 80
2021007955 0.000 84.5 1.1 496.2 372.9 80
2021007955 0.000 158.6 67.8 495.0 371.2 80
2021007955 0.000 157.9 150.5 463.3 364.9 80
2021007955 0.000 362.6 245.1 494.3 368.9 80
2021007955 0.000 44.4 60.6 117.3 136.8 80
2021007955 0.000 129.9 101.9 365.9 294.0 80
2021007955 0.000 22.3 43.4 477.5 366.6 80
2021007955 0.000 60.2 142.4 409.5 272.0 80
2021007955 0.000 0.4 100.8 499.0 366.5 80
2021007955 0.000 244.0 202.0 298.7 273.9 80
2021007955 0.000 12.6 94.7 489.8 271.8 80
2021007955 0.000 0.8 0.3 499.7 373.9 80
2021007955 0.000 1.3 18.3 498.9 309.8 80
2021007955 0.000 286.3 250.3 340.8 319.0 80
2021007955 0.000 424.2 6.2 498.9 85.7 80
2021007955 0.000 12.6 94.7 489.8 271.8 0
2021007955 0.000 0.8 0.3 499.7 373.9 7
2021007955 0.000 8.1 89.0 229.6 370.1 14
2021007955 0.000 258.6 42.4 428.2 311.1 14
2021007955 0.000 101.1 50.5 245.1 317.1 14
2021007955 0.000 170.3 106.4 310.3 353.3 14
2021007955 0.000 274.3 86.1 490.6 373.1 14
2021007955 0.000 153.4 21.0 355.4 360.9 14
2021007955 0.000 213.1 6.1 497.0 372.7 14
