2021003804 0.732 -2.3 202.0 194.3 379.5 80
2021003804 0.724 -1.7 220.0 170.6 379.2 80
2021003804 0.723 2.7 214.2 129.9 374.8 80
2021003804 0.721 0.7 3.6 158.6 169.2 80
2021003804 0.707 109.8 3.0 313.2 170.0 80
2021003804 0.691 4.1 168.0 377.9 369.9 80
2021003804 0.690 110.7 64.5 154.0 155.4 80
2021003804 0.690 8.2 168.3 353.7 368.5 80
2021003804 0.684 130.6 183.4 365.1 311.2 80
2021003804 0.681 104.7 8.4 179.0 164.4 80
2021003804 0.680 103.1 3.8 462.0 218.1 80
2021003804 0.675 460.5 344.6 498.6 375.1 80
2021003804 0.674 104.9 9.3 167.3 162.0 80
2021003804 0.665 109.8 174.9 365.6 352.4 80
2021003804 0.662 109.6 -1.5 353.8 257.6 80
2021003804 0.656 126.4 180.5 364.3 288.7 80
2021003804 0.654 106.0 1.5 373.8 218.7 80
2021003804 0.653 232.5 3.6 501.1 277.1 80
2021003804 0.653 97.6 175.0 370.1 371.7 80
2021003804 0.641 -0.3 -0.2 346.6 373.8 80
2021003804 0.639 133.3 1.6 283.6 34.8 80
2021003804 0.638 108.4 3.8 491.0 240.4 80
2021003804 0.631 214.9 1.5 282.9 33.8 80
2021003804 0.627 114.6 2.1 335.5 194.9 80
2021003804 0.608 3.9 1.2 410.3 375.0 80
2021003804 0.598 119.4 14.1 508.0 283.0 80
2021003804 0.597 -7.1 160.1 479.5 370.9 80
2021003804 0.597 55.9 2.5 496.5 275.4 80
2021003804 0.596 494.5 133.8 500.2 264.2 80
2021003804 0.595 -2.1 170.4 444.9 373.6 80
2021003804 0.595 139.0 3.7 489.4 369.3 80
2021003804 0.574 477.2 259.9 502.3 378.5 80
2021003804 0.572 92.3 -4.9 487.8 340.1 80
2021003804 0.571 1.0 183.1 8.3 305.7 80
2021003804 0.565 496.5 58.9 500.2 170.6 80
2021003804 0.561 1.0 231.7 8.6 357.5 80
2021003804 0.560 495.5 186.2 500.4 359.1 80
2021003804 0.522 103.7 -0.5 493.7 371.4 80
2021003804 0.509 100.1 1.1 495.8 285.9 80
2021003804 0.505 32.6 8.0 378.3 288.0 80
2021003804 0.503 110.8 0.3 339.0 207.5 80
2021003804 0.495 103.2 0.6 495.6 332.9 80
2021003804 0.473 0.0 1.1 499.0 374.7 80
2021003804 0.470 -0.7 172.4 367.2 353.3 80
2021003804 0.447 0.4 -0.1 138.9 373.9 80
2021003804 0.447 2.6 0.9 497.6 374.8 80
2021003804 0.407 -5.5 169.3 382.9 372.7 80
2021003804 0.358 5.2 157.9 130.5 383.7 80
2021003804 0.346 497.6 11.2 500.4 263.9 80
2021003804 0.309 1.2 69.2 3.4 202.8 80
2021003804 0.282 497.3 63.5 500.4 345.5 80
2021003804 0.262 -1.4 -1.7 40.0 372.2 80
2021003804 0.262 1.0 6.8 4.1 89.8 80
2021003804 0.257 -0.1 309.0 11.2 378.5 80
2021003804 0.252 -5.5 169.3 382.9 372.7 14
2021003804 0.251 0.4 3.0 7.6 299.2 80
2021003804 0.250 0.2 39.2 9.4 349.9 80
2021003804 0.213 2.6 0.9 497.6 374.8 14
2021003804 0.211 3.8 32.3 357.4 332.2 80
2021003804 0.201 0.0 1.1 499.0 374.7 14
2021003804 0.189 110.8 0.3 339.0 207.5 14
2021003804 0.184 30.3 179.5 371.2 307.3 80
2021003804 0.173 485.0 37.1 505.0 405.9 80
2021003804 0.165 444.9 94.5 502.5 364.8 80
2021003804 0.160 118.1 363.0 391.1 377.5 80
2021003804 0.155 -13.5 234.4 324.7 377.4 80
2021003804 0.153 156.5 288.2 397.1 377.2 80
2021003804 0.152 337.4 362.0 465.8 378.1 80
2021003804 0.149 57.0 230.7 380.2 368.5 80
2021003804 0.147 321.3 202.8 503.9 365.1 80
2021003804 0.145 145.6 198.4 463.9 345.1 80
2021003804 0.145 132.5 347.0 356.1 377.2 80
2021003804 0.144 330.9 80.8 497.4 349.0 80
2021003804 0.142 100.1 1.1 495.8 285.9 14
2021003804 0.142 284.8 334.8 428.3 371.6 80
2021003804 0.139 399.7 351.8 501.0 373.8 80
2021003804 0.137 233.2 260.5 334.7 308.6 80
2021003804 0.134 215.2 192.7 483.4 335.5 80
2021003804 0.134 259.0 138.5 495.7 313.7 80
2021003804 0.134 103.7 -0.5 493.7 371.4 14
2021003804 0.129 -5.5 169.3 382.9 372.7 7
2021003804 0.128 186.4 143.7 470.3 295.0 80
2021003804 0.128 43.1 356.8 171.5 378.5 80
2021003804 0.127 -1.6 132.6 230.7 318.3 80
2021003804 0.127 7.3 71.8 268.1 307.9 80
2021003804 0.125 169.1 241.5 296.6 296.3 80
2021003804 0.123 261.4 354.0 384.7 375.8 80
2021003804 0.122 116.9 355.2 232.8 377.2 80
2021003804 0.121 74.9 -0.4 573.9 12.9 80
2021003804 0.120 55.9 2.5 496.5 275.4 14
2021003804 0.120 232.4 107.9 459.3 313.5 80
2021003804 0.118 -88.2 -3.7 410.8 17.6 80
2021003804 0.113 103.2 0.6 495.6 332.9 14
2021003804 0.112 -43.7 117.2 268.0 239.3 80
2021003804 0.111 150.4 43.8 586.3 175.6 80
2021003804 0.111 3.9 1.2 410.3 375.0 14
2021003804 0.110 256.3 142.2 588.2 266.0 80
2021003804 0.110 -76.7 95.8 213.8 196.0 80
2021003804 0.109 -114.1 26.9 193.7 89.1 80
2021003804 0.108 237.2 -2.2 736.1 17.2 80
2021003804 0.732 -2.3 202.0 194.3 379.5 80
2021003804 0.724 -1.7 220.0 170.6 379.2 80
2021003804 0.723 2.7 214.2 129.9 374.8 80
2021003804 0.721 0.7 3.6 158.6 169.2 80
2021003804 0.707 109.8 3.0 313.2 170.0 80
2021003804 0.691 4.1 168.0 377.9 369.9 80
2021003804 0.690 110.7 64.5 154.0 155.4 80
2021003804 0.690 8.2 168.3 353.7 368.5 80
2021003804 0.684 130.6 183.4 365.1 311.2 80
2021003804 0.681 104.7 8.4 179.0 164.4 80
2021003804 0.680 103.1 3.8 462.0 218.1 80
2021003804 0.675 460.5 344.6 498.6 375.1 80
2021003804 0.674 104.9 9.3 167.3 162.0 80
2021003804 0.665 109.8 174.9 365.6 352.4 80
2021003804 0.662 109.6 -1.5 353.8 257.6 80
2021003804 0.656 126.4 180.5 364.3 288.7 80
2021003804 0.654 106.0 1.5 373.8 218.7 80
2021003804 0.653 232.5 3.6 501.1 277.1 80
2021003804 0.653 97.6 175.0 370.1 371.7 80
2021003804 0.641 -0.3 -0.2 346.6 373.8 80
2021003804 0.639 133.3 1.6 283.6 34.8 80
2021003804 0.638 108.4 3.8 491.0 240.4 80
2021003804 0.631 214.9 1.5 282.9 33.8 80
2021003804 0.627 114.6 2.1 335.5 194.9 80
2021003804 0.608 3.9 1.2 410.3 375.0 80
2021003804 0.598 119.4 14.1 508.0 283.0 80
2021003804 0.597 -7.1 160.1 479.5 370.9 80
2021003804 0.597 55.9 2.5 496.5 275.4 80
2021003804 0.596 494.5 133.8 500.2 264.2 80
2021003804 0.595 -2.1 170.4 444.9 373.6 80
2021003804 0.595 139.0 3.7 489.4 369.3 80
2021003804 0.574 477.2 259.9 502.3 378.5 80
2021003804 0.572 92.3 -4.9 487.8 340.1 80
2021003804 0.571 1.0 183.1 8.3 305.7 80
2021003804 0.565 496.5 58.9 500.2 170.6 80
2021003804 0.561 1.0 231.7 8.6 357.5 80
2021003804 0.560 495.5 186.2 500.4 359.1 80
2021003804 0.522 103.7 -0.5 493.7 371.4 80
2021003804 0.509 100.1 1.1 495.8 285.9 80
2021003804 0.505 32.6 8.0 378.3 288.0 80
2021003804 0.503 110.8 0.3 339.0 207.5 80
2021003804 0.495 103.2 0.6 495.6 332.9 80
2021003804 0.473 0.0 1.1 499.0 374.7 80
2021003804 0.470 -0.7 172.4 367.2 353.3 80
2021003804 0.447 0.4 -0.1 138.9 373.9 80
2021003804 0.447 2.6 0.9 497.6 374.8 80
2021003804 0.407 -5.5 169.3 382.9 372.7 80
2021003804 0.358 5.2 157.9 130.5 383.7 80
2021003804 0.346 497.6 11.2 500.4 263.9 80
2021003804 0.309 1.2 69.2 3.4 202.8 80
2021003804 0.282 497.3 63.5 500.4 345.5 80
2021003804 0.262 -1.4 -1.7 40.0 372.2 80
2021003804 0.262 1.0 6.8 4.1 89.8 80
2021003804 0.257 -0.1 309.0 11.2 378.5 80
2021003804 0.252 -5.5 169.3 382.9 372.7 14
2021003804 0.251 0.4 3.0 7.6 299.2 80
2021003804 0.250 0.2 39.2 9.4 349.9 80
2021003804 0.213 2.6 0.9 497.6 374.8 14
2021003804 0.211 3.8 32.3 357.4 332.2 80
2021003804 0.201 0.0 1.1 499.0 374.7 14
2021003804 0.189 110.8 0.3 339.0 207.5 14
2021003804 0.184 30.3 179.5 371.2 307.3 80
2021003804 0.173 485.0 37.1 505.0 405.9 80
2021003804 0.165 444.9 94.5 502.5 364.8 80
2021003804 0.160 118.1 363.0 391.1 377.5 80
2021003804 0.155 -13.5 234.4 324.7 377.4 80
2021003804 0.153 156.5 288.2 397.1 377.2 80
2021003804 0.152 337.4 362.0 465.8 378.1 80
2021003804 0.149 57.0 230.7 380.2 368.5 80
2021003804 0.147 321.3 202.8 503.9 365.1 80
2021003804 0.145 145.6 198.4 463.9 345.1 80
2021003804 0.145 132.5 347.0 356.1 377.2 80
2021003804 0.144 330.9 80.8 497.4 349.0 80
2021003804 0.142 100.1 1.1 495.8 285.9 14
2021003804 0.142 284.8 334.8 428.3 371.6 80
2021003804 0.139 399.7 351.8 501.0 373.8 80
2021003804 0.137 233.2 260.5 334.7 308.6 80
2021003804 0.134 215.2 192.7 483.4 335.5 80
2021003804 0.134 259.0 138.5 495.7 313.7 80
2021003804 0.134 103.7 -0.5 493.7 371.4 14
2021003804 0.129 -5.5 169.3 382.9 372.7 7
2021003804 0.128 186.4 143.7 470.3 295.0 80
2021003804 0.128 43.1 356.8 171.5 378.5 80
2021003804 0.127 -1.6 132.6 230.7 318.3 80
2021003804 0.127 7.3 71.8 268.1 307.9 80
2021003804 0.125 169.1 241.5 296.6 296.3 80
2021003804 0.123 261.4 354.0 384.7 375.8 80
2021003804 0.122 116.9 355.2 232.8 377.2 80
2021003804 0.121 74.9 -0.4 573.9 12.9 80
2021003804 0.120 55.9 2.5 496.5 275.4 14
2021003804 0.120 232.4 107.9 459.3 313.5 80
2021003804 0.118 -88.2 -3.7 410.8 17.6 80
2021003804 0.113 103.2 0.6 495.6 332.9 14
2021003804 0.112 -43.7 117.2 268.0 239.3 80
2021003804 0.111 150.4 43.8 586.3 175.6 80
2021003804 0.111 3.9 1.2 410.3 375.0 14
2021003804 0.110 256.3 142.2 588.2 266.0 80
2021003804 0.110 -76.7 95.8 213.8 196.0 80
2021003804 0.109 -114.1 26.9 193.7 89.1 80
2021003804 0.108 237.2 -2.2 736.1 17.2 80
2021003804 0.000 242.0 73.2 372.7 227.7 80
2021003804 0.000 0.9 43.1 103.5 247.8 80
2021003804 0.000 143.7 135.9 210.3 202.4 80
2021003804 0.000 211.4 111.8 275.3 178.0 80
2021003804 0.000 371.0 109.2 486.3 268.7 80
2021003804 0.000 255.8 137.9 317.1 204.5 80
2021003804 0.000 156.6 31.4 304.0 211.6 80
2021003804 0.000 45.5 217.8 107.4 288.9 80
2021003804 0.000 136.3 82.3 207.6 151.5 80
2021003804 0.000 81.5 117.6 146.9 186.5 80
2021003804 0.000 197.9 51.8 272.4 119.8 80
2021003804 0.000 453.6 128.4 499.6 211.2 80
2021003804 0.000 387.8 97.3 461.7 164.2 80
2021003804 0.000 348.6 145.3 411.0 211.1 80
2021003804 0.000 136.9 218.3 201.8 292.7 80
2021003804 0.000 19.5 26.1 206.5 194.8 80
2021003804 0.000 1.5 201.3 48.0 285.0 80
2021003804 0.000 297.9 170.7 359.9 236.2 80
2021003804 0.000 453.4 192.9 499.6 275.6 80
2021003804 0.000 356.3 197.7 415.7 265.7 80
2021003804 0.000 313.5 100.9 376.2 167.7 80
2021003804 0.000 323.9 8.3 496.6 191.8 80
2021003804 0.000 287.5 132.8 485.8 257.7 80
2021003804 0.000 205.6 160.1 267.3 225.4 80
2021003804 0.000 0.9 125.8 102.1 357.9 80
2021003804 0.000 33.3 127.4 166.8 276.8 80
2021003804 0.000 1.0 151.5 47.1 234.6 80
2021003804 0.000 89.9 187.8 149.8 253.9 80
2021003804 0.000 449.0 54.1 499.7 153.4 80
2021003804 0.000 117.9 161.9 233.2 316.5 80
2021003804 0.000 218.0 251.8 286.7 331.9 80
2021003804 0.000 149.3 172.2 210.8 237.6 80
2021003804 0.000 410.1 176.6 474.8 242.3 80
2021003804 0.000 27.0 155.1 94.9 220.9 80
2021003804 0.000 323.9 218.2 384.1 295.1 80
2021003804 0.000 202.7 116.7 319.1 275.9 80
2021003804 0.000 177.6 56.6 471.2 267.4 80
2021003804 0.000 252.3 124.0 366.8 347.9 80
2021003804 0.000 0.5 90.4 51.3 173.8 80
2021003804 0.000 0.7 22.0 51.8 106.0 80
2021003804 0.000 46.4 108.1 284.6 258.9 80
2021003804 0.000 101.1 50.5 245.1 317.1 80
2021003804 0.000 255.5 3.7 329.5 73.3 80
2021003804 0.000 322.9 47.5 406.2 116.3 80
2021003804 0.000 43.3 21.4 383.8 258.4 80
2021003804 0.000 0.6 249.6 58.3 369.8 80
2021003804 0.000 178.6 220.3 238.0 300.5 80
2021003804 0.000 442.7 245.1 499.6 368.5 80
2021003804 0.000 398.6 113.5 499.6 355.5 80
2021003804 0.000 10.6 10.6 491.5 199.6 80
2021003804 0.000 258.6 42.4 428.2 311.1 80
2021003804 0.000 90.0 16.9 408.1 364.6 80
2021003804 0.000 256.1 169.2 365.6 301.9 80
2021003804 0.000 -2.4 5.4 286.1 371.6 80
2021003804 0.000 8.1 89.0 229.6 370.1 80
2021003804 0.000 0.7 22.9 146.6 363.6 80
2021003804 0.000 213.1 6.1 497.0 372.7 80
2021003804 0.000 131.2 78.4 368.1 365.5 80
2021003804 0.000 156.2 201.7 351.1 369.4 80
2021003804 0.000 170.3 106.4 310.3 353.3 80
2021003804 0.000 153.4 21.0 355.4 360.9 80
2021003804 0.000 357.6 18.1 500.9 361.1 80
2021003804 0.000 68.8 68.1 447.4 321.4 80
2021003804 0.000 177.0 8.2 417.9 127.1 80
2021003804 0.000 43.6 254.9 289.5 373.6 80
2021003804 0.000 2.3 68.4 366.1 369.3 80
2021003804 0.000 5.1 279.1 130.5 374.3 80
2021003804 0.000 12.0 183.0 185.2 365.8 80
2021003804 0.000 305.3 180.1 482.3 365.0 80
2021003804 0.000 220.0 199.0 278.3 264.7 80
2021003804 0.000 24.3 146.3 338.1 364.6 80
2021003804 0.000 2.5 1.3 412.8 373.0 80
2021003804 0.000 150.8 131.3 355.6 228.6 80
2021003804 0.000 274.3 86.1 490.6 373.1 80
2021003804 0.000 3.0 228.5 496.0 374.4 80
2021003804 0.000 220.7 257.3 474.7 373.5 80
2021003804 0.000 84.5 1.1 496.2 372.9 80
2021003804 0.000 158.6 67.8 495.0 371.2 80
2021003804 0.000 157.9 150.5 463.3 364.9 80
2021003804 0.000 362.6 245.1 494.3 368.9 80
2021003804 0.000 44.4 60.6 117.3 136.8 80
2021003804 0.000 129.9 101.9 365.9 294.0 80
2021003804 0.000 22.3 43.4 477.5 366.6 80
2021003804 0.000 60.2 142.4 409.5 272.0 80
2021003804 0.000 0.4 100.8 499.0 366.5 80
2021003804 0.000 244.0 202.0 298.7 273.9 80
2021003804 0.000 12.6 94.7 489.8 271.8 80
2021003804 0.000 0.8 0.3 499.7 373.9 80
2021003804 0.000 1.3 18.3 498.9 309.8 80
2021003804 0.000 286.3 250.3 340.8 319.0 80
2021003804 0.000 424.2 6.2 498.9 85.7 80
2021003804 0.000 12.6 94.7 489.8 271.8 0
2021003804 0.000 0.8 0.3 499.7 373.9 7
2021003804 0.000 8.1 89.0 229.6 370.1 14
2021003804 0.000 258.6 42.4 428.2 311.1 14
2021003804 0.000 101.1 50.5 245.1 317.1 14
2021003804 0.000 170.3 106.4 310.3 353.3 14
2021003804 0.000 274.3 86.1 490.6 373.1 14
2021003804 0.000 153.4 21.0 355.4 360.9 14
2021003804 0.000 213.1 6.1 497.0 372.7 14
