2021000000076731 0.787 609.7 359.1 640.5 405.4 80
2021000000076731 0.778 180.8 10.6 641.4 359.0 80
2021000000076731 0.772 57.5 118.9 587.3 343.7 80
2021000000076731 0.769 129.8 123.3 631.6 354.9 80
2021000000076731 0.765 424.3 -0.7 638.6 207.7 80
2021000000076731 0.764 6.5 95.5 645.4 394.1 80
2021000000076731 0.755 423.6 0.4 640.5 310.4 80
2021000000076731 0.749 635.8 175.8 640.3 399.3 80
2021000000076731 0.747 636.7 123.6 640.1 319.6 80
2021000000076731 0.744 2.4 0.9 640.4 403.9 80
2021000000076731 0.743 274.8 1.2 424.5 32.4 80
2021000000076731 0.739 438.2 0.6 637.4 54.7 80
2021000000076731 0.732 633.5 53.4 640.5 398.6 80
2021000000076731 0.728 634.4 0.3 639.9 40.2 80
2021000000076731 0.728 430.6 0.1 532.0 35.8 80
2021000000076731 0.727 1.0 210.8 3.8 249.3 80
2021000000076731 0.722 435.3 0.9 558.2 33.0 80
2021000000076731 0.720 282.0 1.6 336.3 31.0 80
2021000000076731 0.707 436.5 0.8 464.7 31.9 80
2021000000076731 0.703 0.9 223.1 2.6 282.5 80
