2021000000269682 0.605 588.6 461.0 638.3 478.8 80
2021000000269682 0.528 271.6 465.6 381.1 479.0 80
2021000000269682 0.525 370.4 462.3 430.9 477.8 80
2021000000269682 0.509 635.3 231.7 640.1 318.0 80
2021000000269682 0.508 464.0 467.8 564.8 479.7 80
2021000000269682 0.498 184.1 466.8 271.4 478.7 80
2021000000269682 0.495 90.9 468.0 200.6 479.4 80
2021000000269682 0.478 328.8 459.5 403.6 476.0 80
2021000000269682 0.442 636.4 329.3 640.4 403.5 80
2021000000269682 0.438 637.1 99.0 640.4 205.3 80
2021000000269682 0.301 225.8 465.1 350.6 478.5 80
2021000000269682 0.299 205.0 470.8 451.0 479.7 80
2021000000269682 0.249 638.3 104.3 640.3 290.3 80
2021000000269682 0.227 -5.5 450.5 43.8 484.7 80
2021000000269682 0.224 637.4 192.1 640.5 384.0 80
2021000000269682 0.217 0.4 61.7 4.2 198.0 80
2021000000269682 0.212 0.1 145.9 4.2 304.6 80
2021000000269682 0.210 0.1 262.4 5.7 429.4 80
2021000000269682 0.210 0.1 5.4 6.1 96.3 80
2021000000269682 0.208 522.0 464.9 642.3 479.1 80
2021000000269682 0.203 1.2 92.0 10.8 421.0 80
2021000000269682 0.203 1.0 57.3 9.7 289.4 80
2021000000269682 0.202 630.1 102.1 641.2 455.5 80
2021000000269682 0.191 613.5 420.1 649.8 468.7 80
2021000000269682 0.184 2.0 45.3 25.1 423.3 80
2021000000269682 0.174 600.7 165.9 642.8 458.1 80
2021000000269682 0.171 1.6 288.9 38.6 476.1 80
2021000000269682 0.162 96.7 454.3 240.0 477.8 80
2021000000269682 0.159 396.1 454.2 541.8 476.7 80
2021000000269682 0.155 267.4 377.2 529.9 469.8 80
2021000000269682 0.154 453.1 375.1 625.6 476.7 80
2021000000269682 0.153 19.8 453.3 126.3 478.8 80
2021000000269682 0.152 487.2 117.3 631.1 449.8 80
2021000000269682 0.149 577.8 156.8 628.5 412.5 80
2021000000269682 0.146 4.5 116.4 81.5 472.7 80
2021000000269682 0.146 30.0 331.1 192.5 476.6 80
2021000000269682 0.142 95.5 332.3 352.4 461.5 80
2021000000269682 0.141 165.2 337.9 498.7 461.2 80
2021000000269682 0.136 334.3 313.2 377.7 352.6 80
2021000000269682 0.135 167.9 295.0 491.3 440.0 80
2021000000269682 0.134 367.1 198.7 626.8 406.0 80
2021000000269682 0.133 294.0 265.9 611.5 431.3 80
2021000000269682 0.128 110.6 266.4 420.5 418.1 80
2021000000269682 0.127 193.3 221.7 539.8 383.9 80
2021000000269682 0.127 42.0 229.1 303.4 416.5 80
2021000000269682 0.126 143.7 249.2 508.5 385.8 80
2021000000269682 0.125 25.6 165.2 225.4 401.9 80
2021000000269682 0.125 267.3 211.1 586.2 367.3 80
2021000000269682 0.124 396.8 147.2 627.9 335.5 80
2021000000269682 0.124 277.4 286.8 333.9 336.3 80
2021000000269682 0.124 65.8 207.5 342.4 380.4 80
2021000000269682 0.123 145.5 224.5 462.1 375.1 80
2021000000269682 0.122 110.1 198.9 393.1 355.2 80
2021000000269682 0.122 144.6 167.3 496.2 316.4 80
2021000000269682 0.121 158.4 171.4 491.0 314.8 80
2021000000269682 0.120 36.4 274.0 96.8 359.8 80
2021000000269682 0.120 393.0 267.2 466.4 332.1 80
2021000000269682 0.119 192.6 246.7 280.5 311.6 80
2021000000269682 0.117 92.6 167.9 381.4 319.0 80
2021000000269682 0.117 114.8 225.5 240.3 297.4 80
2021000000269682 0.116 245.1 319.6 314.2 370.6 80
2021000000269682 0.116 251.9 151.3 441.7 224.7 80
2021000000269682 0.115 288.8 154.1 518.0 234.9 80
2021000000269682 0.115 294.8 188.7 571.3 319.9 80
2021000000269682 0.115 49.8 161.7 254.8 339.3 80
2021000000269682 0.114 249.2 197.0 535.8 324.8 80
2021000000269682 0.114 37.3 187.9 217.6 266.9 80
2021000000269682 0.114 358.8 152.9 618.0 242.6 80
2021000000269682 0.113 170.2 310.5 253.3 367.6 80
2021000000269682 0.113 -72.1 40.5 162.3 103.3 80
2021000000269682 0.112 411.1 145.1 664.9 241.8 80
2021000000269682 0.112 -21.7 133.1 169.1 213.5 80
2021000000269682 0.112 118.3 88.9 573.6 180.4 80
2021000000269682 0.112 89.0 71.0 503.6 148.6 80
2021000000269682 0.111 11.8 47.5 460.2 118.0 80
2021000000269682 0.110 366.8 250.6 564.9 342.2 80
2021000000269682 0.109 524.4 119.0 667.0 217.9 80
2021000000269682 0.109 224.8 244.6 436.2 342.0 80
2021000000269682 0.108 201.5 22.5 729.4 78.3 80
2021000000269682 0.107 74.4 232.3 228.6 340.8 80
2021000000269682 0.106 -136.9 9.8 486.4 47.6 80
2021000000269682 0.106 224.8 12.0 821.8 55.9 80
2021000000269682 0.105 -196.3 10.1 431.5 45.0 80
2021000000269682 0.104 58.4 3.6 697.3 40.2 80
2021000000269682 0.103 435.2 14.8 797.5 60.8 80
2021000000269682 0.103 257.7 8.9 882.1 44.0 80
2021000000269682 0.096 -0.7 1.6 638.3 32.7 80
2021000000269682 0.095 -62.5 2.2 576.5 34.3 80
2021000000269682 0.094 -212.2 -3.7 293.3 27.7 80
2021000000269682 0.093 90.0 1.3 729.0 33.1 80
2021000000269682 0.093 -49.6 -3.3 589.4 27.1 80
2021000000269682 0.093 -178.6 -1.2 460.3 29.0 80
2021000000269682 0.092 -238.3 2.0 400.2 31.5 80
2021000000269682 0.092 -119.9 0.7 519.0 31.7 80
2021000000269682 0.092 26.1 -3.2 665.1 28.2 80
2021000000269682 0.092 103.4 -3.3 742.3 26.7 80
2021000000269682 0.091 257.4 -1.0 896.3 30.1 80
2021000000269682 0.091 198.4 -0.8 837.3 31.1 80
2021000000269682 0.091 152.8 1.9 791.8 34.1 80
2021000000269682 0.090 298.4 1.7 936.9 33.7 80
2021000000269682 0.605 588.6 461.0 638.3 478.8 80
2021000000269682 0.528 271.6 465.6 381.1 479.0 80
2021000000269682 0.525 370.4 462.3 430.9 477.8 80
2021000000269682 0.509 635.3 231.7 640.1 318.0 80
2021000000269682 0.508 464.0 467.8 564.8 479.7 80
2021000000269682 0.498 184.1 466.8 271.4 478.7 80
2021000000269682 0.495 90.9 468.0 200.6 479.4 80
2021000000269682 0.478 328.8 459.5 403.6 476.0 80
2021000000269682 0.442 636.4 329.3 640.4 403.5 80
2021000000269682 0.438 637.1 99.0 640.4 205.3 80
2021000000269682 0.301 225.8 465.1 350.6 478.5 80
2021000000269682 0.299 205.0 470.8 451.0 479.7 80
2021000000269682 0.249 638.3 104.3 640.3 290.3 80
2021000000269682 0.227 -5.5 450.5 43.8 484.7 80
2021000000269682 0.224 637.4 192.1 640.5 384.0 80
2021000000269682 0.217 0.4 61.7 4.2 198.0 80
2021000000269682 0.212 0.1 145.9 4.2 304.6 80
2021000000269682 0.210 0.1 262.4 5.7 429.4 80
2021000000269682 0.210 0.1 5.4 6.1 96.3 80
2021000000269682 0.208 522.0 464.9 642.3 479.1 80
2021000000269682 0.203 1.2 92.0 10.8 421.0 80
2021000000269682 0.203 1.0 57.3 9.7 289.4 80
2021000000269682 0.202 630.1 102.1 641.2 455.5 80
2021000000269682 0.191 613.5 420.1 649.8 468.7 80
2021000000269682 0.184 2.0 45.3 25.1 423.3 80
2021000000269682 0.174 600.7 165.9 642.8 458.1 80
2021000000269682 0.171 1.6 288.9 38.6 476.1 80
2021000000269682 0.162 96.7 454.3 240.0 477.8 80
2021000000269682 0.159 396.1 454.2 541.8 476.7 80
2021000000269682 0.155 267.4 377.2 529.9 469.8 80
2021000000269682 0.154 453.1 375.1 625.6 476.7 80
2021000000269682 0.153 19.8 453.3 126.3 478.8 80
2021000000269682 0.152 487.2 117.3 631.1 449.8 80
2021000000269682 0.149 577.8 156.8 628.5 412.5 80
2021000000269682 0.146 4.5 116.4 81.5 472.7 80
2021000000269682 0.146 30.0 331.1 192.5 476.6 80
2021000000269682 0.142 95.5 332.3 352.4 461.5 80
2021000000269682 0.141 165.2 337.9 498.7 461.2 80
2021000000269682 0.136 334.3 313.2 377.7 352.6 80
2021000000269682 0.135 167.9 295.0 491.3 440.0 80
2021000000269682 0.134 367.1 198.7 626.8 406.0 80
2021000000269682 0.133 294.0 265.9 611.5 431.3 80
2021000000269682 0.128 110.6 266.4 420.5 418.1 80
2021000000269682 0.127 193.3 221.7 539.8 383.9 80
2021000000269682 0.127 42.0 229.1 303.4 416.5 80
2021000000269682 0.126 143.7 249.2 508.5 385.8 80
2021000000269682 0.125 25.6 165.2 225.4 401.9 80
2021000000269682 0.125 267.3 211.1 586.2 367.3 80
2021000000269682 0.124 396.8 147.2 627.9 335.5 80
2021000000269682 0.124 277.4 286.8 333.9 336.3 80
2021000000269682 0.124 65.8 207.5 342.4 380.4 80
2021000000269682 0.123 145.5 224.5 462.1 375.1 80
2021000000269682 0.122 110.1 198.9 393.1 355.2 80
2021000000269682 0.122 144.6 167.3 496.2 316.4 80
2021000000269682 0.121 158.4 171.4 491.0 314.8 80
2021000000269682 0.120 36.4 274.0 96.8 359.8 80
2021000000269682 0.120 393.0 267.2 466.4 332.1 80
2021000000269682 0.119 192.6 246.7 280.5 311.6 80
2021000000269682 0.117 92.6 167.9 381.4 319.0 80
2021000000269682 0.117 114.8 225.5 240.3 297.4 80
2021000000269682 0.116 245.1 319.6 314.2 370.6 80
2021000000269682 0.116 251.9 151.3 441.7 224.7 80
2021000000269682 0.115 288.8 154.1 518.0 234.9 80
2021000000269682 0.115 294.8 188.7 571.3 319.9 80
2021000000269682 0.115 49.8 161.7 254.8 339.3 80
2021000000269682 0.114 249.2 197.0 535.8 324.8 80
2021000000269682 0.114 37.3 187.9 217.6 266.9 80
2021000000269682 0.114 358.8 152.9 618.0 242.6 80
2021000000269682 0.113 170.2 310.5 253.3 367.6 80
2021000000269682 0.113 -72.1 40.5 162.3 103.3 80
2021000000269682 0.112 411.1 145.1 664.9 241.8 80
2021000000269682 0.112 -21.7 133.1 169.1 213.5 80
2021000000269682 0.112 118.3 88.9 573.6 180.4 80
2021000000269682 0.112 89.0 71.0 503.6 148.6 80
2021000000269682 0.111 11.8 47.5 460.2 118.0 80
2021000000269682 0.110 366.8 250.6 564.9 342.2 80
2021000000269682 0.109 524.4 119.0 667.0 217.9 80
2021000000269682 0.109 224.8 244.6 436.2 342.0 80
2021000000269682 0.108 201.5 22.5 729.4 78.3 80
2021000000269682 0.107 74.4 232.3 228.6 340.8 80
2021000000269682 0.106 -136.9 9.8 486.4 47.6 80
2021000000269682 0.106 224.8 12.0 821.8 55.9 80
2021000000269682 0.105 -196.3 10.1 431.5 45.0 80
2021000000269682 0.104 58.4 3.6 697.3 40.2 80
2021000000269682 0.103 435.2 14.8 797.5 60.8 80
2021000000269682 0.103 257.7 8.9 882.1 44.0 80
2021000000269682 0.096 -0.7 1.6 638.3 32.7 80
2021000000269682 0.095 -62.5 2.2 576.5 34.3 80
2021000000269682 0.094 -212.2 -3.7 293.3 27.7 80
2021000000269682 0.093 90.0 1.3 729.0 33.1 80
2021000000269682 0.093 -49.6 -3.3 589.4 27.1 80
2021000000269682 0.093 -178.6 -1.2 460.3 29.0 80
2021000000269682 0.092 -238.3 2.0 400.2 31.5 80
2021000000269682 0.092 -119.9 0.7 519.0 31.7 80
2021000000269682 0.092 26.1 -3.2 665.1 28.2 80
2021000000269682 0.092 103.4 -3.3 742.3 26.7 80
2021000000269682 0.091 257.4 -1.0 896.3 30.1 80
2021000000269682 0.091 198.4 -0.8 837.3 31.1 80
2021000000269682 0.091 152.8 1.9 791.8 34.1 80
2021000000269682 0.090 298.4 1.7 936.9 33.7 80
2021000000269682 0.000 309.5 93.5 477.1 291.4 80
2021000000269682 0.000 0.9 54.9 132.5 317.2 80
2021000000269682 0.000 183.6 173.7 269.1 259.1 80
2021000000269682 0.000 270.3 142.8 352.4 227.9 80
2021000000269682 0.000 474.6 139.5 622.4 344.0 80
2021000000269682 0.000 327.1 176.3 405.8 261.8 80
2021000000269682 0.000 200.2 40.0 389.1 270.9 80
2021000000269682 0.000 57.9 278.5 137.4 369.8 80
2021000000269682 0.000 174.2 105.0 265.7 193.9 80
2021000000269682 0.000 104.1 150.3 188.1 238.7 80
2021000000269682 0.000 253.0 66.1 348.6 153.4 80
2021000000269682 0.000 580.3 164.1 639.5 270.3 80
2021000000269682 0.000 496.1 124.2 591.0 210.2 80
2021000000269682 0.000 446.0 185.7 526.1 270.2 80
2021000000269682 0.000 174.9 279.1 258.3 374.7 80
2021000000269682 0.000 24.7 33.1 264.3 249.3 80
2021000000269682 0.000 1.6 257.4 61.5 364.8 80
2021000000269682 0.000 381.1 218.2 460.6 302.3 80
2021000000269682 0.000 580.1 246.6 639.5 352.7 80
2021000000269682 0.000 455.8 252.8 532.1 340.1 80
2021000000269682 0.000 401.0 128.9 481.6 214.7 80
2021000000269682 0.000 414.3 10.4 635.7 245.5 80
2021000000269682 0.000 367.7 169.8 621.8 329.9 80
2021000000269682 0.000 262.9 204.7 342.1 288.5 80
2021000000269682 0.000 0.8 160.8 130.7 458.1 80
2021000000269682 0.000 42.4 162.8 213.5 354.3 80
2021000000269682 0.000 1.0 193.6 60.2 300.2 80
2021000000269682 0.000 114.8 240.1 191.7 325.0 80
2021000000269682 0.000 574.5 68.9 639.7 196.4 80
2021000000269682 0.000 150.7 207.0 298.4 405.1 80
2021000000269682 0.000 278.8 322.1 366.9 424.9 80
2021000000269682 0.000 190.8 220.1 269.9 304.2 80
2021000000269682 0.000 524.6 225.8 607.8 310.2 80
2021000000269682 0.000 34.3 198.2 121.5 282.7 80
2021000000269682 0.000 414.3 279.0 491.7 377.7 80
2021000000269682 0.000 259.2 149.1 408.4 353.2 80
2021000000269682 0.000 227.0 72.1 603.2 342.2 80
2021000000269682 0.000 322.7 158.4 469.5 445.3 80
2021000000269682 0.000 0.3 115.4 65.7 222.4 80
2021000000269682 0.000 0.6 27.9 66.3 135.7 80
2021000000269682 0.000 59.2 138.1 364.3 331.4 80
2021000000269682 0.000 129.1 64.4 313.7 405.8 80
2021000000269682 0.000 326.8 4.4 421.7 93.9 80
2021000000269682 0.000 413.0 60.5 519.9 148.9 80
2021000000269682 0.000 55.1 27.1 491.3 330.7 80
2021000000269682 0.000 0.6 319.1 74.7 473.3 80
2021000000269682 0.000 228.3 281.8 304.6 384.6 80
2021000000269682 0.000 566.4 313.4 639.5 471.7 80
2021000000269682 0.000 510.0 145.0 639.5 455.1 80
2021000000269682 0.000 13.2 13.3 629.1 255.5 80
2021000000269682 0.000 330.7 54.0 548.1 398.2 80
2021000000269682 0.000 114.9 21.3 522.3 466.7 80
2021000000269682 0.000 327.6 216.2 468.0 386.5 80
2021000000269682 0.000 -3.3 6.7 366.2 475.7 80
2021000000269682 0.000 10.1 113.6 294.0 473.7 80
2021000000269682 0.000 0.6 29.0 187.7 465.4 80
2021000000269682 0.000 272.5 7.6 636.2 477.0 80
2021000000269682 0.000 167.6 100.1 471.2 467.9 80
2021000000269682 0.000 199.6 258.0 449.4 472.8 80
2021000000269682 0.000 217.7 135.9 397.2 452.2 80
2021000000269682 0.000 196.0 26.6 455.0 461.9 80
2021000000269682 0.000 457.4 22.9 641.1 462.3 80
2021000000269682 0.000 87.7 86.9 572.7 411.4 80
2021000000269682 0.000 226.3 10.3 534.9 162.7 80
2021000000269682 0.000 55.5 326.0 370.6 478.2 80
2021000000269682 0.000 2.7 87.3 468.6 472.6 80
2021000000269682 0.000 6.3 357.0 167.0 479.1 80
2021000000269682 0.000 15.1 234.0 237.0 468.2 80
2021000000269682 0.000 390.5 230.2 617.4 467.3 80
2021000000269682 0.000 281.3 254.4 356.3 338.8 80
2021000000269682 0.000 30.8 187.0 432.8 466.7 80
2021000000269682 0.000 2.9 1.4 528.4 477.4 80
2021000000269682 0.000 192.8 167.8 455.2 292.6 80
2021000000269682 0.000 350.8 109.9 628.0 477.5 80
2021000000269682 0.000 3.6 292.2 634.8 479.2 80
2021000000269682 0.000 282.2 329.1 607.6 478.1 80
2021000000269682 0.000 107.9 1.1 635.1 477.3 80
2021000000269682 0.000 202.7 86.5 633.6 475.1 80
2021000000269682 0.000 201.8 192.4 593.0 467.1 80
2021000000269682 0.000 463.8 313.5 632.7 472.2 80
2021000000269682 0.000 56.5 77.3 150.1 175.0 80
2021000000269682 0.000 166.0 130.1 468.3 376.3 80
2021000000269682 0.000 28.3 55.2 611.2 469.2 80
2021000000269682 0.000 76.8 181.9 524.2 348.1 80
2021000000269682 0.000 0.2 128.8 638.7 469.2 80
2021000000269682 0.000 312.1 258.2 382.3 350.5 80
2021000000269682 0.000 15.9 120.9 627.0 347.9 80
2021000000269682 0.000 0.8 0.1 639.6 478.6 80
2021000000269682 0.000 1.4 23.1 638.5 396.5 80
2021000000269682 0.000 366.2 320.1 436.2 408.4 80
2021000000269682 0.000 542.7 7.6 638.5 109.6 80
2021000000269682 0.000 15.9 120.9 627.0 347.9 0
2021000000269682 0.000 0.8 0.1 639.6 478.6 7
2021000000269682 0.000 10.1 113.6 294.0 473.7 14
2021000000269682 0.000 330.7 54.0 548.1 398.2 14
2021000000269682 0.000 129.1 64.4 313.7 405.8 14
2021000000269682 0.000 217.7 135.9 397.2 452.2 14
2021000000269682 0.000 350.8 109.9 628.0 477.5 14
2021000000269682 0.000 196.0 26.6 455.0 461.9 14
2021000000269682 0.000 272.5 7.6 636.2 477.0 14
