2021000000212453 0.719 91.3 396.2 167.1 474.6 80
2021000000212453 0.717 66.7 185.0 291.0 460.5 80
2021000000212453 0.716 143.1 212.4 346.4 472.6 80
2021000000212453 0.712 431.4 322.8 469.3 399.0 80
2021000000212453 0.710 373.8 302.5 474.6 607.1 80
2021000000212453 0.710 175.1 224.6 341.7 480.9 80
2021000000212453 0.708 46.6 348.1 98.5 444.6 80
2021000000212453 0.707 112.7 110.3 367.1 328.7 80
2021000000212453 0.706 25.7 387.3 164.0 605.2 80
2021000000212453 0.698 36.9 153.0 164.4 495.2 80
2021000000212453 0.693 72.4 155.0 372.3 474.8 80
2021000000212453 0.690 101.9 311.7 166.6 420.0 80
2021000000212453 0.678 54.2 419.1 100.8 490.3 80
2021000000212453 0.675 83.4 111.8 142.9 223.3 14
2021000000212453 0.675 93.7 279.0 339.7 466.0 80
2021000000212453 0.674 2.3 350.5 479.6 633.3 80
2021000000212453 0.673 419.4 -6.6 475.9 359.9 80
2021000000212453 0.672 157.9 235.1 203.5 301.5 80
2021000000212453 0.665 7.5 446.4 270.0 636.5 80
2021000000212453 0.661 80.7 274.2 479.3 628.1 80
2021000000212453 0.660 449.8 416.7 479.2 621.7 80
2021000000212453 0.659 145.0 111.9 204.3 209.0 80
2021000000212453 0.652 214.3 375.5 461.3 632.2 80
2021000000212453 0.648 204.3 82.5 257.9 184.3 80
2021000000212453 0.647 91.6 225.1 148.5 313.9 80
2021000000212453 0.646 23.1 3.4 448.4 641.2 80
2021000000212453 0.646 93.1 267.0 229.1 545.8 80
2021000000212453 0.645 110.5 320.1 153.7 389.3 80
2021000000212453 0.645 146.0 108.3 200.1 214.3 80
2021000000212453 0.645 356.9 -5.8 479.5 548.5 80
2021000000212453 0.640 2.9 429.8 46.3 533.2 80
2021000000212453 0.638 155.4 212.0 208.4 309.3 14
2021000000212453 0.638 94.0 219.9 150.6 316.8 14
2021000000212453 0.637 458.9 16.8 480.9 168.2 80
2021000000212453 0.636 23.1 236.7 90.5 399.2 80
2021000000212453 0.633 208.6 107.0 259.2 200.3 80
2021000000212453 0.631 179.0 2.8 460.9 641.5 80
2021000000212453 0.626 257.3 14.8 315.7 121.5 80
2021000000212453 0.625 -0.9 339.0 39.3 441.4 80
2021000000212453 0.625 265.3 204.8 311.7 293.8 80
2021000000212453 0.624 197.6 332.5 463.3 636.1 80
2021000000212453 0.616 -2.3 496.4 476.2 638.4 80
2021000000212453 0.611 1.3 426.9 50.7 527.3 80
2021000000212453 0.601 460.4 578.0 481.3 636.0 80
2021000000212453 0.598 452.0 -22.6 480.5 489.9 80
2021000000212453 0.586 191.8 317.8 343.2 487.8 80
2021000000212453 0.584 -4.6 500.7 295.4 639.7 80
2021000000212453 0.582 209.3 211.5 265.9 304.4 80
2021000000212453 0.572 87.0 99.8 127.6 207.3 80
2021000000212453 0.572 0.5 246.1 29.2 339.5 80
2021000000212453 0.571 475.1 292.0 480.4 407.7 80
2021000000212453 0.570 100.3 0.8 196.3 95.2 80
2021000000212453 0.568 10.2 504.1 266.8 639.8 80
2021000000212453 0.564 212.4 210.9 268.0 298.6 80
2021000000212453 0.559 461.1 127.9 481.8 646.9 80
2021000000212453 0.553 0.5 6.4 62.3 123.7 80
2021000000212453 0.552 -0.4 491.6 230.4 644.9 80
2021000000212453 0.547 475.8 69.0 480.1 282.3 80
2021000000212453 0.546 266.2 108.0 307.2 195.5 80
2021000000212453 0.542 44.3 329.1 92.8 412.1 80
2021000000212453 0.542 -0.2 335.8 35.1 432.9 80
2021000000212453 0.528 145.6 -1.2 196.3 103.9 14
2021000000212453 0.524 476.5 390.5 480.4 569.4 80
2021000000212453 0.510 199.6 -1.0 258.5 106.1 14
2021000000212453 0.508 7.8 112.5 71.3 224.6 14
2021000000212453 0.499 200.3 332.2 468.4 641.0 8
2021000000212453 0.493 366.5 -22.8 477.0 603.2 80
2021000000212453 0.491 26.8 225.7 88.8 329.3 14
2021000000212453 0.481 146.1 307.9 204.9 459.1 80
2021000000212453 0.471 69.4 -3.1 132.8 113.0 14
2021000000212453 0.464 2.1 5.3 51.5 222.4 80
2021000000212453 0.453 0.9 142.3 9.8 269.0 80
2021000000212453 0.448 104.2 316.2 158.9 404.4 80
2021000000212453 0.440 145.1 108.9 203.9 216.5 14
2021000000212453 0.422 -1.6 -1.2 62.3 114.3 80
2021000000212453 0.419 266.9 206.3 308.2 286.0 80
2021000000212453 0.407 262.8 -0.9 315.2 90.8 80
2021000000212453 0.376 267.9 105.2 310.5 197.9 80
2021000000212453 0.362 1.2 447.7 12.5 644.0 80
2021000000212453 0.356 201.0 103.7 259.7 204.8 14
2021000000212453 0.299 262.8 -0.9 315.2 90.8 14
2021000000212453 0.294 267.9 105.2 310.5 197.9 14
2021000000212453 0.292 -1.6 -1.2 62.3 114.3 14
2021000000212453 0.290 201.0 103.7 259.7 204.8 80
2021000000212453 0.253 43.6 617.6 425.5 641.6 80
2021000000212453 0.252 145.1 108.9 203.9 216.5 80
2021000000212453 0.248 2.1 5.3 51.5 222.4 14
2021000000212453 0.240 380.9 75.5 467.2 646.4 80
2021000000212453 0.237 69.4 -3.1 132.8 113.0 80
2021000000212453 0.231 266.9 206.3 308.2 286.0 14
2021000000212453 0.204 203.0 582.4 457.4 650.8 80
2021000000212453 0.203 7.8 112.5 71.3 224.6 80
2021000000212453 0.202 376.4 552.3 487.1 647.9 80
2021000000212453 0.199 26.8 225.7 88.8 329.3 80
2021000000212453 0.194 199.6 -1.0 258.5 106.1 80
2021000000212453 0.193 183.5 298.4 377.5 609.8 80
2021000000212453 0.184 146.1 307.9 204.9 459.1 14
2021000000212453 0.180 267.4 363.6 484.9 625.7 80
2021000000212453 0.172 104.2 316.2 158.9 404.4 14
2021000000212453 0.171 0.9 142.3 9.8 269.0 14
2021000000212453 0.719 91.3 396.2 167.1 474.6 80
2021000000212453 0.717 66.7 185.0 291.0 460.5 80
2021000000212453 0.716 143.1 212.4 346.4 472.6 80
2021000000212453 0.712 431.4 322.8 469.3 399.0 80
2021000000212453 0.710 373.8 302.5 474.6 607.1 80
2021000000212453 0.710 175.1 224.6 341.7 480.9 80
2021000000212453 0.708 46.6 348.1 98.5 444.6 80
2021000000212453 0.707 112.7 110.3 367.1 328.7 80
2021000000212453 0.706 25.7 387.3 164.0 605.2 80
2021000000212453 0.698 36.9 153.0 164.4 495.2 80
2021000000212453 0.693 72.4 155.0 372.3 474.8 80
2021000000212453 0.690 101.9 311.7 166.6 420.0 80
2021000000212453 0.678 54.2 419.1 100.8 490.3 80
2021000000212453 0.675 83.4 111.8 142.9 223.3 14
2021000000212453 0.675 93.7 279.0 339.7 466.0 80
2021000000212453 0.674 2.3 350.5 479.6 633.3 80
2021000000212453 0.673 419.4 -6.6 475.9 359.9 80
2021000000212453 0.672 157.9 235.1 203.5 301.5 80
2021000000212453 0.665 7.5 446.4 270.0 636.5 80
2021000000212453 0.661 80.7 274.2 479.3 628.1 80
2021000000212453 0.660 449.8 416.7 479.2 621.7 80
2021000000212453 0.659 145.0 111.9 204.3 209.0 80
2021000000212453 0.652 214.3 375.5 461.3 632.2 80
2021000000212453 0.648 204.3 82.5 257.9 184.3 80
2021000000212453 0.647 91.6 225.1 148.5 313.9 80
2021000000212453 0.646 23.1 3.4 448.4 641.2 80
2021000000212453 0.646 93.1 267.0 229.1 545.8 80
2021000000212453 0.645 110.5 320.1 153.7 389.3 80
2021000000212453 0.645 146.0 108.3 200.1 214.3 80
2021000000212453 0.645 356.9 -5.8 479.5 548.5 80
2021000000212453 0.640 2.9 429.8 46.3 533.2 80
2021000000212453 0.638 155.4 212.0 208.4 309.3 14
2021000000212453 0.638 94.0 219.9 150.6 316.8 14
2021000000212453 0.637 458.9 16.8 480.9 168.2 80
2021000000212453 0.636 23.1 236.7 90.5 399.2 80
2021000000212453 0.633 208.6 107.0 259.2 200.3 80
2021000000212453 0.631 179.0 2.8 460.9 641.5 80
2021000000212453 0.626 257.3 14.8 315.7 121.5 80
2021000000212453 0.625 -0.9 339.0 39.3 441.4 80
2021000000212453 0.625 265.3 204.8 311.7 293.8 80
2021000000212453 0.624 197.6 332.5 463.3 636.1 80
2021000000212453 0.616 -2.3 496.4 476.2 638.4 80
2021000000212453 0.611 1.3 426.9 50.7 527.3 80
2021000000212453 0.601 460.4 578.0 481.3 636.0 80
2021000000212453 0.598 452.0 -22.6 480.5 489.9 80
2021000000212453 0.586 191.8 317.8 343.2 487.8 80
2021000000212453 0.584 -4.6 500.7 295.4 639.7 80
2021000000212453 0.582 209.3 211.5 265.9 304.4 80
2021000000212453 0.572 87.0 99.8 127.6 207.3 80
2021000000212453 0.572 0.5 246.1 29.2 339.5 80
2021000000212453 0.571 475.1 292.0 480.4 407.7 80
2021000000212453 0.570 100.3 0.8 196.3 95.2 80
2021000000212453 0.568 10.2 504.1 266.8 639.8 80
2021000000212453 0.564 212.4 210.9 268.0 298.6 80
2021000000212453 0.559 461.1 127.9 481.8 646.9 80
2021000000212453 0.553 0.5 6.4 62.3 123.7 80
2021000000212453 0.552 -0.4 491.6 230.4 644.9 80
2021000000212453 0.547 475.8 69.0 480.1 282.3 80
2021000000212453 0.546 266.2 108.0 307.2 195.5 80
2021000000212453 0.542 44.3 329.1 92.8 412.1 80
2021000000212453 0.542 -0.2 335.8 35.1 432.9 80
2021000000212453 0.528 145.6 -1.2 196.3 103.9 14
2021000000212453 0.524 476.5 390.5 480.4 569.4 80
2021000000212453 0.510 199.6 -1.0 258.5 106.1 14
2021000000212453 0.508 7.8 112.5 71.3 224.6 14
2021000000212453 0.499 200.3 332.2 468.4 641.0 8
2021000000212453 0.493 366.5 -22.8 477.0 603.2 80
2021000000212453 0.491 26.8 225.7 88.8 329.3 14
2021000000212453 0.481 146.1 307.9 204.9 459.1 80
2021000000212453 0.471 69.4 -3.1 132.8 113.0 14
2021000000212453 0.464 2.1 5.3 51.5 222.4 80
2021000000212453 0.453 0.9 142.3 9.8 269.0 80
2021000000212453 0.448 104.2 316.2 158.9 404.4 80
2021000000212453 0.440 145.1 108.9 203.9 216.5 14
2021000000212453 0.422 -1.6 -1.2 62.3 114.3 80
2021000000212453 0.419 266.9 206.3 308.2 286.0 80
2021000000212453 0.407 262.8 -0.9 315.2 90.8 80
2021000000212453 0.376 267.9 105.2 310.5 197.9 80
2021000000212453 0.362 1.2 447.7 12.5 644.0 80
2021000000212453 0.356 201.0 103.7 259.7 204.8 14
2021000000212453 0.299 262.8 -0.9 315.2 90.8 14
2021000000212453 0.294 267.9 105.2 310.5 197.9 14
2021000000212453 0.292 -1.6 -1.2 62.3 114.3 14
2021000000212453 0.290 201.0 103.7 259.7 204.8 80
2021000000212453 0.253 43.6 617.6 425.5 641.6 80
2021000000212453 0.252 145.1 108.9 203.9 216.5 80
2021000000212453 0.248 2.1 5.3 51.5 222.4 14
2021000000212453 0.240 380.9 75.5 467.2 646.4 80
2021000000212453 0.237 69.4 -3.1 132.8 113.0 80
2021000000212453 0.231 266.9 206.3 308.2 286.0 14
2021000000212453 0.204 203.0 582.4 457.4 650.8 80
2021000000212453 0.203 7.8 112.5 71.3 224.6 80
2021000000212453 0.202 376.4 552.3 487.1 647.9 80
2021000000212453 0.199 26.8 225.7 88.8 329.3 80
2021000000212453 0.194 199.6 -1.0 258.5 106.1 80
2021000000212453 0.193 183.5 298.4 377.5 609.8 80
2021000000212453 0.184 146.1 307.9 204.9 459.1 14
2021000000212453 0.180 267.4 363.6 484.9 625.7 80
2021000000212453 0.172 104.2 316.2 158.9 404.4 14
2021000000212453 0.171 0.9 142.3 9.8 269.0 14
2021000000212453 0.000 350.7 176.3 473.3 445.3 80
2021000000212453 0.000 4.3 217.5 188.6 454.9 80
2021000000212453 0.000 203.8 131.4 398.0 327.8 80
2021000000212453 0.000 132.4 60.2 318.4 321.1 80
2021000000212453 0.000 262.8 240.6 480.3 433.0 80
2021000000212453 0.000 0.5 50.6 98.8 424.7 80
2021000000212453 0.000 432.3 108.5 479.8 249.8 80
2021000000212453 0.000 189.1 276.0 266.3 386.6 80
2021000000212453 0.000 0.5 220.5 98.8 608.4 80
2021000000212453 0.000 0.3 255.7 45.8 399.0 80
2021000000212453 0.000 79.5 322.1 151.2 434.8 80
2021000000212453 0.000 434.9 326.0 479.8 473.2 80
2021000000212453 0.000 435.3 217.9 479.7 361.3 80
2021000000212453 0.000 152.3 90.8 471.8 472.3 80
2021000000212453 0.000 127.8 233.5 212.9 344.4 80
2021000000212453 0.000 386.1 302.3 463.6 414.1 80
2021000000212453 0.000 1.5 343.2 46.1 486.6 80
2021000000212453 0.000 16.8 264.9 100.7 376.1 80
2021000000212453 0.000 132.2 294.3 214.3 404.6 80
2021000000212453 0.000 425.7 426.5 479.0 621.8 80
2021000000212453 0.000 25.1 182.6 292.7 449.0 80
2021000000212453 0.000 232.9 237.9 318.5 347.3 80
2021000000212453 0.000 274.7 294.9 358.2 404.2 80
2021000000212453 0.000 191.2 191.4 276.9 302.0 80
2021000000212453 0.000 306.6 4.8 485.1 318.3 80
2021000000212453 0.000 322.0 251.8 408.6 360.8 80
2021000000212453 0.000 381.9 200.3 480.3 604.6 80
2021000000212453 0.000 66.5 205.4 154.2 315.1 80
2021000000212453 0.000 333.1 347.2 410.9 457.5 80
2021000000212453 0.000 0.3 35.8 50.1 180.4 80
2021000000212453 0.000 232.0 80.9 431.4 526.2 80
2021000000212453 0.000 10.3 29.0 215.5 314.6 80
2021000000212453 0.000 127.8 239.4 357.9 405.3 80
2021000000212453 0.000 184.2 205.1 323.4 454.7 80
2021000000212453 0.000 266.1 173.3 471.8 628.5 80
2021000000212453 0.000 0.4 151.7 49.3 296.5 80
2021000000212453 0.000 227.1 257.0 379.7 577.2 80
2021000000212453 0.000 100.9 247.0 243.3 528.0 80
2021000000212453 0.000 1.5 3.0 479.4 353.6 80
2021000000212453 0.000 34.8 378.3 113.4 493.3 80
2021000000212453 0.000 287.1 177.6 376.9 286.3 80
2021000000212453 0.000 0.6 429.8 55.5 630.5 80
2021000000212453 0.000 28.2 42.6 382.6 441.4 80
2021000000212453 0.000 181.9 91.2 270.9 201.2 80
2021000000212453 0.000 152.0 213.8 318.5 591.8 80
2021000000212453 0.000 117.1 144.1 365.5 621.4 80
2021000000212453 0.000 -3.7 157.2 234.1 633.1 80
2021000000212453 0.000 363.4 172.5 453.2 282.4 80
2021000000212453 0.000 106.3 170.0 372.2 504.9 80
2021000000212453 0.000 144.7 133.9 487.1 637.9 80
2021000000212453 0.000 75.0 39.6 407.5 612.1 80
2021000000212453 0.000 7.6 247.7 342.2 628.4 80
2021000000212453 0.000 139.5 361.2 343.0 632.3 80
2021000000212453 0.000 70.6 83.2 264.8 522.8 80
2021000000212453 0.000 344.0 33.2 480.6 614.3 80
2021000000212453 0.000 121.4 145.9 210.7 255.2 80
2021000000212453 0.000 140.0 276.4 458.7 629.4 80
2021000000212453 0.000 -1.8 328.8 186.7 631.6 80
2021000000212453 0.000 7.6 421.7 315.3 636.3 80
2021000000212453 0.000 201.1 11.5 481.9 634.8 80
2021000000212453 0.000 283.1 329.3 468.8 628.5 80
2021000000212453 0.000 -2.7 124.9 357.3 634.0 80
2021000000212453 0.000 3.3 479.8 127.7 638.8 80
2021000000212453 0.000 -2.8 12.8 282.7 632.7 80
2021000000212453 0.000 53.6 135.6 441.2 555.4 80
2021000000212453 0.000 127.5 388.8 204.7 496.2 80
2021000000212453 0.000 192.1 447.9 477.6 639.9 80
2021000000212453 0.000 39.0 255.0 414.9 480.3 80
2021000000212453 0.000 345.8 429.2 474.8 632.8 80
2021000000212453 0.000 1.2 388.0 478.8 641.2 80
2021000000212453 0.000 1.0 2.4 400.5 636.3 80
2021000000212453 0.000 -1.9 27.9 141.8 622.7 80
2021000000212453 0.000 124.3 16.9 363.3 624.8 80
2021000000212453 0.000 76.7 2.8 478.1 634.3 80
2021000000212453 0.000 129.0 -3.2 446.2 203.7 80
2021000000212453 0.000 0.2 190.0 479.2 634.4 80
2021000000212453 0.000 15.9 75.8 458.5 642.1 80
2021000000212453 0.000 1.0 38.4 479.5 569.1 80
2021000000212453 0.000 2.3 155.2 479.5 480.8 80
2021000000212453 0.000 213.2 342.8 396.8 499.4 80
2021000000212453 0.000 0.8 0.1 479.8 638.8 80
2021000000212453 0.000 237.4 8.0 325.2 124.1 80
2021000000212453 0.000 199.6 428.7 301.4 545.9 80
2021000000212453 0.000 173.8 393.3 248.2 497.9 80
2021000000212453 0.000 304.4 89.0 397.0 199.4 80
2021000000212453 0.000 408.3 9.0 477.7 146.4 80
2021000000212453 0.000 311.2 386.2 391.0 488.1 80
2021000000212453 0.000 30.7 114.7 125.4 229.8 80
2021000000212453 0.000 0.8 0.1 479.8 638.8 14
2021000000212453 0.000 146.6 506.7 225.6 620.5 80
2021000000212453 0.000 0.8 0.1 479.8 638.8 7
2021000000212453 0.000 0.8 0.1 479.8 638.8 11
2021000000212453 0.000 76.7 2.8 478.1 634.3 14
2021000000212453 0.000 75.0 39.6 407.5 612.1 14
2021000000212453 0.000 201.1 11.5 481.9 634.8 14
2021000000212453 0.000 -3.7 157.2 234.1 633.1 14
2021000000212453 0.000 15.9 75.8 458.5 642.1 14
2021000000212453 0.000 1.0 2.4 400.5 636.3 14
2021000000212453 0.000 -2.8 12.8 282.7 632.7 14
2021000000212453 0.000 117.1 144.1 365.5 621.4 14
