2021005238 0.706 21.3 128.0 244.3 225.0 80
2021005238 0.670 11.9 125.5 478.7 231.0 0
2021005238 0.653 474.6 305.9 499.0 332.0 80
2021005238 0.629 17.3 127.1 312.2 227.9 80
2021005238 0.611 17.7 129.5 160.7 216.4 80
2021005238 0.540 17.3 130.1 334.7 226.0 80
2021005238 0.530 496.3 221.7 500.2 288.8 80
2021005238 0.485 495.9 171.2 500.0 230.0 80
2021005238 0.418 6.1 138.8 495.9 232.5 80
2021005238 0.416 11.7 126.2 391.8 226.5 80
2021005238 0.402 -6.8 127.1 309.0 212.5 80
2021005238 0.367 -2.7 125.2 407.1 221.1 80
2021005238 0.366 498.7 68.8 500.3 127.5 80
2021005238 0.251 0.9 197.3 3.7 298.0 80
2021005238 0.246 498.2 99.5 500.4 286.2 80
2021005238 0.235 499.0 71.9 500.3 192.0 80
2021005238 0.234 487.4 83.5 500.4 359.6 80
2021005238 0.233 174.4 205.3 214.3 227.2 80
2021005238 0.223 0.6 107.1 3.1 212.9 80
2021005238 0.218 125.8 129.2 487.6 214.7 80
2021005238 0.217 0.4 41.8 3.4 133.5 80
2021005238 0.217 0.9 43.2 8.0 197.8 80
2021005238 0.214 0.2 0.8 5.2 71.9 80
2021005238 0.211 490.8 232.2 503.7 330.5 80
2021005238 0.210 0.1 60.1 10.0 302.7 80
2021005238 0.197 115.0 212.1 175.9 240.1 80
2021005238 0.196 428.2 194.8 480.0 218.3 80
2021005238 0.184 1.0 142.6 21.1 343.9 80
2021005238 0.184 -1.9 282.9 20.2 342.1 80
2021005238 0.180 165.8 323.2 346.9 335.2 80
2021005238 0.180 216.7 219.9 262.7 244.6 80
2021005238 0.173 35.9 124.0 472.5 218.1 80
2021005238 0.173 98.5 125.6 493.9 214.2 80
2021005238 0.165 7.8 113.0 489.2 205.2 80
2021005238 0.161 77.0 208.9 141.0 243.1 80
2021005238 0.160 397.1 197.4 476.5 225.4 80
2021005238 0.154 19.5 128.8 420.8 214.0 80
2021005238 0.152 361.7 175.5 494.6 333.7 80
2021005238 0.148 273.1 209.7 390.9 258.9 80
2021005238 0.146 204.0 205.0 238.6 229.0 80
2021005238 0.146 233.8 169.9 447.2 230.2 80
2021005238 0.146 37.4 145.2 429.0 233.7 80
2021005238 0.144 221.3 213.9 335.8 251.8 80
2021005238 0.140 91.9 151.5 471.2 234.0 80
2021005238 0.140 114.8 202.3 392.3 312.4 80
2021005238 0.138 4.9 143.9 211.6 225.4 80
2021005238 0.138 2.9 113.2 47.7 235.9 80
2021005238 0.138 343.6 318.9 449.8 336.5 80
2021005238 0.138 44.5 183.0 308.6 308.4 80
2021005238 0.137 72.7 290.2 196.6 331.4 80
2021005238 0.137 7.9 165.0 193.9 326.0 80
2021005238 0.135 149.6 196.5 187.8 223.0 80
2021005238 0.134 121.2 318.8 227.2 334.9 80
2021005238 0.134 170.1 192.9 450.1 280.8 80
2021005238 0.134 310.1 296.2 422.2 330.2 80
2021005238 0.133 46.6 172.3 358.6 260.9 80
2021005238 0.133 173.4 314.3 300.3 333.3 80
2021005238 0.132 7.9 164.2 268.0 261.3 80
2021005238 0.132 286.1 207.7 335.3 238.8 80
2021005238 0.131 164.5 159.1 491.7 228.8 80
2021005238 0.130 151.0 292.0 265.7 327.8 80
2021005238 0.130 5.0 126.8 104.4 288.6 80
2021005238 0.129 335.2 196.4 402.0 234.3 80
2021005238 0.129 36.5 192.2 89.2 228.7 80
2021005238 0.128 246.4 190.1 287.5 219.8 80
2021005238 0.128 20.5 300.0 95.8 331.1 80
2021005238 0.128 53.4 319.0 156.9 335.5 80
2021005238 0.128 218.2 185.7 481.5 279.2 80
2021005238 0.127 411.9 306.2 493.8 331.7 80
2021005238 0.127 175.0 153.4 335.6 196.2 80
2021005238 0.126 268.5 313.4 374.5 334.2 80
2021005238 0.126 311.5 191.5 439.3 244.6 80
2021005238 0.126 215.5 290.3 320.6 327.5 80
2021005238 0.124 139.1 224.9 359.6 268.7 80
2021005238 0.115 237.4 206.5 526.9 267.9 80
2021005238 0.112 286.2 123.9 531.5 187.9 80
2021005238 0.111 -64.3 29.9 137.7 77.4 80
2021005238 0.111 260.6 180.6 589.5 250.2 80
2021005238 0.110 -13.5 47.5 279.6 106.3 80
2021005238 0.108 -93.2 21.2 284.0 72.9 80
2021005238 0.108 337.5 87.8 575.2 156.4 80
2021005238 0.108 166.2 34.7 546.1 96.2 80
2021005238 0.107 59.2 4.5 538.5 49.5 80
2021005238 0.106 212.4 15.8 601.4 65.3 80
2021005238 0.104 255.6 8.3 641.9 41.9 80
2021005238 0.104 -47.3 0.7 451.0 29.6 80
2021005238 0.104 366.7 11.1 597.3 44.3 80
2021005238 0.103 1.6 0.9 500.0 27.3 80
2021005238 0.099 73.6 -0.4 572.6 22.2 80
2021005238 0.093 -162.9 -2.4 226.4 19.5 80
2021005238 0.093 -185.3 0.8 313.0 21.7 80
2021005238 0.093 -139.4 -0.6 359.1 20.6 80
2021005238 0.093 -92.2 -0.5 406.6 21.2 80
2021005238 0.092 -38.3 -2.2 460.7 18.8 80
2021005238 0.092 122.9 -0.7 621.9 21.9 80
2021005238 0.092 21.4 -2.2 520.4 19.5 80
2021005238 0.091 156.4 -1.1 655.2 20.7 80
2021005238 0.091 81.6 -2.3 580.6 18.4 80
2021005238 0.090 202.6 -1.3 701.5 20.5 80
2021005238 0.089 235.4 1.2 733.0 23.3 80
2021005238 0.706 21.3 128.0 244.3 225.0 80
2021005238 0.670 11.9 125.5 478.7 231.0 0
2021005238 0.653 474.6 305.9 499.0 332.0 80
2021005238 0.629 17.3 127.1 312.2 227.9 80
2021005238 0.611 17.7 129.5 160.7 216.4 80
2021005238 0.540 17.3 130.1 334.7 226.0 80
2021005238 0.530 496.3 221.7 500.2 288.8 80
2021005238 0.485 495.9 171.2 500.0 230.0 80
2021005238 0.418 6.1 138.8 495.9 232.5 80
2021005238 0.416 11.7 126.2 391.8 226.5 80
2021005238 0.402 -6.8 127.1 309.0 212.5 80
2021005238 0.367 -2.7 125.2 407.1 221.1 80
2021005238 0.366 498.7 68.8 500.3 127.5 80
2021005238 0.251 0.9 197.3 3.7 298.0 80
2021005238 0.246 498.2 99.5 500.4 286.2 80
2021005238 0.235 499.0 71.9 500.3 192.0 80
2021005238 0.234 487.4 83.5 500.4 359.6 80
2021005238 0.233 174.4 205.3 214.3 227.2 80
2021005238 0.223 0.6 107.1 3.1 212.9 80
2021005238 0.218 125.8 129.2 487.6 214.7 80
2021005238 0.217 0.4 41.8 3.4 133.5 80
2021005238 0.217 0.9 43.2 8.0 197.8 80
2021005238 0.214 0.2 0.8 5.2 71.9 80
2021005238 0.211 490.8 232.2 503.7 330.5 80
2021005238 0.210 0.1 60.1 10.0 302.7 80
2021005238 0.197 115.0 212.1 175.9 240.1 80
2021005238 0.196 428.2 194.8 480.0 218.3 80
2021005238 0.184 1.0 142.6 21.1 343.9 80
2021005238 0.184 -1.9 282.9 20.2 342.1 80
2021005238 0.180 165.8 323.2 346.9 335.2 80
2021005238 0.180 216.7 219.9 262.7 244.6 80
2021005238 0.173 35.9 124.0 472.5 218.1 80
2021005238 0.173 98.5 125.6 493.9 214.2 80
2021005238 0.165 7.8 113.0 489.2 205.2 80
2021005238 0.161 77.0 208.9 141.0 243.1 80
2021005238 0.160 397.1 197.4 476.5 225.4 80
2021005238 0.154 19.5 128.8 420.8 214.0 80
2021005238 0.152 361.7 175.5 494.6 333.7 80
2021005238 0.148 273.1 209.7 390.9 258.9 80
2021005238 0.146 204.0 205.0 238.6 229.0 80
2021005238 0.146 233.8 169.9 447.2 230.2 80
2021005238 0.146 37.4 145.2 429.0 233.7 80
2021005238 0.144 221.3 213.9 335.8 251.8 80
2021005238 0.140 91.9 151.5 471.2 234.0 80
2021005238 0.140 114.8 202.3 392.3 312.4 80
2021005238 0.138 4.9 143.9 211.6 225.4 80
2021005238 0.138 2.9 113.2 47.7 235.9 80
2021005238 0.138 343.6 318.9 449.8 336.5 80
2021005238 0.138 44.5 183.0 308.6 308.4 80
2021005238 0.137 72.7 290.2 196.6 331.4 80
2021005238 0.137 7.9 165.0 193.9 326.0 80
2021005238 0.135 149.6 196.5 187.8 223.0 80
2021005238 0.134 121.2 318.8 227.2 334.9 80
2021005238 0.134 170.1 192.9 450.1 280.8 80
2021005238 0.134 310.1 296.2 422.2 330.2 80
2021005238 0.133 46.6 172.3 358.6 260.9 80
2021005238 0.133 173.4 314.3 300.3 333.3 80
2021005238 0.132 7.9 164.2 268.0 261.3 80
2021005238 0.132 286.1 207.7 335.3 238.8 80
2021005238 0.131 164.5 159.1 491.7 228.8 80
2021005238 0.130 151.0 292.0 265.7 327.8 80
2021005238 0.130 5.0 126.8 104.4 288.6 80
2021005238 0.129 335.2 196.4 402.0 234.3 80
2021005238 0.129 36.5 192.2 89.2 228.7 80
2021005238 0.128 246.4 190.1 287.5 219.8 80
2021005238 0.128 20.5 300.0 95.8 331.1 80
2021005238 0.128 53.4 319.0 156.9 335.5 80
2021005238 0.128 218.2 185.7 481.5 279.2 80
2021005238 0.127 411.9 306.2 493.8 331.7 80
2021005238 0.127 175.0 153.4 335.6 196.2 80
2021005238 0.126 268.5 313.4 374.5 334.2 80
2021005238 0.126 311.5 191.5 439.3 244.6 80
2021005238 0.126 215.5 290.3 320.6 327.5 80
2021005238 0.124 139.1 224.9 359.6 268.7 80
2021005238 0.115 237.4 206.5 526.9 267.9 80
2021005238 0.112 286.2 123.9 531.5 187.9 80
2021005238 0.111 -64.3 29.9 137.7 77.4 80
2021005238 0.111 260.6 180.6 589.5 250.2 80
2021005238 0.110 -13.5 47.5 279.6 106.3 80
2021005238 0.108 -93.2 21.2 284.0 72.9 80
2021005238 0.108 337.5 87.8 575.2 156.4 80
2021005238 0.108 166.2 34.7 546.1 96.2 80
2021005238 0.107 59.2 4.5 538.5 49.5 80
2021005238 0.106 212.4 15.8 601.4 65.3 80
2021005238 0.104 255.6 8.3 641.9 41.9 80
2021005238 0.104 -47.3 0.7 451.0 29.6 80
2021005238 0.104 366.7 11.1 597.3 44.3 80
2021005238 0.103 1.6 0.9 500.0 27.3 80
2021005238 0.099 73.6 -0.4 572.6 22.2 80
2021005238 0.093 -162.9 -2.4 226.4 19.5 80
2021005238 0.093 -185.3 0.8 313.0 21.7 80
2021005238 0.093 -139.4 -0.6 359.1 20.6 80
2021005238 0.093 -92.2 -0.5 406.6 21.2 80
2021005238 0.092 -38.3 -2.2 460.7 18.8 80
2021005238 0.092 122.9 -0.7 621.9 21.9 80
2021005238 0.092 21.4 -2.2 520.4 19.5 80
2021005238 0.091 156.4 -1.1 655.2 20.7 80
2021005238 0.091 81.6 -2.3 580.6 18.4 80
2021005238 0.090 202.6 -1.3 701.5 20.5 80
2021005238 0.089 235.4 1.2 733.0 23.3 80
2021005238 0.000 0.8 39.6 103.7 219.9 80
2021005238 0.000 245.1 64.6 370.2 203.1 80
2021005238 0.000 203.1 44.4 266.1 106.7 80
2021005238 0.000 256.6 123.7 316.4 182.9 80
2021005238 0.000 372.7 97.3 484.8 238.7 80
2021005238 0.000 45.9 193.6 106.8 256.8 80
2021005238 0.000 83.8 105.7 144.8 167.7 80
2021005238 0.000 133.1 93.5 218.1 194.0 80
2021005238 0.000 390.5 85.7 458.7 145.2 80
2021005238 0.000 453.6 114.4 499.6 187.5 80
2021005238 0.000 213.4 101.7 273.6 161.0 80
2021005238 0.000 141.4 73.2 202.4 136.6 80
2021005238 0.000 22.0 26.3 202.7 174.0 80
2021005238 0.000 325.8 10.5 494.5 170.4 80
2021005238 0.000 1.5 179.1 48.0 253.0 80
2021005238 0.000 162.0 29.1 299.4 188.1 80
2021005238 0.000 349.9 130.4 409.9 189.0 80
2021005238 0.000 219.9 213.4 281.0 299.7 80
2021005238 0.000 90.6 167.7 149.2 226.6 80
2021005238 0.000 314.7 90.6 375.2 149.9 80
2021005238 0.000 357.4 176.8 415.0 236.3 80
2021005238 0.000 32.4 113.1 167.8 245.7 80
2021005238 0.000 1.0 134.7 47.1 208.2 80
2021005238 0.000 453.4 171.3 499.7 244.6 80
2021005238 0.000 0.5 112.0 102.1 317.8 80
2021005238 0.000 449.1 48.2 499.7 136.2 80
2021005238 0.000 259.7 2.5 324.6 65.8 80
2021005238 0.000 137.6 194.1 201.5 258.6 80
2021005238 0.000 298.6 152.6 359.4 210.5 80
2021005238 0.000 28.5 138.6 93.6 196.8 80
2021005238 0.000 255.4 112.1 363.3 309.4 80
2021005238 0.000 119.1 143.0 232.5 281.2 80
2021005238 0.000 149.8 153.7 210.5 211.6 80
2021005238 0.000 293.1 118.3 480.6 230.7 80
2021005238 0.000 325.6 194.5 382.1 262.6 80
2021005238 0.000 0.7 20.0 51.8 94.1 80
2021005238 0.000 219.9 176.7 278.2 235.5 80
2021005238 0.000 48.8 19.0 377.9 228.3 80
2021005238 0.000 410.2 156.8 474.8 215.0 80
2021005238 0.000 205.3 105.0 317.1 249.4 80
2021005238 0.000 0.7 221.7 58.3 328.6 80
2021005238 0.000 180.1 197.3 238.1 264.5 80
2021005238 0.000 177.0 51.2 471.7 236.8 80
2021005238 0.000 49.5 97.5 281.8 229.4 80
2021005238 0.000 325.8 41.4 402.7 103.4 80
2021005238 0.000 101.1 43.9 244.3 277.4 80
2021005238 0.000 0.3 80.7 51.5 154.3 80
2021005238 0.000 206.3 143.0 267.2 201.4 80
2021005238 0.000 442.7 217.4 499.6 327.4 80
2021005238 0.000 15.1 12.8 486.3 174.5 80
2021005238 0.000 398.5 98.9 499.4 315.8 80
2021005238 0.000 1.5 5.5 282.2 329.9 80
2021005238 0.000 94.9 14.0 401.8 325.0 80
2021005238 0.000 262.6 37.4 424.1 278.3 80
2021005238 0.000 189.1 7.3 402.0 120.4 80
2021005238 0.000 1.1 21.4 146.5 322.8 80
2021005238 0.000 212.9 5.7 497.4 331.0 80
2021005238 0.000 160.6 175.5 349.3 326.9 80
2021005238 0.000 159.4 25.0 350.2 316.2 80
2021005238 0.000 357.7 16.7 501.3 319.9 80
2021005238 0.000 11.5 79.9 225.9 328.5 80
2021005238 0.000 280.6 212.4 336.4 294.2 80
2021005238 0.000 171.4 94.0 308.9 314.0 80
2021005238 0.000 132.8 69.1 366.0 324.4 80
2021005238 0.000 257.5 148.1 363.0 272.1 80
2021005238 0.000 5.0 248.1 130.5 332.4 80
2021005238 0.000 306.3 160.5 481.9 323.9 80
2021005238 0.000 54.0 226.7 278.3 330.9 80
2021005238 0.000 11.7 162.6 185.3 324.9 80
2021005238 0.000 3.3 1.2 410.3 331.1 80
2021005238 0.000 8.2 203.4 491.3 331.4 80
2021005238 0.000 4.9 57.7 361.3 327.9 80
2021005238 0.000 223.1 227.9 472.3 331.4 80
2021005238 0.000 72.1 57.1 444.5 284.5 80
2021005238 0.000 34.1 131.1 327.0 322.2 80
2021005238 0.000 85.7 1.0 494.7 331.0 80
2021005238 0.000 278.1 77.3 486.3 331.0 80
2021005238 0.000 162.7 118.0 345.4 204.8 80
2021005238 0.000 244.5 179.3 298.1 242.7 80
2021005238 0.000 168.6 134.4 451.1 322.0 80
2021005238 0.000 362.2 218.2 494.6 327.3 80
2021005238 0.000 44.5 53.9 117.2 121.5 80
2021005238 0.000 160.2 58.7 492.6 329.0 80
2021005238 0.000 134.9 91.5 359.6 260.9 80
2021005238 0.000 67.7 127.2 402.2 241.5 80
2021005238 0.000 22.5 38.2 474.5 321.3 80
2021005238 0.000 0.6 89.3 498.5 323.8 80
2021005238 0.000 0.8 0.8 499.6 332.2 80
2021005238 0.000 17.2 85.3 483.8 240.0 80
2021005238 0.000 2.5 21.1 497.4 273.2 80
2021005238 0.000 424.3 5.6 498.8 76.0 80
2021005238 0.000 17.2 85.3 483.8 240.0 0
2021005238 0.000 262.6 37.4 424.1 278.3 14
2021005238 0.000 171.4 94.0 308.9 314.0 14
2021005238 0.000 101.1 43.9 244.3 277.4 14
2021005238 0.000 159.4 25.0 350.2 316.2 14
2021005238 0.000 11.5 79.9 225.9 328.5 14
2021005238 0.000 278.1 77.3 486.3 331.0 14
2021005238 0.000 132.8 69.1 366.0 324.4 14
2021005238 0.000 154.2 268.6 238.2 328.2 80
