2021001850 0.638 268.9 225.7 290.3 258.9 80
2021001850 0.633 225.7 191.2 260.3 293.8 14
2021001850 0.623 227.5 187.6 266.9 292.1 14
2021001850 0.623 470.7 141.0 501.2 207.5 80
2021001850 0.620 474.6 308.3 499.0 332.9 80
2021001850 0.604 105.3 124.2 495.0 252.6 0
2021001850 0.603 162.0 120.5 496.3 240.5 80
2021001850 0.590 105.8 114.0 505.4 244.9 80
2021001850 0.585 250.4 211.4 278.2 290.0 80
2021001850 0.565 236.8 233.5 256.6 286.3 80
2021001850 0.538 103.8 119.6 492.2 244.6 80
2021001850 0.506 226.9 187.0 265.6 244.4 80
2021001850 0.504 496.2 158.6 500.0 214.2 80
2021001850 0.468 250.6 209.7 280.2 288.1 80
2021001850 0.454 110.0 189.7 277.2 227.2 80
2021001850 0.432 111.6 126.4 514.5 245.9 80
2021001850 0.425 80.8 131.3 483.1 249.7 80
2021001850 0.383 224.9 205.6 276.2 243.7 80
2021001850 0.382 498.7 195.3 500.2 275.4 80
2021001850 0.381 498.5 84.8 500.3 152.5 80
2021001850 0.354 494.9 118.5 500.8 246.9 80
2021001850 0.326 123.5 191.9 228.6 219.1 80
2021001850 0.259 215.4 231.7 263.8 255.6 80
2021001850 0.243 482.9 77.5 502.4 347.4 80
2021001850 0.238 124.1 134.4 434.0 237.1 80
2021001850 0.225 0.6 109.7 3.1 214.4 80
2021001850 0.223 0.6 46.9 3.2 134.0 80
2021001850 0.220 0.4 2.7 5.1 71.1 80
2021001850 0.218 0.5 181.0 4.3 302.3 80
2021001850 0.204 226.9 187.0 265.6 244.4 14
2021001850 0.199 250.6 209.7 280.2 288.1 14
2021001850 0.199 0.7 45.8 8.0 202.1 80
2021001850 0.195 0.4 59.2 10.1 301.1 80
2021001850 0.165 0.3 56.1 24.3 285.6 80
2021001850 0.165 -5.2 296.5 31.8 338.7 80
2021001850 0.163 0.1 184.0 32.4 335.5 80
2021001850 0.162 479.2 256.9 507.1 325.3 80
2021001850 0.159 298.0 220.7 382.1 270.0 80
2021001850 0.147 321.6 169.5 506.1 320.9 80
2021001850 0.144 210.0 154.1 527.0 239.1 80
2021001850 0.143 257.4 217.5 292.6 245.3 80
2021001850 0.142 291.9 218.2 334.2 251.2 80
2021001850 0.141 280.3 181.8 457.5 252.9 80
2021001850 0.141 72.2 290.4 193.7 331.2 80
2021001850 0.140 117.0 196.9 399.0 298.2 80
2021001850 0.139 227.5 187.6 266.9 292.1 80
2021001850 0.138 14.1 193.2 174.9 325.4 80
2021001850 0.137 300.9 298.0 416.1 328.7 80
2021001850 0.137 180.4 313.6 311.3 337.7 80
2021001850 0.136 133.6 244.7 214.7 277.4 80
2021001850 0.135 184.4 175.6 511.5 268.3 80
2021001850 0.135 95.2 115.5 409.3 207.9 80
2021001850 0.134 5.3 92.4 73.7 318.3 80
2021001850 0.133 57.6 191.7 297.3 307.6 80
2021001850 0.133 119.5 317.4 220.4 335.0 80
2021001850 0.133 19.2 303.7 96.1 331.0 80
2021001850 0.133 52.2 319.3 152.5 335.5 80
2021001850 0.132 238.4 204.7 295.8 239.2 80
2021001850 0.132 126.6 216.2 171.7 247.1 80
2021001850 0.130 105.3 124.2 495.0 252.6 80
2021001850 0.130 344.8 202.7 391.9 235.4 80
2021001850 0.130 343.5 317.1 445.0 336.7 80
2021001850 0.128 179.6 309.9 306.4 333.4 80
2021001850 0.128 167.1 204.8 235.5 237.1 80
2021001850 0.128 76.8 183.1 351.8 263.2 80
2021001850 0.126 25.8 169.8 244.0 278.3 80
2021001850 0.124 408.0 305.5 492.8 331.1 80
2021001850 0.123 225.7 191.2 260.3 293.8 80
2021001850 0.123 16.1 129.6 188.9 264.6 80
2021001850 0.122 441.3 173.4 517.4 263.7 80
2021001850 0.122 267.0 310.5 370.4 334.0 80
2021001850 0.120 305.0 196.9 486.1 273.5 80
2021001850 0.120 78.3 145.6 318.4 211.3 80
2021001850 0.118 362.0 193.5 484.4 250.2 80
2021001850 0.118 178.9 138.1 253.3 184.1 80
2021001850 0.118 33.1 196.1 82.9 243.8 80
2021001850 0.117 48.8 155.9 150.4 202.7 80
2021001850 0.116 339.0 152.6 474.2 206.5 80
2021001850 0.115 4.5 113.7 105.1 167.1 80
2021001850 0.115 92.8 208.1 170.3 243.0 80
2021001850 0.113 46.6 150.3 205.0 221.7 80
2021001850 0.113 51.7 70.4 300.0 129.9 80
2021001850 0.110 -87.9 23.6 164.4 64.1 80
2021001850 0.109 182.9 45.2 526.9 104.9 80
2021001850 0.108 61.6 5.1 536.4 46.5 80
2021001850 0.107 339.7 90.6 571.8 164.7 80
2021001850 0.107 211.4 16.1 602.2 63.9 80
2021001850 0.107 -95.4 8.4 371.6 38.7 80
2021001850 0.106 -148.1 8.3 333.2 33.6 80
2021001850 0.105 393.8 13.6 572.6 54.0 80
2021001850 0.104 251.0 8.4 646.0 41.2 80
2021001850 0.102 -0.0 1.3 498.7 24.1 80
2021001850 0.099 72.9 -0.1 571.8 22.6 80
2021001850 0.098 -47.9 1.1 451.1 23.8 80
2021001850 0.094 -168.3 -2.3 231.7 19.6 80
2021001850 0.093 -139.6 -0.5 358.5 20.3 80
2021001850 0.093 -39.7 -1.9 459.1 19.4 80
2021001850 0.093 -186.1 1.8 312.0 22.5 80
2021001850 0.093 -94.1 0.7 404.2 22.4 80
2021001850 0.092 19.7 -2.0 518.6 20.2 80
2021001850 0.638 268.9 225.7 290.3 258.9 80
2021001850 0.633 225.7 191.2 260.3 293.8 14
2021001850 0.623 227.5 187.6 266.9 292.1 14
2021001850 0.623 470.7 141.0 501.2 207.5 80
2021001850 0.620 474.6 308.3 499.0 332.9 80
2021001850 0.604 105.3 124.2 495.0 252.6 0
2021001850 0.603 162.0 120.5 496.3 240.5 80
2021001850 0.590 105.8 114.0 505.4 244.9 80
2021001850 0.585 250.4 211.4 278.2 290.0 80
2021001850 0.565 236.8 233.5 256.6 286.3 80
2021001850 0.538 103.8 119.6 492.2 244.6 80
2021001850 0.506 226.9 187.0 265.6 244.4 80
2021001850 0.504 496.2 158.6 500.0 214.2 80
2021001850 0.468 250.6 209.7 280.2 288.1 80
2021001850 0.454 110.0 189.7 277.2 227.2 80
2021001850 0.432 111.6 126.4 514.5 245.9 80
2021001850 0.425 80.8 131.3 483.1 249.7 80
2021001850 0.383 224.9 205.6 276.2 243.7 80
2021001850 0.382 498.7 195.3 500.2 275.4 80
2021001850 0.381 498.5 84.8 500.3 152.5 80
2021001850 0.354 494.9 118.5 500.8 246.9 80
2021001850 0.326 123.5 191.9 228.6 219.1 80
2021001850 0.259 215.4 231.7 263.8 255.6 80
2021001850 0.243 482.9 77.5 502.4 347.4 80
2021001850 0.238 124.1 134.4 434.0 237.1 80
2021001850 0.225 0.6 109.7 3.1 214.4 80
2021001850 0.223 0.6 46.9 3.2 134.0 80
2021001850 0.220 0.4 2.7 5.1 71.1 80
2021001850 0.218 0.5 181.0 4.3 302.3 80
2021001850 0.204 226.9 187.0 265.6 244.4 14
2021001850 0.199 250.6 209.7 280.2 288.1 14
2021001850 0.199 0.7 45.8 8.0 202.1 80
2021001850 0.195 0.4 59.2 10.1 301.1 80
2021001850 0.165 0.3 56.1 24.3 285.6 80
2021001850 0.165 -5.2 296.5 31.8 338.7 80
2021001850 0.163 0.1 184.0 32.4 335.5 80
2021001850 0.162 479.2 256.9 507.1 325.3 80
2021001850 0.159 298.0 220.7 382.1 270.0 80
2021001850 0.147 321.6 169.5 506.1 320.9 80
2021001850 0.144 210.0 154.1 527.0 239.1 80
2021001850 0.143 257.4 217.5 292.6 245.3 80
2021001850 0.142 291.9 218.2 334.2 251.2 80
2021001850 0.141 280.3 181.8 457.5 252.9 80
2021001850 0.141 72.2 290.4 193.7 331.2 80
2021001850 0.140 117.0 196.9 399.0 298.2 80
2021001850 0.139 227.5 187.6 266.9 292.1 80
2021001850 0.138 14.1 193.2 174.9 325.4 80
2021001850 0.137 300.9 298.0 416.1 328.7 80
2021001850 0.137 180.4 313.6 311.3 337.7 80
2021001850 0.136 133.6 244.7 214.7 277.4 80
2021001850 0.135 184.4 175.6 511.5 268.3 80
2021001850 0.135 95.2 115.5 409.3 207.9 80
2021001850 0.134 5.3 92.4 73.7 318.3 80
2021001850 0.133 57.6 191.7 297.3 307.6 80
2021001850 0.133 119.5 317.4 220.4 335.0 80
2021001850 0.133 19.2 303.7 96.1 331.0 80
2021001850 0.133 52.2 319.3 152.5 335.5 80
2021001850 0.132 238.4 204.7 295.8 239.2 80
2021001850 0.132 126.6 216.2 171.7 247.1 80
2021001850 0.130 105.3 124.2 495.0 252.6 80
2021001850 0.130 344.8 202.7 391.9 235.4 80
2021001850 0.130 343.5 317.1 445.0 336.7 80
2021001850 0.128 179.6 309.9 306.4 333.4 80
2021001850 0.128 167.1 204.8 235.5 237.1 80
2021001850 0.128 76.8 183.1 351.8 263.2 80
2021001850 0.126 25.8 169.8 244.0 278.3 80
2021001850 0.124 408.0 305.5 492.8 331.1 80
2021001850 0.123 225.7 191.2 260.3 293.8 80
2021001850 0.123 16.1 129.6 188.9 264.6 80
2021001850 0.122 441.3 173.4 517.4 263.7 80
2021001850 0.122 267.0 310.5 370.4 334.0 80
2021001850 0.120 305.0 196.9 486.1 273.5 80
2021001850 0.120 78.3 145.6 318.4 211.3 80
2021001850 0.118 362.0 193.5 484.4 250.2 80
2021001850 0.118 178.9 138.1 253.3 184.1 80
2021001850 0.118 33.1 196.1 82.9 243.8 80
2021001850 0.117 48.8 155.9 150.4 202.7 80
2021001850 0.116 339.0 152.6 474.2 206.5 80
2021001850 0.115 4.5 113.7 105.1 167.1 80
2021001850 0.115 92.8 208.1 170.3 243.0 80
2021001850 0.113 46.6 150.3 205.0 221.7 80
2021001850 0.113 51.7 70.4 300.0 129.9 80
2021001850 0.110 -87.9 23.6 164.4 64.1 80
2021001850 0.109 182.9 45.2 526.9 104.9 80
2021001850 0.108 61.6 5.1 536.4 46.5 80
2021001850 0.107 339.7 90.6 571.8 164.7 80
2021001850 0.107 211.4 16.1 602.2 63.9 80
2021001850 0.107 -95.4 8.4 371.6 38.7 80
2021001850 0.106 -148.1 8.3 333.2 33.6 80
2021001850 0.105 393.8 13.6 572.6 54.0 80
2021001850 0.104 251.0 8.4 646.0 41.2 80
2021001850 0.102 -0.0 1.3 498.7 24.1 80
2021001850 0.099 72.9 -0.1 571.8 22.6 80
2021001850 0.098 -47.9 1.1 451.1 23.8 80
2021001850 0.094 -168.3 -2.3 231.7 19.6 80
2021001850 0.093 -139.6 -0.5 358.5 20.3 80
2021001850 0.093 -39.7 -1.9 459.1 19.4 80
2021001850 0.093 -186.1 1.8 312.0 22.5 80
2021001850 0.093 -94.1 0.7 404.2 22.4 80
2021001850 0.092 19.7 -2.0 518.6 20.2 80
2021001850 0.000 0.8 39.6 103.7 219.9 80
2021001850 0.000 245.1 64.6 370.2 203.1 80
2021001850 0.000 203.1 44.4 266.1 106.7 80
2021001850 0.000 256.6 123.7 316.4 182.9 80
2021001850 0.000 372.7 97.3 484.8 238.7 80
2021001850 0.000 45.9 193.6 106.8 256.8 80
2021001850 0.000 83.8 105.7 144.8 167.7 80
2021001850 0.000 133.1 93.5 218.1 194.0 80
2021001850 0.000 390.5 85.7 458.7 145.2 80
2021001850 0.000 453.6 114.4 499.6 187.5 80
2021001850 0.000 213.4 101.7 273.6 161.0 80
2021001850 0.000 141.4 73.2 202.4 136.6 80
2021001850 0.000 22.0 26.3 202.7 174.0 80
2021001850 0.000 325.8 10.5 494.5 170.4 80
2021001850 0.000 1.5 179.1 48.0 253.0 80
2021001850 0.000 162.0 29.1 299.4 188.1 80
2021001850 0.000 349.9 130.4 409.9 189.0 80
2021001850 0.000 219.9 213.4 281.0 299.7 80
2021001850 0.000 90.6 167.7 149.2 226.6 80
2021001850 0.000 314.7 90.6 375.2 149.9 80
2021001850 0.000 357.4 176.8 415.0 236.3 80
2021001850 0.000 32.4 113.1 167.8 245.7 80
2021001850 0.000 1.0 134.7 47.1 208.2 80
2021001850 0.000 453.4 171.3 499.7 244.6 80
2021001850 0.000 0.5 112.0 102.1 317.8 80
2021001850 0.000 449.1 48.2 499.7 136.2 80
2021001850 0.000 259.7 2.5 324.6 65.8 80
2021001850 0.000 137.6 194.1 201.5 258.6 80
2021001850 0.000 298.6 152.6 359.4 210.5 80
2021001850 0.000 28.5 138.6 93.6 196.8 80
2021001850 0.000 255.4 112.1 363.3 309.4 80
2021001850 0.000 119.1 143.0 232.5 281.2 80
2021001850 0.000 149.8 153.7 210.5 211.6 80
2021001850 0.000 293.1 118.3 480.6 230.7 80
2021001850 0.000 325.6 194.5 382.1 262.6 80
2021001850 0.000 0.7 20.0 51.8 94.1 80
2021001850 0.000 219.9 176.7 278.2 235.5 80
2021001850 0.000 48.8 19.0 377.9 228.3 80
2021001850 0.000 410.2 156.8 474.8 215.0 80
2021001850 0.000 205.3 105.0 317.1 249.4 80
2021001850 0.000 0.7 221.7 58.3 328.6 80
2021001850 0.000 180.1 197.3 238.1 264.5 80
2021001850 0.000 177.0 51.2 471.7 236.8 80
2021001850 0.000 49.5 97.5 281.8 229.4 80
2021001850 0.000 325.8 41.4 402.7 103.4 80
2021001850 0.000 101.1 43.9 244.3 277.4 80
2021001850 0.000 0.3 80.7 51.5 154.3 80
2021001850 0.000 206.3 143.0 267.2 201.4 80
2021001850 0.000 442.7 217.4 499.6 327.4 80
2021001850 0.000 15.1 12.8 486.3 174.5 80
2021001850 0.000 398.5 98.9 499.4 315.8 80
2021001850 0.000 1.5 5.5 282.2 329.9 80
2021001850 0.000 94.9 14.0 401.8 325.0 80
2021001850 0.000 262.6 37.4 424.1 278.3 80
2021001850 0.000 189.1 7.3 402.0 120.4 80
2021001850 0.000 1.1 21.4 146.5 322.8 80
2021001850 0.000 212.9 5.7 497.4 331.0 80
2021001850 0.000 160.6 175.5 349.3 326.9 80
2021001850 0.000 159.4 25.0 350.2 316.2 80
2021001850 0.000 357.7 16.7 501.3 319.9 80
2021001850 0.000 11.5 79.9 225.9 328.5 80
2021001850 0.000 280.6 212.4 336.4 294.2 80
2021001850 0.000 171.4 94.0 308.9 314.0 80
2021001850 0.000 132.8 69.1 366.0 324.4 80
2021001850 0.000 257.5 148.1 363.0 272.1 80
2021001850 0.000 5.0 248.1 130.5 332.4 80
2021001850 0.000 306.3 160.5 481.9 323.9 80
2021001850 0.000 54.0 226.7 278.3 330.9 80
2021001850 0.000 11.7 162.6 185.3 324.9 80
2021001850 0.000 3.3 1.2 410.3 331.1 80
2021001850 0.000 8.2 203.4 491.3 331.4 80
2021001850 0.000 4.9 57.7 361.3 327.9 80
2021001850 0.000 223.1 227.9 472.3 331.4 80
2021001850 0.000 72.1 57.1 444.5 284.5 80
2021001850 0.000 34.1 131.1 327.0 322.2 80
2021001850 0.000 85.7 1.0 494.7 331.0 80
2021001850 0.000 278.1 77.3 486.3 331.0 80
2021001850 0.000 162.7 118.0 345.4 204.8 80
2021001850 0.000 244.5 179.3 298.1 242.7 80
2021001850 0.000 168.6 134.4 451.1 322.0 80
2021001850 0.000 362.2 218.2 494.6 327.3 80
2021001850 0.000 44.5 53.9 117.2 121.5 80
2021001850 0.000 160.2 58.7 492.6 329.0 80
2021001850 0.000 134.9 91.5 359.6 260.9 80
2021001850 0.000 67.7 127.2 402.2 241.5 80
2021001850 0.000 22.5 38.2 474.5 321.3 80
2021001850 0.000 0.6 89.3 498.5 323.8 80
2021001850 0.000 0.8 0.8 499.6 332.2 80
2021001850 0.000 17.2 85.3 483.8 240.0 80
2021001850 0.000 2.5 21.1 497.4 273.2 80
2021001850 0.000 424.3 5.6 498.8 76.0 80
2021001850 0.000 17.2 85.3 483.8 240.0 0
2021001850 0.000 262.6 37.4 424.1 278.3 14
2021001850 0.000 171.4 94.0 308.9 314.0 14
2021001850 0.000 101.1 43.9 244.3 277.4 14
2021001850 0.000 159.4 25.0 350.2 316.2 14
2021001850 0.000 11.5 79.9 225.9 328.5 14
2021001850 0.000 278.1 77.3 486.3 331.0 14
2021001850 0.000 132.8 69.1 366.0 324.4 14
2021001850 0.000 154.2 268.6 238.2 328.2 80
