2021000000231097 0.699 530.8 2.0 640.2 229.7 80
2021000000231097 0.692 501.5 2.5 636.8 74.2 80
2021000000231097 0.672 598.6 434.0 641.1 481.2 80
2021000000231097 0.672 1.6 24.2 38.4 238.6 80
2021000000231097 0.654 8.5 -2.7 124.8 63.1 80
2021000000231097 0.647 0.8 14.5 46.2 235.1 80
2021000000231097 0.644 330.5 424.1 374.1 475.8 80
2021000000231097 0.635 30.5 -0.2 168.5 51.0 80
2021000000231097 0.611 288.6 448.7 391.3 478.7 80
2021000000231097 0.602 0.2 1.8 639.2 480.8 80
2021000000231097 0.585 57.2 1.3 532.2 80.1 80
2021000000231097 0.577 -0.8 -11.5 32.8 378.0 80
2021000000231097 0.574 -2.4 -3.5 27.1 57.6 80
2021000000231097 0.572 29.8 2.0 600.9 81.4 80
2021000000231097 0.569 361.3 0.7 484.6 19.7 80
2021000000231097 0.567 24.5 1.1 488.9 65.8 80
2021000000231097 0.551 0.4 110.3 11.4 451.9 80
2021000000231097 0.546 0.7 357.5 27.5 476.8 80
2021000000231097 0.543 5.9 1.5 156.3 68.7 80
2021000000231097 0.535 460.8 -0.1 552.0 19.0 80
2021000000231097 0.532 107.6 3.1 224.2 34.4 80
2021000000231097 0.532 635.5 53.1 640.2 237.3 80
2021000000231097 0.526 398.0 0.6 535.8 23.9 80
2021000000231097 0.521 635.2 264.1 640.4 436.9 80
2021000000231097 0.520 -1.7 0.7 150.5 64.4 80
2021000000231097 0.520 635.1 176.5 640.3 320.3 80
2021000000231097 0.515 1.1 302.3 9.7 454.9 80
2021000000231097 0.507 98.0 1.3 593.4 47.8 80
2021000000231097 0.460 0.8 24.7 19.4 464.7 80
2021000000231097 0.428 263.2 2.5 442.3 14.2 80
2021000000231097 0.344 0.3 8.6 639.3 481.3 10
2021000000231097 0.340 -0.1 94.2 638.9 457.0 80
2021000000231097 0.336 635.8 -3.5 640.9 340.6 80
2021000000231097 0.326 582.2 15.1 661.8 494.0 80
2021000000231097 0.314 634.6 37.6 640.5 455.7 80
2021000000231097 0.305 -2.0 -5.3 29.6 472.1 80
2021000000231097 0.222 0.9 19.2 638.4 296.0 80
2021000000231097 0.201 612.9 378.4 648.5 473.1 80
2021000000231097 0.199 -0.7 207.3 27.1 487.5 80
2021000000231097 0.198 -48.8 1.7 581.5 16.3 80
2021000000231097 0.194 586.2 59.0 640.9 477.6 80
2021000000231097 0.192 476.6 20.0 634.8 496.7 80
2021000000231097 0.189 0.3 8.6 639.3 481.3 80
2021000000231097 0.180 -2.7 52.9 71.3 485.3 80
2021000000231097 0.166 137.8 458.8 504.1 480.6 80
2021000000231097 0.151 433.2 271.3 633.9 474.5 80
2021000000231097 0.147 65.6 419.1 300.2 480.4 80
2021000000231097 0.141 88.9 279.7 555.1 451.5 80
2021000000231097 0.140 375.2 436.5 537.1 474.9 80
2021000000231097 0.138 -1.2 110.7 100.4 416.0 80
2021000000231097 0.138 170.0 435.3 370.9 475.7 80
2021000000231097 0.137 348.0 156.9 630.1 422.8 80
2021000000231097 0.137 212.4 258.4 582.0 436.8 80
2021000000231097 0.135 429.9 461.0 585.5 483.8 80
2021000000231097 0.135 285.7 242.2 613.3 430.5 80
2021000000231097 0.134 39.1 273.2 424.7 448.2 80
2021000000231097 0.134 3.8 258.5 248.2 466.7 80
2021000000231097 0.134 111.4 245.0 533.2 429.1 80
2021000000231097 0.134 -1.7 0.7 150.5 64.4 4
2021000000231097 0.133 123.7 171.5 592.6 396.5 80
2021000000231097 0.133 324.1 457.7 480.0 481.1 80
2021000000231097 0.132 512.3 446.7 637.9 477.4 80
2021000000231097 0.131 21.4 431.0 117.7 477.8 80
2021000000231097 0.130 50.1 230.5 475.0 416.0 80
2021000000231097 0.128 20.4 127.0 232.6 422.0 80
2021000000231097 0.128 315.2 319.3 423.7 381.8 80
2021000000231097 0.128 62.7 459.2 207.5 483.3 80
2021000000231097 0.128 181.6 334.4 271.8 395.2 80
2021000000231097 0.128 64.3 181.2 531.0 385.4 80
2021000000231097 0.128 241.3 336.1 343.5 389.9 80
2021000000231097 0.127 236.6 182.2 602.9 380.3 80
2021000000231097 0.126 11.3 222.2 345.2 414.2 80
2021000000231097 0.126 243.8 145.6 559.6 368.2 80
2021000000231097 0.126 115.9 326.4 193.8 390.6 80
2021000000231097 0.124 264.5 294.1 353.8 354.0 80
2021000000231097 0.124 21.7 188.8 399.6 389.2 80
2021000000231097 0.123 271.7 278.3 406.9 348.3 80
2021000000231097 0.123 45.7 138.5 441.8 352.0 80
2021000000231097 0.122 147.1 456.8 307.2 481.9 80
2021000000231097 0.121 0.3 8.6 639.3 481.3 4
2021000000231097 0.121 40.8 174.6 464.8 370.3 80
2021000000231097 0.120 50.5 137.4 280.6 366.7 80
2021000000231097 0.119 149.2 239.2 356.6 327.0 80
2021000000231097 0.117 0.3 8.6 639.3 481.3 3
2021000000231097 0.117 -1.7 0.7 150.5 64.4 15
2021000000231097 0.117 291.8 252.6 603.7 370.6 80
2021000000231097 0.114 211.1 188.3 627.1 297.6 80
2021000000231097 0.113 124.3 223.3 519.4 358.2 80
2021000000231097 0.113 326.6 209.6 672.0 352.7 80
2021000000231097 0.112 413.5 71.8 716.3 427.4 80
2021000000231097 0.111 -52.1 64.8 171.3 165.6 80
2021000000231097 0.110 -48.0 132.3 441.2 255.7 80
2021000000231097 0.108 105.8 95.3 680.7 215.4 80
2021000000231097 0.107 346.5 23.5 839.7 152.3 80
2021000000231097 0.106 182.4 74.0 769.1 191.7 80
2021000000231097 0.106 -127.4 72.3 415.7 187.9 80
2021000000231097 0.104 23.9 30.3 655.4 143.7 80
2021000000231097 0.104 256.1 0.9 877.2 57.2 80
2021000000231097 0.103 -32.6 11.6 606.4 94.6 80
2021000000231097 0.103 -93.0 11.9 545.6 72.1 80
2021000000231097 0.699 530.8 2.0 640.2 229.7 80
2021000000231097 0.692 501.5 2.5 636.8 74.2 80
2021000000231097 0.672 598.6 434.0 641.1 481.2 80
2021000000231097 0.672 1.6 24.2 38.4 238.6 80
2021000000231097 0.654 8.5 -2.7 124.8 63.1 80
2021000000231097 0.647 0.8 14.5 46.2 235.1 80
2021000000231097 0.644 330.5 424.1 374.1 475.8 80
2021000000231097 0.635 30.5 -0.2 168.5 51.0 80
2021000000231097 0.611 288.6 448.7 391.3 478.7 80
2021000000231097 0.602 0.2 1.8 639.2 480.8 80
2021000000231097 0.585 57.2 1.3 532.2 80.1 80
2021000000231097 0.577 -0.8 -11.5 32.8 378.0 80
2021000000231097 0.574 -2.4 -3.5 27.1 57.6 80
2021000000231097 0.572 29.8 2.0 600.9 81.4 80
2021000000231097 0.569 361.3 0.7 484.6 19.7 80
2021000000231097 0.567 24.5 1.1 488.9 65.8 80
2021000000231097 0.551 0.4 110.3 11.4 451.9 80
2021000000231097 0.546 0.7 357.5 27.5 476.8 80
2021000000231097 0.543 5.9 1.5 156.3 68.7 80
2021000000231097 0.535 460.8 -0.1 552.0 19.0 80
2021000000231097 0.532 107.6 3.1 224.2 34.4 80
2021000000231097 0.532 635.5 53.1 640.2 237.3 80
2021000000231097 0.526 398.0 0.6 535.8 23.9 80
2021000000231097 0.521 635.2 264.1 640.4 436.9 80
2021000000231097 0.520 -1.7 0.7 150.5 64.4 80
2021000000231097 0.520 635.1 176.5 640.3 320.3 80
2021000000231097 0.515 1.1 302.3 9.7 454.9 80
2021000000231097 0.507 98.0 1.3 593.4 47.8 80
2021000000231097 0.460 0.8 24.7 19.4 464.7 80
2021000000231097 0.428 263.2 2.5 442.3 14.2 80
2021000000231097 0.344 0.3 8.6 639.3 481.3 10
2021000000231097 0.340 -0.1 94.2 638.9 457.0 80
2021000000231097 0.336 635.8 -3.5 640.9 340.6 80
2021000000231097 0.326 582.2 15.1 661.8 494.0 80
2021000000231097 0.314 634.6 37.6 640.5 455.7 80
2021000000231097 0.305 -2.0 -5.3 29.6 472.1 80
2021000000231097 0.222 0.9 19.2 638.4 296.0 80
2021000000231097 0.201 612.9 378.4 648.5 473.1 80
2021000000231097 0.199 -0.7 207.3 27.1 487.5 80
2021000000231097 0.198 -48.8 1.7 581.5 16.3 80
2021000000231097 0.194 586.2 59.0 640.9 477.6 80
2021000000231097 0.192 476.6 20.0 634.8 496.7 80
2021000000231097 0.189 0.3 8.6 639.3 481.3 80
2021000000231097 0.180 -2.7 52.9 71.3 485.3 80
2021000000231097 0.166 137.8 458.8 504.1 480.6 80
2021000000231097 0.151 433.2 271.3 633.9 474.5 80
2021000000231097 0.147 65.6 419.1 300.2 480.4 80
2021000000231097 0.141 88.9 279.7 555.1 451.5 80
2021000000231097 0.140 375.2 436.5 537.1 474.9 80
2021000000231097 0.138 -1.2 110.7 100.4 416.0 80
2021000000231097 0.138 170.0 435.3 370.9 475.7 80
2021000000231097 0.137 348.0 156.9 630.1 422.8 80
2021000000231097 0.137 212.4 258.4 582.0 436.8 80
2021000000231097 0.135 429.9 461.0 585.5 483.8 80
2021000000231097 0.135 285.7 242.2 613.3 430.5 80
2021000000231097 0.134 39.1 273.2 424.7 448.2 80
2021000000231097 0.134 3.8 258.5 248.2 466.7 80
2021000000231097 0.134 111.4 245.0 533.2 429.1 80
2021000000231097 0.134 -1.7 0.7 150.5 64.4 4
2021000000231097 0.133 123.7 171.5 592.6 396.5 80
2021000000231097 0.133 324.1 457.7 480.0 481.1 80
2021000000231097 0.132 512.3 446.7 637.9 477.4 80
2021000000231097 0.131 21.4 431.0 117.7 477.8 80
2021000000231097 0.130 50.1 230.5 475.0 416.0 80
2021000000231097 0.128 20.4 127.0 232.6 422.0 80
2021000000231097 0.128 315.2 319.3 423.7 381.8 80
2021000000231097 0.128 62.7 459.2 207.5 483.3 80
2021000000231097 0.128 181.6 334.4 271.8 395.2 80
2021000000231097 0.128 64.3 181.2 531.0 385.4 80
2021000000231097 0.128 241.3 336.1 343.5 389.9 80
2021000000231097 0.127 236.6 182.2 602.9 380.3 80
2021000000231097 0.126 11.3 222.2 345.2 414.2 80
2021000000231097 0.126 243.8 145.6 559.6 368.2 80
2021000000231097 0.126 115.9 326.4 193.8 390.6 80
2021000000231097 0.124 264.5 294.1 353.8 354.0 80
2021000000231097 0.124 21.7 188.8 399.6 389.2 80
2021000000231097 0.123 271.7 278.3 406.9 348.3 80
2021000000231097 0.123 45.7 138.5 441.8 352.0 80
2021000000231097 0.122 147.1 456.8 307.2 481.9 80
2021000000231097 0.121 0.3 8.6 639.3 481.3 4
2021000000231097 0.121 40.8 174.6 464.8 370.3 80
2021000000231097 0.120 50.5 137.4 280.6 366.7 80
2021000000231097 0.119 149.2 239.2 356.6 327.0 80
2021000000231097 0.117 0.3 8.6 639.3 481.3 3
2021000000231097 0.117 -1.7 0.7 150.5 64.4 15
2021000000231097 0.117 291.8 252.6 603.7 370.6 80
2021000000231097 0.114 211.1 188.3 627.1 297.6 80
2021000000231097 0.113 124.3 223.3 519.4 358.2 80
2021000000231097 0.113 326.6 209.6 672.0 352.7 80
2021000000231097 0.112 413.5 71.8 716.3 427.4 80
2021000000231097 0.111 -52.1 64.8 171.3 165.6 80
2021000000231097 0.110 -48.0 132.3 441.2 255.7 80
2021000000231097 0.108 105.8 95.3 680.7 215.4 80
2021000000231097 0.107 346.5 23.5 839.7 152.3 80
2021000000231097 0.106 182.4 74.0 769.1 191.7 80
2021000000231097 0.106 -127.4 72.3 415.7 187.9 80
2021000000231097 0.104 23.9 30.3 655.4 143.7 80
2021000000231097 0.104 256.1 0.9 877.2 57.2 80
2021000000231097 0.103 -32.6 11.6 606.4 94.6 80
2021000000231097 0.103 -93.0 11.9 545.6 72.1 80
2021000000231097 0.699 530.8 2.0 640.2 229.7 80
2021000000231097 0.692 501.5 2.5 636.8 74.2 80
2021000000231097 0.672 598.6 434.0 641.1 481.2 80
2021000000231097 0.672 1.6 24.2 38.4 238.6 80
2021000000231097 0.654 8.5 -2.7 124.8 63.1 80
2021000000231097 0.647 0.8 14.5 46.2 235.1 80
2021000000231097 0.644 330.5 424.1 374.1 475.8 80
2021000000231097 0.635 30.5 -0.2 168.5 51.0 80
2021000000231097 0.611 288.6 448.7 391.3 478.7 80
2021000000231097 0.602 0.2 1.8 639.2 480.8 80
2021000000231097 0.585 57.2 1.3 532.2 80.1 80
2021000000231097 0.577 -0.8 -11.5 32.8 378.0 80
2021000000231097 0.574 -2.4 -3.5 27.1 57.6 80
2021000000231097 0.572 29.8 2.0 600.9 81.4 80
2021000000231097 0.569 361.3 0.7 484.6 19.7 80
2021000000231097 0.567 24.5 1.1 488.9 65.8 80
2021000000231097 0.551 0.4 110.3 11.4 451.9 80
2021000000231097 0.546 0.7 357.5 27.5 476.8 80
2021000000231097 0.543 5.9 1.5 156.3 68.7 80
2021000000231097 0.535 460.8 -0.1 552.0 19.0 80
2021000000231097 0.532 107.6 3.1 224.2 34.4 80
2021000000231097 0.532 635.5 53.1 640.2 237.3 80
2021000000231097 0.526 398.0 0.6 535.8 23.9 80
2021000000231097 0.521 635.2 264.1 640.4 436.9 80
2021000000231097 0.520 -1.7 0.7 150.5 64.4 80
2021000000231097 0.520 635.1 176.5 640.3 320.3 80
2021000000231097 0.515 1.1 302.3 9.7 454.9 80
2021000000231097 0.507 98.0 1.3 593.4 47.8 80
2021000000231097 0.460 0.8 24.7 19.4 464.7 80
2021000000231097 0.428 263.2 2.5 442.3 14.2 80
2021000000231097 0.344 0.3 8.6 639.3 481.3 10
2021000000231097 0.340 -0.1 94.2 638.9 457.0 80
2021000000231097 0.336 635.8 -3.5 640.9 340.6 80
2021000000231097 0.326 582.2 15.1 661.8 494.0 80
2021000000231097 0.314 634.6 37.6 640.5 455.7 80
2021000000231097 0.305 -2.0 -5.3 29.6 472.1 80
2021000000231097 0.222 0.9 19.2 638.4 296.0 80
2021000000231097 0.201 612.9 378.4 648.5 473.1 80
2021000000231097 0.199 -0.7 207.3 27.1 487.5 80
2021000000231097 0.198 -48.8 1.7 581.5 16.3 80
2021000000231097 0.194 586.2 59.0 640.9 477.6 80
2021000000231097 0.192 476.6 20.0 634.8 496.7 80
2021000000231097 0.189 0.3 8.6 639.3 481.3 80
2021000000231097 0.180 -2.7 52.9 71.3 485.3 80
2021000000231097 0.166 137.8 458.8 504.1 480.6 80
2021000000231097 0.151 433.2 271.3 633.9 474.5 80
2021000000231097 0.147 65.6 419.1 300.2 480.4 80
2021000000231097 0.141 88.9 279.7 555.1 451.5 80
2021000000231097 0.140 375.2 436.5 537.1 474.9 80
2021000000231097 0.138 -1.2 110.7 100.4 416.0 80
2021000000231097 0.138 170.0 435.3 370.9 475.7 80
2021000000231097 0.137 348.0 156.9 630.1 422.8 80
2021000000231097 0.137 212.4 258.4 582.0 436.8 80
2021000000231097 0.135 429.9 461.0 585.5 483.8 80
2021000000231097 0.135 285.7 242.2 613.3 430.5 80
2021000000231097 0.134 39.1 273.2 424.7 448.2 80
2021000000231097 0.134 3.8 258.5 248.2 466.7 80
2021000000231097 0.134 111.4 245.0 533.2 429.1 80
2021000000231097 0.134 -1.7 0.7 150.5 64.4 4
2021000000231097 0.133 123.7 171.5 592.6 396.5 80
2021000000231097 0.133 324.1 457.7 480.0 481.1 80
2021000000231097 0.132 512.3 446.7 637.9 477.4 80
2021000000231097 0.131 21.4 431.0 117.7 477.8 80
2021000000231097 0.130 50.1 230.5 475.0 416.0 80
2021000000231097 0.128 20.4 127.0 232.6 422.0 80
2021000000231097 0.128 315.2 319.3 423.7 381.8 80
2021000000231097 0.128 62.7 459.2 207.5 483.3 80
2021000000231097 0.128 181.6 334.4 271.8 395.2 80
2021000000231097 0.128 64.3 181.2 531.0 385.4 80
2021000000231097 0.128 241.3 336.1 343.5 389.9 80
2021000000231097 0.127 236.6 182.2 602.9 380.3 80
2021000000231097 0.126 11.3 222.2 345.2 414.2 80
2021000000231097 0.126 243.8 145.6 559.6 368.2 80
2021000000231097 0.126 115.9 326.4 193.8 390.6 80
2021000000231097 0.124 264.5 294.1 353.8 354.0 80
2021000000231097 0.124 21.7 188.8 399.6 389.2 80
2021000000231097 0.123 271.7 278.3 406.9 348.3 80
2021000000231097 0.123 45.7 138.5 441.8 352.0 80
2021000000231097 0.122 147.1 456.8 307.2 481.9 80
2021000000231097 0.121 0.3 8.6 639.3 481.3 4
2021000000231097 0.121 40.8 174.6 464.8 370.3 80
2021000000231097 0.120 50.5 137.4 280.6 366.7 80
2021000000231097 0.119 149.2 239.2 356.6 327.0 80
2021000000231097 0.117 0.3 8.6 639.3 481.3 3
2021000000231097 0.117 -1.7 0.7 150.5 64.4 15
2021000000231097 0.117 291.8 252.6 603.7 370.6 80
2021000000231097 0.114 211.1 188.3 627.1 297.6 80
2021000000231097 0.113 124.3 223.3 519.4 358.2 80
2021000000231097 0.113 326.6 209.6 672.0 352.7 80
2021000000231097 0.112 413.5 71.8 716.3 427.4 80
2021000000231097 0.111 -52.1 64.8 171.3 165.6 80
2021000000231097 0.110 -48.0 132.3 441.2 255.7 80
2021000000231097 0.108 105.8 95.3 680.7 215.4 80
2021000000231097 0.107 346.5 23.5 839.7 152.3 80
2021000000231097 0.106 182.4 74.0 769.1 191.7 80
2021000000231097 0.106 -127.4 72.3 415.7 187.9 80
2021000000231097 0.104 23.9 30.3 655.4 143.7 80
2021000000231097 0.104 256.1 0.9 877.2 57.2 80
2021000000231097 0.103 -32.6 11.6 606.4 94.6 80
2021000000231097 0.103 -93.0 11.9 545.6 72.1 80
2021000000231097 0.699 530.8 2.0 640.2 229.7 80
2021000000231097 0.692 501.5 2.5 636.8 74.2 80
2021000000231097 0.672 598.6 434.0 641.1 481.2 80
2021000000231097 0.672 1.6 24.2 38.4 238.6 80
2021000000231097 0.654 8.5 -2.7 124.8 63.1 80
2021000000231097 0.647 0.8 14.5 46.2 235.1 80
2021000000231097 0.644 330.5 424.1 374.1 475.8 80
2021000000231097 0.635 30.5 -0.2 168.5 51.0 80
2021000000231097 0.611 288.6 448.7 391.3 478.7 80
2021000000231097 0.602 0.2 1.8 639.2 480.8 80
2021000000231097 0.585 57.2 1.3 532.2 80.1 80
2021000000231097 0.577 -0.8 -11.5 32.8 378.0 80
2021000000231097 0.574 -2.4 -3.5 27.1 57.6 80
2021000000231097 0.572 29.8 2.0 600.9 81.4 80
2021000000231097 0.569 361.3 0.7 484.6 19.7 80
2021000000231097 0.567 24.5 1.1 488.9 65.8 80
2021000000231097 0.551 0.4 110.3 11.4 451.9 80
2021000000231097 0.546 0.7 357.5 27.5 476.8 80
2021000000231097 0.543 5.9 1.5 156.3 68.7 80
2021000000231097 0.535 460.8 -0.1 552.0 19.0 80
2021000000231097 0.532 107.6 3.1 224.2 34.4 80
2021000000231097 0.532 635.5 53.1 640.2 237.3 80
2021000000231097 0.526 398.0 0.6 535.8 23.9 80
2021000000231097 0.521 635.2 264.1 640.4 436.9 80
2021000000231097 0.520 -1.7 0.7 150.5 64.4 80
2021000000231097 0.520 635.1 176.5 640.3 320.3 80
2021000000231097 0.515 1.1 302.3 9.7 454.9 80
2021000000231097 0.507 98.0 1.3 593.4 47.8 80
2021000000231097 0.460 0.8 24.7 19.4 464.7 80
2021000000231097 0.428 263.2 2.5 442.3 14.2 80
2021000000231097 0.344 0.3 8.6 639.3 481.3 10
2021000000231097 0.340 -0.1 94.2 638.9 457.0 80
2021000000231097 0.336 635.8 -3.5 640.9 340.6 80
2021000000231097 0.326 582.2 15.1 661.8 494.0 80
2021000000231097 0.314 634.6 37.6 640.5 455.7 80
2021000000231097 0.305 -2.0 -5.3 29.6 472.1 80
2021000000231097 0.222 0.9 19.2 638.4 296.0 80
2021000000231097 0.201 612.9 378.4 648.5 473.1 80
2021000000231097 0.199 -0.7 207.3 27.1 487.5 80
2021000000231097 0.198 -48.8 1.7 581.5 16.3 80
2021000000231097 0.194 586.2 59.0 640.9 477.6 80
2021000000231097 0.192 476.6 20.0 634.8 496.7 80
2021000000231097 0.189 0.3 8.6 639.3 481.3 80
2021000000231097 0.180 -2.7 52.9 71.3 485.3 80
2021000000231097 0.166 137.8 458.8 504.1 480.6 80
2021000000231097 0.151 433.2 271.3 633.9 474.5 80
2021000000231097 0.147 65.6 419.1 300.2 480.4 80
2021000000231097 0.141 88.9 279.7 555.1 451.5 80
2021000000231097 0.140 375.2 436.5 537.1 474.9 80
2021000000231097 0.138 -1.2 110.7 100.4 416.0 80
2021000000231097 0.138 170.0 435.3 370.9 475.7 80
2021000000231097 0.137 348.0 156.9 630.1 422.8 80
2021000000231097 0.137 212.4 258.4 582.0 436.8 80
2021000000231097 0.135 429.9 461.0 585.5 483.8 80
2021000000231097 0.135 285.7 242.2 613.3 430.5 80
2021000000231097 0.134 39.1 273.2 424.7 448.2 80
2021000000231097 0.134 3.8 258.5 248.2 466.7 80
2021000000231097 0.134 111.4 245.0 533.2 429.1 80
2021000000231097 0.134 -1.7 0.7 150.5 64.4 4
2021000000231097 0.133 123.7 171.5 592.6 396.5 80
2021000000231097 0.133 324.1 457.7 480.0 481.1 80
2021000000231097 0.132 512.3 446.7 637.9 477.4 80
2021000000231097 0.131 21.4 431.0 117.7 477.8 80
2021000000231097 0.130 50.1 230.5 475.0 416.0 80
2021000000231097 0.128 20.4 127.0 232.6 422.0 80
2021000000231097 0.128 315.2 319.3 423.7 381.8 80
2021000000231097 0.128 62.7 459.2 207.5 483.3 80
2021000000231097 0.128 181.6 334.4 271.8 395.2 80
2021000000231097 0.128 64.3 181.2 531.0 385.4 80
2021000000231097 0.128 241.3 336.1 343.5 389.9 80
2021000000231097 0.127 236.6 182.2 602.9 380.3 80
2021000000231097 0.126 11.3 222.2 345.2 414.2 80
2021000000231097 0.126 243.8 145.6 559.6 368.2 80
2021000000231097 0.126 115.9 326.4 193.8 390.6 80
2021000000231097 0.124 264.5 294.1 353.8 354.0 80
2021000000231097 0.124 21.7 188.8 399.6 389.2 80
2021000000231097 0.123 271.7 278.3 406.9 348.3 80
2021000000231097 0.123 45.7 138.5 441.8 352.0 80
2021000000231097 0.122 147.1 456.8 307.2 481.9 80
2021000000231097 0.121 0.3 8.6 639.3 481.3 4
2021000000231097 0.121 40.8 174.6 464.8 370.3 80
2021000000231097 0.120 50.5 137.4 280.6 366.7 80
2021000000231097 0.119 149.2 239.2 356.6 327.0 80
2021000000231097 0.117 0.3 8.6 639.3 481.3 3
2021000000231097 0.117 -1.7 0.7 150.5 64.4 15
2021000000231097 0.117 291.8 252.6 603.7 370.6 80
2021000000231097 0.114 211.1 188.3 627.1 297.6 80
2021000000231097 0.113 124.3 223.3 519.4 358.2 80
2021000000231097 0.113 326.6 209.6 672.0 352.7 80
2021000000231097 0.112 413.5 71.8 716.3 427.4 80
2021000000231097 0.111 -52.1 64.8 171.3 165.6 80
2021000000231097 0.110 -48.0 132.3 441.2 255.7 80
2021000000231097 0.108 105.8 95.3 680.7 215.4 80
2021000000231097 0.107 346.5 23.5 839.7 152.3 80
2021000000231097 0.106 182.4 74.0 769.1 191.7 80
2021000000231097 0.106 -127.4 72.3 415.7 187.9 80
2021000000231097 0.104 23.9 30.3 655.4 143.7 80
2021000000231097 0.104 256.1 0.9 877.2 57.2 80
2021000000231097 0.103 -32.6 11.6 606.4 94.6 80
2021000000231097 0.103 -93.0 11.9 545.6 72.1 80
2021000000231097 0.000 309.5 93.5 477.1 291.4 80
2021000000231097 0.000 0.9 54.9 132.5 317.2 80
2021000000231097 0.000 183.6 173.7 269.1 259.1 80
2021000000231097 0.000 270.3 142.8 352.4 227.9 80
2021000000231097 0.000 474.6 139.5 622.4 344.0 80
2021000000231097 0.000 327.1 176.3 405.8 261.8 80
2021000000231097 0.000 200.2 40.0 389.1 270.9 80
2021000000231097 0.000 57.9 278.5 137.4 369.8 80
2021000000231097 0.000 174.2 105.0 265.7 193.9 80
2021000000231097 0.000 104.1 150.3 188.1 238.7 80
2021000000231097 0.000 253.0 66.1 348.6 153.4 80
2021000000231097 0.000 580.3 164.1 639.5 270.3 80
2021000000231097 0.000 496.1 124.2 591.0 210.2 80
2021000000231097 0.000 446.0 185.7 526.1 270.2 80
2021000000231097 0.000 174.9 279.1 258.3 374.7 80
2021000000231097 0.000 24.7 33.1 264.3 249.3 80
2021000000231097 0.000 1.6 257.4 61.5 364.8 80
2021000000231097 0.000 381.1 218.2 460.6 302.3 80
2021000000231097 0.000 580.1 246.6 639.5 352.7 80
2021000000231097 0.000 455.8 252.8 532.1 340.1 80
2021000000231097 0.000 401.0 128.9 481.6 214.7 80
2021000000231097 0.000 414.3 10.4 635.7 245.5 80
2021000000231097 0.000 367.7 169.8 621.8 329.9 80
2021000000231097 0.000 262.9 204.7 342.1 288.5 80
2021000000231097 0.000 0.8 160.8 130.7 458.1 80
2021000000231097 0.000 42.4 162.8 213.5 354.3 80
2021000000231097 0.000 1.0 193.6 60.2 300.2 80
2021000000231097 0.000 114.8 240.1 191.7 325.0 80
2021000000231097 0.000 574.5 68.9 639.7 196.4 80
2021000000231097 0.000 150.7 207.0 298.4 405.1 80
2021000000231097 0.000 278.8 322.1 366.9 424.9 80
2021000000231097 0.000 190.8 220.1 269.9 304.2 80
2021000000231097 0.000 524.6 225.8 607.8 310.2 80
2021000000231097 0.000 34.3 198.2 121.5 282.7 80
2021000000231097 0.000 414.3 279.0 491.7 377.7 80
2021000000231097 0.000 259.2 149.1 408.4 353.2 80
2021000000231097 0.000 227.0 72.1 603.2 342.2 80
2021000000231097 0.000 322.7 158.4 469.5 445.3 80
2021000000231097 0.000 0.3 115.4 65.7 222.4 80
2021000000231097 0.000 0.6 27.9 66.3 135.7 80
2021000000231097 0.000 59.2 138.1 364.3 331.4 80
2021000000231097 0.000 129.1 64.4 313.7 405.8 80
2021000000231097 0.000 326.8 4.4 421.7 93.9 80
2021000000231097 0.000 413.0 60.5 519.9 148.9 80
2021000000231097 0.000 55.1 27.1 491.3 330.7 80
2021000000231097 0.000 0.6 319.1 74.7 473.3 80
2021000000231097 0.000 228.3 281.8 304.6 384.6 80
2021000000231097 0.000 566.4 313.4 639.5 471.7 80
2021000000231097 0.000 510.0 145.0 639.5 455.1 80
2021000000231097 0.000 13.2 13.3 629.1 255.5 80
2021000000231097 0.000 330.7 54.0 548.1 398.2 80
2021000000231097 0.000 114.9 21.3 522.3 466.7 80
2021000000231097 0.000 327.6 216.2 468.0 386.5 80
2021000000231097 0.000 -3.3 6.7 366.2 475.7 80
2021000000231097 0.000 10.1 113.6 294.0 473.7 80
2021000000231097 0.000 0.6 29.0 187.7 465.4 80
2021000000231097 0.000 272.5 7.6 636.2 477.0 80
2021000000231097 0.000 167.6 100.1 471.2 467.9 80
2021000000231097 0.000 199.6 258.0 449.4 472.8 80
2021000000231097 0.000 217.7 135.9 397.2 452.2 80
2021000000231097 0.000 196.0 26.6 455.0 461.9 80
2021000000231097 0.000 457.4 22.9 641.1 462.3 80
2021000000231097 0.000 87.7 86.9 572.7 411.4 80
2021000000231097 0.000 226.3 10.3 534.9 162.7 80
2021000000231097 0.000 55.5 326.0 370.6 478.2 80
2021000000231097 0.000 2.7 87.3 468.6 472.6 80
2021000000231097 0.000 6.3 357.0 167.0 479.1 80
2021000000231097 0.000 15.1 234.0 237.0 468.2 80
2021000000231097 0.000 390.5 230.2 617.4 467.3 80
2021000000231097 0.000 281.3 254.4 356.3 338.8 80
2021000000231097 0.000 30.8 187.0 432.8 466.7 80
2021000000231097 0.000 2.9 1.4 528.4 477.4 80
2021000000231097 0.000 192.8 167.8 455.2 292.6 80
2021000000231097 0.000 350.8 109.9 628.0 477.5 80
2021000000231097 0.000 3.6 292.2 634.8 479.2 80
2021000000231097 0.000 282.2 329.1 607.6 478.1 80
2021000000231097 0.000 107.9 1.1 635.1 477.3 80
2021000000231097 0.000 202.7 86.5 633.6 475.1 80
2021000000231097 0.000 201.8 192.4 593.0 467.1 80
2021000000231097 0.000 463.8 313.5 632.7 472.2 80
2021000000231097 0.000 56.5 77.3 150.1 175.0 80
2021000000231097 0.000 166.0 130.1 468.3 376.3 80
2021000000231097 0.000 28.3 55.2 611.2 469.2 80
2021000000231097 0.000 76.8 181.9 524.2 348.1 80
2021000000231097 0.000 0.2 128.8 638.7 469.2 80
2021000000231097 0.000 312.1 258.2 382.3 350.5 80
2021000000231097 0.000 15.9 120.9 627.0 347.9 80
2021000000231097 0.000 0.8 0.1 639.6 478.6 80
2021000000231097 0.000 1.4 23.1 638.5 396.5 80
2021000000231097 0.000 366.2 320.1 436.2 408.4 80
2021000000231097 0.000 542.7 7.6 638.5 109.6 80
2021000000231097 0.000 15.9 120.9 627.0 347.9 0
2021000000231097 0.000 0.8 0.1 639.6 478.6 7
2021000000231097 0.000 10.1 113.6 294.0 473.7 14
2021000000231097 0.000 330.7 54.0 548.1 398.2 14
2021000000231097 0.000 129.1 64.4 313.7 405.8 14
2021000000231097 0.000 217.7 135.9 397.2 452.2 14
2021000000231097 0.000 350.8 109.9 628.0 477.5 14
2021000000231097 0.000 196.0 26.6 455.0 461.9 14
2021000000231097 0.000 272.5 7.6 636.2 477.0 14
2021000000231097 0.000 309.5 93.5 477.1 291.4 80
2021000000231097 0.000 0.9 54.9 132.5 317.2 80
2021000000231097 0.000 183.6 173.7 269.1 259.1 80
2021000000231097 0.000 270.3 142.8 352.4 227.9 80
2021000000231097 0.000 474.6 139.5 622.4 344.0 80
2021000000231097 0.000 327.1 176.3 405.8 261.8 80
2021000000231097 0.000 200.2 40.0 389.1 270.9 80
2021000000231097 0.000 57.9 278.5 137.4 369.8 80
2021000000231097 0.000 174.2 105.0 265.7 193.9 80
2021000000231097 0.000 104.1 150.3 188.1 238.7 80
2021000000231097 0.000 253.0 66.1 348.6 153.4 80
2021000000231097 0.000 580.3 164.1 639.5 270.3 80
2021000000231097 0.000 496.1 124.2 591.0 210.2 80
2021000000231097 0.000 446.0 185.7 526.1 270.2 80
2021000000231097 0.000 174.9 279.1 258.3 374.7 80
2021000000231097 0.000 24.7 33.1 264.3 249.3 80
2021000000231097 0.000 1.6 257.4 61.5 364.8 80
2021000000231097 0.000 381.1 218.2 460.6 302.3 80
2021000000231097 0.000 580.1 246.6 639.5 352.7 80
2021000000231097 0.000 455.8 252.8 532.1 340.1 80
2021000000231097 0.000 401.0 128.9 481.6 214.7 80
2021000000231097 0.000 414.3 10.4 635.7 245.5 80
2021000000231097 0.000 367.7 169.8 621.8 329.9 80
2021000000231097 0.000 262.9 204.7 342.1 288.5 80
2021000000231097 0.000 0.8 160.8 130.7 458.1 80
2021000000231097 0.000 42.4 162.8 213.5 354.3 80
2021000000231097 0.000 1.0 193.6 60.2 300.2 80
2021000000231097 0.000 114.8 240.1 191.7 325.0 80
2021000000231097 0.000 574.5 68.9 639.7 196.4 80
2021000000231097 0.000 150.7 207.0 298.4 405.1 80
2021000000231097 0.000 278.8 322.1 366.9 424.9 80
2021000000231097 0.000 190.8 220.1 269.9 304.2 80
2021000000231097 0.000 524.6 225.8 607.8 310.2 80
2021000000231097 0.000 34.3 198.2 121.5 282.7 80
2021000000231097 0.000 414.3 279.0 491.7 377.7 80
2021000000231097 0.000 259.2 149.1 408.4 353.2 80
2021000000231097 0.000 227.0 72.1 603.2 342.2 80
2021000000231097 0.000 322.7 158.4 469.5 445.3 80
2021000000231097 0.000 0.3 115.4 65.7 222.4 80
2021000000231097 0.000 0.6 27.9 66.3 135.7 80
2021000000231097 0.000 59.2 138.1 364.3 331.4 80
2021000000231097 0.000 129.1 64.4 313.7 405.8 80
2021000000231097 0.000 326.8 4.4 421.7 93.9 80
2021000000231097 0.000 413.0 60.5 519.9 148.9 80
2021000000231097 0.000 55.1 27.1 491.3 330.7 80
2021000000231097 0.000 0.6 319.1 74.7 473.3 80
2021000000231097 0.000 228.3 281.8 304.6 384.6 80
2021000000231097 0.000 566.4 313.4 639.5 471.7 80
2021000000231097 0.000 510.0 145.0 639.5 455.1 80
2021000000231097 0.000 13.2 13.3 629.1 255.5 80
2021000000231097 0.000 330.7 54.0 548.1 398.2 80
2021000000231097 0.000 114.9 21.3 522.3 466.7 80
2021000000231097 0.000 327.6 216.2 468.0 386.5 80
2021000000231097 0.000 -3.3 6.7 366.2 475.7 80
2021000000231097 0.000 10.1 113.6 294.0 473.7 80
2021000000231097 0.000 0.6 29.0 187.7 465.4 80
2021000000231097 0.000 272.5 7.6 636.2 477.0 80
2021000000231097 0.000 167.6 100.1 471.2 467.9 80
2021000000231097 0.000 199.6 258.0 449.4 472.8 80
2021000000231097 0.000 217.7 135.9 397.2 452.2 80
2021000000231097 0.000 196.0 26.6 455.0 461.9 80
2021000000231097 0.000 457.4 22.9 641.1 462.3 80
2021000000231097 0.000 87.7 86.9 572.7 411.4 80
2021000000231097 0.000 226.3 10.3 534.9 162.7 80
2021000000231097 0.000 55.5 326.0 370.6 478.2 80
2021000000231097 0.000 2.7 87.3 468.6 472.6 80
2021000000231097 0.000 6.3 357.0 167.0 479.1 80
2021000000231097 0.000 15.1 234.0 237.0 468.2 80
2021000000231097 0.000 390.5 230.2 617.4 467.3 80
2021000000231097 0.000 281.3 254.4 356.3 338.8 80
2021000000231097 0.000 30.8 187.0 432.8 466.7 80
2021000000231097 0.000 2.9 1.4 528.4 477.4 80
2021000000231097 0.000 192.8 167.8 455.2 292.6 80
2021000000231097 0.000 350.8 109.9 628.0 477.5 80
2021000000231097 0.000 3.6 292.2 634.8 479.2 80
2021000000231097 0.000 282.2 329.1 607.6 478.1 80
2021000000231097 0.000 107.9 1.1 635.1 477.3 80
2021000000231097 0.000 202.7 86.5 633.6 475.1 80
2021000000231097 0.000 201.8 192.4 593.0 467.1 80
2021000000231097 0.000 463.8 313.5 632.7 472.2 80
2021000000231097 0.000 56.5 77.3 150.1 175.0 80
2021000000231097 0.000 166.0 130.1 468.3 376.3 80
2021000000231097 0.000 28.3 55.2 611.2 469.2 80
2021000000231097 0.000 76.8 181.9 524.2 348.1 80
2021000000231097 0.000 0.2 128.8 638.7 469.2 80
2021000000231097 0.000 312.1 258.2 382.3 350.5 80
2021000000231097 0.000 15.9 120.9 627.0 347.9 80
2021000000231097 0.000 0.8 0.1 639.6 478.6 80
2021000000231097 0.000 1.4 23.1 638.5 396.5 80
2021000000231097 0.000 366.2 320.1 436.2 408.4 80
2021000000231097 0.000 542.7 7.6 638.5 109.6 80
2021000000231097 0.000 15.9 120.9 627.0 347.9 0
2021000000231097 0.000 0.8 0.1 639.6 478.6 7
2021000000231097 0.000 10.1 113.6 294.0 473.7 14
2021000000231097 0.000 330.7 54.0 548.1 398.2 14
2021000000231097 0.000 129.1 64.4 313.7 405.8 14
2021000000231097 0.000 217.7 135.9 397.2 452.2 14
2021000000231097 0.000 350.8 109.9 628.0 477.5 14
2021000000231097 0.000 196.0 26.6 455.0 461.9 14
2021000000231097 0.000 272.5 7.6 636.2 477.0 14
