2021007367 0.657 465.7 344.5 499.9 374.2 80
2021007367 0.651 117.0 208.8 136.5 232.7 80
2021007367 0.644 183.5 192.5 269.7 231.1 80
2021007367 0.635 264.2 184.2 399.1 229.9 80
2021007367 0.621 252.7 221.0 271.7 236.4 80
2021007367 0.616 78.5 184.1 134.8 220.0 80
2021007367 0.610 106.2 181.4 377.4 236.8 80
2021007367 0.604 271.7 173.6 350.3 205.6 80
2021007367 0.603 130.9 183.0 242.2 230.1 80
2021007367 0.603 122.0 196.1 149.0 220.8 80
2021007367 0.594 132.9 180.8 262.2 236.1 80
2021007367 0.593 9.0 231.1 30.7 247.7 80
2021007367 0.588 423.4 213.5 449.9 228.7 80
2021007367 0.579 21.8 226.4 38.9 244.8 80
2021007367 0.557 386.1 214.1 403.8 229.5 80
2021007367 0.553 101.3 181.8 274.4 229.0 80
2021007367 0.552 486.0 210.6 500.8 225.6 80
2021007367 0.546 216.9 183.1 453.6 229.5 80
2021007367 0.542 483.7 208.8 497.1 224.6 80
2021007367 0.541 374.4 216.3 392.5 232.0 80
2021007367 0.539 15.7 227.7 34.2 246.1 80
2021007367 0.530 271.2 183.9 368.9 221.6 80
2021007367 0.529 130.1 179.2 271.5 235.1 5
2021007367 0.525 437.7 220.3 448.6 233.1 80
2021007367 0.524 65.4 364.6 164.4 374.7 80
2021007367 0.515 486.3 205.9 498.8 224.0 80
2021007367 0.511 494.9 208.4 500.6 245.0 80
2021007367 0.500 438.0 215.8 450.4 229.8 80
2021007367 0.494 171.3 361.1 343.2 374.7 80
2021007367 0.494 280.0 208.1 312.9 230.8 80
2021007367 0.485 375.2 211.2 400.2 228.9 80
2021007367 0.457 134.4 189.1 273.4 230.9 80
2021007367 0.455 439.3 213.4 452.0 226.5 80
2021007367 0.438 273.5 190.8 372.0 231.9 80
2021007367 0.437 373.2 211.2 400.3 229.9 80
2021007367 0.429 105.0 196.2 373.2 235.2 80
2021007367 0.428 141.5 180.6 250.7 224.0 80
2021007367 0.427 180.8 198.1 265.3 237.1 80
2021007367 0.400 497.9 138.6 500.2 206.2 80
2021007367 0.384 10.8 230.5 34.8 247.4 3
2021007367 0.337 271.1 177.7 374.5 211.9 80
2021007367 0.325 438.9 216.2 450.2 228.8 80
2021007367 0.281 2.4 165.7 10.9 329.2 80
2021007367 0.279 10.8 230.5 34.8 247.4 80
2021007367 0.262 111.7 365.3 240.8 376.0 80
2021007367 0.256 2.2 38.8 17.4 247.3 80
2021007367 0.247 0.7 201.5 3.4 315.6 80
2021007367 0.244 6.4 179.3 18.6 234.4 80
2021007367 0.214 0.3 3.5 4.8 82.2 80
2021007367 0.212 0.3 48.1 3.4 180.5 80
2021007367 0.209 213.9 218.6 269.9 235.1 80
2021007367 0.202 -3.4 346.6 25.5 378.9 80
2021007367 0.196 341.2 365.0 469.3 376.9 80
2021007367 0.168 438.9 216.2 450.2 228.8 3
2021007367 0.164 482.7 267.7 506.0 368.7 80
2021007367 0.164 271.1 177.7 374.5 211.9 18
2021007367 0.163 199.6 229.1 238.7 258.2 80
2021007367 0.160 330.6 230.5 363.3 258.3 80
2021007367 0.159 13.8 182.8 35.8 231.1 80
2021007367 0.157 153.6 361.0 339.7 375.2 80
2021007367 0.157 71.3 197.9 339.3 252.0 80
2021007367 0.152 141.8 236.7 224.5 261.0 80
2021007367 0.151 63.9 258.4 102.5 290.9 80
2021007367 0.151 438.9 216.2 450.2 228.8 14
2021007367 0.150 20.1 171.2 266.0 225.8 80
2021007367 0.148 246.9 358.9 384.8 376.5 80
2021007367 0.145 63.6 318.8 203.6 377.0 80
2021007367 0.145 297.7 334.0 432.8 374.4 80
2021007367 0.145 345.3 194.7 505.5 364.2 80
2021007367 0.144 12.9 350.3 100.1 374.5 80
2021007367 0.142 271.1 177.7 374.5 211.9 3
2021007367 0.142 103.2 87.7 396.9 188.8 80
2021007367 0.142 141.0 318.7 280.6 373.7 80
2021007367 0.141 157.9 228.6 194.9 259.2 80
2021007367 0.141 251.1 232.1 288.1 261.9 80
2021007367 0.140 204.7 330.5 339.2 373.0 80
2021007367 0.135 120.3 227.7 388.1 352.5 80
2021007367 0.134 403.7 349.9 494.3 373.8 80
2021007367 0.132 55.3 212.1 291.8 338.2 80
2021007367 0.132 130.1 179.2 271.5 235.1 18
2021007367 0.131 82.3 269.3 123.5 295.4 80
2021007367 0.131 9.4 202.9 179.7 356.9 80
2021007367 0.128 104.8 262.0 163.8 289.4 80
2021007367 0.125 108.5 134.0 391.5 230.4 80
2021007367 0.121 477.4 59.7 504.9 151.7 80
2021007367 0.119 266.0 263.1 421.4 325.1 80
2021007367 0.117 373.2 211.2 400.3 229.9 5
2021007367 0.113 180.7 236.2 457.0 293.7 80
2021007367 0.111 130.1 179.2 271.5 235.1 3
2021007367 0.110 -2.3 55.9 268.3 124.1 80
2021007367 0.108 -89.7 23.2 279.4 79.8 80
2021007367 0.108 228.1 26.0 581.2 87.1 80
2021007367 0.107 56.1 4.9 537.2 50.9 80
2021007367 0.107 290.0 13.8 609.8 59.9 80
2021007367 0.105 -46.4 1.7 450.6 29.6 80
2021007367 0.104 1.3 2.0 497.1 28.6 80
2021007367 0.098 71.6 0.2 570.6 25.1 80
2021007367 0.095 -28.1 -3.5 88.8 24.1 80
2021007367 0.094 -39.9 -2.3 458.8 21.0 80
2021007367 0.094 -139.6 -0.6 357.6 23.8 80
2021007367 0.657 465.7 344.5 499.9 374.2 80
2021007367 0.651 117.0 208.8 136.5 232.7 80
2021007367 0.644 183.5 192.5 269.7 231.1 80
2021007367 0.635 264.2 184.2 399.1 229.9 80
2021007367 0.621 252.7 221.0 271.7 236.4 80
2021007367 0.616 78.5 184.1 134.8 220.0 80
2021007367 0.610 106.2 181.4 377.4 236.8 80
2021007367 0.604 271.7 173.6 350.3 205.6 80
2021007367 0.603 130.9 183.0 242.2 230.1 80
2021007367 0.603 122.0 196.1 149.0 220.8 80
2021007367 0.594 132.9 180.8 262.2 236.1 80
2021007367 0.593 9.0 231.1 30.7 247.7 80
2021007367 0.588 423.4 213.5 449.9 228.7 80
2021007367 0.579 21.8 226.4 38.9 244.8 80
2021007367 0.557 386.1 214.1 403.8 229.5 80
2021007367 0.553 101.3 181.8 274.4 229.0 80
2021007367 0.552 486.0 210.6 500.8 225.6 80
2021007367 0.546 216.9 183.1 453.6 229.5 80
2021007367 0.542 483.7 208.8 497.1 224.6 80
2021007367 0.541 374.4 216.3 392.5 232.0 80
2021007367 0.539 15.7 227.7 34.2 246.1 80
2021007367 0.530 271.2 183.9 368.9 221.6 80
2021007367 0.529 130.1 179.2 271.5 235.1 5
2021007367 0.525 437.7 220.3 448.6 233.1 80
2021007367 0.524 65.4 364.6 164.4 374.7 80
2021007367 0.515 486.3 205.9 498.8 224.0 80
2021007367 0.511 494.9 208.4 500.6 245.0 80
2021007367 0.500 438.0 215.8 450.4 229.8 80
2021007367 0.494 171.3 361.1 343.2 374.7 80
2021007367 0.494 280.0 208.1 312.9 230.8 80
2021007367 0.485 375.2 211.2 400.2 228.9 80
2021007367 0.457 134.4 189.1 273.4 230.9 80
2021007367 0.455 439.3 213.4 452.0 226.5 80
2021007367 0.438 273.5 190.8 372.0 231.9 80
2021007367 0.437 373.2 211.2 400.3 229.9 80
2021007367 0.429 105.0 196.2 373.2 235.2 80
2021007367 0.428 141.5 180.6 250.7 224.0 80
2021007367 0.427 180.8 198.1 265.3 237.1 80
2021007367 0.400 497.9 138.6 500.2 206.2 80
2021007367 0.384 10.8 230.5 34.8 247.4 3
2021007367 0.337 271.1 177.7 374.5 211.9 80
2021007367 0.325 438.9 216.2 450.2 228.8 80
2021007367 0.281 2.4 165.7 10.9 329.2 80
2021007367 0.279 10.8 230.5 34.8 247.4 80
2021007367 0.262 111.7 365.3 240.8 376.0 80
2021007367 0.256 2.2 38.8 17.4 247.3 80
2021007367 0.247 0.7 201.5 3.4 315.6 80
2021007367 0.244 6.4 179.3 18.6 234.4 80
2021007367 0.214 0.3 3.5 4.8 82.2 80
2021007367 0.212 0.3 48.1 3.4 180.5 80
2021007367 0.209 213.9 218.6 269.9 235.1 80
2021007367 0.202 -3.4 346.6 25.5 378.9 80
2021007367 0.196 341.2 365.0 469.3 376.9 80
2021007367 0.168 438.9 216.2 450.2 228.8 3
2021007367 0.164 482.7 267.7 506.0 368.7 80
2021007367 0.164 271.1 177.7 374.5 211.9 18
2021007367 0.163 199.6 229.1 238.7 258.2 80
2021007367 0.160 330.6 230.5 363.3 258.3 80
2021007367 0.159 13.8 182.8 35.8 231.1 80
2021007367 0.157 153.6 361.0 339.7 375.2 80
2021007367 0.157 71.3 197.9 339.3 252.0 80
2021007367 0.152 141.8 236.7 224.5 261.0 80
2021007367 0.151 63.9 258.4 102.5 290.9 80
2021007367 0.151 438.9 216.2 450.2 228.8 14
2021007367 0.150 20.1 171.2 266.0 225.8 80
2021007367 0.148 246.9 358.9 384.8 376.5 80
2021007367 0.145 63.6 318.8 203.6 377.0 80
2021007367 0.145 297.7 334.0 432.8 374.4 80
2021007367 0.145 345.3 194.7 505.5 364.2 80
2021007367 0.144 12.9 350.3 100.1 374.5 80
2021007367 0.142 271.1 177.7 374.5 211.9 3
2021007367 0.142 103.2 87.7 396.9 188.8 80
2021007367 0.142 141.0 318.7 280.6 373.7 80
2021007367 0.141 157.9 228.6 194.9 259.2 80
2021007367 0.141 251.1 232.1 288.1 261.9 80
2021007367 0.140 204.7 330.5 339.2 373.0 80
2021007367 0.135 120.3 227.7 388.1 352.5 80
2021007367 0.134 403.7 349.9 494.3 373.8 80
2021007367 0.132 55.3 212.1 291.8 338.2 80
2021007367 0.132 130.1 179.2 271.5 235.1 18
2021007367 0.131 82.3 269.3 123.5 295.4 80
2021007367 0.131 9.4 202.9 179.7 356.9 80
2021007367 0.128 104.8 262.0 163.8 289.4 80
2021007367 0.125 108.5 134.0 391.5 230.4 80
2021007367 0.121 477.4 59.7 504.9 151.7 80
2021007367 0.119 266.0 263.1 421.4 325.1 80
2021007367 0.117 373.2 211.2 400.3 229.9 5
2021007367 0.113 180.7 236.2 457.0 293.7 80
2021007367 0.111 130.1 179.2 271.5 235.1 3
2021007367 0.110 -2.3 55.9 268.3 124.1 80
2021007367 0.108 -89.7 23.2 279.4 79.8 80
2021007367 0.108 228.1 26.0 581.2 87.1 80
2021007367 0.107 56.1 4.9 537.2 50.9 80
2021007367 0.107 290.0 13.8 609.8 59.9 80
2021007367 0.105 -46.4 1.7 450.6 29.6 80
2021007367 0.104 1.3 2.0 497.1 28.6 80
2021007367 0.098 71.6 0.2 570.6 25.1 80
2021007367 0.095 -28.1 -3.5 88.8 24.1 80
2021007367 0.094 -39.9 -2.3 458.8 21.0 80
2021007367 0.094 -139.6 -0.6 357.6 23.8 80
2021007367 0.000 242.0 73.2 372.7 227.7 80
2021007367 0.000 0.9 43.1 103.5 247.8 80
2021007367 0.000 143.7 135.9 210.3 202.4 80
2021007367 0.000 211.4 111.8 275.3 178.0 80
2021007367 0.000 371.0 109.2 486.3 268.7 80
2021007367 0.000 255.8 137.9 317.1 204.5 80
2021007367 0.000 156.6 31.4 304.0 211.6 80
2021007367 0.000 45.5 217.8 107.4 288.9 80
2021007367 0.000 136.3 82.3 207.6 151.5 80
2021007367 0.000 81.5 117.6 146.9 186.5 80
2021007367 0.000 197.9 51.8 272.4 119.8 80
2021007367 0.000 453.6 128.4 499.6 211.2 80
2021007367 0.000 387.8 97.3 461.7 164.2 80
2021007367 0.000 348.6 145.3 411.0 211.1 80
2021007367 0.000 136.9 218.3 201.8 292.7 80
2021007367 0.000 19.5 26.1 206.5 194.8 80
2021007367 0.000 1.5 201.3 48.0 285.0 80
2021007367 0.000 297.9 170.7 359.9 236.2 80
2021007367 0.000 453.4 192.9 499.6 275.6 80
2021007367 0.000 356.3 197.7 415.7 265.7 80
2021007367 0.000 313.5 100.9 376.2 167.7 80
2021007367 0.000 323.9 8.3 496.6 191.8 80
2021007367 0.000 287.5 132.8 485.8 257.7 80
2021007367 0.000 205.6 160.1 267.3 225.4 80
2021007367 0.000 0.9 125.8 102.1 357.9 80
2021007367 0.000 33.3 127.4 166.8 276.8 80
2021007367 0.000 1.0 151.5 47.1 234.6 80
2021007367 0.000 89.9 187.8 149.8 253.9 80
2021007367 0.000 449.0 54.1 499.7 153.4 80
2021007367 0.000 117.9 161.9 233.2 316.5 80
2021007367 0.000 218.0 251.8 286.7 331.9 80
2021007367 0.000 149.3 172.2 210.8 237.6 80
2021007367 0.000 410.1 176.6 474.8 242.3 80
2021007367 0.000 27.0 155.1 94.9 220.9 80
2021007367 0.000 323.9 218.2 384.1 295.1 80
2021007367 0.000 202.7 116.7 319.1 275.9 80
2021007367 0.000 177.6 56.6 471.2 267.4 80
2021007367 0.000 252.3 124.0 366.8 347.9 80
2021007367 0.000 0.5 90.4 51.3 173.8 80
2021007367 0.000 0.7 22.0 51.8 106.0 80
2021007367 0.000 46.4 108.1 284.6 258.9 80
2021007367 0.000 101.1 50.5 245.1 317.1 80
2021007367 0.000 255.5 3.7 329.5 73.3 80
2021007367 0.000 322.9 47.5 406.2 116.3 80
2021007367 0.000 43.3 21.4 383.8 258.4 80
2021007367 0.000 0.6 249.6 58.3 369.8 80
2021007367 0.000 178.6 220.3 238.0 300.5 80
2021007367 0.000 442.7 245.1 499.6 368.5 80
2021007367 0.000 398.6 113.5 499.6 355.5 80
2021007367 0.000 10.6 10.6 491.5 199.6 80
2021007367 0.000 258.6 42.4 428.2 311.1 80
2021007367 0.000 90.0 16.9 408.1 364.6 80
2021007367 0.000 256.1 169.2 365.6 301.9 80
2021007367 0.000 -2.4 5.4 286.1 371.6 80
2021007367 0.000 8.1 89.0 229.6 370.1 80
2021007367 0.000 0.7 22.9 146.6 363.6 80
2021007367 0.000 213.1 6.1 497.0 372.7 80
2021007367 0.000 131.2 78.4 368.1 365.5 80
2021007367 0.000 156.2 201.7 351.1 369.4 80
2021007367 0.000 170.3 106.4 310.3 353.3 80
2021007367 0.000 153.4 21.0 355.4 360.9 80
2021007367 0.000 357.6 18.1 500.9 361.1 80
2021007367 0.000 68.8 68.1 447.4 321.4 80
2021007367 0.000 177.0 8.2 417.9 127.1 80
2021007367 0.000 43.6 254.9 289.5 373.6 80
2021007367 0.000 2.3 68.4 366.1 369.3 80
2021007367 0.000 5.1 279.1 130.5 374.3 80
2021007367 0.000 12.0 183.0 185.2 365.8 80
2021007367 0.000 305.3 180.1 482.3 365.0 80
2021007367 0.000 220.0 199.0 278.3 264.7 80
2021007367 0.000 24.3 146.3 338.1 364.6 80
2021007367 0.000 2.5 1.3 412.8 373.0 80
2021007367 0.000 150.8 131.3 355.6 228.6 80
2021007367 0.000 274.3 86.1 490.6 373.1 80
2021007367 0.000 3.0 228.5 496.0 374.4 80
2021007367 0.000 220.7 257.3 474.7 373.5 80
2021007367 0.000 84.5 1.1 496.2 372.9 80
2021007367 0.000 158.6 67.8 495.0 371.2 80
2021007367 0.000 157.9 150.5 463.3 364.9 80
2021007367 0.000 362.6 245.1 494.3 368.9 80
2021007367 0.000 44.4 60.6 117.3 136.8 80
2021007367 0.000 129.9 101.9 365.9 294.0 80
2021007367 0.000 22.3 43.4 477.5 366.6 80
2021007367 0.000 60.2 142.4 409.5 272.0 80
2021007367 0.000 0.4 100.8 499.0 366.5 80
2021007367 0.000 244.0 202.0 298.7 273.9 80
2021007367 0.000 12.6 94.7 489.8 271.8 80
2021007367 0.000 0.8 0.3 499.7 373.9 80
2021007367 0.000 1.3 18.3 498.9 309.8 80
2021007367 0.000 286.3 250.3 340.8 319.0 80
2021007367 0.000 424.2 6.2 498.9 85.7 80
2021007367 0.000 12.6 94.7 489.8 271.8 0
2021007367 0.000 0.8 0.3 499.7 373.9 7
2021007367 0.000 8.1 89.0 229.6 370.1 14
2021007367 0.000 258.6 42.4 428.2 311.1 14
2021007367 0.000 101.1 50.5 245.1 317.1 14
2021007367 0.000 170.3 106.4 310.3 353.3 14
2021007367 0.000 274.3 86.1 490.6 373.1 14
2021007367 0.000 153.4 21.0 355.4 360.9 14
2021007367 0.000 213.1 6.1 497.0 372.7 14
