2021002402 0.728 53.7 52.6 464.0 241.4 6
2021002402 0.629 474.9 253.8 498.5 282.2 80
2021002402 0.628 399.7 5.3 504.1 75.6 80
2021002402 0.615 3.0 15.3 39.7 49.5 80
2021002402 0.603 403.5 7.7 498.0 76.8 80
2021002402 0.596 387.1 3.0 411.6 24.4 80
2021002402 0.588 2.9 10.8 41.9 46.0 80
2021002402 0.544 248.5 14.8 276.6 55.5 80
2021002402 0.544 8.9 21.3 41.8 53.8 80
2021002402 0.542 244.4 18.0 273.1 56.2 80
2021002402 0.537 102.9 39.4 132.7 76.4 80
2021002402 0.536 20.5 13.8 44.5 41.6 80
2021002402 0.536 407.8 14.9 495.7 72.9 80
2021002402 0.522 123.2 16.4 147.2 73.6 14
2021002402 0.498 330.9 1.3 351.0 52.5 14
2021002402 0.493 403.5 4.5 500.8 76.1 6
2021002402 0.481 332.2 2.8 349.3 41.8 80
2021002402 0.475 494.6 7.9 500.7 66.7 80
2021002402 0.475 125.8 25.7 145.8 66.9 80
2021002402 0.459 468.5 -1.8 499.1 19.4 80
2021002402 0.454 296.4 6.4 317.2 54.3 80
2021002402 0.444 168.7 22.9 187.0 58.4 80
2021002402 0.440 177.4 29.2 193.2 59.4 80
2021002402 0.427 497.7 147.8 500.2 250.7 80
2021002402 0.425 246.1 16.0 274.1 55.8 14
2021002402 0.423 93.3 36.3 131.5 75.2 80
2021002402 0.413 0.9 47.8 4.5 99.4 80
2021002402 0.406 107.9 11.3 139.0 68.8 80
2021002402 0.382 172.7 20.5 191.7 67.6 80
2021002402 0.381 498.5 70.4 500.2 181.5 80
2021002402 0.370 170.5 22.3 190.3 64.8 80
2021002402 0.346 297.6 5.5 319.0 53.7 80
2021002402 0.341 244.7 16.6 273.9 57.7 14
2021002402 0.337 170.5 22.3 190.3 64.8 14
2021002402 0.334 244.7 16.6 273.9 57.7 80
2021002402 0.330 155.4 23.2 176.6 68.7 14
2021002402 0.317 297.6 5.5 319.0 53.7 14
2021002402 0.304 155.4 23.2 176.6 68.7 80
2021002402 0.288 107.9 11.3 139.0 68.8 14
2021002402 0.287 246.1 16.0 274.1 55.8 80
2021002402 0.271 172.7 20.5 191.7 67.6 14
2021002402 0.242 296.4 6.4 317.2 54.3 14
2021002402 0.236 498.5 54.7 500.4 231.9 80
2021002402 0.236 0.6 143.3 4.3 258.2 80
2021002402 0.235 0.7 58.5 3.1 190.7 80
2021002402 0.220 403.5 4.5 500.8 76.1 80
2021002402 0.219 72.8 76.3 445.6 201.9 80
2021002402 0.202 0.2 44.2 10.0 252.0 80
2021002402 0.178 -2.3 241.0 24.0 286.8 80
2021002402 0.177 123.2 16.4 147.2 73.6 80
2021002402 0.174 458.7 47.1 497.2 281.5 80
2021002402 0.172 0.5 124.4 28.8 289.3 80
2021002402 0.171 93.3 36.3 131.5 75.2 14
2021002402 0.167 480.9 199.8 507.1 277.2 80
2021002402 0.165 177.4 29.2 193.2 59.4 14
2021002402 0.161 330.9 1.3 351.0 52.5 80
2021002402 0.161 -0.9 49.7 11.9 136.6 80
2021002402 0.160 64.3 105.4 441.2 220.5 80
2021002402 0.156 93.3 36.3 131.5 75.2 13
2021002402 0.156 143.2 103.4 446.4 223.4 80
2021002402 0.154 58.4 81.4 455.9 205.2 80
2021002402 0.153 353.1 131.2 489.8 280.0 80
2021002402 0.151 0.6 95.7 29.4 216.8 80
2021002402 0.146 138.6 183.6 242.1 236.4 80
2021002402 0.144 98.7 101.7 462.3 215.6 80
2021002402 0.144 41.4 90.7 387.9 207.7 80
2021002402 0.142 108.8 91.0 475.1 200.3 80
2021002402 0.142 56.8 101.6 423.6 213.8 80
2021002402 0.138 48.3 157.8 320.1 253.9 80
2021002402 0.138 19.2 153.8 177.6 271.2 80
2021002402 0.137 106.9 168.2 399.2 253.2 80
2021002402 0.136 367.3 160.0 463.1 225.0 80
2021002402 0.135 186.8 269.7 320.5 283.4 80
2021002402 0.135 56.9 93.1 345.3 190.3 80
2021002402 0.134 172.6 157.1 445.1 240.9 80
2021002402 0.134 98.2 143.8 405.9 238.1 80
2021002402 0.132 56.5 137.8 365.0 230.4 80
2021002402 0.132 6.3 81.5 78.9 264.3 80
2021002402 0.131 74.4 240.6 200.1 277.3 80
2021002402 0.131 223.2 153.1 474.4 235.3 80
2021002402 0.130 302.7 250.0 419.4 277.3 80
2021002402 0.129 101.5 180.1 174.4 216.5 80
2021002402 0.128 17.4 137.5 261.5 232.3 80
2021002402 0.128 101.2 187.2 168.4 226.6 80
2021002402 0.128 179.0 120.3 472.7 203.2 80
2021002402 0.127 298.5 166.6 451.7 218.4 80
2021002402 0.126 30.5 117.1 307.8 212.6 80
2021002402 0.126 344.6 266.7 449.4 284.1 80
2021002402 0.123 22.9 250.7 95.1 278.5 80
2021002402 0.122 14.4 119.7 192.4 211.8 80
2021002402 0.121 44.1 166.4 106.1 205.2 80
2021002402 0.121 55.1 266.0 156.2 283.6 80
2021002402 0.120 407.5 256.2 493.6 278.9 80
2021002402 0.120 -115.3 6.3 350.2 33.9 80
2021002402 0.120 180.0 145.7 366.1 215.7 80
2021002402 0.119 70.0 108.2 389.6 197.6 80
2021002402 0.117 271.8 261.8 378.7 281.6 80
2021002402 0.116 151.2 133.6 341.3 198.0 80
2021002402 0.116 185.1 261.4 301.4 280.4 80
2021002402 0.116 126.9 263.2 228.6 282.6 80
2021002402 0.728 53.7 52.6 464.0 241.4 6
2021002402 0.629 474.9 253.8 498.5 282.2 80
2021002402 0.628 399.7 5.3 504.1 75.6 80
2021002402 0.615 3.0 15.3 39.7 49.5 80
2021002402 0.603 403.5 7.7 498.0 76.8 80
2021002402 0.596 387.1 3.0 411.6 24.4 80
2021002402 0.588 2.9 10.8 41.9 46.0 80
2021002402 0.544 248.5 14.8 276.6 55.5 80
2021002402 0.544 8.9 21.3 41.8 53.8 80
2021002402 0.542 244.4 18.0 273.1 56.2 80
2021002402 0.537 102.9 39.4 132.7 76.4 80
2021002402 0.536 20.5 13.8 44.5 41.6 80
2021002402 0.536 407.8 14.9 495.7 72.9 80
2021002402 0.522 123.2 16.4 147.2 73.6 14
2021002402 0.498 330.9 1.3 351.0 52.5 14
2021002402 0.493 403.5 4.5 500.8 76.1 6
2021002402 0.481 332.2 2.8 349.3 41.8 80
2021002402 0.475 494.6 7.9 500.7 66.7 80
2021002402 0.475 125.8 25.7 145.8 66.9 80
2021002402 0.459 468.5 -1.8 499.1 19.4 80
2021002402 0.454 296.4 6.4 317.2 54.3 80
2021002402 0.444 168.7 22.9 187.0 58.4 80
2021002402 0.440 177.4 29.2 193.2 59.4 80
2021002402 0.427 497.7 147.8 500.2 250.7 80
2021002402 0.425 246.1 16.0 274.1 55.8 14
2021002402 0.423 93.3 36.3 131.5 75.2 80
2021002402 0.413 0.9 47.8 4.5 99.4 80
2021002402 0.406 107.9 11.3 139.0 68.8 80
2021002402 0.382 172.7 20.5 191.7 67.6 80
2021002402 0.381 498.5 70.4 500.2 181.5 80
2021002402 0.370 170.5 22.3 190.3 64.8 80
2021002402 0.346 297.6 5.5 319.0 53.7 80
2021002402 0.341 244.7 16.6 273.9 57.7 14
2021002402 0.337 170.5 22.3 190.3 64.8 14
2021002402 0.334 244.7 16.6 273.9 57.7 80
2021002402 0.330 155.4 23.2 176.6 68.7 14
2021002402 0.317 297.6 5.5 319.0 53.7 14
2021002402 0.304 155.4 23.2 176.6 68.7 80
2021002402 0.288 107.9 11.3 139.0 68.8 14
2021002402 0.287 246.1 16.0 274.1 55.8 80
2021002402 0.271 172.7 20.5 191.7 67.6 14
2021002402 0.242 296.4 6.4 317.2 54.3 14
2021002402 0.236 498.5 54.7 500.4 231.9 80
2021002402 0.236 0.6 143.3 4.3 258.2 80
2021002402 0.235 0.7 58.5 3.1 190.7 80
2021002402 0.220 403.5 4.5 500.8 76.1 80
2021002402 0.219 72.8 76.3 445.6 201.9 80
2021002402 0.202 0.2 44.2 10.0 252.0 80
2021002402 0.178 -2.3 241.0 24.0 286.8 80
2021002402 0.177 123.2 16.4 147.2 73.6 80
2021002402 0.174 458.7 47.1 497.2 281.5 80
2021002402 0.172 0.5 124.4 28.8 289.3 80
2021002402 0.171 93.3 36.3 131.5 75.2 14
2021002402 0.167 480.9 199.8 507.1 277.2 80
2021002402 0.165 177.4 29.2 193.2 59.4 14
2021002402 0.161 330.9 1.3 351.0 52.5 80
2021002402 0.161 -0.9 49.7 11.9 136.6 80
2021002402 0.160 64.3 105.4 441.2 220.5 80
2021002402 0.156 93.3 36.3 131.5 75.2 13
2021002402 0.156 143.2 103.4 446.4 223.4 80
2021002402 0.154 58.4 81.4 455.9 205.2 80
2021002402 0.153 353.1 131.2 489.8 280.0 80
2021002402 0.151 0.6 95.7 29.4 216.8 80
2021002402 0.146 138.6 183.6 242.1 236.4 80
2021002402 0.144 98.7 101.7 462.3 215.6 80
2021002402 0.144 41.4 90.7 387.9 207.7 80
2021002402 0.142 108.8 91.0 475.1 200.3 80
2021002402 0.142 56.8 101.6 423.6 213.8 80
2021002402 0.138 48.3 157.8 320.1 253.9 80
2021002402 0.138 19.2 153.8 177.6 271.2 80
2021002402 0.137 106.9 168.2 399.2 253.2 80
2021002402 0.136 367.3 160.0 463.1 225.0 80
2021002402 0.135 186.8 269.7 320.5 283.4 80
2021002402 0.135 56.9 93.1 345.3 190.3 80
2021002402 0.134 172.6 157.1 445.1 240.9 80
2021002402 0.134 98.2 143.8 405.9 238.1 80
2021002402 0.132 56.5 137.8 365.0 230.4 80
2021002402 0.132 6.3 81.5 78.9 264.3 80
2021002402 0.131 74.4 240.6 200.1 277.3 80
2021002402 0.131 223.2 153.1 474.4 235.3 80
2021002402 0.130 302.7 250.0 419.4 277.3 80
2021002402 0.129 101.5 180.1 174.4 216.5 80
2021002402 0.128 17.4 137.5 261.5 232.3 80
2021002402 0.128 101.2 187.2 168.4 226.6 80
2021002402 0.128 179.0 120.3 472.7 203.2 80
2021002402 0.127 298.5 166.6 451.7 218.4 80
2021002402 0.126 30.5 117.1 307.8 212.6 80
2021002402 0.126 344.6 266.7 449.4 284.1 80
2021002402 0.123 22.9 250.7 95.1 278.5 80
2021002402 0.122 14.4 119.7 192.4 211.8 80
2021002402 0.121 44.1 166.4 106.1 205.2 80
2021002402 0.121 55.1 266.0 156.2 283.6 80
2021002402 0.120 407.5 256.2 493.6 278.9 80
2021002402 0.120 -115.3 6.3 350.2 33.9 80
2021002402 0.120 180.0 145.7 366.1 215.7 80
2021002402 0.119 70.0 108.2 389.6 197.6 80
2021002402 0.117 271.8 261.8 378.7 281.6 80
2021002402 0.116 151.2 133.6 341.3 198.0 80
2021002402 0.116 185.1 261.4 301.4 280.4 80
2021002402 0.116 126.9 263.2 228.6 282.6 80
2021002402 0.000 0.7 36.8 104.1 184.4 80
2021002402 0.000 205.6 38.5 263.2 91.8 80
2021002402 0.000 84.3 89.9 144.4 142.2 80
2021002402 0.000 142.6 63.0 201.5 116.7 80
2021002402 0.000 263.5 1.3 318.7 56.5 80
2021002402 0.000 257.5 105.6 315.6 155.8 80
2021002402 0.000 45.4 163.2 107.1 216.7 80
2021002402 0.000 129.6 72.8 219.1 165.7 80
2021002402 0.000 328.5 10.3 491.8 143.2 80
2021002402 0.000 373.5 82.3 484.4 202.0 80
2021002402 0.000 248.8 56.2 368.1 171.2 80
2021002402 0.000 1.6 151.8 47.9 213.5 80
2021002402 0.000 453.7 96.9 499.5 158.2 80
2021002402 0.000 218.3 173.1 275.7 253.1 80
2021002402 0.000 27.2 24.5 196.6 147.7 80
2021002402 0.000 91.3 142.4 148.4 193.1 80
2021002402 0.000 392.2 73.2 457.3 122.7 80
2021002402 0.000 214.3 86.9 272.8 137.4 80
2021002402 0.000 350.8 111.2 409.2 160.7 80
2021002402 0.000 0.2 93.2 102.1 268.5 80
2021002402 0.000 34.5 96.7 165.9 206.8 80
2021002402 0.000 166.2 26.1 297.9 159.1 80
2021002402 0.000 331.8 36.5 397.5 89.2 80
2021002402 0.000 315.6 77.5 374.5 127.6 80
2021002402 0.000 448.9 40.3 499.8 115.7 80
2021002402 0.000 0.9 113.4 47.2 175.6 80
2021002402 0.000 359.2 148.5 411.0 201.0 80
2021002402 0.000 453.3 144.5 499.7 206.3 80
2021002402 0.000 299.6 130.1 358.6 179.0 80
2021002402 0.000 196.6 3.1 375.8 117.6 80
2021002402 0.000 28.3 117.0 93.8 166.0 80
2021002402 0.000 328.3 162.6 376.0 220.4 80
2021002402 0.000 150.4 130.5 209.9 179.6 80
2021002402 0.000 139.8 165.9 200.0 219.8 80
2021002402 0.000 281.6 176.7 331.9 248.5 80
2021002402 0.000 0.7 17.1 51.8 79.5 80
2021002402 0.000 219.9 149.1 278.4 198.4 80
2021002402 0.000 255.4 90.5 361.2 262.9 80
2021002402 0.000 0.9 186.2 58.1 278.2 80
2021002402 0.000 410.8 133.1 474.2 182.0 80
2021002402 0.000 207.4 86.9 315.6 214.3 80
2021002402 0.000 58.4 15.9 369.1 187.1 80
2021002402 0.000 10.3 8.5 274.4 277.2 80
2021002402 0.000 183.5 166.3 232.1 220.8 80
2021002402 0.000 122.0 123.3 230.6 238.2 80
2021002402 0.000 189.2 44.6 461.0 195.1 80
2021002402 0.000 48.6 84.0 282.5 194.2 80
2021002402 0.000 306.0 101.8 469.0 196.2 80
2021002402 0.000 22.1 13.6 476.7 145.3 80
2021002402 0.000 269.0 34.3 417.8 234.1 80
2021002402 0.000 167.8 146.0 346.7 274.9 80
2021002402 0.000 167.0 25.7 343.9 264.7 80
2021002402 0.000 98.4 11.9 395.5 275.0 80
2021002402 0.000 442.6 182.5 499.8 276.1 80
2021002402 0.000 207.1 122.1 266.1 170.9 80
2021002402 0.000 98.3 37.4 247.4 229.5 80
2021002402 0.000 216.0 5.6 494.8 279.2 80
2021002402 0.000 357.6 14.6 502.1 269.6 80
2021002402 0.000 398.7 81.1 499.0 266.5 80
2021002402 0.000 178.2 83.5 302.3 262.9 80
2021002402 0.000 -0.5 68.7 52.4 129.7 80
2021002402 0.000 -0.3 16.3 148.1 272.0 80
2021002402 0.000 12.2 66.1 224.7 277.4 80
2021002402 0.000 46.1 46.7 115.8 102.8 80
2021002402 0.000 306.4 135.4 481.9 273.3 80
2021002402 0.000 63.9 191.3 268.4 279.0 80
2021002402 0.000 5.0 208.7 130.3 280.4 80
2021002402 0.000 142.7 60.4 355.0 272.7 80
2021002402 0.000 5.0 1.1 404.5 279.2 80
2021002402 0.000 13.4 136.6 183.6 273.6 80
2021002402 0.000 87.6 1.0 491.2 279.0 80
2021002402 0.000 225.1 191.7 470.5 279.6 80
2021002402 0.000 22.6 171.0 480.8 277.6 80
2021002402 0.000 189.1 103.7 321.2 177.7 80
2021002402 0.000 259.4 125.3 361.2 232.2 80
2021002402 0.000 244.7 150.0 297.4 201.9 80
2021002402 0.000 283.5 66.5 480.8 277.9 80
2021002402 0.000 40.9 108.4 318.0 269.5 80
2021002402 0.000 8.4 50.1 357.5 276.9 80
2021002402 0.000 78.9 44.8 438.4 233.5 80
2021002402 0.000 170.5 49.4 481.6 272.9 80
2021002402 0.000 1.0 2.2 499.3 280.6 80
2021002402 0.000 171.4 111.5 447.0 270.8 80
2021002402 0.000 362.0 182.3 495.0 276.3 80
2021002402 0.000 138.3 72.6 355.2 219.3 80
2021002402 0.000 1.2 77.3 497.7 272.2 80
2021002402 0.000 24.8 31.3 469.9 266.8 80
2021002402 0.000 73.9 109.1 396.4 202.7 80
2021002402 0.000 24.9 70.1 473.5 199.7 80
2021002402 0.000 4.3 23.1 495.3 230.4 80
2021002402 0.000 424.3 4.9 498.8 64.1 80
2021002402 0.000 24.9 70.1 473.5 199.7 0
2021002402 0.000 98.3 37.4 247.4 229.5 14
2021002402 0.000 269.0 34.3 417.8 234.1 14
2021002402 0.000 178.2 83.5 302.3 262.9 14
2021002402 0.000 167.0 25.7 343.9 264.7 14
2021002402 0.000 12.2 66.1 224.7 277.4 14
2021002402 0.000 142.7 60.4 355.0 272.7 14
2021002402 0.000 151.2 225.1 234.8 275.3 80
2021002402 0.000 283.5 66.5 480.8 277.9 14
