2021000000418062 0.766 186.5 188.6 424.8 627.4 80
2021000000418062 0.761 22.0 187.0 196.9 635.9 80
2021000000418062 0.761 -0.5 149.5 192.1 531.0 80
2021000000418062 0.760 -3.5 375.1 194.6 630.8 80
2021000000418062 0.758 172.7 191.6 423.1 433.6 80
2021000000418062 0.758 5.4 199.4 181.1 623.8 80
2021000000418062 0.757 188.6 172.6 424.7 634.3 18
2021000000418062 0.756 187.5 169.2 423.9 618.7 80
2021000000418062 0.748 1.1 433.6 103.7 627.7 80
2021000000418062 0.746 1.2 118.8 427.2 620.1 80
2021000000418062 0.744 1.0 225.0 427.0 621.4 80
2021000000418062 0.743 299.1 230.2 430.7 362.5 80
2021000000418062 0.742 218.5 52.8 232.6 61.2 80
2021000000418062 0.741 209.5 277.1 240.9 320.3 80
2021000000418062 0.740 174.3 251.7 193.8 288.5 80
2021000000418062 0.739 57.5 259.0 90.2 285.3 80
2021000000418062 0.732 189.3 181.9 364.0 607.5 80
2021000000418062 0.732 303.6 242.2 349.2 285.6 80
2021000000418062 0.731 1.8 484.2 136.2 637.0 80
2021000000418062 0.731 177.2 249.0 206.7 334.1 80
