2021001822 0.675 406.6 221.1 432.1 247.0 80
2021001822 0.664 136.3 224.3 198.3 256.0 80
2021001822 0.641 466.7 349.2 499.4 374.2 80
2021001822 0.641 137.5 231.1 240.9 258.3 80
2021001822 0.637 136.9 231.5 229.6 260.1 80
2021001822 0.625 363.8 224.4 422.6 251.3 80
2021001822 0.624 135.9 227.6 162.8 252.5 80
2021001822 0.612 359.7 219.1 427.3 250.2 80
2021001822 0.608 144.6 203.2 429.4 258.7 3
2021001822 0.596 494.2 121.8 500.2 153.4 80
2021001822 0.590 159.3 202.0 433.0 258.0 80
2021001822 0.589 134.9 230.2 188.1 259.6 80
2021001822 0.580 494.8 175.5 500.0 237.8 80
2021001822 0.576 138.5 237.0 157.0 256.5 80
2021001822 0.560 133.6 211.9 401.8 258.8 80
2021001822 0.558 362.0 218.3 425.0 251.0 80
2021001822 0.508 125.3 196.3 435.7 251.1 80
2021001822 0.501 496.9 234.3 500.3 305.0 80
2021001822 0.494 35.0 324.2 51.9 336.6 80
2021001822 0.488 170.1 199.9 426.2 250.7 80
2021001822 0.487 41.5 325.7 57.9 338.3 80
2021001822 0.486 117.1 210.3 432.9 254.3 80
2021001822 0.465 1.8 330.9 13.0 366.1 80
2021001822 0.444 392.6 228.0 419.8 252.7 80
2021001822 0.438 0.9 198.6 4.6 329.4 80
2021001822 0.411 1.5 325.4 10.4 362.6 80
2021001822 0.408 172.0 192.6 439.3 248.7 80
2021001822 0.396 266.6 242.7 322.5 261.9 80
2021001822 0.379 135.4 203.3 432.8 256.5 80
2021001822 0.372 131.7 234.3 209.8 255.7 80
2021001822 0.359 0.7 150.0 10.5 367.7 80
2021001822 0.330 497.9 95.1 500.2 194.4 80
2021001822 0.276 319.3 254.7 354.2 277.7 80
2021001822 0.270 12.7 279.0 33.4 347.2 80
2021001822 0.247 498.5 139.0 500.3 301.4 80
2021001822 0.243 195.7 253.1 244.8 275.6 80
2021001822 0.233 0.8 62.5 2.9 172.6 80
2021001822 0.221 121.4 219.3 470.5 265.6 80
2021001822 0.213 0.3 4.6 4.8 78.2 80
2021001822 0.212 0.6 30.3 6.3 280.8 80
2021001822 0.202 168.1 365.4 342.7 376.5 80
2021001822 0.194 -1.0 23.4 20.0 360.7 80
2021001822 0.187 320.2 262.6 393.8 294.6 80
2021001822 0.181 491.8 93.1 501.6 369.4 80
2021001822 0.178 481.7 296.6 506.6 366.4 80
2021001822 0.175 167.6 225.1 221.6 263.8 80
2021001822 0.163 38.5 364.2 151.8 377.0 80
2021001822 0.160 139.0 359.9 336.7 375.6 80
2021001822 0.159 450.5 104.4 502.2 365.7 80
2021001822 0.156 139.6 237.0 177.0 271.6 80
2021001822 0.149 292.7 331.5 436.6 374.7 80
2021001822 0.148 363.6 257.5 396.1 284.8 80
2021001822 0.148 52.0 323.0 210.7 377.4 80
2021001822 0.144 329.7 196.6 511.2 365.8 80
2021001822 0.144 133.7 318.5 290.4 374.8 80
2021001822 0.143 197.1 322.9 353.4 373.9 80
2021001822 0.139 341.1 359.8 446.5 378.3 80
2021001822 0.138 110.4 359.8 222.2 376.8 80
2021001822 0.137 7.0 229.8 142.6 368.7 80
2021001822 0.137 92.6 216.8 423.7 291.3 80
2021001822 0.136 101.6 230.7 406.5 345.0 80
2021001822 0.135 41.5 325.7 57.9 338.3 2
2021001822 0.130 408.4 348.0 494.3 373.0 80
2021001822 0.130 262.4 354.8 373.0 375.9 80
2021001822 0.129 250.7 227.8 293.0 263.4 80
2021001822 0.129 134.9 230.2 188.1 259.6 3
2021001822 0.129 48.1 149.6 337.9 233.3 80
2021001822 0.128 104.8 127.3 397.8 231.8 80
2021001822 0.126 228.9 212.4 302.2 252.8 80
2021001822 0.126 14.2 132.5 181.2 315.7 80
2021001822 0.123 131.6 137.7 371.4 225.8 80
2021001822 0.121 28.1 115.7 219.9 256.0 80
2021001822 0.120 273.6 208.5 351.3 246.0 80
2021001822 0.117 182.9 162.3 246.4 215.0 80
2021001822 0.117 17.4 194.5 77.8 281.3 80
2021001822 0.117 59.5 187.7 132.8 239.4 80
2021001822 0.115 18.1 144.2 77.3 208.9 80
2021001822 0.113 -37.3 38.0 101.7 90.7 80
2021001822 0.111 57.2 88.4 287.3 161.1 80
2021001822 0.111 137.9 216.9 522.2 271.0 80
2021001822 0.111 419.8 118.6 506.6 203.3 80
2021001822 0.111 144.6 203.2 429.4 258.7 5
2021001822 0.109 144.6 203.2 429.4 258.7 18
2021001822 0.108 180.9 43.0 530.4 112.5 80
2021001822 0.108 214.8 16.6 602.6 66.9 80
2021001822 0.107 57.0 5.2 535.3 45.4 80
2021001822 0.107 -87.6 9.9 367.7 48.0 80
2021001822 0.106 -131.6 11.0 319.2 45.5 80
2021001822 0.106 268.0 9.8 632.9 48.4 80
2021001822 0.102 410.9 13.0 561.6 55.6 80
2021001822 0.099 -1.1 1.4 497.8 24.9 80
2021001822 0.096 362.0 218.3 425.0 251.0 3
2021001822 0.096 71.6 0.5 570.6 24.5 80
2021001822 0.096 -48.1 1.8 450.9 25.9 80
2021001822 0.095 -69.9 -3.1 131.5 22.7 80
2021001822 0.093 -39.4 -2.2 459.4 21.4 80
2021001822 0.093 -139.6 -0.6 358.4 23.1 80
2021001822 0.093 -185.7 1.8 311.7 25.0 80
2021001822 0.093 -93.8 0.6 404.7 24.7 80
2021001822 0.092 19.2 -2.3 518.1 22.4 80
2021001822 0.675 406.6 221.1 432.1 247.0 80
2021001822 0.664 136.3 224.3 198.3 256.0 80
2021001822 0.641 466.7 349.2 499.4 374.2 80
2021001822 0.641 137.5 231.1 240.9 258.3 80
2021001822 0.637 136.9 231.5 229.6 260.1 80
2021001822 0.625 363.8 224.4 422.6 251.3 80
2021001822 0.624 135.9 227.6 162.8 252.5 80
2021001822 0.612 359.7 219.1 427.3 250.2 80
2021001822 0.608 144.6 203.2 429.4 258.7 3
2021001822 0.596 494.2 121.8 500.2 153.4 80
2021001822 0.590 159.3 202.0 433.0 258.0 80
2021001822 0.589 134.9 230.2 188.1 259.6 80
2021001822 0.580 494.8 175.5 500.0 237.8 80
2021001822 0.576 138.5 237.0 157.0 256.5 80
2021001822 0.560 133.6 211.9 401.8 258.8 80
2021001822 0.558 362.0 218.3 425.0 251.0 80
2021001822 0.508 125.3 196.3 435.7 251.1 80
2021001822 0.501 496.9 234.3 500.3 305.0 80
2021001822 0.494 35.0 324.2 51.9 336.6 80
2021001822 0.488 170.1 199.9 426.2 250.7 80
2021001822 0.487 41.5 325.7 57.9 338.3 80
2021001822 0.486 117.1 210.3 432.9 254.3 80
2021001822 0.465 1.8 330.9 13.0 366.1 80
2021001822 0.444 392.6 228.0 419.8 252.7 80
2021001822 0.438 0.9 198.6 4.6 329.4 80
2021001822 0.411 1.5 325.4 10.4 362.6 80
2021001822 0.408 172.0 192.6 439.3 248.7 80
2021001822 0.396 266.6 242.7 322.5 261.9 80
2021001822 0.379 135.4 203.3 432.8 256.5 80
2021001822 0.372 131.7 234.3 209.8 255.7 80
2021001822 0.359 0.7 150.0 10.5 367.7 80
2021001822 0.330 497.9 95.1 500.2 194.4 80
2021001822 0.276 319.3 254.7 354.2 277.7 80
2021001822 0.270 12.7 279.0 33.4 347.2 80
2021001822 0.247 498.5 139.0 500.3 301.4 80
2021001822 0.243 195.7 253.1 244.8 275.6 80
2021001822 0.233 0.8 62.5 2.9 172.6 80
2021001822 0.221 121.4 219.3 470.5 265.6 80
2021001822 0.213 0.3 4.6 4.8 78.2 80
2021001822 0.212 0.6 30.3 6.3 280.8 80
2021001822 0.202 168.1 365.4 342.7 376.5 80
2021001822 0.194 -1.0 23.4 20.0 360.7 80
2021001822 0.187 320.2 262.6 393.8 294.6 80
2021001822 0.181 491.8 93.1 501.6 369.4 80
2021001822 0.178 481.7 296.6 506.6 366.4 80
2021001822 0.175 167.6 225.1 221.6 263.8 80
2021001822 0.163 38.5 364.2 151.8 377.0 80
2021001822 0.160 139.0 359.9 336.7 375.6 80
2021001822 0.159 450.5 104.4 502.2 365.7 80
2021001822 0.156 139.6 237.0 177.0 271.6 80
2021001822 0.149 292.7 331.5 436.6 374.7 80
2021001822 0.148 363.6 257.5 396.1 284.8 80
2021001822 0.148 52.0 323.0 210.7 377.4 80
2021001822 0.144 329.7 196.6 511.2 365.8 80
2021001822 0.144 133.7 318.5 290.4 374.8 80
2021001822 0.143 197.1 322.9 353.4 373.9 80
2021001822 0.139 341.1 359.8 446.5 378.3 80
2021001822 0.138 110.4 359.8 222.2 376.8 80
2021001822 0.137 7.0 229.8 142.6 368.7 80
2021001822 0.137 92.6 216.8 423.7 291.3 80
2021001822 0.136 101.6 230.7 406.5 345.0 80
2021001822 0.135 41.5 325.7 57.9 338.3 2
2021001822 0.130 408.4 348.0 494.3 373.0 80
2021001822 0.130 262.4 354.8 373.0 375.9 80
2021001822 0.129 250.7 227.8 293.0 263.4 80
2021001822 0.129 134.9 230.2 188.1 259.6 3
2021001822 0.129 48.1 149.6 337.9 233.3 80
2021001822 0.128 104.8 127.3 397.8 231.8 80
2021001822 0.126 228.9 212.4 302.2 252.8 80
2021001822 0.126 14.2 132.5 181.2 315.7 80
2021001822 0.123 131.6 137.7 371.4 225.8 80
2021001822 0.121 28.1 115.7 219.9 256.0 80
2021001822 0.120 273.6 208.5 351.3 246.0 80
2021001822 0.117 182.9 162.3 246.4 215.0 80
2021001822 0.117 17.4 194.5 77.8 281.3 80
2021001822 0.117 59.5 187.7 132.8 239.4 80
2021001822 0.115 18.1 144.2 77.3 208.9 80
2021001822 0.113 -37.3 38.0 101.7 90.7 80
2021001822 0.111 57.2 88.4 287.3 161.1 80
2021001822 0.111 137.9 216.9 522.2 271.0 80
2021001822 0.111 419.8 118.6 506.6 203.3 80
2021001822 0.111 144.6 203.2 429.4 258.7 5
2021001822 0.109 144.6 203.2 429.4 258.7 18
2021001822 0.108 180.9 43.0 530.4 112.5 80
2021001822 0.108 214.8 16.6 602.6 66.9 80
2021001822 0.107 57.0 5.2 535.3 45.4 80
2021001822 0.107 -87.6 9.9 367.7 48.0 80
2021001822 0.106 -131.6 11.0 319.2 45.5 80
2021001822 0.106 268.0 9.8 632.9 48.4 80
2021001822 0.102 410.9 13.0 561.6 55.6 80
2021001822 0.099 -1.1 1.4 497.8 24.9 80
2021001822 0.096 362.0 218.3 425.0 251.0 3
2021001822 0.096 71.6 0.5 570.6 24.5 80
2021001822 0.096 -48.1 1.8 450.9 25.9 80
2021001822 0.095 -69.9 -3.1 131.5 22.7 80
2021001822 0.093 -39.4 -2.2 459.4 21.4 80
2021001822 0.093 -139.6 -0.6 358.4 23.1 80
2021001822 0.093 -185.7 1.8 311.7 25.0 80
2021001822 0.093 -93.8 0.6 404.7 24.7 80
2021001822 0.092 19.2 -2.3 518.1 22.4 80
2021001822 0.000 242.0 73.2 372.7 227.7 80
2021001822 0.000 0.9 43.1 103.5 247.8 80
2021001822 0.000 143.7 135.9 210.3 202.4 80
2021001822 0.000 211.4 111.8 275.3 178.0 80
2021001822 0.000 371.0 109.2 486.3 268.7 80
2021001822 0.000 255.8 137.9 317.1 204.5 80
2021001822 0.000 156.6 31.4 304.0 211.6 80
2021001822 0.000 45.5 217.8 107.4 288.9 80
2021001822 0.000 136.3 82.3 207.6 151.5 80
2021001822 0.000 81.5 117.6 146.9 186.5 80
2021001822 0.000 197.9 51.8 272.4 119.8 80
2021001822 0.000 453.6 128.4 499.6 211.2 80
2021001822 0.000 387.8 97.3 461.7 164.2 80
2021001822 0.000 348.6 145.3 411.0 211.1 80
2021001822 0.000 136.9 218.3 201.8 292.7 80
2021001822 0.000 19.5 26.1 206.5 194.8 80
2021001822 0.000 1.5 201.3 48.0 285.0 80
2021001822 0.000 297.9 170.7 359.9 236.2 80
2021001822 0.000 453.4 192.9 499.6 275.6 80
2021001822 0.000 356.3 197.7 415.7 265.7 80
2021001822 0.000 313.5 100.9 376.2 167.7 80
2021001822 0.000 323.9 8.3 496.6 191.8 80
2021001822 0.000 287.5 132.8 485.8 257.7 80
2021001822 0.000 205.6 160.1 267.3 225.4 80
2021001822 0.000 0.9 125.8 102.1 357.9 80
2021001822 0.000 33.3 127.4 166.8 276.8 80
2021001822 0.000 1.0 151.5 47.1 234.6 80
2021001822 0.000 89.9 187.8 149.8 253.9 80
2021001822 0.000 449.0 54.1 499.7 153.4 80
2021001822 0.000 117.9 161.9 233.2 316.5 80
2021001822 0.000 218.0 251.8 286.7 331.9 80
2021001822 0.000 149.3 172.2 210.8 237.6 80
2021001822 0.000 410.1 176.6 474.8 242.3 80
2021001822 0.000 27.0 155.1 94.9 220.9 80
2021001822 0.000 323.9 218.2 384.1 295.1 80
2021001822 0.000 202.7 116.7 319.1 275.9 80
2021001822 0.000 177.6 56.6 471.2 267.4 80
2021001822 0.000 252.3 124.0 366.8 347.9 80
2021001822 0.000 0.5 90.4 51.3 173.8 80
2021001822 0.000 0.7 22.0 51.8 106.0 80
2021001822 0.000 46.4 108.1 284.6 258.9 80
2021001822 0.000 101.1 50.5 245.1 317.1 80
2021001822 0.000 255.5 3.7 329.5 73.3 80
2021001822 0.000 322.9 47.5 406.2 116.3 80
2021001822 0.000 43.3 21.4 383.8 258.4 80
2021001822 0.000 0.6 249.6 58.3 369.8 80
2021001822 0.000 178.6 220.3 238.0 300.5 80
2021001822 0.000 442.7 245.1 499.6 368.5 80
2021001822 0.000 398.6 113.5 499.6 355.5 80
2021001822 0.000 10.6 10.6 491.5 199.6 80
2021001822 0.000 258.6 42.4 428.2 311.1 80
2021001822 0.000 90.0 16.9 408.1 364.6 80
2021001822 0.000 256.1 169.2 365.6 301.9 80
2021001822 0.000 -2.4 5.4 286.1 371.6 80
2021001822 0.000 8.1 89.0 229.6 370.1 80
2021001822 0.000 0.7 22.9 146.6 363.6 80
2021001822 0.000 213.1 6.1 497.0 372.7 80
2021001822 0.000 131.2 78.4 368.1 365.5 80
2021001822 0.000 156.2 201.7 351.1 369.4 80
2021001822 0.000 170.3 106.4 310.3 353.3 80
2021001822 0.000 153.4 21.0 355.4 360.9 80
2021001822 0.000 357.6 18.1 500.9 361.1 80
2021001822 0.000 68.8 68.1 447.4 321.4 80
2021001822 0.000 177.0 8.2 417.9 127.1 80
2021001822 0.000 43.6 254.9 289.5 373.6 80
2021001822 0.000 2.3 68.4 366.1 369.3 80
2021001822 0.000 5.1 279.1 130.5 374.3 80
2021001822 0.000 12.0 183.0 185.2 365.8 80
2021001822 0.000 305.3 180.1 482.3 365.0 80
2021001822 0.000 220.0 199.0 278.3 264.7 80
2021001822 0.000 24.3 146.3 338.1 364.6 80
2021001822 0.000 2.5 1.3 412.8 373.0 80
2021001822 0.000 150.8 131.3 355.6 228.6 80
2021001822 0.000 274.3 86.1 490.6 373.1 80
2021001822 0.000 3.0 228.5 496.0 374.4 80
2021001822 0.000 220.7 257.3 474.7 373.5 80
2021001822 0.000 84.5 1.1 496.2 372.9 80
2021001822 0.000 158.6 67.8 495.0 371.2 80
2021001822 0.000 157.9 150.5 463.3 364.9 80
2021001822 0.000 362.6 245.1 494.3 368.9 80
2021001822 0.000 44.4 60.6 117.3 136.8 80
2021001822 0.000 129.9 101.9 365.9 294.0 80
2021001822 0.000 22.3 43.4 477.5 366.6 80
2021001822 0.000 60.2 142.4 409.5 272.0 80
2021001822 0.000 0.4 100.8 499.0 366.5 80
2021001822 0.000 244.0 202.0 298.7 273.9 80
2021001822 0.000 12.6 94.7 489.8 271.8 80
2021001822 0.000 0.8 0.3 499.7 373.9 80
2021001822 0.000 1.3 18.3 498.9 309.8 80
2021001822 0.000 286.3 250.3 340.8 319.0 80
2021001822 0.000 424.2 6.2 498.9 85.7 80
2021001822 0.000 12.6 94.7 489.8 271.8 0
2021001822 0.000 0.8 0.3 499.7 373.9 7
2021001822 0.000 8.1 89.0 229.6 370.1 14
2021001822 0.000 258.6 42.4 428.2 311.1 14
2021001822 0.000 101.1 50.5 245.1 317.1 14
2021001822 0.000 170.3 106.4 310.3 353.3 14
2021001822 0.000 274.3 86.1 490.6 373.1 14
2021001822 0.000 153.4 21.0 355.4 360.9 14
2021001822 0.000 213.1 6.1 497.0 372.7 14
