2021003245 0.735 88.1 81.6 152.1 297.6 14
2021003245 0.713 158.9 182.4 219.0 263.1 80
2021003245 0.709 389.5 96.3 446.8 309.4 14
2021003245 0.708 239.0 91.5 298.2 314.8 14
2021003245 0.680 29.1 187.8 129.2 288.4 80
2021003245 0.676 152.4 199.3 220.2 304.6 8
2021003245 0.674 166.0 176.6 238.6 272.1 80
2021003245 0.669 31.3 190.6 105.8 289.9 8
2021003245 0.666 299.8 156.6 330.2 252.8 80
2021003245 0.661 90.6 87.5 150.4 248.3 80
2021003245 0.659 34.6 193.9 217.4 301.1 80
2021003245 0.657 153.3 199.4 222.1 304.6 80
2021003245 0.653 328.9 188.8 389.4 299.2 8
2021003245 0.652 391.8 104.6 442.0 243.3 80
2021003245 0.651 469.4 302.3 499.0 333.0 80
2021003245 0.647 239.9 94.9 295.2 290.8 80
2021003245 0.646 299.3 153.5 329.4 262.9 80
2021003245 0.643 250.3 171.6 295.2 312.1 80
2021003245 0.641 240.1 95.9 478.3 297.7 80
2021003245 0.632 242.6 188.1 290.6 311.3 80
2021003245 0.631 131.2 98.8 428.7 301.1 80
2021003245 0.630 148.3 173.7 178.6 228.2 80
2021003245 0.630 397.1 151.7 444.3 302.7 80
2021003245 0.625 339.4 165.7 392.7 219.4 80
2021003245 0.615 88.3 102.7 151.6 295.0 80
2021003245 0.614 392.6 101.6 445.7 295.2 80
2021003245 0.612 206.2 199.7 244.2 265.5 80
2021003245 0.611 329.3 186.4 391.0 300.7 80
2021003245 0.609 241.8 95.6 296.0 311.0 80
2021003245 0.603 332.5 159.1 391.3 266.6 80
2021003245 0.594 82.5 139.6 421.2 294.4 80
2021003245 0.590 142.0 195.7 225.3 305.5 80
2021003245 0.578 404.8 96.8 451.5 307.9 80
2021003245 0.568 80.0 171.2 379.9 304.1 80
2021003245 0.563 25.9 72.6 215.2 300.4 80
2021003245 0.547 156.5 179.1 212.6 226.7 80
2021003245 0.540 29.4 189.0 98.6 286.0 80
2021003245 0.539 243.0 108.6 291.1 212.3 80
2021003245 0.534 304.6 190.0 334.4 263.9 80
2021003245 0.522 13.2 85.6 284.0 299.2 80
2021003245 0.520 285.8 162.4 305.9 247.6 80
2021003245 0.513 328.3 161.3 391.5 295.1 80
2021003245 0.496 289.5 191.8 329.0 266.5 80
2021003245 0.465 497.2 132.2 500.0 224.2 80
2021003245 0.414 498.0 182.1 500.1 274.9 80
2021003245 0.385 402.0 139.8 430.4 229.9 80
2021003245 0.339 258.8 173.7 274.2 239.4 80
2021003245 0.339 91.0 92.5 153.4 288.5 80
2021003245 0.338 499.1 71.4 500.3 140.6 80
2021003245 0.334 369.2 100.4 412.9 319.4 80
2021003245 0.300 30.8 60.5 471.0 285.4 80
2021003245 0.245 103.7 159.0 146.5 259.4 80
2021003245 0.243 498.3 61.6 500.4 243.9 80
2021003245 0.221 497.9 92.7 500.5 283.2 80
2021003245 0.220 0.0 1.5 6.0 70.0 80
2021003245 0.216 0.3 96.0 3.4 221.9 80
2021003245 0.216 0.2 167.3 5.1 303.6 80
2021003245 0.215 0.1 36.3 3.8 144.8 80
2021003245 0.205 149.5 213.2 188.2 277.2 80
2021003245 0.199 104.8 146.5 146.3 192.2 80
2021003245 0.196 36.7 218.8 82.0 270.3 80
2021003245 0.191 -0.1 56.5 10.7 232.0 80
2021003245 0.172 328.3 161.3 391.5 295.1 8
2021003245 0.169 328.9 188.8 389.4 299.2 80
2021003245 0.169 -5.4 290.9 33.1 338.2 80
2021003245 0.167 477.7 234.6 507.5 325.1 80
2021003245 0.166 304.6 190.0 334.4 263.9 8
2021003245 0.160 31.3 190.6 105.8 289.9 80
2021003245 0.158 -2.5 96.0 19.8 295.5 80
2021003245 0.158 179.0 318.9 319.7 334.3 80
2021003245 0.155 21.6 84.6 149.6 268.8 80
2021003245 0.150 410.9 170.3 446.3 207.9 80
2021003245 0.143 442.6 122.5 490.7 276.7 80
2021003245 0.139 166.2 311.9 294.7 332.2 80
2021003245 0.138 289.5 191.8 329.0 266.5 8
2021003245 0.138 18.2 295.5 93.9 331.6 80
2021003245 0.137 247.2 202.7 290.5 247.9 80
2021003245 0.137 330.7 199.7 360.4 232.4 80
2021003245 0.134 334.4 315.2 443.9 336.1 80
2021003245 0.134 265.2 152.7 303.7 188.2 80
2021003245 0.131 45.6 315.0 154.7 335.2 80
2021003245 0.130 133.2 170.8 169.7 205.4 80
2021003245 0.130 113.3 309.4 212.1 335.3 80
2021003245 0.129 397.6 300.5 485.9 331.4 80
2021003245 0.126 262.6 307.1 370.3 333.5 80
2021003245 0.121 19.3 121.5 77.1 219.0 80
2021003245 0.117 174.8 135.1 255.6 187.0 80
2021003245 0.110 -104.2 30.4 188.8 80.6 80
2021003245 0.109 152.4 199.3 220.2 304.6 80
2021003245 0.108 262.5 40.1 542.5 101.5 80
2021003245 0.107 -98.5 22.9 293.3 77.7 80
2021003245 0.106 351.6 16.8 604.7 60.5 80
2021003245 0.104 206.2 199.7 244.2 265.5 8
2021003245 0.103 4.4 1.7 500.2 29.8 80
2021003245 0.102 -45.3 0.7 453.6 27.7 80
2021003245 0.101 289.5 191.8 329.0 266.5 10
2021003245 0.100 74.8 -0.0 573.6 24.2 80
2021003245 0.098 332.5 159.1 391.3 266.6 8
2021003245 0.094 -139.5 -2.7 202.6 21.1 80
2021003245 0.093 -139.1 -1.0 358.2 21.4 80
2021003245 0.735 88.1 81.6 152.1 297.6 14
2021003245 0.713 158.9 182.4 219.0 263.1 80
2021003245 0.709 389.5 96.3 446.8 309.4 14
2021003245 0.708 239.0 91.5 298.2 314.8 14
2021003245 0.680 29.1 187.8 129.2 288.4 80
2021003245 0.676 152.4 199.3 220.2 304.6 8
2021003245 0.674 166.0 176.6 238.6 272.1 80
2021003245 0.669 31.3 190.6 105.8 289.9 8
2021003245 0.666 299.8 156.6 330.2 252.8 80
2021003245 0.661 90.6 87.5 150.4 248.3 80
2021003245 0.659 34.6 193.9 217.4 301.1 80
2021003245 0.657 153.3 199.4 222.1 304.6 80
2021003245 0.653 328.9 188.8 389.4 299.2 8
2021003245 0.652 391.8 104.6 442.0 243.3 80
2021003245 0.651 469.4 302.3 499.0 333.0 80
2021003245 0.647 239.9 94.9 295.2 290.8 80
2021003245 0.646 299.3 153.5 329.4 262.9 80
2021003245 0.643 250.3 171.6 295.2 312.1 80
2021003245 0.641 240.1 95.9 478.3 297.7 80
2021003245 0.632 242.6 188.1 290.6 311.3 80
2021003245 0.631 131.2 98.8 428.7 301.1 80
2021003245 0.630 148.3 173.7 178.6 228.2 80
2021003245 0.630 397.1 151.7 444.3 302.7 80
2021003245 0.625 339.4 165.7 392.7 219.4 80
2021003245 0.615 88.3 102.7 151.6 295.0 80
2021003245 0.614 392.6 101.6 445.7 295.2 80
2021003245 0.612 206.2 199.7 244.2 265.5 80
2021003245 0.611 329.3 186.4 391.0 300.7 80
2021003245 0.609 241.8 95.6 296.0 311.0 80
2021003245 0.603 332.5 159.1 391.3 266.6 80
2021003245 0.594 82.5 139.6 421.2 294.4 80
2021003245 0.590 142.0 195.7 225.3 305.5 80
2021003245 0.578 404.8 96.8 451.5 307.9 80
2021003245 0.568 80.0 171.2 379.9 304.1 80
2021003245 0.563 25.9 72.6 215.2 300.4 80
2021003245 0.547 156.5 179.1 212.6 226.7 80
2021003245 0.540 29.4 189.0 98.6 286.0 80
2021003245 0.539 243.0 108.6 291.1 212.3 80
2021003245 0.534 304.6 190.0 334.4 263.9 80
2021003245 0.522 13.2 85.6 284.0 299.2 80
2021003245 0.520 285.8 162.4 305.9 247.6 80
2021003245 0.513 328.3 161.3 391.5 295.1 80
2021003245 0.496 289.5 191.8 329.0 266.5 80
2021003245 0.465 497.2 132.2 500.0 224.2 80
2021003245 0.414 498.0 182.1 500.1 274.9 80
2021003245 0.385 402.0 139.8 430.4 229.9 80
2021003245 0.339 258.8 173.7 274.2 239.4 80
2021003245 0.339 91.0 92.5 153.4 288.5 80
2021003245 0.338 499.1 71.4 500.3 140.6 80
2021003245 0.334 369.2 100.4 412.9 319.4 80
2021003245 0.300 30.8 60.5 471.0 285.4 80
2021003245 0.245 103.7 159.0 146.5 259.4 80
2021003245 0.243 498.3 61.6 500.4 243.9 80
2021003245 0.221 497.9 92.7 500.5 283.2 80
2021003245 0.220 0.0 1.5 6.0 70.0 80
2021003245 0.216 0.3 96.0 3.4 221.9 80
2021003245 0.216 0.2 167.3 5.1 303.6 80
2021003245 0.215 0.1 36.3 3.8 144.8 80
2021003245 0.205 149.5 213.2 188.2 277.2 80
2021003245 0.199 104.8 146.5 146.3 192.2 80
2021003245 0.196 36.7 218.8 82.0 270.3 80
2021003245 0.191 -0.1 56.5 10.7 232.0 80
2021003245 0.172 328.3 161.3 391.5 295.1 8
2021003245 0.169 328.9 188.8 389.4 299.2 80
2021003245 0.169 -5.4 290.9 33.1 338.2 80
2021003245 0.167 477.7 234.6 507.5 325.1 80
2021003245 0.166 304.6 190.0 334.4 263.9 8
2021003245 0.160 31.3 190.6 105.8 289.9 80
2021003245 0.158 -2.5 96.0 19.8 295.5 80
2021003245 0.158 179.0 318.9 319.7 334.3 80
2021003245 0.155 21.6 84.6 149.6 268.8 80
2021003245 0.150 410.9 170.3 446.3 207.9 80
2021003245 0.143 442.6 122.5 490.7 276.7 80
2021003245 0.139 166.2 311.9 294.7 332.2 80
2021003245 0.138 289.5 191.8 329.0 266.5 8
2021003245 0.138 18.2 295.5 93.9 331.6 80
2021003245 0.137 247.2 202.7 290.5 247.9 80
2021003245 0.137 330.7 199.7 360.4 232.4 80
2021003245 0.134 334.4 315.2 443.9 336.1 80
2021003245 0.134 265.2 152.7 303.7 188.2 80
2021003245 0.131 45.6 315.0 154.7 335.2 80
2021003245 0.130 133.2 170.8 169.7 205.4 80
2021003245 0.130 113.3 309.4 212.1 335.3 80
2021003245 0.129 397.6 300.5 485.9 331.4 80
2021003245 0.126 262.6 307.1 370.3 333.5 80
2021003245 0.121 19.3 121.5 77.1 219.0 80
2021003245 0.117 174.8 135.1 255.6 187.0 80
2021003245 0.110 -104.2 30.4 188.8 80.6 80
2021003245 0.109 152.4 199.3 220.2 304.6 80
2021003245 0.108 262.5 40.1 542.5 101.5 80
2021003245 0.107 -98.5 22.9 293.3 77.7 80
2021003245 0.106 351.6 16.8 604.7 60.5 80
2021003245 0.104 206.2 199.7 244.2 265.5 8
2021003245 0.103 4.4 1.7 500.2 29.8 80
2021003245 0.102 -45.3 0.7 453.6 27.7 80
2021003245 0.101 289.5 191.8 329.0 266.5 10
2021003245 0.100 74.8 -0.0 573.6 24.2 80
2021003245 0.098 332.5 159.1 391.3 266.6 8
2021003245 0.094 -139.5 -2.7 202.6 21.1 80
2021003245 0.093 -139.1 -1.0 358.2 21.4 80
2021003245 0.000 0.8 39.5 103.7 219.3 80
2021003245 0.000 245.1 64.4 370.2 202.5 80
2021003245 0.000 203.1 44.3 266.1 106.4 80
2021003245 0.000 256.6 123.3 316.4 182.3 80
2021003245 0.000 372.7 97.0 484.8 238.0 80
2021003245 0.000 45.9 193.0 106.8 256.1 80
2021003245 0.000 83.8 105.4 144.8 167.1 80
2021003245 0.000 133.1 93.2 218.1 193.4 80
2021003245 0.000 390.5 85.5 458.7 144.7 80
2021003245 0.000 453.6 114.1 499.6 186.9 80
2021003245 0.000 213.4 101.4 273.6 160.6 80
2021003245 0.000 141.4 73.0 202.4 136.1 80
2021003245 0.000 22.0 26.2 202.7 173.4 80
2021003245 0.000 325.8 10.4 494.5 169.9 80
2021003245 0.000 1.5 178.6 48.0 252.3 80
2021003245 0.000 162.0 29.0 299.4 187.5 80
2021003245 0.000 349.9 130.0 409.9 188.4 80
2021003245 0.000 219.9 212.8 281.0 298.8 80
2021003245 0.000 90.6 167.2 149.2 226.0 80
2021003245 0.000 314.7 90.3 375.2 149.5 80
2021003245 0.000 357.4 176.3 415.0 235.6 80
2021003245 0.000 32.4 112.8 167.8 245.0 80
2021003245 0.000 1.0 134.3 47.1 207.5 80
2021003245 0.000 453.4 170.8 499.7 243.8 80
2021003245 0.000 0.5 111.6 102.1 316.9 80
2021003245 0.000 449.1 48.0 499.7 135.8 80
2021003245 0.000 259.7 2.5 324.6 65.6 80
2021003245 0.000 137.6 193.5 201.5 257.8 80
2021003245 0.000 298.6 152.1 359.4 209.9 80
2021003245 0.000 28.5 138.2 93.6 196.2 80
2021003245 0.000 255.4 111.8 363.3 308.5 80
2021003245 0.000 119.1 142.6 232.5 280.4 80
2021003245 0.000 149.8 153.2 210.5 211.0 80
2021003245 0.000 293.1 118.0 480.6 230.0 80
2021003245 0.000 325.6 193.9 382.1 261.8 80
2021003245 0.000 0.7 19.9 51.8 93.9 80
2021003245 0.000 219.9 176.2 278.2 234.8 80
2021003245 0.000 48.8 18.9 377.9 227.6 80
2021003245 0.000 410.2 156.3 474.8 214.4 80
2021003245 0.000 205.3 104.7 317.1 248.6 80
2021003245 0.000 0.7 221.1 58.3 327.6 80
2021003245 0.000 180.1 196.8 238.1 263.7 80
2021003245 0.000 177.0 51.1 471.7 236.1 80
2021003245 0.000 49.5 97.2 281.8 228.7 80
2021003245 0.000 325.8 41.3 402.7 103.1 80
2021003245 0.000 101.1 43.8 244.3 276.6 80
2021003245 0.000 0.3 80.5 51.5 153.8 80
2021003245 0.000 206.3 142.5 267.2 200.8 80
2021003245 0.000 442.7 216.8 499.6 326.5 80
2021003245 0.000 15.1 12.7 486.3 174.0 80
2021003245 0.000 398.5 98.6 499.4 314.8 80
2021003245 0.000 1.5 5.5 282.2 328.9 80
2021003245 0.000 94.9 13.9 401.8 324.0 80
2021003245 0.000 262.6 37.3 424.1 277.4 80
2021003245 0.000 189.1 7.3 402.0 120.0 80
2021003245 0.000 1.1 21.3 146.5 321.8 80
2021003245 0.000 212.9 5.6 497.4 330.0 80
2021003245 0.000 160.6 175.0 349.3 325.9 80
2021003245 0.000 159.4 24.9 350.2 315.3 80
2021003245 0.000 357.7 16.7 501.3 318.9 80
2021003245 0.000 11.5 79.7 225.9 327.5 80
2021003245 0.000 280.6 211.7 336.4 293.3 80
2021003245 0.000 171.4 93.7 308.9 313.1 80
2021003245 0.000 132.8 68.9 366.0 323.5 80
2021003245 0.000 257.5 147.6 363.0 271.3 80
2021003245 0.000 5.0 247.4 130.5 331.4 80
2021003245 0.000 306.3 160.1 481.9 322.9 80
2021003245 0.000 54.0 226.0 278.3 329.9 80
2021003245 0.000 11.7 162.2 185.3 323.9 80
2021003245 0.000 3.3 1.2 410.3 330.1 80
2021003245 0.000 8.2 202.8 491.3 330.4 80
2021003245 0.000 4.9 57.6 361.3 326.9 80
2021003245 0.000 223.1 227.2 472.3 330.4 80
2021003245 0.000 72.1 57.0 444.5 283.6 80
2021003245 0.000 34.1 130.7 327.0 321.2 80
2021003245 0.000 85.7 1.0 494.7 330.0 80
2021003245 0.000 278.1 77.1 486.3 330.0 80
2021003245 0.000 162.7 117.6 345.4 204.2 80
2021003245 0.000 244.5 178.8 298.1 242.0 80
2021003245 0.000 168.6 133.9 451.1 321.0 80
2021003245 0.000 362.2 217.5 494.6 326.4 80
2021003245 0.000 44.5 53.8 117.2 121.1 80
2021003245 0.000 160.2 58.6 492.6 328.0 80
2021003245 0.000 134.9 91.2 359.6 260.1 80
2021003245 0.000 67.7 126.9 402.2 240.7 80
2021003245 0.000 22.5 38.1 474.5 320.4 80
2021003245 0.000 0.6 89.1 498.5 322.8 80
2021003245 0.000 0.8 0.8 499.6 331.2 80
2021003245 0.000 17.2 85.0 483.8 239.3 80
2021003245 0.000 2.5 21.0 497.4 272.4 80
2021003245 0.000 424.3 5.6 498.8 75.8 80
2021003245 0.000 17.2 85.0 483.8 239.3 0
2021003245 0.000 262.6 37.3 424.1 277.4 14
2021003245 0.000 171.4 93.7 308.9 313.1 14
2021003245 0.000 101.1 43.8 244.3 276.6 14
2021003245 0.000 159.4 24.9 350.2 315.3 14
2021003245 0.000 11.5 79.7 225.9 327.5 14
2021003245 0.000 278.1 77.1 486.3 330.0 14
2021003245 0.000 132.8 68.9 366.0 323.5 14
2021003245 0.000 154.2 267.8 238.2 327.2 80
