2021000000340175 0.793 601.3 343.7 639.5 392.5 80
2021000000340175 0.769 104.0 83.3 543.0 294.6 80
2021000000340175 0.768 108.2 82.2 124.2 99.1 80
2021000000340175 0.760 339.5 148.8 365.8 163.9 80
2021000000340175 0.760 173.7 127.9 182.4 136.6 80
2021000000340175 0.758 309.5 232.4 424.1 264.7 80
2021000000340175 0.756 567.0 122.2 575.0 143.6 80
2021000000340175 0.755 222.2 272.1 237.1 282.0 80
2021000000340175 0.753 489.2 123.9 496.8 133.7 80
2021000000340175 0.753 255.5 163.3 264.1 172.1 80
2021000000340175 0.752 332.9 233.1 506.1 298.8 80
2021000000340175 0.750 187.1 112.8 197.1 130.9 80
2021000000340175 0.749 256.4 166.2 263.0 172.1 80
2021000000340175 0.749 319.4 124.8 336.1 162.4 80
2021000000340175 0.743 357.1 218.9 424.8 246.1 80
2021000000340175 0.737 402.0 160.0 411.9 172.9 80
2021000000340175 0.737 636.1 167.5 640.1 192.2 80
2021000000340175 0.736 76.9 39.5 89.6 57.8 80
2021000000340175 0.735 405.1 156.8 414.2 170.7 80
2021000000340175 0.733 638.7 190.9 640.0 282.9 80
2021000000340175 0.793 601.3 343.7 639.5 392.5 80
2021000000340175 0.769 104.0 83.3 543.0 294.6 80
2021000000340175 0.768 108.2 82.2 124.2 99.1 80
2021000000340175 0.760 339.5 148.8 365.8 163.9 80
2021000000340175 0.760 173.7 127.9 182.4 136.6 80
2021000000340175 0.758 309.5 232.4 424.1 264.7 80
2021000000340175 0.756 567.0 122.2 575.0 143.6 80
2021000000340175 0.755 222.2 272.1 237.1 282.0 80
2021000000340175 0.753 489.2 123.9 496.8 133.7 80
2021000000340175 0.753 255.5 163.3 264.1 172.1 80
2021000000340175 0.752 332.9 233.1 506.1 298.8 80
2021000000340175 0.750 187.1 112.8 197.1 130.9 80
2021000000340175 0.749 256.4 166.2 263.0 172.1 80
2021000000340175 0.749 319.4 124.8 336.1 162.4 80
2021000000340175 0.743 357.1 218.9 424.8 246.1 80
2021000000340175 0.737 402.0 160.0 411.9 172.9 80
2021000000340175 0.737 636.1 167.5 640.1 192.2 80
2021000000340175 0.736 76.9 39.5 89.6 57.8 80
2021000000340175 0.735 405.1 156.8 414.2 170.7 80
2021000000340175 0.733 638.7 190.9 640.0 282.9 80
2021000000340175 0.732 220.9 272.5 236.3 281.4 80
2021000000340175 0.730 269.5 161.4 278.6 173.2 80
2021000000340175 0.727 220.0 272.7 235.0 282.5 80
2021000000340175 0.722 45.3 37.1 57.2 50.0 80
2021000000340175 0.722 224.4 218.0 287.4 276.2 80
2021000000340175 0.719 585.0 124.8 591.6 139.0 80
2021000000340175 0.717 41.6 35.6 51.0 47.3 80
2021000000340175 0.712 494.2 120.9 499.9 130.7 80
2021000000340175 0.708 567.1 120.9 575.0 142.5 80
2021000000340175 0.705 401.4 159.0 410.7 172.7 80
2021000000340175 0.699 484.3 122.4 493.8 134.5 80
2021000000340175 0.686 320.6 119.7 338.6 162.6 80
2021000000340175 0.684 491.8 122.3 498.0 131.6 80
2021000000340175 0.612 378.9 159.8 410.7 173.7 80
2021000000340175 0.589 489.4 121.1 497.2 131.9 80
2021000000340175 0.588 379.1 161.8 397.1 173.6 80
2021000000340175 0.515 490.7 121.5 499.2 133.1 80
2021000000340175 0.501 624.1 61.8 640.8 421.6 80
2021000000340175 0.492 45.6 38.2 58.5 51.5 80
2021000000340175 0.464 402.9 159.9 414.0 173.6 80
2021000000340175 0.355 320.0 228.9 497.7 301.3 80
2021000000340175 0.267 320.0 228.9 497.7 301.3 2
2021000000340175 0.182 490.7 121.5 499.2 133.1 18
2021000000340175 0.178 45.6 38.2 58.5 51.5 18
2021000000340175 0.170 320.0 228.9 497.7 301.3 8
2021000000340175 0.152 320.0 228.9 497.7 301.3 6
2021000000340175 0.144 402.9 159.9 414.0 173.6 8
2021000000340175 0.130 331.6 61.0 425.9 97.0 80
2021000000340175 0.128 489.4 121.1 497.2 131.9 18
2021000000340175 0.122 489.7 146.9 589.4 188.8 80
2021000000340175 0.114 256.8 103.7 338.2 144.2 80
2021000000340175 0.113 402.9 159.9 414.0 173.6 18
2021000000340175 0.112 504.5 4.9 617.5 15.5 80
2021000000340175 0.107 412.0 122.1 491.3 163.2 80
2021000000340175 0.106 288.2 219.9 387.7 273.1 80
2021000000340175 0.105 257.4 254.2 370.6 314.5 80
2021000000340175 0.102 433.0 260.8 525.7 309.0 80
2021000000340175 0.101 168.9 202.8 252.6 248.1 80
2021000000340175 0.099 193.2 1.2 292.1 5.0 80
2021000000340175 0.099 416.6 219.0 503.7 266.4 80
2021000000340175 0.098 379.1 161.8 397.1 173.6 8
2021000000340175 0.097 572.3 155.1 653.4 204.9 80
2021000000340175 0.095 122.2 222.4 216.5 280.3 80
2021000000340175 0.094 66.1 208.8 151.6 259.7 80
2021000000340175 0.093 281.9 295.9 386.1 353.4 80
2021000000340175 0.092 555.7 209.2 645.2 271.5 80
2021000000340175 0.091 473.9 240.9 565.6 296.4 80
2021000000340175 0.090 150.7 255.3 246.6 317.0 80
2021000000340175 0.090 -21.5 198.1 60.2 250.8 80
2021000000340175 0.089 516.8 216.5 612.6 289.6 80
2021000000340175 0.088 80.6 241.9 190.9 326.3 80
2021000000340175 0.087 71.7 368.7 168.4 394.9 80
2021000000340175 0.087 16.2 205.9 106.8 270.5 80
2021000000340175 0.086 109.2 1.7 197.8 3.5 80
2021000000340175 0.085 -13.5 91.6 44.9 447.1 80
2021000000340175 0.083 -23.7 347.1 46.9 381.6 80
2021000000340175 0.082 378.9 159.8 410.7 173.7 8
2021000000340175 0.082 -8.0 234.9 88.1 323.8 80
2021000000340175 0.082 36.4 238.2 140.8 335.4 80
2021000000340175 0.080 14.8 348.6 139.9 384.4 80
2021000000340175 0.080 328.7 293.5 439.9 384.4 80
2021000000340175 0.079 241.0 289.9 353.3 380.9 80
2021000000340175 0.076 361.1 283.3 482.5 405.4 80
2021000000340175 0.076 -17.5 320.5 76.0 360.7 80
2021000000340175 0.076 281.9 341.6 376.3 379.1 80
2021000000340175 0.076 20.3 21.7 83.7 60.0 80
2021000000340175 0.076 486.1 225.0 603.7 369.6 80
2021000000340175 0.075 44.5 340.5 146.4 379.8 80
2021000000340175 0.075 438.4 253.1 564.7 384.4 80
2021000000340175 0.075 511.0 325.8 611.5 366.7 80
2021000000340175 0.075 165.6 345.2 266.4 384.4 80
2021000000340175 0.075 320.0 228.9 497.7 301.3 14
2021000000340175 0.075 2.1 324.2 106.3 365.9 80
2021000000340175 0.074 522.4 156.7 644.2 402.9 80
2021000000340175 0.074 444.2 325.4 541.2 366.8 80
2021000000340175 0.070 395.3 305.2 496.5 349.3 80
2021000000340175 0.069 -32.3 39.4 50.9 81.4 80
2021000000340175 0.068 536.3 4.9 635.7 43.8 80
2021000000340175 0.068 320.0 228.9 497.7 301.3 18
2021000000340175 0.068 46.4 7.4 207.2 46.3 80
2021000000340175 0.793 601.3 343.7 639.5 392.5 80
2021000000340175 0.769 104.0 83.3 543.0 294.6 80
2021000000340175 0.768 108.2 82.2 124.2 99.1 80
2021000000340175 0.760 339.5 148.8 365.8 163.9 80
2021000000340175 0.760 173.7 127.9 182.4 136.6 80
2021000000340175 0.758 309.5 232.4 424.1 264.7 80
2021000000340175 0.756 567.0 122.2 575.0 143.6 80
2021000000340175 0.755 222.2 272.1 237.1 282.0 80
2021000000340175 0.753 489.2 123.9 496.8 133.7 80
2021000000340175 0.753 255.5 163.3 264.1 172.1 80
2021000000340175 0.752 332.9 233.1 506.1 298.8 80
2021000000340175 0.750 187.1 112.8 197.1 130.9 80
2021000000340175 0.749 256.4 166.2 263.0 172.1 80
2021000000340175 0.749 319.4 124.8 336.1 162.4 80
2021000000340175 0.743 357.1 218.9 424.8 246.1 80
2021000000340175 0.737 402.0 160.0 411.9 172.9 80
2021000000340175 0.737 636.1 167.5 640.1 192.2 80
2021000000340175 0.736 76.9 39.5 89.6 57.8 80
2021000000340175 0.735 405.1 156.8 414.2 170.7 80
2021000000340175 0.733 638.7 190.9 640.0 282.9 80
2021000000340175 0.732 220.9 272.5 236.3 281.4 80
2021000000340175 0.730 269.5 161.4 278.6 173.2 80
2021000000340175 0.727 220.0 272.7 235.0 282.5 80
2021000000340175 0.722 45.3 37.1 57.2 50.0 80
2021000000340175 0.722 224.4 218.0 287.4 276.2 80
2021000000340175 0.719 585.0 124.8 591.6 139.0 80
2021000000340175 0.717 41.6 35.6 51.0 47.3 80
2021000000340175 0.712 494.2 120.9 499.9 130.7 80
2021000000340175 0.708 567.1 120.9 575.0 142.5 80
2021000000340175 0.705 401.4 159.0 410.7 172.7 80
2021000000340175 0.699 484.3 122.4 493.8 134.5 80
2021000000340175 0.686 320.6 119.7 338.6 162.6 80
2021000000340175 0.684 491.8 122.3 498.0 131.6 80
2021000000340175 0.612 378.9 159.8 410.7 173.7 80
2021000000340175 0.589 489.4 121.1 497.2 131.9 80
2021000000340175 0.588 379.1 161.8 397.1 173.6 80
2021000000340175 0.515 490.7 121.5 499.2 133.1 80
2021000000340175 0.501 624.1 61.8 640.8 421.6 80
2021000000340175 0.492 45.6 38.2 58.5 51.5 80
2021000000340175 0.464 402.9 159.9 414.0 173.6 80
2021000000340175 0.355 320.0 228.9 497.7 301.3 80
2021000000340175 0.267 320.0 228.9 497.7 301.3 2
2021000000340175 0.182 490.7 121.5 499.2 133.1 18
2021000000340175 0.178 45.6 38.2 58.5 51.5 18
2021000000340175 0.170 320.0 228.9 497.7 301.3 8
2021000000340175 0.152 320.0 228.9 497.7 301.3 6
2021000000340175 0.144 402.9 159.9 414.0 173.6 8
2021000000340175 0.130 331.6 61.0 425.9 97.0 80
2021000000340175 0.128 489.4 121.1 497.2 131.9 18
2021000000340175 0.122 489.7 146.9 589.4 188.8 80
2021000000340175 0.114 256.8 103.7 338.2 144.2 80
2021000000340175 0.113 402.9 159.9 414.0 173.6 18
2021000000340175 0.112 504.5 4.9 617.5 15.5 80
2021000000340175 0.107 412.0 122.1 491.3 163.2 80
2021000000340175 0.106 288.2 219.9 387.7 273.1 80
2021000000340175 0.105 257.4 254.2 370.6 314.5 80
2021000000340175 0.102 433.0 260.8 525.7 309.0 80
2021000000340175 0.101 168.9 202.8 252.6 248.1 80
2021000000340175 0.099 193.2 1.2 292.1 5.0 80
2021000000340175 0.099 416.6 219.0 503.7 266.4 80
2021000000340175 0.098 379.1 161.8 397.1 173.6 8
2021000000340175 0.097 572.3 155.1 653.4 204.9 80
2021000000340175 0.095 122.2 222.4 216.5 280.3 80
2021000000340175 0.094 66.1 208.8 151.6 259.7 80
2021000000340175 0.093 281.9 295.9 386.1 353.4 80
2021000000340175 0.092 555.7 209.2 645.2 271.5 80
2021000000340175 0.091 473.9 240.9 565.6 296.4 80
2021000000340175 0.090 150.7 255.3 246.6 317.0 80
2021000000340175 0.090 -21.5 198.1 60.2 250.8 80
2021000000340175 0.089 516.8 216.5 612.6 289.6 80
2021000000340175 0.088 80.6 241.9 190.9 326.3 80
2021000000340175 0.087 71.7 368.7 168.4 394.9 80
2021000000340175 0.087 16.2 205.9 106.8 270.5 80
2021000000340175 0.086 109.2 1.7 197.8 3.5 80
2021000000340175 0.085 -13.5 91.6 44.9 447.1 80
2021000000340175 0.083 -23.7 347.1 46.9 381.6 80
2021000000340175 0.082 378.9 159.8 410.7 173.7 8
2021000000340175 0.082 -8.0 234.9 88.1 323.8 80
2021000000340175 0.082 36.4 238.2 140.8 335.4 80
2021000000340175 0.080 14.8 348.6 139.9 384.4 80
2021000000340175 0.080 328.7 293.5 439.9 384.4 80
2021000000340175 0.079 241.0 289.9 353.3 380.9 80
2021000000340175 0.076 361.1 283.3 482.5 405.4 80
2021000000340175 0.076 -17.5 320.5 76.0 360.7 80
2021000000340175 0.076 281.9 341.6 376.3 379.1 80
2021000000340175 0.076 20.3 21.7 83.7 60.0 80
2021000000340175 0.076 486.1 225.0 603.7 369.6 80
2021000000340175 0.075 44.5 340.5 146.4 379.8 80
2021000000340175 0.075 438.4 253.1 564.7 384.4 80
2021000000340175 0.075 511.0 325.8 611.5 366.7 80
2021000000340175 0.075 165.6 345.2 266.4 384.4 80
2021000000340175 0.075 320.0 228.9 497.7 301.3 14
2021000000340175 0.075 2.1 324.2 106.3 365.9 80
2021000000340175 0.074 522.4 156.7 644.2 402.9 80
2021000000340175 0.074 444.2 325.4 541.2 366.8 80
2021000000340175 0.070 395.3 305.2 496.5 349.3 80
2021000000340175 0.069 -32.3 39.4 50.9 81.4 80
2021000000340175 0.068 536.3 4.9 635.7 43.8 80
2021000000340175 0.068 320.0 228.9 497.7 301.3 18
2021000000340175 0.068 46.4 7.4 207.2 46.3 80
2021000000340175 0.793 601.3 343.7 639.5 392.5 80
2021000000340175 0.769 104.0 83.3 543.0 294.6 80
2021000000340175 0.768 108.2 82.2 124.2 99.1 80
2021000000340175 0.760 339.5 148.8 365.8 163.9 80
2021000000340175 0.760 173.7 127.9 182.4 136.6 80
2021000000340175 0.758 309.5 232.4 424.1 264.7 80
2021000000340175 0.756 567.0 122.2 575.0 143.6 80
2021000000340175 0.755 222.2 272.1 237.1 282.0 80
2021000000340175 0.753 489.2 123.9 496.8 133.7 80
2021000000340175 0.753 255.5 163.3 264.1 172.1 80
2021000000340175 0.752 332.9 233.1 506.1 298.8 80
2021000000340175 0.750 187.1 112.8 197.1 130.9 80
2021000000340175 0.749 256.4 166.2 263.0 172.1 80
2021000000340175 0.749 319.4 124.8 336.1 162.4 80
2021000000340175 0.743 357.1 218.9 424.8 246.1 80
2021000000340175 0.737 402.0 160.0 411.9 172.9 80
2021000000340175 0.737 636.1 167.5 640.1 192.2 80
2021000000340175 0.736 76.9 39.5 89.6 57.8 80
2021000000340175 0.735 405.1 156.8 414.2 170.7 80
2021000000340175 0.733 638.7 190.9 640.0 282.9 80
2021000000340175 0.732 220.9 272.5 236.3 281.4 80
2021000000340175 0.730 269.5 161.4 278.6 173.2 80
2021000000340175 0.727 220.0 272.7 235.0 282.5 80
2021000000340175 0.722 45.3 37.1 57.2 50.0 80
2021000000340175 0.722 224.4 218.0 287.4 276.2 80
2021000000340175 0.719 585.0 124.8 591.6 139.0 80
2021000000340175 0.717 41.6 35.6 51.0 47.3 80
2021000000340175 0.712 494.2 120.9 499.9 130.7 80
2021000000340175 0.708 567.1 120.9 575.0 142.5 80
2021000000340175 0.705 401.4 159.0 410.7 172.7 80
2021000000340175 0.699 484.3 122.4 493.8 134.5 80
2021000000340175 0.686 320.6 119.7 338.6 162.6 80
2021000000340175 0.684 491.8 122.3 498.0 131.6 80
2021000000340175 0.612 378.9 159.8 410.7 173.7 80
2021000000340175 0.589 489.4 121.1 497.2 131.9 80
2021000000340175 0.588 379.1 161.8 397.1 173.6 80
2021000000340175 0.515 490.7 121.5 499.2 133.1 80
2021000000340175 0.501 624.1 61.8 640.8 421.6 80
2021000000340175 0.492 45.6 38.2 58.5 51.5 80
2021000000340175 0.464 402.9 159.9 414.0 173.6 80
2021000000340175 0.355 320.0 228.9 497.7 301.3 80
2021000000340175 0.267 320.0 228.9 497.7 301.3 2
2021000000340175 0.182 490.7 121.5 499.2 133.1 18
2021000000340175 0.178 45.6 38.2 58.5 51.5 18
2021000000340175 0.170 320.0 228.9 497.7 301.3 8
2021000000340175 0.152 320.0 228.9 497.7 301.3 6
2021000000340175 0.144 402.9 159.9 414.0 173.6 8
2021000000340175 0.130 331.6 61.0 425.9 97.0 80
2021000000340175 0.128 489.4 121.1 497.2 131.9 18
2021000000340175 0.122 489.7 146.9 589.4 188.8 80
2021000000340175 0.114 256.8 103.7 338.2 144.2 80
2021000000340175 0.113 402.9 159.9 414.0 173.6 18
2021000000340175 0.112 504.5 4.9 617.5 15.5 80
2021000000340175 0.107 412.0 122.1 491.3 163.2 80
2021000000340175 0.106 288.2 219.9 387.7 273.1 80
2021000000340175 0.105 257.4 254.2 370.6 314.5 80
2021000000340175 0.102 433.0 260.8 525.7 309.0 80
2021000000340175 0.101 168.9 202.8 252.6 248.1 80
2021000000340175 0.099 193.2 1.2 292.1 5.0 80
2021000000340175 0.099 416.6 219.0 503.7 266.4 80
2021000000340175 0.098 379.1 161.8 397.1 173.6 8
2021000000340175 0.097 572.3 155.1 653.4 204.9 80
2021000000340175 0.095 122.2 222.4 216.5 280.3 80
2021000000340175 0.094 66.1 208.8 151.6 259.7 80
2021000000340175 0.093 281.9 295.9 386.1 353.4 80
2021000000340175 0.092 555.7 209.2 645.2 271.5 80
2021000000340175 0.091 473.9 240.9 565.6 296.4 80
2021000000340175 0.090 150.7 255.3 246.6 317.0 80
2021000000340175 0.090 -21.5 198.1 60.2 250.8 80
2021000000340175 0.089 516.8 216.5 612.6 289.6 80
2021000000340175 0.088 80.6 241.9 190.9 326.3 80
2021000000340175 0.087 71.7 368.7 168.4 394.9 80
2021000000340175 0.087 16.2 205.9 106.8 270.5 80
2021000000340175 0.086 109.2 1.7 197.8 3.5 80
2021000000340175 0.085 -13.5 91.6 44.9 447.1 80
2021000000340175 0.083 -23.7 347.1 46.9 381.6 80
2021000000340175 0.082 378.9 159.8 410.7 173.7 8
2021000000340175 0.082 -8.0 234.9 88.1 323.8 80
2021000000340175 0.082 36.4 238.2 140.8 335.4 80
2021000000340175 0.080 14.8 348.6 139.9 384.4 80
2021000000340175 0.080 328.7 293.5 439.9 384.4 80
2021000000340175 0.079 241.0 289.9 353.3 380.9 80
2021000000340175 0.076 361.1 283.3 482.5 405.4 80
2021000000340175 0.076 -17.5 320.5 76.0 360.7 80
2021000000340175 0.076 281.9 341.6 376.3 379.1 80
2021000000340175 0.076 20.3 21.7 83.7 60.0 80
2021000000340175 0.076 486.1 225.0 603.7 369.6 80
2021000000340175 0.075 44.5 340.5 146.4 379.8 80
2021000000340175 0.075 438.4 253.1 564.7 384.4 80
2021000000340175 0.075 511.0 325.8 611.5 366.7 80
2021000000340175 0.075 165.6 345.2 266.4 384.4 80
2021000000340175 0.075 320.0 228.9 497.7 301.3 14
2021000000340175 0.075 2.1 324.2 106.3 365.9 80
2021000000340175 0.074 522.4 156.7 644.2 402.9 80
2021000000340175 0.074 444.2 325.4 541.2 366.8 80
2021000000340175 0.070 395.3 305.2 496.5 349.3 80
2021000000340175 0.069 -32.3 39.4 50.9 81.4 80
2021000000340175 0.068 536.3 4.9 635.7 43.8 80
2021000000340175 0.068 320.0 228.9 497.7 301.3 18
2021000000340175 0.068 46.4 7.4 207.2 46.3 80
2021000000340175 0.793 601.3 343.7 639.5 392.5 80
2021000000340175 0.769 104.0 83.3 543.0 294.6 80
2021000000340175 0.768 108.2 82.2 124.2 99.1 80
2021000000340175 0.760 339.5 148.8 365.8 163.9 80
2021000000340175 0.760 173.7 127.9 182.4 136.6 80
2021000000340175 0.758 309.5 232.4 424.1 264.7 80
2021000000340175 0.756 567.0 122.2 575.0 143.6 80
2021000000340175 0.755 222.2 272.1 237.1 282.0 80
2021000000340175 0.753 489.2 123.9 496.8 133.7 80
2021000000340175 0.753 255.5 163.3 264.1 172.1 80
2021000000340175 0.752 332.9 233.1 506.1 298.8 80
2021000000340175 0.750 187.1 112.8 197.1 130.9 80
2021000000340175 0.749 256.4 166.2 263.0 172.1 80
2021000000340175 0.749 319.4 124.8 336.1 162.4 80
2021000000340175 0.743 357.1 218.9 424.8 246.1 80
2021000000340175 0.737 402.0 160.0 411.9 172.9 80
2021000000340175 0.737 636.1 167.5 640.1 192.2 80
2021000000340175 0.736 76.9 39.5 89.6 57.8 80
2021000000340175 0.735 405.1 156.8 414.2 170.7 80
2021000000340175 0.733 638.7 190.9 640.0 282.9 80
2021000000340175 0.732 220.9 272.5 236.3 281.4 80
2021000000340175 0.730 269.5 161.4 278.6 173.2 80
2021000000340175 0.727 220.0 272.7 235.0 282.5 80
2021000000340175 0.722 45.3 37.1 57.2 50.0 80
2021000000340175 0.722 224.4 218.0 287.4 276.2 80
2021000000340175 0.719 585.0 124.8 591.6 139.0 80
2021000000340175 0.717 41.6 35.6 51.0 47.3 80
2021000000340175 0.712 494.2 120.9 499.9 130.7 80
2021000000340175 0.708 567.1 120.9 575.0 142.5 80
2021000000340175 0.705 401.4 159.0 410.7 172.7 80
2021000000340175 0.699 484.3 122.4 493.8 134.5 80
2021000000340175 0.686 320.6 119.7 338.6 162.6 80
2021000000340175 0.684 491.8 122.3 498.0 131.6 80
2021000000340175 0.612 378.9 159.8 410.7 173.7 80
2021000000340175 0.589 489.4 121.1 497.2 131.9 80
2021000000340175 0.588 379.1 161.8 397.1 173.6 80
2021000000340175 0.515 490.7 121.5 499.2 133.1 80
2021000000340175 0.501 624.1 61.8 640.8 421.6 80
2021000000340175 0.492 45.6 38.2 58.5 51.5 80
2021000000340175 0.464 402.9 159.9 414.0 173.6 80
2021000000340175 0.355 320.0 228.9 497.7 301.3 80
2021000000340175 0.267 320.0 228.9 497.7 301.3 2
2021000000340175 0.182 490.7 121.5 499.2 133.1 18
2021000000340175 0.178 45.6 38.2 58.5 51.5 18
2021000000340175 0.170 320.0 228.9 497.7 301.3 8
2021000000340175 0.152 320.0 228.9 497.7 301.3 6
2021000000340175 0.144 402.9 159.9 414.0 173.6 8
2021000000340175 0.130 331.6 61.0 425.9 97.0 80
2021000000340175 0.128 489.4 121.1 497.2 131.9 18
2021000000340175 0.122 489.7 146.9 589.4 188.8 80
2021000000340175 0.114 256.8 103.7 338.2 144.2 80
2021000000340175 0.113 402.9 159.9 414.0 173.6 18
2021000000340175 0.112 504.5 4.9 617.5 15.5 80
2021000000340175 0.107 412.0 122.1 491.3 163.2 80
2021000000340175 0.106 288.2 219.9 387.7 273.1 80
2021000000340175 0.105 257.4 254.2 370.6 314.5 80
2021000000340175 0.102 433.0 260.8 525.7 309.0 80
2021000000340175 0.101 168.9 202.8 252.6 248.1 80
2021000000340175 0.099 193.2 1.2 292.1 5.0 80
2021000000340175 0.099 416.6 219.0 503.7 266.4 80
2021000000340175 0.098 379.1 161.8 397.1 173.6 8
2021000000340175 0.097 572.3 155.1 653.4 204.9 80
2021000000340175 0.095 122.2 222.4 216.5 280.3 80
2021000000340175 0.094 66.1 208.8 151.6 259.7 80
2021000000340175 0.093 281.9 295.9 386.1 353.4 80
2021000000340175 0.092 555.7 209.2 645.2 271.5 80
2021000000340175 0.091 473.9 240.9 565.6 296.4 80
2021000000340175 0.090 150.7 255.3 246.6 317.0 80
2021000000340175 0.090 -21.5 198.1 60.2 250.8 80
2021000000340175 0.089 516.8 216.5 612.6 289.6 80
2021000000340175 0.088 80.6 241.9 190.9 326.3 80
2021000000340175 0.087 71.7 368.7 168.4 394.9 80
2021000000340175 0.087 16.2 205.9 106.8 270.5 80
2021000000340175 0.086 109.2 1.7 197.8 3.5 80
2021000000340175 0.085 -13.5 91.6 44.9 447.1 80
2021000000340175 0.083 -23.7 347.1 46.9 381.6 80
2021000000340175 0.082 378.9 159.8 410.7 173.7 8
2021000000340175 0.082 -8.0 234.9 88.1 323.8 80
2021000000340175 0.082 36.4 238.2 140.8 335.4 80
2021000000340175 0.080 14.8 348.6 139.9 384.4 80
2021000000340175 0.080 328.7 293.5 439.9 384.4 80
2021000000340175 0.079 241.0 289.9 353.3 380.9 80
2021000000340175 0.076 361.1 283.3 482.5 405.4 80
2021000000340175 0.076 -17.5 320.5 76.0 360.7 80
2021000000340175 0.076 281.9 341.6 376.3 379.1 80
2021000000340175 0.076 20.3 21.7 83.7 60.0 80
2021000000340175 0.076 486.1 225.0 603.7 369.6 80
2021000000340175 0.075 44.5 340.5 146.4 379.8 80
2021000000340175 0.075 438.4 253.1 564.7 384.4 80
2021000000340175 0.075 511.0 325.8 611.5 366.7 80
2021000000340175 0.075 165.6 345.2 266.4 384.4 80
2021000000340175 0.075 320.0 228.9 497.7 301.3 14
2021000000340175 0.075 2.1 324.2 106.3 365.9 80
2021000000340175 0.074 522.4 156.7 644.2 402.9 80
2021000000340175 0.074 444.2 325.4 541.2 366.8 80
2021000000340175 0.070 395.3 305.2 496.5 349.3 80
2021000000340175 0.069 -32.3 39.4 50.9 81.4 80
2021000000340175 0.068 536.3 4.9 635.7 43.8 80
2021000000340175 0.068 320.0 228.9 497.7 301.3 18
2021000000340175 0.068 46.4 7.4 207.2 46.3 80
2021000000340175 0.793 601.3 343.7 639.5 392.5 80
2021000000340175 0.769 104.0 83.3 543.0 294.6 80
2021000000340175 0.768 108.2 82.2 124.2 99.1 80
2021000000340175 0.760 339.5 148.8 365.8 163.9 80
2021000000340175 0.760 173.7 127.9 182.4 136.6 80
2021000000340175 0.758 309.5 232.4 424.1 264.7 80
2021000000340175 0.756 567.0 122.2 575.0 143.6 80
2021000000340175 0.755 222.2 272.1 237.1 282.0 80
2021000000340175 0.753 489.2 123.9 496.8 133.7 80
2021000000340175 0.753 255.5 163.3 264.1 172.1 80
2021000000340175 0.752 332.9 233.1 506.1 298.8 80
2021000000340175 0.750 187.1 112.8 197.1 130.9 80
2021000000340175 0.749 256.4 166.2 263.0 172.1 80
2021000000340175 0.749 319.4 124.8 336.1 162.4 80
2021000000340175 0.743 357.1 218.9 424.8 246.1 80
2021000000340175 0.737 402.0 160.0 411.9 172.9 80
2021000000340175 0.737 636.1 167.5 640.1 192.2 80
2021000000340175 0.736 76.9 39.5 89.6 57.8 80
2021000000340175 0.735 405.1 156.8 414.2 170.7 80
2021000000340175 0.733 638.7 190.9 640.0 282.9 80
2021000000340175 0.732 220.9 272.5 236.3 281.4 80
2021000000340175 0.730 269.5 161.4 278.6 173.2 80
2021000000340175 0.727 220.0 272.7 235.0 282.5 80
2021000000340175 0.722 45.3 37.1 57.2 50.0 80
2021000000340175 0.722 224.4 218.0 287.4 276.2 80
2021000000340175 0.719 585.0 124.8 591.6 139.0 80
2021000000340175 0.717 41.6 35.6 51.0 47.3 80
2021000000340175 0.712 494.2 120.9 499.9 130.7 80
2021000000340175 0.708 567.1 120.9 575.0 142.5 80
2021000000340175 0.705 401.4 159.0 410.7 172.7 80
2021000000340175 0.699 484.3 122.4 493.8 134.5 80
2021000000340175 0.686 320.6 119.7 338.6 162.6 80
2021000000340175 0.684 491.8 122.3 498.0 131.6 80
2021000000340175 0.612 378.9 159.8 410.7 173.7 80
2021000000340175 0.589 489.4 121.1 497.2 131.9 80
2021000000340175 0.588 379.1 161.8 397.1 173.6 80
2021000000340175 0.515 490.7 121.5 499.2 133.1 80
2021000000340175 0.501 624.1 61.8 640.8 421.6 80
2021000000340175 0.492 45.6 38.2 58.5 51.5 80
2021000000340175 0.464 402.9 159.9 414.0 173.6 80
2021000000340175 0.355 320.0 228.9 497.7 301.3 80
2021000000340175 0.267 320.0 228.9 497.7 301.3 2
2021000000340175 0.182 490.7 121.5 499.2 133.1 18
2021000000340175 0.178 45.6 38.2 58.5 51.5 18
2021000000340175 0.170 320.0 228.9 497.7 301.3 8
2021000000340175 0.152 320.0 228.9 497.7 301.3 6
2021000000340175 0.144 402.9 159.9 414.0 173.6 8
2021000000340175 0.130 331.6 61.0 425.9 97.0 80
2021000000340175 0.128 489.4 121.1 497.2 131.9 18
2021000000340175 0.122 489.7 146.9 589.4 188.8 80
2021000000340175 0.114 256.8 103.7 338.2 144.2 80
2021000000340175 0.113 402.9 159.9 414.0 173.6 18
2021000000340175 0.112 504.5 4.9 617.5 15.5 80
2021000000340175 0.107 412.0 122.1 491.3 163.2 80
2021000000340175 0.106 288.2 219.9 387.7 273.1 80
2021000000340175 0.105 257.4 254.2 370.6 314.5 80
2021000000340175 0.102 433.0 260.8 525.7 309.0 80
2021000000340175 0.101 168.9 202.8 252.6 248.1 80
2021000000340175 0.099 193.2 1.2 292.1 5.0 80
2021000000340175 0.099 416.6 219.0 503.7 266.4 80
2021000000340175 0.098 379.1 161.8 397.1 173.6 8
2021000000340175 0.097 572.3 155.1 653.4 204.9 80
2021000000340175 0.095 122.2 222.4 216.5 280.3 80
2021000000340175 0.094 66.1 208.8 151.6 259.7 80
2021000000340175 0.093 281.9 295.9 386.1 353.4 80
2021000000340175 0.092 555.7 209.2 645.2 271.5 80
2021000000340175 0.091 473.9 240.9 565.6 296.4 80
2021000000340175 0.090 150.7 255.3 246.6 317.0 80
2021000000340175 0.090 -21.5 198.1 60.2 250.8 80
2021000000340175 0.089 516.8 216.5 612.6 289.6 80
2021000000340175 0.088 80.6 241.9 190.9 326.3 80
2021000000340175 0.087 71.7 368.7 168.4 394.9 80
2021000000340175 0.087 16.2 205.9 106.8 270.5 80
2021000000340175 0.086 109.2 1.7 197.8 3.5 80
2021000000340175 0.085 -13.5 91.6 44.9 447.1 80
2021000000340175 0.083 -23.7 347.1 46.9 381.6 80
2021000000340175 0.082 378.9 159.8 410.7 173.7 8
2021000000340175 0.082 -8.0 234.9 88.1 323.8 80
2021000000340175 0.082 36.4 238.2 140.8 335.4 80
2021000000340175 0.080 14.8 348.6 139.9 384.4 80
2021000000340175 0.080 328.7 293.5 439.9 384.4 80
2021000000340175 0.079 241.0 289.9 353.3 380.9 80
2021000000340175 0.076 361.1 283.3 482.5 405.4 80
2021000000340175 0.076 -17.5 320.5 76.0 360.7 80
2021000000340175 0.076 281.9 341.6 376.3 379.1 80
2021000000340175 0.076 20.3 21.7 83.7 60.0 80
2021000000340175 0.076 486.1 225.0 603.7 369.6 80
2021000000340175 0.075 44.5 340.5 146.4 379.8 80
2021000000340175 0.075 438.4 253.1 564.7 384.4 80
2021000000340175 0.075 511.0 325.8 611.5 366.7 80
2021000000340175 0.075 165.6 345.2 266.4 384.4 80
2021000000340175 0.075 320.0 228.9 497.7 301.3 14
2021000000340175 0.075 2.1 324.2 106.3 365.9 80
2021000000340175 0.074 522.4 156.7 644.2 402.9 80
2021000000340175 0.074 444.2 325.4 541.2 366.8 80
2021000000340175 0.070 395.3 305.2 496.5 349.3 80
2021000000340175 0.069 -32.3 39.4 50.9 81.4 80
2021000000340175 0.068 536.3 4.9 635.7 43.8 80
2021000000340175 0.068 320.0 228.9 497.7 301.3 18
2021000000340175 0.068 46.4 7.4 207.2 46.3 80
2021000000340175 0.793 601.3 343.7 639.5 392.5 80
2021000000340175 0.769 104.0 83.3 543.0 294.6 80
2021000000340175 0.768 108.2 82.2 124.2 99.1 80
2021000000340175 0.760 339.5 148.8 365.8 163.9 80
2021000000340175 0.760 173.7 127.9 182.4 136.6 80
2021000000340175 0.758 309.5 232.4 424.1 264.7 80
2021000000340175 0.756 567.0 122.2 575.0 143.6 80
2021000000340175 0.755 222.2 272.1 237.1 282.0 80
2021000000340175 0.753 489.2 123.9 496.8 133.7 80
2021000000340175 0.753 255.5 163.3 264.1 172.1 80
2021000000340175 0.752 332.9 233.1 506.1 298.8 80
2021000000340175 0.750 187.1 112.8 197.1 130.9 80
2021000000340175 0.749 256.4 166.2 263.0 172.1 80
2021000000340175 0.749 319.4 124.8 336.1 162.4 80
2021000000340175 0.743 357.1 218.9 424.8 246.1 80
2021000000340175 0.737 402.0 160.0 411.9 172.9 80
2021000000340175 0.737 636.1 167.5 640.1 192.2 80
2021000000340175 0.736 76.9 39.5 89.6 57.8 80
2021000000340175 0.735 405.1 156.8 414.2 170.7 80
2021000000340175 0.733 638.7 190.9 640.0 282.9 80
2021000000340175 0.732 220.9 272.5 236.3 281.4 80
2021000000340175 0.730 269.5 161.4 278.6 173.2 80
2021000000340175 0.727 220.0 272.7 235.0 282.5 80
2021000000340175 0.722 45.3 37.1 57.2 50.0 80
2021000000340175 0.722 224.4 218.0 287.4 276.2 80
2021000000340175 0.719 585.0 124.8 591.6 139.0 80
2021000000340175 0.717 41.6 35.6 51.0 47.3 80
2021000000340175 0.712 494.2 120.9 499.9 130.7 80
2021000000340175 0.708 567.1 120.9 575.0 142.5 80
2021000000340175 0.705 401.4 159.0 410.7 172.7 80
2021000000340175 0.699 484.3 122.4 493.8 134.5 80
2021000000340175 0.686 320.6 119.7 338.6 162.6 80
2021000000340175 0.684 491.8 122.3 498.0 131.6 80
2021000000340175 0.612 378.9 159.8 410.7 173.7 80
2021000000340175 0.589 489.4 121.1 497.2 131.9 80
2021000000340175 0.588 379.1 161.8 397.1 173.6 80
2021000000340175 0.515 490.7 121.5 499.2 133.1 80
2021000000340175 0.501 624.1 61.8 640.8 421.6 80
2021000000340175 0.492 45.6 38.2 58.5 51.5 80
2021000000340175 0.464 402.9 159.9 414.0 173.6 80
2021000000340175 0.355 320.0 228.9 497.7 301.3 80
2021000000340175 0.267 320.0 228.9 497.7 301.3 2
2021000000340175 0.182 490.7 121.5 499.2 133.1 18
2021000000340175 0.178 45.6 38.2 58.5 51.5 18
2021000000340175 0.170 320.0 228.9 497.7 301.3 8
2021000000340175 0.152 320.0 228.9 497.7 301.3 6
2021000000340175 0.144 402.9 159.9 414.0 173.6 8
2021000000340175 0.130 331.6 61.0 425.9 97.0 80
2021000000340175 0.128 489.4 121.1 497.2 131.9 18
2021000000340175 0.122 489.7 146.9 589.4 188.8 80
2021000000340175 0.114 256.8 103.7 338.2 144.2 80
2021000000340175 0.113 402.9 159.9 414.0 173.6 18
2021000000340175 0.112 504.5 4.9 617.5 15.5 80
2021000000340175 0.107 412.0 122.1 491.3 163.2 80
2021000000340175 0.106 288.2 219.9 387.7 273.1 80
2021000000340175 0.105 257.4 254.2 370.6 314.5 80
2021000000340175 0.102 433.0 260.8 525.7 309.0 80
2021000000340175 0.101 168.9 202.8 252.6 248.1 80
2021000000340175 0.099 193.2 1.2 292.1 5.0 80
2021000000340175 0.099 416.6 219.0 503.7 266.4 80
2021000000340175 0.098 379.1 161.8 397.1 173.6 8
2021000000340175 0.097 572.3 155.1 653.4 204.9 80
2021000000340175 0.095 122.2 222.4 216.5 280.3 80
2021000000340175 0.094 66.1 208.8 151.6 259.7 80
2021000000340175 0.093 281.9 295.9 386.1 353.4 80
2021000000340175 0.092 555.7 209.2 645.2 271.5 80
2021000000340175 0.091 473.9 240.9 565.6 296.4 80
2021000000340175 0.090 150.7 255.3 246.6 317.0 80
2021000000340175 0.090 -21.5 198.1 60.2 250.8 80
2021000000340175 0.089 516.8 216.5 612.6 289.6 80
2021000000340175 0.088 80.6 241.9 190.9 326.3 80
2021000000340175 0.087 71.7 368.7 168.4 394.9 80
2021000000340175 0.087 16.2 205.9 106.8 270.5 80
2021000000340175 0.086 109.2 1.7 197.8 3.5 80
2021000000340175 0.085 -13.5 91.6 44.9 447.1 80
2021000000340175 0.083 -23.7 347.1 46.9 381.6 80
2021000000340175 0.082 378.9 159.8 410.7 173.7 8
2021000000340175 0.082 -8.0 234.9 88.1 323.8 80
2021000000340175 0.082 36.4 238.2 140.8 335.4 80
2021000000340175 0.080 14.8 348.6 139.9 384.4 80
2021000000340175 0.080 328.7 293.5 439.9 384.4 80
2021000000340175 0.079 241.0 289.9 353.3 380.9 80
2021000000340175 0.076 361.1 283.3 482.5 405.4 80
2021000000340175 0.076 -17.5 320.5 76.0 360.7 80
2021000000340175 0.076 281.9 341.6 376.3 379.1 80
2021000000340175 0.076 20.3 21.7 83.7 60.0 80
2021000000340175 0.076 486.1 225.0 603.7 369.6 80
2021000000340175 0.075 44.5 340.5 146.4 379.8 80
2021000000340175 0.075 438.4 253.1 564.7 384.4 80
2021000000340175 0.075 511.0 325.8 611.5 366.7 80
2021000000340175 0.075 165.6 345.2 266.4 384.4 80
2021000000340175 0.075 320.0 228.9 497.7 301.3 14
2021000000340175 0.075 2.1 324.2 106.3 365.9 80
2021000000340175 0.074 522.4 156.7 644.2 402.9 80
2021000000340175 0.074 444.2 325.4 541.2 366.8 80
2021000000340175 0.070 395.3 305.2 496.5 349.3 80
2021000000340175 0.069 -32.3 39.4 50.9 81.4 80
2021000000340175 0.068 536.3 4.9 635.7 43.8 80
2021000000340175 0.068 320.0 228.9 497.7 301.3 18
2021000000340175 0.068 46.4 7.4 207.2 46.3 80
2021000000340175 0.793 601.3 343.7 639.5 392.5 80
2021000000340175 0.769 104.0 83.3 543.0 294.6 80
2021000000340175 0.768 108.2 82.2 124.2 99.1 80
2021000000340175 0.760 339.5 148.8 365.8 163.9 80
2021000000340175 0.760 173.7 127.9 182.4 136.6 80
2021000000340175 0.758 309.5 232.4 424.1 264.7 80
2021000000340175 0.756 567.0 122.2 575.0 143.6 80
2021000000340175 0.755 222.2 272.1 237.1 282.0 80
2021000000340175 0.753 489.2 123.9 496.8 133.7 80
2021000000340175 0.753 255.5 163.3 264.1 172.1 80
2021000000340175 0.752 332.9 233.1 506.1 298.8 80
2021000000340175 0.750 187.1 112.8 197.1 130.9 80
2021000000340175 0.749 256.4 166.2 263.0 172.1 80
2021000000340175 0.749 319.4 124.8 336.1 162.4 80
2021000000340175 0.743 357.1 218.9 424.8 246.1 80
2021000000340175 0.737 402.0 160.0 411.9 172.9 80
2021000000340175 0.737 636.1 167.5 640.1 192.2 80
2021000000340175 0.736 76.9 39.5 89.6 57.8 80
2021000000340175 0.735 405.1 156.8 414.2 170.7 80
2021000000340175 0.733 638.7 190.9 640.0 282.9 80
2021000000340175 0.732 220.9 272.5 236.3 281.4 80
2021000000340175 0.730 269.5 161.4 278.6 173.2 80
2021000000340175 0.727 220.0 272.7 235.0 282.5 80
2021000000340175 0.722 45.3 37.1 57.2 50.0 80
2021000000340175 0.722 224.4 218.0 287.4 276.2 80
2021000000340175 0.719 585.0 124.8 591.6 139.0 80
2021000000340175 0.717 41.6 35.6 51.0 47.3 80
2021000000340175 0.712 494.2 120.9 499.9 130.7 80
2021000000340175 0.708 567.1 120.9 575.0 142.5 80
2021000000340175 0.705 401.4 159.0 410.7 172.7 80
2021000000340175 0.699 484.3 122.4 493.8 134.5 80
2021000000340175 0.686 320.6 119.7 338.6 162.6 80
2021000000340175 0.684 491.8 122.3 498.0 131.6 80
2021000000340175 0.612 378.9 159.8 410.7 173.7 80
2021000000340175 0.589 489.4 121.1 497.2 131.9 80
2021000000340175 0.588 379.1 161.8 397.1 173.6 80
2021000000340175 0.515 490.7 121.5 499.2 133.1 80
2021000000340175 0.501 624.1 61.8 640.8 421.6 80
2021000000340175 0.492 45.6 38.2 58.5 51.5 80
2021000000340175 0.464 402.9 159.9 414.0 173.6 80
2021000000340175 0.355 320.0 228.9 497.7 301.3 80
2021000000340175 0.267 320.0 228.9 497.7 301.3 2
2021000000340175 0.182 490.7 121.5 499.2 133.1 18
2021000000340175 0.178 45.6 38.2 58.5 51.5 18
2021000000340175 0.170 320.0 228.9 497.7 301.3 8
2021000000340175 0.152 320.0 228.9 497.7 301.3 6
2021000000340175 0.144 402.9 159.9 414.0 173.6 8
2021000000340175 0.130 331.6 61.0 425.9 97.0 80
2021000000340175 0.128 489.4 121.1 497.2 131.9 18
2021000000340175 0.122 489.7 146.9 589.4 188.8 80
2021000000340175 0.114 256.8 103.7 338.2 144.2 80
2021000000340175 0.113 402.9 159.9 414.0 173.6 18
2021000000340175 0.112 504.5 4.9 617.5 15.5 80
2021000000340175 0.107 412.0 122.1 491.3 163.2 80
2021000000340175 0.106 288.2 219.9 387.7 273.1 80
2021000000340175 0.105 257.4 254.2 370.6 314.5 80
2021000000340175 0.102 433.0 260.8 525.7 309.0 80
2021000000340175 0.101 168.9 202.8 252.6 248.1 80
2021000000340175 0.099 193.2 1.2 292.1 5.0 80
2021000000340175 0.099 416.6 219.0 503.7 266.4 80
2021000000340175 0.098 379.1 161.8 397.1 173.6 8
2021000000340175 0.097 572.3 155.1 653.4 204.9 80
2021000000340175 0.095 122.2 222.4 216.5 280.3 80
2021000000340175 0.094 66.1 208.8 151.6 259.7 80
2021000000340175 0.093 281.9 295.9 386.1 353.4 80
2021000000340175 0.092 555.7 209.2 645.2 271.5 80
2021000000340175 0.091 473.9 240.9 565.6 296.4 80
2021000000340175 0.090 150.7 255.3 246.6 317.0 80
2021000000340175 0.090 -21.5 198.1 60.2 250.8 80
2021000000340175 0.089 516.8 216.5 612.6 289.6 80
2021000000340175 0.088 80.6 241.9 190.9 326.3 80
2021000000340175 0.087 71.7 368.7 168.4 394.9 80
2021000000340175 0.087 16.2 205.9 106.8 270.5 80
2021000000340175 0.086 109.2 1.7 197.8 3.5 80
2021000000340175 0.085 -13.5 91.6 44.9 447.1 80
2021000000340175 0.083 -23.7 347.1 46.9 381.6 80
2021000000340175 0.082 378.9 159.8 410.7 173.7 8
2021000000340175 0.082 -8.0 234.9 88.1 323.8 80
2021000000340175 0.082 36.4 238.2 140.8 335.4 80
2021000000340175 0.080 14.8 348.6 139.9 384.4 80
2021000000340175 0.080 328.7 293.5 439.9 384.4 80
2021000000340175 0.079 241.0 289.9 353.3 380.9 80
2021000000340175 0.076 361.1 283.3 482.5 405.4 80
2021000000340175 0.076 -17.5 320.5 76.0 360.7 80
2021000000340175 0.076 281.9 341.6 376.3 379.1 80
2021000000340175 0.076 20.3 21.7 83.7 60.0 80
2021000000340175 0.076 486.1 225.0 603.7 369.6 80
2021000000340175 0.075 44.5 340.5 146.4 379.8 80
2021000000340175 0.075 438.4 253.1 564.7 384.4 80
2021000000340175 0.075 511.0 325.8 611.5 366.7 80
2021000000340175 0.075 165.6 345.2 266.4 384.4 80
2021000000340175 0.075 320.0 228.9 497.7 301.3 14
2021000000340175 0.075 2.1 324.2 106.3 365.9 80
2021000000340175 0.074 522.4 156.7 644.2 402.9 80
2021000000340175 0.074 444.2 325.4 541.2 366.8 80
2021000000340175 0.070 395.3 305.2 496.5 349.3 80
2021000000340175 0.069 -32.3 39.4 50.9 81.4 80
2021000000340175 0.068 536.3 4.9 635.7 43.8 80
2021000000340175 0.068 320.0 228.9 497.7 301.3 18
2021000000340175 0.068 46.4 7.4 207.2 46.3 80
2021000000340175 0.793 601.3 343.7 639.5 392.5 80
2021000000340175 0.769 104.0 83.3 543.0 294.6 80
2021000000340175 0.768 108.2 82.2 124.2 99.1 80
2021000000340175 0.760 339.5 148.8 365.8 163.9 80
2021000000340175 0.760 173.7 127.9 182.4 136.6 80
2021000000340175 0.758 309.5 232.4 424.1 264.7 80
2021000000340175 0.756 567.0 122.2 575.0 143.6 80
2021000000340175 0.755 222.2 272.1 237.1 282.0 80
2021000000340175 0.753 489.2 123.9 496.8 133.7 80
2021000000340175 0.753 255.5 163.3 264.1 172.1 80
2021000000340175 0.752 332.9 233.1 506.1 298.8 80
2021000000340175 0.750 187.1 112.8 197.1 130.9 80
2021000000340175 0.749 256.4 166.2 263.0 172.1 80
2021000000340175 0.749 319.4 124.8 336.1 162.4 80
2021000000340175 0.743 357.1 218.9 424.8 246.1 80
2021000000340175 0.737 402.0 160.0 411.9 172.9 80
2021000000340175 0.737 636.1 167.5 640.1 192.2 80
2021000000340175 0.736 76.9 39.5 89.6 57.8 80
2021000000340175 0.735 405.1 156.8 414.2 170.7 80
2021000000340175 0.733 638.7 190.9 640.0 282.9 80
2021000000340175 0.732 220.9 272.5 236.3 281.4 80
2021000000340175 0.730 269.5 161.4 278.6 173.2 80
2021000000340175 0.727 220.0 272.7 235.0 282.5 80
2021000000340175 0.722 45.3 37.1 57.2 50.0 80
2021000000340175 0.722 224.4 218.0 287.4 276.2 80
2021000000340175 0.719 585.0 124.8 591.6 139.0 80
2021000000340175 0.717 41.6 35.6 51.0 47.3 80
2021000000340175 0.712 494.2 120.9 499.9 130.7 80
2021000000340175 0.708 567.1 120.9 575.0 142.5 80
2021000000340175 0.705 401.4 159.0 410.7 172.7 80
2021000000340175 0.699 484.3 122.4 493.8 134.5 80
2021000000340175 0.686 320.6 119.7 338.6 162.6 80
2021000000340175 0.684 491.8 122.3 498.0 131.6 80
2021000000340175 0.612 378.9 159.8 410.7 173.7 80
2021000000340175 0.589 489.4 121.1 497.2 131.9 80
2021000000340175 0.588 379.1 161.8 397.1 173.6 80
2021000000340175 0.515 490.7 121.5 499.2 133.1 80
2021000000340175 0.501 624.1 61.8 640.8 421.6 80
2021000000340175 0.492 45.6 38.2 58.5 51.5 80
2021000000340175 0.464 402.9 159.9 414.0 173.6 80
2021000000340175 0.355 320.0 228.9 497.7 301.3 80
2021000000340175 0.267 320.0 228.9 497.7 301.3 2
2021000000340175 0.182 490.7 121.5 499.2 133.1 18
2021000000340175 0.178 45.6 38.2 58.5 51.5 18
2021000000340175 0.170 320.0 228.9 497.7 301.3 8
2021000000340175 0.152 320.0 228.9 497.7 301.3 6
2021000000340175 0.144 402.9 159.9 414.0 173.6 8
2021000000340175 0.130 331.6 61.0 425.9 97.0 80
2021000000340175 0.128 489.4 121.1 497.2 131.9 18
2021000000340175 0.122 489.7 146.9 589.4 188.8 80
2021000000340175 0.114 256.8 103.7 338.2 144.2 80
2021000000340175 0.113 402.9 159.9 414.0 173.6 18
2021000000340175 0.112 504.5 4.9 617.5 15.5 80
2021000000340175 0.107 412.0 122.1 491.3 163.2 80
2021000000340175 0.106 288.2 219.9 387.7 273.1 80
2021000000340175 0.105 257.4 254.2 370.6 314.5 80
2021000000340175 0.102 433.0 260.8 525.7 309.0 80
2021000000340175 0.101 168.9 202.8 252.6 248.1 80
2021000000340175 0.099 193.2 1.2 292.1 5.0 80
2021000000340175 0.099 416.6 219.0 503.7 266.4 80
2021000000340175 0.098 379.1 161.8 397.1 173.6 8
2021000000340175 0.097 572.3 155.1 653.4 204.9 80
2021000000340175 0.095 122.2 222.4 216.5 280.3 80
2021000000340175 0.094 66.1 208.8 151.6 259.7 80
2021000000340175 0.093 281.9 295.9 386.1 353.4 80
2021000000340175 0.092 555.7 209.2 645.2 271.5 80
2021000000340175 0.091 473.9 240.9 565.6 296.4 80
2021000000340175 0.090 150.7 255.3 246.6 317.0 80
2021000000340175 0.090 -21.5 198.1 60.2 250.8 80
2021000000340175 0.089 516.8 216.5 612.6 289.6 80
2021000000340175 0.088 80.6 241.9 190.9 326.3 80
2021000000340175 0.087 71.7 368.7 168.4 394.9 80
2021000000340175 0.087 16.2 205.9 106.8 270.5 80
2021000000340175 0.086 109.2 1.7 197.8 3.5 80
2021000000340175 0.085 -13.5 91.6 44.9 447.1 80
2021000000340175 0.083 -23.7 347.1 46.9 381.6 80
2021000000340175 0.082 378.9 159.8 410.7 173.7 8
2021000000340175 0.082 -8.0 234.9 88.1 323.8 80
2021000000340175 0.082 36.4 238.2 140.8 335.4 80
2021000000340175 0.080 14.8 348.6 139.9 384.4 80
2021000000340175 0.080 328.7 293.5 439.9 384.4 80
2021000000340175 0.079 241.0 289.9 353.3 380.9 80
2021000000340175 0.076 361.1 283.3 482.5 405.4 80
2021000000340175 0.076 -17.5 320.5 76.0 360.7 80
2021000000340175 0.076 281.9 341.6 376.3 379.1 80
2021000000340175 0.076 20.3 21.7 83.7 60.0 80
2021000000340175 0.076 486.1 225.0 603.7 369.6 80
2021000000340175 0.075 44.5 340.5 146.4 379.8 80
2021000000340175 0.075 438.4 253.1 564.7 384.4 80
2021000000340175 0.075 511.0 325.8 611.5 366.7 80
2021000000340175 0.075 165.6 345.2 266.4 384.4 80
2021000000340175 0.075 320.0 228.9 497.7 301.3 14
2021000000340175 0.075 2.1 324.2 106.3 365.9 80
2021000000340175 0.074 522.4 156.7 644.2 402.9 80
2021000000340175 0.074 444.2 325.4 541.2 366.8 80
2021000000340175 0.070 395.3 305.2 496.5 349.3 80
2021000000340175 0.069 -32.3 39.4 50.9 81.4 80
2021000000340175 0.068 536.3 4.9 635.7 43.8 80
2021000000340175 0.068 320.0 228.9 497.7 301.3 18
2021000000340175 0.068 46.4 7.4 207.2 46.3 80
