2021000000520707 0.743 181.9 167.5 252.5 380.8 14
2021000000520707 0.709 333.3 151.0 409.6 387.9 14
2021000000520707 0.701 3.0 146.9 100.5 479.0 14
2021000000520707 0.669 105.3 154.2 297.9 376.1 80
2021000000520707 0.669 118.9 181.0 178.1 291.6 80
2021000000520707 0.669 184.7 173.8 242.9 380.2 80
2021000000520707 0.667 481.6 138.4 516.8 229.3 14
2021000000520707 0.664 195.1 176.2 248.5 317.3 80
2021000000520707 0.664 584.3 146.4 616.6 243.8 14
2021000000520707 0.660 184.2 176.4 253.1 364.9 80
2021000000520707 0.660 336.5 154.9 404.9 378.6 80
2021000000520707 0.658 2.9 151.2 95.1 386.6 80
2021000000520707 0.657 279.2 172.1 301.7 203.8 80
2021000000520707 0.656 364.9 158.2 395.0 201.4 80
2021000000520707 0.655 283.9 196.8 384.1 277.1 80
2021000000520707 0.650 106.8 192.9 150.0 329.1 80
2021000000520707 0.649 204.8 151.9 405.6 314.0 80
2021000000520707 0.648 601.4 439.8 639.6 480.2 80
2021000000520707 0.643 182.5 167.9 227.4 255.4 80
2021000000520707 0.636 383.8 146.7 471.3 275.5 80
2021000000520707 0.636 402.3 153.9 435.4 283.8 14
2021000000520707 0.631 -0.3 165.9 97.1 476.2 80
2021000000520707 0.629 17.0 167.6 112.4 402.6 80
2021000000520707 0.629 287.1 164.5 308.7 199.5 80
2021000000520707 0.619 25.6 189.3 66.4 225.8 80
2021000000520707 0.616 428.9 151.1 461.6 284.8 14
2021000000520707 0.595 325.1 145.7 355.4 218.4 80
2021000000520707 0.595 12.3 192.5 131.2 276.4 80
2021000000520707 0.591 583.1 151.1 612.0 240.5 80
2021000000520707 0.590 289.5 174.6 331.5 262.3 80
2021000000520707 0.589 405.2 155.7 437.9 260.7 80
2021000000520707 0.584 113.5 191.4 198.8 407.9 80
2021000000520707 0.580 374.4 160.2 398.3 192.0 80
2021000000520707 0.576 295.2 165.5 313.8 197.0 80
2021000000520707 0.574 482.2 140.5 514.9 232.0 80
2021000000520707 0.573 6.3 158.5 114.8 470.6 80
2021000000520707 0.569 2.8 392.1 71.5 482.7 80
2021000000520707 0.568 145.7 171.1 182.5 256.9 80
2021000000520707 0.559 442.8 166.3 462.3 207.7 80
2021000000520707 0.559 117.1 201.8 134.5 231.6 80
2021000000520707 0.557 482.9 137.1 514.6 223.2 80
2021000000520707 0.549 36.4 132.3 188.8 422.8 80
2021000000520707 0.544 579.3 149.8 633.5 283.9 80
2021000000520707 0.544 321.1 178.8 343.6 270.6 80
2021000000520707 0.540 111.6 186.8 204.2 409.7 14
2021000000520707 0.538 629.6 165.2 640.8 211.6 80
2021000000520707 0.533 582.9 155.0 608.9 237.9 80
2021000000520707 0.520 602.7 158.0 627.5 194.8 80
2021000000520707 0.508 530.7 155.3 559.4 226.2 80
2021000000520707 0.504 636.0 241.4 640.3 395.1 80
2021000000520707 0.502 630.7 161.7 640.6 220.9 80
2021000000520707 0.485 145.1 160.6 171.9 199.1 80
2021000000520707 0.469 471.3 131.7 492.5 239.9 80
2021000000520707 0.463 531.9 126.6 557.3 228.6 80
2021000000520707 0.454 430.8 153.2 461.2 279.8 80
2021000000520707 0.440 403.2 158.2 434.7 289.0 80
2021000000520707 0.439 327.3 144.2 361.7 288.1 14
2021000000520707 0.430 576.9 179.9 598.7 216.4 80
2021000000520707 0.428 507.2 173.7 525.4 208.2 80
2021000000520707 0.398 134.9 197.7 238.2 377.0 80
2021000000520707 0.389 529.6 154.3 555.1 228.5 14
2021000000520707 0.387 159.5 190.9 233.1 364.1 80
2021000000520707 0.382 109.7 184.0 203.7 411.4 80
2021000000520707 0.363 324.9 142.4 354.2 268.3 80
2021000000520707 0.347 532.2 152.0 558.1 229.0 80
2021000000520707 0.326 -0.3 120.8 6.5 444.9 80
2021000000520707 0.320 84.7 284.7 213.2 401.7 80
2021000000520707 0.305 324.9 142.4 354.2 268.3 14
2021000000520707 0.297 532.2 152.0 558.1 229.0 14
2021000000520707 0.285 0.6 89.7 4.4 222.5 80
2021000000520707 0.278 529.6 154.3 555.1 228.5 80
2021000000520707 0.275 327.3 144.2 361.7 288.1 80
2021000000520707 0.269 109.7 184.0 203.7 411.4 14
2021000000520707 0.242 234.2 228.1 262.8 260.7 80
2021000000520707 0.237 -0.4 235.1 7.4 467.9 80
2021000000520707 0.231 190.7 467.4 479.8 481.7 80
2021000000520707 0.226 0.5 7.6 5.3 124.0 80
2021000000520707 0.216 430.8 153.2 461.2 279.8 14
2021000000520707 0.205 145.1 160.6 171.9 199.1 14
2021000000520707 0.190 111.6 186.8 204.2 409.7 80
2021000000520707 0.190 403.2 158.2 434.7 289.0 14
2021000000520707 0.189 576.4 240.7 651.2 303.1 80
2021000000520707 0.188 530.7 155.3 559.4 226.2 14
2021000000520707 0.176 250.4 270.4 309.3 325.8 80
2021000000520707 0.176 161.5 458.0 480.2 481.0 80
2021000000520707 0.173 145.7 171.1 182.5 256.9 14
2021000000520707 0.163 431.2 464.2 585.6 483.2 80
2021000000520707 0.161 615.7 351.5 648.1 469.7 80
2021000000520707 0.155 16.7 432.7 97.3 480.6 80
2021000000520707 0.152 207.8 240.9 424.7 329.8 80
2021000000520707 0.145 386.2 423.4 548.1 479.1 80
2021000000520707 0.143 470.6 232.6 630.2 472.4 80
2021000000520707 0.143 175.9 389.8 338.8 480.5 80
2021000000520707 0.140 321.1 178.8 343.6 270.6 14
2021000000520707 0.139 29.6 237.1 231.3 419.5 80
2021000000520707 0.139 262.5 411.9 426.4 477.4 80
2021000000520707 0.137 60.0 458.9 182.1 483.6 80
2021000000520707 0.134 302.1 249.1 479.9 393.8 80
2021000000520707 0.131 169.1 285.1 480.3 453.9 80
2021000000520707 0.129 333.2 453.7 483.1 481.4 80
2021000000520707 0.743 181.9 167.5 252.5 380.8 14
2021000000520707 0.709 333.3 151.0 409.6 387.9 14
2021000000520707 0.701 3.0 146.9 100.5 479.0 14
2021000000520707 0.669 105.3 154.2 297.9 376.1 80
2021000000520707 0.669 118.9 181.0 178.1 291.6 80
2021000000520707 0.669 184.7 173.8 242.9 380.2 80
2021000000520707 0.667 481.6 138.4 516.8 229.3 14
2021000000520707 0.664 195.1 176.2 248.5 317.3 80
2021000000520707 0.664 584.3 146.4 616.6 243.8 14
2021000000520707 0.660 184.2 176.4 253.1 364.9 80
2021000000520707 0.660 336.5 154.9 404.9 378.6 80
2021000000520707 0.658 2.9 151.2 95.1 386.6 80
2021000000520707 0.657 279.2 172.1 301.7 203.8 80
2021000000520707 0.656 364.9 158.2 395.0 201.4 80
2021000000520707 0.655 283.9 196.8 384.1 277.1 80
2021000000520707 0.650 106.8 192.9 150.0 329.1 80
2021000000520707 0.649 204.8 151.9 405.6 314.0 80
2021000000520707 0.648 601.4 439.8 639.6 480.2 80
2021000000520707 0.643 182.5 167.9 227.4 255.4 80
2021000000520707 0.636 383.8 146.7 471.3 275.5 80
2021000000520707 0.636 402.3 153.9 435.4 283.8 14
2021000000520707 0.631 -0.3 165.9 97.1 476.2 80
2021000000520707 0.629 17.0 167.6 112.4 402.6 80
2021000000520707 0.629 287.1 164.5 308.7 199.5 80
2021000000520707 0.619 25.6 189.3 66.4 225.8 80
2021000000520707 0.616 428.9 151.1 461.6 284.8 14
2021000000520707 0.595 325.1 145.7 355.4 218.4 80
2021000000520707 0.595 12.3 192.5 131.2 276.4 80
2021000000520707 0.591 583.1 151.1 612.0 240.5 80
2021000000520707 0.590 289.5 174.6 331.5 262.3 80
2021000000520707 0.589 405.2 155.7 437.9 260.7 80
2021000000520707 0.584 113.5 191.4 198.8 407.9 80
2021000000520707 0.580 374.4 160.2 398.3 192.0 80
2021000000520707 0.576 295.2 165.5 313.8 197.0 80
2021000000520707 0.574 482.2 140.5 514.9 232.0 80
2021000000520707 0.573 6.3 158.5 114.8 470.6 80
2021000000520707 0.569 2.8 392.1 71.5 482.7 80
2021000000520707 0.568 145.7 171.1 182.5 256.9 80
2021000000520707 0.559 442.8 166.3 462.3 207.7 80
2021000000520707 0.559 117.1 201.8 134.5 231.6 80
2021000000520707 0.557 482.9 137.1 514.6 223.2 80
2021000000520707 0.549 36.4 132.3 188.8 422.8 80
2021000000520707 0.544 579.3 149.8 633.5 283.9 80
2021000000520707 0.544 321.1 178.8 343.6 270.6 80
2021000000520707 0.540 111.6 186.8 204.2 409.7 14
2021000000520707 0.538 629.6 165.2 640.8 211.6 80
2021000000520707 0.533 582.9 155.0 608.9 237.9 80
2021000000520707 0.520 602.7 158.0 627.5 194.8 80
2021000000520707 0.508 530.7 155.3 559.4 226.2 80
2021000000520707 0.504 636.0 241.4 640.3 395.1 80
2021000000520707 0.502 630.7 161.7 640.6 220.9 80
2021000000520707 0.485 145.1 160.6 171.9 199.1 80
2021000000520707 0.469 471.3 131.7 492.5 239.9 80
2021000000520707 0.463 531.9 126.6 557.3 228.6 80
2021000000520707 0.454 430.8 153.2 461.2 279.8 80
2021000000520707 0.440 403.2 158.2 434.7 289.0 80
2021000000520707 0.439 327.3 144.2 361.7 288.1 14
2021000000520707 0.430 576.9 179.9 598.7 216.4 80
2021000000520707 0.428 507.2 173.7 525.4 208.2 80
2021000000520707 0.398 134.9 197.7 238.2 377.0 80
2021000000520707 0.389 529.6 154.3 555.1 228.5 14
2021000000520707 0.387 159.5 190.9 233.1 364.1 80
2021000000520707 0.382 109.7 184.0 203.7 411.4 80
2021000000520707 0.363 324.9 142.4 354.2 268.3 80
2021000000520707 0.347 532.2 152.0 558.1 229.0 80
2021000000520707 0.326 -0.3 120.8 6.5 444.9 80
2021000000520707 0.320 84.7 284.7 213.2 401.7 80
2021000000520707 0.305 324.9 142.4 354.2 268.3 14
2021000000520707 0.297 532.2 152.0 558.1 229.0 14
2021000000520707 0.285 0.6 89.7 4.4 222.5 80
2021000000520707 0.278 529.6 154.3 555.1 228.5 80
2021000000520707 0.275 327.3 144.2 361.7 288.1 80
2021000000520707 0.269 109.7 184.0 203.7 411.4 14
2021000000520707 0.242 234.2 228.1 262.8 260.7 80
2021000000520707 0.237 -0.4 235.1 7.4 467.9 80
2021000000520707 0.231 190.7 467.4 479.8 481.7 80
2021000000520707 0.226 0.5 7.6 5.3 124.0 80
2021000000520707 0.216 430.8 153.2 461.2 279.8 14
2021000000520707 0.205 145.1 160.6 171.9 199.1 14
2021000000520707 0.190 111.6 186.8 204.2 409.7 80
2021000000520707 0.190 403.2 158.2 434.7 289.0 14
2021000000520707 0.189 576.4 240.7 651.2 303.1 80
2021000000520707 0.188 530.7 155.3 559.4 226.2 14
2021000000520707 0.176 250.4 270.4 309.3 325.8 80
2021000000520707 0.176 161.5 458.0 480.2 481.0 80
2021000000520707 0.173 145.7 171.1 182.5 256.9 14
2021000000520707 0.163 431.2 464.2 585.6 483.2 80
2021000000520707 0.161 615.7 351.5 648.1 469.7 80
2021000000520707 0.155 16.7 432.7 97.3 480.6 80
2021000000520707 0.152 207.8 240.9 424.7 329.8 80
2021000000520707 0.145 386.2 423.4 548.1 479.1 80
2021000000520707 0.143 470.6 232.6 630.2 472.4 80
2021000000520707 0.143 175.9 389.8 338.8 480.5 80
2021000000520707 0.140 321.1 178.8 343.6 270.6 14
2021000000520707 0.139 29.6 237.1 231.3 419.5 80
2021000000520707 0.139 262.5 411.9 426.4 477.4 80
2021000000520707 0.137 60.0 458.9 182.1 483.6 80
2021000000520707 0.134 302.1 249.1 479.9 393.8 80
2021000000520707 0.131 169.1 285.1 480.3 453.9 80
2021000000520707 0.129 333.2 453.7 483.1 481.4 80
2021000000520707 0.000 309.5 93.5 477.1 291.4 80
2021000000520707 0.000 0.9 54.9 132.5 317.2 80
2021000000520707 0.000 183.6 173.7 269.1 259.1 80
2021000000520707 0.000 270.3 142.8 352.4 227.9 80
2021000000520707 0.000 474.6 139.5 622.4 344.0 80
2021000000520707 0.000 327.1 176.3 405.8 261.8 80
2021000000520707 0.000 200.2 40.0 389.1 270.9 80
2021000000520707 0.000 57.9 278.5 137.4 369.8 80
2021000000520707 0.000 174.2 105.0 265.7 193.9 80
2021000000520707 0.000 104.1 150.3 188.1 238.7 80
2021000000520707 0.000 253.0 66.1 348.6 153.4 80
2021000000520707 0.000 580.3 164.1 639.5 270.3 80
2021000000520707 0.000 496.1 124.2 591.0 210.2 80
2021000000520707 0.000 446.0 185.7 526.1 270.2 80
2021000000520707 0.000 174.9 279.1 258.3 374.7 80
2021000000520707 0.000 24.7 33.1 264.3 249.3 80
2021000000520707 0.000 1.6 257.4 61.5 364.8 80
2021000000520707 0.000 381.1 218.2 460.6 302.3 80
2021000000520707 0.000 580.1 246.6 639.5 352.7 80
2021000000520707 0.000 455.8 252.8 532.1 340.1 80
2021000000520707 0.000 401.0 128.9 481.6 214.7 80
2021000000520707 0.000 414.3 10.4 635.7 245.5 80
2021000000520707 0.000 367.7 169.8 621.8 329.9 80
2021000000520707 0.000 262.9 204.7 342.1 288.5 80
2021000000520707 0.000 0.8 160.8 130.7 458.1 80
2021000000520707 0.000 42.4 162.8 213.5 354.3 80
2021000000520707 0.000 1.0 193.6 60.2 300.2 80
2021000000520707 0.000 114.8 240.1 191.7 325.0 80
2021000000520707 0.000 574.5 68.9 639.7 196.4 80
2021000000520707 0.000 150.7 207.0 298.4 405.1 80
2021000000520707 0.000 278.8 322.1 366.9 424.9 80
2021000000520707 0.000 190.8 220.1 269.9 304.2 80
2021000000520707 0.000 524.6 225.8 607.8 310.2 80
2021000000520707 0.000 34.3 198.2 121.5 282.7 80
2021000000520707 0.000 414.3 279.0 491.7 377.7 80
2021000000520707 0.000 259.2 149.1 408.4 353.2 80
2021000000520707 0.000 227.0 72.1 603.2 342.2 80
2021000000520707 0.000 322.7 158.4 469.5 445.3 80
2021000000520707 0.000 0.3 115.4 65.7 222.4 80
2021000000520707 0.000 0.6 27.9 66.3 135.7 80
2021000000520707 0.000 59.2 138.1 364.3 331.4 80
2021000000520707 0.000 129.1 64.4 313.7 405.8 80
2021000000520707 0.000 326.8 4.4 421.7 93.9 80
2021000000520707 0.000 413.0 60.5 519.9 148.9 80
2021000000520707 0.000 55.1 27.1 491.3 330.7 80
2021000000520707 0.000 0.6 319.1 74.7 473.3 80
2021000000520707 0.000 228.3 281.8 304.6 384.6 80
2021000000520707 0.000 566.4 313.4 639.5 471.7 80
2021000000520707 0.000 510.0 145.0 639.5 455.1 80
2021000000520707 0.000 13.2 13.3 629.1 255.5 80
2021000000520707 0.000 330.7 54.0 548.1 398.2 80
2021000000520707 0.000 114.9 21.3 522.3 466.7 80
2021000000520707 0.000 327.6 216.2 468.0 386.5 80
2021000000520707 0.000 -3.3 6.7 366.2 475.7 80
2021000000520707 0.000 10.1 113.6 294.0 473.7 80
2021000000520707 0.000 0.6 29.0 187.7 465.4 80
2021000000520707 0.000 272.5 7.6 636.2 477.0 80
2021000000520707 0.000 167.6 100.1 471.2 467.9 80
2021000000520707 0.000 199.6 258.0 449.4 472.8 80
2021000000520707 0.000 217.7 135.9 397.2 452.2 80
2021000000520707 0.000 196.0 26.6 455.0 461.9 80
2021000000520707 0.000 457.4 22.9 641.1 462.3 80
2021000000520707 0.000 87.7 86.9 572.7 411.4 80
2021000000520707 0.000 226.3 10.3 534.9 162.7 80
2021000000520707 0.000 55.5 326.0 370.6 478.2 80
2021000000520707 0.000 2.7 87.3 468.6 472.6 80
2021000000520707 0.000 6.3 357.0 167.0 479.1 80
2021000000520707 0.000 15.1 234.0 237.0 468.2 80
2021000000520707 0.000 390.5 230.2 617.4 467.3 80
2021000000520707 0.000 281.3 254.4 356.3 338.8 80
2021000000520707 0.000 30.8 187.0 432.8 466.7 80
2021000000520707 0.000 2.9 1.4 528.4 477.4 80
2021000000520707 0.000 192.8 167.8 455.2 292.6 80
2021000000520707 0.000 350.8 109.9 628.0 477.5 80
2021000000520707 0.000 3.6 292.2 634.8 479.2 80
2021000000520707 0.000 282.2 329.1 607.6 478.1 80
2021000000520707 0.000 107.9 1.1 635.1 477.3 80
2021000000520707 0.000 202.7 86.5 633.6 475.1 80
2021000000520707 0.000 201.8 192.4 593.0 467.1 80
2021000000520707 0.000 463.8 313.5 632.7 472.2 80
2021000000520707 0.000 56.5 77.3 150.1 175.0 80
2021000000520707 0.000 166.0 130.1 468.3 376.3 80
2021000000520707 0.000 28.3 55.2 611.2 469.2 80
2021000000520707 0.000 76.8 181.9 524.2 348.1 80
2021000000520707 0.000 0.2 128.8 638.7 469.2 80
2021000000520707 0.000 312.1 258.2 382.3 350.5 80
2021000000520707 0.000 15.9 120.9 627.0 347.9 80
2021000000520707 0.000 0.8 0.1 639.6 478.6 80
2021000000520707 0.000 1.4 23.1 638.5 396.5 80
2021000000520707 0.000 366.2 320.1 436.2 408.4 80
2021000000520707 0.000 542.7 7.6 638.5 109.6 80
2021000000520707 0.000 15.9 120.9 627.0 347.9 0
2021000000520707 0.000 0.8 0.1 639.6 478.6 7
2021000000520707 0.000 10.1 113.6 294.0 473.7 14
2021000000520707 0.000 330.7 54.0 548.1 398.2 14
2021000000520707 0.000 129.1 64.4 313.7 405.8 14
2021000000520707 0.000 217.7 135.9 397.2 452.2 14
2021000000520707 0.000 350.8 109.9 628.0 477.5 14
2021000000520707 0.000 196.0 26.6 455.0 461.9 14
2021000000520707 0.000 272.5 7.6 636.2 477.0 14
