2021006322 0.747 19.5 105.1 117.6 315.8 80
2021006322 0.717 19.5 84.9 277.2 332.7 80
2021006322 0.707 3.7 77.8 113.4 322.3 80
2021006322 0.706 29.1 218.5 264.9 332.8 80
2021006322 0.704 4.6 79.6 119.3 317.5 80
2021006322 0.699 0.7 87.0 75.8 325.1 80
2021006322 0.691 49.9 51.6 274.0 330.5 80
2021006322 0.677 130.8 223.7 229.6 332.7 80
2021006322 0.676 44.3 1.2 375.5 333.8 80
2021006322 0.676 65.0 6.2 406.3 181.6 80
2021006322 0.674 44.5 4.4 472.3 202.9 80
2021006322 0.673 70.0 9.0 380.9 241.6 80
2021006322 0.665 125.0 170.1 250.5 340.9 80
2021006322 0.663 20.5 287.1 238.0 331.9 80
2021006322 0.661 65.1 6.6 423.2 309.3 80
2021006322 0.659 125.0 220.4 259.0 337.7 80
2021006322 0.653 58.6 3.0 453.6 255.6 80
2021006322 0.648 10.1 -0.6 288.9 332.4 80
2021006322 0.647 1.4 45.8 15.9 162.3 80
2021006322 0.647 465.5 301.1 498.6 336.0 80
2021006322 0.638 221.2 -0.7 493.1 332.3 80
2021006322 0.625 65.2 7.4 314.5 337.2 80
2021006322 0.621 78.4 4.0 453.9 332.5 80
2021006322 0.620 0.2 267.1 499.2 332.2 80
2021006322 0.618 3.8 130.9 500.4 332.1 80
2021006322 0.617 55.7 5.6 492.7 277.7 80
2021006322 0.614 66.5 0.4 382.6 332.8 80
2021006322 0.614 1.3 11.3 51.9 148.7 80
2021006322 0.607 9.8 51.0 502.4 337.2 80
2021006322 0.604 64.7 6.8 332.5 313.6 80
2021006322 0.601 66.3 1.6 498.7 334.3 14
2021006322 0.595 142.9 1.1 500.9 334.0 80
2021006322 0.587 175.7 316.5 327.9 332.9 80
2021006322 0.538 63.6 0.4 146.8 14.8 80
2021006322 0.533 497.0 39.7 500.2 158.3 80
2021006322 0.531 52.2 -0.7 306.0 331.4 80
2021006322 0.530 11.8 1.5 502.7 334.1 80
2021006322 0.524 -2.7 4.7 39.4 320.2 80
2021006322 0.520 496.5 167.7 500.1 322.0 80
2021006322 0.491 100.5 1.3 501.2 334.1 80
2021006322 0.483 1.3 9.0 8.4 129.9 80
2021006322 0.470 497.5 96.1 500.1 264.7 80
2021006322 0.459 87.5 302.2 280.8 335.2 80
2021006322 0.433 492.9 35.3 500.4 330.6 80
2021006322 0.360 467.2 14.2 510.5 347.2 80
2021006322 0.344 497.1 4.5 500.3 278.2 80
2021006322 0.342 -0.1 37.0 6.1 303.7 80
2021006322 0.302 -0.6 141.7 9.3 330.7 80
2021006322 0.265 57.3 40.3 349.8 193.6 80
2021006322 0.265 487.5 203.7 503.8 339.6 80
2021006322 0.259 338.0 9.7 515.8 342.5 80
2021006322 0.251 99.5 19.0 498.7 307.5 80
2021006322 0.226 7.8 74.0 125.2 325.0 80
2021006322 0.214 139.9 47.9 511.9 302.3 80
2021006322 0.213 413.5 43.6 502.5 340.7 80
2021006322 0.212 212.2 320.4 450.2 335.6 80
2021006322 0.195 100.5 1.3 501.2 334.1 14
2021006322 0.189 323.7 32.0 496.2 330.9 80
2021006322 0.183 226.7 254.6 502.2 339.0 80
2021006322 0.179 309.6 323.8 477.4 336.2 80
2021006322 0.157 -21.9 156.5 253.6 324.5 80
2021006322 0.153 83.1 76.6 389.6 303.1 80
2021006322 0.151 -1.5 309.7 158.0 336.1 80
2021006322 0.150 177.9 300.7 375.1 333.4 80
2021006322 0.150 379.6 312.3 496.0 334.3 80
2021006322 0.149 11.8 1.5 502.7 334.1 14
2021006322 0.148 28.7 33.2 245.7 302.0 80
2021006322 0.148 227.9 89.8 509.7 296.4 80
2021006322 0.147 193.7 147.3 507.1 303.7 80
2021006322 0.146 -9.6 302.2 41.3 339.6 80
2021006322 0.146 52.2 -0.7 306.0 331.4 14
2021006322 0.145 145.8 160.4 483.8 310.7 80
2021006322 0.144 -12.0 152.1 85.1 345.5 80
2021006322 0.143 299.7 171.4 522.1 324.2 80
2021006322 0.139 106.7 100.5 469.0 289.5 80
2021006322 0.139 116.8 125.8 252.6 227.1 80
2021006322 0.138 117.0 169.7 216.0 293.8 80
2021006322 0.134 66.3 1.6 498.7 334.3 80
2021006322 0.129 108.0 168.9 403.2 302.5 80
2021006322 0.127 61.5 81.6 504.2 247.1 80
2021006322 0.122 142.9 1.1 500.9 334.0 14
2021006322 0.121 169.1 152.9 392.5 258.5 80
2021006322 0.120 10.2 125.4 105.5 252.3 80
2021006322 0.117 47.9 155.4 148.1 238.6 80
2021006322 0.115 71.9 32.9 558.0 167.4 80
2021006322 0.112 106.9 104.5 521.4 266.2 80
2021006322 0.109 133.0 71.5 563.7 213.5 80
2021006322 0.106 52.2 -2.6 548.8 84.7 80
2021006322 0.106 182.0 65.4 606.5 193.4 80
2021006322 0.105 -86.1 15.0 361.0 87.5 80
2021006322 0.104 440.3 -1.7 547.0 18.3 80
2021006322 0.104 -176.7 -5.3 314.7 34.2 80
2021006322 0.104 143.9 11.7 627.5 92.8 80
2021006322 0.102 243.8 37.5 658.0 169.7 80
2021006322 0.101 -155.2 5.8 338.3 53.3 80
2021006322 0.099 185.9 3.3 684.7 39.9 80
2021006322 0.099 -89.0 -2.6 410.0 17.3 80
2021006322 0.098 241.0 5.7 715.4 44.1 80
2021006322 0.097 64.7 6.8 332.5 313.6 14
2021006322 0.092 -213.9 -5.5 285.1 16.6 80
2021006322 0.747 19.5 105.1 117.6 315.8 80
2021006322 0.717 19.5 84.9 277.2 332.7 80
2021006322 0.707 3.7 77.8 113.4 322.3 80
2021006322 0.706 29.1 218.5 264.9 332.8 80
2021006322 0.704 4.6 79.6 119.3 317.5 80
2021006322 0.699 0.7 87.0 75.8 325.1 80
2021006322 0.691 49.9 51.6 274.0 330.5 80
2021006322 0.677 130.8 223.7 229.6 332.7 80
2021006322 0.676 44.3 1.2 375.5 333.8 80
2021006322 0.676 65.0 6.2 406.3 181.6 80
2021006322 0.674 44.5 4.4 472.3 202.9 80
2021006322 0.673 70.0 9.0 380.9 241.6 80
2021006322 0.665 125.0 170.1 250.5 340.9 80
2021006322 0.663 20.5 287.1 238.0 331.9 80
2021006322 0.661 65.1 6.6 423.2 309.3 80
2021006322 0.659 125.0 220.4 259.0 337.7 80
2021006322 0.653 58.6 3.0 453.6 255.6 80
2021006322 0.648 10.1 -0.6 288.9 332.4 80
2021006322 0.647 1.4 45.8 15.9 162.3 80
2021006322 0.647 465.5 301.1 498.6 336.0 80
2021006322 0.638 221.2 -0.7 493.1 332.3 80
2021006322 0.625 65.2 7.4 314.5 337.2 80
2021006322 0.621 78.4 4.0 453.9 332.5 80
2021006322 0.620 0.2 267.1 499.2 332.2 80
2021006322 0.618 3.8 130.9 500.4 332.1 80
2021006322 0.617 55.7 5.6 492.7 277.7 80
2021006322 0.614 66.5 0.4 382.6 332.8 80
2021006322 0.614 1.3 11.3 51.9 148.7 80
2021006322 0.607 9.8 51.0 502.4 337.2 80
2021006322 0.604 64.7 6.8 332.5 313.6 80
2021006322 0.601 66.3 1.6 498.7 334.3 14
2021006322 0.595 142.9 1.1 500.9 334.0 80
2021006322 0.587 175.7 316.5 327.9 332.9 80
2021006322 0.538 63.6 0.4 146.8 14.8 80
2021006322 0.533 497.0 39.7 500.2 158.3 80
2021006322 0.531 52.2 -0.7 306.0 331.4 80
2021006322 0.530 11.8 1.5 502.7 334.1 80
2021006322 0.524 -2.7 4.7 39.4 320.2 80
2021006322 0.520 496.5 167.7 500.1 322.0 80
2021006322 0.491 100.5 1.3 501.2 334.1 80
2021006322 0.483 1.3 9.0 8.4 129.9 80
2021006322 0.470 497.5 96.1 500.1 264.7 80
2021006322 0.459 87.5 302.2 280.8 335.2 80
2021006322 0.433 492.9 35.3 500.4 330.6 80
2021006322 0.360 467.2 14.2 510.5 347.2 80
2021006322 0.344 497.1 4.5 500.3 278.2 80
2021006322 0.342 -0.1 37.0 6.1 303.7 80
2021006322 0.302 -0.6 141.7 9.3 330.7 80
2021006322 0.265 57.3 40.3 349.8 193.6 80
2021006322 0.265 487.5 203.7 503.8 339.6 80
2021006322 0.259 338.0 9.7 515.8 342.5 80
2021006322 0.251 99.5 19.0 498.7 307.5 80
2021006322 0.226 7.8 74.0 125.2 325.0 80
2021006322 0.214 139.9 47.9 511.9 302.3 80
2021006322 0.213 413.5 43.6 502.5 340.7 80
2021006322 0.212 212.2 320.4 450.2 335.6 80
2021006322 0.195 100.5 1.3 501.2 334.1 14
2021006322 0.189 323.7 32.0 496.2 330.9 80
2021006322 0.183 226.7 254.6 502.2 339.0 80
2021006322 0.179 309.6 323.8 477.4 336.2 80
2021006322 0.157 -21.9 156.5 253.6 324.5 80
2021006322 0.153 83.1 76.6 389.6 303.1 80
2021006322 0.151 -1.5 309.7 158.0 336.1 80
2021006322 0.150 177.9 300.7 375.1 333.4 80
2021006322 0.150 379.6 312.3 496.0 334.3 80
2021006322 0.149 11.8 1.5 502.7 334.1 14
2021006322 0.148 28.7 33.2 245.7 302.0 80
2021006322 0.148 227.9 89.8 509.7 296.4 80
2021006322 0.147 193.7 147.3 507.1 303.7 80
2021006322 0.146 -9.6 302.2 41.3 339.6 80
2021006322 0.146 52.2 -0.7 306.0 331.4 14
2021006322 0.145 145.8 160.4 483.8 310.7 80
2021006322 0.144 -12.0 152.1 85.1 345.5 80
2021006322 0.143 299.7 171.4 522.1 324.2 80
2021006322 0.139 106.7 100.5 469.0 289.5 80
2021006322 0.139 116.8 125.8 252.6 227.1 80
2021006322 0.138 117.0 169.7 216.0 293.8 80
2021006322 0.134 66.3 1.6 498.7 334.3 80
2021006322 0.129 108.0 168.9 403.2 302.5 80
2021006322 0.127 61.5 81.6 504.2 247.1 80
2021006322 0.122 142.9 1.1 500.9 334.0 14
2021006322 0.121 169.1 152.9 392.5 258.5 80
2021006322 0.120 10.2 125.4 105.5 252.3 80
2021006322 0.117 47.9 155.4 148.1 238.6 80
2021006322 0.115 71.9 32.9 558.0 167.4 80
2021006322 0.112 106.9 104.5 521.4 266.2 80
2021006322 0.109 133.0 71.5 563.7 213.5 80
2021006322 0.106 52.2 -2.6 548.8 84.7 80
2021006322 0.106 182.0 65.4 606.5 193.4 80
2021006322 0.105 -86.1 15.0 361.0 87.5 80
2021006322 0.104 440.3 -1.7 547.0 18.3 80
2021006322 0.104 -176.7 -5.3 314.7 34.2 80
2021006322 0.104 143.9 11.7 627.5 92.8 80
2021006322 0.102 243.8 37.5 658.0 169.7 80
2021006322 0.101 -155.2 5.8 338.3 53.3 80
2021006322 0.099 185.9 3.3 684.7 39.9 80
2021006322 0.099 -89.0 -2.6 410.0 17.3 80
2021006322 0.098 241.0 5.7 715.4 44.1 80
2021006322 0.097 64.7 6.8 332.5 313.6 14
2021006322 0.092 -213.9 -5.5 285.1 16.6 80
2021006322 0.000 0.8 39.7 103.7 220.6 80
2021006322 0.000 245.1 64.8 370.2 203.7 80
2021006322 0.000 203.1 44.5 266.1 107.0 80
2021006322 0.000 256.6 124.0 316.4 183.4 80
2021006322 0.000 372.7 97.6 484.8 239.4 80
2021006322 0.000 45.9 194.2 106.8 257.6 80
2021006322 0.000 83.8 106.0 144.8 168.1 80
2021006322 0.000 133.1 93.8 218.1 194.6 80
2021006322 0.000 390.5 86.0 458.7 145.6 80
2021006322 0.000 453.6 114.7 499.6 188.1 80
2021006322 0.000 213.4 102.0 273.6 161.5 80
2021006322 0.000 141.4 73.5 202.4 137.0 80
2021006322 0.000 22.2 26.3 202.4 174.5 80
2021006322 0.000 325.8 10.5 494.5 170.9 80
2021006322 0.000 1.5 179.6 48.0 253.8 80
2021006322 0.000 162.1 29.2 299.4 188.6 80
2021006322 0.000 349.9 130.8 409.9 189.5 80
2021006322 0.000 219.9 214.0 281.0 300.6 80
2021006322 0.000 90.6 168.2 149.2 227.3 80
2021006322 0.000 314.7 90.9 375.2 150.4 80
2021006322 0.000 357.4 177.3 415.0 237.0 80
2021006322 0.000 32.3 113.5 167.9 246.4 80
2021006322 0.000 1.0 135.1 47.1 208.8 80
2021006322 0.000 453.4 171.8 499.7 245.3 80
2021006322 0.000 0.5 112.3 102.1 318.8 80
2021006322 0.000 449.1 48.3 499.7 136.6 80
2021006322 0.000 259.7 2.5 324.6 66.0 80
2021006322 0.000 137.6 194.7 201.5 259.4 80
2021006322 0.000 298.6 153.1 359.4 211.2 80
2021006322 0.000 28.5 139.0 93.6 197.4 80
2021006322 0.000 255.4 112.4 363.3 310.3 80
2021006322 0.000 119.1 143.5 232.5 282.1 80
2021006322 0.000 149.8 154.1 210.5 212.3 80
2021006322 0.000 293.0 118.7 480.6 231.4 80
2021006322 0.000 325.5 195.1 382.1 263.4 80
2021006322 0.000 0.7 20.0 51.8 94.4 80
2021006322 0.000 219.9 177.2 278.2 236.2 80
2021006322 0.000 48.8 19.0 377.9 228.9 80
2021006322 0.000 410.2 157.3 474.7 215.7 80
2021006322 0.000 205.3 105.4 317.1 250.1 80
2021006322 0.000 0.7 222.4 58.3 329.6 80
2021006322 0.000 180.1 197.9 238.1 265.3 80
2021006322 0.000 177.0 51.4 471.7 237.5 80
2021006322 0.000 49.5 97.8 281.8 230.1 80
2021006322 0.000 325.8 41.5 402.7 103.7 80
2021006322 0.000 101.1 44.0 244.3 278.2 80
2021006322 0.000 0.3 80.9 51.5 154.7 80
2021006322 0.000 206.3 143.4 267.1 202.0 80
2021006322 0.000 442.7 218.1 499.6 328.4 80
2021006322 0.000 15.1 12.8 486.3 175.0 80
2021006322 0.000 398.5 99.3 499.4 316.7 80
2021006322 0.000 1.5 5.5 282.2 330.9 80
2021006322 0.000 94.9 14.0 401.8 325.9 80
2021006322 0.000 262.6 37.5 424.1 279.1 80
2021006322 0.000 189.1 7.3 402.1 120.7 80
2021006322 0.000 1.1 21.5 146.5 323.8 80
2021006322 0.000 160.6 176.0 349.3 327.9 80
2021006322 0.000 212.9 5.7 497.4 332.0 80
2021006322 0.000 159.4 25.0 350.2 317.2 80
2021006322 0.000 11.5 80.1 225.9 329.5 80
2021006322 0.000 357.6 16.8 501.4 320.8 80
2021006322 0.000 280.6 213.0 336.4 295.1 80
2021006322 0.000 171.4 94.3 308.9 315.0 80
2021006322 0.000 132.8 69.4 366.0 325.4 80
2021006322 0.000 257.5 148.5 363.0 273.0 80
2021006322 0.000 5.0 248.8 130.5 333.4 80
2021006322 0.000 306.3 161.0 481.9 324.9 80
2021006322 0.000 54.0 227.3 278.3 331.9 80
2021006322 0.000 11.7 163.1 185.3 325.9 80
2021006322 0.000 3.3 1.2 410.3 332.1 80
2021006322 0.000 8.1 204.0 491.3 332.4 80
2021006322 0.000 4.9 57.9 361.3 328.9 80
2021006322 0.000 223.1 228.5 472.3 332.4 80
2021006322 0.000 72.1 57.3 444.4 285.3 80
2021006322 0.000 34.1 131.5 327.1 323.2 80
2021006322 0.000 85.7 1.0 494.7 332.0 80
2021006322 0.000 278.1 77.5 486.3 332.0 80
2021006322 0.000 162.7 118.3 345.3 205.4 80
2021006322 0.000 244.5 179.9 298.0 243.4 80
2021006322 0.000 168.6 134.8 451.1 323.0 80
2021006322 0.000 362.2 218.9 494.6 328.3 80
2021006322 0.000 44.5 54.1 117.2 121.9 80
2021006322 0.000 160.2 58.9 492.6 330.0 80
2021006322 0.000 134.9 91.8 359.7 261.7 80
2021006322 0.000 67.7 127.6 402.2 242.2 80
2021006322 0.000 22.4 38.3 474.4 322.3 80
2021006322 0.000 0.6 89.6 498.5 324.7 80
2021006322 0.000 0.8 0.8 499.6 333.2 80
2021006322 0.000 17.1 85.6 484.0 240.8 80
2021006322 0.000 2.5 21.1 497.4 274.0 80
2021006322 0.000 424.3 5.6 498.8 76.2 80
2021006322 0.000 17.1 85.6 484.0 240.8 0
2021006322 0.000 262.6 37.5 424.1 279.1 14
2021006322 0.000 171.4 94.3 308.9 315.0 14
2021006322 0.000 101.1 44.0 244.3 278.2 14
2021006322 0.000 159.4 25.0 350.2 317.2 14
2021006322 0.000 11.5 80.1 225.9 329.5 14
2021006322 0.000 278.1 77.5 486.3 332.0 14
2021006322 0.000 132.8 69.4 366.0 325.4 14
2021006322 0.000 154.2 269.4 238.2 329.2 80
