2021000000297147 0.793 599.6 419.9 639.3 474.9 80
2021000000297147 0.773 4.4 47.7 636.9 415.8 80
2021000000297147 0.771 45.7 46.9 439.6 295.0 80
2021000000297147 0.766 -4.1 32.7 634.8 219.2 80
2021000000297147 0.762 -33.3 19.5 599.0 141.4 80
2021000000297147 0.761 32.3 34.0 584.4 446.0 80
2021000000297147 0.760 20.0 52.8 611.6 451.5 80
2021000000297147 0.757 15.7 16.1 605.5 448.5 80
2021000000297147 0.747 491.4 140.4 610.1 252.4 80
2021000000297147 0.745 579.0 178.8 606.9 215.6 80
2021000000297147 0.739 574.7 181.7 609.5 260.3 80
2021000000297147 0.738 205.2 17.4 217.5 28.4 80
2021000000297147 0.735 639.2 133.2 640.1 188.4 80
2021000000297147 0.732 192.1 16.8 211.3 31.6 80
2021000000297147 0.725 10.6 15.7 608.5 445.5 10
2021000000297147 0.724 208.9 15.2 236.8 32.2 80
2021000000297147 0.718 176.0 9.5 210.1 27.7 80
2021000000297147 0.717 488.6 146.2 603.6 253.8 80
2021000000297147 0.707 226.4 13.8 238.8 27.8 80
2021000000297147 0.705 127.6 20.8 151.8 37.0 80
