2021000440 0.670 35.5 84.2 458.7 305.0 6
2021000440 0.653 470.2 305.6 498.4 333.5 80
2021000440 0.430 496.8 123.9 500.2 227.6 80
2021000440 0.399 497.1 181.1 500.4 290.6 80
2021000440 0.387 498.9 48.3 500.3 119.2 80
2021000440 0.383 490.6 -0.5 502.5 12.5 80
2021000440 0.378 36.6 103.6 459.6 292.6 80
2021000440 0.231 498.4 79.6 500.4 287.5 80
2021000440 0.230 0.6 2.5 4.3 70.5 80
2021000440 0.226 0.6 36.0 3.3 133.7 80
2021000440 0.218 0.4 85.9 3.2 214.1 80
2021000440 0.214 0.3 169.4 4.6 303.5 80
2021000440 0.207 1.0 37.8 7.6 189.0 80
2021000440 0.206 0.4 45.6 9.3 294.9 80
2021000440 0.203 499.0 61.1 500.5 203.7 80
2021000440 0.191 -0.5 24.9 22.6 291.1 80
2021000440 0.182 164.3 323.8 351.9 335.0 80
2021000440 0.175 -3.2 281.4 23.5 342.4 80
2021000440 0.174 0.5 144.6 24.9 343.5 80
2021000440 0.173 473.4 85.9 500.1 320.6 80
2021000440 0.169 168.7 125.5 457.1 267.6 80
2021000440 0.166 85.2 119.4 466.3 269.8 80
2021000440 0.159 39.2 120.4 437.4 265.1 80
2021000440 0.155 474.5 258.6 508.4 325.6 80
2021000440 0.154 40.6 112.4 365.7 243.9 80
2021000440 0.154 0.4 58.7 60.2 337.9 80
2021000440 0.152 481.9 134.8 502.0 314.2 80
2021000440 0.147 33.2 116.2 393.6 256.6 80
2021000440 0.146 341.5 168.2 500.8 327.9 80
2021000440 0.144 80.6 113.9 416.0 232.1 80
2021000440 0.143 119.9 206.9 273.2 270.9 80
2021000440 0.141 295.7 295.2 428.0 330.5 80
2021000440 0.139 60.7 117.2 445.9 251.0 80
2021000440 0.138 114.6 203.2 190.6 251.0 80
2021000440 0.137 81.8 162.7 421.0 286.2 80
2021000440 0.137 98.3 194.6 406.7 305.4 80
2021000440 0.136 151.3 161.4 414.4 263.5 80
2021000440 0.136 340.7 319.6 455.3 336.7 80
2021000440 0.136 166.7 180.3 450.0 290.0 80
2021000440 0.136 9.1 175.6 190.6 323.0 80
2021000440 0.136 39.3 182.9 323.2 304.6 80
2021000440 0.135 162.7 216.9 236.2 255.8 80
2021000440 0.135 70.3 289.0 203.8 330.2 80
2021000440 0.134 225.9 174.6 471.4 285.5 80
2021000440 0.134 344.0 121.4 497.8 283.0 80
2021000440 0.134 45.7 158.1 370.9 277.5 80
2021000440 0.133 85.8 204.8 192.1 256.5 80
2021000440 0.133 219.2 182.4 377.7 253.5 80
2021000440 0.130 192.0 208.1 269.3 245.1 80
2021000440 0.130 11.4 158.5 269.0 279.2 80
2021000440 0.129 237.0 215.0 318.3 261.4 80
2021000440 0.129 206.2 290.4 334.5 327.6 80
2021000440 0.128 22.7 138.4 319.0 253.5 80
2021000440 0.126 19.5 301.2 95.7 331.1 80
2021000440 0.126 143.7 288.5 278.9 326.5 80
2021000440 0.126 50.9 318.1 158.5 335.7 80
2021000440 0.126 74.8 184.2 146.7 233.6 80
2021000440 0.125 11.8 133.2 197.6 257.0 80
2021000440 0.124 277.4 169.5 474.1 256.5 80
2021000440 0.124 265.3 313.2 376.4 334.3 80
2021000440 0.123 275.2 181.3 329.9 220.3 80
2021000440 0.122 338.6 199.0 430.8 252.4 80
2021000440 0.122 106.6 178.4 350.5 254.8 80
2021000440 0.122 39.9 196.5 101.7 244.2 80
2021000440 0.122 178.3 310.4 300.8 333.1 80
2021000440 0.122 51.5 154.9 237.4 231.6 80
2021000440 0.122 208.6 166.5 286.8 211.3 80
2021000440 0.121 280.3 194.0 405.0 269.1 80
2021000440 0.120 123.5 315.5 233.2 335.0 80
2021000440 0.120 269.0 184.6 377.9 240.1 80
2021000440 0.119 407.5 305.1 494.4 330.6 80
2021000440 0.118 388.6 167.9 498.1 249.3 80
2021000440 0.117 218.8 143.7 305.8 189.1 80
2021000440 0.117 304.0 152.0 428.9 200.3 80
2021000440 0.116 111.1 130.8 215.6 177.8 80
2021000440 0.115 148.6 129.9 274.4 177.8 80
2021000440 0.115 35.5 84.2 458.7 305.0 80
2021000440 0.110 257.9 79.9 579.2 142.1 80
2021000440 0.109 -74.3 81.7 206.3 140.2 80
2021000440 0.108 -123.6 15.2 202.9 48.8 80
2021000440 0.106 159.3 23.9 558.3 73.1 80
2021000440 0.106 -59.5 19.9 340.9 68.8 80
2021000440 0.105 343.3 49.3 590.7 107.8 80
2021000440 0.104 -139.8 9.1 329.8 43.3 80
2021000440 0.103 172.4 7.8 651.1 37.5 80
2021000440 0.102 46.7 3.2 545.1 31.4 80
2021000440 0.098 -45.7 0.5 453.3 23.9 80
2021000440 0.097 204.6 -1.2 703.6 14.6 80
2021000440 0.097 194.9 4.3 693.7 26.7 80
2021000440 0.096 1.0 0.9 500.0 22.9 80
2021000440 0.096 -208.8 -1.6 273.3 17.2 80
2021000440 0.095 -38.5 -1.6 460.5 16.6 80
2021000440 0.094 227.4 5.8 725.8 27.2 80
2021000440 0.093 -138.5 -0.5 360.5 18.2 80
2021000440 0.093 81.4 -1.6 580.4 15.9 80
2021000440 0.092 72.6 0.7 571.6 22.3 80
2021000440 0.092 -92.4 0.3 406.5 21.0 80
2021000440 0.092 -186.0 1.9 312.7 22.1 80
2021000440 0.092 21.2 -1.8 520.2 18.8 80
2021000440 0.092 157.0 -0.3 655.9 19.7 80
2021000440 0.670 35.5 84.2 458.7 305.0 6
2021000440 0.653 470.2 305.6 498.4 333.5 80
2021000440 0.430 496.8 123.9 500.2 227.6 80
2021000440 0.399 497.1 181.1 500.4 290.6 80
2021000440 0.387 498.9 48.3 500.3 119.2 80
2021000440 0.383 490.6 -0.5 502.5 12.5 80
2021000440 0.378 36.6 103.6 459.6 292.6 80
2021000440 0.231 498.4 79.6 500.4 287.5 80
2021000440 0.230 0.6 2.5 4.3 70.5 80
2021000440 0.226 0.6 36.0 3.3 133.7 80
2021000440 0.218 0.4 85.9 3.2 214.1 80
2021000440 0.214 0.3 169.4 4.6 303.5 80
2021000440 0.207 1.0 37.8 7.6 189.0 80
2021000440 0.206 0.4 45.6 9.3 294.9 80
2021000440 0.203 499.0 61.1 500.5 203.7 80
2021000440 0.191 -0.5 24.9 22.6 291.1 80
2021000440 0.182 164.3 323.8 351.9 335.0 80
2021000440 0.175 -3.2 281.4 23.5 342.4 80
2021000440 0.174 0.5 144.6 24.9 343.5 80
2021000440 0.173 473.4 85.9 500.1 320.6 80
2021000440 0.169 168.7 125.5 457.1 267.6 80
2021000440 0.166 85.2 119.4 466.3 269.8 80
2021000440 0.159 39.2 120.4 437.4 265.1 80
2021000440 0.155 474.5 258.6 508.4 325.6 80
2021000440 0.154 40.6 112.4 365.7 243.9 80
2021000440 0.154 0.4 58.7 60.2 337.9 80
2021000440 0.152 481.9 134.8 502.0 314.2 80
2021000440 0.147 33.2 116.2 393.6 256.6 80
2021000440 0.146 341.5 168.2 500.8 327.9 80
2021000440 0.144 80.6 113.9 416.0 232.1 80
2021000440 0.143 119.9 206.9 273.2 270.9 80
2021000440 0.141 295.7 295.2 428.0 330.5 80
2021000440 0.139 60.7 117.2 445.9 251.0 80
2021000440 0.138 114.6 203.2 190.6 251.0 80
2021000440 0.137 81.8 162.7 421.0 286.2 80
2021000440 0.137 98.3 194.6 406.7 305.4 80
2021000440 0.136 151.3 161.4 414.4 263.5 80
2021000440 0.136 340.7 319.6 455.3 336.7 80
2021000440 0.136 166.7 180.3 450.0 290.0 80
2021000440 0.136 9.1 175.6 190.6 323.0 80
2021000440 0.136 39.3 182.9 323.2 304.6 80
2021000440 0.135 162.7 216.9 236.2 255.8 80
2021000440 0.135 70.3 289.0 203.8 330.2 80
2021000440 0.134 225.9 174.6 471.4 285.5 80
2021000440 0.134 344.0 121.4 497.8 283.0 80
2021000440 0.134 45.7 158.1 370.9 277.5 80
2021000440 0.133 85.8 204.8 192.1 256.5 80
2021000440 0.133 219.2 182.4 377.7 253.5 80
2021000440 0.130 192.0 208.1 269.3 245.1 80
2021000440 0.130 11.4 158.5 269.0 279.2 80
2021000440 0.129 237.0 215.0 318.3 261.4 80
2021000440 0.129 206.2 290.4 334.5 327.6 80
2021000440 0.128 22.7 138.4 319.0 253.5 80
2021000440 0.126 19.5 301.2 95.7 331.1 80
2021000440 0.126 143.7 288.5 278.9 326.5 80
2021000440 0.126 50.9 318.1 158.5 335.7 80
2021000440 0.126 74.8 184.2 146.7 233.6 80
2021000440 0.125 11.8 133.2 197.6 257.0 80
2021000440 0.124 277.4 169.5 474.1 256.5 80
2021000440 0.124 265.3 313.2 376.4 334.3 80
2021000440 0.123 275.2 181.3 329.9 220.3 80
2021000440 0.122 338.6 199.0 430.8 252.4 80
2021000440 0.122 106.6 178.4 350.5 254.8 80
2021000440 0.122 39.9 196.5 101.7 244.2 80
2021000440 0.122 178.3 310.4 300.8 333.1 80
2021000440 0.122 51.5 154.9 237.4 231.6 80
2021000440 0.122 208.6 166.5 286.8 211.3 80
2021000440 0.121 280.3 194.0 405.0 269.1 80
2021000440 0.120 123.5 315.5 233.2 335.0 80
2021000440 0.120 269.0 184.6 377.9 240.1 80
2021000440 0.119 407.5 305.1 494.4 330.6 80
2021000440 0.118 388.6 167.9 498.1 249.3 80
2021000440 0.117 218.8 143.7 305.8 189.1 80
2021000440 0.117 304.0 152.0 428.9 200.3 80
2021000440 0.116 111.1 130.8 215.6 177.8 80
2021000440 0.115 148.6 129.9 274.4 177.8 80
2021000440 0.115 35.5 84.2 458.7 305.0 80
2021000440 0.110 257.9 79.9 579.2 142.1 80
2021000440 0.109 -74.3 81.7 206.3 140.2 80
2021000440 0.108 -123.6 15.2 202.9 48.8 80
2021000440 0.106 159.3 23.9 558.3 73.1 80
2021000440 0.106 -59.5 19.9 340.9 68.8 80
2021000440 0.105 343.3 49.3 590.7 107.8 80
2021000440 0.104 -139.8 9.1 329.8 43.3 80
2021000440 0.103 172.4 7.8 651.1 37.5 80
2021000440 0.102 46.7 3.2 545.1 31.4 80
2021000440 0.098 -45.7 0.5 453.3 23.9 80
2021000440 0.097 204.6 -1.2 703.6 14.6 80
2021000440 0.097 194.9 4.3 693.7 26.7 80
2021000440 0.096 1.0 0.9 500.0 22.9 80
2021000440 0.096 -208.8 -1.6 273.3 17.2 80
2021000440 0.095 -38.5 -1.6 460.5 16.6 80
2021000440 0.094 227.4 5.8 725.8 27.2 80
2021000440 0.093 -138.5 -0.5 360.5 18.2 80
2021000440 0.093 81.4 -1.6 580.4 15.9 80
2021000440 0.092 72.6 0.7 571.6 22.3 80
2021000440 0.092 -92.4 0.3 406.5 21.0 80
2021000440 0.092 -186.0 1.9 312.7 22.1 80
2021000440 0.092 21.2 -1.8 520.2 18.8 80
2021000440 0.092 157.0 -0.3 655.9 19.7 80
2021000440 0.000 0.8 39.6 103.7 219.9 80
2021000440 0.000 245.1 64.6 370.2 203.1 80
2021000440 0.000 203.1 44.4 266.1 106.7 80
2021000440 0.000 256.6 123.7 316.4 182.9 80
2021000440 0.000 372.7 97.3 484.8 238.7 80
2021000440 0.000 45.9 193.6 106.8 256.8 80
2021000440 0.000 83.8 105.7 144.8 167.7 80
2021000440 0.000 133.1 93.5 218.1 194.0 80
2021000440 0.000 390.5 85.7 458.7 145.2 80
2021000440 0.000 453.6 114.4 499.6 187.5 80
2021000440 0.000 213.4 101.7 273.6 161.0 80
2021000440 0.000 141.4 73.2 202.4 136.6 80
2021000440 0.000 22.0 26.3 202.7 174.0 80
2021000440 0.000 325.8 10.5 494.5 170.4 80
2021000440 0.000 1.5 179.1 48.0 253.0 80
2021000440 0.000 162.0 29.1 299.4 188.1 80
2021000440 0.000 349.9 130.4 409.9 189.0 80
2021000440 0.000 219.9 213.4 281.0 299.7 80
2021000440 0.000 90.6 167.7 149.2 226.6 80
2021000440 0.000 314.7 90.6 375.2 149.9 80
2021000440 0.000 357.4 176.8 415.0 236.3 80
2021000440 0.000 32.4 113.1 167.8 245.7 80
2021000440 0.000 1.0 134.7 47.1 208.2 80
2021000440 0.000 453.4 171.3 499.7 244.6 80
2021000440 0.000 0.5 112.0 102.1 317.8 80
2021000440 0.000 449.1 48.2 499.7 136.2 80
2021000440 0.000 259.7 2.5 324.6 65.8 80
2021000440 0.000 137.6 194.1 201.5 258.6 80
2021000440 0.000 298.6 152.6 359.4 210.5 80
2021000440 0.000 28.5 138.6 93.6 196.8 80
2021000440 0.000 255.4 112.1 363.3 309.4 80
2021000440 0.000 119.1 143.0 232.5 281.2 80
2021000440 0.000 149.8 153.7 210.5 211.6 80
2021000440 0.000 293.1 118.3 480.6 230.7 80
2021000440 0.000 325.6 194.5 382.1 262.6 80
2021000440 0.000 0.7 20.0 51.8 94.1 80
2021000440 0.000 219.9 176.7 278.2 235.5 80
2021000440 0.000 48.8 19.0 377.9 228.3 80
2021000440 0.000 410.2 156.8 474.8 215.0 80
2021000440 0.000 205.3 105.0 317.1 249.4 80
2021000440 0.000 0.7 221.7 58.3 328.6 80
2021000440 0.000 180.1 197.3 238.1 264.5 80
2021000440 0.000 177.0 51.2 471.7 236.8 80
2021000440 0.000 49.5 97.5 281.8 229.4 80
2021000440 0.000 325.8 41.4 402.7 103.4 80
2021000440 0.000 101.1 43.9 244.3 277.4 80
2021000440 0.000 0.3 80.7 51.5 154.3 80
2021000440 0.000 206.3 143.0 267.2 201.4 80
2021000440 0.000 442.7 217.4 499.6 327.4 80
2021000440 0.000 15.1 12.8 486.3 174.5 80
2021000440 0.000 398.5 98.9 499.4 315.8 80
2021000440 0.000 1.5 5.5 282.2 329.9 80
2021000440 0.000 94.9 14.0 401.8 325.0 80
2021000440 0.000 262.6 37.4 424.1 278.3 80
2021000440 0.000 189.1 7.3 402.0 120.4 80
2021000440 0.000 1.1 21.4 146.5 322.8 80
2021000440 0.000 212.9 5.7 497.4 331.0 80
2021000440 0.000 160.6 175.5 349.3 326.9 80
2021000440 0.000 159.4 25.0 350.2 316.2 80
2021000440 0.000 357.7 16.7 501.3 319.9 80
2021000440 0.000 11.5 79.9 225.9 328.5 80
2021000440 0.000 280.6 212.4 336.4 294.2 80
2021000440 0.000 171.4 94.0 308.9 314.0 80
2021000440 0.000 132.8 69.1 366.0 324.4 80
2021000440 0.000 257.5 148.1 363.0 272.1 80
2021000440 0.000 5.0 248.1 130.5 332.4 80
2021000440 0.000 306.3 160.5 481.9 323.9 80
2021000440 0.000 54.0 226.7 278.3 330.9 80
2021000440 0.000 11.7 162.6 185.3 324.9 80
2021000440 0.000 3.3 1.2 410.3 331.1 80
2021000440 0.000 8.2 203.4 491.3 331.4 80
2021000440 0.000 4.9 57.7 361.3 327.9 80
2021000440 0.000 223.1 227.9 472.3 331.4 80
2021000440 0.000 72.1 57.1 444.5 284.5 80
2021000440 0.000 34.1 131.1 327.0 322.2 80
2021000440 0.000 85.7 1.0 494.7 331.0 80
2021000440 0.000 278.1 77.3 486.3 331.0 80
2021000440 0.000 162.7 118.0 345.4 204.8 80
2021000440 0.000 244.5 179.3 298.1 242.7 80
2021000440 0.000 168.6 134.4 451.1 322.0 80
2021000440 0.000 362.2 218.2 494.6 327.3 80
2021000440 0.000 44.5 53.9 117.2 121.5 80
2021000440 0.000 160.2 58.7 492.6 329.0 80
2021000440 0.000 134.9 91.5 359.6 260.9 80
2021000440 0.000 67.7 127.2 402.2 241.5 80
2021000440 0.000 22.5 38.2 474.5 321.3 80
2021000440 0.000 0.6 89.3 498.5 323.8 80
2021000440 0.000 0.8 0.8 499.6 332.2 80
2021000440 0.000 17.2 85.3 483.8 240.0 80
2021000440 0.000 2.5 21.1 497.4 273.2 80
2021000440 0.000 424.3 5.6 498.8 76.0 80
2021000440 0.000 17.2 85.3 483.8 240.0 0
2021000440 0.000 262.6 37.4 424.1 278.3 14
2021000440 0.000 171.4 94.0 308.9 314.0 14
2021000440 0.000 101.1 43.9 244.3 277.4 14
2021000440 0.000 159.4 25.0 350.2 316.2 14
2021000440 0.000 11.5 79.9 225.9 328.5 14
2021000440 0.000 278.1 77.3 486.3 331.0 14
2021000440 0.000 132.8 69.1 366.0 324.4 14
2021000440 0.000 154.2 268.6 238.2 328.2 80
