2021004065 0.706 339.0 167.7 366.0 203.3 80
2021004065 0.698 1.8 306.0 43.4 373.9 80
2021004065 0.695 158.8 174.0 176.2 203.8 80
2021004065 0.670 219.2 178.8 246.6 206.5 80
2021004065 0.669 470.1 341.8 499.2 374.2 80
2021004065 0.647 191.4 172.2 209.2 201.1 80
2021004065 0.621 187.7 169.0 207.5 201.8 80
2021004065 0.601 192.7 177.2 208.6 202.3 80
2021004065 0.598 451.0 193.0 463.6 231.1 80
2021004065 0.595 452.5 193.3 466.9 233.4 80
2021004065 0.589 6.3 195.3 20.8 224.0 80
2021004065 0.585 453.7 191.2 468.3 240.0 80
2021004065 0.583 338.9 101.6 349.4 125.4 80
2021004065 0.573 339.8 105.3 349.2 125.4 80
2021004065 0.562 14.9 191.0 28.0 230.6 80
2021004065 0.562 494.3 150.0 500.5 253.1 80
2021004065 0.557 30.8 95.5 419.3 297.7 5
2021004065 0.526 455.1 190.4 473.8 242.5 80
2021004065 0.523 0.9 170.2 9.0 321.8 80
2021004065 0.518 457.7 204.5 470.9 231.2 80
2021004065 0.511 11.6 194.5 26.3 229.8 80
2021004065 0.507 453.3 191.2 473.8 247.1 14
2021004065 0.492 497.8 230.4 500.1 315.4 80
2021004065 0.457 497.0 86.6 500.5 154.3 80
2021004065 0.396 451.7 189.5 470.8 244.0 14
2021004065 0.388 6.7 195.7 27.5 239.5 80
2021004065 0.377 4.4 194.5 28.1 242.0 80
2021004065 0.299 4.4 194.5 28.1 242.0 14
2021004065 0.289 3.9 54.2 12.0 234.4 80
2021004065 0.288 1.0 138.2 15.7 385.9 80
2021004065 0.274 451.7 189.5 470.8 244.0 80
2021004065 0.259 0.8 14.4 3.9 132.4 80
2021004065 0.234 20.4 113.4 387.2 263.1 80
2021004065 0.230 6.7 195.7 27.5 239.5 14
2021004065 0.208 1.9 69.0 23.6 364.5 80
2021004065 0.197 488.1 68.8 497.2 354.3 80
2021004065 0.184 484.3 294.7 506.2 369.0 80
2021004065 0.182 62.0 118.6 430.7 265.6 80
2021004065 0.174 40.0 134.9 427.1 278.8 80
2021004065 0.174 30.8 95.5 419.3 297.7 6
2021004065 0.173 66.7 148.2 428.4 287.2 80
2021004065 0.169 125.2 234.9 168.5 266.4 80
2021004065 0.164 19.6 128.9 398.7 268.8 80
2021004065 0.158 453.3 191.2 473.8 247.1 80
2021004065 0.152 372.8 186.7 490.9 368.6 80
2021004065 0.151 164.6 362.3 333.0 377.5 80
2021004065 0.147 108.7 143.6 436.0 279.6 80
2021004065 0.144 11.6 194.5 26.3 229.8 14
2021004065 0.143 455.1 190.4 473.8 242.5 14
2021004065 0.141 139.1 147.3 399.0 262.1 80
2021004065 0.139 341.9 359.0 455.3 378.7 80
2021004065 0.139 16.5 338.6 83.2 374.6 80
2021004065 0.138 69.5 320.2 199.7 374.0 80
2021004065 0.138 42.6 184.3 368.0 297.5 80
2021004065 0.138 40.4 209.3 316.9 336.4 80
2021004065 0.137 102.5 196.7 396.7 308.3 80
2021004065 0.136 112.9 224.7 390.7 339.7 80
2021004065 0.135 308.4 333.4 421.8 371.5 80
2021004065 0.135 237.1 246.2 312.6 291.5 80
2021004065 0.134 17.7 189.3 168.5 366.2 80
2021004065 0.133 163.1 353.8 310.8 375.3 80
2021004065 0.132 216.3 185.1 360.7 261.3 80
2021004065 0.132 186.5 215.1 432.3 322.8 80
2021004065 0.132 154.7 213.9 190.4 245.4 80
2021004065 0.131 17.9 159.5 323.4 275.2 80
2021004065 0.131 222.5 218.8 281.6 257.1 80
2021004065 0.130 8.7 187.6 269.5 304.7 80
2021004065 0.130 246.6 210.7 285.4 245.8 80
2021004065 0.130 238.4 202.9 463.1 323.7 80
2021004065 0.129 99.9 132.4 397.4 234.6 80
2021004065 0.129 207.9 330.2 329.0 369.2 80
2021004065 0.129 287.1 169.5 480.3 296.4 80
2021004065 0.128 147.3 325.7 269.6 368.5 80
2021004065 0.127 14.9 177.0 61.4 259.4 80
2021004065 0.127 48.3 358.5 157.3 377.9 80
2021004065 0.126 408.6 345.5 496.4 373.3 80
2021004065 0.125 216.7 194.2 416.9 271.5 80
2021004065 0.125 22.7 150.7 173.7 283.9 80
2021004065 0.123 93.6 247.5 163.1 288.9 80
2021004065 0.122 116.0 353.7 223.2 377.4 80
2021004065 0.121 266.4 351.0 377.3 376.0 80
2021004065 0.120 11.1 148.1 262.7 238.4 80
2021004065 0.120 23.7 186.4 68.7 232.8 80
2021004065 0.117 328.3 208.3 457.6 272.8 80
2021004065 0.116 51.5 183.1 151.5 237.7 80
2021004065 0.113 244.1 181.0 414.1 263.2 80
2021004065 0.111 345.6 140.2 495.2 216.1 80
2021004065 0.111 200.2 136.3 419.6 209.3 80
2021004065 0.110 30.8 95.5 419.3 297.7 80
2021004065 0.110 270.1 134.6 458.5 199.3 80
2021004065 0.108 -35.3 29.6 315.7 85.5 80
2021004065 0.108 222.4 31.5 578.8 85.7 80
2021004065 0.107 -91.5 27.9 280.3 82.2 80
2021004065 0.104 51.7 4.7 539.5 47.1 80
2021004065 0.103 255.1 8.9 647.9 45.1 80
2021004065 0.102 -46.4 0.9 452.5 26.9 80
2021004065 0.101 0.9 1.3 499.6 26.1 80
2021004065 0.100 77.1 -0.6 576.0 28.2 80
2021004065 0.095 -37.6 -3.2 98.0 22.9 80
2021004065 0.094 -184.2 -0.3 314.6 23.2 80
2021004065 0.706 339.0 167.7 366.0 203.3 80
2021004065 0.698 1.8 306.0 43.4 373.9 80
2021004065 0.695 158.8 174.0 176.2 203.8 80
2021004065 0.670 219.2 178.8 246.6 206.5 80
2021004065 0.669 470.1 341.8 499.2 374.2 80
2021004065 0.647 191.4 172.2 209.2 201.1 80
2021004065 0.621 187.7 169.0 207.5 201.8 80
2021004065 0.601 192.7 177.2 208.6 202.3 80
2021004065 0.598 451.0 193.0 463.6 231.1 80
2021004065 0.595 452.5 193.3 466.9 233.4 80
2021004065 0.589 6.3 195.3 20.8 224.0 80
2021004065 0.585 453.7 191.2 468.3 240.0 80
2021004065 0.583 338.9 101.6 349.4 125.4 80
2021004065 0.573 339.8 105.3 349.2 125.4 80
2021004065 0.562 14.9 191.0 28.0 230.6 80
2021004065 0.562 494.3 150.0 500.5 253.1 80
2021004065 0.557 30.8 95.5 419.3 297.7 5
2021004065 0.526 455.1 190.4 473.8 242.5 80
2021004065 0.523 0.9 170.2 9.0 321.8 80
2021004065 0.518 457.7 204.5 470.9 231.2 80
2021004065 0.511 11.6 194.5 26.3 229.8 80
2021004065 0.507 453.3 191.2 473.8 247.1 14
2021004065 0.492 497.8 230.4 500.1 315.4 80
2021004065 0.457 497.0 86.6 500.5 154.3 80
2021004065 0.396 451.7 189.5 470.8 244.0 14
2021004065 0.388 6.7 195.7 27.5 239.5 80
2021004065 0.377 4.4 194.5 28.1 242.0 80
2021004065 0.299 4.4 194.5 28.1 242.0 14
2021004065 0.289 3.9 54.2 12.0 234.4 80
2021004065 0.288 1.0 138.2 15.7 385.9 80
2021004065 0.274 451.7 189.5 470.8 244.0 80
2021004065 0.259 0.8 14.4 3.9 132.4 80
2021004065 0.234 20.4 113.4 387.2 263.1 80
2021004065 0.230 6.7 195.7 27.5 239.5 14
2021004065 0.208 1.9 69.0 23.6 364.5 80
2021004065 0.197 488.1 68.8 497.2 354.3 80
2021004065 0.184 484.3 294.7 506.2 369.0 80
2021004065 0.182 62.0 118.6 430.7 265.6 80
2021004065 0.174 40.0 134.9 427.1 278.8 80
2021004065 0.174 30.8 95.5 419.3 297.7 6
2021004065 0.173 66.7 148.2 428.4 287.2 80
2021004065 0.169 125.2 234.9 168.5 266.4 80
2021004065 0.164 19.6 128.9 398.7 268.8 80
2021004065 0.158 453.3 191.2 473.8 247.1 80
2021004065 0.152 372.8 186.7 490.9 368.6 80
2021004065 0.151 164.6 362.3 333.0 377.5 80
2021004065 0.147 108.7 143.6 436.0 279.6 80
2021004065 0.144 11.6 194.5 26.3 229.8 14
2021004065 0.143 455.1 190.4 473.8 242.5 14
2021004065 0.141 139.1 147.3 399.0 262.1 80
2021004065 0.139 341.9 359.0 455.3 378.7 80
2021004065 0.139 16.5 338.6 83.2 374.6 80
2021004065 0.138 69.5 320.2 199.7 374.0 80
2021004065 0.138 42.6 184.3 368.0 297.5 80
2021004065 0.138 40.4 209.3 316.9 336.4 80
2021004065 0.137 102.5 196.7 396.7 308.3 80
2021004065 0.136 112.9 224.7 390.7 339.7 80
2021004065 0.135 308.4 333.4 421.8 371.5 80
2021004065 0.135 237.1 246.2 312.6 291.5 80
2021004065 0.134 17.7 189.3 168.5 366.2 80
2021004065 0.133 163.1 353.8 310.8 375.3 80
2021004065 0.132 216.3 185.1 360.7 261.3 80
2021004065 0.132 186.5 215.1 432.3 322.8 80
2021004065 0.132 154.7 213.9 190.4 245.4 80
2021004065 0.131 17.9 159.5 323.4 275.2 80
2021004065 0.131 222.5 218.8 281.6 257.1 80
2021004065 0.130 8.7 187.6 269.5 304.7 80
2021004065 0.130 246.6 210.7 285.4 245.8 80
2021004065 0.130 238.4 202.9 463.1 323.7 80
2021004065 0.129 99.9 132.4 397.4 234.6 80
2021004065 0.129 207.9 330.2 329.0 369.2 80
2021004065 0.129 287.1 169.5 480.3 296.4 80
2021004065 0.128 147.3 325.7 269.6 368.5 80
2021004065 0.127 14.9 177.0 61.4 259.4 80
2021004065 0.127 48.3 358.5 157.3 377.9 80
2021004065 0.126 408.6 345.5 496.4 373.3 80
2021004065 0.125 216.7 194.2 416.9 271.5 80
2021004065 0.125 22.7 150.7 173.7 283.9 80
2021004065 0.123 93.6 247.5 163.1 288.9 80
2021004065 0.122 116.0 353.7 223.2 377.4 80
2021004065 0.121 266.4 351.0 377.3 376.0 80
2021004065 0.120 11.1 148.1 262.7 238.4 80
2021004065 0.120 23.7 186.4 68.7 232.8 80
2021004065 0.117 328.3 208.3 457.6 272.8 80
2021004065 0.116 51.5 183.1 151.5 237.7 80
2021004065 0.113 244.1 181.0 414.1 263.2 80
2021004065 0.111 345.6 140.2 495.2 216.1 80
2021004065 0.111 200.2 136.3 419.6 209.3 80
2021004065 0.110 30.8 95.5 419.3 297.7 80
2021004065 0.110 270.1 134.6 458.5 199.3 80
2021004065 0.108 -35.3 29.6 315.7 85.5 80
2021004065 0.108 222.4 31.5 578.8 85.7 80
2021004065 0.107 -91.5 27.9 280.3 82.2 80
2021004065 0.104 51.7 4.7 539.5 47.1 80
2021004065 0.103 255.1 8.9 647.9 45.1 80
2021004065 0.102 -46.4 0.9 452.5 26.9 80
2021004065 0.101 0.9 1.3 499.6 26.1 80
2021004065 0.100 77.1 -0.6 576.0 28.2 80
2021004065 0.095 -37.6 -3.2 98.0 22.9 80
2021004065 0.094 -184.2 -0.3 314.6 23.2 80
2021004065 0.000 242.0 73.2 372.7 227.7 80
2021004065 0.000 0.9 43.1 103.5 247.8 80
2021004065 0.000 143.7 135.9 210.3 202.4 80
2021004065 0.000 211.4 111.8 275.3 178.0 80
2021004065 0.000 371.0 109.2 486.3 268.7 80
2021004065 0.000 255.8 137.9 317.1 204.5 80
2021004065 0.000 156.6 31.4 304.0 211.6 80
2021004065 0.000 45.5 217.8 107.4 288.9 80
2021004065 0.000 136.3 82.3 207.6 151.5 80
2021004065 0.000 81.5 117.6 146.9 186.5 80
2021004065 0.000 197.9 51.8 272.4 119.8 80
2021004065 0.000 453.6 128.4 499.6 211.2 80
2021004065 0.000 387.8 97.3 461.7 164.2 80
2021004065 0.000 348.6 145.3 411.0 211.1 80
2021004065 0.000 136.9 218.3 201.8 292.7 80
2021004065 0.000 19.5 26.1 206.5 194.8 80
2021004065 0.000 1.5 201.3 48.0 285.0 80
2021004065 0.000 297.9 170.7 359.9 236.2 80
2021004065 0.000 453.4 192.9 499.6 275.6 80
2021004065 0.000 356.3 197.7 415.7 265.7 80
2021004065 0.000 313.5 100.9 376.2 167.7 80
2021004065 0.000 323.9 8.3 496.6 191.8 80
2021004065 0.000 287.5 132.8 485.8 257.7 80
2021004065 0.000 205.6 160.1 267.3 225.4 80
2021004065 0.000 0.9 125.8 102.1 357.9 80
2021004065 0.000 33.3 127.4 166.8 276.8 80
2021004065 0.000 1.0 151.5 47.1 234.6 80
2021004065 0.000 89.9 187.8 149.8 253.9 80
2021004065 0.000 449.0 54.1 499.7 153.4 80
2021004065 0.000 117.9 161.9 233.2 316.5 80
2021004065 0.000 218.0 251.8 286.7 331.9 80
2021004065 0.000 149.3 172.2 210.8 237.6 80
2021004065 0.000 410.1 176.6 474.8 242.3 80
2021004065 0.000 27.0 155.1 94.9 220.9 80
2021004065 0.000 323.9 218.2 384.1 295.1 80
2021004065 0.000 202.7 116.7 319.1 275.9 80
2021004065 0.000 177.6 56.6 471.2 267.4 80
2021004065 0.000 252.3 124.0 366.8 347.9 80
2021004065 0.000 0.5 90.4 51.3 173.8 80
2021004065 0.000 0.7 22.0 51.8 106.0 80
2021004065 0.000 46.4 108.1 284.6 258.9 80
2021004065 0.000 101.1 50.5 245.1 317.1 80
2021004065 0.000 255.5 3.7 329.5 73.3 80
2021004065 0.000 322.9 47.5 406.2 116.3 80
2021004065 0.000 43.3 21.4 383.8 258.4 80
2021004065 0.000 0.6 249.6 58.3 369.8 80
2021004065 0.000 178.6 220.3 238.0 300.5 80
2021004065 0.000 442.7 245.1 499.6 368.5 80
2021004065 0.000 398.6 113.5 499.6 355.5 80
2021004065 0.000 10.6 10.6 491.5 199.6 80
2021004065 0.000 258.6 42.4 428.2 311.1 80
2021004065 0.000 90.0 16.9 408.1 364.6 80
2021004065 0.000 256.1 169.2 365.6 301.9 80
2021004065 0.000 -2.4 5.4 286.1 371.6 80
2021004065 0.000 8.1 89.0 229.6 370.1 80
2021004065 0.000 0.7 22.9 146.6 363.6 80
2021004065 0.000 213.1 6.1 497.0 372.7 80
2021004065 0.000 131.2 78.4 368.1 365.5 80
2021004065 0.000 156.2 201.7 351.1 369.4 80
2021004065 0.000 170.3 106.4 310.3 353.3 80
2021004065 0.000 153.4 21.0 355.4 360.9 80
2021004065 0.000 357.6 18.1 500.9 361.1 80
2021004065 0.000 68.8 68.1 447.4 321.4 80
2021004065 0.000 177.0 8.2 417.9 127.1 80
2021004065 0.000 43.6 254.9 289.5 373.6 80
2021004065 0.000 2.3 68.4 366.1 369.3 80
2021004065 0.000 5.1 279.1 130.5 374.3 80
2021004065 0.000 12.0 183.0 185.2 365.8 80
2021004065 0.000 305.3 180.1 482.3 365.0 80
2021004065 0.000 220.0 199.0 278.3 264.7 80
2021004065 0.000 24.3 146.3 338.1 364.6 80
2021004065 0.000 2.5 1.3 412.8 373.0 80
2021004065 0.000 150.8 131.3 355.6 228.6 80
2021004065 0.000 274.3 86.1 490.6 373.1 80
2021004065 0.000 3.0 228.5 496.0 374.4 80
2021004065 0.000 220.7 257.3 474.7 373.5 80
2021004065 0.000 84.5 1.1 496.2 372.9 80
2021004065 0.000 158.6 67.8 495.0 371.2 80
2021004065 0.000 157.9 150.5 463.3 364.9 80
2021004065 0.000 362.6 245.1 494.3 368.9 80
2021004065 0.000 44.4 60.6 117.3 136.8 80
2021004065 0.000 129.9 101.9 365.9 294.0 80
2021004065 0.000 22.3 43.4 477.5 366.6 80
2021004065 0.000 60.2 142.4 409.5 272.0 80
2021004065 0.000 0.4 100.8 499.0 366.5 80
2021004065 0.000 244.0 202.0 298.7 273.9 80
2021004065 0.000 12.6 94.7 489.8 271.8 80
2021004065 0.000 0.8 0.3 499.7 373.9 80
2021004065 0.000 1.3 18.3 498.9 309.8 80
2021004065 0.000 286.3 250.3 340.8 319.0 80
2021004065 0.000 424.2 6.2 498.9 85.7 80
2021004065 0.000 12.6 94.7 489.8 271.8 0
2021004065 0.000 0.8 0.3 499.7 373.9 7
2021004065 0.000 8.1 89.0 229.6 370.1 14
2021004065 0.000 258.6 42.4 428.2 311.1 14
2021004065 0.000 101.1 50.5 245.1 317.1 14
2021004065 0.000 170.3 106.4 310.3 353.3 14
2021004065 0.000 274.3 86.1 490.6 373.1 14
2021004065 0.000 153.4 21.0 355.4 360.9 14
2021004065 0.000 213.1 6.1 497.0 372.7 14
