2021000000210030 0.792 468.4 353.1 501.0 397.7 80
2021000000210030 0.772 346.9 6.2 503.9 204.2 80
2021000000210030 0.765 1.9 -0.3 500.5 396.0 80
2021000000210030 0.764 156.9 99.6 348.4 276.6 80
2021000000210030 0.747 498.2 224.0 500.0 388.6 80
2021000000210030 0.745 499.0 86.1 500.0 218.2 80
2021000000210030 0.743 43.9 358.7 52.4 368.9 80
2021000000210030 0.739 379.6 1.0 495.7 30.0 80
2021000000210030 0.738 374.3 0.7 493.3 19.5 80
2021000000210030 0.738 102.0 227.9 134.3 252.7 80
2021000000210030 0.732 157.3 153.1 317.6 276.3 80
2021000000210030 0.728 162.2 201.7 258.5 274.0 80
2021000000210030 0.724 1.2 0.9 45.8 7.0 80
2021000000210030 0.718 109.3 191.9 272.7 269.2 80
2021000000210030 0.718 0.5 -1.9 4.7 54.3 80
2021000000210030 0.717 1.0 8.0 3.2 208.1 80
2021000000210030 0.711 162.8 182.2 249.3 260.2 80
2021000000210030 0.684 310.9 0.8 484.5 3.4 80
2021000000210030 0.644 159.9 75.4 324.5 273.4 80
2021000000210030 0.639 160.5 194.0 261.8 270.1 80
