2021005002 0.721 19.8 23.6 202.8 263.2 80
2021005002 0.712 4.6 133.1 60.3 217.9 80
2021005002 0.709 100.7 32.3 237.1 265.1 80
2021005002 0.706 2.2 234.5 156.1 425.5 80
2021005002 0.702 89.5 102.4 185.7 256.5 80
2021005002 0.701 2.0 262.6 172.0 433.8 80
2021005002 0.699 274.6 412.9 335.8 495.7 80
2021005002 0.697 297.5 350.7 334.5 486.9 80
2021005002 0.696 -2.4 70.0 267.5 472.4 80
2021005002 0.695 109.7 93.6 187.1 261.8 80
2021005002 0.691 2.9 130.0 39.5 217.2 80
2021005002 0.688 122.3 14.2 330.0 499.5 80
2021005002 0.684 1.4 60.0 324.5 489.2 80
2021005002 0.683 295.6 418.4 336.2 499.6 80
2021005002 0.682 -4.2 244.0 188.8 436.9 80
2021005002 0.678 -3.0 12.3 176.4 242.0 80
2021005002 0.671 169.8 27.2 262.3 263.7 80
2021005002 0.668 -4.6 7.4 208.8 482.7 80
2021005002 0.666 260.8 5.5 335.1 265.7 80
2021005002 0.665 14.4 15.2 340.6 333.5 80
2021005002 0.662 239.5 108.1 332.5 249.2 80
2021005002 0.661 190.6 -3.0 333.3 89.0 14
2021005002 0.654 236.8 125.0 334.2 476.0 80
2021005002 0.653 143.9 187.6 273.5 498.0 80
2021005002 0.651 96.1 22.2 326.6 196.6 80
2021005002 0.649 176.0 32.7 339.4 487.4 80
2021005002 0.649 0.1 173.2 333.0 508.7 80
2021005002 0.647 151.8 110.5 268.9 476.1 4
2021005002 0.646 109.7 2.9 195.7 62.8 80
2021005002 0.638 87.1 3.3 193.3 64.7 80
2021005002 0.638 145.2 112.0 334.8 504.2 80
2021005002 0.637 108.3 39.2 192.1 267.4 80
2021005002 0.634 61.1 9.1 159.4 64.1 80
2021005002 0.632 177.4 2.8 304.3 79.0 80
2021005002 0.632 0.7 0.8 333.7 499.3 80
2021005002 0.631 1.4 118.0 18.2 291.4 80
2021005002 0.631 0.7 135.0 8.3 220.1 80
2021005002 0.624 327.7 297.9 334.9 444.2 80
2021005002 0.621 4.3 255.2 160.0 473.3 80
2021005002 0.621 252.1 119.6 335.1 493.0 80
2021005002 0.619 192.1 431.0 332.8 497.3 80
2021005002 0.618 321.6 23.9 334.4 225.7 80
2021005002 0.618 143.3 114.4 274.4 487.5 80
2021005002 0.617 2.2 236.5 106.8 439.7 80
2021005002 0.612 193.4 2.4 335.7 231.7 80
2021005002 0.608 153.4 95.3 267.0 279.0 80
2021005002 0.606 199.5 -1.4 336.7 77.7 80
2021005002 0.605 176.4 3.2 323.5 91.5 80
2021005002 0.602 152.9 100.5 265.9 375.0 80
2021005002 0.601 1.4 281.5 334.4 494.8 80
2021005002 0.596 162.0 4.7 337.1 218.9 80
2021005002 0.595 301.6 62.6 337.7 515.8 80
2021005002 0.592 254.1 128.9 334.9 246.7 80
2021005002 0.588 327.0 165.7 335.3 379.8 80
2021005002 0.587 148.6 19.1 320.7 83.1 80
2021005002 0.583 303.5 -33.8 337.2 433.5 80
2021005002 0.581 325.1 7.0 335.3 86.4 80
2021005002 0.566 142.9 370.3 338.1 494.5 80
2021005002 0.562 142.5 86.6 283.9 463.0 80
2021005002 0.543 252.4 121.8 332.8 442.0 80
2021005002 0.539 79.9 430.7 340.1 499.8 80
2021005002 0.514 1.0 105.6 15.3 444.4 80
2021005002 0.506 249.6 126.3 333.5 456.3 80
2021005002 0.493 3.4 98.9 175.9 435.4 80
2021005002 0.474 -0.1 56.5 25.1 469.4 80
2021005002 0.451 0.7 27.1 4.9 143.5 80
2021005002 0.448 2.7 440.9 335.6 502.8 80
2021005002 0.437 0.5 137.4 4.4 356.1 80
2021005002 0.425 -0.3 -0.6 14.9 23.1 80
2021005002 0.420 197.3 171.2 331.0 518.4 80
2021005002 0.419 1.2 409.5 334.2 501.0 80
2021005002 0.349 136.1 127.4 267.8 481.6 80
2021005002 0.289 8.7 291.4 224.7 455.3 80
2021005002 0.286 5.0 -9.1 335.0 49.5 80
2021005002 0.263 0.7 251.1 2.8 449.1 80
2021005002 0.224 249.6 126.3 333.5 456.3 4
2021005002 0.220 1.0 230.4 26.9 501.0 80
2021005002 0.182 -0.1 383.6 9.1 516.0 80
2021005002 0.180 252.4 121.8 332.8 442.0 4
2021005002 0.174 20.1 266.1 261.2 452.9 80
2021005002 0.172 78.9 415.6 297.0 505.8 80
2021005002 0.168 36.8 414.9 272.5 505.0 80
2021005002 0.167 37.1 475.4 240.6 503.5 80
2021005002 0.162 137.3 234.2 330.6 470.5 80
2021005002 0.154 1.2 409.5 334.2 501.0 10
2021005002 0.147 171.9 211.3 254.0 348.3 80
2021005002 0.145 254.1 128.9 334.9 246.7 4
2021005002 0.143 39.5 259.6 107.3 335.9 80
2021005002 0.143 7.7 333.7 200.1 508.0 80
2021005002 0.141 -33.5 -12.7 299.4 53.5 80
2021005002 0.137 24.9 479.2 129.3 503.3 80
2021005002 0.134 68.2 275.1 270.3 453.5 80
2021005002 0.133 162.0 4.7 337.1 218.9 14
2021005002 0.133 45.3 205.3 267.5 412.7 80
2021005002 0.129 7.4 449.4 77.0 499.4 80
2021005002 0.127 31.9 300.6 93.6 415.5 80
2021005002 0.126 18.2 151.3 191.9 358.8 80
2021005002 0.126 28.0 199.6 233.9 378.0 80
2021005002 0.123 104.2 306.5 170.3 385.1 80
2021005002 0.118 35.1 223.9 155.6 337.6 80
2021005002 0.721 19.8 23.6 202.8 263.2 80
2021005002 0.712 4.6 133.1 60.3 217.9 80
2021005002 0.709 100.7 32.3 237.1 265.1 80
2021005002 0.706 2.2 234.5 156.1 425.5 80
2021005002 0.702 89.5 102.4 185.7 256.5 80
2021005002 0.701 2.0 262.6 172.0 433.8 80
2021005002 0.699 274.6 412.9 335.8 495.7 80
2021005002 0.697 297.5 350.7 334.5 486.9 80
2021005002 0.696 -2.4 70.0 267.5 472.4 80
2021005002 0.695 109.7 93.6 187.1 261.8 80
2021005002 0.691 2.9 130.0 39.5 217.2 80
2021005002 0.688 122.3 14.2 330.0 499.5 80
2021005002 0.684 1.4 60.0 324.5 489.2 80
2021005002 0.683 295.6 418.4 336.2 499.6 80
2021005002 0.682 -4.2 244.0 188.8 436.9 80
2021005002 0.678 -3.0 12.3 176.4 242.0 80
2021005002 0.671 169.8 27.2 262.3 263.7 80
2021005002 0.668 -4.6 7.4 208.8 482.7 80
2021005002 0.666 260.8 5.5 335.1 265.7 80
2021005002 0.665 14.4 15.2 340.6 333.5 80
2021005002 0.662 239.5 108.1 332.5 249.2 80
2021005002 0.661 190.6 -3.0 333.3 89.0 14
2021005002 0.654 236.8 125.0 334.2 476.0 80
2021005002 0.653 143.9 187.6 273.5 498.0 80
2021005002 0.651 96.1 22.2 326.6 196.6 80
2021005002 0.649 176.0 32.7 339.4 487.4 80
2021005002 0.649 0.1 173.2 333.0 508.7 80
2021005002 0.647 151.8 110.5 268.9 476.1 4
2021005002 0.646 109.7 2.9 195.7 62.8 80
2021005002 0.638 87.1 3.3 193.3 64.7 80
2021005002 0.638 145.2 112.0 334.8 504.2 80
2021005002 0.637 108.3 39.2 192.1 267.4 80
2021005002 0.634 61.1 9.1 159.4 64.1 80
2021005002 0.632 177.4 2.8 304.3 79.0 80
2021005002 0.632 0.7 0.8 333.7 499.3 80
2021005002 0.631 1.4 118.0 18.2 291.4 80
2021005002 0.631 0.7 135.0 8.3 220.1 80
2021005002 0.624 327.7 297.9 334.9 444.2 80
2021005002 0.621 4.3 255.2 160.0 473.3 80
2021005002 0.621 252.1 119.6 335.1 493.0 80
2021005002 0.619 192.1 431.0 332.8 497.3 80
2021005002 0.618 321.6 23.9 334.4 225.7 80
2021005002 0.618 143.3 114.4 274.4 487.5 80
2021005002 0.617 2.2 236.5 106.8 439.7 80
2021005002 0.612 193.4 2.4 335.7 231.7 80
2021005002 0.608 153.4 95.3 267.0 279.0 80
2021005002 0.606 199.5 -1.4 336.7 77.7 80
2021005002 0.605 176.4 3.2 323.5 91.5 80
2021005002 0.602 152.9 100.5 265.9 375.0 80
2021005002 0.601 1.4 281.5 334.4 494.8 80
2021005002 0.596 162.0 4.7 337.1 218.9 80
2021005002 0.595 301.6 62.6 337.7 515.8 80
2021005002 0.592 254.1 128.9 334.9 246.7 80
2021005002 0.588 327.0 165.7 335.3 379.8 80
2021005002 0.587 148.6 19.1 320.7 83.1 80
2021005002 0.583 303.5 -33.8 337.2 433.5 80
2021005002 0.581 325.1 7.0 335.3 86.4 80
2021005002 0.566 142.9 370.3 338.1 494.5 80
2021005002 0.562 142.5 86.6 283.9 463.0 80
2021005002 0.543 252.4 121.8 332.8 442.0 80
2021005002 0.539 79.9 430.7 340.1 499.8 80
2021005002 0.514 1.0 105.6 15.3 444.4 80
2021005002 0.506 249.6 126.3 333.5 456.3 80
2021005002 0.493 3.4 98.9 175.9 435.4 80
2021005002 0.474 -0.1 56.5 25.1 469.4 80
2021005002 0.451 0.7 27.1 4.9 143.5 80
2021005002 0.448 2.7 440.9 335.6 502.8 80
2021005002 0.437 0.5 137.4 4.4 356.1 80
2021005002 0.425 -0.3 -0.6 14.9 23.1 80
2021005002 0.420 197.3 171.2 331.0 518.4 80
2021005002 0.419 1.2 409.5 334.2 501.0 80
2021005002 0.349 136.1 127.4 267.8 481.6 80
2021005002 0.289 8.7 291.4 224.7 455.3 80
2021005002 0.286 5.0 -9.1 335.0 49.5 80
2021005002 0.263 0.7 251.1 2.8 449.1 80
2021005002 0.224 249.6 126.3 333.5 456.3 4
2021005002 0.220 1.0 230.4 26.9 501.0 80
2021005002 0.182 -0.1 383.6 9.1 516.0 80
2021005002 0.180 252.4 121.8 332.8 442.0 4
2021005002 0.174 20.1 266.1 261.2 452.9 80
2021005002 0.172 78.9 415.6 297.0 505.8 80
2021005002 0.168 36.8 414.9 272.5 505.0 80
2021005002 0.167 37.1 475.4 240.6 503.5 80
2021005002 0.162 137.3 234.2 330.6 470.5 80
2021005002 0.154 1.2 409.5 334.2 501.0 10
2021005002 0.147 171.9 211.3 254.0 348.3 80
2021005002 0.145 254.1 128.9 334.9 246.7 4
2021005002 0.143 39.5 259.6 107.3 335.9 80
2021005002 0.143 7.7 333.7 200.1 508.0 80
2021005002 0.141 -33.5 -12.7 299.4 53.5 80
2021005002 0.137 24.9 479.2 129.3 503.3 80
2021005002 0.134 68.2 275.1 270.3 453.5 80
2021005002 0.133 162.0 4.7 337.1 218.9 14
2021005002 0.133 45.3 205.3 267.5 412.7 80
2021005002 0.129 7.4 449.4 77.0 499.4 80
2021005002 0.127 31.9 300.6 93.6 415.5 80
2021005002 0.126 18.2 151.3 191.9 358.8 80
2021005002 0.126 28.0 199.6 233.9 378.0 80
2021005002 0.123 104.2 306.5 170.3 385.1 80
2021005002 0.118 35.1 223.9 155.6 337.6 80
2021005002 0.000 242.8 139.1 330.7 349.8 80
2021005002 0.000 2.5 167.7 132.2 355.2 80
2021005002 0.000 140.9 104.3 278.2 257.9 80
2021005002 0.000 90.8 49.7 224.6 244.1 80
2021005002 0.000 183.6 183.4 334.4 341.2 80
2021005002 0.000 0.6 42.5 68.5 331.5 80
2021005002 0.000 301.3 87.4 333.8 193.4 80
2021005002 0.000 268.1 236.0 323.5 322.9 80
2021005002 0.000 0.8 172.0 68.6 475.0 80
2021005002 0.000 0.6 199.7 31.8 312.3 80
2021005002 0.000 303.1 255.9 333.8 368.9 80
2021005002 0.000 55.3 253.3 106.0 338.6 80
2021005002 0.000 303.2 170.0 333.8 282.8 80
2021005002 0.000 11.9 205.2 70.1 292.2 80
2021005002 0.000 130.3 214.9 186.7 300.8 80
2021005002 0.000 83.2 176.4 154.2 269.0 80
2021005002 0.000 1.3 267.6 32.1 380.4 80
2021005002 0.000 266.1 161.4 333.8 470.2 80
2021005002 0.000 103.7 68.6 330.9 372.7 80
2021005002 0.000 160.2 80.3 303.8 409.1 80
2021005002 0.000 296.7 334.6 333.2 484.9 80
2021005002 0.000 214.2 5.5 336.4 250.0 80
2021005002 0.000 14.4 140.5 207.3 349.5 80
2021005002 0.000 91.8 228.7 149.4 314.9 80
2021005002 0.000 162.1 186.0 221.9 271.2 80
2021005002 0.000 89.8 186.0 249.0 317.4 80
2021005002 0.000 191.0 230.1 249.7 315.2 80
2021005002 0.000 192.4 152.1 321.8 484.8 80
2021005002 0.000 223.7 197.3 285.1 282.0 80
2021005002 0.000 0.4 28.1 35.0 140.7 80
2021005002 0.000 230.7 270.5 287.5 354.2 80
2021005002 0.000 46.5 160.9 107.5 246.4 80
2021005002 0.000 6.0 21.8 152.6 244.0 80
2021005002 0.000 133.1 149.5 192.8 235.9 80
2021005002 0.000 1.6 -16.9 333.6 285.6 80
2021005002 0.000 0.8 334.2 38.5 495.6 80
2021005002 0.000 0.6 119.3 34.3 231.8 80
2021005002 0.000 5.2 195.3 238.7 491.4 80
2021005002 0.000 19.9 34.4 266.7 337.8 80
2021005002 0.000 96.5 284.7 239.4 494.2 80
2021005002 0.000 253.1 134.9 315.4 220.8 80
2021005002 0.000 85.4 119.5 251.0 482.5 80
2021005002 0.000 107.5 172.4 220.4 460.6 80
2021005002 0.000 -1.0 125.3 161.5 495.4 80
2021005002 0.000 162.0 216.9 264.7 444.9 80
2021005002 0.000 64.5 123.0 269.3 395.9 80
2021005002 0.000 199.9 139.6 262.5 224.2 80
2021005002 0.000 -4.1 260.8 132.0 493.7 80
2021005002 0.000 126.6 72.3 189.0 157.4 80
2021005002 0.000 47.6 49.5 285.1 461.9 80
2021005002 0.000 100.2 217.0 316.6 492.4 80
2021005002 0.000 2.9 326.4 222.0 496.5 80
2021005002 0.000 240.2 28.3 333.9 481.0 80
2021005002 0.000 197.3 258.2 326.3 491.0 80
2021005002 0.000 3.0 372.6 88.4 498.8 80
2021005002 0.000 0.7 95.2 245.9 496.7 80
2021005002 0.000 138.6 8.1 337.1 496.4 80
2021005002 0.000 242.4 335.2 329.7 494.1 80
2021005002 0.000 98.1 107.0 342.0 501.4 80
2021005002 0.000 84.9 112.1 146.1 198.0 80
2021005002 0.000 120.2 199.1 232.0 355.6 80
2021005002 0.000 24.6 295.5 78.7 386.2 80
2021005002 0.000 37.7 115.3 306.9 430.3 80
2021005002 0.000 -3.2 9.9 199.1 494.6 80
2021005002 0.000 133.7 350.2 332.7 500.2 80
2021005002 0.000 31.8 53.5 203.0 448.0 80
2021005002 0.000 57.9 142.3 180.6 477.5 80
2021005002 0.000 111.4 271.1 234.0 459.5 80
2021005002 0.000 1.5 309.5 333.2 500.6 80
2021005002 0.000 95.4 -1.9 305.9 156.1 80
2021005002 0.000 1.4 3.3 280.5 496.8 80
2021005002 0.000 91.0 22.6 249.3 481.6 80
2021005002 0.000 89.1 304.6 142.4 388.0 80
2021005002 0.000 26.5 201.0 289.4 372.6 80
2021005002 0.000 50.1 11.3 333.6 499.2 80
2021005002 0.000 0.7 149.7 333.7 496.7 80
2021005002 0.000 4.1 40.2 97.1 484.5 80
2021005002 0.000 9.7 60.9 318.2 502.9 80
2021005002 0.000 1.1 40.4 333.8 457.8 80
2021005002 0.000 0.9 0.7 333.8 499.3 80
2021005002 0.000 165.1 7.2 227.0 97.5 80
2021005002 0.000 211.9 71.4 276.9 156.8 80
2021005002 0.000 156.2 279.5 268.8 384.9 80
2021005002 0.000 5.4 190.2 334.7 394.6 80
2021005002 0.000 284.7 7.0 332.1 114.5 80
2021005002 0.000 144.3 264.6 194.0 348.7 80
2021005002 0.000 21.0 91.0 88.1 178.0 80
2021005002 0.000 216.1 293.5 272.0 374.9 80
2021005002 0.000 0.9 0.7 333.8 499.3 14
2021005002 0.000 0.9 0.7 333.8 499.3 7
2021005002 0.000 50.1 11.3 333.6 499.2 14
2021005002 0.000 0.9 0.7 333.8 499.3 11
2021005002 0.000 47.6 49.5 285.1 461.9 14
2021005002 0.000 138.6 8.1 337.1 496.4 14
2021005002 0.000 9.7 60.9 318.2 502.9 14
2021005002 0.000 -3.2 9.9 199.1 494.6 14
2021005002 0.000 1.4 3.3 280.5 496.8 14
2021005002 0.000 -1.0 125.3 161.5 495.4 14
2021005002 0.000 0.7 95.2 245.9 496.7 14
2021005002 0.000 0.7 149.7 333.7 496.7 17
