2021000000410456 0.796 596.1 422.2 639.8 478.7 80
2021000000410456 0.764 42.8 147.8 596.1 306.2 80
2021000000410456 0.764 117.7 169.1 163.3 286.1 80
2021000000410456 0.762 166.7 186.8 211.4 282.4 80
2021000000410456 0.761 64.3 129.8 117.3 252.6 80
2021000000410456 0.761 65.2 146.7 178.2 320.3 80
2021000000410456 0.754 133.6 160.7 203.6 307.4 80
2021000000410456 0.754 133.5 161.3 198.0 309.3 80
2021000000410456 0.754 366.0 237.8 382.5 262.6 80
2021000000410456 0.753 193.3 157.2 245.3 234.4 80
2021000000410456 0.752 50.6 118.3 179.4 324.5 18
2021000000410456 0.751 384.1 181.5 455.8 309.6 18
2021000000410456 0.751 255.8 299.2 342.2 315.6 80
2021000000410456 0.748 189.8 151.1 273.0 303.7 18
2021000000410456 0.747 619.2 121.5 628.9 130.3 80
2021000000410456 0.745 508.6 168.0 560.1 248.5 80
2021000000410456 0.745 24.2 114.8 204.2 216.3 80
2021000000410456 0.745 495.1 172.7 552.2 329.3 80
2021000000410456 0.744 190.8 152.4 271.0 303.1 80
2021000000410456 0.741 364.3 237.8 379.3 261.6 80
