2021000000036539 0.772 404.4 592.4 431.9 638.8 80
2021000000036539 0.758 177.5 319.5 260.6 535.2 80
2021000000036539 0.753 241.3 56.0 258.7 74.0 80
2021000000036539 0.753 345.4 402.8 365.5 443.0 80
2021000000036539 0.752 177.0 304.6 253.8 536.3 80
2021000000036539 0.750 178.0 307.2 259.4 538.0 80
2021000000036539 0.746 118.8 442.0 154.7 457.3 80
2021000000036539 0.746 175.2 292.8 261.5 536.6 18
2021000000036539 0.736 78.9 365.9 128.3 463.8 80
2021000000036539 0.734 102.5 266.5 155.4 311.5 80
2021000000036539 0.733 253.2 443.8 260.8 458.4 80
2021000000036539 0.732 72.6 369.8 118.0 457.8 80
2021000000036539 0.731 137.1 435.3 153.9 447.1 80
2021000000036539 0.729 426.3 392.4 427.2 530.1 80
2021000000036539 0.725 128.6 261.9 154.4 289.1 80
2021000000036539 0.711 73.3 352.6 129.1 458.6 18
2021000000036539 0.682 426.6 231.5 427.6 324.0 80
2021000000036539 0.543 251.8 443.0 260.6 458.5 80
2021000000036539 0.388 103.2 264.1 154.3 310.4 80
2021000000036539 0.171 393.1 148.7 438.7 709.8 80
2021000000036539 0.772 404.4 592.4 431.9 638.8 80
2021000000036539 0.758 177.5 319.5 260.6 535.2 80
2021000000036539 0.753 241.3 56.0 258.7 74.0 80
2021000000036539 0.753 345.4 402.8 365.5 443.0 80
2021000000036539 0.752 177.0 304.6 253.8 536.3 80
2021000000036539 0.750 178.0 307.2 259.4 538.0 80
2021000000036539 0.746 118.8 442.0 154.7 457.3 80
2021000000036539 0.746 175.2 292.8 261.5 536.6 18
2021000000036539 0.736 78.9 365.9 128.3 463.8 80
2021000000036539 0.734 102.5 266.5 155.4 311.5 80
2021000000036539 0.733 253.2 443.8 260.8 458.4 80
2021000000036539 0.732 72.6 369.8 118.0 457.8 80
2021000000036539 0.731 137.1 435.3 153.9 447.1 80
2021000000036539 0.729 426.3 392.4 427.2 530.1 80
2021000000036539 0.725 128.6 261.9 154.4 289.1 80
2021000000036539 0.711 73.3 352.6 129.1 458.6 18
2021000000036539 0.682 426.6 231.5 427.6 324.0 80
2021000000036539 0.543 251.8 443.0 260.6 458.5 80
2021000000036539 0.388 103.2 264.1 154.3 310.4 80
2021000000036539 0.171 393.1 148.7 438.7 709.8 80
2021000000036539 0.150 251.8 443.0 260.6 458.5 18
2021000000036539 0.148 180.3 314.6 256.7 421.4 80
2021000000036539 0.125 228.2 381.9 283.9 449.6 80
2021000000036539 0.123 262.8 222.4 329.4 295.2 80
2021000000036539 0.118 -107.5 619.5 188.9 646.3 80
2021000000036539 0.118 -58.1 620.2 97.9 643.1 80
2021000000036539 0.116 379.5 236.1 439.1 339.4 80
2021000000036539 0.110 159.3 380.4 217.0 457.7 80
2021000000036539 0.108 -9.9 7.2 61.0 20.9 80
2021000000036539 0.108 68.2 312.0 126.3 387.5 80
2021000000036539 0.107 213.4 302.4 269.9 376.1 80
2021000000036539 0.106 190.7 256.0 246.4 329.0 80
2021000000036539 0.104 172.7 320.5 231.3 403.9 80
2021000000036539 0.103 160.4 226.8 217.4 299.7 80
2021000000036539 0.099 245.1 299.4 303.2 378.0 80
2021000000036539 0.099 143.2 299.5 201.6 380.0 80
2021000000036539 0.099 313.6 384.0 381.9 492.3 80
2021000000036539 0.099 109.8 -0.1 177.2 6.1 80
2021000000036539 0.099 145.2 448.2 206.6 529.7 80
2021000000036539 0.097 27.8 264.8 84.0 343.6 80
2021000000036539 0.094 43.4 338.5 103.0 430.7 80
2021000000036539 0.094 370.3 334.5 431.7 446.8 80
2021000000036539 0.093 57.0 229.4 116.3 320.1 80
2021000000036539 0.092 356.7 269.7 418.1 375.4 80
2021000000036539 0.092 279.3 346.0 340.3 437.0 80
2021000000036539 0.091 70.9 485.5 141.3 593.0 80
2021000000036539 0.091 331.0 305.3 390.6 399.6 80
2021000000036539 0.091 345.3 360.9 408.2 467.7 80
2021000000036539 0.091 293.8 1.3 355.2 5.4 80
2021000000036539 0.091 302.7 327.5 364.2 424.6 80
2021000000036539 0.090 344.0 0.9 403.9 4.6 80
2021000000036539 0.088 289.4 410.5 357.4 517.8 80
2021000000036539 0.088 316.6 1.3 376.1 4.7 80
2021000000036539 0.088 -13.9 321.7 39.9 413.6 80
2021000000036539 0.087 11.3 335.8 71.1 441.1 80
2021000000036539 0.086 -3.1 396.0 57.0 512.7 80
2021000000036539 0.085 266.7 444.8 334.0 557.1 80
2021000000036539 0.084 27.7 409.5 91.6 530.9 80
2021000000036539 0.079 103.2 264.1 154.3 310.4 14
2021000000036539 0.079 103.2 264.1 154.3 310.4 18
2021000000036539 0.078 -20.0 564.6 38.2 625.2 80
2021000000036539 0.077 337.4 545.1 412.2 610.2 80
2021000000036539 0.076 26.8 557.5 107.5 622.2 80
2021000000036539 0.076 -17.0 274.1 38.8 692.2 80
2021000000036539 0.076 158.1 542.9 232.6 608.9 80
2021000000036539 0.075 345.9 274.2 432.4 650.7 80
2021000000036539 0.074 58.5 545.3 136.5 611.5 80
2021000000036539 0.074 109.0 550.6 174.1 616.8 80
2021000000036539 0.073 239.4 1.0 286.9 2.5 80
2021000000036539 0.073 158.7 478.8 330.5 657.4 80
2021000000036539 0.072 303.3 500.8 374.9 571.7 80
2021000000036539 0.071 210.1 502.4 283.8 572.8 80
2021000000036539 0.071 286.8 414.0 380.0 632.1 80
2021000000036539 0.071 146.8 431.8 242.3 663.8 80
2021000000036539 0.071 263.3 494.4 336.2 565.8 80
2021000000036539 0.068 150.8 11.4 212.9 74.1 80
2021000000036539 0.068 346.7 5.9 439.3 69.3 80
2021000000036539 0.068 259.4 5.4 355.3 66.0 80
2021000000036539 0.067 379.3 43.3 441.2 107.1 80
2021000000036539 0.067 -14.9 10.2 44.1 71.9 80
2021000000036539 0.067 234.0 5.1 312.1 63.8 80
2021000000036539 0.067 105.7 5.4 169.9 64.1 80
2021000000036539 0.067 -5.0 4.3 73.0 63.7 80
2021000000036539 0.067 -19.1 45.8 31.9 110.6 80
2021000000036539 0.067 43.8 5.5 123.9 64.4 80
2021000000036539 0.067 24.6 8.1 92.1 67.4 80
2021000000036539 0.066 73.7 6.9 143.9 65.2 80
2021000000036539 0.066 304.8 2.6 372.4 58.7 80
2021000000036539 0.066 168.3 25.9 222.3 82.3 80
2021000000036539 0.065 328.3 14.1 382.6 67.5 80
2021000000036539 0.065 257.1 21.5 310.9 74.7 80
2021000000036539 0.064 15.5 20.3 63.0 70.0 80
2021000000036539 0.063 -2.1 25.6 44.2 74.7 80
2021000000036539 0.062 197.8 -0.4 238.3 33.8 80
2021000000036539 0.062 120.5 11.1 165.1 51.0 80
2021000000036539 0.061 86.1 7.5 127.5 43.5 80
2021000000036539 0.061 290.2 12.2 335.0 49.9 80
2021000000036539 0.060 193.7 10.7 235.6 41.5 80
2021000000036539 0.060 222.9 11.9 264.9 43.5 80
2021000000036539 0.059 73.3 352.6 129.1 458.6 80
2021000000036539 0.772 404.4 592.4 431.9 638.8 80
2021000000036539 0.758 177.5 319.5 260.6 535.2 80
2021000000036539 0.753 241.3 56.0 258.7 74.0 80
2021000000036539 0.753 345.4 402.8 365.5 443.0 80
2021000000036539 0.752 177.0 304.6 253.8 536.3 80
2021000000036539 0.750 178.0 307.2 259.4 538.0 80
2021000000036539 0.746 118.8 442.0 154.7 457.3 80
2021000000036539 0.746 175.2 292.8 261.5 536.6 18
2021000000036539 0.736 78.9 365.9 128.3 463.8 80
2021000000036539 0.734 102.5 266.5 155.4 311.5 80
2021000000036539 0.733 253.2 443.8 260.8 458.4 80
2021000000036539 0.732 72.6 369.8 118.0 457.8 80
2021000000036539 0.731 137.1 435.3 153.9 447.1 80
2021000000036539 0.729 426.3 392.4 427.2 530.1 80
2021000000036539 0.725 128.6 261.9 154.4 289.1 80
2021000000036539 0.711 73.3 352.6 129.1 458.6 18
2021000000036539 0.682 426.6 231.5 427.6 324.0 80
2021000000036539 0.543 251.8 443.0 260.6 458.5 80
2021000000036539 0.388 103.2 264.1 154.3 310.4 80
2021000000036539 0.171 393.1 148.7 438.7 709.8 80
2021000000036539 0.150 251.8 443.0 260.6 458.5 18
2021000000036539 0.148 180.3 314.6 256.7 421.4 80
2021000000036539 0.125 228.2 381.9 283.9 449.6 80
2021000000036539 0.123 262.8 222.4 329.4 295.2 80
2021000000036539 0.118 -107.5 619.5 188.9 646.3 80
2021000000036539 0.118 -58.1 620.2 97.9 643.1 80
2021000000036539 0.116 379.5 236.1 439.1 339.4 80
2021000000036539 0.110 159.3 380.4 217.0 457.7 80
2021000000036539 0.108 -9.9 7.2 61.0 20.9 80
2021000000036539 0.108 68.2 312.0 126.3 387.5 80
2021000000036539 0.107 213.4 302.4 269.9 376.1 80
2021000000036539 0.106 190.7 256.0 246.4 329.0 80
2021000000036539 0.104 172.7 320.5 231.3 403.9 80
2021000000036539 0.103 160.4 226.8 217.4 299.7 80
2021000000036539 0.099 245.1 299.4 303.2 378.0 80
2021000000036539 0.099 143.2 299.5 201.6 380.0 80
2021000000036539 0.099 313.6 384.0 381.9 492.3 80
2021000000036539 0.099 109.8 -0.1 177.2 6.1 80
2021000000036539 0.099 145.2 448.2 206.6 529.7 80
2021000000036539 0.097 27.8 264.8 84.0 343.6 80
2021000000036539 0.094 43.4 338.5 103.0 430.7 80
2021000000036539 0.094 370.3 334.5 431.7 446.8 80
2021000000036539 0.093 57.0 229.4 116.3 320.1 80
2021000000036539 0.092 356.7 269.7 418.1 375.4 80
2021000000036539 0.092 279.3 346.0 340.3 437.0 80
2021000000036539 0.091 70.9 485.5 141.3 593.0 80
2021000000036539 0.091 331.0 305.3 390.6 399.6 80
2021000000036539 0.091 345.3 360.9 408.2 467.7 80
2021000000036539 0.091 293.8 1.3 355.2 5.4 80
2021000000036539 0.091 302.7 327.5 364.2 424.6 80
2021000000036539 0.090 344.0 0.9 403.9 4.6 80
2021000000036539 0.088 289.4 410.5 357.4 517.8 80
2021000000036539 0.088 316.6 1.3 376.1 4.7 80
2021000000036539 0.088 -13.9 321.7 39.9 413.6 80
2021000000036539 0.087 11.3 335.8 71.1 441.1 80
2021000000036539 0.086 -3.1 396.0 57.0 512.7 80
2021000000036539 0.085 266.7 444.8 334.0 557.1 80
2021000000036539 0.084 27.7 409.5 91.6 530.9 80
2021000000036539 0.079 103.2 264.1 154.3 310.4 14
2021000000036539 0.079 103.2 264.1 154.3 310.4 18
2021000000036539 0.078 -20.0 564.6 38.2 625.2 80
2021000000036539 0.077 337.4 545.1 412.2 610.2 80
2021000000036539 0.076 26.8 557.5 107.5 622.2 80
2021000000036539 0.076 -17.0 274.1 38.8 692.2 80
2021000000036539 0.076 158.1 542.9 232.6 608.9 80
2021000000036539 0.075 345.9 274.2 432.4 650.7 80
2021000000036539 0.074 58.5 545.3 136.5 611.5 80
2021000000036539 0.074 109.0 550.6 174.1 616.8 80
2021000000036539 0.073 239.4 1.0 286.9 2.5 80
2021000000036539 0.073 158.7 478.8 330.5 657.4 80
2021000000036539 0.072 303.3 500.8 374.9 571.7 80
2021000000036539 0.071 210.1 502.4 283.8 572.8 80
2021000000036539 0.071 286.8 414.0 380.0 632.1 80
2021000000036539 0.071 146.8 431.8 242.3 663.8 80
2021000000036539 0.071 263.3 494.4 336.2 565.8 80
2021000000036539 0.068 150.8 11.4 212.9 74.1 80
2021000000036539 0.068 346.7 5.9 439.3 69.3 80
2021000000036539 0.068 259.4 5.4 355.3 66.0 80
2021000000036539 0.067 379.3 43.3 441.2 107.1 80
2021000000036539 0.067 -14.9 10.2 44.1 71.9 80
2021000000036539 0.067 234.0 5.1 312.1 63.8 80
2021000000036539 0.067 105.7 5.4 169.9 64.1 80
2021000000036539 0.067 -5.0 4.3 73.0 63.7 80
2021000000036539 0.067 -19.1 45.8 31.9 110.6 80
2021000000036539 0.067 43.8 5.5 123.9 64.4 80
2021000000036539 0.067 24.6 8.1 92.1 67.4 80
2021000000036539 0.066 73.7 6.9 143.9 65.2 80
2021000000036539 0.066 304.8 2.6 372.4 58.7 80
2021000000036539 0.066 168.3 25.9 222.3 82.3 80
2021000000036539 0.065 328.3 14.1 382.6 67.5 80
2021000000036539 0.065 257.1 21.5 310.9 74.7 80
2021000000036539 0.064 15.5 20.3 63.0 70.0 80
2021000000036539 0.063 -2.1 25.6 44.2 74.7 80
2021000000036539 0.062 197.8 -0.4 238.3 33.8 80
2021000000036539 0.062 120.5 11.1 165.1 51.0 80
2021000000036539 0.061 86.1 7.5 127.5 43.5 80
2021000000036539 0.061 290.2 12.2 335.0 49.9 80
2021000000036539 0.060 193.7 10.7 235.6 41.5 80
2021000000036539 0.060 222.9 11.9 264.9 43.5 80
2021000000036539 0.059 73.3 352.6 129.1 458.6 80
2021000000036539 0.772 404.4 592.4 431.9 638.8 80
2021000000036539 0.758 177.5 319.5 260.6 535.2 80
2021000000036539 0.753 241.3 56.0 258.7 74.0 80
2021000000036539 0.753 345.4 402.8 365.5 443.0 80
2021000000036539 0.752 177.0 304.6 253.8 536.3 80
2021000000036539 0.750 178.0 307.2 259.4 538.0 80
2021000000036539 0.746 118.8 442.0 154.7 457.3 80
2021000000036539 0.746 175.2 292.8 261.5 536.6 18
2021000000036539 0.736 78.9 365.9 128.3 463.8 80
2021000000036539 0.734 102.5 266.5 155.4 311.5 80
2021000000036539 0.733 253.2 443.8 260.8 458.4 80
2021000000036539 0.732 72.6 369.8 118.0 457.8 80
2021000000036539 0.731 137.1 435.3 153.9 447.1 80
2021000000036539 0.729 426.3 392.4 427.2 530.1 80
2021000000036539 0.725 128.6 261.9 154.4 289.1 80
2021000000036539 0.711 73.3 352.6 129.1 458.6 18
2021000000036539 0.682 426.6 231.5 427.6 324.0 80
2021000000036539 0.543 251.8 443.0 260.6 458.5 80
2021000000036539 0.388 103.2 264.1 154.3 310.4 80
2021000000036539 0.171 393.1 148.7 438.7 709.8 80
2021000000036539 0.150 251.8 443.0 260.6 458.5 18
2021000000036539 0.148 180.3 314.6 256.7 421.4 80
2021000000036539 0.125 228.2 381.9 283.9 449.6 80
2021000000036539 0.123 262.8 222.4 329.4 295.2 80
2021000000036539 0.118 -107.5 619.5 188.9 646.3 80
2021000000036539 0.118 -58.1 620.2 97.9 643.1 80
2021000000036539 0.116 379.5 236.1 439.1 339.4 80
2021000000036539 0.110 159.3 380.4 217.0 457.7 80
2021000000036539 0.108 -9.9 7.2 61.0 20.9 80
2021000000036539 0.108 68.2 312.0 126.3 387.5 80
2021000000036539 0.107 213.4 302.4 269.9 376.1 80
2021000000036539 0.106 190.7 256.0 246.4 329.0 80
2021000000036539 0.104 172.7 320.5 231.3 403.9 80
2021000000036539 0.103 160.4 226.8 217.4 299.7 80
2021000000036539 0.099 245.1 299.4 303.2 378.0 80
2021000000036539 0.099 143.2 299.5 201.6 380.0 80
2021000000036539 0.099 313.6 384.0 381.9 492.3 80
2021000000036539 0.099 109.8 -0.1 177.2 6.1 80
2021000000036539 0.099 145.2 448.2 206.6 529.7 80
2021000000036539 0.097 27.8 264.8 84.0 343.6 80
2021000000036539 0.094 43.4 338.5 103.0 430.7 80
2021000000036539 0.094 370.3 334.5 431.7 446.8 80
2021000000036539 0.093 57.0 229.4 116.3 320.1 80
2021000000036539 0.092 356.7 269.7 418.1 375.4 80
2021000000036539 0.092 279.3 346.0 340.3 437.0 80
2021000000036539 0.091 70.9 485.5 141.3 593.0 80
2021000000036539 0.091 331.0 305.3 390.6 399.6 80
2021000000036539 0.091 345.3 360.9 408.2 467.7 80
2021000000036539 0.091 293.8 1.3 355.2 5.4 80
2021000000036539 0.091 302.7 327.5 364.2 424.6 80
2021000000036539 0.090 344.0 0.9 403.9 4.6 80
2021000000036539 0.088 289.4 410.5 357.4 517.8 80
2021000000036539 0.088 316.6 1.3 376.1 4.7 80
2021000000036539 0.088 -13.9 321.7 39.9 413.6 80
2021000000036539 0.087 11.3 335.8 71.1 441.1 80
2021000000036539 0.086 -3.1 396.0 57.0 512.7 80
2021000000036539 0.085 266.7 444.8 334.0 557.1 80
2021000000036539 0.084 27.7 409.5 91.6 530.9 80
2021000000036539 0.079 103.2 264.1 154.3 310.4 14
2021000000036539 0.079 103.2 264.1 154.3 310.4 18
2021000000036539 0.078 -20.0 564.6 38.2 625.2 80
2021000000036539 0.077 337.4 545.1 412.2 610.2 80
2021000000036539 0.076 26.8 557.5 107.5 622.2 80
2021000000036539 0.076 -17.0 274.1 38.8 692.2 80
2021000000036539 0.076 158.1 542.9 232.6 608.9 80
2021000000036539 0.075 345.9 274.2 432.4 650.7 80
2021000000036539 0.074 58.5 545.3 136.5 611.5 80
2021000000036539 0.074 109.0 550.6 174.1 616.8 80
2021000000036539 0.073 239.4 1.0 286.9 2.5 80
2021000000036539 0.073 158.7 478.8 330.5 657.4 80
2021000000036539 0.072 303.3 500.8 374.9 571.7 80
2021000000036539 0.071 210.1 502.4 283.8 572.8 80
2021000000036539 0.071 286.8 414.0 380.0 632.1 80
2021000000036539 0.071 146.8 431.8 242.3 663.8 80
2021000000036539 0.071 263.3 494.4 336.2 565.8 80
2021000000036539 0.068 150.8 11.4 212.9 74.1 80
2021000000036539 0.068 346.7 5.9 439.3 69.3 80
2021000000036539 0.068 259.4 5.4 355.3 66.0 80
2021000000036539 0.067 379.3 43.3 441.2 107.1 80
2021000000036539 0.067 -14.9 10.2 44.1 71.9 80
2021000000036539 0.067 234.0 5.1 312.1 63.8 80
2021000000036539 0.067 105.7 5.4 169.9 64.1 80
2021000000036539 0.067 -5.0 4.3 73.0 63.7 80
2021000000036539 0.067 -19.1 45.8 31.9 110.6 80
2021000000036539 0.067 43.8 5.5 123.9 64.4 80
2021000000036539 0.067 24.6 8.1 92.1 67.4 80
2021000000036539 0.066 73.7 6.9 143.9 65.2 80
2021000000036539 0.066 304.8 2.6 372.4 58.7 80
2021000000036539 0.066 168.3 25.9 222.3 82.3 80
2021000000036539 0.065 328.3 14.1 382.6 67.5 80
2021000000036539 0.065 257.1 21.5 310.9 74.7 80
2021000000036539 0.064 15.5 20.3 63.0 70.0 80
2021000000036539 0.063 -2.1 25.6 44.2 74.7 80
2021000000036539 0.062 197.8 -0.4 238.3 33.8 80
2021000000036539 0.062 120.5 11.1 165.1 51.0 80
2021000000036539 0.061 86.1 7.5 127.5 43.5 80
2021000000036539 0.061 290.2 12.2 335.0 49.9 80
2021000000036539 0.060 193.7 10.7 235.6 41.5 80
2021000000036539 0.060 222.9 11.9 264.9 43.5 80
2021000000036539 0.059 73.3 352.6 129.1 458.6 80
2021000000036539 0.772 404.4 592.4 431.9 638.8 80
2021000000036539 0.758 177.5 319.5 260.6 535.2 80
2021000000036539 0.753 241.3 56.0 258.7 74.0 80
2021000000036539 0.753 345.4 402.8 365.5 443.0 80
2021000000036539 0.752 177.0 304.6 253.8 536.3 80
2021000000036539 0.750 178.0 307.2 259.4 538.0 80
2021000000036539 0.746 118.8 442.0 154.7 457.3 80
2021000000036539 0.746 175.2 292.8 261.5 536.6 18
2021000000036539 0.736 78.9 365.9 128.3 463.8 80
2021000000036539 0.734 102.5 266.5 155.4 311.5 80
2021000000036539 0.733 253.2 443.8 260.8 458.4 80
2021000000036539 0.732 72.6 369.8 118.0 457.8 80
2021000000036539 0.731 137.1 435.3 153.9 447.1 80
2021000000036539 0.729 426.3 392.4 427.2 530.1 80
2021000000036539 0.725 128.6 261.9 154.4 289.1 80
2021000000036539 0.711 73.3 352.6 129.1 458.6 18
2021000000036539 0.682 426.6 231.5 427.6 324.0 80
2021000000036539 0.543 251.8 443.0 260.6 458.5 80
2021000000036539 0.388 103.2 264.1 154.3 310.4 80
2021000000036539 0.171 393.1 148.7 438.7 709.8 80
2021000000036539 0.150 251.8 443.0 260.6 458.5 18
2021000000036539 0.148 180.3 314.6 256.7 421.4 80
2021000000036539 0.125 228.2 381.9 283.9 449.6 80
2021000000036539 0.123 262.8 222.4 329.4 295.2 80
2021000000036539 0.118 -107.5 619.5 188.9 646.3 80
2021000000036539 0.118 -58.1 620.2 97.9 643.1 80
2021000000036539 0.116 379.5 236.1 439.1 339.4 80
2021000000036539 0.110 159.3 380.4 217.0 457.7 80
2021000000036539 0.108 -9.9 7.2 61.0 20.9 80
2021000000036539 0.108 68.2 312.0 126.3 387.5 80
2021000000036539 0.107 213.4 302.4 269.9 376.1 80
2021000000036539 0.106 190.7 256.0 246.4 329.0 80
2021000000036539 0.104 172.7 320.5 231.3 403.9 80
2021000000036539 0.103 160.4 226.8 217.4 299.7 80
2021000000036539 0.099 245.1 299.4 303.2 378.0 80
2021000000036539 0.099 143.2 299.5 201.6 380.0 80
2021000000036539 0.099 313.6 384.0 381.9 492.3 80
2021000000036539 0.099 109.8 -0.1 177.2 6.1 80
2021000000036539 0.099 145.2 448.2 206.6 529.7 80
2021000000036539 0.097 27.8 264.8 84.0 343.6 80
2021000000036539 0.094 43.4 338.5 103.0 430.7 80
2021000000036539 0.094 370.3 334.5 431.7 446.8 80
2021000000036539 0.093 57.0 229.4 116.3 320.1 80
2021000000036539 0.092 356.7 269.7 418.1 375.4 80
2021000000036539 0.092 279.3 346.0 340.3 437.0 80
2021000000036539 0.091 70.9 485.5 141.3 593.0 80
2021000000036539 0.091 331.0 305.3 390.6 399.6 80
2021000000036539 0.091 345.3 360.9 408.2 467.7 80
2021000000036539 0.091 293.8 1.3 355.2 5.4 80
2021000000036539 0.091 302.7 327.5 364.2 424.6 80
2021000000036539 0.090 344.0 0.9 403.9 4.6 80
2021000000036539 0.088 289.4 410.5 357.4 517.8 80
2021000000036539 0.088 316.6 1.3 376.1 4.7 80
2021000000036539 0.088 -13.9 321.7 39.9 413.6 80
2021000000036539 0.087 11.3 335.8 71.1 441.1 80
2021000000036539 0.086 -3.1 396.0 57.0 512.7 80
2021000000036539 0.085 266.7 444.8 334.0 557.1 80
2021000000036539 0.084 27.7 409.5 91.6 530.9 80
2021000000036539 0.079 103.2 264.1 154.3 310.4 14
2021000000036539 0.079 103.2 264.1 154.3 310.4 18
2021000000036539 0.078 -20.0 564.6 38.2 625.2 80
2021000000036539 0.077 337.4 545.1 412.2 610.2 80
2021000000036539 0.076 26.8 557.5 107.5 622.2 80
2021000000036539 0.076 -17.0 274.1 38.8 692.2 80
2021000000036539 0.076 158.1 542.9 232.6 608.9 80
2021000000036539 0.075 345.9 274.2 432.4 650.7 80
2021000000036539 0.074 58.5 545.3 136.5 611.5 80
2021000000036539 0.074 109.0 550.6 174.1 616.8 80
2021000000036539 0.073 239.4 1.0 286.9 2.5 80
2021000000036539 0.073 158.7 478.8 330.5 657.4 80
2021000000036539 0.072 303.3 500.8 374.9 571.7 80
2021000000036539 0.071 210.1 502.4 283.8 572.8 80
2021000000036539 0.071 286.8 414.0 380.0 632.1 80
2021000000036539 0.071 146.8 431.8 242.3 663.8 80
2021000000036539 0.071 263.3 494.4 336.2 565.8 80
2021000000036539 0.068 150.8 11.4 212.9 74.1 80
2021000000036539 0.068 346.7 5.9 439.3 69.3 80
2021000000036539 0.068 259.4 5.4 355.3 66.0 80
2021000000036539 0.067 379.3 43.3 441.2 107.1 80
2021000000036539 0.067 -14.9 10.2 44.1 71.9 80
2021000000036539 0.067 234.0 5.1 312.1 63.8 80
2021000000036539 0.067 105.7 5.4 169.9 64.1 80
2021000000036539 0.067 -5.0 4.3 73.0 63.7 80
2021000000036539 0.067 -19.1 45.8 31.9 110.6 80
2021000000036539 0.067 43.8 5.5 123.9 64.4 80
2021000000036539 0.067 24.6 8.1 92.1 67.4 80
2021000000036539 0.066 73.7 6.9 143.9 65.2 80
2021000000036539 0.066 304.8 2.6 372.4 58.7 80
2021000000036539 0.066 168.3 25.9 222.3 82.3 80
2021000000036539 0.065 328.3 14.1 382.6 67.5 80
2021000000036539 0.065 257.1 21.5 310.9 74.7 80
2021000000036539 0.064 15.5 20.3 63.0 70.0 80
2021000000036539 0.063 -2.1 25.6 44.2 74.7 80
2021000000036539 0.062 197.8 -0.4 238.3 33.8 80
2021000000036539 0.062 120.5 11.1 165.1 51.0 80
2021000000036539 0.061 86.1 7.5 127.5 43.5 80
2021000000036539 0.061 290.2 12.2 335.0 49.9 80
2021000000036539 0.060 193.7 10.7 235.6 41.5 80
2021000000036539 0.060 222.9 11.9 264.9 43.5 80
2021000000036539 0.059 73.3 352.6 129.1 458.6 80
2021000000036539 0.772 404.4 592.4 431.9 638.8 80
2021000000036539 0.758 177.5 319.5 260.6 535.2 80
2021000000036539 0.753 241.3 56.0 258.7 74.0 80
2021000000036539 0.753 345.4 402.8 365.5 443.0 80
2021000000036539 0.752 177.0 304.6 253.8 536.3 80
2021000000036539 0.750 178.0 307.2 259.4 538.0 80
2021000000036539 0.746 118.8 442.0 154.7 457.3 80
2021000000036539 0.746 175.2 292.8 261.5 536.6 18
2021000000036539 0.736 78.9 365.9 128.3 463.8 80
2021000000036539 0.734 102.5 266.5 155.4 311.5 80
2021000000036539 0.733 253.2 443.8 260.8 458.4 80
2021000000036539 0.732 72.6 369.8 118.0 457.8 80
2021000000036539 0.731 137.1 435.3 153.9 447.1 80
2021000000036539 0.729 426.3 392.4 427.2 530.1 80
2021000000036539 0.725 128.6 261.9 154.4 289.1 80
2021000000036539 0.711 73.3 352.6 129.1 458.6 18
2021000000036539 0.682 426.6 231.5 427.6 324.0 80
2021000000036539 0.543 251.8 443.0 260.6 458.5 80
2021000000036539 0.388 103.2 264.1 154.3 310.4 80
2021000000036539 0.171 393.1 148.7 438.7 709.8 80
2021000000036539 0.150 251.8 443.0 260.6 458.5 18
2021000000036539 0.148 180.3 314.6 256.7 421.4 80
2021000000036539 0.125 228.2 381.9 283.9 449.6 80
2021000000036539 0.123 262.8 222.4 329.4 295.2 80
2021000000036539 0.118 -107.5 619.5 188.9 646.3 80
2021000000036539 0.118 -58.1 620.2 97.9 643.1 80
2021000000036539 0.116 379.5 236.1 439.1 339.4 80
2021000000036539 0.110 159.3 380.4 217.0 457.7 80
2021000000036539 0.108 -9.9 7.2 61.0 20.9 80
2021000000036539 0.108 68.2 312.0 126.3 387.5 80
2021000000036539 0.107 213.4 302.4 269.9 376.1 80
2021000000036539 0.106 190.7 256.0 246.4 329.0 80
2021000000036539 0.104 172.7 320.5 231.3 403.9 80
2021000000036539 0.103 160.4 226.8 217.4 299.7 80
2021000000036539 0.099 245.1 299.4 303.2 378.0 80
2021000000036539 0.099 143.2 299.5 201.6 380.0 80
2021000000036539 0.099 313.6 384.0 381.9 492.3 80
2021000000036539 0.099 109.8 -0.1 177.2 6.1 80
2021000000036539 0.099 145.2 448.2 206.6 529.7 80
2021000000036539 0.097 27.8 264.8 84.0 343.6 80
2021000000036539 0.094 43.4 338.5 103.0 430.7 80
2021000000036539 0.094 370.3 334.5 431.7 446.8 80
2021000000036539 0.093 57.0 229.4 116.3 320.1 80
2021000000036539 0.092 356.7 269.7 418.1 375.4 80
2021000000036539 0.092 279.3 346.0 340.3 437.0 80
2021000000036539 0.091 70.9 485.5 141.3 593.0 80
2021000000036539 0.091 331.0 305.3 390.6 399.6 80
2021000000036539 0.091 345.3 360.9 408.2 467.7 80
2021000000036539 0.091 293.8 1.3 355.2 5.4 80
2021000000036539 0.091 302.7 327.5 364.2 424.6 80
2021000000036539 0.090 344.0 0.9 403.9 4.6 80
2021000000036539 0.088 289.4 410.5 357.4 517.8 80
2021000000036539 0.088 316.6 1.3 376.1 4.7 80
2021000000036539 0.088 -13.9 321.7 39.9 413.6 80
2021000000036539 0.087 11.3 335.8 71.1 441.1 80
2021000000036539 0.086 -3.1 396.0 57.0 512.7 80
2021000000036539 0.085 266.7 444.8 334.0 557.1 80
2021000000036539 0.084 27.7 409.5 91.6 530.9 80
2021000000036539 0.079 103.2 264.1 154.3 310.4 14
2021000000036539 0.079 103.2 264.1 154.3 310.4 18
2021000000036539 0.078 -20.0 564.6 38.2 625.2 80
2021000000036539 0.077 337.4 545.1 412.2 610.2 80
2021000000036539 0.076 26.8 557.5 107.5 622.2 80
2021000000036539 0.076 -17.0 274.1 38.8 692.2 80
2021000000036539 0.076 158.1 542.9 232.6 608.9 80
2021000000036539 0.075 345.9 274.2 432.4 650.7 80
2021000000036539 0.074 58.5 545.3 136.5 611.5 80
2021000000036539 0.074 109.0 550.6 174.1 616.8 80
2021000000036539 0.073 239.4 1.0 286.9 2.5 80
2021000000036539 0.073 158.7 478.8 330.5 657.4 80
2021000000036539 0.072 303.3 500.8 374.9 571.7 80
2021000000036539 0.071 210.1 502.4 283.8 572.8 80
2021000000036539 0.071 286.8 414.0 380.0 632.1 80
2021000000036539 0.071 146.8 431.8 242.3 663.8 80
2021000000036539 0.071 263.3 494.4 336.2 565.8 80
2021000000036539 0.068 150.8 11.4 212.9 74.1 80
2021000000036539 0.068 346.7 5.9 439.3 69.3 80
2021000000036539 0.068 259.4 5.4 355.3 66.0 80
2021000000036539 0.067 379.3 43.3 441.2 107.1 80
2021000000036539 0.067 -14.9 10.2 44.1 71.9 80
2021000000036539 0.067 234.0 5.1 312.1 63.8 80
2021000000036539 0.067 105.7 5.4 169.9 64.1 80
2021000000036539 0.067 -5.0 4.3 73.0 63.7 80
2021000000036539 0.067 -19.1 45.8 31.9 110.6 80
2021000000036539 0.067 43.8 5.5 123.9 64.4 80
2021000000036539 0.067 24.6 8.1 92.1 67.4 80
2021000000036539 0.066 73.7 6.9 143.9 65.2 80
2021000000036539 0.066 304.8 2.6 372.4 58.7 80
2021000000036539 0.066 168.3 25.9 222.3 82.3 80
2021000000036539 0.065 328.3 14.1 382.6 67.5 80
2021000000036539 0.065 257.1 21.5 310.9 74.7 80
2021000000036539 0.064 15.5 20.3 63.0 70.0 80
2021000000036539 0.063 -2.1 25.6 44.2 74.7 80
2021000000036539 0.062 197.8 -0.4 238.3 33.8 80
2021000000036539 0.062 120.5 11.1 165.1 51.0 80
2021000000036539 0.061 86.1 7.5 127.5 43.5 80
2021000000036539 0.061 290.2 12.2 335.0 49.9 80
2021000000036539 0.060 193.7 10.7 235.6 41.5 80
2021000000036539 0.060 222.9 11.9 264.9 43.5 80
2021000000036539 0.059 73.3 352.6 129.1 458.6 80
2021000000036539 0.772 404.4 592.4 431.9 638.8 80
2021000000036539 0.758 177.5 319.5 260.6 535.2 80
2021000000036539 0.753 241.3 56.0 258.7 74.0 80
2021000000036539 0.753 345.4 402.8 365.5 443.0 80
2021000000036539 0.752 177.0 304.6 253.8 536.3 80
2021000000036539 0.750 178.0 307.2 259.4 538.0 80
2021000000036539 0.746 118.8 442.0 154.7 457.3 80
2021000000036539 0.746 175.2 292.8 261.5 536.6 18
2021000000036539 0.736 78.9 365.9 128.3 463.8 80
2021000000036539 0.734 102.5 266.5 155.4 311.5 80
2021000000036539 0.733 253.2 443.8 260.8 458.4 80
2021000000036539 0.732 72.6 369.8 118.0 457.8 80
2021000000036539 0.731 137.1 435.3 153.9 447.1 80
2021000000036539 0.729 426.3 392.4 427.2 530.1 80
2021000000036539 0.725 128.6 261.9 154.4 289.1 80
2021000000036539 0.711 73.3 352.6 129.1 458.6 18
2021000000036539 0.682 426.6 231.5 427.6 324.0 80
2021000000036539 0.543 251.8 443.0 260.6 458.5 80
2021000000036539 0.388 103.2 264.1 154.3 310.4 80
2021000000036539 0.171 393.1 148.7 438.7 709.8 80
2021000000036539 0.150 251.8 443.0 260.6 458.5 18
2021000000036539 0.148 180.3 314.6 256.7 421.4 80
2021000000036539 0.125 228.2 381.9 283.9 449.6 80
2021000000036539 0.123 262.8 222.4 329.4 295.2 80
2021000000036539 0.118 -107.5 619.5 188.9 646.3 80
2021000000036539 0.118 -58.1 620.2 97.9 643.1 80
2021000000036539 0.116 379.5 236.1 439.1 339.4 80
2021000000036539 0.110 159.3 380.4 217.0 457.7 80
2021000000036539 0.108 -9.9 7.2 61.0 20.9 80
2021000000036539 0.108 68.2 312.0 126.3 387.5 80
2021000000036539 0.107 213.4 302.4 269.9 376.1 80
2021000000036539 0.106 190.7 256.0 246.4 329.0 80
2021000000036539 0.104 172.7 320.5 231.3 403.9 80
2021000000036539 0.103 160.4 226.8 217.4 299.7 80
2021000000036539 0.099 245.1 299.4 303.2 378.0 80
2021000000036539 0.099 143.2 299.5 201.6 380.0 80
2021000000036539 0.099 313.6 384.0 381.9 492.3 80
2021000000036539 0.099 109.8 -0.1 177.2 6.1 80
2021000000036539 0.099 145.2 448.2 206.6 529.7 80
2021000000036539 0.097 27.8 264.8 84.0 343.6 80
2021000000036539 0.094 43.4 338.5 103.0 430.7 80
2021000000036539 0.094 370.3 334.5 431.7 446.8 80
2021000000036539 0.093 57.0 229.4 116.3 320.1 80
2021000000036539 0.092 356.7 269.7 418.1 375.4 80
2021000000036539 0.092 279.3 346.0 340.3 437.0 80
2021000000036539 0.091 70.9 485.5 141.3 593.0 80
2021000000036539 0.091 331.0 305.3 390.6 399.6 80
2021000000036539 0.091 345.3 360.9 408.2 467.7 80
2021000000036539 0.091 293.8 1.3 355.2 5.4 80
2021000000036539 0.091 302.7 327.5 364.2 424.6 80
2021000000036539 0.090 344.0 0.9 403.9 4.6 80
2021000000036539 0.088 289.4 410.5 357.4 517.8 80
2021000000036539 0.088 316.6 1.3 376.1 4.7 80
2021000000036539 0.088 -13.9 321.7 39.9 413.6 80
2021000000036539 0.087 11.3 335.8 71.1 441.1 80
2021000000036539 0.086 -3.1 396.0 57.0 512.7 80
2021000000036539 0.085 266.7 444.8 334.0 557.1 80
2021000000036539 0.084 27.7 409.5 91.6 530.9 80
2021000000036539 0.079 103.2 264.1 154.3 310.4 14
2021000000036539 0.079 103.2 264.1 154.3 310.4 18
2021000000036539 0.078 -20.0 564.6 38.2 625.2 80
2021000000036539 0.077 337.4 545.1 412.2 610.2 80
2021000000036539 0.076 26.8 557.5 107.5 622.2 80
2021000000036539 0.076 -17.0 274.1 38.8 692.2 80
2021000000036539 0.076 158.1 542.9 232.6 608.9 80
2021000000036539 0.075 345.9 274.2 432.4 650.7 80
2021000000036539 0.074 58.5 545.3 136.5 611.5 80
2021000000036539 0.074 109.0 550.6 174.1 616.8 80
2021000000036539 0.073 239.4 1.0 286.9 2.5 80
2021000000036539 0.073 158.7 478.8 330.5 657.4 80
2021000000036539 0.072 303.3 500.8 374.9 571.7 80
2021000000036539 0.071 210.1 502.4 283.8 572.8 80
2021000000036539 0.071 286.8 414.0 380.0 632.1 80
2021000000036539 0.071 146.8 431.8 242.3 663.8 80
2021000000036539 0.071 263.3 494.4 336.2 565.8 80
2021000000036539 0.068 150.8 11.4 212.9 74.1 80
2021000000036539 0.068 346.7 5.9 439.3 69.3 80
2021000000036539 0.068 259.4 5.4 355.3 66.0 80
2021000000036539 0.067 379.3 43.3 441.2 107.1 80
2021000000036539 0.067 -14.9 10.2 44.1 71.9 80
2021000000036539 0.067 234.0 5.1 312.1 63.8 80
2021000000036539 0.067 105.7 5.4 169.9 64.1 80
2021000000036539 0.067 -5.0 4.3 73.0 63.7 80
2021000000036539 0.067 -19.1 45.8 31.9 110.6 80
2021000000036539 0.067 43.8 5.5 123.9 64.4 80
2021000000036539 0.067 24.6 8.1 92.1 67.4 80
2021000000036539 0.066 73.7 6.9 143.9 65.2 80
2021000000036539 0.066 304.8 2.6 372.4 58.7 80
2021000000036539 0.066 168.3 25.9 222.3 82.3 80
2021000000036539 0.065 328.3 14.1 382.6 67.5 80
2021000000036539 0.065 257.1 21.5 310.9 74.7 80
2021000000036539 0.064 15.5 20.3 63.0 70.0 80
2021000000036539 0.063 -2.1 25.6 44.2 74.7 80
2021000000036539 0.062 197.8 -0.4 238.3 33.8 80
2021000000036539 0.062 120.5 11.1 165.1 51.0 80
2021000000036539 0.061 86.1 7.5 127.5 43.5 80
2021000000036539 0.061 290.2 12.2 335.0 49.9 80
2021000000036539 0.060 193.7 10.7 235.6 41.5 80
2021000000036539 0.060 222.9 11.9 264.9 43.5 80
2021000000036539 0.059 73.3 352.6 129.1 458.6 80
2021000000036539 0.772 404.4 592.4 431.9 638.8 80
2021000000036539 0.758 177.5 319.5 260.6 535.2 80
2021000000036539 0.753 241.3 56.0 258.7 74.0 80
2021000000036539 0.753 345.4 402.8 365.5 443.0 80
2021000000036539 0.752 177.0 304.6 253.8 536.3 80
2021000000036539 0.750 178.0 307.2 259.4 538.0 80
2021000000036539 0.746 118.8 442.0 154.7 457.3 80
2021000000036539 0.746 175.2 292.8 261.5 536.6 18
2021000000036539 0.736 78.9 365.9 128.3 463.8 80
2021000000036539 0.734 102.5 266.5 155.4 311.5 80
2021000000036539 0.733 253.2 443.8 260.8 458.4 80
2021000000036539 0.732 72.6 369.8 118.0 457.8 80
2021000000036539 0.731 137.1 435.3 153.9 447.1 80
2021000000036539 0.729 426.3 392.4 427.2 530.1 80
2021000000036539 0.725 128.6 261.9 154.4 289.1 80
2021000000036539 0.711 73.3 352.6 129.1 458.6 18
2021000000036539 0.682 426.6 231.5 427.6 324.0 80
2021000000036539 0.543 251.8 443.0 260.6 458.5 80
2021000000036539 0.388 103.2 264.1 154.3 310.4 80
2021000000036539 0.171 393.1 148.7 438.7 709.8 80
2021000000036539 0.150 251.8 443.0 260.6 458.5 18
2021000000036539 0.148 180.3 314.6 256.7 421.4 80
2021000000036539 0.125 228.2 381.9 283.9 449.6 80
2021000000036539 0.123 262.8 222.4 329.4 295.2 80
2021000000036539 0.118 -107.5 619.5 188.9 646.3 80
2021000000036539 0.118 -58.1 620.2 97.9 643.1 80
2021000000036539 0.116 379.5 236.1 439.1 339.4 80
2021000000036539 0.110 159.3 380.4 217.0 457.7 80
2021000000036539 0.108 -9.9 7.2 61.0 20.9 80
2021000000036539 0.108 68.2 312.0 126.3 387.5 80
2021000000036539 0.107 213.4 302.4 269.9 376.1 80
2021000000036539 0.106 190.7 256.0 246.4 329.0 80
2021000000036539 0.104 172.7 320.5 231.3 403.9 80
2021000000036539 0.103 160.4 226.8 217.4 299.7 80
2021000000036539 0.099 245.1 299.4 303.2 378.0 80
2021000000036539 0.099 143.2 299.5 201.6 380.0 80
2021000000036539 0.099 313.6 384.0 381.9 492.3 80
2021000000036539 0.099 109.8 -0.1 177.2 6.1 80
2021000000036539 0.099 145.2 448.2 206.6 529.7 80
2021000000036539 0.097 27.8 264.8 84.0 343.6 80
2021000000036539 0.094 43.4 338.5 103.0 430.7 80
2021000000036539 0.094 370.3 334.5 431.7 446.8 80
2021000000036539 0.093 57.0 229.4 116.3 320.1 80
2021000000036539 0.092 356.7 269.7 418.1 375.4 80
2021000000036539 0.092 279.3 346.0 340.3 437.0 80
2021000000036539 0.091 70.9 485.5 141.3 593.0 80
2021000000036539 0.091 331.0 305.3 390.6 399.6 80
2021000000036539 0.091 345.3 360.9 408.2 467.7 80
2021000000036539 0.091 293.8 1.3 355.2 5.4 80
2021000000036539 0.091 302.7 327.5 364.2 424.6 80
2021000000036539 0.090 344.0 0.9 403.9 4.6 80
2021000000036539 0.088 289.4 410.5 357.4 517.8 80
2021000000036539 0.088 316.6 1.3 376.1 4.7 80
2021000000036539 0.088 -13.9 321.7 39.9 413.6 80
2021000000036539 0.087 11.3 335.8 71.1 441.1 80
2021000000036539 0.086 -3.1 396.0 57.0 512.7 80
2021000000036539 0.085 266.7 444.8 334.0 557.1 80
2021000000036539 0.084 27.7 409.5 91.6 530.9 80
2021000000036539 0.079 103.2 264.1 154.3 310.4 14
2021000000036539 0.079 103.2 264.1 154.3 310.4 18
2021000000036539 0.078 -20.0 564.6 38.2 625.2 80
2021000000036539 0.077 337.4 545.1 412.2 610.2 80
2021000000036539 0.076 26.8 557.5 107.5 622.2 80
2021000000036539 0.076 -17.0 274.1 38.8 692.2 80
2021000000036539 0.076 158.1 542.9 232.6 608.9 80
2021000000036539 0.075 345.9 274.2 432.4 650.7 80
2021000000036539 0.074 58.5 545.3 136.5 611.5 80
2021000000036539 0.074 109.0 550.6 174.1 616.8 80
2021000000036539 0.073 239.4 1.0 286.9 2.5 80
2021000000036539 0.073 158.7 478.8 330.5 657.4 80
2021000000036539 0.072 303.3 500.8 374.9 571.7 80
2021000000036539 0.071 210.1 502.4 283.8 572.8 80
2021000000036539 0.071 286.8 414.0 380.0 632.1 80
2021000000036539 0.071 146.8 431.8 242.3 663.8 80
2021000000036539 0.071 263.3 494.4 336.2 565.8 80
2021000000036539 0.068 150.8 11.4 212.9 74.1 80
2021000000036539 0.068 346.7 5.9 439.3 69.3 80
2021000000036539 0.068 259.4 5.4 355.3 66.0 80
2021000000036539 0.067 379.3 43.3 441.2 107.1 80
2021000000036539 0.067 -14.9 10.2 44.1 71.9 80
2021000000036539 0.067 234.0 5.1 312.1 63.8 80
2021000000036539 0.067 105.7 5.4 169.9 64.1 80
2021000000036539 0.067 -5.0 4.3 73.0 63.7 80
2021000000036539 0.067 -19.1 45.8 31.9 110.6 80
2021000000036539 0.067 43.8 5.5 123.9 64.4 80
2021000000036539 0.067 24.6 8.1 92.1 67.4 80
2021000000036539 0.066 73.7 6.9 143.9 65.2 80
2021000000036539 0.066 304.8 2.6 372.4 58.7 80
2021000000036539 0.066 168.3 25.9 222.3 82.3 80
2021000000036539 0.065 328.3 14.1 382.6 67.5 80
2021000000036539 0.065 257.1 21.5 310.9 74.7 80
2021000000036539 0.064 15.5 20.3 63.0 70.0 80
2021000000036539 0.063 -2.1 25.6 44.2 74.7 80
2021000000036539 0.062 197.8 -0.4 238.3 33.8 80
2021000000036539 0.062 120.5 11.1 165.1 51.0 80
2021000000036539 0.061 86.1 7.5 127.5 43.5 80
2021000000036539 0.061 290.2 12.2 335.0 49.9 80
2021000000036539 0.060 193.7 10.7 235.6 41.5 80
2021000000036539 0.060 222.9 11.9 264.9 43.5 80
2021000000036539 0.059 73.3 352.6 129.1 458.6 80
2021000000036539 0.772 404.4 592.4 431.9 638.8 80
2021000000036539 0.758 177.5 319.5 260.6 535.2 80
2021000000036539 0.753 241.3 56.0 258.7 74.0 80
2021000000036539 0.753 345.4 402.8 365.5 443.0 80
2021000000036539 0.752 177.0 304.6 253.8 536.3 80
2021000000036539 0.750 178.0 307.2 259.4 538.0 80
2021000000036539 0.746 118.8 442.0 154.7 457.3 80
2021000000036539 0.746 175.2 292.8 261.5 536.6 18
2021000000036539 0.736 78.9 365.9 128.3 463.8 80
2021000000036539 0.734 102.5 266.5 155.4 311.5 80
2021000000036539 0.733 253.2 443.8 260.8 458.4 80
2021000000036539 0.732 72.6 369.8 118.0 457.8 80
2021000000036539 0.731 137.1 435.3 153.9 447.1 80
2021000000036539 0.729 426.3 392.4 427.2 530.1 80
2021000000036539 0.725 128.6 261.9 154.4 289.1 80
2021000000036539 0.711 73.3 352.6 129.1 458.6 18
2021000000036539 0.682 426.6 231.5 427.6 324.0 80
2021000000036539 0.543 251.8 443.0 260.6 458.5 80
2021000000036539 0.388 103.2 264.1 154.3 310.4 80
2021000000036539 0.171 393.1 148.7 438.7 709.8 80
2021000000036539 0.150 251.8 443.0 260.6 458.5 18
2021000000036539 0.148 180.3 314.6 256.7 421.4 80
2021000000036539 0.125 228.2 381.9 283.9 449.6 80
2021000000036539 0.123 262.8 222.4 329.4 295.2 80
2021000000036539 0.118 -107.5 619.5 188.9 646.3 80
2021000000036539 0.118 -58.1 620.2 97.9 643.1 80
2021000000036539 0.116 379.5 236.1 439.1 339.4 80
2021000000036539 0.110 159.3 380.4 217.0 457.7 80
2021000000036539 0.108 -9.9 7.2 61.0 20.9 80
2021000000036539 0.108 68.2 312.0 126.3 387.5 80
2021000000036539 0.107 213.4 302.4 269.9 376.1 80
2021000000036539 0.106 190.7 256.0 246.4 329.0 80
2021000000036539 0.104 172.7 320.5 231.3 403.9 80
2021000000036539 0.103 160.4 226.8 217.4 299.7 80
2021000000036539 0.099 245.1 299.4 303.2 378.0 80
2021000000036539 0.099 143.2 299.5 201.6 380.0 80
2021000000036539 0.099 313.6 384.0 381.9 492.3 80
2021000000036539 0.099 109.8 -0.1 177.2 6.1 80
2021000000036539 0.099 145.2 448.2 206.6 529.7 80
2021000000036539 0.097 27.8 264.8 84.0 343.6 80
2021000000036539 0.094 43.4 338.5 103.0 430.7 80
2021000000036539 0.094 370.3 334.5 431.7 446.8 80
2021000000036539 0.093 57.0 229.4 116.3 320.1 80
2021000000036539 0.092 356.7 269.7 418.1 375.4 80
2021000000036539 0.092 279.3 346.0 340.3 437.0 80
2021000000036539 0.091 70.9 485.5 141.3 593.0 80
2021000000036539 0.091 331.0 305.3 390.6 399.6 80
2021000000036539 0.091 345.3 360.9 408.2 467.7 80
2021000000036539 0.091 293.8 1.3 355.2 5.4 80
2021000000036539 0.091 302.7 327.5 364.2 424.6 80
2021000000036539 0.090 344.0 0.9 403.9 4.6 80
2021000000036539 0.088 289.4 410.5 357.4 517.8 80
2021000000036539 0.088 316.6 1.3 376.1 4.7 80
2021000000036539 0.088 -13.9 321.7 39.9 413.6 80
2021000000036539 0.087 11.3 335.8 71.1 441.1 80
2021000000036539 0.086 -3.1 396.0 57.0 512.7 80
2021000000036539 0.085 266.7 444.8 334.0 557.1 80
2021000000036539 0.084 27.7 409.5 91.6 530.9 80
2021000000036539 0.079 103.2 264.1 154.3 310.4 14
2021000000036539 0.079 103.2 264.1 154.3 310.4 18
2021000000036539 0.078 -20.0 564.6 38.2 625.2 80
2021000000036539 0.077 337.4 545.1 412.2 610.2 80
2021000000036539 0.076 26.8 557.5 107.5 622.2 80
2021000000036539 0.076 -17.0 274.1 38.8 692.2 80
2021000000036539 0.076 158.1 542.9 232.6 608.9 80
2021000000036539 0.075 345.9 274.2 432.4 650.7 80
2021000000036539 0.074 58.5 545.3 136.5 611.5 80
2021000000036539 0.074 109.0 550.6 174.1 616.8 80
2021000000036539 0.073 239.4 1.0 286.9 2.5 80
2021000000036539 0.073 158.7 478.8 330.5 657.4 80
2021000000036539 0.072 303.3 500.8 374.9 571.7 80
2021000000036539 0.071 210.1 502.4 283.8 572.8 80
2021000000036539 0.071 286.8 414.0 380.0 632.1 80
2021000000036539 0.071 146.8 431.8 242.3 663.8 80
2021000000036539 0.071 263.3 494.4 336.2 565.8 80
2021000000036539 0.068 150.8 11.4 212.9 74.1 80
2021000000036539 0.068 346.7 5.9 439.3 69.3 80
2021000000036539 0.068 259.4 5.4 355.3 66.0 80
2021000000036539 0.067 379.3 43.3 441.2 107.1 80
2021000000036539 0.067 -14.9 10.2 44.1 71.9 80
2021000000036539 0.067 234.0 5.1 312.1 63.8 80
2021000000036539 0.067 105.7 5.4 169.9 64.1 80
2021000000036539 0.067 -5.0 4.3 73.0 63.7 80
2021000000036539 0.067 -19.1 45.8 31.9 110.6 80
2021000000036539 0.067 43.8 5.5 123.9 64.4 80
2021000000036539 0.067 24.6 8.1 92.1 67.4 80
2021000000036539 0.066 73.7 6.9 143.9 65.2 80
2021000000036539 0.066 304.8 2.6 372.4 58.7 80
2021000000036539 0.066 168.3 25.9 222.3 82.3 80
2021000000036539 0.065 328.3 14.1 382.6 67.5 80
2021000000036539 0.065 257.1 21.5 310.9 74.7 80
2021000000036539 0.064 15.5 20.3 63.0 70.0 80
2021000000036539 0.063 -2.1 25.6 44.2 74.7 80
2021000000036539 0.062 197.8 -0.4 238.3 33.8 80
2021000000036539 0.062 120.5 11.1 165.1 51.0 80
2021000000036539 0.061 86.1 7.5 127.5 43.5 80
2021000000036539 0.061 290.2 12.2 335.0 49.9 80
2021000000036539 0.060 193.7 10.7 235.6 41.5 80
2021000000036539 0.060 222.9 11.9 264.9 43.5 80
2021000000036539 0.059 73.3 352.6 129.1 458.6 80
