2021004665 0.682 97.4 112.9 280.5 191.3 3
2021004665 0.651 210.2 139.0 273.7 183.4 80
2021004665 0.642 274.2 156.4 321.4 175.9 80
2021004665 0.641 467.2 347.4 499.1 374.1 80
2021004665 0.634 326.3 156.5 367.1 174.0 80
2021004665 0.630 53.3 155.9 97.5 178.1 80
2021004665 0.619 195.9 192.2 267.3 229.4 80
2021004665 0.617 53.7 154.9 97.2 179.9 80
2021004665 0.617 201.2 165.0 278.4 190.3 80
2021004665 0.615 96.6 157.8 256.7 194.3 80
2021004665 0.612 198.1 203.9 260.1 241.1 3
2021004665 0.605 60.4 158.4 103.2 179.4 80
2021004665 0.596 200.3 192.6 245.5 227.7 80
2021004665 0.593 333.7 154.1 371.8 175.7 80
2021004665 0.580 203.7 208.5 256.3 241.8 80
2021004665 0.577 202.6 220.2 256.6 248.4 80
2021004665 0.575 333.2 156.3 374.4 178.5 80
2021004665 0.570 199.6 187.6 238.9 228.3 80
2021004665 0.550 495.2 168.5 500.2 230.6 80
2021004665 0.548 74.2 129.7 288.1 205.4 80
2021004665 0.541 215.5 163.1 276.4 189.2 80
2021004665 0.532 496.0 232.5 500.3 305.1 80
2021004665 0.516 340.1 160.4 362.2 176.8 80
2021004665 0.475 374.2 159.8 401.5 179.2 80
2021004665 0.449 1.2 134.8 5.1 183.4 80
2021004665 0.445 497.8 91.9 500.3 158.3 80
2021004665 0.439 102.1 140.6 316.8 207.7 80
2021004665 0.406 211.0 216.4 251.5 240.6 80
2021004665 0.300 95.7 136.0 255.4 186.0 80
2021004665 0.293 498.4 108.1 500.2 193.1 80
2021004665 0.274 0.9 142.3 3.1 233.7 80
2021004665 0.255 111.4 123.5 290.7 183.2 80
2021004665 0.249 498.3 132.8 500.3 301.4 80
2021004665 0.244 151.1 173.4 213.9 210.3 80
2021004665 0.237 1.1 85.9 6.3 200.3 80
2021004665 0.214 0.4 3.5 4.4 83.9 80
2021004665 0.212 0.3 197.4 4.2 335.8 80
2021004665 0.203 0.9 72.3 7.6 320.4 80
2021004665 0.200 175.0 365.6 348.6 376.6 80
2021004665 0.180 177.1 188.8 235.6 226.4 80
2021004665 0.180 342.2 364.3 462.5 376.9 80
2021004665 0.167 -4.6 329.7 29.9 381.6 80
2021004665 0.163 459.5 123.2 502.9 349.7 80
2021004665 0.161 -0.4 210.6 35.6 374.0 80
2021004665 0.158 470.3 302.8 509.6 367.1 80
2021004665 0.157 128.3 203.7 323.4 254.6 80
2021004665 0.152 108.7 224.4 171.0 244.4 80
2021004665 0.149 346.7 239.9 497.0 366.8 80
2021004665 0.146 67.7 324.0 199.2 374.9 80
2021004665 0.146 485.9 165.5 501.6 343.4 80
2021004665 0.143 169.6 358.1 312.6 375.4 80
2021004665 0.143 1.2 160.8 29.1 286.5 80
2021004665 0.142 52.8 361.1 151.7 377.4 80
2021004665 0.141 146.9 313.7 271.1 373.0 80
2021004665 0.140 352.0 115.6 507.3 335.1 80
2021004665 0.140 310.2 339.6 426.7 371.9 80
2021004665 0.138 215.5 163.1 276.4 189.2 3
2021004665 0.137 11.7 204.5 180.4 361.9 80
2021004665 0.136 125.3 226.9 382.7 353.5 80
2021004665 0.135 211.5 331.1 327.8 371.0 80
2021004665 0.135 82.3 208.0 213.8 246.2 80
2021004665 0.134 5.8 113.9 64.1 355.9 80
2021004665 0.134 268.7 355.8 376.9 376.0 80
2021004665 0.134 57.7 209.8 290.1 342.9 80
2021004665 0.133 197.2 205.8 432.0 345.4 80
2021004665 0.133 276.1 160.6 491.7 311.5 80
2021004665 0.133 18.8 342.8 98.4 372.5 80
2021004665 0.133 117.6 356.6 216.5 377.2 80
2021004665 0.132 234.4 196.6 473.9 337.6 80
2021004665 0.130 402.3 347.6 493.1 373.2 80
2021004665 0.130 198.1 203.9 260.1 241.1 80
2021004665 0.129 21.0 184.3 247.5 312.7 80
2021004665 0.126 121.1 143.8 376.1 234.2 80
2021004665 0.122 294.5 274.2 344.5 316.8 80
2021004665 0.121 290.2 228.1 368.3 279.2 80
2021004665 0.120 199.6 187.6 238.9 228.3 14
2021004665 0.117 409.9 204.5 482.7 292.0 80
2021004665 0.116 48.3 132.5 114.2 176.6 80
2021004665 0.115 23.5 187.1 175.9 283.2 80
2021004665 0.113 232.5 186.7 346.5 230.8 80
2021004665 0.113 80.9 234.8 266.5 300.3 80
2021004665 0.111 -53.9 37.1 123.3 88.7 80
2021004665 0.111 313.7 175.1 468.8 222.7 80
2021004665 0.110 277.1 59.0 519.9 118.2 80
2021004665 0.109 419.7 123.8 505.7 196.4 80
2021004665 0.108 24.4 74.6 248.1 136.1 80
2021004665 0.108 88.1 25.2 410.7 86.8 80
2021004665 0.107 89.1 23.8 498.1 94.1 80
2021004665 0.105 276.6 11.0 624.9 49.8 80
2021004665 0.104 -16.1 4.4 425.4 66.1 80
2021004665 0.103 333.2 156.3 374.4 178.5 3
2021004665 0.102 390.9 12.9 577.9 49.9 80
2021004665 0.100 73.0 -0.4 572.0 25.7 80
2021004665 0.095 -81.6 -3.1 143.6 23.0 80
2021004665 0.093 -185.4 1.0 313.0 24.4 80
2021004665 0.093 -92.7 -0.6 405.8 23.4 80
2021004665 0.093 -139.6 -0.9 358.1 23.1 80
2021004665 0.093 123.1 -1.3 622.1 24.1 80
2021004665 0.093 -39.4 -2.8 459.2 21.7 80
2021004665 0.092 155.6 -1.1 654.1 24.2 80
2021004665 0.682 97.4 112.9 280.5 191.3 3
2021004665 0.651 210.2 139.0 273.7 183.4 80
2021004665 0.642 274.2 156.4 321.4 175.9 80
2021004665 0.641 467.2 347.4 499.1 374.1 80
2021004665 0.634 326.3 156.5 367.1 174.0 80
2021004665 0.630 53.3 155.9 97.5 178.1 80
2021004665 0.619 195.9 192.2 267.3 229.4 80
2021004665 0.617 53.7 154.9 97.2 179.9 80
2021004665 0.617 201.2 165.0 278.4 190.3 80
2021004665 0.615 96.6 157.8 256.7 194.3 80
2021004665 0.612 198.1 203.9 260.1 241.1 3
2021004665 0.605 60.4 158.4 103.2 179.4 80
2021004665 0.596 200.3 192.6 245.5 227.7 80
2021004665 0.593 333.7 154.1 371.8 175.7 80
2021004665 0.580 203.7 208.5 256.3 241.8 80
2021004665 0.577 202.6 220.2 256.6 248.4 80
2021004665 0.575 333.2 156.3 374.4 178.5 80
2021004665 0.570 199.6 187.6 238.9 228.3 80
2021004665 0.550 495.2 168.5 500.2 230.6 80
2021004665 0.548 74.2 129.7 288.1 205.4 80
2021004665 0.541 215.5 163.1 276.4 189.2 80
2021004665 0.532 496.0 232.5 500.3 305.1 80
2021004665 0.516 340.1 160.4 362.2 176.8 80
2021004665 0.475 374.2 159.8 401.5 179.2 80
2021004665 0.449 1.2 134.8 5.1 183.4 80
2021004665 0.445 497.8 91.9 500.3 158.3 80
2021004665 0.439 102.1 140.6 316.8 207.7 80
2021004665 0.406 211.0 216.4 251.5 240.6 80
2021004665 0.300 95.7 136.0 255.4 186.0 80
2021004665 0.293 498.4 108.1 500.2 193.1 80
2021004665 0.274 0.9 142.3 3.1 233.7 80
2021004665 0.255 111.4 123.5 290.7 183.2 80
2021004665 0.249 498.3 132.8 500.3 301.4 80
2021004665 0.244 151.1 173.4 213.9 210.3 80
2021004665 0.237 1.1 85.9 6.3 200.3 80
2021004665 0.214 0.4 3.5 4.4 83.9 80
2021004665 0.212 0.3 197.4 4.2 335.8 80
2021004665 0.203 0.9 72.3 7.6 320.4 80
2021004665 0.200 175.0 365.6 348.6 376.6 80
2021004665 0.180 177.1 188.8 235.6 226.4 80
2021004665 0.180 342.2 364.3 462.5 376.9 80
2021004665 0.167 -4.6 329.7 29.9 381.6 80
2021004665 0.163 459.5 123.2 502.9 349.7 80
2021004665 0.161 -0.4 210.6 35.6 374.0 80
2021004665 0.158 470.3 302.8 509.6 367.1 80
2021004665 0.157 128.3 203.7 323.4 254.6 80
2021004665 0.152 108.7 224.4 171.0 244.4 80
2021004665 0.149 346.7 239.9 497.0 366.8 80
2021004665 0.146 67.7 324.0 199.2 374.9 80
2021004665 0.146 485.9 165.5 501.6 343.4 80
2021004665 0.143 169.6 358.1 312.6 375.4 80
2021004665 0.143 1.2 160.8 29.1 286.5 80
2021004665 0.142 52.8 361.1 151.7 377.4 80
2021004665 0.141 146.9 313.7 271.1 373.0 80
2021004665 0.140 352.0 115.6 507.3 335.1 80
2021004665 0.140 310.2 339.6 426.7 371.9 80
2021004665 0.138 215.5 163.1 276.4 189.2 3
2021004665 0.137 11.7 204.5 180.4 361.9 80
2021004665 0.136 125.3 226.9 382.7 353.5 80
2021004665 0.135 211.5 331.1 327.8 371.0 80
2021004665 0.135 82.3 208.0 213.8 246.2 80
2021004665 0.134 5.8 113.9 64.1 355.9 80
2021004665 0.134 268.7 355.8 376.9 376.0 80
2021004665 0.134 57.7 209.8 290.1 342.9 80
2021004665 0.133 197.2 205.8 432.0 345.4 80
2021004665 0.133 276.1 160.6 491.7 311.5 80
2021004665 0.133 18.8 342.8 98.4 372.5 80
2021004665 0.133 117.6 356.6 216.5 377.2 80
2021004665 0.132 234.4 196.6 473.9 337.6 80
2021004665 0.130 402.3 347.6 493.1 373.2 80
2021004665 0.130 198.1 203.9 260.1 241.1 80
2021004665 0.129 21.0 184.3 247.5 312.7 80
2021004665 0.126 121.1 143.8 376.1 234.2 80
2021004665 0.122 294.5 274.2 344.5 316.8 80
2021004665 0.121 290.2 228.1 368.3 279.2 80
2021004665 0.120 199.6 187.6 238.9 228.3 14
2021004665 0.117 409.9 204.5 482.7 292.0 80
2021004665 0.116 48.3 132.5 114.2 176.6 80
2021004665 0.115 23.5 187.1 175.9 283.2 80
2021004665 0.113 232.5 186.7 346.5 230.8 80
2021004665 0.113 80.9 234.8 266.5 300.3 80
2021004665 0.111 -53.9 37.1 123.3 88.7 80
2021004665 0.111 313.7 175.1 468.8 222.7 80
2021004665 0.110 277.1 59.0 519.9 118.2 80
2021004665 0.109 419.7 123.8 505.7 196.4 80
2021004665 0.108 24.4 74.6 248.1 136.1 80
2021004665 0.108 88.1 25.2 410.7 86.8 80
2021004665 0.107 89.1 23.8 498.1 94.1 80
2021004665 0.105 276.6 11.0 624.9 49.8 80
2021004665 0.104 -16.1 4.4 425.4 66.1 80
2021004665 0.103 333.2 156.3 374.4 178.5 3
2021004665 0.102 390.9 12.9 577.9 49.9 80
2021004665 0.100 73.0 -0.4 572.0 25.7 80
2021004665 0.095 -81.6 -3.1 143.6 23.0 80
2021004665 0.093 -185.4 1.0 313.0 24.4 80
2021004665 0.093 -92.7 -0.6 405.8 23.4 80
2021004665 0.093 -139.6 -0.9 358.1 23.1 80
2021004665 0.093 123.1 -1.3 622.1 24.1 80
2021004665 0.093 -39.4 -2.8 459.2 21.7 80
2021004665 0.092 155.6 -1.1 654.1 24.2 80
2021004665 0.000 242.0 73.2 372.7 227.7 80
2021004665 0.000 0.9 43.1 103.5 247.8 80
2021004665 0.000 143.7 135.9 210.3 202.4 80
2021004665 0.000 211.4 111.8 275.3 178.0 80
2021004665 0.000 371.0 109.2 486.3 268.7 80
2021004665 0.000 255.8 137.9 317.1 204.5 80
2021004665 0.000 156.6 31.4 304.0 211.6 80
2021004665 0.000 45.5 217.8 107.4 288.9 80
2021004665 0.000 136.3 82.3 207.6 151.5 80
2021004665 0.000 81.5 117.6 146.9 186.5 80
2021004665 0.000 197.9 51.8 272.4 119.8 80
2021004665 0.000 453.6 128.4 499.6 211.2 80
2021004665 0.000 387.8 97.3 461.7 164.2 80
2021004665 0.000 348.6 145.3 411.0 211.1 80
2021004665 0.000 136.9 218.3 201.8 292.7 80
2021004665 0.000 19.5 26.1 206.5 194.8 80
2021004665 0.000 1.5 201.3 48.0 285.0 80
2021004665 0.000 297.9 170.7 359.9 236.2 80
2021004665 0.000 453.4 192.9 499.6 275.6 80
2021004665 0.000 356.3 197.7 415.7 265.7 80
2021004665 0.000 313.5 100.9 376.2 167.7 80
2021004665 0.000 323.9 8.3 496.6 191.8 80
2021004665 0.000 287.5 132.8 485.8 257.7 80
2021004665 0.000 205.6 160.1 267.3 225.4 80
2021004665 0.000 0.9 125.8 102.1 357.9 80
2021004665 0.000 33.3 127.4 166.8 276.8 80
2021004665 0.000 1.0 151.5 47.1 234.6 80
2021004665 0.000 89.9 187.8 149.8 253.9 80
2021004665 0.000 449.0 54.1 499.7 153.4 80
2021004665 0.000 117.9 161.9 233.2 316.5 80
2021004665 0.000 218.0 251.8 286.7 331.9 80
2021004665 0.000 149.3 172.2 210.8 237.6 80
2021004665 0.000 410.1 176.6 474.8 242.3 80
2021004665 0.000 27.0 155.1 94.9 220.9 80
2021004665 0.000 323.9 218.2 384.1 295.1 80
2021004665 0.000 202.7 116.7 319.1 275.9 80
2021004665 0.000 177.6 56.6 471.2 267.4 80
2021004665 0.000 252.3 124.0 366.8 347.9 80
2021004665 0.000 0.5 90.4 51.3 173.8 80
2021004665 0.000 0.7 22.0 51.8 106.0 80
2021004665 0.000 46.4 108.1 284.6 258.9 80
2021004665 0.000 101.1 50.5 245.1 317.1 80
2021004665 0.000 255.5 3.7 329.5 73.3 80
2021004665 0.000 322.9 47.5 406.2 116.3 80
2021004665 0.000 43.3 21.4 383.8 258.4 80
2021004665 0.000 0.6 249.6 58.3 369.8 80
2021004665 0.000 178.6 220.3 238.0 300.5 80
2021004665 0.000 442.7 245.1 499.6 368.5 80
2021004665 0.000 398.6 113.5 499.6 355.5 80
2021004665 0.000 10.6 10.6 491.5 199.6 80
2021004665 0.000 258.6 42.4 428.2 311.1 80
2021004665 0.000 90.0 16.9 408.1 364.6 80
2021004665 0.000 256.1 169.2 365.6 301.9 80
2021004665 0.000 -2.4 5.4 286.1 371.6 80
2021004665 0.000 8.1 89.0 229.6 370.1 80
2021004665 0.000 0.7 22.9 146.6 363.6 80
2021004665 0.000 213.1 6.1 497.0 372.7 80
2021004665 0.000 131.2 78.4 368.1 365.5 80
2021004665 0.000 156.2 201.7 351.1 369.4 80
2021004665 0.000 170.3 106.4 310.3 353.3 80
2021004665 0.000 153.4 21.0 355.4 360.9 80
2021004665 0.000 357.6 18.1 500.9 361.1 80
2021004665 0.000 68.8 68.1 447.4 321.4 80
2021004665 0.000 177.0 8.2 417.9 127.1 80
2021004665 0.000 43.6 254.9 289.5 373.6 80
2021004665 0.000 2.3 68.4 366.1 369.3 80
2021004665 0.000 5.1 279.1 130.5 374.3 80
2021004665 0.000 12.0 183.0 185.2 365.8 80
2021004665 0.000 305.3 180.1 482.3 365.0 80
2021004665 0.000 220.0 199.0 278.3 264.7 80
2021004665 0.000 24.3 146.3 338.1 364.6 80
2021004665 0.000 2.5 1.3 412.8 373.0 80
2021004665 0.000 150.8 131.3 355.6 228.6 80
2021004665 0.000 274.3 86.1 490.6 373.1 80
2021004665 0.000 3.0 228.5 496.0 374.4 80
2021004665 0.000 220.7 257.3 474.7 373.5 80
2021004665 0.000 84.5 1.1 496.2 372.9 80
2021004665 0.000 158.6 67.8 495.0 371.2 80
2021004665 0.000 157.9 150.5 463.3 364.9 80
2021004665 0.000 362.6 245.1 494.3 368.9 80
2021004665 0.000 44.4 60.6 117.3 136.8 80
2021004665 0.000 129.9 101.9 365.9 294.0 80
2021004665 0.000 22.3 43.4 477.5 366.6 80
2021004665 0.000 60.2 142.4 409.5 272.0 80
2021004665 0.000 0.4 100.8 499.0 366.5 80
2021004665 0.000 244.0 202.0 298.7 273.9 80
2021004665 0.000 12.6 94.7 489.8 271.8 80
2021004665 0.000 0.8 0.3 499.7 373.9 80
2021004665 0.000 1.3 18.3 498.9 309.8 80
2021004665 0.000 286.3 250.3 340.8 319.0 80
2021004665 0.000 424.2 6.2 498.9 85.7 80
2021004665 0.000 12.6 94.7 489.8 271.8 0
2021004665 0.000 0.8 0.3 499.7 373.9 7
2021004665 0.000 8.1 89.0 229.6 370.1 14
2021004665 0.000 258.6 42.4 428.2 311.1 14
2021004665 0.000 101.1 50.5 245.1 317.1 14
2021004665 0.000 170.3 106.4 310.3 353.3 14
2021004665 0.000 274.3 86.1 490.6 373.1 14
2021004665 0.000 153.4 21.0 355.4 360.9 14
2021004665 0.000 213.1 6.1 497.0 372.7 14
