2021000000352900 0.715 552.1 -0.2 641.2 137.3 80
2021000000352900 0.687 555.4 -0.7 639.8 231.7 80
2021000000352900 0.679 4.2 -3.9 203.3 139.2 80
2021000000352900 0.669 595.9 389.5 639.6 428.1 80
2021000000352900 0.669 8.5 -0.2 127.1 49.4 80
2021000000352900 0.664 110.4 0.3 204.3 54.1 80
2021000000352900 0.657 393.2 -1.7 609.3 46.9 80
2021000000352900 0.644 2.3 19.3 24.4 117.2 80
2021000000352900 0.639 24.1 0.9 211.6 100.1 80
2021000000352900 0.624 3.4 11.8 188.0 265.3 80
2021000000352900 0.623 557.5 -4.5 638.8 305.9 80
2021000000352900 0.609 -3.9 -0.2 203.4 65.0 80
2021000000352900 0.608 312.8 0.6 566.3 51.9 80
2021000000352900 0.607 0.1 -0.0 209.5 75.5 80
2021000000352900 0.606 1.1 29.7 17.4 204.4 80
2021000000352900 0.600 238.5 2.0 543.2 47.0 80
2021000000352900 0.596 2.3 16.6 47.7 172.9 80
2021000000352900 0.593 3.6 367.1 42.7 428.0 80
2021000000352900 0.579 -0.1 3.5 638.9 427.9 80
2021000000352900 0.568 633.9 35.2 640.1 221.6 80
2021000000352900 0.544 47.2 1.6 425.7 48.9 80
2021000000352900 0.532 191.0 0.2 348.5 17.0 80
2021000000352900 0.522 226.8 1.4 533.7 44.9 80
2021000000352900 0.510 173.1 1.7 505.5 37.7 80
2021000000352900 0.503 635.5 90.7 640.1 314.3 80
2021000000352900 0.485 124.5 4.3 582.9 41.8 80
2021000000352900 0.474 1.4 283.4 10.8 418.3 80
2021000000352900 0.473 636.8 234.2 640.1 382.7 80
2021000000352900 0.470 615.0 0.2 643.7 422.9 80
2021000000352900 0.461 129.5 3.0 477.7 35.9 80
2021000000352900 0.455 563.1 -0.0 654.9 422.7 80
2021000000352900 0.402 0.6 6.7 639.5 425.7 10
2021000000352900 0.302 -7.1 6.2 51.9 428.9 80
2021000000352900 0.279 122.0 416.9 548.1 428.0 80
2021000000352900 0.255 0.2 40.9 5.0 345.2 80
2021000000352900 0.243 472.3 -4.0 735.5 19.0 80
2021000000352900 0.218 -1.8 24.5 19.4 406.8 80
2021000000352900 0.205 485.1 26.5 627.9 443.6 80
2021000000352900 0.202 -7.0 23.1 26.1 339.1 80
2021000000352900 0.196 579.1 41.1 640.4 427.3 80
2021000000352900 0.173 607.5 345.8 651.6 419.6 80
2021000000352900 0.166 -1.0 211.6 42.1 429.4 80
2021000000352900 0.162 155.0 412.4 488.2 426.5 80
2021000000352900 0.159 12.9 77.5 623.2 310.1 80
2021000000352900 0.155 0.7 62.7 124.5 422.2 80
2021000000352900 0.154 0.6 6.7 639.5 425.7 8
2021000000352900 0.153 432.7 412.7 592.0 429.9 80
2021000000352900 0.149 422.9 237.5 635.3 419.3 80
2021000000352900 0.147 -2.7 87.0 183.0 391.1 80
2021000000352900 0.144 45.5 145.0 591.7 362.5 80
2021000000352900 0.143 33.6 85.0 274.3 359.7 80
2021000000352900 0.141 0.6 6.7 639.5 425.7 80
2021000000352900 0.140 83.2 385.7 266.3 424.0 80
2021000000352900 0.140 117.2 265.0 532.7 403.8 80
2021000000352900 0.138 383.0 385.2 540.5 422.3 80
2021000000352900 0.138 3.5 231.4 252.5 415.7 80
2021000000352900 0.137 49.3 248.4 409.2 401.6 80
2021000000352900 0.137 553.6 5.7 679.0 191.8 80
2021000000352900 0.137 226.1 235.9 574.7 391.5 80
2021000000352900 0.136 344.6 142.8 632.3 367.3 80
2021000000352900 0.135 61.6 411.0 203.2 429.5 80
2021000000352900 0.134 289.9 215.8 612.8 384.3 80
2021000000352900 0.132 124.0 222.3 522.3 380.6 80
2021000000352900 0.131 257.3 389.8 440.3 420.9 80
2021000000352900 0.131 240.3 126.8 568.3 348.7 80
2021000000352900 0.131 243.0 136.9 604.5 350.8 80
2021000000352900 0.131 15.7 105.4 250.5 374.0 80
2021000000352900 0.130 147.4 152.3 572.9 351.7 80
2021000000352900 0.130 56.8 204.6 466.7 368.8 80
2021000000352900 0.129 184.3 388.4 354.4 419.9 80
2021000000352900 0.129 511.4 397.4 634.7 424.5 80
2021000000352900 0.128 22.8 388.7 122.9 424.1 80
2021000000352900 0.128 11.7 186.0 340.9 369.2 80
2021000000352900 0.128 29.2 115.1 474.4 349.3 80
2021000000352900 0.127 75.6 153.3 520.0 345.5 80
2021000000352900 0.126 149.9 407.7 290.5 428.5 80
2021000000352900 0.126 24.4 147.9 391.0 352.5 80
2021000000352900 0.125 220.3 272.3 324.1 335.2 80
2021000000352900 0.125 30.1 104.7 451.4 321.7 80
2021000000352900 0.123 156.5 268.8 266.5 346.1 80
2021000000352900 0.122 331.9 403.8 491.9 427.5 80
2021000000352900 0.121 99.0 260.7 203.9 336.3 80
2021000000352900 0.116 130.2 175.2 474.7 279.3 80
2021000000352900 0.116 -101.9 77.8 351.2 242.6 80
2021000000352900 0.115 309.0 250.4 478.5 332.9 80
2021000000352900 0.115 156.0 178.6 541.0 289.7 80
2021000000352900 0.115 309.3 213.6 601.9 341.1 80
2021000000352900 0.114 115.2 142.8 530.7 323.2 80
2021000000352900 0.114 -13.3 144.1 384.1 279.0 80
2021000000352900 0.112 20.1 145.7 469.4 267.2 80
2021000000352900 0.111 190.1 139.3 664.7 257.8 80
2021000000352900 0.110 315.6 178.6 689.6 309.0 80
2021000000352900 0.107 45.1 35.0 651.5 124.8 80
2021000000352900 0.107 362.8 121.5 770.6 284.0 80
2021000000352900 0.106 95.7 56.2 696.2 163.5 80
2021000000352900 0.105 4.2 -3.9 203.3 139.2 8
2021000000352900 0.105 -27.6 25.3 600.3 107.4 80
2021000000352900 0.105 0.6 6.7 639.5 425.7 1
2021000000352900 0.105 193.1 64.6 766.8 175.4 80
2021000000352900 0.105 -3.9 -0.2 203.4 65.0 8
2021000000352900 0.715 552.1 -0.2 641.2 137.3 80
2021000000352900 0.687 555.4 -0.7 639.8 231.7 80
2021000000352900 0.679 4.2 -3.9 203.3 139.2 80
2021000000352900 0.669 595.9 389.5 639.6 428.1 80
2021000000352900 0.669 8.5 -0.2 127.1 49.4 80
2021000000352900 0.664 110.4 0.3 204.3 54.1 80
2021000000352900 0.657 393.2 -1.7 609.3 46.9 80
2021000000352900 0.644 2.3 19.3 24.4 117.2 80
2021000000352900 0.639 24.1 0.9 211.6 100.1 80
2021000000352900 0.624 3.4 11.8 188.0 265.3 80
2021000000352900 0.623 557.5 -4.5 638.8 305.9 80
2021000000352900 0.609 -3.9 -0.2 203.4 65.0 80
2021000000352900 0.608 312.8 0.6 566.3 51.9 80
2021000000352900 0.607 0.1 -0.0 209.5 75.5 80
2021000000352900 0.606 1.1 29.7 17.4 204.4 80
2021000000352900 0.600 238.5 2.0 543.2 47.0 80
2021000000352900 0.596 2.3 16.6 47.7 172.9 80
2021000000352900 0.593 3.6 367.1 42.7 428.0 80
2021000000352900 0.579 -0.1 3.5 638.9 427.9 80
2021000000352900 0.568 633.9 35.2 640.1 221.6 80
2021000000352900 0.544 47.2 1.6 425.7 48.9 80
2021000000352900 0.532 191.0 0.2 348.5 17.0 80
2021000000352900 0.522 226.8 1.4 533.7 44.9 80
2021000000352900 0.510 173.1 1.7 505.5 37.7 80
2021000000352900 0.503 635.5 90.7 640.1 314.3 80
2021000000352900 0.485 124.5 4.3 582.9 41.8 80
2021000000352900 0.474 1.4 283.4 10.8 418.3 80
2021000000352900 0.473 636.8 234.2 640.1 382.7 80
2021000000352900 0.470 615.0 0.2 643.7 422.9 80
2021000000352900 0.461 129.5 3.0 477.7 35.9 80
2021000000352900 0.455 563.1 -0.0 654.9 422.7 80
2021000000352900 0.402 0.6 6.7 639.5 425.7 10
2021000000352900 0.302 -7.1 6.2 51.9 428.9 80
2021000000352900 0.279 122.0 416.9 548.1 428.0 80
2021000000352900 0.255 0.2 40.9 5.0 345.2 80
2021000000352900 0.243 472.3 -4.0 735.5 19.0 80
2021000000352900 0.218 -1.8 24.5 19.4 406.8 80
2021000000352900 0.205 485.1 26.5 627.9 443.6 80
2021000000352900 0.202 -7.0 23.1 26.1 339.1 80
2021000000352900 0.196 579.1 41.1 640.4 427.3 80
2021000000352900 0.173 607.5 345.8 651.6 419.6 80
2021000000352900 0.166 -1.0 211.6 42.1 429.4 80
2021000000352900 0.162 155.0 412.4 488.2 426.5 80
2021000000352900 0.159 12.9 77.5 623.2 310.1 80
2021000000352900 0.155 0.7 62.7 124.5 422.2 80
2021000000352900 0.154 0.6 6.7 639.5 425.7 8
2021000000352900 0.153 432.7 412.7 592.0 429.9 80
2021000000352900 0.149 422.9 237.5 635.3 419.3 80
2021000000352900 0.147 -2.7 87.0 183.0 391.1 80
2021000000352900 0.144 45.5 145.0 591.7 362.5 80
2021000000352900 0.143 33.6 85.0 274.3 359.7 80
2021000000352900 0.141 0.6 6.7 639.5 425.7 80
2021000000352900 0.140 83.2 385.7 266.3 424.0 80
2021000000352900 0.140 117.2 265.0 532.7 403.8 80
2021000000352900 0.138 383.0 385.2 540.5 422.3 80
2021000000352900 0.138 3.5 231.4 252.5 415.7 80
2021000000352900 0.137 49.3 248.4 409.2 401.6 80
2021000000352900 0.137 553.6 5.7 679.0 191.8 80
2021000000352900 0.137 226.1 235.9 574.7 391.5 80
2021000000352900 0.136 344.6 142.8 632.3 367.3 80
2021000000352900 0.135 61.6 411.0 203.2 429.5 80
2021000000352900 0.134 289.9 215.8 612.8 384.3 80
2021000000352900 0.132 124.0 222.3 522.3 380.6 80
2021000000352900 0.131 257.3 389.8 440.3 420.9 80
2021000000352900 0.131 240.3 126.8 568.3 348.7 80
2021000000352900 0.131 243.0 136.9 604.5 350.8 80
2021000000352900 0.131 15.7 105.4 250.5 374.0 80
2021000000352900 0.130 147.4 152.3 572.9 351.7 80
2021000000352900 0.130 56.8 204.6 466.7 368.8 80
2021000000352900 0.129 184.3 388.4 354.4 419.9 80
2021000000352900 0.129 511.4 397.4 634.7 424.5 80
2021000000352900 0.128 22.8 388.7 122.9 424.1 80
2021000000352900 0.128 11.7 186.0 340.9 369.2 80
2021000000352900 0.128 29.2 115.1 474.4 349.3 80
2021000000352900 0.127 75.6 153.3 520.0 345.5 80
2021000000352900 0.126 149.9 407.7 290.5 428.5 80
2021000000352900 0.126 24.4 147.9 391.0 352.5 80
2021000000352900 0.125 220.3 272.3 324.1 335.2 80
2021000000352900 0.125 30.1 104.7 451.4 321.7 80
2021000000352900 0.123 156.5 268.8 266.5 346.1 80
2021000000352900 0.122 331.9 403.8 491.9 427.5 80
2021000000352900 0.121 99.0 260.7 203.9 336.3 80
2021000000352900 0.116 130.2 175.2 474.7 279.3 80
2021000000352900 0.116 -101.9 77.8 351.2 242.6 80
2021000000352900 0.115 309.0 250.4 478.5 332.9 80
2021000000352900 0.115 156.0 178.6 541.0 289.7 80
2021000000352900 0.115 309.3 213.6 601.9 341.1 80
2021000000352900 0.114 115.2 142.8 530.7 323.2 80
2021000000352900 0.114 -13.3 144.1 384.1 279.0 80
2021000000352900 0.112 20.1 145.7 469.4 267.2 80
2021000000352900 0.111 190.1 139.3 664.7 257.8 80
2021000000352900 0.110 315.6 178.6 689.6 309.0 80
2021000000352900 0.107 45.1 35.0 651.5 124.8 80
2021000000352900 0.107 362.8 121.5 770.6 284.0 80
2021000000352900 0.106 95.7 56.2 696.2 163.5 80
2021000000352900 0.105 4.2 -3.9 203.3 139.2 8
2021000000352900 0.105 -27.6 25.3 600.3 107.4 80
2021000000352900 0.105 0.6 6.7 639.5 425.7 1
2021000000352900 0.105 193.1 64.6 766.8 175.4 80
2021000000352900 0.105 -3.9 -0.2 203.4 65.0 8
2021000000352900 0.715 552.1 -0.2 641.2 137.3 80
2021000000352900 0.687 555.4 -0.7 639.8 231.7 80
2021000000352900 0.679 4.2 -3.9 203.3 139.2 80
2021000000352900 0.669 595.9 389.5 639.6 428.1 80
2021000000352900 0.669 8.5 -0.2 127.1 49.4 80
2021000000352900 0.664 110.4 0.3 204.3 54.1 80
2021000000352900 0.657 393.2 -1.7 609.3 46.9 80
2021000000352900 0.644 2.3 19.3 24.4 117.2 80
2021000000352900 0.639 24.1 0.9 211.6 100.1 80
2021000000352900 0.624 3.4 11.8 188.0 265.3 80
2021000000352900 0.623 557.5 -4.5 638.8 305.9 80
2021000000352900 0.609 -3.9 -0.2 203.4 65.0 80
2021000000352900 0.608 312.8 0.6 566.3 51.9 80
2021000000352900 0.607 0.1 -0.0 209.5 75.5 80
2021000000352900 0.606 1.1 29.7 17.4 204.4 80
2021000000352900 0.600 238.5 2.0 543.2 47.0 80
2021000000352900 0.596 2.3 16.6 47.7 172.9 80
2021000000352900 0.593 3.6 367.1 42.7 428.0 80
2021000000352900 0.579 -0.1 3.5 638.9 427.9 80
2021000000352900 0.568 633.9 35.2 640.1 221.6 80
2021000000352900 0.544 47.2 1.6 425.7 48.9 80
2021000000352900 0.532 191.0 0.2 348.5 17.0 80
2021000000352900 0.522 226.8 1.4 533.7 44.9 80
2021000000352900 0.510 173.1 1.7 505.5 37.7 80
2021000000352900 0.503 635.5 90.7 640.1 314.3 80
2021000000352900 0.485 124.5 4.3 582.9 41.8 80
2021000000352900 0.474 1.4 283.4 10.8 418.3 80
2021000000352900 0.473 636.8 234.2 640.1 382.7 80
2021000000352900 0.470 615.0 0.2 643.7 422.9 80
2021000000352900 0.461 129.5 3.0 477.7 35.9 80
2021000000352900 0.455 563.1 -0.0 654.9 422.7 80
2021000000352900 0.402 0.6 6.7 639.5 425.7 10
2021000000352900 0.302 -7.1 6.2 51.9 428.9 80
2021000000352900 0.279 122.0 416.9 548.1 428.0 80
2021000000352900 0.255 0.2 40.9 5.0 345.2 80
2021000000352900 0.243 472.3 -4.0 735.5 19.0 80
2021000000352900 0.218 -1.8 24.5 19.4 406.8 80
2021000000352900 0.205 485.1 26.5 627.9 443.6 80
2021000000352900 0.202 -7.0 23.1 26.1 339.1 80
2021000000352900 0.196 579.1 41.1 640.4 427.3 80
2021000000352900 0.173 607.5 345.8 651.6 419.6 80
2021000000352900 0.166 -1.0 211.6 42.1 429.4 80
2021000000352900 0.162 155.0 412.4 488.2 426.5 80
2021000000352900 0.159 12.9 77.5 623.2 310.1 80
2021000000352900 0.155 0.7 62.7 124.5 422.2 80
2021000000352900 0.154 0.6 6.7 639.5 425.7 8
2021000000352900 0.153 432.7 412.7 592.0 429.9 80
2021000000352900 0.149 422.9 237.5 635.3 419.3 80
2021000000352900 0.147 -2.7 87.0 183.0 391.1 80
2021000000352900 0.144 45.5 145.0 591.7 362.5 80
2021000000352900 0.143 33.6 85.0 274.3 359.7 80
2021000000352900 0.141 0.6 6.7 639.5 425.7 80
2021000000352900 0.140 83.2 385.7 266.3 424.0 80
2021000000352900 0.140 117.2 265.0 532.7 403.8 80
2021000000352900 0.138 383.0 385.2 540.5 422.3 80
2021000000352900 0.138 3.5 231.4 252.5 415.7 80
2021000000352900 0.137 49.3 248.4 409.2 401.6 80
2021000000352900 0.137 553.6 5.7 679.0 191.8 80
2021000000352900 0.137 226.1 235.9 574.7 391.5 80
2021000000352900 0.136 344.6 142.8 632.3 367.3 80
2021000000352900 0.135 61.6 411.0 203.2 429.5 80
2021000000352900 0.134 289.9 215.8 612.8 384.3 80
2021000000352900 0.132 124.0 222.3 522.3 380.6 80
2021000000352900 0.131 257.3 389.8 440.3 420.9 80
2021000000352900 0.131 240.3 126.8 568.3 348.7 80
2021000000352900 0.131 243.0 136.9 604.5 350.8 80
2021000000352900 0.131 15.7 105.4 250.5 374.0 80
2021000000352900 0.130 147.4 152.3 572.9 351.7 80
2021000000352900 0.130 56.8 204.6 466.7 368.8 80
2021000000352900 0.129 184.3 388.4 354.4 419.9 80
2021000000352900 0.129 511.4 397.4 634.7 424.5 80
2021000000352900 0.128 22.8 388.7 122.9 424.1 80
2021000000352900 0.128 11.7 186.0 340.9 369.2 80
2021000000352900 0.128 29.2 115.1 474.4 349.3 80
2021000000352900 0.127 75.6 153.3 520.0 345.5 80
2021000000352900 0.126 149.9 407.7 290.5 428.5 80
2021000000352900 0.126 24.4 147.9 391.0 352.5 80
2021000000352900 0.125 220.3 272.3 324.1 335.2 80
2021000000352900 0.125 30.1 104.7 451.4 321.7 80
2021000000352900 0.123 156.5 268.8 266.5 346.1 80
2021000000352900 0.122 331.9 403.8 491.9 427.5 80
2021000000352900 0.121 99.0 260.7 203.9 336.3 80
2021000000352900 0.116 130.2 175.2 474.7 279.3 80
2021000000352900 0.116 -101.9 77.8 351.2 242.6 80
2021000000352900 0.115 309.0 250.4 478.5 332.9 80
2021000000352900 0.115 156.0 178.6 541.0 289.7 80
2021000000352900 0.115 309.3 213.6 601.9 341.1 80
2021000000352900 0.114 115.2 142.8 530.7 323.2 80
2021000000352900 0.114 -13.3 144.1 384.1 279.0 80
2021000000352900 0.112 20.1 145.7 469.4 267.2 80
2021000000352900 0.111 190.1 139.3 664.7 257.8 80
2021000000352900 0.110 315.6 178.6 689.6 309.0 80
2021000000352900 0.107 45.1 35.0 651.5 124.8 80
2021000000352900 0.107 362.8 121.5 770.6 284.0 80
2021000000352900 0.106 95.7 56.2 696.2 163.5 80
2021000000352900 0.105 4.2 -3.9 203.3 139.2 8
2021000000352900 0.105 -27.6 25.3 600.3 107.4 80
2021000000352900 0.105 0.6 6.7 639.5 425.7 1
2021000000352900 0.105 193.1 64.6 766.8 175.4 80
2021000000352900 0.105 -3.9 -0.2 203.4 65.0 8
2021000000352900 0.715 552.1 -0.2 641.2 137.3 80
2021000000352900 0.687 555.4 -0.7 639.8 231.7 80
2021000000352900 0.679 4.2 -3.9 203.3 139.2 80
2021000000352900 0.669 595.9 389.5 639.6 428.1 80
2021000000352900 0.669 8.5 -0.2 127.1 49.4 80
2021000000352900 0.664 110.4 0.3 204.3 54.1 80
2021000000352900 0.657 393.2 -1.7 609.3 46.9 80
2021000000352900 0.644 2.3 19.3 24.4 117.2 80
2021000000352900 0.639 24.1 0.9 211.6 100.1 80
2021000000352900 0.624 3.4 11.8 188.0 265.3 80
2021000000352900 0.623 557.5 -4.5 638.8 305.9 80
2021000000352900 0.609 -3.9 -0.2 203.4 65.0 80
2021000000352900 0.608 312.8 0.6 566.3 51.9 80
2021000000352900 0.607 0.1 -0.0 209.5 75.5 80
2021000000352900 0.606 1.1 29.7 17.4 204.4 80
2021000000352900 0.600 238.5 2.0 543.2 47.0 80
2021000000352900 0.596 2.3 16.6 47.7 172.9 80
2021000000352900 0.593 3.6 367.1 42.7 428.0 80
2021000000352900 0.579 -0.1 3.5 638.9 427.9 80
2021000000352900 0.568 633.9 35.2 640.1 221.6 80
2021000000352900 0.544 47.2 1.6 425.7 48.9 80
2021000000352900 0.532 191.0 0.2 348.5 17.0 80
2021000000352900 0.522 226.8 1.4 533.7 44.9 80
2021000000352900 0.510 173.1 1.7 505.5 37.7 80
2021000000352900 0.503 635.5 90.7 640.1 314.3 80
2021000000352900 0.485 124.5 4.3 582.9 41.8 80
2021000000352900 0.474 1.4 283.4 10.8 418.3 80
2021000000352900 0.473 636.8 234.2 640.1 382.7 80
2021000000352900 0.470 615.0 0.2 643.7 422.9 80
2021000000352900 0.461 129.5 3.0 477.7 35.9 80
2021000000352900 0.455 563.1 -0.0 654.9 422.7 80
2021000000352900 0.402 0.6 6.7 639.5 425.7 10
2021000000352900 0.302 -7.1 6.2 51.9 428.9 80
2021000000352900 0.279 122.0 416.9 548.1 428.0 80
2021000000352900 0.255 0.2 40.9 5.0 345.2 80
2021000000352900 0.243 472.3 -4.0 735.5 19.0 80
2021000000352900 0.218 -1.8 24.5 19.4 406.8 80
2021000000352900 0.205 485.1 26.5 627.9 443.6 80
2021000000352900 0.202 -7.0 23.1 26.1 339.1 80
2021000000352900 0.196 579.1 41.1 640.4 427.3 80
2021000000352900 0.173 607.5 345.8 651.6 419.6 80
2021000000352900 0.166 -1.0 211.6 42.1 429.4 80
2021000000352900 0.162 155.0 412.4 488.2 426.5 80
2021000000352900 0.159 12.9 77.5 623.2 310.1 80
2021000000352900 0.155 0.7 62.7 124.5 422.2 80
2021000000352900 0.154 0.6 6.7 639.5 425.7 8
2021000000352900 0.153 432.7 412.7 592.0 429.9 80
2021000000352900 0.149 422.9 237.5 635.3 419.3 80
2021000000352900 0.147 -2.7 87.0 183.0 391.1 80
2021000000352900 0.144 45.5 145.0 591.7 362.5 80
2021000000352900 0.143 33.6 85.0 274.3 359.7 80
2021000000352900 0.141 0.6 6.7 639.5 425.7 80
2021000000352900 0.140 83.2 385.7 266.3 424.0 80
2021000000352900 0.140 117.2 265.0 532.7 403.8 80
2021000000352900 0.138 383.0 385.2 540.5 422.3 80
2021000000352900 0.138 3.5 231.4 252.5 415.7 80
2021000000352900 0.137 49.3 248.4 409.2 401.6 80
2021000000352900 0.137 553.6 5.7 679.0 191.8 80
2021000000352900 0.137 226.1 235.9 574.7 391.5 80
2021000000352900 0.136 344.6 142.8 632.3 367.3 80
2021000000352900 0.135 61.6 411.0 203.2 429.5 80
2021000000352900 0.134 289.9 215.8 612.8 384.3 80
2021000000352900 0.132 124.0 222.3 522.3 380.6 80
2021000000352900 0.131 257.3 389.8 440.3 420.9 80
2021000000352900 0.131 240.3 126.8 568.3 348.7 80
2021000000352900 0.131 243.0 136.9 604.5 350.8 80
2021000000352900 0.131 15.7 105.4 250.5 374.0 80
2021000000352900 0.130 147.4 152.3 572.9 351.7 80
2021000000352900 0.130 56.8 204.6 466.7 368.8 80
2021000000352900 0.129 184.3 388.4 354.4 419.9 80
2021000000352900 0.129 511.4 397.4 634.7 424.5 80
2021000000352900 0.128 22.8 388.7 122.9 424.1 80
2021000000352900 0.128 11.7 186.0 340.9 369.2 80
2021000000352900 0.128 29.2 115.1 474.4 349.3 80
2021000000352900 0.127 75.6 153.3 520.0 345.5 80
2021000000352900 0.126 149.9 407.7 290.5 428.5 80
2021000000352900 0.126 24.4 147.9 391.0 352.5 80
2021000000352900 0.125 220.3 272.3 324.1 335.2 80
2021000000352900 0.125 30.1 104.7 451.4 321.7 80
2021000000352900 0.123 156.5 268.8 266.5 346.1 80
2021000000352900 0.122 331.9 403.8 491.9 427.5 80
2021000000352900 0.121 99.0 260.7 203.9 336.3 80
2021000000352900 0.116 130.2 175.2 474.7 279.3 80
2021000000352900 0.116 -101.9 77.8 351.2 242.6 80
2021000000352900 0.115 309.0 250.4 478.5 332.9 80
2021000000352900 0.115 156.0 178.6 541.0 289.7 80
2021000000352900 0.115 309.3 213.6 601.9 341.1 80
2021000000352900 0.114 115.2 142.8 530.7 323.2 80
2021000000352900 0.114 -13.3 144.1 384.1 279.0 80
2021000000352900 0.112 20.1 145.7 469.4 267.2 80
2021000000352900 0.111 190.1 139.3 664.7 257.8 80
2021000000352900 0.110 315.6 178.6 689.6 309.0 80
2021000000352900 0.107 45.1 35.0 651.5 124.8 80
2021000000352900 0.107 362.8 121.5 770.6 284.0 80
2021000000352900 0.106 95.7 56.2 696.2 163.5 80
2021000000352900 0.105 4.2 -3.9 203.3 139.2 8
2021000000352900 0.105 -27.6 25.3 600.3 107.4 80
2021000000352900 0.105 0.6 6.7 639.5 425.7 1
2021000000352900 0.105 193.1 64.6 766.8 175.4 80
2021000000352900 0.105 -3.9 -0.2 203.4 65.0 8
2021000000352900 0.000 0.7 50.5 132.8 282.0 80
2021000000352900 0.000 313.4 82.5 473.9 260.4 80
2021000000352900 0.000 259.6 56.6 340.6 136.8 80
2021000000352900 0.000 328.1 158.3 405.0 234.5 80
2021000000352900 0.000 476.8 124.5 620.6 306.1 80
2021000000352900 0.000 58.5 248.0 136.7 329.4 80
2021000000352900 0.000 107.0 135.3 185.4 215.0 80
2021000000352900 0.000 170.1 119.7 279.1 248.7 80
2021000000352900 0.000 499.6 109.7 587.2 186.2 80
2021000000352900 0.000 580.3 146.4 639.5 240.4 80
2021000000352900 0.000 272.9 130.1 350.3 206.5 80
2021000000352900 0.000 180.7 93.6 259.1 175.1 80
2021000000352900 0.000 28.1 33.3 259.1 223.1 80
2021000000352900 0.000 416.8 13.1 632.9 218.5 80
2021000000352900 0.000 1.6 229.4 61.4 324.5 80
2021000000352900 0.000 207.2 37.0 383.3 241.2 80
2021000000352900 0.000 447.6 166.9 524.7 242.3 80
2021000000352900 0.000 281.2 273.3 359.7 384.3 80
2021000000352900 0.000 115.6 214.7 191.0 290.6 80
2021000000352900 0.000 402.5 115.9 480.3 192.2 80
2021000000352900 0.000 457.2 226.4 531.3 303.0 80
2021000000352900 0.000 41.1 144.8 215.0 315.0 80
2021000000352900 0.000 1.0 172.4 60.3 266.9 80
2021000000352900 0.000 580.1 219.4 639.6 313.6 80
2021000000352900 0.000 0.4 143.3 130.7 407.5 80
2021000000352900 0.000 574.5 61.5 639.6 174.6 80
2021000000352900 0.000 332.1 2.9 415.5 84.3 80
2021000000352900 0.000 175.8 248.6 257.9 331.6 80
2021000000352900 0.000 381.9 195.4 460.0 270.0 80
2021000000352900 0.000 36.2 177.4 119.8 252.3 80
2021000000352900 0.000 326.6 143.4 465.0 396.8 80
2021000000352900 0.000 152.2 183.1 297.6 360.6 80
2021000000352900 0.000 191.4 196.8 269.4 271.4 80
2021000000352900 0.000 374.8 151.5 615.2 295.8 80
2021000000352900 0.000 416.4 249.2 489.1 336.7 80
2021000000352900 0.000 0.6 25.3 66.3 120.7 80
2021000000352900 0.000 281.2 226.3 356.1 302.0 80
2021000000352900 0.000 62.2 24.0 483.7 292.7 80
2021000000352900 0.000 524.7 200.8 607.7 275.7 80
2021000000352900 0.000 262.4 134.4 405.9 319.8 80
2021000000352900 0.000 0.6 284.0 74.6 421.4 80
2021000000352900 0.000 230.2 252.8 304.8 339.1 80
2021000000352900 0.000 226.3 65.4 603.8 303.7 80
2021000000352900 0.000 63.1 124.7 360.6 294.1 80
2021000000352900 0.000 416.7 52.8 515.5 132.6 80
2021000000352900 0.000 129.2 56.0 312.7 355.7 80
2021000000352900 0.000 0.1 103.2 65.9 197.8 80
2021000000352900 0.000 263.8 183.0 341.9 258.2 80
2021000000352900 0.000 566.4 278.5 639.5 419.9 80
2021000000352900 0.000 19.0 16.1 622.4 223.7 80
2021000000352900 0.000 509.8 126.6 639.3 404.9 80
2021000000352900 0.000 1.6 6.8 361.3 423.0 80
2021000000352900 0.000 121.2 17.7 514.2 416.7 80
2021000000352900 0.000 335.8 47.7 542.9 356.8 80
2021000000352900 0.000 241.7 9.1 514.7 154.3 80
2021000000352900 0.000 1.2 27.2 187.5 413.9 80
2021000000352900 0.000 205.3 224.8 447.1 419.2 80
2021000000352900 0.000 272.2 7.0 636.7 424.4 80
2021000000352900 0.000 203.8 31.7 448.2 405.5 80
2021000000352900 0.000 14.5 102.2 289.2 421.2 80
2021000000352900 0.000 457.5 21.1 641.7 410.2 80
2021000000352900 0.000 358.9 272.0 430.6 377.2 80
2021000000352900 0.000 219.1 120.2 395.4 402.7 80
2021000000352900 0.000 169.6 88.4 468.5 416.0 80
2021000000352900 0.000 329.3 189.5 464.6 349.0 80
2021000000352900 0.000 6.1 317.8 167.0 426.2 80
2021000000352900 0.000 391.8 205.6 616.9 415.3 80
2021000000352900 0.000 68.8 290.4 356.2 424.3 80
2021000000352900 0.000 14.6 208.3 237.2 416.6 80
2021000000352900 0.000 4.0 1.2 525.2 424.5 80
2021000000352900 0.000 10.2 260.5 628.9 424.9 80
2021000000352900 0.000 5.9 73.8 462.5 420.5 80
2021000000352900 0.000 285.2 291.9 604.5 425.0 80
2021000000352900 0.000 92.0 73.0 568.9 364.8 80
2021000000352900 0.000 43.3 167.8 418.6 413.1 80
2021000000352900 0.000 109.4 1.0 633.2 424.5 80
2021000000352900 0.000 355.6 98.8 622.5 424.5 80
2021000000352900 0.000 208.0 151.0 442.0 262.6 80
2021000000352900 0.000 312.6 229.7 381.5 311.2 80
2021000000352900 0.000 215.5 172.0 577.5 412.9 80
2021000000352900 0.000 463.3 279.5 633.1 419.8 80
2021000000352900 0.000 56.7 68.9 150.0 155.8 80
2021000000352900 0.000 204.8 75.0 630.5 421.9 80
2021000000352900 0.000 172.4 117.1 460.4 334.6 80
2021000000352900 0.000 86.4 162.8 514.8 309.7 80
2021000000352900 0.000 28.5 48.7 607.3 412.0 80
2021000000352900 0.000 0.5 114.3 638.1 415.2 80
2021000000352900 0.000 0.8 0.8 639.5 426.0 80
2021000000352900 0.000 21.6 109.2 619.5 307.9 80
2021000000352900 0.000 2.9 26.7 636.7 350.3 80
2021000000352900 0.000 542.8 6.9 638.4 97.4 80
2021000000352900 0.000 21.6 109.2 619.5 307.9 0
2021000000352900 0.000 335.8 47.7 542.9 356.8 14
2021000000352900 0.000 219.1 120.2 395.4 402.7 14
2021000000352900 0.000 129.2 56.0 312.7 355.7 14
2021000000352900 0.000 203.8 31.7 448.2 405.5 14
2021000000352900 0.000 14.5 102.2 289.2 421.2 14
2021000000352900 0.000 355.6 98.8 622.5 424.5 14
2021000000352900 0.000 169.6 88.4 468.5 416.0 14
2021000000352900 0.000 197.1 344.2 304.9 420.9 80
2021000000352900 0.000 0.7 50.5 132.8 282.0 80
2021000000352900 0.000 313.4 82.5 473.9 260.4 80
2021000000352900 0.000 259.6 56.6 340.6 136.8 80
2021000000352900 0.000 328.1 158.3 405.0 234.5 80
2021000000352900 0.000 476.8 124.5 620.6 306.1 80
2021000000352900 0.000 58.5 248.0 136.7 329.4 80
2021000000352900 0.000 107.0 135.3 185.4 215.0 80
2021000000352900 0.000 170.1 119.7 279.1 248.7 80
2021000000352900 0.000 499.6 109.7 587.2 186.2 80
2021000000352900 0.000 580.3 146.4 639.5 240.4 80
2021000000352900 0.000 272.9 130.1 350.3 206.5 80
2021000000352900 0.000 180.7 93.6 259.1 175.1 80
2021000000352900 0.000 28.1 33.3 259.1 223.1 80
2021000000352900 0.000 416.8 13.1 632.9 218.5 80
2021000000352900 0.000 1.6 229.4 61.4 324.5 80
2021000000352900 0.000 207.2 37.0 383.3 241.2 80
2021000000352900 0.000 447.6 166.9 524.7 242.3 80
2021000000352900 0.000 281.2 273.3 359.7 384.3 80
2021000000352900 0.000 115.6 214.7 191.0 290.6 80
2021000000352900 0.000 402.5 115.9 480.3 192.2 80
2021000000352900 0.000 457.2 226.4 531.3 303.0 80
2021000000352900 0.000 41.1 144.8 215.0 315.0 80
2021000000352900 0.000 1.0 172.4 60.3 266.9 80
2021000000352900 0.000 580.1 219.4 639.6 313.6 80
2021000000352900 0.000 0.4 143.3 130.7 407.5 80
2021000000352900 0.000 574.5 61.5 639.6 174.6 80
2021000000352900 0.000 332.1 2.9 415.5 84.3 80
2021000000352900 0.000 175.8 248.6 257.9 331.6 80
2021000000352900 0.000 381.9 195.4 460.0 270.0 80
2021000000352900 0.000 36.2 177.4 119.8 252.3 80
2021000000352900 0.000 326.6 143.4 465.0 396.8 80
2021000000352900 0.000 152.2 183.1 297.6 360.6 80
2021000000352900 0.000 191.4 196.8 269.4 271.4 80
2021000000352900 0.000 374.8 151.5 615.2 295.8 80
2021000000352900 0.000 416.4 249.2 489.1 336.7 80
2021000000352900 0.000 0.6 25.3 66.3 120.7 80
2021000000352900 0.000 281.2 226.3 356.1 302.0 80
2021000000352900 0.000 62.2 24.0 483.7 292.7 80
2021000000352900 0.000 524.7 200.8 607.7 275.7 80
2021000000352900 0.000 262.4 134.4 405.9 319.8 80
2021000000352900 0.000 0.6 284.0 74.6 421.4 80
2021000000352900 0.000 230.2 252.8 304.8 339.1 80
2021000000352900 0.000 226.3 65.4 603.8 303.7 80
2021000000352900 0.000 63.1 124.7 360.6 294.1 80
2021000000352900 0.000 416.7 52.8 515.5 132.6 80
2021000000352900 0.000 129.2 56.0 312.7 355.7 80
2021000000352900 0.000 0.1 103.2 65.9 197.8 80
2021000000352900 0.000 263.8 183.0 341.9 258.2 80
2021000000352900 0.000 566.4 278.5 639.5 419.9 80
2021000000352900 0.000 19.0 16.1 622.4 223.7 80
2021000000352900 0.000 509.8 126.6 639.3 404.9 80
2021000000352900 0.000 1.6 6.8 361.3 423.0 80
2021000000352900 0.000 121.2 17.7 514.2 416.7 80
2021000000352900 0.000 335.8 47.7 542.9 356.8 80
2021000000352900 0.000 241.7 9.1 514.7 154.3 80
2021000000352900 0.000 1.2 27.2 187.5 413.9 80
2021000000352900 0.000 205.3 224.8 447.1 419.2 80
2021000000352900 0.000 272.2 7.0 636.7 424.4 80
2021000000352900 0.000 203.8 31.7 448.2 405.5 80
2021000000352900 0.000 14.5 102.2 289.2 421.2 80
2021000000352900 0.000 457.5 21.1 641.7 410.2 80
2021000000352900 0.000 358.9 272.0 430.6 377.2 80
2021000000352900 0.000 219.1 120.2 395.4 402.7 80
2021000000352900 0.000 169.6 88.4 468.5 416.0 80
2021000000352900 0.000 329.3 189.5 464.6 349.0 80
2021000000352900 0.000 6.1 317.8 167.0 426.2 80
2021000000352900 0.000 391.8 205.6 616.9 415.3 80
2021000000352900 0.000 68.8 290.4 356.2 424.3 80
2021000000352900 0.000 14.6 208.3 237.2 416.6 80
2021000000352900 0.000 4.0 1.2 525.2 424.5 80
2021000000352900 0.000 10.2 260.5 628.9 424.9 80
2021000000352900 0.000 5.9 73.8 462.5 420.5 80
2021000000352900 0.000 285.2 291.9 604.5 425.0 80
2021000000352900 0.000 92.0 73.0 568.9 364.8 80
2021000000352900 0.000 43.3 167.8 418.6 413.1 80
2021000000352900 0.000 109.4 1.0 633.2 424.5 80
2021000000352900 0.000 355.6 98.8 622.5 424.5 80
2021000000352900 0.000 208.0 151.0 442.0 262.6 80
2021000000352900 0.000 312.6 229.7 381.5 311.2 80
2021000000352900 0.000 215.5 172.0 577.5 412.9 80
2021000000352900 0.000 463.3 279.5 633.1 419.8 80
2021000000352900 0.000 56.7 68.9 150.0 155.8 80
2021000000352900 0.000 204.8 75.0 630.5 421.9 80
2021000000352900 0.000 172.4 117.1 460.4 334.6 80
2021000000352900 0.000 86.4 162.8 514.8 309.7 80
2021000000352900 0.000 28.5 48.7 607.3 412.0 80
2021000000352900 0.000 0.5 114.3 638.1 415.2 80
2021000000352900 0.000 0.8 0.8 639.5 426.0 80
2021000000352900 0.000 21.6 109.2 619.5 307.9 80
2021000000352900 0.000 2.9 26.7 636.7 350.3 80
2021000000352900 0.000 542.8 6.9 638.4 97.4 80
2021000000352900 0.000 21.6 109.2 619.5 307.9 0
2021000000352900 0.000 335.8 47.7 542.9 356.8 14
2021000000352900 0.000 219.1 120.2 395.4 402.7 14
2021000000352900 0.000 129.2 56.0 312.7 355.7 14
2021000000352900 0.000 203.8 31.7 448.2 405.5 14
2021000000352900 0.000 14.5 102.2 289.2 421.2 14
2021000000352900 0.000 355.6 98.8 622.5 424.5 14
2021000000352900 0.000 169.6 88.4 468.5 416.0 14
2021000000352900 0.000 197.1 344.2 304.9 420.9 80
