2021000000312406 0.680 291.1 19.4 427.6 226.5 80
2021000000312406 0.674 598.9 434.5 638.1 478.7 80
2021000000312406 0.628 285.5 44.3 422.7 237.7 80
2021000000312406 0.620 286.3 23.8 425.2 227.2 80
2021000000312406 0.539 633.2 182.4 640.4 321.7 80
2021000000312406 0.534 634.4 286.2 640.4 430.7 80
2021000000312406 0.512 554.3 1.1 635.1 16.7 80
2021000000312406 0.493 634.5 14.7 640.7 89.7 80
2021000000312406 0.436 621.7 -0.3 641.5 39.4 80
2021000000312406 0.420 481.4 0.6 590.0 11.0 80
2021000000312406 0.402 286.3 22.5 426.1 230.4 80
2021000000312406 0.291 286.3 22.5 426.1 230.4 4
2021000000312406 0.246 638.6 50.5 640.3 250.5 80
2021000000312406 0.245 636.8 95.8 640.6 430.5 80
2021000000312406 0.221 93.4 22.5 553.3 459.0 80
2021000000312406 0.219 0.4 257.1 5.5 431.9 80
2021000000312406 0.217 0.2 5.7 6.3 95.3 80
2021000000312406 0.215 0.2 56.2 4.5 190.8 80
2021000000312406 0.214 169.6 467.7 516.1 481.6 80
2021000000312406 0.212 0.1 135.9 4.3 306.8 80
2021000000312406 0.202 0.7 80.9 12.4 429.2 80
2021000000312406 0.201 107.4 61.7 471.4 439.2 80
2021000000312406 0.191 432.3 465.8 605.7 482.2 80
2021000000312406 0.190 -1.9 414.6 28.1 487.4 80
2021000000312406 0.181 0.6 99.5 12.8 270.4 80
2021000000312406 0.181 608.2 385.1 650.8 473.6 80
2021000000312406 0.173 -0.3 56.0 33.7 422.9 80
2021000000312406 0.168 1.0 241.5 39.9 483.9 80
2021000000312406 0.167 576.6 118.9 642.9 467.5 80
2021000000312406 0.161 101.4 163.1 555.4 429.5 80
2021000000312406 0.157 59.3 141.8 208.9 348.1 80
2021000000312406 0.154 478.1 50.6 633.3 505.8 80
2021000000312406 0.153 615.9 84.4 647.5 490.5 80
2021000000312406 0.150 374.0 439.8 558.6 476.3 80
2021000000312406 0.148 419.2 273.1 648.5 472.2 80
2021000000312406 0.142 203.4 457.0 445.0 479.5 80
2021000000312406 0.141 52.9 161.5 159.9 338.2 80
2021000000312406 0.141 511.9 448.7 636.7 478.1 80
2021000000312406 0.140 139.9 289.5 519.8 458.5 80
2021000000312406 0.140 89.2 420.2 251.4 476.4 80
2021000000312406 0.139 337.0 459.0 495.8 480.6 80
2021000000312406 0.139 172.3 416.9 369.1 474.8 80
2021000000312406 0.138 216.8 255.7 585.9 445.4 80
2021000000312406 0.138 23.0 241.0 222.6 467.4 80
2021000000312406 0.137 74.5 259.8 376.5 453.2 80
2021000000312406 0.137 250.7 432.6 448.8 473.8 80
2021000000312406 0.135 98.4 290.4 166.9 363.0 80
2021000000312406 0.135 353.9 181.8 628.1 420.1 80
2021000000312406 0.134 284.7 249.5 616.4 432.6 80
2021000000312406 0.134 151.8 245.3 500.9 431.9 80
2021000000312406 0.133 102.1 224.1 427.9 423.0 80
2021000000312406 0.132 10.9 140.5 141.5 447.5 80
2021000000312406 0.130 42.7 205.2 303.5 419.0 80
2021000000312406 0.130 187.4 183.8 540.8 398.0 80
2021000000312406 0.130 141.5 178.0 463.8 392.9 80
2021000000312406 0.130 92.8 144.8 413.1 385.8 80
2021000000312406 0.128 39.9 180.2 219.4 364.0 80
2021000000312406 0.128 92.1 126.6 376.6 362.6 80
2021000000312406 0.128 59.7 178.8 349.7 389.5 80
2021000000312406 0.127 261.4 185.7 587.2 386.9 80
2021000000312406 0.127 63.4 458.3 205.7 483.5 80
2021000000312406 0.125 25.1 429.2 126.8 476.2 80
2021000000312406 0.123 322.3 300.7 407.2 377.8 80
2021000000312406 0.123 218.4 311.5 313.6 386.3 80
2021000000312406 0.123 147.3 297.3 257.8 372.5 80
2021000000312406 0.122 535.9 218.9 625.3 389.9 80
2021000000312406 0.122 465.9 274.9 558.5 373.1 80
2021000000312406 0.122 398.7 286.6 509.0 367.0 80
2021000000312406 0.122 128.6 251.3 221.3 332.5 80
2021000000312406 0.121 149.7 451.0 290.5 482.9 80
2021000000312406 0.120 335.8 221.9 509.3 357.7 80
2021000000312406 0.120 58.9 165.7 246.5 336.2 80
2021000000312406 0.117 110.9 203.9 373.9 303.0 80
2021000000312406 0.115 205.4 185.2 432.4 367.9 80
2021000000312406 0.115 296.0 201.8 528.5 289.5 80
2021000000312406 0.110 82.3 137.5 558.2 253.9 80
2021000000312406 0.110 -77.7 129.9 244.3 220.2 80
2021000000312406 0.110 2.7 57.5 463.8 136.0 80
2021000000312406 0.109 -146.5 25.8 247.9 78.9 80
2021000000312406 0.108 85.6 79.2 594.2 204.3 80
2021000000312406 0.108 331.2 54.7 782.8 133.0 80
2021000000312406 0.107 223.2 55.9 768.7 137.4 80
2021000000312406 0.107 -90.9 17.1 457.2 78.9 80
2021000000312406 0.106 18.4 42.0 578.8 129.6 80
2021000000312406 0.106 126.4 7.6 688.6 99.8 80
2021000000312406 0.106 -183.2 12.3 424.6 59.1 80
2021000000312406 0.104 286.3 23.8 425.2 227.2 4
2021000000312406 0.103 135.6 17.8 754.7 95.7 80
2021000000312406 0.102 452.9 36.7 759.1 97.4 80
2021000000312406 0.097 4.4 -2.9 643.4 38.8 80
2021000000312406 0.096 291.4 5.2 930.3 34.3 80
2021000000312406 0.096 197.5 4.1 836.5 38.3 80
2021000000312406 0.095 -50.0 -2.3 589.0 23.3 80
2021000000312406 0.095 -272.5 -2.9 354.8 24.8 80
2021000000312406 0.094 -57.2 -0.6 581.8 34.3 80
2021000000312406 0.094 241.9 4.6 880.9 36.6 80
2021000000312406 0.093 -177.8 -1.1 461.1 27.1 80
2021000000312406 0.093 -237.4 1.1 401.5 30.2 80
2021000000312406 0.092 -117.5 -0.2 521.4 30.1 80
2021000000312406 0.091 107.6 -2.9 746.6 25.1 80
2021000000312406 0.680 291.1 19.4 427.6 226.5 80
2021000000312406 0.674 598.9 434.5 638.1 478.7 80
2021000000312406 0.628 285.5 44.3 422.7 237.7 80
2021000000312406 0.620 286.3 23.8 425.2 227.2 80
2021000000312406 0.539 633.2 182.4 640.4 321.7 80
2021000000312406 0.534 634.4 286.2 640.4 430.7 80
2021000000312406 0.512 554.3 1.1 635.1 16.7 80
2021000000312406 0.493 634.5 14.7 640.7 89.7 80
2021000000312406 0.436 621.7 -0.3 641.5 39.4 80
2021000000312406 0.420 481.4 0.6 590.0 11.0 80
2021000000312406 0.402 286.3 22.5 426.1 230.4 80
2021000000312406 0.291 286.3 22.5 426.1 230.4 4
2021000000312406 0.246 638.6 50.5 640.3 250.5 80
2021000000312406 0.245 636.8 95.8 640.6 430.5 80
2021000000312406 0.221 93.4 22.5 553.3 459.0 80
2021000000312406 0.219 0.4 257.1 5.5 431.9 80
2021000000312406 0.217 0.2 5.7 6.3 95.3 80
2021000000312406 0.215 0.2 56.2 4.5 190.8 80
2021000000312406 0.214 169.6 467.7 516.1 481.6 80
2021000000312406 0.212 0.1 135.9 4.3 306.8 80
2021000000312406 0.202 0.7 80.9 12.4 429.2 80
2021000000312406 0.201 107.4 61.7 471.4 439.2 80
2021000000312406 0.191 432.3 465.8 605.7 482.2 80
2021000000312406 0.190 -1.9 414.6 28.1 487.4 80
2021000000312406 0.181 0.6 99.5 12.8 270.4 80
2021000000312406 0.181 608.2 385.1 650.8 473.6 80
2021000000312406 0.173 -0.3 56.0 33.7 422.9 80
2021000000312406 0.168 1.0 241.5 39.9 483.9 80
2021000000312406 0.167 576.6 118.9 642.9 467.5 80
2021000000312406 0.161 101.4 163.1 555.4 429.5 80
2021000000312406 0.157 59.3 141.8 208.9 348.1 80
2021000000312406 0.154 478.1 50.6 633.3 505.8 80
2021000000312406 0.153 615.9 84.4 647.5 490.5 80
2021000000312406 0.150 374.0 439.8 558.6 476.3 80
2021000000312406 0.148 419.2 273.1 648.5 472.2 80
2021000000312406 0.142 203.4 457.0 445.0 479.5 80
2021000000312406 0.141 52.9 161.5 159.9 338.2 80
2021000000312406 0.141 511.9 448.7 636.7 478.1 80
2021000000312406 0.140 139.9 289.5 519.8 458.5 80
2021000000312406 0.140 89.2 420.2 251.4 476.4 80
2021000000312406 0.139 337.0 459.0 495.8 480.6 80
2021000000312406 0.139 172.3 416.9 369.1 474.8 80
2021000000312406 0.138 216.8 255.7 585.9 445.4 80
2021000000312406 0.138 23.0 241.0 222.6 467.4 80
2021000000312406 0.137 74.5 259.8 376.5 453.2 80
2021000000312406 0.137 250.7 432.6 448.8 473.8 80
2021000000312406 0.135 98.4 290.4 166.9 363.0 80
2021000000312406 0.135 353.9 181.8 628.1 420.1 80
2021000000312406 0.134 284.7 249.5 616.4 432.6 80
2021000000312406 0.134 151.8 245.3 500.9 431.9 80
2021000000312406 0.133 102.1 224.1 427.9 423.0 80
2021000000312406 0.132 10.9 140.5 141.5 447.5 80
2021000000312406 0.130 42.7 205.2 303.5 419.0 80
2021000000312406 0.130 187.4 183.8 540.8 398.0 80
2021000000312406 0.130 141.5 178.0 463.8 392.9 80
2021000000312406 0.130 92.8 144.8 413.1 385.8 80
2021000000312406 0.128 39.9 180.2 219.4 364.0 80
2021000000312406 0.128 92.1 126.6 376.6 362.6 80
2021000000312406 0.128 59.7 178.8 349.7 389.5 80
2021000000312406 0.127 261.4 185.7 587.2 386.9 80
2021000000312406 0.127 63.4 458.3 205.7 483.5 80
2021000000312406 0.125 25.1 429.2 126.8 476.2 80
2021000000312406 0.123 322.3 300.7 407.2 377.8 80
2021000000312406 0.123 218.4 311.5 313.6 386.3 80
2021000000312406 0.123 147.3 297.3 257.8 372.5 80
2021000000312406 0.122 535.9 218.9 625.3 389.9 80
2021000000312406 0.122 465.9 274.9 558.5 373.1 80
2021000000312406 0.122 398.7 286.6 509.0 367.0 80
2021000000312406 0.122 128.6 251.3 221.3 332.5 80
2021000000312406 0.121 149.7 451.0 290.5 482.9 80
2021000000312406 0.120 335.8 221.9 509.3 357.7 80
2021000000312406 0.120 58.9 165.7 246.5 336.2 80
2021000000312406 0.117 110.9 203.9 373.9 303.0 80
2021000000312406 0.115 205.4 185.2 432.4 367.9 80
2021000000312406 0.115 296.0 201.8 528.5 289.5 80
2021000000312406 0.110 82.3 137.5 558.2 253.9 80
2021000000312406 0.110 -77.7 129.9 244.3 220.2 80
2021000000312406 0.110 2.7 57.5 463.8 136.0 80
2021000000312406 0.109 -146.5 25.8 247.9 78.9 80
2021000000312406 0.108 85.6 79.2 594.2 204.3 80
2021000000312406 0.108 331.2 54.7 782.8 133.0 80
2021000000312406 0.107 223.2 55.9 768.7 137.4 80
2021000000312406 0.107 -90.9 17.1 457.2 78.9 80
2021000000312406 0.106 18.4 42.0 578.8 129.6 80
2021000000312406 0.106 126.4 7.6 688.6 99.8 80
2021000000312406 0.106 -183.2 12.3 424.6 59.1 80
2021000000312406 0.104 286.3 23.8 425.2 227.2 4
2021000000312406 0.103 135.6 17.8 754.7 95.7 80
2021000000312406 0.102 452.9 36.7 759.1 97.4 80
2021000000312406 0.097 4.4 -2.9 643.4 38.8 80
2021000000312406 0.096 291.4 5.2 930.3 34.3 80
2021000000312406 0.096 197.5 4.1 836.5 38.3 80
2021000000312406 0.095 -50.0 -2.3 589.0 23.3 80
2021000000312406 0.095 -272.5 -2.9 354.8 24.8 80
2021000000312406 0.094 -57.2 -0.6 581.8 34.3 80
2021000000312406 0.094 241.9 4.6 880.9 36.6 80
2021000000312406 0.093 -177.8 -1.1 461.1 27.1 80
2021000000312406 0.093 -237.4 1.1 401.5 30.2 80
2021000000312406 0.092 -117.5 -0.2 521.4 30.1 80
2021000000312406 0.091 107.6 -2.9 746.6 25.1 80
2021000000312406 0.680 291.1 19.4 427.6 226.5 80
2021000000312406 0.674 598.9 434.5 638.1 478.7 80
2021000000312406 0.628 285.5 44.3 422.7 237.7 80
2021000000312406 0.620 286.3 23.8 425.2 227.2 80
2021000000312406 0.539 633.2 182.4 640.4 321.7 80
2021000000312406 0.534 634.4 286.2 640.4 430.7 80
2021000000312406 0.512 554.3 1.1 635.1 16.7 80
2021000000312406 0.493 634.5 14.7 640.7 89.7 80
2021000000312406 0.436 621.7 -0.3 641.5 39.4 80
2021000000312406 0.420 481.4 0.6 590.0 11.0 80
2021000000312406 0.402 286.3 22.5 426.1 230.4 80
2021000000312406 0.291 286.3 22.5 426.1 230.4 4
2021000000312406 0.246 638.6 50.5 640.3 250.5 80
2021000000312406 0.245 636.8 95.8 640.6 430.5 80
2021000000312406 0.221 93.4 22.5 553.3 459.0 80
2021000000312406 0.219 0.4 257.1 5.5 431.9 80
2021000000312406 0.217 0.2 5.7 6.3 95.3 80
2021000000312406 0.215 0.2 56.2 4.5 190.8 80
2021000000312406 0.214 169.6 467.7 516.1 481.6 80
2021000000312406 0.212 0.1 135.9 4.3 306.8 80
2021000000312406 0.202 0.7 80.9 12.4 429.2 80
2021000000312406 0.201 107.4 61.7 471.4 439.2 80
2021000000312406 0.191 432.3 465.8 605.7 482.2 80
2021000000312406 0.190 -1.9 414.6 28.1 487.4 80
2021000000312406 0.181 0.6 99.5 12.8 270.4 80
2021000000312406 0.181 608.2 385.1 650.8 473.6 80
2021000000312406 0.173 -0.3 56.0 33.7 422.9 80
2021000000312406 0.168 1.0 241.5 39.9 483.9 80
2021000000312406 0.167 576.6 118.9 642.9 467.5 80
2021000000312406 0.161 101.4 163.1 555.4 429.5 80
2021000000312406 0.157 59.3 141.8 208.9 348.1 80
2021000000312406 0.154 478.1 50.6 633.3 505.8 80
2021000000312406 0.153 615.9 84.4 647.5 490.5 80
2021000000312406 0.150 374.0 439.8 558.6 476.3 80
2021000000312406 0.148 419.2 273.1 648.5 472.2 80
2021000000312406 0.142 203.4 457.0 445.0 479.5 80
2021000000312406 0.141 52.9 161.5 159.9 338.2 80
2021000000312406 0.141 511.9 448.7 636.7 478.1 80
2021000000312406 0.140 139.9 289.5 519.8 458.5 80
2021000000312406 0.140 89.2 420.2 251.4 476.4 80
2021000000312406 0.139 337.0 459.0 495.8 480.6 80
2021000000312406 0.139 172.3 416.9 369.1 474.8 80
2021000000312406 0.138 216.8 255.7 585.9 445.4 80
2021000000312406 0.138 23.0 241.0 222.6 467.4 80
2021000000312406 0.137 74.5 259.8 376.5 453.2 80
2021000000312406 0.137 250.7 432.6 448.8 473.8 80
2021000000312406 0.135 98.4 290.4 166.9 363.0 80
2021000000312406 0.135 353.9 181.8 628.1 420.1 80
2021000000312406 0.134 284.7 249.5 616.4 432.6 80
2021000000312406 0.134 151.8 245.3 500.9 431.9 80
2021000000312406 0.133 102.1 224.1 427.9 423.0 80
2021000000312406 0.132 10.9 140.5 141.5 447.5 80
2021000000312406 0.130 42.7 205.2 303.5 419.0 80
2021000000312406 0.130 187.4 183.8 540.8 398.0 80
2021000000312406 0.130 141.5 178.0 463.8 392.9 80
2021000000312406 0.130 92.8 144.8 413.1 385.8 80
2021000000312406 0.128 39.9 180.2 219.4 364.0 80
2021000000312406 0.128 92.1 126.6 376.6 362.6 80
2021000000312406 0.128 59.7 178.8 349.7 389.5 80
2021000000312406 0.127 261.4 185.7 587.2 386.9 80
2021000000312406 0.127 63.4 458.3 205.7 483.5 80
2021000000312406 0.125 25.1 429.2 126.8 476.2 80
2021000000312406 0.123 322.3 300.7 407.2 377.8 80
2021000000312406 0.123 218.4 311.5 313.6 386.3 80
2021000000312406 0.123 147.3 297.3 257.8 372.5 80
2021000000312406 0.122 535.9 218.9 625.3 389.9 80
2021000000312406 0.122 465.9 274.9 558.5 373.1 80
2021000000312406 0.122 398.7 286.6 509.0 367.0 80
2021000000312406 0.122 128.6 251.3 221.3 332.5 80
2021000000312406 0.121 149.7 451.0 290.5 482.9 80
2021000000312406 0.120 335.8 221.9 509.3 357.7 80
2021000000312406 0.120 58.9 165.7 246.5 336.2 80
2021000000312406 0.117 110.9 203.9 373.9 303.0 80
2021000000312406 0.115 205.4 185.2 432.4 367.9 80
2021000000312406 0.115 296.0 201.8 528.5 289.5 80
2021000000312406 0.110 82.3 137.5 558.2 253.9 80
2021000000312406 0.110 -77.7 129.9 244.3 220.2 80
2021000000312406 0.110 2.7 57.5 463.8 136.0 80
2021000000312406 0.109 -146.5 25.8 247.9 78.9 80
2021000000312406 0.108 85.6 79.2 594.2 204.3 80
2021000000312406 0.108 331.2 54.7 782.8 133.0 80
2021000000312406 0.107 223.2 55.9 768.7 137.4 80
2021000000312406 0.107 -90.9 17.1 457.2 78.9 80
2021000000312406 0.106 18.4 42.0 578.8 129.6 80
2021000000312406 0.106 126.4 7.6 688.6 99.8 80
2021000000312406 0.106 -183.2 12.3 424.6 59.1 80
2021000000312406 0.104 286.3 23.8 425.2 227.2 4
2021000000312406 0.103 135.6 17.8 754.7 95.7 80
2021000000312406 0.102 452.9 36.7 759.1 97.4 80
2021000000312406 0.097 4.4 -2.9 643.4 38.8 80
2021000000312406 0.096 291.4 5.2 930.3 34.3 80
2021000000312406 0.096 197.5 4.1 836.5 38.3 80
2021000000312406 0.095 -50.0 -2.3 589.0 23.3 80
2021000000312406 0.095 -272.5 -2.9 354.8 24.8 80
2021000000312406 0.094 -57.2 -0.6 581.8 34.3 80
2021000000312406 0.094 241.9 4.6 880.9 36.6 80
2021000000312406 0.093 -177.8 -1.1 461.1 27.1 80
2021000000312406 0.093 -237.4 1.1 401.5 30.2 80
2021000000312406 0.092 -117.5 -0.2 521.4 30.1 80
2021000000312406 0.091 107.6 -2.9 746.6 25.1 80
2021000000312406 0.680 291.1 19.4 427.6 226.5 80
2021000000312406 0.674 598.9 434.5 638.1 478.7 80
2021000000312406 0.628 285.5 44.3 422.7 237.7 80
2021000000312406 0.620 286.3 23.8 425.2 227.2 80
2021000000312406 0.539 633.2 182.4 640.4 321.7 80
2021000000312406 0.534 634.4 286.2 640.4 430.7 80
2021000000312406 0.512 554.3 1.1 635.1 16.7 80
2021000000312406 0.493 634.5 14.7 640.7 89.7 80
2021000000312406 0.436 621.7 -0.3 641.5 39.4 80
2021000000312406 0.420 481.4 0.6 590.0 11.0 80
2021000000312406 0.402 286.3 22.5 426.1 230.4 80
2021000000312406 0.291 286.3 22.5 426.1 230.4 4
2021000000312406 0.246 638.6 50.5 640.3 250.5 80
2021000000312406 0.245 636.8 95.8 640.6 430.5 80
2021000000312406 0.221 93.4 22.5 553.3 459.0 80
2021000000312406 0.219 0.4 257.1 5.5 431.9 80
2021000000312406 0.217 0.2 5.7 6.3 95.3 80
2021000000312406 0.215 0.2 56.2 4.5 190.8 80
2021000000312406 0.214 169.6 467.7 516.1 481.6 80
2021000000312406 0.212 0.1 135.9 4.3 306.8 80
2021000000312406 0.202 0.7 80.9 12.4 429.2 80
2021000000312406 0.201 107.4 61.7 471.4 439.2 80
2021000000312406 0.191 432.3 465.8 605.7 482.2 80
2021000000312406 0.190 -1.9 414.6 28.1 487.4 80
2021000000312406 0.181 0.6 99.5 12.8 270.4 80
2021000000312406 0.181 608.2 385.1 650.8 473.6 80
2021000000312406 0.173 -0.3 56.0 33.7 422.9 80
2021000000312406 0.168 1.0 241.5 39.9 483.9 80
2021000000312406 0.167 576.6 118.9 642.9 467.5 80
2021000000312406 0.161 101.4 163.1 555.4 429.5 80
2021000000312406 0.157 59.3 141.8 208.9 348.1 80
2021000000312406 0.154 478.1 50.6 633.3 505.8 80
2021000000312406 0.153 615.9 84.4 647.5 490.5 80
2021000000312406 0.150 374.0 439.8 558.6 476.3 80
2021000000312406 0.148 419.2 273.1 648.5 472.2 80
2021000000312406 0.142 203.4 457.0 445.0 479.5 80
2021000000312406 0.141 52.9 161.5 159.9 338.2 80
2021000000312406 0.141 511.9 448.7 636.7 478.1 80
2021000000312406 0.140 139.9 289.5 519.8 458.5 80
2021000000312406 0.140 89.2 420.2 251.4 476.4 80
2021000000312406 0.139 337.0 459.0 495.8 480.6 80
2021000000312406 0.139 172.3 416.9 369.1 474.8 80
2021000000312406 0.138 216.8 255.7 585.9 445.4 80
2021000000312406 0.138 23.0 241.0 222.6 467.4 80
2021000000312406 0.137 74.5 259.8 376.5 453.2 80
2021000000312406 0.137 250.7 432.6 448.8 473.8 80
2021000000312406 0.135 98.4 290.4 166.9 363.0 80
2021000000312406 0.135 353.9 181.8 628.1 420.1 80
2021000000312406 0.134 284.7 249.5 616.4 432.6 80
2021000000312406 0.134 151.8 245.3 500.9 431.9 80
2021000000312406 0.133 102.1 224.1 427.9 423.0 80
2021000000312406 0.132 10.9 140.5 141.5 447.5 80
2021000000312406 0.130 42.7 205.2 303.5 419.0 80
2021000000312406 0.130 187.4 183.8 540.8 398.0 80
2021000000312406 0.130 141.5 178.0 463.8 392.9 80
2021000000312406 0.130 92.8 144.8 413.1 385.8 80
2021000000312406 0.128 39.9 180.2 219.4 364.0 80
2021000000312406 0.128 92.1 126.6 376.6 362.6 80
2021000000312406 0.128 59.7 178.8 349.7 389.5 80
2021000000312406 0.127 261.4 185.7 587.2 386.9 80
2021000000312406 0.127 63.4 458.3 205.7 483.5 80
2021000000312406 0.125 25.1 429.2 126.8 476.2 80
2021000000312406 0.123 322.3 300.7 407.2 377.8 80
2021000000312406 0.123 218.4 311.5 313.6 386.3 80
2021000000312406 0.123 147.3 297.3 257.8 372.5 80
2021000000312406 0.122 535.9 218.9 625.3 389.9 80
2021000000312406 0.122 465.9 274.9 558.5 373.1 80
2021000000312406 0.122 398.7 286.6 509.0 367.0 80
2021000000312406 0.122 128.6 251.3 221.3 332.5 80
2021000000312406 0.121 149.7 451.0 290.5 482.9 80
2021000000312406 0.120 335.8 221.9 509.3 357.7 80
2021000000312406 0.120 58.9 165.7 246.5 336.2 80
2021000000312406 0.117 110.9 203.9 373.9 303.0 80
2021000000312406 0.115 205.4 185.2 432.4 367.9 80
2021000000312406 0.115 296.0 201.8 528.5 289.5 80
2021000000312406 0.110 82.3 137.5 558.2 253.9 80
2021000000312406 0.110 -77.7 129.9 244.3 220.2 80
2021000000312406 0.110 2.7 57.5 463.8 136.0 80
2021000000312406 0.109 -146.5 25.8 247.9 78.9 80
2021000000312406 0.108 85.6 79.2 594.2 204.3 80
2021000000312406 0.108 331.2 54.7 782.8 133.0 80
2021000000312406 0.107 223.2 55.9 768.7 137.4 80
2021000000312406 0.107 -90.9 17.1 457.2 78.9 80
2021000000312406 0.106 18.4 42.0 578.8 129.6 80
2021000000312406 0.106 126.4 7.6 688.6 99.8 80
2021000000312406 0.106 -183.2 12.3 424.6 59.1 80
2021000000312406 0.104 286.3 23.8 425.2 227.2 4
2021000000312406 0.103 135.6 17.8 754.7 95.7 80
2021000000312406 0.102 452.9 36.7 759.1 97.4 80
2021000000312406 0.097 4.4 -2.9 643.4 38.8 80
2021000000312406 0.096 291.4 5.2 930.3 34.3 80
2021000000312406 0.096 197.5 4.1 836.5 38.3 80
2021000000312406 0.095 -50.0 -2.3 589.0 23.3 80
2021000000312406 0.095 -272.5 -2.9 354.8 24.8 80
2021000000312406 0.094 -57.2 -0.6 581.8 34.3 80
2021000000312406 0.094 241.9 4.6 880.9 36.6 80
2021000000312406 0.093 -177.8 -1.1 461.1 27.1 80
2021000000312406 0.093 -237.4 1.1 401.5 30.2 80
2021000000312406 0.092 -117.5 -0.2 521.4 30.1 80
2021000000312406 0.091 107.6 -2.9 746.6 25.1 80
2021000000312406 0.000 309.5 93.5 477.1 291.4 80
2021000000312406 0.000 0.9 54.9 132.5 317.2 80
2021000000312406 0.000 183.6 173.7 269.1 259.1 80
2021000000312406 0.000 270.3 142.8 352.4 227.9 80
2021000000312406 0.000 474.6 139.5 622.4 344.0 80
2021000000312406 0.000 327.1 176.3 405.8 261.8 80
2021000000312406 0.000 200.2 40.0 389.1 270.9 80
2021000000312406 0.000 57.9 278.5 137.4 369.8 80
2021000000312406 0.000 174.2 105.0 265.7 193.9 80
2021000000312406 0.000 104.1 150.3 188.1 238.7 80
2021000000312406 0.000 253.0 66.1 348.6 153.4 80
2021000000312406 0.000 580.3 164.1 639.5 270.3 80
2021000000312406 0.000 496.1 124.2 591.0 210.2 80
2021000000312406 0.000 446.0 185.7 526.1 270.2 80
2021000000312406 0.000 174.9 279.1 258.3 374.7 80
2021000000312406 0.000 24.7 33.1 264.3 249.3 80
2021000000312406 0.000 1.6 257.4 61.5 364.8 80
2021000000312406 0.000 381.1 218.2 460.6 302.3 80
2021000000312406 0.000 580.1 246.6 639.5 352.7 80
2021000000312406 0.000 455.8 252.8 532.1 340.1 80
2021000000312406 0.000 401.0 128.9 481.6 214.7 80
2021000000312406 0.000 414.3 10.4 635.7 245.5 80
2021000000312406 0.000 367.7 169.8 621.8 329.9 80
2021000000312406 0.000 262.9 204.7 342.1 288.5 80
2021000000312406 0.000 0.8 160.8 130.7 458.1 80
2021000000312406 0.000 42.4 162.8 213.5 354.3 80
2021000000312406 0.000 1.0 193.6 60.2 300.2 80
2021000000312406 0.000 114.8 240.1 191.7 325.0 80
2021000000312406 0.000 574.5 68.9 639.7 196.4 80
2021000000312406 0.000 150.7 207.0 298.4 405.1 80
2021000000312406 0.000 278.8 322.1 366.9 424.9 80
2021000000312406 0.000 190.8 220.1 269.9 304.2 80
2021000000312406 0.000 524.6 225.8 607.8 310.2 80
2021000000312406 0.000 34.3 198.2 121.5 282.7 80
2021000000312406 0.000 414.3 279.0 491.7 377.7 80
2021000000312406 0.000 259.2 149.1 408.4 353.2 80
2021000000312406 0.000 227.0 72.1 603.2 342.2 80
2021000000312406 0.000 322.7 158.4 469.5 445.3 80
2021000000312406 0.000 0.3 115.4 65.7 222.4 80
2021000000312406 0.000 0.6 27.9 66.3 135.7 80
2021000000312406 0.000 59.2 138.1 364.3 331.4 80
2021000000312406 0.000 129.1 64.4 313.7 405.8 80
2021000000312406 0.000 326.8 4.4 421.7 93.9 80
2021000000312406 0.000 413.0 60.5 519.9 148.9 80
2021000000312406 0.000 55.1 27.1 491.3 330.7 80
2021000000312406 0.000 0.6 319.1 74.7 473.3 80
2021000000312406 0.000 228.3 281.8 304.6 384.6 80
2021000000312406 0.000 566.4 313.4 639.5 471.7 80
2021000000312406 0.000 510.0 145.0 639.5 455.1 80
2021000000312406 0.000 13.2 13.3 629.1 255.5 80
2021000000312406 0.000 330.7 54.0 548.1 398.2 80
2021000000312406 0.000 114.9 21.3 522.3 466.7 80
2021000000312406 0.000 327.6 216.2 468.0 386.5 80
2021000000312406 0.000 -3.3 6.7 366.2 475.7 80
2021000000312406 0.000 10.1 113.6 294.0 473.7 80
2021000000312406 0.000 0.6 29.0 187.7 465.4 80
2021000000312406 0.000 272.5 7.6 636.2 477.0 80
2021000000312406 0.000 167.6 100.1 471.2 467.9 80
2021000000312406 0.000 199.6 258.0 449.4 472.8 80
2021000000312406 0.000 217.7 135.9 397.2 452.2 80
2021000000312406 0.000 196.0 26.6 455.0 461.9 80
2021000000312406 0.000 457.4 22.9 641.1 462.3 80
2021000000312406 0.000 87.7 86.9 572.7 411.4 80
2021000000312406 0.000 226.3 10.3 534.9 162.7 80
2021000000312406 0.000 55.5 326.0 370.6 478.2 80
2021000000312406 0.000 2.7 87.3 468.6 472.6 80
2021000000312406 0.000 6.3 357.0 167.0 479.1 80
2021000000312406 0.000 15.1 234.0 237.0 468.2 80
2021000000312406 0.000 390.5 230.2 617.4 467.3 80
2021000000312406 0.000 281.3 254.4 356.3 338.8 80
2021000000312406 0.000 30.8 187.0 432.8 466.7 80
2021000000312406 0.000 2.9 1.4 528.4 477.4 80
2021000000312406 0.000 192.8 167.8 455.2 292.6 80
2021000000312406 0.000 350.8 109.9 628.0 477.5 80
2021000000312406 0.000 3.6 292.2 634.8 479.2 80
2021000000312406 0.000 282.2 329.1 607.6 478.1 80
2021000000312406 0.000 107.9 1.1 635.1 477.3 80
2021000000312406 0.000 202.7 86.5 633.6 475.1 80
2021000000312406 0.000 201.8 192.4 593.0 467.1 80
2021000000312406 0.000 463.8 313.5 632.7 472.2 80
2021000000312406 0.000 56.5 77.3 150.1 175.0 80
2021000000312406 0.000 166.0 130.1 468.3 376.3 80
2021000000312406 0.000 28.3 55.2 611.2 469.2 80
2021000000312406 0.000 76.8 181.9 524.2 348.1 80
2021000000312406 0.000 0.2 128.8 638.7 469.2 80
2021000000312406 0.000 312.1 258.2 382.3 350.5 80
2021000000312406 0.000 15.9 120.9 627.0 347.9 80
2021000000312406 0.000 0.8 0.1 639.6 478.6 80
2021000000312406 0.000 1.4 23.1 638.5 396.5 80
2021000000312406 0.000 366.2 320.1 436.2 408.4 80
2021000000312406 0.000 542.7 7.6 638.5 109.6 80
2021000000312406 0.000 15.9 120.9 627.0 347.9 0
2021000000312406 0.000 0.8 0.1 639.6 478.6 7
2021000000312406 0.000 10.1 113.6 294.0 473.7 14
2021000000312406 0.000 330.7 54.0 548.1 398.2 14
2021000000312406 0.000 129.1 64.4 313.7 405.8 14
2021000000312406 0.000 217.7 135.9 397.2 452.2 14
2021000000312406 0.000 350.8 109.9 628.0 477.5 14
2021000000312406 0.000 196.0 26.6 455.0 461.9 14
2021000000312406 0.000 272.5 7.6 636.2 477.0 14
2021000000312406 0.000 309.5 93.5 477.1 291.4 80
2021000000312406 0.000 0.9 54.9 132.5 317.2 80
2021000000312406 0.000 183.6 173.7 269.1 259.1 80
2021000000312406 0.000 270.3 142.8 352.4 227.9 80
2021000000312406 0.000 474.6 139.5 622.4 344.0 80
2021000000312406 0.000 327.1 176.3 405.8 261.8 80
2021000000312406 0.000 200.2 40.0 389.1 270.9 80
2021000000312406 0.000 57.9 278.5 137.4 369.8 80
2021000000312406 0.000 174.2 105.0 265.7 193.9 80
2021000000312406 0.000 104.1 150.3 188.1 238.7 80
2021000000312406 0.000 253.0 66.1 348.6 153.4 80
2021000000312406 0.000 580.3 164.1 639.5 270.3 80
2021000000312406 0.000 496.1 124.2 591.0 210.2 80
2021000000312406 0.000 446.0 185.7 526.1 270.2 80
2021000000312406 0.000 174.9 279.1 258.3 374.7 80
2021000000312406 0.000 24.7 33.1 264.3 249.3 80
2021000000312406 0.000 1.6 257.4 61.5 364.8 80
2021000000312406 0.000 381.1 218.2 460.6 302.3 80
2021000000312406 0.000 580.1 246.6 639.5 352.7 80
2021000000312406 0.000 455.8 252.8 532.1 340.1 80
2021000000312406 0.000 401.0 128.9 481.6 214.7 80
2021000000312406 0.000 414.3 10.4 635.7 245.5 80
2021000000312406 0.000 367.7 169.8 621.8 329.9 80
2021000000312406 0.000 262.9 204.7 342.1 288.5 80
2021000000312406 0.000 0.8 160.8 130.7 458.1 80
2021000000312406 0.000 42.4 162.8 213.5 354.3 80
2021000000312406 0.000 1.0 193.6 60.2 300.2 80
2021000000312406 0.000 114.8 240.1 191.7 325.0 80
2021000000312406 0.000 574.5 68.9 639.7 196.4 80
2021000000312406 0.000 150.7 207.0 298.4 405.1 80
2021000000312406 0.000 278.8 322.1 366.9 424.9 80
2021000000312406 0.000 190.8 220.1 269.9 304.2 80
2021000000312406 0.000 524.6 225.8 607.8 310.2 80
2021000000312406 0.000 34.3 198.2 121.5 282.7 80
2021000000312406 0.000 414.3 279.0 491.7 377.7 80
2021000000312406 0.000 259.2 149.1 408.4 353.2 80
2021000000312406 0.000 227.0 72.1 603.2 342.2 80
2021000000312406 0.000 322.7 158.4 469.5 445.3 80
2021000000312406 0.000 0.3 115.4 65.7 222.4 80
2021000000312406 0.000 0.6 27.9 66.3 135.7 80
2021000000312406 0.000 59.2 138.1 364.3 331.4 80
2021000000312406 0.000 129.1 64.4 313.7 405.8 80
2021000000312406 0.000 326.8 4.4 421.7 93.9 80
2021000000312406 0.000 413.0 60.5 519.9 148.9 80
2021000000312406 0.000 55.1 27.1 491.3 330.7 80
2021000000312406 0.000 0.6 319.1 74.7 473.3 80
2021000000312406 0.000 228.3 281.8 304.6 384.6 80
2021000000312406 0.000 566.4 313.4 639.5 471.7 80
2021000000312406 0.000 510.0 145.0 639.5 455.1 80
2021000000312406 0.000 13.2 13.3 629.1 255.5 80
2021000000312406 0.000 330.7 54.0 548.1 398.2 80
2021000000312406 0.000 114.9 21.3 522.3 466.7 80
2021000000312406 0.000 327.6 216.2 468.0 386.5 80
2021000000312406 0.000 -3.3 6.7 366.2 475.7 80
2021000000312406 0.000 10.1 113.6 294.0 473.7 80
2021000000312406 0.000 0.6 29.0 187.7 465.4 80
2021000000312406 0.000 272.5 7.6 636.2 477.0 80
2021000000312406 0.000 167.6 100.1 471.2 467.9 80
2021000000312406 0.000 199.6 258.0 449.4 472.8 80
2021000000312406 0.000 217.7 135.9 397.2 452.2 80
2021000000312406 0.000 196.0 26.6 455.0 461.9 80
2021000000312406 0.000 457.4 22.9 641.1 462.3 80
2021000000312406 0.000 87.7 86.9 572.7 411.4 80
2021000000312406 0.000 226.3 10.3 534.9 162.7 80
2021000000312406 0.000 55.5 326.0 370.6 478.2 80
2021000000312406 0.000 2.7 87.3 468.6 472.6 80
2021000000312406 0.000 6.3 357.0 167.0 479.1 80
2021000000312406 0.000 15.1 234.0 237.0 468.2 80
2021000000312406 0.000 390.5 230.2 617.4 467.3 80
2021000000312406 0.000 281.3 254.4 356.3 338.8 80
2021000000312406 0.000 30.8 187.0 432.8 466.7 80
2021000000312406 0.000 2.9 1.4 528.4 477.4 80
2021000000312406 0.000 192.8 167.8 455.2 292.6 80
2021000000312406 0.000 350.8 109.9 628.0 477.5 80
2021000000312406 0.000 3.6 292.2 634.8 479.2 80
2021000000312406 0.000 282.2 329.1 607.6 478.1 80
2021000000312406 0.000 107.9 1.1 635.1 477.3 80
2021000000312406 0.000 202.7 86.5 633.6 475.1 80
2021000000312406 0.000 201.8 192.4 593.0 467.1 80
2021000000312406 0.000 463.8 313.5 632.7 472.2 80
2021000000312406 0.000 56.5 77.3 150.1 175.0 80
2021000000312406 0.000 166.0 130.1 468.3 376.3 80
2021000000312406 0.000 28.3 55.2 611.2 469.2 80
2021000000312406 0.000 76.8 181.9 524.2 348.1 80
2021000000312406 0.000 0.2 128.8 638.7 469.2 80
2021000000312406 0.000 312.1 258.2 382.3 350.5 80
2021000000312406 0.000 15.9 120.9 627.0 347.9 80
2021000000312406 0.000 0.8 0.1 639.6 478.6 80
2021000000312406 0.000 1.4 23.1 638.5 396.5 80
2021000000312406 0.000 366.2 320.1 436.2 408.4 80
2021000000312406 0.000 542.7 7.6 638.5 109.6 80
2021000000312406 0.000 15.9 120.9 627.0 347.9 0
2021000000312406 0.000 0.8 0.1 639.6 478.6 7
2021000000312406 0.000 10.1 113.6 294.0 473.7 14
2021000000312406 0.000 330.7 54.0 548.1 398.2 14
2021000000312406 0.000 129.1 64.4 313.7 405.8 14
2021000000312406 0.000 217.7 135.9 397.2 452.2 14
2021000000312406 0.000 350.8 109.9 628.0 477.5 14
2021000000312406 0.000 196.0 26.6 455.0 461.9 14
2021000000312406 0.000 272.5 7.6 636.2 477.0 14
