2021002503 0.721 179.5 42.2 301.2 454.7 14
2021002503 0.693 158.7 41.2 304.0 448.3 80
2021002503 0.692 179.1 60.9 303.3 209.5 80
2021002503 0.680 281.3 357.3 326.8 480.5 80
2021002503 0.671 254.9 390.2 327.5 495.4 80
2021002503 0.664 278.0 117.5 317.8 199.3 80
2021002503 0.657 159.3 1.1 286.7 76.8 80
2021002503 0.657 165.4 4.1 315.2 129.6 80
2021002503 0.651 183.4 150.8 300.1 449.8 80
2021002503 0.648 31.6 408.6 101.3 500.9 80
2021002503 0.646 31.7 229.1 158.4 359.1 80
2021002503 0.645 34.1 235.6 135.5 329.1 80
2021002503 0.642 157.1 5.7 223.7 66.5 80
2021002503 0.640 182.7 63.5 305.8 443.1 80
2021002503 0.637 47.4 186.8 86.8 215.2 80
2021002503 0.636 298.0 460.6 326.5 494.7 80
2021002503 0.633 -2.1 58.1 323.5 462.7 80
2021002503 0.631 8.2 222.6 144.7 358.4 80
2021002503 0.631 173.5 58.0 311.3 281.8 80
2021002503 0.616 156.6 -2.0 330.3 88.0 80
2021002503 0.613 0.9 153.8 18.2 329.0 80
2021002503 0.612 -8.1 191.0 167.0 376.3 80
2021002503 0.604 303.2 84.3 326.0 374.6 80
2021002503 0.603 3.4 82.7 25.9 171.6 80
2021002503 0.603 222.1 457.6 323.8 500.2 80
2021002503 0.602 1.5 220.4 27.8 503.9 80
2021002503 0.601 6.4 253.6 154.8 370.4 80
2021002503 0.596 180.3 52.8 300.3 387.9 80
2021002503 0.592 10.4 356.2 100.2 447.7 80
2021002503 0.591 3.0 206.9 122.2 512.8 80
2021002503 0.590 30.9 360.6 108.0 491.9 80
2021002503 0.587 321.9 366.9 327.2 397.4 80
2021002503 0.580 1.0 108.5 9.2 220.9 80
2021002503 0.573 1.9 240.5 86.8 334.0 80
2021002503 0.560 268.0 100.1 300.9 158.8 14
2021002503 0.558 179.3 55.4 287.8 415.4 80
2021002503 0.557 0.7 84.4 33.0 167.3 80
2021002503 0.557 9.3 223.5 157.9 368.2 19
2021002503 0.554 297.6 159.1 323.4 201.5 80
2021002503 0.553 1.8 25.7 46.7 395.8 80
2021002503 0.550 324.3 185.1 327.3 321.4 80
2021002503 0.546 318.8 90.3 327.0 188.5 80
2021002503 0.544 189.6 141.5 282.9 450.8 80
2021002503 0.540 5.5 233.8 122.7 337.5 80
2021002503 0.537 322.0 235.3 326.8 409.1 80
2021002503 0.535 138.9 192.7 154.0 218.8 80
2021002503 0.527 2.5 324.2 44.8 492.1 80
2021002503 0.474 6.7 227.1 154.0 368.0 19
2021002503 0.473 266.2 103.3 300.5 159.5 80
2021002503 0.471 0.7 250.4 8.0 333.5 80
2021002503 0.465 60.7 244.7 110.2 317.1 80
2021002503 0.452 304.4 69.8 328.4 566.1 80
2021002503 0.446 29.4 237.9 124.3 331.8 80
2021002503 0.446 15.0 422.9 315.5 504.4 80
2021002503 0.446 316.5 95.1 327.5 184.0 14
2021002503 0.394 0.7 321.6 49.2 502.4 80
2021002503 0.388 2.4 315.9 41.8 504.8 80
2021002503 0.386 -0.8 88.7 325.1 373.8 80
2021002503 0.346 38.5 478.3 303.9 503.5 80
2021002503 0.320 0.2 326.8 104.5 505.5 17
2021002503 0.302 136.8 191.7 152.1 217.3 80
2021002503 0.297 0.7 321.6 49.2 502.4 14
2021002503 0.290 0.2 326.8 104.5 505.5 80
2021002503 0.248 6.7 227.1 154.0 368.0 80
2021002503 0.238 287.4 47.4 339.8 472.2 80
2021002503 0.236 2.4 315.9 41.8 504.8 14
2021002503 0.220 9.2 203.3 308.2 420.1 80
2021002503 0.219 316.5 95.1 327.5 184.0 80
2021002503 0.206 242.3 204.2 326.0 543.9 80
2021002503 0.204 0.2 326.8 104.5 505.5 8
2021002503 0.201 237.9 60.2 319.2 516.1 80
2021002503 0.198 266.2 103.3 300.5 159.5 14
2021002503 0.192 268.0 100.1 300.9 158.8 80
2021002503 0.179 180.0 347.0 328.8 522.7 80
2021002503 0.174 0.7 84.4 33.0 167.3 15
2021002503 0.172 182.9 59.2 287.6 414.6 80
2021002503 0.168 39.4 471.8 176.4 505.2 80
2021002503 0.162 29.4 237.9 124.3 331.8 14
2021002503 0.161 0.2 326.8 104.5 505.5 14
2021002503 0.159 159.7 477.9 267.3 502.5 80
2021002503 0.156 9.3 223.5 157.9 368.2 80
2021002503 0.153 102.4 301.1 126.9 350.6 80
2021002503 0.152 59.5 380.6 210.7 507.9 80
2021002503 0.151 117.1 411.9 246.1 505.0 80
2021002503 0.149 180.2 300.4 268.3 450.9 80
2021002503 0.147 5.5 233.8 122.7 337.5 19
2021002503 0.141 30.4 260.6 167.8 476.8 80
2021002503 0.135 202.4 265.1 242.5 351.6 80
2021002503 0.133 71.2 317.8 256.6 468.7 80
2021002503 0.133 30.9 360.6 108.0 491.9 8
2021002503 0.133 174.4 258.7 294.0 444.4 80
2021002503 0.133 40.7 246.3 206.3 430.4 80
2021002503 0.131 146.3 184.4 261.9 424.1 80
2021002503 0.129 87.4 277.9 244.2 444.9 80
2021002503 0.121 10.4 356.2 100.2 447.7 8
2021002503 0.120 77.5 203.0 127.0 263.9 80
2021002503 0.120 148.4 337.6 188.7 392.5 80
2021002503 0.120 95.4 330.1 166.9 400.9 80
2021002503 0.119 48.0 162.7 100.0 231.5 80
2021002503 0.119 74.7 284.0 133.0 349.2 80
2021002503 0.721 179.5 42.2 301.2 454.7 14
2021002503 0.693 158.7 41.2 304.0 448.3 80
2021002503 0.692 179.1 60.9 303.3 209.5 80
2021002503 0.680 281.3 357.3 326.8 480.5 80
2021002503 0.671 254.9 390.2 327.5 495.4 80
2021002503 0.664 278.0 117.5 317.8 199.3 80
2021002503 0.657 159.3 1.1 286.7 76.8 80
2021002503 0.657 165.4 4.1 315.2 129.6 80
2021002503 0.651 183.4 150.8 300.1 449.8 80
2021002503 0.648 31.6 408.6 101.3 500.9 80
2021002503 0.646 31.7 229.1 158.4 359.1 80
2021002503 0.645 34.1 235.6 135.5 329.1 80
2021002503 0.642 157.1 5.7 223.7 66.5 80
2021002503 0.640 182.7 63.5 305.8 443.1 80
2021002503 0.637 47.4 186.8 86.8 215.2 80
2021002503 0.636 298.0 460.6 326.5 494.7 80
2021002503 0.633 -2.1 58.1 323.5 462.7 80
2021002503 0.631 8.2 222.6 144.7 358.4 80
2021002503 0.631 173.5 58.0 311.3 281.8 80
2021002503 0.616 156.6 -2.0 330.3 88.0 80
2021002503 0.613 0.9 153.8 18.2 329.0 80
2021002503 0.612 -8.1 191.0 167.0 376.3 80
2021002503 0.604 303.2 84.3 326.0 374.6 80
2021002503 0.603 3.4 82.7 25.9 171.6 80
2021002503 0.603 222.1 457.6 323.8 500.2 80
2021002503 0.602 1.5 220.4 27.8 503.9 80
2021002503 0.601 6.4 253.6 154.8 370.4 80
2021002503 0.596 180.3 52.8 300.3 387.9 80
2021002503 0.592 10.4 356.2 100.2 447.7 80
2021002503 0.591 3.0 206.9 122.2 512.8 80
2021002503 0.590 30.9 360.6 108.0 491.9 80
2021002503 0.587 321.9 366.9 327.2 397.4 80
2021002503 0.580 1.0 108.5 9.2 220.9 80
2021002503 0.573 1.9 240.5 86.8 334.0 80
2021002503 0.560 268.0 100.1 300.9 158.8 14
2021002503 0.558 179.3 55.4 287.8 415.4 80
2021002503 0.557 0.7 84.4 33.0 167.3 80
2021002503 0.557 9.3 223.5 157.9 368.2 19
2021002503 0.554 297.6 159.1 323.4 201.5 80
2021002503 0.553 1.8 25.7 46.7 395.8 80
2021002503 0.550 324.3 185.1 327.3 321.4 80
2021002503 0.546 318.8 90.3 327.0 188.5 80
2021002503 0.544 189.6 141.5 282.9 450.8 80
2021002503 0.540 5.5 233.8 122.7 337.5 80
2021002503 0.537 322.0 235.3 326.8 409.1 80
2021002503 0.535 138.9 192.7 154.0 218.8 80
2021002503 0.527 2.5 324.2 44.8 492.1 80
2021002503 0.474 6.7 227.1 154.0 368.0 19
2021002503 0.473 266.2 103.3 300.5 159.5 80
2021002503 0.471 0.7 250.4 8.0 333.5 80
2021002503 0.465 60.7 244.7 110.2 317.1 80
2021002503 0.452 304.4 69.8 328.4 566.1 80
2021002503 0.446 29.4 237.9 124.3 331.8 80
2021002503 0.446 15.0 422.9 315.5 504.4 80
2021002503 0.446 316.5 95.1 327.5 184.0 14
2021002503 0.394 0.7 321.6 49.2 502.4 80
2021002503 0.388 2.4 315.9 41.8 504.8 80
2021002503 0.386 -0.8 88.7 325.1 373.8 80
2021002503 0.346 38.5 478.3 303.9 503.5 80
2021002503 0.320 0.2 326.8 104.5 505.5 17
2021002503 0.302 136.8 191.7 152.1 217.3 80
2021002503 0.297 0.7 321.6 49.2 502.4 14
2021002503 0.290 0.2 326.8 104.5 505.5 80
2021002503 0.248 6.7 227.1 154.0 368.0 80
2021002503 0.238 287.4 47.4 339.8 472.2 80
2021002503 0.236 2.4 315.9 41.8 504.8 14
2021002503 0.220 9.2 203.3 308.2 420.1 80
2021002503 0.219 316.5 95.1 327.5 184.0 80
2021002503 0.206 242.3 204.2 326.0 543.9 80
2021002503 0.204 0.2 326.8 104.5 505.5 8
2021002503 0.201 237.9 60.2 319.2 516.1 80
2021002503 0.198 266.2 103.3 300.5 159.5 14
2021002503 0.192 268.0 100.1 300.9 158.8 80
2021002503 0.179 180.0 347.0 328.8 522.7 80
2021002503 0.174 0.7 84.4 33.0 167.3 15
2021002503 0.172 182.9 59.2 287.6 414.6 80
2021002503 0.168 39.4 471.8 176.4 505.2 80
2021002503 0.162 29.4 237.9 124.3 331.8 14
2021002503 0.161 0.2 326.8 104.5 505.5 14
2021002503 0.159 159.7 477.9 267.3 502.5 80
2021002503 0.156 9.3 223.5 157.9 368.2 80
2021002503 0.153 102.4 301.1 126.9 350.6 80
2021002503 0.152 59.5 380.6 210.7 507.9 80
2021002503 0.151 117.1 411.9 246.1 505.0 80
2021002503 0.149 180.2 300.4 268.3 450.9 80
2021002503 0.147 5.5 233.8 122.7 337.5 19
2021002503 0.141 30.4 260.6 167.8 476.8 80
2021002503 0.135 202.4 265.1 242.5 351.6 80
2021002503 0.133 71.2 317.8 256.6 468.7 80
2021002503 0.133 30.9 360.6 108.0 491.9 8
2021002503 0.133 174.4 258.7 294.0 444.4 80
2021002503 0.133 40.7 246.3 206.3 430.4 80
2021002503 0.131 146.3 184.4 261.9 424.1 80
2021002503 0.129 87.4 277.9 244.2 444.9 80
2021002503 0.121 10.4 356.2 100.2 447.7 8
2021002503 0.120 77.5 203.0 127.0 263.9 80
2021002503 0.120 148.4 337.6 188.7 392.5 80
2021002503 0.120 95.4 330.1 166.9 400.9 80
2021002503 0.119 48.0 162.7 100.0 231.5 80
2021002503 0.119 74.7 284.0 133.0 349.2 80
2021002503 0.000 236.9 139.4 324.6 351.4 80
2021002503 0.000 3.5 162.7 128.0 358.5 80
2021002503 0.000 263.1 232.7 315.9 320.5 80
2021002503 0.000 137.3 105.4 273.4 258.0 80
2021002503 0.000 180.4 180.7 327.0 343.2 80
2021002503 0.000 87.8 49.4 221.9 242.2 80
2021002503 0.000 0.8 172.2 67.1 474.9 80
2021002503 0.000 294.9 87.4 327.1 193.0 80
2021002503 0.000 0.5 199.3 31.2 312.6 80
2021002503 0.000 0.3 42.4 66.9 331.5 80
2021002503 0.000 260.9 167.6 326.6 468.0 80
2021002503 0.000 153.6 97.0 303.1 406.1 80
2021002503 0.000 296.8 256.2 326.8 368.5 80
2021002503 0.000 296.9 170.4 326.8 282.3 80
2021002503 0.000 54.3 253.5 103.6 338.8 80
2021002503 0.000 209.7 6.0 329.0 250.6 80
2021002503 0.000 1.3 267.4 31.4 380.2 80
2021002503 0.000 127.1 214.3 183.3 300.2 80
2021002503 0.000 290.5 334.8 326.2 484.8 80
2021002503 0.000 11.6 206.0 68.7 292.9 80
2021002503 0.000 100.9 67.9 324.7 373.1 80
2021002503 0.000 12.8 135.9 204.8 344.2 80
2021002503 0.000 89.6 228.3 146.6 314.5 80
2021002503 0.000 87.2 183.1 145.3 269.4 80
2021002503 0.000 158.6 185.8 217.4 271.0 80
2021002503 0.000 186.9 230.8 244.8 315.8 80
2021002503 0.000 87.2 187.1 244.7 318.3 80
2021002503 0.000 189.4 154.9 314.2 483.4 80
2021002503 0.000 0.4 28.1 34.3 140.7 80
2021002503 0.000 225.3 269.1 281.9 353.1 80
2021002503 0.000 219.0 198.0 279.3 282.5 80
2021002503 0.000 5.4 22.1 150.3 243.8 80
2021002503 0.000 45.6 160.5 105.1 246.1 80
2021002503 0.000 1.2 336.5 37.3 494.3 80
2021002503 0.000 4.8 195.6 234.1 491.7 80
2021002503 0.000 0.6 119.3 33.6 231.8 80
2021002503 0.000 93.9 286.8 234.9 494.4 80
2021002503 0.000 126.4 146.8 192.7 235.8 80
2021002503 0.000 22.7 38.9 259.3 314.7 80
2021002503 0.000 56.5 112.9 270.4 396.7 80
2021002503 0.000 247.8 134.9 308.8 220.9 80
2021002503 0.000 -5.2 261.1 130.1 493.9 80
2021002503 0.000 4.3 131.6 152.9 492.7 80
2021002503 0.000 105.0 171.7 216.0 461.1 80
2021002503 0.000 97.5 213.6 310.6 492.7 80
2021002503 0.000 236.5 34.4 326.1 478.9 80
2021002503 0.000 3.3 -7.7 325.6 340.7 80
2021002503 0.000 79.3 118.6 250.3 486.5 80
2021002503 0.000 3.0 370.9 86.5 498.5 80
2021002503 0.000 105.3 233.3 225.7 447.1 80
2021002503 0.000 3.4 327.1 216.9 496.9 80
2021002503 0.000 192.9 260.0 319.6 491.0 80
2021002503 0.000 42.5 54.9 287.2 463.4 80
2021002503 0.000 195.7 139.9 257.1 224.4 80
2021002503 0.000 0.2 95.7 241.1 498.0 80
2021002503 0.000 237.7 334.9 322.6 493.9 80
2021002503 0.000 136.6 8.3 328.9 496.7 80
2021002503 0.000 123.6 72.9 185.4 157.7 80
2021002503 0.000 83.1 111.8 143.0 197.9 80
2021002503 0.000 99.0 50.2 235.2 460.1 80
2021002503 0.000 130.8 349.2 326.0 500.2 80
2021002503 0.000 160.2 244.5 262.3 443.4 80
2021002503 0.000 36.6 123.9 300.9 425.3 80
2021002503 0.000 97.1 1.3 295.4 156.5 80
2021002503 0.000 -3.0 12.9 194.1 493.1 80
2021002503 0.000 24.8 56.2 206.0 450.7 80
2021002503 0.000 1.7 310.5 326.2 500.5 80
2021002503 0.000 95.0 106.4 335.7 503.8 80
2021002503 0.000 0.8 5.7 274.1 497.3 80
2021002503 0.000 119.0 218.2 228.5 353.2 80
2021002503 0.000 43.2 82.8 187.9 526.1 80
2021002503 0.000 25.7 202.0 283.5 372.3 80
2021002503 0.000 45.7 19.0 328.0 501.3 80
2021002503 0.000 0.8 149.3 326.7 497.0 80
2021002503 0.000 12.0 80.2 92.1 465.2 80
2021002503 0.000 8.8 61.3 311.1 503.9 80
2021002503 0.000 1.1 46.2 326.8 463.4 80
2021002503 0.000 0.8 0.8 326.8 499.4 80
2021002503 0.000 23.8 293.0 77.2 385.8 80
2021002503 0.000 87.7 302.8 139.2 385.6 80
2021002503 0.000 161.4 7.5 222.5 97.5 80
2021002503 0.000 207.4 71.7 271.1 157.0 80
2021002503 0.000 140.4 263.8 190.1 347.9 80
2021002503 0.000 152.9 279.8 261.9 382.7 80
2021002503 0.000 278.8 6.9 325.0 114.5 80
2021002503 0.000 210.0 297.1 266.8 378.7 80
2021002503 0.000 34.3 265.8 304.6 412.7 80
2021002503 0.000 20.6 91.0 86.2 178.0 80
2021002503 0.000 0.8 0.8 326.8 499.4 14
2021002503 0.000 0.8 0.8 326.8 499.4 7
2021002503 0.000 45.7 19.0 328.0 501.3 14
2021002503 0.000 0.8 0.8 326.8 499.4 11
2021002503 0.000 8.8 61.3 311.1 503.9 14
2021002503 0.000 42.5 54.9 287.2 463.4 14
2021002503 0.000 136.6 8.3 328.9 496.7 14
2021002503 0.000 0.8 5.7 274.1 497.3 14
2021002503 0.000 -3.0 12.9 194.1 493.1 14
2021002503 0.000 0.2 95.7 241.1 498.0 14
2021002503 0.000 45.7 19.0 328.0 501.3 7
2021002503 0.000 0.8 149.3 326.7 497.0 17
