2021000000408830 0.792 601.0 374.5 642.4 422.3 80
2021000000408830 0.783 80.4 61.8 501.2 295.7 80
2021000000408830 0.783 101.0 26.0 540.6 275.1 80
2021000000408830 0.777 104.4 67.6 421.1 346.9 80
2021000000408830 0.775 120.0 69.3 402.4 286.4 80
2021000000408830 0.769 145.4 4.6 529.1 227.2 80
2021000000408830 0.766 94.2 83.4 555.9 420.2 80
2021000000408830 0.765 46.2 25.9 597.3 414.5 80
2021000000408830 0.762 147.6 142.6 215.3 212.7 80
2021000000408830 0.760 9.6 278.7 273.9 423.2 80
2021000000408830 0.749 83.1 36.4 581.9 418.3 10
2021000000408830 0.746 286.2 4.6 459.4 94.7 80
2021000000408830 0.744 222.9 2.6 461.1 83.8 80
2021000000408830 0.743 638.8 60.2 640.1 179.0 80
2021000000408830 0.738 85.2 40.7 581.0 417.7 80
2021000000408830 0.723 4.1 289.3 145.4 424.7 80
2021000000408830 0.720 637.9 2.6 639.8 35.9 80
2021000000408830 0.707 6.4 89.4 52.4 419.8 80
2021000000408830 0.707 287.9 1.3 347.3 13.9 80
2021000000408830 0.706 -0.0 292.6 55.1 429.4 80
2021000000408830 0.792 601.0 374.5 642.4 422.3 80
2021000000408830 0.783 80.4 61.8 501.2 295.7 80
2021000000408830 0.783 101.0 26.0 540.6 275.1 80
2021000000408830 0.777 104.4 67.6 421.1 346.9 80
2021000000408830 0.775 120.0 69.3 402.4 286.4 80
2021000000408830 0.769 145.4 4.6 529.1 227.2 80
2021000000408830 0.766 94.2 83.4 555.9 420.2 80
2021000000408830 0.765 46.2 25.9 597.3 414.5 80
2021000000408830 0.762 147.6 142.6 215.3 212.7 80
2021000000408830 0.760 9.6 278.7 273.9 423.2 80
2021000000408830 0.749 83.1 36.4 581.9 418.3 10
2021000000408830 0.746 286.2 4.6 459.4 94.7 80
2021000000408830 0.744 222.9 2.6 461.1 83.8 80
2021000000408830 0.743 638.8 60.2 640.1 179.0 80
2021000000408830 0.738 85.2 40.7 581.0 417.7 80
2021000000408830 0.723 4.1 289.3 145.4 424.7 80
2021000000408830 0.720 637.9 2.6 639.8 35.9 80
2021000000408830 0.707 6.4 89.4 52.4 419.8 80
2021000000408830 0.707 287.9 1.3 347.3 13.9 80
2021000000408830 0.706 -0.0 292.6 55.1 429.4 80
2021000000408830 0.699 4.5 193.5 65.1 425.9 80
2021000000408830 0.696 268.8 -1.9 548.5 171.8 80
2021000000408830 0.694 2.1 94.1 55.5 424.8 80
2021000000408830 0.686 275.8 2.5 525.5 214.4 80
2021000000408830 0.685 307.4 1.1 383.9 6.9 80
2021000000408830 0.677 281.7 5.7 518.4 106.0 80
2021000000408830 0.667 411.4 2.8 522.3 87.3 80
2021000000408830 0.656 462.8 0.5 552.5 61.7 80
2021000000408830 0.651 585.3 0.9 646.7 1.9 80
2021000000408830 0.650 549.3 -0.0 598.8 35.2 80
2021000000408830 0.646 473.4 1.0 562.0 17.3 80
2021000000408830 0.642 507.7 -1.2 591.8 42.5 80
2021000000408830 0.641 1.3 290.3 61.6 425.3 80
2021000000408830 0.628 339.6 0.3 534.1 94.0 80
2021000000408830 0.616 307.9 0.3 560.2 66.1 80
2021000000408830 0.613 -0.0 256.6 59.6 418.6 80
2021000000408830 0.597 282.2 2.2 512.7 150.7 80
2021000000408830 0.574 0.7 308.1 62.4 426.9 80
2021000000408830 0.508 277.6 1.9 523.7 100.8 10
2021000000408830 0.465 524.6 0.5 602.7 34.8 80
2021000000408830 0.439 503.5 1.3 604.0 39.1 80
2021000000408830 0.436 420.1 0.4 556.8 64.0 80
2021000000408830 0.396 393.8 -0.2 560.2 64.1 80
2021000000408830 0.387 492.7 -0.4 565.0 66.8 10
2021000000408830 0.295 492.7 -0.4 565.0 66.8 80
2021000000408830 0.260 393.8 -0.2 560.2 64.1 10
2021000000408830 0.210 420.1 0.4 556.8 64.0 10
2021000000408830 0.190 147.1 200.9 331.2 317.4 80
2021000000408830 0.189 277.6 1.9 523.7 100.8 80
2021000000408830 0.174 269.0 0.5 352.0 1.5 80
2021000000408830 0.171 524.6 0.5 602.7 34.8 10
2021000000408830 0.168 503.5 1.3 604.0 39.1 10
2021000000408830 0.166 579.3 64.5 657.0 469.0 80
2021000000408830 0.165 133.4 175.2 286.1 270.5 80
2021000000408830 0.150 0.7 308.1 62.4 426.9 5
2021000000408830 0.149 41.2 203.1 232.7 398.9 80
2021000000408830 0.133 503.5 1.3 604.0 39.1 5
2021000000408830 0.129 406.5 9.6 528.5 25.2 80
2021000000408830 0.126 488.6 202.3 581.4 257.1 80
2021000000408830 0.125 277.6 1.9 523.7 100.8 5
2021000000408830 0.124 212.4 133.8 346.3 211.8 80
2021000000408830 0.114 282.2 2.2 512.7 150.7 10
2021000000408830 0.112 174.4 144.6 284.9 209.2 80
2021000000408830 0.111 88.3 185.1 205.0 257.3 80
2021000000408830 0.111 -8.1 420.1 381.5 428.7 80
2021000000408830 0.110 108.1 232.3 225.3 305.4 80
2021000000408830 0.109 356.5 217.9 495.1 324.4 80
2021000000408830 0.104 -17.5 127.9 89.5 288.5 80
2021000000408830 0.103 -0.0 256.6 59.6 418.6 5
2021000000408830 0.102 332.0 239.2 440.4 308.7 80
2021000000408830 0.101 542.5 408.8 676.1 425.3 80
2021000000408830 0.101 351.7 296.4 448.6 354.2 80
2021000000408830 0.098 210.7 288.1 318.3 358.7 80
2021000000408830 0.098 13.6 413.2 153.0 429.1 80
2021000000408830 0.096 148.0 276.4 247.5 341.4 80
2021000000408830 0.095 40.9 176.3 125.2 232.0 80
2021000000408830 0.094 554.4 223.5 646.1 296.0 80
2021000000408830 0.093 513.0 231.3 615.1 314.7 80
2021000000408830 0.093 468.2 249.5 570.6 325.8 80
2021000000408830 0.092 431.1 269.9 533.5 344.6 80
2021000000408830 0.092 260.3 315.9 402.4 390.9 80
2021000000408830 0.091 54.8 205.7 164.2 300.9 80
2021000000408830 0.090 173.5 305.8 278.1 376.1 80
2021000000408830 0.089 307.9 0.3 560.2 66.1 10
2021000000408830 0.087 524.6 0.5 602.7 34.8 5
2021000000408830 0.086 503.5 1.3 604.0 39.1 17
2021000000408830 0.084 395.5 288.1 502.4 376.6 80
2021000000408830 0.082 1.3 290.3 61.6 425.3 5
2021000000408830 0.080 339.6 0.3 534.1 94.0 10
2021000000408830 0.080 175.1 386.0 300.9 421.8 80
2021000000408830 0.078 473.4 1.0 562.0 17.3 10
2021000000408830 0.078 488.5 244.5 604.6 397.7 80
2021000000408830 0.077 393.8 -0.2 560.2 64.1 18
2021000000408830 0.076 1.3 290.3 61.6 425.3 17
2021000000408830 0.076 81.5 376.1 182.6 416.4 80
2021000000408830 0.076 520.5 167.7 646.1 436.0 80
2021000000408830 0.076 0.7 308.1 62.4 426.9 17
2021000000408830 0.075 -0.0 256.6 59.6 418.6 17
2021000000408830 0.075 159.9 376.3 261.3 418.0 80
2021000000408830 0.075 462.8 1.6 535.0 2.7 80
2021000000408830 0.792 601.0 374.5 642.4 422.3 80
2021000000408830 0.783 80.4 61.8 501.2 295.7 80
2021000000408830 0.783 101.0 26.0 540.6 275.1 80
2021000000408830 0.777 104.4 67.6 421.1 346.9 80
2021000000408830 0.775 120.0 69.3 402.4 286.4 80
2021000000408830 0.769 145.4 4.6 529.1 227.2 80
2021000000408830 0.766 94.2 83.4 555.9 420.2 80
2021000000408830 0.765 46.2 25.9 597.3 414.5 80
2021000000408830 0.762 147.6 142.6 215.3 212.7 80
2021000000408830 0.760 9.6 278.7 273.9 423.2 80
2021000000408830 0.749 83.1 36.4 581.9 418.3 10
2021000000408830 0.746 286.2 4.6 459.4 94.7 80
2021000000408830 0.744 222.9 2.6 461.1 83.8 80
2021000000408830 0.743 638.8 60.2 640.1 179.0 80
2021000000408830 0.738 85.2 40.7 581.0 417.7 80
2021000000408830 0.723 4.1 289.3 145.4 424.7 80
2021000000408830 0.720 637.9 2.6 639.8 35.9 80
2021000000408830 0.707 6.4 89.4 52.4 419.8 80
2021000000408830 0.707 287.9 1.3 347.3 13.9 80
2021000000408830 0.706 -0.0 292.6 55.1 429.4 80
2021000000408830 0.699 4.5 193.5 65.1 425.9 80
2021000000408830 0.696 268.8 -1.9 548.5 171.8 80
2021000000408830 0.694 2.1 94.1 55.5 424.8 80
2021000000408830 0.686 275.8 2.5 525.5 214.4 80
2021000000408830 0.685 307.4 1.1 383.9 6.9 80
2021000000408830 0.677 281.7 5.7 518.4 106.0 80
2021000000408830 0.667 411.4 2.8 522.3 87.3 80
2021000000408830 0.656 462.8 0.5 552.5 61.7 80
2021000000408830 0.651 585.3 0.9 646.7 1.9 80
2021000000408830 0.650 549.3 -0.0 598.8 35.2 80
2021000000408830 0.646 473.4 1.0 562.0 17.3 80
2021000000408830 0.642 507.7 -1.2 591.8 42.5 80
2021000000408830 0.641 1.3 290.3 61.6 425.3 80
2021000000408830 0.628 339.6 0.3 534.1 94.0 80
2021000000408830 0.616 307.9 0.3 560.2 66.1 80
2021000000408830 0.613 -0.0 256.6 59.6 418.6 80
2021000000408830 0.597 282.2 2.2 512.7 150.7 80
2021000000408830 0.574 0.7 308.1 62.4 426.9 80
2021000000408830 0.508 277.6 1.9 523.7 100.8 10
2021000000408830 0.465 524.6 0.5 602.7 34.8 80
2021000000408830 0.439 503.5 1.3 604.0 39.1 80
2021000000408830 0.436 420.1 0.4 556.8 64.0 80
2021000000408830 0.396 393.8 -0.2 560.2 64.1 80
2021000000408830 0.387 492.7 -0.4 565.0 66.8 10
2021000000408830 0.295 492.7 -0.4 565.0 66.8 80
2021000000408830 0.260 393.8 -0.2 560.2 64.1 10
2021000000408830 0.210 420.1 0.4 556.8 64.0 10
2021000000408830 0.190 147.1 200.9 331.2 317.4 80
2021000000408830 0.189 277.6 1.9 523.7 100.8 80
2021000000408830 0.174 269.0 0.5 352.0 1.5 80
2021000000408830 0.171 524.6 0.5 602.7 34.8 10
2021000000408830 0.168 503.5 1.3 604.0 39.1 10
2021000000408830 0.166 579.3 64.5 657.0 469.0 80
2021000000408830 0.165 133.4 175.2 286.1 270.5 80
2021000000408830 0.150 0.7 308.1 62.4 426.9 5
2021000000408830 0.149 41.2 203.1 232.7 398.9 80
2021000000408830 0.133 503.5 1.3 604.0 39.1 5
2021000000408830 0.129 406.5 9.6 528.5 25.2 80
2021000000408830 0.126 488.6 202.3 581.4 257.1 80
2021000000408830 0.125 277.6 1.9 523.7 100.8 5
2021000000408830 0.124 212.4 133.8 346.3 211.8 80
2021000000408830 0.114 282.2 2.2 512.7 150.7 10
2021000000408830 0.112 174.4 144.6 284.9 209.2 80
2021000000408830 0.111 88.3 185.1 205.0 257.3 80
2021000000408830 0.111 -8.1 420.1 381.5 428.7 80
2021000000408830 0.110 108.1 232.3 225.3 305.4 80
2021000000408830 0.109 356.5 217.9 495.1 324.4 80
2021000000408830 0.104 -17.5 127.9 89.5 288.5 80
2021000000408830 0.103 -0.0 256.6 59.6 418.6 5
2021000000408830 0.102 332.0 239.2 440.4 308.7 80
2021000000408830 0.101 542.5 408.8 676.1 425.3 80
2021000000408830 0.101 351.7 296.4 448.6 354.2 80
2021000000408830 0.098 210.7 288.1 318.3 358.7 80
2021000000408830 0.098 13.6 413.2 153.0 429.1 80
2021000000408830 0.096 148.0 276.4 247.5 341.4 80
2021000000408830 0.095 40.9 176.3 125.2 232.0 80
2021000000408830 0.094 554.4 223.5 646.1 296.0 80
2021000000408830 0.093 513.0 231.3 615.1 314.7 80
2021000000408830 0.093 468.2 249.5 570.6 325.8 80
2021000000408830 0.092 431.1 269.9 533.5 344.6 80
2021000000408830 0.092 260.3 315.9 402.4 390.9 80
2021000000408830 0.091 54.8 205.7 164.2 300.9 80
2021000000408830 0.090 173.5 305.8 278.1 376.1 80
2021000000408830 0.089 307.9 0.3 560.2 66.1 10
2021000000408830 0.087 524.6 0.5 602.7 34.8 5
2021000000408830 0.086 503.5 1.3 604.0 39.1 17
2021000000408830 0.084 395.5 288.1 502.4 376.6 80
2021000000408830 0.082 1.3 290.3 61.6 425.3 5
2021000000408830 0.080 339.6 0.3 534.1 94.0 10
2021000000408830 0.080 175.1 386.0 300.9 421.8 80
2021000000408830 0.078 473.4 1.0 562.0 17.3 10
2021000000408830 0.078 488.5 244.5 604.6 397.7 80
2021000000408830 0.077 393.8 -0.2 560.2 64.1 18
2021000000408830 0.076 1.3 290.3 61.6 425.3 17
2021000000408830 0.076 81.5 376.1 182.6 416.4 80
2021000000408830 0.076 520.5 167.7 646.1 436.0 80
2021000000408830 0.076 0.7 308.1 62.4 426.9 17
2021000000408830 0.075 -0.0 256.6 59.6 418.6 17
2021000000408830 0.075 159.9 376.3 261.3 418.0 80
2021000000408830 0.075 462.8 1.6 535.0 2.7 80
2021000000408830 0.792 601.0 374.5 642.4 422.3 80
2021000000408830 0.783 80.4 61.8 501.2 295.7 80
2021000000408830 0.783 101.0 26.0 540.6 275.1 80
2021000000408830 0.777 104.4 67.6 421.1 346.9 80
2021000000408830 0.775 120.0 69.3 402.4 286.4 80
2021000000408830 0.769 145.4 4.6 529.1 227.2 80
2021000000408830 0.766 94.2 83.4 555.9 420.2 80
2021000000408830 0.765 46.2 25.9 597.3 414.5 80
2021000000408830 0.762 147.6 142.6 215.3 212.7 80
2021000000408830 0.760 9.6 278.7 273.9 423.2 80
2021000000408830 0.749 83.1 36.4 581.9 418.3 10
2021000000408830 0.746 286.2 4.6 459.4 94.7 80
2021000000408830 0.744 222.9 2.6 461.1 83.8 80
2021000000408830 0.743 638.8 60.2 640.1 179.0 80
2021000000408830 0.738 85.2 40.7 581.0 417.7 80
2021000000408830 0.723 4.1 289.3 145.4 424.7 80
2021000000408830 0.720 637.9 2.6 639.8 35.9 80
2021000000408830 0.707 6.4 89.4 52.4 419.8 80
2021000000408830 0.707 287.9 1.3 347.3 13.9 80
2021000000408830 0.706 -0.0 292.6 55.1 429.4 80
2021000000408830 0.699 4.5 193.5 65.1 425.9 80
2021000000408830 0.696 268.8 -1.9 548.5 171.8 80
2021000000408830 0.694 2.1 94.1 55.5 424.8 80
2021000000408830 0.686 275.8 2.5 525.5 214.4 80
2021000000408830 0.685 307.4 1.1 383.9 6.9 80
2021000000408830 0.677 281.7 5.7 518.4 106.0 80
2021000000408830 0.667 411.4 2.8 522.3 87.3 80
2021000000408830 0.656 462.8 0.5 552.5 61.7 80
2021000000408830 0.651 585.3 0.9 646.7 1.9 80
2021000000408830 0.650 549.3 -0.0 598.8 35.2 80
2021000000408830 0.646 473.4 1.0 562.0 17.3 80
2021000000408830 0.642 507.7 -1.2 591.8 42.5 80
2021000000408830 0.641 1.3 290.3 61.6 425.3 80
2021000000408830 0.628 339.6 0.3 534.1 94.0 80
2021000000408830 0.616 307.9 0.3 560.2 66.1 80
2021000000408830 0.613 -0.0 256.6 59.6 418.6 80
2021000000408830 0.597 282.2 2.2 512.7 150.7 80
2021000000408830 0.574 0.7 308.1 62.4 426.9 80
2021000000408830 0.508 277.6 1.9 523.7 100.8 10
2021000000408830 0.465 524.6 0.5 602.7 34.8 80
2021000000408830 0.439 503.5 1.3 604.0 39.1 80
2021000000408830 0.436 420.1 0.4 556.8 64.0 80
2021000000408830 0.396 393.8 -0.2 560.2 64.1 80
2021000000408830 0.387 492.7 -0.4 565.0 66.8 10
2021000000408830 0.295 492.7 -0.4 565.0 66.8 80
2021000000408830 0.260 393.8 -0.2 560.2 64.1 10
2021000000408830 0.210 420.1 0.4 556.8 64.0 10
2021000000408830 0.190 147.1 200.9 331.2 317.4 80
2021000000408830 0.189 277.6 1.9 523.7 100.8 80
2021000000408830 0.174 269.0 0.5 352.0 1.5 80
2021000000408830 0.171 524.6 0.5 602.7 34.8 10
2021000000408830 0.168 503.5 1.3 604.0 39.1 10
2021000000408830 0.166 579.3 64.5 657.0 469.0 80
2021000000408830 0.165 133.4 175.2 286.1 270.5 80
2021000000408830 0.150 0.7 308.1 62.4 426.9 5
2021000000408830 0.149 41.2 203.1 232.7 398.9 80
2021000000408830 0.133 503.5 1.3 604.0 39.1 5
2021000000408830 0.129 406.5 9.6 528.5 25.2 80
2021000000408830 0.126 488.6 202.3 581.4 257.1 80
2021000000408830 0.125 277.6 1.9 523.7 100.8 5
2021000000408830 0.124 212.4 133.8 346.3 211.8 80
2021000000408830 0.114 282.2 2.2 512.7 150.7 10
2021000000408830 0.112 174.4 144.6 284.9 209.2 80
2021000000408830 0.111 88.3 185.1 205.0 257.3 80
2021000000408830 0.111 -8.1 420.1 381.5 428.7 80
2021000000408830 0.110 108.1 232.3 225.3 305.4 80
2021000000408830 0.109 356.5 217.9 495.1 324.4 80
2021000000408830 0.104 -17.5 127.9 89.5 288.5 80
2021000000408830 0.103 -0.0 256.6 59.6 418.6 5
2021000000408830 0.102 332.0 239.2 440.4 308.7 80
2021000000408830 0.101 542.5 408.8 676.1 425.3 80
2021000000408830 0.101 351.7 296.4 448.6 354.2 80
2021000000408830 0.098 210.7 288.1 318.3 358.7 80
2021000000408830 0.098 13.6 413.2 153.0 429.1 80
2021000000408830 0.096 148.0 276.4 247.5 341.4 80
2021000000408830 0.095 40.9 176.3 125.2 232.0 80
2021000000408830 0.094 554.4 223.5 646.1 296.0 80
2021000000408830 0.093 513.0 231.3 615.1 314.7 80
2021000000408830 0.093 468.2 249.5 570.6 325.8 80
2021000000408830 0.092 431.1 269.9 533.5 344.6 80
2021000000408830 0.092 260.3 315.9 402.4 390.9 80
2021000000408830 0.091 54.8 205.7 164.2 300.9 80
2021000000408830 0.090 173.5 305.8 278.1 376.1 80
2021000000408830 0.089 307.9 0.3 560.2 66.1 10
2021000000408830 0.087 524.6 0.5 602.7 34.8 5
2021000000408830 0.086 503.5 1.3 604.0 39.1 17
2021000000408830 0.084 395.5 288.1 502.4 376.6 80
2021000000408830 0.082 1.3 290.3 61.6 425.3 5
2021000000408830 0.080 339.6 0.3 534.1 94.0 10
2021000000408830 0.080 175.1 386.0 300.9 421.8 80
2021000000408830 0.078 473.4 1.0 562.0 17.3 10
2021000000408830 0.078 488.5 244.5 604.6 397.7 80
2021000000408830 0.077 393.8 -0.2 560.2 64.1 18
2021000000408830 0.076 1.3 290.3 61.6 425.3 17
2021000000408830 0.076 81.5 376.1 182.6 416.4 80
2021000000408830 0.076 520.5 167.7 646.1 436.0 80
2021000000408830 0.076 0.7 308.1 62.4 426.9 17
2021000000408830 0.075 -0.0 256.6 59.6 418.6 17
2021000000408830 0.075 159.9 376.3 261.3 418.0 80
2021000000408830 0.075 462.8 1.6 535.0 2.7 80
2021000000408830 0.792 601.0 374.5 642.4 422.3 80
2021000000408830 0.783 80.4 61.8 501.2 295.7 80
2021000000408830 0.783 101.0 26.0 540.6 275.1 80
2021000000408830 0.777 104.4 67.6 421.1 346.9 80
2021000000408830 0.775 120.0 69.3 402.4 286.4 80
2021000000408830 0.769 145.4 4.6 529.1 227.2 80
2021000000408830 0.766 94.2 83.4 555.9 420.2 80
2021000000408830 0.765 46.2 25.9 597.3 414.5 80
2021000000408830 0.762 147.6 142.6 215.3 212.7 80
2021000000408830 0.760 9.6 278.7 273.9 423.2 80
2021000000408830 0.749 83.1 36.4 581.9 418.3 10
2021000000408830 0.746 286.2 4.6 459.4 94.7 80
2021000000408830 0.744 222.9 2.6 461.1 83.8 80
2021000000408830 0.743 638.8 60.2 640.1 179.0 80
2021000000408830 0.738 85.2 40.7 581.0 417.7 80
2021000000408830 0.723 4.1 289.3 145.4 424.7 80
2021000000408830 0.720 637.9 2.6 639.8 35.9 80
2021000000408830 0.707 6.4 89.4 52.4 419.8 80
2021000000408830 0.707 287.9 1.3 347.3 13.9 80
2021000000408830 0.706 -0.0 292.6 55.1 429.4 80
2021000000408830 0.699 4.5 193.5 65.1 425.9 80
2021000000408830 0.696 268.8 -1.9 548.5 171.8 80
2021000000408830 0.694 2.1 94.1 55.5 424.8 80
2021000000408830 0.686 275.8 2.5 525.5 214.4 80
2021000000408830 0.685 307.4 1.1 383.9 6.9 80
2021000000408830 0.677 281.7 5.7 518.4 106.0 80
2021000000408830 0.667 411.4 2.8 522.3 87.3 80
2021000000408830 0.656 462.8 0.5 552.5 61.7 80
2021000000408830 0.651 585.3 0.9 646.7 1.9 80
2021000000408830 0.650 549.3 -0.0 598.8 35.2 80
2021000000408830 0.646 473.4 1.0 562.0 17.3 80
2021000000408830 0.642 507.7 -1.2 591.8 42.5 80
2021000000408830 0.641 1.3 290.3 61.6 425.3 80
2021000000408830 0.628 339.6 0.3 534.1 94.0 80
2021000000408830 0.616 307.9 0.3 560.2 66.1 80
2021000000408830 0.613 -0.0 256.6 59.6 418.6 80
2021000000408830 0.597 282.2 2.2 512.7 150.7 80
2021000000408830 0.574 0.7 308.1 62.4 426.9 80
2021000000408830 0.508 277.6 1.9 523.7 100.8 10
2021000000408830 0.465 524.6 0.5 602.7 34.8 80
2021000000408830 0.439 503.5 1.3 604.0 39.1 80
2021000000408830 0.436 420.1 0.4 556.8 64.0 80
2021000000408830 0.396 393.8 -0.2 560.2 64.1 80
2021000000408830 0.387 492.7 -0.4 565.0 66.8 10
2021000000408830 0.295 492.7 -0.4 565.0 66.8 80
2021000000408830 0.260 393.8 -0.2 560.2 64.1 10
2021000000408830 0.210 420.1 0.4 556.8 64.0 10
2021000000408830 0.190 147.1 200.9 331.2 317.4 80
2021000000408830 0.189 277.6 1.9 523.7 100.8 80
2021000000408830 0.174 269.0 0.5 352.0 1.5 80
2021000000408830 0.171 524.6 0.5 602.7 34.8 10
2021000000408830 0.168 503.5 1.3 604.0 39.1 10
2021000000408830 0.166 579.3 64.5 657.0 469.0 80
2021000000408830 0.165 133.4 175.2 286.1 270.5 80
2021000000408830 0.150 0.7 308.1 62.4 426.9 5
2021000000408830 0.149 41.2 203.1 232.7 398.9 80
2021000000408830 0.133 503.5 1.3 604.0 39.1 5
2021000000408830 0.129 406.5 9.6 528.5 25.2 80
2021000000408830 0.126 488.6 202.3 581.4 257.1 80
2021000000408830 0.125 277.6 1.9 523.7 100.8 5
2021000000408830 0.124 212.4 133.8 346.3 211.8 80
2021000000408830 0.114 282.2 2.2 512.7 150.7 10
2021000000408830 0.112 174.4 144.6 284.9 209.2 80
2021000000408830 0.111 88.3 185.1 205.0 257.3 80
2021000000408830 0.111 -8.1 420.1 381.5 428.7 80
2021000000408830 0.110 108.1 232.3 225.3 305.4 80
2021000000408830 0.109 356.5 217.9 495.1 324.4 80
2021000000408830 0.104 -17.5 127.9 89.5 288.5 80
2021000000408830 0.103 -0.0 256.6 59.6 418.6 5
2021000000408830 0.102 332.0 239.2 440.4 308.7 80
2021000000408830 0.101 542.5 408.8 676.1 425.3 80
2021000000408830 0.101 351.7 296.4 448.6 354.2 80
2021000000408830 0.098 210.7 288.1 318.3 358.7 80
2021000000408830 0.098 13.6 413.2 153.0 429.1 80
2021000000408830 0.096 148.0 276.4 247.5 341.4 80
2021000000408830 0.095 40.9 176.3 125.2 232.0 80
2021000000408830 0.094 554.4 223.5 646.1 296.0 80
2021000000408830 0.093 513.0 231.3 615.1 314.7 80
2021000000408830 0.093 468.2 249.5 570.6 325.8 80
2021000000408830 0.092 431.1 269.9 533.5 344.6 80
2021000000408830 0.092 260.3 315.9 402.4 390.9 80
2021000000408830 0.091 54.8 205.7 164.2 300.9 80
2021000000408830 0.090 173.5 305.8 278.1 376.1 80
2021000000408830 0.089 307.9 0.3 560.2 66.1 10
2021000000408830 0.087 524.6 0.5 602.7 34.8 5
2021000000408830 0.086 503.5 1.3 604.0 39.1 17
2021000000408830 0.084 395.5 288.1 502.4 376.6 80
2021000000408830 0.082 1.3 290.3 61.6 425.3 5
2021000000408830 0.080 339.6 0.3 534.1 94.0 10
2021000000408830 0.080 175.1 386.0 300.9 421.8 80
2021000000408830 0.078 473.4 1.0 562.0 17.3 10
2021000000408830 0.078 488.5 244.5 604.6 397.7 80
2021000000408830 0.077 393.8 -0.2 560.2 64.1 18
2021000000408830 0.076 1.3 290.3 61.6 425.3 17
2021000000408830 0.076 81.5 376.1 182.6 416.4 80
2021000000408830 0.076 520.5 167.7 646.1 436.0 80
2021000000408830 0.076 0.7 308.1 62.4 426.9 17
2021000000408830 0.075 -0.0 256.6 59.6 418.6 17
2021000000408830 0.075 159.9 376.3 261.3 418.0 80
2021000000408830 0.075 462.8 1.6 535.0 2.7 80
2021000000408830 0.792 601.0 374.5 642.4 422.3 80
2021000000408830 0.783 80.4 61.8 501.2 295.7 80
2021000000408830 0.783 101.0 26.0 540.6 275.1 80
2021000000408830 0.777 104.4 67.6 421.1 346.9 80
2021000000408830 0.775 120.0 69.3 402.4 286.4 80
2021000000408830 0.769 145.4 4.6 529.1 227.2 80
2021000000408830 0.766 94.2 83.4 555.9 420.2 80
2021000000408830 0.765 46.2 25.9 597.3 414.5 80
2021000000408830 0.762 147.6 142.6 215.3 212.7 80
2021000000408830 0.760 9.6 278.7 273.9 423.2 80
2021000000408830 0.749 83.1 36.4 581.9 418.3 10
2021000000408830 0.746 286.2 4.6 459.4 94.7 80
2021000000408830 0.744 222.9 2.6 461.1 83.8 80
2021000000408830 0.743 638.8 60.2 640.1 179.0 80
2021000000408830 0.738 85.2 40.7 581.0 417.7 80
2021000000408830 0.723 4.1 289.3 145.4 424.7 80
2021000000408830 0.720 637.9 2.6 639.8 35.9 80
2021000000408830 0.707 6.4 89.4 52.4 419.8 80
2021000000408830 0.707 287.9 1.3 347.3 13.9 80
2021000000408830 0.706 -0.0 292.6 55.1 429.4 80
2021000000408830 0.699 4.5 193.5 65.1 425.9 80
2021000000408830 0.696 268.8 -1.9 548.5 171.8 80
2021000000408830 0.694 2.1 94.1 55.5 424.8 80
2021000000408830 0.686 275.8 2.5 525.5 214.4 80
2021000000408830 0.685 307.4 1.1 383.9 6.9 80
2021000000408830 0.677 281.7 5.7 518.4 106.0 80
2021000000408830 0.667 411.4 2.8 522.3 87.3 80
2021000000408830 0.656 462.8 0.5 552.5 61.7 80
2021000000408830 0.651 585.3 0.9 646.7 1.9 80
2021000000408830 0.650 549.3 -0.0 598.8 35.2 80
2021000000408830 0.646 473.4 1.0 562.0 17.3 80
2021000000408830 0.642 507.7 -1.2 591.8 42.5 80
2021000000408830 0.641 1.3 290.3 61.6 425.3 80
2021000000408830 0.628 339.6 0.3 534.1 94.0 80
2021000000408830 0.616 307.9 0.3 560.2 66.1 80
2021000000408830 0.613 -0.0 256.6 59.6 418.6 80
2021000000408830 0.597 282.2 2.2 512.7 150.7 80
2021000000408830 0.574 0.7 308.1 62.4 426.9 80
2021000000408830 0.508 277.6 1.9 523.7 100.8 10
2021000000408830 0.465 524.6 0.5 602.7 34.8 80
2021000000408830 0.439 503.5 1.3 604.0 39.1 80
2021000000408830 0.436 420.1 0.4 556.8 64.0 80
2021000000408830 0.396 393.8 -0.2 560.2 64.1 80
2021000000408830 0.387 492.7 -0.4 565.0 66.8 10
2021000000408830 0.295 492.7 -0.4 565.0 66.8 80
2021000000408830 0.260 393.8 -0.2 560.2 64.1 10
2021000000408830 0.210 420.1 0.4 556.8 64.0 10
2021000000408830 0.190 147.1 200.9 331.2 317.4 80
2021000000408830 0.189 277.6 1.9 523.7 100.8 80
2021000000408830 0.174 269.0 0.5 352.0 1.5 80
2021000000408830 0.171 524.6 0.5 602.7 34.8 10
2021000000408830 0.168 503.5 1.3 604.0 39.1 10
2021000000408830 0.166 579.3 64.5 657.0 469.0 80
2021000000408830 0.165 133.4 175.2 286.1 270.5 80
2021000000408830 0.150 0.7 308.1 62.4 426.9 5
2021000000408830 0.149 41.2 203.1 232.7 398.9 80
2021000000408830 0.133 503.5 1.3 604.0 39.1 5
2021000000408830 0.129 406.5 9.6 528.5 25.2 80
2021000000408830 0.126 488.6 202.3 581.4 257.1 80
2021000000408830 0.125 277.6 1.9 523.7 100.8 5
2021000000408830 0.124 212.4 133.8 346.3 211.8 80
2021000000408830 0.114 282.2 2.2 512.7 150.7 10
2021000000408830 0.112 174.4 144.6 284.9 209.2 80
2021000000408830 0.111 88.3 185.1 205.0 257.3 80
2021000000408830 0.111 -8.1 420.1 381.5 428.7 80
2021000000408830 0.110 108.1 232.3 225.3 305.4 80
2021000000408830 0.109 356.5 217.9 495.1 324.4 80
2021000000408830 0.104 -17.5 127.9 89.5 288.5 80
2021000000408830 0.103 -0.0 256.6 59.6 418.6 5
2021000000408830 0.102 332.0 239.2 440.4 308.7 80
2021000000408830 0.101 542.5 408.8 676.1 425.3 80
2021000000408830 0.101 351.7 296.4 448.6 354.2 80
2021000000408830 0.098 210.7 288.1 318.3 358.7 80
2021000000408830 0.098 13.6 413.2 153.0 429.1 80
2021000000408830 0.096 148.0 276.4 247.5 341.4 80
2021000000408830 0.095 40.9 176.3 125.2 232.0 80
2021000000408830 0.094 554.4 223.5 646.1 296.0 80
2021000000408830 0.093 513.0 231.3 615.1 314.7 80
2021000000408830 0.093 468.2 249.5 570.6 325.8 80
2021000000408830 0.092 431.1 269.9 533.5 344.6 80
2021000000408830 0.092 260.3 315.9 402.4 390.9 80
2021000000408830 0.091 54.8 205.7 164.2 300.9 80
2021000000408830 0.090 173.5 305.8 278.1 376.1 80
2021000000408830 0.089 307.9 0.3 560.2 66.1 10
2021000000408830 0.087 524.6 0.5 602.7 34.8 5
2021000000408830 0.086 503.5 1.3 604.0 39.1 17
2021000000408830 0.084 395.5 288.1 502.4 376.6 80
2021000000408830 0.082 1.3 290.3 61.6 425.3 5
2021000000408830 0.080 339.6 0.3 534.1 94.0 10
2021000000408830 0.080 175.1 386.0 300.9 421.8 80
2021000000408830 0.078 473.4 1.0 562.0 17.3 10
2021000000408830 0.078 488.5 244.5 604.6 397.7 80
2021000000408830 0.077 393.8 -0.2 560.2 64.1 18
2021000000408830 0.076 1.3 290.3 61.6 425.3 17
2021000000408830 0.076 81.5 376.1 182.6 416.4 80
2021000000408830 0.076 520.5 167.7 646.1 436.0 80
2021000000408830 0.076 0.7 308.1 62.4 426.9 17
2021000000408830 0.075 -0.0 256.6 59.6 418.6 17
2021000000408830 0.075 159.9 376.3 261.3 418.0 80
2021000000408830 0.075 462.8 1.6 535.0 2.7 80
2021000000408830 0.792 601.0 374.5 642.4 422.3 80
2021000000408830 0.783 80.4 61.8 501.2 295.7 80
2021000000408830 0.783 101.0 26.0 540.6 275.1 80
2021000000408830 0.777 104.4 67.6 421.1 346.9 80
2021000000408830 0.775 120.0 69.3 402.4 286.4 80
2021000000408830 0.769 145.4 4.6 529.1 227.2 80
2021000000408830 0.766 94.2 83.4 555.9 420.2 80
2021000000408830 0.765 46.2 25.9 597.3 414.5 80
2021000000408830 0.762 147.6 142.6 215.3 212.7 80
2021000000408830 0.760 9.6 278.7 273.9 423.2 80
2021000000408830 0.749 83.1 36.4 581.9 418.3 10
2021000000408830 0.746 286.2 4.6 459.4 94.7 80
2021000000408830 0.744 222.9 2.6 461.1 83.8 80
2021000000408830 0.743 638.8 60.2 640.1 179.0 80
2021000000408830 0.738 85.2 40.7 581.0 417.7 80
2021000000408830 0.723 4.1 289.3 145.4 424.7 80
2021000000408830 0.720 637.9 2.6 639.8 35.9 80
2021000000408830 0.707 6.4 89.4 52.4 419.8 80
2021000000408830 0.707 287.9 1.3 347.3 13.9 80
2021000000408830 0.706 -0.0 292.6 55.1 429.4 80
2021000000408830 0.699 4.5 193.5 65.1 425.9 80
2021000000408830 0.696 268.8 -1.9 548.5 171.8 80
2021000000408830 0.694 2.1 94.1 55.5 424.8 80
2021000000408830 0.686 275.8 2.5 525.5 214.4 80
2021000000408830 0.685 307.4 1.1 383.9 6.9 80
2021000000408830 0.677 281.7 5.7 518.4 106.0 80
2021000000408830 0.667 411.4 2.8 522.3 87.3 80
2021000000408830 0.656 462.8 0.5 552.5 61.7 80
2021000000408830 0.651 585.3 0.9 646.7 1.9 80
2021000000408830 0.650 549.3 -0.0 598.8 35.2 80
2021000000408830 0.646 473.4 1.0 562.0 17.3 80
2021000000408830 0.642 507.7 -1.2 591.8 42.5 80
2021000000408830 0.641 1.3 290.3 61.6 425.3 80
2021000000408830 0.628 339.6 0.3 534.1 94.0 80
2021000000408830 0.616 307.9 0.3 560.2 66.1 80
2021000000408830 0.613 -0.0 256.6 59.6 418.6 80
2021000000408830 0.597 282.2 2.2 512.7 150.7 80
2021000000408830 0.574 0.7 308.1 62.4 426.9 80
2021000000408830 0.508 277.6 1.9 523.7 100.8 10
2021000000408830 0.465 524.6 0.5 602.7 34.8 80
2021000000408830 0.439 503.5 1.3 604.0 39.1 80
2021000000408830 0.436 420.1 0.4 556.8 64.0 80
2021000000408830 0.396 393.8 -0.2 560.2 64.1 80
2021000000408830 0.387 492.7 -0.4 565.0 66.8 10
2021000000408830 0.295 492.7 -0.4 565.0 66.8 80
2021000000408830 0.260 393.8 -0.2 560.2 64.1 10
2021000000408830 0.210 420.1 0.4 556.8 64.0 10
2021000000408830 0.190 147.1 200.9 331.2 317.4 80
2021000000408830 0.189 277.6 1.9 523.7 100.8 80
2021000000408830 0.174 269.0 0.5 352.0 1.5 80
2021000000408830 0.171 524.6 0.5 602.7 34.8 10
2021000000408830 0.168 503.5 1.3 604.0 39.1 10
2021000000408830 0.166 579.3 64.5 657.0 469.0 80
2021000000408830 0.165 133.4 175.2 286.1 270.5 80
2021000000408830 0.150 0.7 308.1 62.4 426.9 5
2021000000408830 0.149 41.2 203.1 232.7 398.9 80
2021000000408830 0.133 503.5 1.3 604.0 39.1 5
2021000000408830 0.129 406.5 9.6 528.5 25.2 80
2021000000408830 0.126 488.6 202.3 581.4 257.1 80
2021000000408830 0.125 277.6 1.9 523.7 100.8 5
2021000000408830 0.124 212.4 133.8 346.3 211.8 80
2021000000408830 0.114 282.2 2.2 512.7 150.7 10
2021000000408830 0.112 174.4 144.6 284.9 209.2 80
2021000000408830 0.111 88.3 185.1 205.0 257.3 80
2021000000408830 0.111 -8.1 420.1 381.5 428.7 80
2021000000408830 0.110 108.1 232.3 225.3 305.4 80
2021000000408830 0.109 356.5 217.9 495.1 324.4 80
2021000000408830 0.104 -17.5 127.9 89.5 288.5 80
2021000000408830 0.103 -0.0 256.6 59.6 418.6 5
2021000000408830 0.102 332.0 239.2 440.4 308.7 80
2021000000408830 0.101 542.5 408.8 676.1 425.3 80
2021000000408830 0.101 351.7 296.4 448.6 354.2 80
2021000000408830 0.098 210.7 288.1 318.3 358.7 80
2021000000408830 0.098 13.6 413.2 153.0 429.1 80
2021000000408830 0.096 148.0 276.4 247.5 341.4 80
2021000000408830 0.095 40.9 176.3 125.2 232.0 80
2021000000408830 0.094 554.4 223.5 646.1 296.0 80
2021000000408830 0.093 513.0 231.3 615.1 314.7 80
2021000000408830 0.093 468.2 249.5 570.6 325.8 80
2021000000408830 0.092 431.1 269.9 533.5 344.6 80
2021000000408830 0.092 260.3 315.9 402.4 390.9 80
2021000000408830 0.091 54.8 205.7 164.2 300.9 80
2021000000408830 0.090 173.5 305.8 278.1 376.1 80
2021000000408830 0.089 307.9 0.3 560.2 66.1 10
2021000000408830 0.087 524.6 0.5 602.7 34.8 5
2021000000408830 0.086 503.5 1.3 604.0 39.1 17
2021000000408830 0.084 395.5 288.1 502.4 376.6 80
2021000000408830 0.082 1.3 290.3 61.6 425.3 5
2021000000408830 0.080 339.6 0.3 534.1 94.0 10
2021000000408830 0.080 175.1 386.0 300.9 421.8 80
2021000000408830 0.078 473.4 1.0 562.0 17.3 10
2021000000408830 0.078 488.5 244.5 604.6 397.7 80
2021000000408830 0.077 393.8 -0.2 560.2 64.1 18
2021000000408830 0.076 1.3 290.3 61.6 425.3 17
2021000000408830 0.076 81.5 376.1 182.6 416.4 80
2021000000408830 0.076 520.5 167.7 646.1 436.0 80
2021000000408830 0.076 0.7 308.1 62.4 426.9 17
2021000000408830 0.075 -0.0 256.6 59.6 418.6 17
2021000000408830 0.075 159.9 376.3 261.3 418.0 80
2021000000408830 0.075 462.8 1.6 535.0 2.7 80
2021000000408830 0.792 601.0 374.5 642.4 422.3 80
2021000000408830 0.783 80.4 61.8 501.2 295.7 80
2021000000408830 0.783 101.0 26.0 540.6 275.1 80
2021000000408830 0.777 104.4 67.6 421.1 346.9 80
2021000000408830 0.775 120.0 69.3 402.4 286.4 80
2021000000408830 0.769 145.4 4.6 529.1 227.2 80
2021000000408830 0.766 94.2 83.4 555.9 420.2 80
2021000000408830 0.765 46.2 25.9 597.3 414.5 80
2021000000408830 0.762 147.6 142.6 215.3 212.7 80
2021000000408830 0.760 9.6 278.7 273.9 423.2 80
2021000000408830 0.749 83.1 36.4 581.9 418.3 10
2021000000408830 0.746 286.2 4.6 459.4 94.7 80
2021000000408830 0.744 222.9 2.6 461.1 83.8 80
2021000000408830 0.743 638.8 60.2 640.1 179.0 80
2021000000408830 0.738 85.2 40.7 581.0 417.7 80
2021000000408830 0.723 4.1 289.3 145.4 424.7 80
2021000000408830 0.720 637.9 2.6 639.8 35.9 80
2021000000408830 0.707 6.4 89.4 52.4 419.8 80
2021000000408830 0.707 287.9 1.3 347.3 13.9 80
2021000000408830 0.706 -0.0 292.6 55.1 429.4 80
2021000000408830 0.699 4.5 193.5 65.1 425.9 80
2021000000408830 0.696 268.8 -1.9 548.5 171.8 80
2021000000408830 0.694 2.1 94.1 55.5 424.8 80
2021000000408830 0.686 275.8 2.5 525.5 214.4 80
2021000000408830 0.685 307.4 1.1 383.9 6.9 80
2021000000408830 0.677 281.7 5.7 518.4 106.0 80
2021000000408830 0.667 411.4 2.8 522.3 87.3 80
2021000000408830 0.656 462.8 0.5 552.5 61.7 80
2021000000408830 0.651 585.3 0.9 646.7 1.9 80
2021000000408830 0.650 549.3 -0.0 598.8 35.2 80
2021000000408830 0.646 473.4 1.0 562.0 17.3 80
2021000000408830 0.642 507.7 -1.2 591.8 42.5 80
2021000000408830 0.641 1.3 290.3 61.6 425.3 80
2021000000408830 0.628 339.6 0.3 534.1 94.0 80
2021000000408830 0.616 307.9 0.3 560.2 66.1 80
2021000000408830 0.613 -0.0 256.6 59.6 418.6 80
2021000000408830 0.597 282.2 2.2 512.7 150.7 80
2021000000408830 0.574 0.7 308.1 62.4 426.9 80
2021000000408830 0.508 277.6 1.9 523.7 100.8 10
2021000000408830 0.465 524.6 0.5 602.7 34.8 80
2021000000408830 0.439 503.5 1.3 604.0 39.1 80
2021000000408830 0.436 420.1 0.4 556.8 64.0 80
2021000000408830 0.396 393.8 -0.2 560.2 64.1 80
2021000000408830 0.387 492.7 -0.4 565.0 66.8 10
2021000000408830 0.295 492.7 -0.4 565.0 66.8 80
2021000000408830 0.260 393.8 -0.2 560.2 64.1 10
2021000000408830 0.210 420.1 0.4 556.8 64.0 10
2021000000408830 0.190 147.1 200.9 331.2 317.4 80
2021000000408830 0.189 277.6 1.9 523.7 100.8 80
2021000000408830 0.174 269.0 0.5 352.0 1.5 80
2021000000408830 0.171 524.6 0.5 602.7 34.8 10
2021000000408830 0.168 503.5 1.3 604.0 39.1 10
2021000000408830 0.166 579.3 64.5 657.0 469.0 80
2021000000408830 0.165 133.4 175.2 286.1 270.5 80
2021000000408830 0.150 0.7 308.1 62.4 426.9 5
2021000000408830 0.149 41.2 203.1 232.7 398.9 80
2021000000408830 0.133 503.5 1.3 604.0 39.1 5
2021000000408830 0.129 406.5 9.6 528.5 25.2 80
2021000000408830 0.126 488.6 202.3 581.4 257.1 80
2021000000408830 0.125 277.6 1.9 523.7 100.8 5
2021000000408830 0.124 212.4 133.8 346.3 211.8 80
2021000000408830 0.114 282.2 2.2 512.7 150.7 10
2021000000408830 0.112 174.4 144.6 284.9 209.2 80
2021000000408830 0.111 88.3 185.1 205.0 257.3 80
2021000000408830 0.111 -8.1 420.1 381.5 428.7 80
2021000000408830 0.110 108.1 232.3 225.3 305.4 80
2021000000408830 0.109 356.5 217.9 495.1 324.4 80
2021000000408830 0.104 -17.5 127.9 89.5 288.5 80
2021000000408830 0.103 -0.0 256.6 59.6 418.6 5
2021000000408830 0.102 332.0 239.2 440.4 308.7 80
2021000000408830 0.101 542.5 408.8 676.1 425.3 80
2021000000408830 0.101 351.7 296.4 448.6 354.2 80
2021000000408830 0.098 210.7 288.1 318.3 358.7 80
2021000000408830 0.098 13.6 413.2 153.0 429.1 80
2021000000408830 0.096 148.0 276.4 247.5 341.4 80
2021000000408830 0.095 40.9 176.3 125.2 232.0 80
2021000000408830 0.094 554.4 223.5 646.1 296.0 80
2021000000408830 0.093 513.0 231.3 615.1 314.7 80
2021000000408830 0.093 468.2 249.5 570.6 325.8 80
2021000000408830 0.092 431.1 269.9 533.5 344.6 80
2021000000408830 0.092 260.3 315.9 402.4 390.9 80
2021000000408830 0.091 54.8 205.7 164.2 300.9 80
2021000000408830 0.090 173.5 305.8 278.1 376.1 80
2021000000408830 0.089 307.9 0.3 560.2 66.1 10
2021000000408830 0.087 524.6 0.5 602.7 34.8 5
2021000000408830 0.086 503.5 1.3 604.0 39.1 17
2021000000408830 0.084 395.5 288.1 502.4 376.6 80
2021000000408830 0.082 1.3 290.3 61.6 425.3 5
2021000000408830 0.080 339.6 0.3 534.1 94.0 10
2021000000408830 0.080 175.1 386.0 300.9 421.8 80
2021000000408830 0.078 473.4 1.0 562.0 17.3 10
2021000000408830 0.078 488.5 244.5 604.6 397.7 80
2021000000408830 0.077 393.8 -0.2 560.2 64.1 18
2021000000408830 0.076 1.3 290.3 61.6 425.3 17
2021000000408830 0.076 81.5 376.1 182.6 416.4 80
2021000000408830 0.076 520.5 167.7 646.1 436.0 80
2021000000408830 0.076 0.7 308.1 62.4 426.9 17
2021000000408830 0.075 -0.0 256.6 59.6 418.6 17
2021000000408830 0.075 159.9 376.3 261.3 418.0 80
2021000000408830 0.075 462.8 1.6 535.0 2.7 80
2021000000408830 0.792 601.0 374.5 642.4 422.3 80
2021000000408830 0.783 80.4 61.8 501.2 295.7 80
2021000000408830 0.783 101.0 26.0 540.6 275.1 80
2021000000408830 0.777 104.4 67.6 421.1 346.9 80
2021000000408830 0.775 120.0 69.3 402.4 286.4 80
2021000000408830 0.769 145.4 4.6 529.1 227.2 80
2021000000408830 0.766 94.2 83.4 555.9 420.2 80
2021000000408830 0.765 46.2 25.9 597.3 414.5 80
2021000000408830 0.762 147.6 142.6 215.3 212.7 80
2021000000408830 0.760 9.6 278.7 273.9 423.2 80
2021000000408830 0.749 83.1 36.4 581.9 418.3 10
2021000000408830 0.746 286.2 4.6 459.4 94.7 80
2021000000408830 0.744 222.9 2.6 461.1 83.8 80
2021000000408830 0.743 638.8 60.2 640.1 179.0 80
2021000000408830 0.738 85.2 40.7 581.0 417.7 80
2021000000408830 0.723 4.1 289.3 145.4 424.7 80
2021000000408830 0.720 637.9 2.6 639.8 35.9 80
2021000000408830 0.707 6.4 89.4 52.4 419.8 80
2021000000408830 0.707 287.9 1.3 347.3 13.9 80
2021000000408830 0.706 -0.0 292.6 55.1 429.4 80
2021000000408830 0.699 4.5 193.5 65.1 425.9 80
2021000000408830 0.696 268.8 -1.9 548.5 171.8 80
2021000000408830 0.694 2.1 94.1 55.5 424.8 80
2021000000408830 0.686 275.8 2.5 525.5 214.4 80
2021000000408830 0.685 307.4 1.1 383.9 6.9 80
2021000000408830 0.677 281.7 5.7 518.4 106.0 80
2021000000408830 0.667 411.4 2.8 522.3 87.3 80
2021000000408830 0.656 462.8 0.5 552.5 61.7 80
2021000000408830 0.651 585.3 0.9 646.7 1.9 80
2021000000408830 0.650 549.3 -0.0 598.8 35.2 80
2021000000408830 0.646 473.4 1.0 562.0 17.3 80
2021000000408830 0.642 507.7 -1.2 591.8 42.5 80
2021000000408830 0.641 1.3 290.3 61.6 425.3 80
2021000000408830 0.628 339.6 0.3 534.1 94.0 80
2021000000408830 0.616 307.9 0.3 560.2 66.1 80
2021000000408830 0.613 -0.0 256.6 59.6 418.6 80
2021000000408830 0.597 282.2 2.2 512.7 150.7 80
2021000000408830 0.574 0.7 308.1 62.4 426.9 80
2021000000408830 0.508 277.6 1.9 523.7 100.8 10
2021000000408830 0.465 524.6 0.5 602.7 34.8 80
2021000000408830 0.439 503.5 1.3 604.0 39.1 80
2021000000408830 0.436 420.1 0.4 556.8 64.0 80
2021000000408830 0.396 393.8 -0.2 560.2 64.1 80
2021000000408830 0.387 492.7 -0.4 565.0 66.8 10
2021000000408830 0.295 492.7 -0.4 565.0 66.8 80
2021000000408830 0.260 393.8 -0.2 560.2 64.1 10
2021000000408830 0.210 420.1 0.4 556.8 64.0 10
2021000000408830 0.190 147.1 200.9 331.2 317.4 80
2021000000408830 0.189 277.6 1.9 523.7 100.8 80
2021000000408830 0.174 269.0 0.5 352.0 1.5 80
2021000000408830 0.171 524.6 0.5 602.7 34.8 10
2021000000408830 0.168 503.5 1.3 604.0 39.1 10
2021000000408830 0.166 579.3 64.5 657.0 469.0 80
2021000000408830 0.165 133.4 175.2 286.1 270.5 80
2021000000408830 0.150 0.7 308.1 62.4 426.9 5
2021000000408830 0.149 41.2 203.1 232.7 398.9 80
2021000000408830 0.133 503.5 1.3 604.0 39.1 5
2021000000408830 0.129 406.5 9.6 528.5 25.2 80
2021000000408830 0.126 488.6 202.3 581.4 257.1 80
2021000000408830 0.125 277.6 1.9 523.7 100.8 5
2021000000408830 0.124 212.4 133.8 346.3 211.8 80
2021000000408830 0.114 282.2 2.2 512.7 150.7 10
2021000000408830 0.112 174.4 144.6 284.9 209.2 80
2021000000408830 0.111 88.3 185.1 205.0 257.3 80
2021000000408830 0.111 -8.1 420.1 381.5 428.7 80
2021000000408830 0.110 108.1 232.3 225.3 305.4 80
2021000000408830 0.109 356.5 217.9 495.1 324.4 80
2021000000408830 0.104 -17.5 127.9 89.5 288.5 80
2021000000408830 0.103 -0.0 256.6 59.6 418.6 5
2021000000408830 0.102 332.0 239.2 440.4 308.7 80
2021000000408830 0.101 542.5 408.8 676.1 425.3 80
2021000000408830 0.101 351.7 296.4 448.6 354.2 80
2021000000408830 0.098 210.7 288.1 318.3 358.7 80
2021000000408830 0.098 13.6 413.2 153.0 429.1 80
2021000000408830 0.096 148.0 276.4 247.5 341.4 80
2021000000408830 0.095 40.9 176.3 125.2 232.0 80
2021000000408830 0.094 554.4 223.5 646.1 296.0 80
2021000000408830 0.093 513.0 231.3 615.1 314.7 80
2021000000408830 0.093 468.2 249.5 570.6 325.8 80
2021000000408830 0.092 431.1 269.9 533.5 344.6 80
2021000000408830 0.092 260.3 315.9 402.4 390.9 80
2021000000408830 0.091 54.8 205.7 164.2 300.9 80
2021000000408830 0.090 173.5 305.8 278.1 376.1 80
2021000000408830 0.089 307.9 0.3 560.2 66.1 10
2021000000408830 0.087 524.6 0.5 602.7 34.8 5
2021000000408830 0.086 503.5 1.3 604.0 39.1 17
2021000000408830 0.084 395.5 288.1 502.4 376.6 80
2021000000408830 0.082 1.3 290.3 61.6 425.3 5
2021000000408830 0.080 339.6 0.3 534.1 94.0 10
2021000000408830 0.080 175.1 386.0 300.9 421.8 80
2021000000408830 0.078 473.4 1.0 562.0 17.3 10
2021000000408830 0.078 488.5 244.5 604.6 397.7 80
2021000000408830 0.077 393.8 -0.2 560.2 64.1 18
2021000000408830 0.076 1.3 290.3 61.6 425.3 17
2021000000408830 0.076 81.5 376.1 182.6 416.4 80
2021000000408830 0.076 520.5 167.7 646.1 436.0 80
2021000000408830 0.076 0.7 308.1 62.4 426.9 17
2021000000408830 0.075 -0.0 256.6 59.6 418.6 17
2021000000408830 0.075 159.9 376.3 261.3 418.0 80
2021000000408830 0.075 462.8 1.6 535.0 2.7 80
