2021002211 0.712 198.2 330.9 312.3 495.2 14
2021002211 0.703 175.7 238.0 206.5 293.4 80
2021002211 0.701 61.0 324.0 118.4 431.3 14
2021002211 0.690 204.3 337.6 315.3 489.2 80
2021002211 0.687 151.9 299.0 180.3 343.2 80
2021002211 0.674 178.1 244.0 200.7 301.1 80
2021002211 0.670 1.8 344.3 46.9 437.2 14
2021002211 0.670 60.5 235.9 96.5 321.3 80
2021002211 0.662 5.9 217.3 50.3 284.9 80
2021002211 0.660 98.0 227.9 129.0 299.8 80
2021002211 0.658 146.8 315.7 178.1 357.4 80
2021002211 0.657 137.3 334.1 179.8 443.6 80
2021002211 0.655 61.0 330.0 111.3 435.9 80
2021002211 0.654 160.6 319.7 200.9 423.8 80
2021002211 0.654 0.2 13.6 45.2 138.2 80
2021002211 0.650 60.2 342.9 122.1 433.3 80
2021002211 0.649 224.5 337.8 305.1 422.6 80
2021002211 0.648 108.6 227.1 135.7 274.3 80
2021002211 0.648 289.3 326.5 368.1 426.8 80
2021002211 0.648 188.4 314.1 234.5 369.8 80
2021002211 0.645 78.8 334.8 119.2 395.3 80
2021002211 0.645 197.5 405.8 305.2 485.7 80
2021002211 0.641 53.2 222.4 94.6 299.4 80
2021002211 0.634 3.3 344.7 39.8 450.6 80
2021002211 0.631 11.3 214.4 48.2 272.3 80
2021002211 0.630 135.6 337.0 181.4 445.0 14
2021002211 0.619 169.0 310.4 196.8 363.4 80
2021002211 0.617 291.2 316.8 373.3 493.1 80
2021002211 0.608 337.1 422.1 376.1 501.4 80
2021002211 0.602 7.1 -3.5 372.4 161.4 80
2021002211 0.601 36.6 432.8 301.6 494.1 80
2021002211 0.599 189.6 342.6 245.7 466.9 80
2021002211 0.596 158.4 305.3 198.4 371.4 14
2021002211 0.594 304.1 359.7 376.4 500.1 80
2021002211 0.593 196.5 304.6 233.6 360.2 80
2021002211 0.589 7.1 322.9 53.3 400.9 80
2021002211 0.581 1.9 47.7 12.3 136.3 80
2021002211 0.576 369.0 308.0 375.1 339.1 80
2021002211 0.564 23.2 -9.5 364.9 144.7 80
2021002211 0.558 22.3 310.5 58.6 357.2 80
2021002211 0.549 367.3 306.7 374.7 411.1 80
2021002211 0.547 291.3 317.0 373.0 510.7 14
2021002211 0.541 37.4 361.0 63.5 431.1 80
2021002211 0.537 2.8 351.7 24.2 434.1 80
2021002211 0.535 0.7 309.1 10.6 343.2 80
2021002211 0.535 321.2 344.6 371.9 497.2 80
2021002211 0.522 0.5 5.9 374.4 260.0 80
2021002211 0.517 19.8 307.8 58.1 393.5 80
2021002211 0.501 371.8 333.5 375.2 414.4 80
2021002211 0.495 1.2 219.7 6.1 276.9 80
2021002211 0.492 373.3 110.0 375.1 197.4 80
2021002211 0.464 0.5 -0.9 374.5 498.0 80
2021002211 0.464 353.8 51.9 377.1 534.5 80
2021002211 0.459 10.3 431.2 305.9 499.3 80
2021002211 0.443 54.2 222.3 94.2 282.5 80
2021002211 0.442 191.3 306.5 239.2 386.3 14
2021002211 0.415 252.9 486.0 353.7 501.6 80
2021002211 0.405 8.2 427.6 286.5 499.5 80
2021002211 0.399 191.7 347.5 240.8 444.2 80
2021002211 0.393 61.4 321.7 88.6 374.6 80
2021002211 0.378 93.9 223.3 133.8 296.7 80
2021002211 0.343 93.9 223.3 133.8 296.7 4
2021002211 0.307 373.7 70.4 375.2 375.3 80
2021002211 0.289 -13.0 471.3 242.9 506.3 80
2021002211 0.282 191.3 306.5 239.2 386.3 80
2021002211 0.273 185.2 2.1 363.1 500.9 80
2021002211 0.272 54.2 222.3 94.2 282.5 4
2021002211 0.272 191.7 347.5 240.8 444.2 14
2021002211 0.265 61.4 321.7 88.6 374.6 14
2021002211 0.250 -4.6 8.2 23.6 277.9 80
2021002211 0.225 304.1 277.4 328.6 324.4 80
2021002211 0.225 222.1 299.3 243.7 332.0 80
2021002211 0.220 59.8 359.4 321.9 482.7 80
2021002211 0.220 374.3 2.4 375.5 52.9 80
2021002211 0.207 6.9 59.5 102.8 448.0 80
2021002211 0.202 19.8 307.8 58.1 393.5 14
2021002211 0.193 291.3 317.0 373.0 510.7 80
2021002211 0.192 8.2 427.6 286.5 499.5 10
2021002211 0.185 230.0 312.2 254.6 353.4 80
2021002211 0.171 10.3 431.2 305.9 499.3 10
2021002211 0.170 158.4 305.3 198.4 371.4 80
2021002211 0.162 70.4 298.2 321.7 426.6 80
2021002211 0.153 321.2 344.6 371.9 497.2 14
2021002211 0.146 40.3 324.6 222.3 443.9 80
2021002211 0.144 2.8 351.7 24.2 434.1 14
2021002211 0.138 283.8 359.7 312.1 409.5 80
2021002211 0.132 183.9 292.8 218.9 337.5 80
2021002211 0.132 69.7 148.8 308.9 378.1 80
2021002211 0.131 263.0 315.5 296.7 361.7 80
2021002211 0.127 35.6 159.8 241.5 366.2 80
2021002211 0.126 7.1 322.9 53.3 400.9 14
2021002211 0.126 290.0 299.3 330.7 360.6 80
2021002211 0.125 189.6 342.6 245.7 466.9 14
2021002211 0.125 22.3 310.5 58.6 357.2 14
2021002211 0.120 70.0 183.7 174.4 262.8 80
2021002211 0.120 209.9 235.6 328.6 368.9 80
2021002211 0.119 135.6 337.0 181.4 445.0 80
2021002211 0.118 0.7 309.1 10.6 343.2 14
2021002211 0.114 313.8 136.4 383.3 356.4 80
2021002211 0.112 160.6 319.7 200.9 423.8 14
2021002211 0.712 198.2 330.9 312.3 495.2 14
2021002211 0.703 175.7 238.0 206.5 293.4 80
2021002211 0.701 61.0 324.0 118.4 431.3 14
2021002211 0.690 204.3 337.6 315.3 489.2 80
2021002211 0.687 151.9 299.0 180.3 343.2 80
2021002211 0.674 178.1 244.0 200.7 301.1 80
2021002211 0.670 1.8 344.3 46.9 437.2 14
2021002211 0.670 60.5 235.9 96.5 321.3 80
2021002211 0.662 5.9 217.3 50.3 284.9 80
2021002211 0.660 98.0 227.9 129.0 299.8 80
2021002211 0.658 146.8 315.7 178.1 357.4 80
2021002211 0.657 137.3 334.1 179.8 443.6 80
2021002211 0.655 61.0 330.0 111.3 435.9 80
2021002211 0.654 160.6 319.7 200.9 423.8 80
2021002211 0.654 0.2 13.6 45.2 138.2 80
2021002211 0.650 60.2 342.9 122.1 433.3 80
2021002211 0.649 224.5 337.8 305.1 422.6 80
2021002211 0.648 108.6 227.1 135.7 274.3 80
2021002211 0.648 289.3 326.5 368.1 426.8 80
2021002211 0.648 188.4 314.1 234.5 369.8 80
2021002211 0.645 78.8 334.8 119.2 395.3 80
2021002211 0.645 197.5 405.8 305.2 485.7 80
2021002211 0.641 53.2 222.4 94.6 299.4 80
2021002211 0.634 3.3 344.7 39.8 450.6 80
2021002211 0.631 11.3 214.4 48.2 272.3 80
2021002211 0.630 135.6 337.0 181.4 445.0 14
2021002211 0.619 169.0 310.4 196.8 363.4 80
2021002211 0.617 291.2 316.8 373.3 493.1 80
2021002211 0.608 337.1 422.1 376.1 501.4 80
2021002211 0.602 7.1 -3.5 372.4 161.4 80
2021002211 0.601 36.6 432.8 301.6 494.1 80
2021002211 0.599 189.6 342.6 245.7 466.9 80
2021002211 0.596 158.4 305.3 198.4 371.4 14
2021002211 0.594 304.1 359.7 376.4 500.1 80
2021002211 0.593 196.5 304.6 233.6 360.2 80
2021002211 0.589 7.1 322.9 53.3 400.9 80
2021002211 0.581 1.9 47.7 12.3 136.3 80
2021002211 0.576 369.0 308.0 375.1 339.1 80
2021002211 0.564 23.2 -9.5 364.9 144.7 80
2021002211 0.558 22.3 310.5 58.6 357.2 80
2021002211 0.549 367.3 306.7 374.7 411.1 80
2021002211 0.547 291.3 317.0 373.0 510.7 14
2021002211 0.541 37.4 361.0 63.5 431.1 80
2021002211 0.537 2.8 351.7 24.2 434.1 80
2021002211 0.535 0.7 309.1 10.6 343.2 80
2021002211 0.535 321.2 344.6 371.9 497.2 80
2021002211 0.522 0.5 5.9 374.4 260.0 80
2021002211 0.517 19.8 307.8 58.1 393.5 80
2021002211 0.501 371.8 333.5 375.2 414.4 80
2021002211 0.495 1.2 219.7 6.1 276.9 80
2021002211 0.492 373.3 110.0 375.1 197.4 80
2021002211 0.464 0.5 -0.9 374.5 498.0 80
2021002211 0.464 353.8 51.9 377.1 534.5 80
2021002211 0.459 10.3 431.2 305.9 499.3 80
2021002211 0.443 54.2 222.3 94.2 282.5 80
2021002211 0.442 191.3 306.5 239.2 386.3 14
2021002211 0.415 252.9 486.0 353.7 501.6 80
2021002211 0.405 8.2 427.6 286.5 499.5 80
2021002211 0.399 191.7 347.5 240.8 444.2 80
2021002211 0.393 61.4 321.7 88.6 374.6 80
2021002211 0.378 93.9 223.3 133.8 296.7 80
2021002211 0.343 93.9 223.3 133.8 296.7 4
2021002211 0.307 373.7 70.4 375.2 375.3 80
2021002211 0.289 -13.0 471.3 242.9 506.3 80
2021002211 0.282 191.3 306.5 239.2 386.3 80
2021002211 0.273 185.2 2.1 363.1 500.9 80
2021002211 0.272 54.2 222.3 94.2 282.5 4
2021002211 0.272 191.7 347.5 240.8 444.2 14
2021002211 0.265 61.4 321.7 88.6 374.6 14
2021002211 0.250 -4.6 8.2 23.6 277.9 80
2021002211 0.225 304.1 277.4 328.6 324.4 80
2021002211 0.225 222.1 299.3 243.7 332.0 80
2021002211 0.220 59.8 359.4 321.9 482.7 80
2021002211 0.220 374.3 2.4 375.5 52.9 80
2021002211 0.207 6.9 59.5 102.8 448.0 80
2021002211 0.202 19.8 307.8 58.1 393.5 14
2021002211 0.193 291.3 317.0 373.0 510.7 80
2021002211 0.192 8.2 427.6 286.5 499.5 10
2021002211 0.185 230.0 312.2 254.6 353.4 80
2021002211 0.171 10.3 431.2 305.9 499.3 10
2021002211 0.170 158.4 305.3 198.4 371.4 80
2021002211 0.162 70.4 298.2 321.7 426.6 80
2021002211 0.153 321.2 344.6 371.9 497.2 14
2021002211 0.146 40.3 324.6 222.3 443.9 80
2021002211 0.144 2.8 351.7 24.2 434.1 14
2021002211 0.138 283.8 359.7 312.1 409.5 80
2021002211 0.132 183.9 292.8 218.9 337.5 80
2021002211 0.132 69.7 148.8 308.9 378.1 80
2021002211 0.131 263.0 315.5 296.7 361.7 80
2021002211 0.127 35.6 159.8 241.5 366.2 80
2021002211 0.126 7.1 322.9 53.3 400.9 14
2021002211 0.126 290.0 299.3 330.7 360.6 80
2021002211 0.125 189.6 342.6 245.7 466.9 14
2021002211 0.125 22.3 310.5 58.6 357.2 14
2021002211 0.120 70.0 183.7 174.4 262.8 80
2021002211 0.120 209.9 235.6 328.6 368.9 80
2021002211 0.119 135.6 337.0 181.4 445.0 80
2021002211 0.118 0.7 309.1 10.6 343.2 14
2021002211 0.114 313.8 136.4 383.3 356.4 80
2021002211 0.112 160.6 319.7 200.9 423.8 14
2021002211 0.000 274.2 138.0 369.7 347.9 80
2021002211 0.000 3.6 170.1 147.4 355.4 80
2021002211 0.000 159.5 102.9 310.9 256.1 80
2021002211 0.000 103.6 47.3 248.7 250.8 80
2021002211 0.000 205.5 188.2 375.2 338.3 80
2021002211 0.000 0.6 39.8 77.2 331.8 80
2021002211 0.000 337.9 85.0 374.9 195.1 80
2021002211 0.000 148.0 215.9 208.1 302.0 80
2021002211 0.000 0.6 172.5 77.2 475.3 80
2021002211 0.000 0.5 200.0 35.7 311.7 80
2021002211 0.000 62.3 251.8 118.1 339.7 80
2021002211 0.000 340.0 254.9 374.9 369.7 80
2021002211 0.000 340.3 170.4 374.8 282.3 80
2021002211 0.000 119.2 71.1 368.6 369.0 80
2021002211 0.000 100.1 182.7 166.4 269.0 80
2021002211 0.000 301.8 236.4 362.2 323.5 80
2021002211 0.000 1.4 268.4 36.0 380.1 80
2021002211 0.000 13.3 207.2 78.7 293.8 80
2021002211 0.000 103.5 230.1 167.4 316.1 80
2021002211 0.000 332.8 333.4 374.2 485.8 80
2021002211 0.000 19.8 142.9 228.6 350.8 80
2021002211 0.000 182.2 186.1 248.8 271.3 80
2021002211 0.000 214.8 230.6 279.9 315.8 80
2021002211 0.000 149.6 149.7 216.4 235.9 80
2021002211 0.000 239.7 3.9 379.0 248.6 80
2021002211 0.000 251.8 196.9 319.2 281.9 80
2021002211 0.000 298.6 156.7 375.3 472.3 80
2021002211 0.000 52.2 160.7 120.5 246.1 80
2021002211 0.000 260.5 271.5 321.0 357.5 80
2021002211 0.000 0.4 28.2 39.1 140.9 80
2021002211 0.000 181.5 63.4 337.0 411.1 80
2021002211 0.000 8.3 22.9 168.3 245.8 80
2021002211 0.000 100.0 187.3 279.6 316.6 80
2021002211 0.000 144.1 160.5 252.6 355.3 80
2021002211 0.000 208.1 135.6 368.6 491.0 80
2021002211 0.000 0.5 118.7 38.5 231.7 80
2021002211 0.000 177.6 201.0 296.7 451.0 80
2021002211 0.000 79.0 193.2 190.1 412.5 80
2021002211 0.000 1.4 2.6 374.5 276.2 80
2021002211 0.000 27.4 295.8 88.6 385.4 80
2021002211 0.000 224.5 138.9 294.4 223.7 80
2021002211 0.000 0.7 336.0 43.4 492.6 80
2021002211 0.000 22.2 33.5 298.9 344.9 80
2021002211 0.000 142.3 71.5 211.7 157.2 80
2021002211 0.000 118.9 167.3 248.8 462.4 80
2021002211 0.000 91.7 112.8 285.5 485.5 80
2021002211 0.000 -2.7 123.0 182.9 494.6 80
2021002211 0.000 284.1 135.0 354.1 220.6 80
2021002211 0.000 83.3 133.0 290.8 394.5 80
2021002211 0.000 113.3 104.8 380.6 498.3 80
2021002211 0.000 58.8 31.2 318.3 478.2 80
2021002211 0.000 6.2 193.7 267.3 491.0 80
2021002211 0.000 109.2 282.4 267.9 494.0 80
2021002211 0.000 55.4 65.2 206.8 408.4 80
2021002211 0.000 269.0 26.2 375.4 479.9 80
2021002211 0.000 95.1 114.2 164.6 199.4 80
2021002211 0.000 109.6 216.1 358.3 491.7 80
2021002211 0.000 -1.2 257.1 145.8 493.4 80
2021002211 0.000 6.2 329.7 246.3 497.1 80
2021002211 0.000 157.3 9.2 376.5 496.0 80
2021002211 0.000 221.4 257.5 366.2 491.0 80
2021002211 0.000 -1.9 97.8 279.1 495.3 80
2021002211 0.000 2.8 375.1 99.7 499.1 80
2021002211 0.000 -1.9 10.2 220.9 494.3 80
2021002211 0.000 42.1 106.1 344.7 433.9 80
2021002211 0.000 99.8 304.0 159.9 387.7 80
2021002211 0.000 150.3 350.1 373.1 499.9 80
2021002211 0.000 30.7 199.4 324.1 375.2 80
2021002211 0.000 270.4 335.5 370.9 494.4 80
2021002211 0.000 1.1 303.4 374.1 500.9 80
2021002211 0.000 1.0 2.1 312.9 497.1 80
2021002211 0.000 -1.3 22.1 110.8 486.5 80
2021002211 0.000 97.4 13.4 283.8 488.1 80
2021002211 0.000 60.2 2.4 373.5 495.5 80
2021002211 0.000 101.0 -2.3 348.6 159.1 80
2021002211 0.000 0.4 148.7 374.3 495.6 80
2021002211 0.000 12.6 59.4 358.2 501.6 80
2021002211 0.000 1.0 30.2 374.6 444.6 80
2021002211 0.000 2.0 121.5 374.6 375.6 80
2021002211 0.000 166.8 268.0 310.0 390.2 80
2021002211 0.000 0.8 0.3 374.8 499.0 80
2021002211 0.000 185.7 6.4 254.1 97.0 80
2021002211 0.000 156.2 335.2 235.4 426.5 80
2021002211 0.000 136.0 307.5 193.9 389.0 80
2021002211 0.000 238.1 69.8 310.2 155.8 80
2021002211 0.000 319.2 7.2 373.2 114.4 80
2021002211 0.000 243.3 301.9 305.5 381.3 80
2021002211 0.000 24.2 89.9 98.0 179.5 80
2021002211 0.000 0.8 0.3 374.8 499.0 14
2021002211 0.000 114.7 396.1 176.3 484.8 80
2021002211 0.000 0.8 0.3 374.8 499.0 7
2021002211 0.000 0.8 0.3 374.8 499.0 11
2021002211 0.000 60.2 2.4 373.5 495.5 14
2021002211 0.000 58.8 31.2 318.3 478.2 14
2021002211 0.000 157.3 9.2 376.5 496.0 14
2021002211 0.000 -2.7 123.0 182.9 494.6 14
2021002211 0.000 12.6 59.4 358.2 501.6 14
2021002211 0.000 1.0 2.1 312.9 497.1 14
2021002211 0.000 -1.9 10.2 220.9 494.3 14
2021002211 0.000 91.7 112.8 285.5 485.5 14
