2021000000451144 0.794 599.4 424.1 637.7 477.3 80
2021000000451144 0.777 12.9 32.9 630.2 410.0 80
2021000000451144 0.762 444.9 357.5 460.8 377.3 80
2021000000451144 0.760 382.4 206.7 457.5 379.7 80
2021000000451144 0.759 565.5 313.6 582.1 351.0 80
2021000000451144 0.755 522.2 210.7 556.1 281.2 80
2021000000451144 0.753 379.9 202.7 433.0 298.2 80
2021000000451144 0.753 216.6 382.1 222.2 386.5 80
2021000000451144 0.753 529.3 218.6 573.2 288.9 80
2021000000451144 0.751 368.5 213.3 424.6 369.8 80
2021000000451144 0.749 359.6 210.0 418.1 305.6 80
2021000000451144 0.744 522.2 205.0 581.4 361.3 80
2021000000451144 0.739 638.4 187.3 640.1 275.9 80
2021000000451144 0.734 379.0 192.2 461.1 384.4 18
2021000000451144 0.729 638.7 273.8 640.1 349.9 80
2021000000451144 0.715 521.0 202.0 583.6 364.0 18
2021000000451144 0.214 596.4 72.8 650.4 534.4 80
2021000000451144 0.127 475.7 288.8 565.1 354.3 80
2021000000451144 0.127 90.6 46.3 208.0 80.8 80
2021000000451144 0.127 531.9 216.1 622.9 284.3 80
