2021000000107339 0.712 125.1 17.5 182.0 122.2 14
2021000000107339 0.696 50.3 81.8 83.7 136.9 14
2021000000107339 0.684 78.4 76.9 175.3 143.1 80
2021000000107339 0.683 111.0 73.0 243.4 171.9 80
2021000000107339 0.682 54.1 83.8 83.6 125.1 80
2021000000107339 0.675 50.8 86.7 84.0 135.9 80
2021000000107339 0.674 159.9 24.6 181.7 112.8 80
2021000000107339 0.673 126.2 22.0 180.8 109.2 80
2021000000107339 0.668 129.8 127.5 239.2 179.6 80
2021000000107339 0.666 214.3 149.8 238.2 180.9 80
2021000000107339 0.666 51.3 84.6 82.1 133.3 80
2021000000107339 0.664 126.0 20.2 179.7 108.0 80
2021000000107339 0.664 65.9 74.0 150.1 128.6 80
2021000000107339 0.662 194.9 127.3 241.3 180.7 80
2021000000107339 0.662 1.8 115.2 40.4 153.1 80
2021000000107339 0.658 158.8 82.0 239.7 174.8 80
2021000000107339 0.657 43.1 73.6 156.6 132.5 80
2021000000107339 0.649 187.0 62.8 236.6 139.9 80
2021000000107339 0.647 173.1 73.7 235.8 141.9 80
2021000000107339 0.646 96.9 133.6 233.1 179.1 80
2021000000107339 0.643 49.8 81.3 83.0 128.7 80
2021000000107339 0.637 1.9 94.9 239.9 179.8 80
2021000000107339 0.634 0.1 11.4 239.1 172.1 80
2021000000107339 0.628 104.8 30.5 254.9 153.5 80
2021000000107339 0.625 1.7 81.9 82.8 143.9 80
2021000000107339 0.624 186.5 2.7 239.5 153.8 80
2021000000107339 0.619 1.3 73.3 225.3 142.0 80
2021000000107339 0.614 170.0 -3.0 241.3 155.7 80
2021000000107339 0.613 18.3 81.2 79.4 126.6 80
2021000000107339 0.611 7.3 83.3 52.9 132.5 80
2021000000107339 0.611 219.7 101.5 241.0 178.6 80
2021000000107339 0.607 165.9 70.6 235.7 139.4 80
2021000000107339 0.604 25.7 75.4 155.4 135.8 80
2021000000107339 0.604 6.0 56.8 39.5 149.9 80
2021000000107339 0.602 55.7 80.0 135.5 124.6 80
2021000000107339 0.598 127.5 24.2 179.8 133.1 80
2021000000107339 0.596 1.5 69.4 138.0 127.6 80
2021000000107339 0.595 148.7 74.6 238.3 139.3 80
2021000000107339 0.594 9.1 80.5 90.8 138.1 80
2021000000107339 0.591 15.2 73.6 176.2 132.7 80
2021000000107339 0.584 174.7 75.9 239.1 141.9 80
2021000000107339 0.582 1.1 125.9 239.7 181.1 80
2021000000107339 0.580 229.1 36.8 240.5 177.6 80
2021000000107339 0.574 233.3 34.5 240.4 139.1 80
2021000000107339 0.563 148.6 154.8 244.8 179.8 80
2021000000107339 0.560 67.0 81.1 145.3 124.7 80
2021000000107339 0.559 1.9 2.3 19.0 14.7 80
2021000000107339 0.551 11.4 73.1 157.1 132.0 80
2021000000107339 0.546 0.0 120.7 29.2 185.3 80
2021000000107339 0.545 237.2 61.3 240.1 134.6 80
2021000000107339 0.537 237.4 88.7 240.2 171.7 80
2021000000107339 0.530 224.7 2.7 241.3 151.3 80
2021000000107339 0.530 32.9 74.1 151.4 131.3 80
2021000000107339 0.525 23.8 159.0 235.9 181.2 80
2021000000107339 0.525 238.7 32.2 240.0 108.8 80
2021000000107339 0.493 2.1 17.2 42.3 124.1 80
2021000000107339 0.490 3.2 37.5 45.0 131.2 80
2021000000107339 0.474 2.1 12.0 50.0 135.4 80
2021000000107339 0.449 0.7 5.1 5.1 43.8 80
2021000000107339 0.419 237.3 -0.1 241.0 17.8 80
2021000000107339 0.410 47.5 73.5 148.4 126.6 17
2021000000107339 0.383 1.2 3.6 39.4 127.0 80
2021000000107339 0.383 137.0 37.9 173.3 78.3 80
2021000000107339 0.373 173.6 72.4 238.5 141.9 17
2021000000107339 0.352 1.0 55.5 2.1 116.2 80
2021000000107339 0.347 6.2 85.0 48.5 136.5 80
2021000000107339 0.342 1.0 86.4 6.8 167.3 80
2021000000107339 0.337 5.9 86.4 46.3 129.2 80
2021000000107339 0.276 119.0 30.2 230.5 135.0 80
2021000000107339 0.275 0.8 17.1 1.7 101.7 80
2021000000107339 0.271 8.5 30.6 212.2 123.6 80
2021000000107339 0.257 27.4 87.9 102.1 136.0 80
2021000000107339 0.249 47.5 73.5 148.4 126.6 80
2021000000107339 0.248 1.2 3.6 39.4 127.0 19
2021000000107339 0.246 173.6 72.4 238.5 141.9 80
2021000000107339 0.203 5.9 86.4 46.3 129.2 17
2021000000107339 0.201 5.9 86.4 46.3 129.2 19
2021000000107339 0.195 49.3 127.4 233.0 179.8 80
2021000000107339 0.193 6.2 85.0 48.5 136.5 8
2021000000107339 0.189 3.2 37.5 45.0 131.2 19
2021000000107339 0.189 2.1 17.2 42.3 124.1 19
2021000000107339 0.188 32.9 74.1 151.4 131.3 17
2021000000107339 0.180 6.2 85.0 48.5 136.5 17
2021000000107339 0.154 5.9 86.4 46.3 129.2 8
2021000000107339 0.150 1.3 148.2 57.9 184.8 80
2021000000107339 0.147 36.3 136.2 180.4 181.0 80
2021000000107339 0.147 6.2 85.0 48.5 136.5 19
2021000000107339 0.139 82.0 92.5 228.1 165.3 80
2021000000107339 0.137 9.3 112.5 130.2 176.4 80
2021000000107339 0.136 17.5 172.3 83.0 181.6 80
2021000000107339 0.133 148.7 74.6 238.3 139.3 17
2021000000107339 0.133 48.0 172.3 120.0 180.9 80
2021000000107339 0.132 47.5 73.5 148.4 126.6 8
2021000000107339 0.131 121.7 118.6 150.6 139.0 80
2021000000107339 0.131 109.2 72.9 214.6 131.1 80
2021000000107339 0.130 1.5 69.4 138.0 127.6 17
2021000000107339 0.128 93.9 101.5 114.2 118.9 80
2021000000107339 0.126 11.4 73.1 157.1 132.0 17
2021000000107339 0.126 69.3 101.3 89.7 120.6 80
2021000000107339 0.124 61.8 102.7 178.8 146.6 80
2021000000107339 0.712 125.1 17.5 182.0 122.2 14
2021000000107339 0.696 50.3 81.8 83.7 136.9 14
2021000000107339 0.684 78.4 76.9 175.3 143.1 80
2021000000107339 0.683 111.0 73.0 243.4 171.9 80
2021000000107339 0.682 54.1 83.8 83.6 125.1 80
2021000000107339 0.675 50.8 86.7 84.0 135.9 80
2021000000107339 0.674 159.9 24.6 181.7 112.8 80
2021000000107339 0.673 126.2 22.0 180.8 109.2 80
2021000000107339 0.668 129.8 127.5 239.2 179.6 80
2021000000107339 0.666 214.3 149.8 238.2 180.9 80
2021000000107339 0.666 51.3 84.6 82.1 133.3 80
2021000000107339 0.664 126.0 20.2 179.7 108.0 80
2021000000107339 0.664 65.9 74.0 150.1 128.6 80
2021000000107339 0.662 194.9 127.3 241.3 180.7 80
2021000000107339 0.662 1.8 115.2 40.4 153.1 80
2021000000107339 0.658 158.8 82.0 239.7 174.8 80
2021000000107339 0.657 43.1 73.6 156.6 132.5 80
2021000000107339 0.649 187.0 62.8 236.6 139.9 80
2021000000107339 0.647 173.1 73.7 235.8 141.9 80
2021000000107339 0.646 96.9 133.6 233.1 179.1 80
2021000000107339 0.643 49.8 81.3 83.0 128.7 80
2021000000107339 0.637 1.9 94.9 239.9 179.8 80
2021000000107339 0.634 0.1 11.4 239.1 172.1 80
2021000000107339 0.628 104.8 30.5 254.9 153.5 80
2021000000107339 0.625 1.7 81.9 82.8 143.9 80
2021000000107339 0.624 186.5 2.7 239.5 153.8 80
2021000000107339 0.619 1.3 73.3 225.3 142.0 80
2021000000107339 0.614 170.0 -3.0 241.3 155.7 80
2021000000107339 0.613 18.3 81.2 79.4 126.6 80
2021000000107339 0.611 7.3 83.3 52.9 132.5 80
2021000000107339 0.611 219.7 101.5 241.0 178.6 80
2021000000107339 0.607 165.9 70.6 235.7 139.4 80
2021000000107339 0.604 25.7 75.4 155.4 135.8 80
2021000000107339 0.604 6.0 56.8 39.5 149.9 80
2021000000107339 0.602 55.7 80.0 135.5 124.6 80
2021000000107339 0.598 127.5 24.2 179.8 133.1 80
2021000000107339 0.596 1.5 69.4 138.0 127.6 80
2021000000107339 0.595 148.7 74.6 238.3 139.3 80
2021000000107339 0.594 9.1 80.5 90.8 138.1 80
2021000000107339 0.591 15.2 73.6 176.2 132.7 80
2021000000107339 0.584 174.7 75.9 239.1 141.9 80
2021000000107339 0.582 1.1 125.9 239.7 181.1 80
2021000000107339 0.580 229.1 36.8 240.5 177.6 80
2021000000107339 0.574 233.3 34.5 240.4 139.1 80
2021000000107339 0.563 148.6 154.8 244.8 179.8 80
2021000000107339 0.560 67.0 81.1 145.3 124.7 80
2021000000107339 0.559 1.9 2.3 19.0 14.7 80
2021000000107339 0.551 11.4 73.1 157.1 132.0 80
2021000000107339 0.546 0.0 120.7 29.2 185.3 80
2021000000107339 0.545 237.2 61.3 240.1 134.6 80
2021000000107339 0.537 237.4 88.7 240.2 171.7 80
2021000000107339 0.530 224.7 2.7 241.3 151.3 80
2021000000107339 0.530 32.9 74.1 151.4 131.3 80
2021000000107339 0.525 23.8 159.0 235.9 181.2 80
2021000000107339 0.525 238.7 32.2 240.0 108.8 80
2021000000107339 0.493 2.1 17.2 42.3 124.1 80
2021000000107339 0.490 3.2 37.5 45.0 131.2 80
2021000000107339 0.474 2.1 12.0 50.0 135.4 80
2021000000107339 0.449 0.7 5.1 5.1 43.8 80
2021000000107339 0.419 237.3 -0.1 241.0 17.8 80
2021000000107339 0.410 47.5 73.5 148.4 126.6 17
2021000000107339 0.383 1.2 3.6 39.4 127.0 80
2021000000107339 0.383 137.0 37.9 173.3 78.3 80
2021000000107339 0.373 173.6 72.4 238.5 141.9 17
2021000000107339 0.352 1.0 55.5 2.1 116.2 80
2021000000107339 0.347 6.2 85.0 48.5 136.5 80
2021000000107339 0.342 1.0 86.4 6.8 167.3 80
2021000000107339 0.337 5.9 86.4 46.3 129.2 80
2021000000107339 0.276 119.0 30.2 230.5 135.0 80
2021000000107339 0.275 0.8 17.1 1.7 101.7 80
2021000000107339 0.271 8.5 30.6 212.2 123.6 80
2021000000107339 0.257 27.4 87.9 102.1 136.0 80
2021000000107339 0.249 47.5 73.5 148.4 126.6 80
2021000000107339 0.248 1.2 3.6 39.4 127.0 19
2021000000107339 0.246 173.6 72.4 238.5 141.9 80
2021000000107339 0.203 5.9 86.4 46.3 129.2 17
2021000000107339 0.201 5.9 86.4 46.3 129.2 19
2021000000107339 0.195 49.3 127.4 233.0 179.8 80
2021000000107339 0.193 6.2 85.0 48.5 136.5 8
2021000000107339 0.189 3.2 37.5 45.0 131.2 19
2021000000107339 0.189 2.1 17.2 42.3 124.1 19
2021000000107339 0.188 32.9 74.1 151.4 131.3 17
2021000000107339 0.180 6.2 85.0 48.5 136.5 17
2021000000107339 0.154 5.9 86.4 46.3 129.2 8
2021000000107339 0.150 1.3 148.2 57.9 184.8 80
2021000000107339 0.147 36.3 136.2 180.4 181.0 80
2021000000107339 0.147 6.2 85.0 48.5 136.5 19
2021000000107339 0.139 82.0 92.5 228.1 165.3 80
2021000000107339 0.137 9.3 112.5 130.2 176.4 80
2021000000107339 0.136 17.5 172.3 83.0 181.6 80
2021000000107339 0.133 148.7 74.6 238.3 139.3 17
2021000000107339 0.133 48.0 172.3 120.0 180.9 80
2021000000107339 0.132 47.5 73.5 148.4 126.6 8
2021000000107339 0.131 121.7 118.6 150.6 139.0 80
2021000000107339 0.131 109.2 72.9 214.6 131.1 80
2021000000107339 0.130 1.5 69.4 138.0 127.6 17
2021000000107339 0.128 93.9 101.5 114.2 118.9 80
2021000000107339 0.126 11.4 73.1 157.1 132.0 17
2021000000107339 0.126 69.3 101.3 89.7 120.6 80
2021000000107339 0.124 61.8 102.7 178.8 146.6 80
2021000000107339 0.000 116.7 35.7 178.9 109.3 80
2021000000107339 0.000 0.9 21.2 49.7 118.9 80
2021000000107339 0.000 69.5 65.8 100.9 97.1 80
2021000000107339 0.000 102.0 54.2 132.1 85.5 80
2021000000107339 0.000 178.6 52.9 233.4 129.0 80
2021000000107339 0.000 123.3 66.7 152.2 98.2 80
2021000000107339 0.000 75.7 15.6 145.9 101.6 80
2021000000107339 0.000 22.4 105.1 51.5 138.7 80
2021000000107339 0.000 66.0 40.0 99.6 72.7 80
2021000000107339 0.000 39.6 57.0 70.5 89.5 80
2021000000107339 0.000 95.5 25.4 130.7 57.5 80
2021000000107339 0.000 218.2 62.2 239.8 101.4 80
2021000000107339 0.000 186.6 47.2 221.6 78.8 80
2021000000107339 0.000 167.9 70.3 197.3 101.3 80
2021000000107339 0.000 66.2 105.3 96.9 140.5 80
2021000000107339 0.000 9.9 13.0 99.1 93.5 80
2021000000107339 0.000 1.2 97.1 23.0 136.8 80
2021000000107339 0.000 143.5 82.4 172.7 113.4 80
2021000000107339 0.000 218.2 93.1 239.8 132.3 80
2021000000107339 0.000 171.5 95.4 199.5 127.5 80
2021000000107339 0.000 151.0 49.0 180.6 80.5 80
2021000000107339 0.000 156.0 4.5 238.4 92.1 80
2021000000107339 0.000 138.5 64.3 233.2 123.7 80
2021000000107339 0.000 99.2 77.4 128.3 108.2 80
2021000000107339 0.000 0.9 60.9 49.0 171.8 80
2021000000107339 0.000 16.5 61.7 80.0 132.9 80
2021000000107339 0.000 1.0 73.2 22.6 112.6 80
2021000000107339 0.000 43.7 90.7 71.9 121.9 80
2021000000107339 0.000 216.1 26.5 239.9 73.6 80
2021000000107339 0.000 57.1 78.3 111.9 151.9 80
2021000000107339 0.000 105.2 121.4 137.6 159.3 80
2021000000107339 0.000 72.2 83.2 101.2 114.1 80
2021000000107339 0.000 197.4 85.3 227.9 116.3 80
2021000000107339 0.000 13.5 74.9 45.6 106.0 80
2021000000107339 0.000 156.0 105.3 184.4 141.6 80
2021000000107339 0.000 97.8 56.5 153.2 132.4 80
2021000000107339 0.000 85.8 27.7 226.2 128.3 80
2021000000107339 0.000 121.6 60.0 176.1 167.0 80
2021000000107339 0.000 0.8 43.9 24.6 83.4 80
2021000000107339 0.000 0.8 11.1 24.9 50.9 80
2021000000107339 0.000 22.8 52.4 136.6 124.3 80
2021000000107339 0.000 49.0 24.8 117.6 152.2 80
2021000000107339 0.000 123.2 2.3 158.1 35.2 80
2021000000107339 0.000 155.5 23.3 195.0 55.8 80
2021000000107339 0.000 21.3 10.8 184.2 124.0 80
2021000000107339 0.000 0.8 120.3 28.0 177.5 80
2021000000107339 0.000 86.3 106.3 114.2 144.2 80
2021000000107339 0.000 213.0 118.2 239.8 176.9 80
2021000000107339 0.000 191.9 55.0 239.8 170.6 80
2021000000107339 0.000 5.6 5.6 235.9 95.8 80
2021000000107339 0.000 124.6 20.9 205.5 149.3 80
2021000000107339 0.000 43.7 8.6 195.9 175.0 80
2021000000107339 0.000 123.5 81.7 175.5 144.9 80
2021000000107339 0.000 -0.6 3.1 137.3 178.4 80
2021000000107339 0.000 4.4 43.2 110.2 177.6 80
2021000000107339 0.000 0.9 11.5 70.4 174.5 80
2021000000107339 0.000 102.8 3.5 238.6 178.9 80
2021000000107339 0.000 63.5 38.2 176.7 175.5 80
2021000000107339 0.000 75.5 97.4 168.5 177.3 80
2021000000107339 0.000 82.3 51.6 148.9 169.6 80
2021000000107339 0.000 74.1 10.6 170.6 173.2 80
2021000000107339 0.000 172.2 9.2 240.4 173.3 80
2021000000107339 0.000 33.5 33.2 214.7 154.3 80
2021000000107339 0.000 85.5 4.5 200.6 61.0 80
2021000000107339 0.000 21.4 122.9 139.0 179.3 80
2021000000107339 0.000 1.6 33.4 175.7 177.2 80
2021000000107339 0.000 3.0 134.5 62.6 179.7 80
2021000000107339 0.000 6.3 88.4 88.9 175.6 80
2021000000107339 0.000 147.1 87.0 231.5 175.2 80
2021000000107339 0.000 106.1 96.0 133.6 127.0 80
2021000000107339 0.000 12.2 70.8 162.3 175.0 80
2021000000107339 0.000 1.7 1.1 198.1 179.0 80
2021000000107339 0.000 72.9 63.6 170.7 109.7 80
2021000000107339 0.000 132.2 41.9 235.5 179.1 80
2021000000107339 0.000 2.0 110.2 238.1 179.7 80
2021000000107339 0.000 106.5 124.0 227.9 179.3 80
2021000000107339 0.000 41.1 1.0 238.2 179.0 80
2021000000107339 0.000 76.6 33.1 237.6 178.2 80
2021000000107339 0.000 76.3 72.8 222.4 175.2 80
2021000000107339 0.000 174.6 118.2 237.3 177.1 80
2021000000107339 0.000 21.8 29.6 56.3 65.6 80
2021000000107339 0.000 62.9 49.4 175.6 141.1 80
2021000000107339 0.000 11.2 21.3 229.2 176.0 80
2021000000107339 0.000 29.4 68.9 196.6 130.5 80
2021000000107339 0.000 0.7 48.9 239.5 175.9 80
2021000000107339 0.000 117.6 97.5 143.4 131.5 80
2021000000107339 0.000 6.6 46.0 235.1 130.5 80
2021000000107339 0.000 0.9 0.7 239.8 179.5 80
2021000000107339 0.000 1.2 9.3 239.5 148.7 80
2021000000107339 0.000 137.9 120.7 163.6 153.1 80
2021000000107339 0.000 204.2 3.5 239.5 41.1 80
2021000000107339 0.000 6.6 46.0 235.1 130.5 0
2021000000107339 0.000 0.9 0.7 239.8 179.5 7
2021000000107339 0.000 4.4 43.2 110.2 177.6 14
2021000000107339 0.000 124.6 20.9 205.5 149.3 14
2021000000107339 0.000 49.0 24.8 117.6 152.2 14
2021000000107339 0.000 82.3 51.6 148.9 169.6 14
2021000000107339 0.000 132.2 41.9 235.5 179.1 14
2021000000107339 0.000 74.1 10.6 170.6 173.2 14
2021000000107339 0.000 102.8 3.5 238.6 178.9 14
