2021007170 0.765 -0.2 150.4 127.7 335.8 14
2021007170 0.697 0.2 168.3 118.3 334.1 80
2021007170 0.688 288.2 106.1 402.6 216.2 80
2021007170 0.676 -4.6 146.8 214.3 328.9 80
2021007170 0.676 382.1 156.3 497.1 327.7 80
2021007170 0.667 477.1 297.1 498.9 334.8 80
2021007170 0.663 229.2 117.3 312.5 190.8 80
2021007170 0.662 130.4 104.6 344.3 334.8 14
2021007170 0.661 132.9 106.4 342.1 330.0 80
2021007170 0.661 224.5 113.9 353.7 213.0 80
2021007170 0.660 359.5 309.9 437.2 333.0 80
2021007170 0.655 116.2 103.1 418.6 332.3 80
2021007170 0.653 128.8 101.9 497.7 335.3 80
2021007170 0.649 265.4 154.2 495.3 326.2 80
2021007170 0.647 5.4 242.9 80.1 331.4 80
2021007170 0.638 212.4 106.8 333.0 210.7 80
2021007170 0.632 18.7 150.6 133.5 321.7 80
2021007170 0.626 6.3 147.8 130.0 333.6 80
2021007170 0.618 -2.8 221.8 118.2 334.4 80
2021007170 0.617 5.2 111.9 31.0 153.5 80
2021007170 0.615 147.4 105.8 399.2 335.4 80
2021007170 0.603 244.1 8.7 257.1 29.7 80
2021007170 0.600 171.0 106.4 401.8 330.2 80
2021007170 0.599 492.8 110.8 499.8 134.9 80
2021007170 0.596 206.0 105.9 409.3 336.3 80
2021007170 0.595 202.0 160.4 502.2 333.8 80
2021007170 0.588 96.0 153.1 503.9 336.4 80
2021007170 0.588 11.6 113.8 33.0 141.1 80
2021007170 0.587 0.3 79.3 27.5 150.2 80
2021007170 0.584 241.2 155.2 500.3 330.2 80
2021007170 0.582 1.3 109.2 23.9 155.1 80
2021007170 0.576 105.5 202.9 389.6 333.4 80
2021007170 0.574 212.2 104.7 397.7 218.9 80
2021007170 0.569 189.2 3.6 222.9 34.2 80
2021007170 0.569 189.6 4.9 221.6 31.8 80
2021007170 0.560 388.2 305.9 480.5 334.1 80
2021007170 0.545 172.9 147.2 495.8 332.5 80
2021007170 0.542 191.9 6.3 214.9 33.6 80
2021007170 0.540 496.1 117.1 500.3 246.8 80
2021007170 0.529 1.0 209.4 9.6 253.1 80
2021007170 0.523 90.6 115.7 499.5 336.4 80
2021007170 0.514 1.1 207.6 9.9 312.7 80
2021007170 0.505 497.2 187.6 500.1 319.8 80
2021007170 0.481 10.3 97.5 387.1 320.1 80
2021007170 0.473 175.2 114.0 448.2 234.5 80
2021007170 0.436 216.5 150.4 500.4 332.3 80
2021007170 0.433 128.6 172.6 473.3 336.3 80
2021007170 0.409 492.8 187.9 500.8 334.2 80
2021007170 0.403 494.4 70.4 501.0 329.4 80
2021007170 0.375 0.1 91.9 10.3 334.2 80
2021007170 0.365 136.2 144.1 494.6 334.5 17
2021007170 0.330 19.2 44.2 482.2 307.2 80
2021007170 0.328 498.4 73.5 500.1 193.7 80
2021007170 0.322 136.2 144.1 494.6 334.5 80
2021007170 0.318 246.8 104.2 484.5 319.2 80
2021007170 0.317 430.4 12.6 498.2 339.8 80
2021007170 0.310 80.6 204.7 475.3 333.1 80
2021007170 0.286 159.3 152.8 325.7 315.2 80
2021007170 0.237 216.5 150.4 500.4 332.3 17
2021007170 0.235 93.3 153.9 429.9 314.9 80
2021007170 0.208 90.6 115.7 499.5 336.4 17
2021007170 0.195 128.6 172.6 473.3 336.3 17
2021007170 0.180 31.6 324.1 169.1 335.8 80
2021007170 0.175 180.9 260.7 476.5 344.0 80
2021007170 0.172 1.5 30.4 31.7 255.4 80
2021007170 0.170 172.9 147.2 495.8 332.5 17
2021007170 0.163 189.2 3.6 222.9 34.2 15
2021007170 0.157 23.0 232.5 86.9 286.5 80
2021007170 0.156 379.9 55.2 473.0 314.6 80
2021007170 0.156 118.6 132.5 344.8 295.1 80
2021007170 0.153 28.9 221.7 103.2 273.4 80
2021007170 0.150 141.9 313.7 372.2 338.5 80
2021007170 0.148 233.6 216.0 294.5 261.8 80
2021007170 0.147 130.4 104.6 344.3 334.8 80
2021007170 0.143 206.0 105.9 409.3 336.3 14
2021007170 0.142 57.3 158.3 371.7 296.7 80
2021007170 0.140 20.9 49.9 143.0 293.3 80
2021007170 0.140 10.3 214.9 282.8 340.5 80
2021007170 0.137 320.4 188.1 361.3 221.1 80
2021007170 0.131 15.9 147.5 303.7 279.1 80
2021007170 0.131 19.2 185.8 337.3 309.3 80
2021007170 0.130 111.7 315.9 237.0 336.6 80
2021007170 0.130 212.2 104.7 397.7 218.9 14
2021007170 0.127 147.4 105.8 399.2 335.4 14
2021007170 0.125 176.6 214.6 218.0 251.6 80
2021007170 0.125 65.5 203.8 105.8 238.6 80
2021007170 0.123 110.2 205.6 152.2 241.0 80
2021007170 0.120 212.4 106.8 333.0 210.7 14
2021007170 0.117 340.7 156.2 463.1 211.8 80
2021007170 0.116 37.1 147.2 137.7 250.0 80
2021007170 0.115 241.2 155.2 500.3 330.2 17
2021007170 0.115 171.0 106.4 401.8 330.2 14
2021007170 0.113 223.2 155.5 312.8 221.1 80
2021007170 0.111 1.3 109.2 23.9 155.1 15
2021007170 0.109 348.5 99.6 557.3 177.6 80
2021007170 0.109 -19.2 18.7 392.7 57.2 80
2021007170 0.109 -87.2 25.7 268.0 74.1 80
2021007170 0.108 -72.0 9.9 354.5 42.6 80
2021007170 0.107 28.6 22.4 450.3 65.3 80
2021007170 0.106 190.9 11.9 619.8 54.2 80
2021007170 0.765 -0.2 150.4 127.7 335.8 14
2021007170 0.697 0.2 168.3 118.3 334.1 80
2021007170 0.688 288.2 106.1 402.6 216.2 80
2021007170 0.676 -4.6 146.8 214.3 328.9 80
2021007170 0.676 382.1 156.3 497.1 327.7 80
2021007170 0.667 477.1 297.1 498.9 334.8 80
2021007170 0.663 229.2 117.3 312.5 190.8 80
2021007170 0.662 130.4 104.6 344.3 334.8 14
2021007170 0.661 132.9 106.4 342.1 330.0 80
2021007170 0.661 224.5 113.9 353.7 213.0 80
2021007170 0.660 359.5 309.9 437.2 333.0 80
2021007170 0.655 116.2 103.1 418.6 332.3 80
2021007170 0.653 128.8 101.9 497.7 335.3 80
2021007170 0.649 265.4 154.2 495.3 326.2 80
2021007170 0.647 5.4 242.9 80.1 331.4 80
2021007170 0.638 212.4 106.8 333.0 210.7 80
2021007170 0.632 18.7 150.6 133.5 321.7 80
2021007170 0.626 6.3 147.8 130.0 333.6 80
2021007170 0.618 -2.8 221.8 118.2 334.4 80
2021007170 0.617 5.2 111.9 31.0 153.5 80
2021007170 0.615 147.4 105.8 399.2 335.4 80
2021007170 0.603 244.1 8.7 257.1 29.7 80
2021007170 0.600 171.0 106.4 401.8 330.2 80
2021007170 0.599 492.8 110.8 499.8 134.9 80
2021007170 0.596 206.0 105.9 409.3 336.3 80
2021007170 0.595 202.0 160.4 502.2 333.8 80
2021007170 0.588 96.0 153.1 503.9 336.4 80
2021007170 0.588 11.6 113.8 33.0 141.1 80
2021007170 0.587 0.3 79.3 27.5 150.2 80
2021007170 0.584 241.2 155.2 500.3 330.2 80
2021007170 0.582 1.3 109.2 23.9 155.1 80
2021007170 0.576 105.5 202.9 389.6 333.4 80
2021007170 0.574 212.2 104.7 397.7 218.9 80
2021007170 0.569 189.2 3.6 222.9 34.2 80
2021007170 0.569 189.6 4.9 221.6 31.8 80
2021007170 0.560 388.2 305.9 480.5 334.1 80
2021007170 0.545 172.9 147.2 495.8 332.5 80
2021007170 0.542 191.9 6.3 214.9 33.6 80
2021007170 0.540 496.1 117.1 500.3 246.8 80
2021007170 0.529 1.0 209.4 9.6 253.1 80
2021007170 0.523 90.6 115.7 499.5 336.4 80
2021007170 0.514 1.1 207.6 9.9 312.7 80
2021007170 0.505 497.2 187.6 500.1 319.8 80
2021007170 0.481 10.3 97.5 387.1 320.1 80
2021007170 0.473 175.2 114.0 448.2 234.5 80
2021007170 0.436 216.5 150.4 500.4 332.3 80
2021007170 0.433 128.6 172.6 473.3 336.3 80
2021007170 0.409 492.8 187.9 500.8 334.2 80
2021007170 0.403 494.4 70.4 501.0 329.4 80
2021007170 0.375 0.1 91.9 10.3 334.2 80
2021007170 0.365 136.2 144.1 494.6 334.5 17
2021007170 0.330 19.2 44.2 482.2 307.2 80
2021007170 0.328 498.4 73.5 500.1 193.7 80
2021007170 0.322 136.2 144.1 494.6 334.5 80
2021007170 0.318 246.8 104.2 484.5 319.2 80
2021007170 0.317 430.4 12.6 498.2 339.8 80
2021007170 0.310 80.6 204.7 475.3 333.1 80
2021007170 0.286 159.3 152.8 325.7 315.2 80
2021007170 0.237 216.5 150.4 500.4 332.3 17
2021007170 0.235 93.3 153.9 429.9 314.9 80
2021007170 0.208 90.6 115.7 499.5 336.4 17
2021007170 0.195 128.6 172.6 473.3 336.3 17
2021007170 0.180 31.6 324.1 169.1 335.8 80
2021007170 0.175 180.9 260.7 476.5 344.0 80
2021007170 0.172 1.5 30.4 31.7 255.4 80
2021007170 0.170 172.9 147.2 495.8 332.5 17
2021007170 0.163 189.2 3.6 222.9 34.2 15
2021007170 0.157 23.0 232.5 86.9 286.5 80
2021007170 0.156 379.9 55.2 473.0 314.6 80
2021007170 0.156 118.6 132.5 344.8 295.1 80
2021007170 0.153 28.9 221.7 103.2 273.4 80
2021007170 0.150 141.9 313.7 372.2 338.5 80
2021007170 0.148 233.6 216.0 294.5 261.8 80
2021007170 0.147 130.4 104.6 344.3 334.8 80
2021007170 0.143 206.0 105.9 409.3 336.3 14
2021007170 0.142 57.3 158.3 371.7 296.7 80
2021007170 0.140 20.9 49.9 143.0 293.3 80
2021007170 0.140 10.3 214.9 282.8 340.5 80
2021007170 0.137 320.4 188.1 361.3 221.1 80
2021007170 0.131 15.9 147.5 303.7 279.1 80
2021007170 0.131 19.2 185.8 337.3 309.3 80
2021007170 0.130 111.7 315.9 237.0 336.6 80
2021007170 0.130 212.2 104.7 397.7 218.9 14
2021007170 0.127 147.4 105.8 399.2 335.4 14
2021007170 0.125 176.6 214.6 218.0 251.6 80
2021007170 0.125 65.5 203.8 105.8 238.6 80
2021007170 0.123 110.2 205.6 152.2 241.0 80
2021007170 0.120 212.4 106.8 333.0 210.7 14
2021007170 0.117 340.7 156.2 463.1 211.8 80
2021007170 0.116 37.1 147.2 137.7 250.0 80
2021007170 0.115 241.2 155.2 500.3 330.2 17
2021007170 0.115 171.0 106.4 401.8 330.2 14
2021007170 0.113 223.2 155.5 312.8 221.1 80
2021007170 0.111 1.3 109.2 23.9 155.1 15
2021007170 0.109 348.5 99.6 557.3 177.6 80
2021007170 0.109 -19.2 18.7 392.7 57.2 80
2021007170 0.109 -87.2 25.7 268.0 74.1 80
2021007170 0.108 -72.0 9.9 354.5 42.6 80
2021007170 0.107 28.6 22.4 450.3 65.3 80
2021007170 0.106 190.9 11.9 619.8 54.2 80
2021007170 0.000 0.8 39.7 103.7 220.6 80
2021007170 0.000 245.1 64.8 370.2 203.7 80
2021007170 0.000 203.1 44.5 266.1 107.0 80
2021007170 0.000 256.6 124.0 316.4 183.4 80
2021007170 0.000 372.7 97.6 484.8 239.4 80
2021007170 0.000 45.9 194.2 106.8 257.6 80
2021007170 0.000 83.8 106.0 144.8 168.1 80
2021007170 0.000 133.1 93.8 218.1 194.6 80
2021007170 0.000 390.5 86.0 458.7 145.6 80
2021007170 0.000 453.6 114.7 499.6 188.1 80
2021007170 0.000 213.4 102.0 273.6 161.5 80
2021007170 0.000 141.4 73.5 202.4 137.0 80
2021007170 0.000 22.2 26.3 202.4 174.5 80
2021007170 0.000 325.8 10.5 494.5 170.9 80
2021007170 0.000 1.5 179.6 48.0 253.8 80
2021007170 0.000 162.1 29.2 299.4 188.6 80
2021007170 0.000 349.9 130.8 409.9 189.5 80
2021007170 0.000 219.9 214.0 281.0 300.6 80
2021007170 0.000 90.6 168.2 149.2 227.3 80
2021007170 0.000 314.7 90.9 375.2 150.4 80
2021007170 0.000 357.4 177.3 415.0 237.0 80
2021007170 0.000 32.3 113.5 167.9 246.4 80
2021007170 0.000 1.0 135.1 47.1 208.8 80
2021007170 0.000 453.4 171.8 499.7 245.3 80
2021007170 0.000 0.5 112.3 102.1 318.8 80
2021007170 0.000 449.1 48.3 499.7 136.6 80
2021007170 0.000 259.7 2.5 324.6 66.0 80
2021007170 0.000 137.6 194.7 201.5 259.4 80
2021007170 0.000 298.6 153.1 359.4 211.2 80
2021007170 0.000 28.5 139.0 93.6 197.4 80
2021007170 0.000 255.4 112.4 363.3 310.3 80
2021007170 0.000 119.1 143.5 232.5 282.1 80
2021007170 0.000 149.8 154.1 210.5 212.3 80
2021007170 0.000 293.0 118.7 480.6 231.4 80
2021007170 0.000 325.5 195.1 382.1 263.4 80
2021007170 0.000 0.7 20.0 51.8 94.4 80
2021007170 0.000 219.9 177.2 278.2 236.2 80
2021007170 0.000 48.8 19.0 377.9 228.9 80
2021007170 0.000 410.2 157.3 474.7 215.7 80
2021007170 0.000 205.3 105.4 317.1 250.1 80
2021007170 0.000 0.7 222.4 58.3 329.6 80
2021007170 0.000 180.1 197.9 238.1 265.3 80
2021007170 0.000 177.0 51.4 471.7 237.5 80
2021007170 0.000 49.5 97.8 281.8 230.1 80
2021007170 0.000 325.8 41.5 402.7 103.7 80
2021007170 0.000 101.1 44.0 244.3 278.2 80
2021007170 0.000 0.3 80.9 51.5 154.7 80
2021007170 0.000 206.3 143.4 267.1 202.0 80
2021007170 0.000 442.7 218.1 499.6 328.4 80
2021007170 0.000 15.1 12.8 486.3 175.0 80
2021007170 0.000 398.5 99.3 499.4 316.7 80
2021007170 0.000 1.5 5.5 282.2 330.9 80
2021007170 0.000 94.9 14.0 401.8 325.9 80
2021007170 0.000 262.6 37.5 424.1 279.1 80
2021007170 0.000 189.1 7.3 402.1 120.7 80
2021007170 0.000 1.1 21.5 146.5 323.8 80
2021007170 0.000 160.6 176.0 349.3 327.9 80
2021007170 0.000 212.9 5.7 497.4 332.0 80
2021007170 0.000 159.4 25.0 350.2 317.2 80
2021007170 0.000 11.5 80.1 225.9 329.5 80
2021007170 0.000 357.6 16.8 501.4 320.8 80
2021007170 0.000 280.6 213.0 336.4 295.1 80
2021007170 0.000 171.4 94.3 308.9 315.0 80
2021007170 0.000 132.8 69.4 366.0 325.4 80
2021007170 0.000 257.5 148.5 363.0 273.0 80
2021007170 0.000 5.0 248.8 130.5 333.4 80
2021007170 0.000 306.3 161.0 481.9 324.9 80
2021007170 0.000 54.0 227.3 278.3 331.9 80
2021007170 0.000 11.7 163.1 185.3 325.9 80
2021007170 0.000 3.3 1.2 410.3 332.1 80
2021007170 0.000 8.1 204.0 491.3 332.4 80
2021007170 0.000 4.9 57.9 361.3 328.9 80
2021007170 0.000 223.1 228.5 472.3 332.4 80
2021007170 0.000 72.1 57.3 444.4 285.3 80
2021007170 0.000 34.1 131.5 327.1 323.2 80
2021007170 0.000 85.7 1.0 494.7 332.0 80
2021007170 0.000 278.1 77.5 486.3 332.0 80
2021007170 0.000 162.7 118.3 345.3 205.4 80
2021007170 0.000 244.5 179.9 298.0 243.4 80
2021007170 0.000 168.6 134.8 451.1 323.0 80
2021007170 0.000 362.2 218.9 494.6 328.3 80
2021007170 0.000 44.5 54.1 117.2 121.9 80
2021007170 0.000 160.2 58.9 492.6 330.0 80
2021007170 0.000 134.9 91.8 359.7 261.7 80
2021007170 0.000 67.7 127.6 402.2 242.2 80
2021007170 0.000 22.4 38.3 474.4 322.3 80
2021007170 0.000 0.6 89.6 498.5 324.7 80
2021007170 0.000 0.8 0.8 499.6 333.2 80
2021007170 0.000 17.1 85.6 484.0 240.8 80
2021007170 0.000 2.5 21.1 497.4 274.0 80
2021007170 0.000 424.3 5.6 498.8 76.2 80
2021007170 0.000 17.1 85.6 484.0 240.8 0
2021007170 0.000 262.6 37.5 424.1 279.1 14
2021007170 0.000 171.4 94.3 308.9 315.0 14
2021007170 0.000 101.1 44.0 244.3 278.2 14
2021007170 0.000 159.4 25.0 350.2 317.2 14
2021007170 0.000 11.5 80.1 225.9 329.5 14
2021007170 0.000 278.1 77.5 486.3 332.0 14
2021007170 0.000 132.8 69.4 366.0 325.4 14
2021007170 0.000 154.2 269.4 238.2 329.2 80
