2021000574 0.712 161.7 209.2 353.6 342.8 16
2021000574 0.661 466.2 352.4 499.8 385.8 80
2021000574 0.657 216.1 237.0 350.2 347.6 80
2021000574 0.598 164.8 208.4 353.7 337.5 80
2021000574 0.551 157.1 211.8 283.2 332.5 80
2021000574 0.539 168.8 209.7 335.4 326.5 80
2021000574 0.523 496.6 171.6 500.0 251.3 80
2021000574 0.497 497.3 241.1 500.2 320.1 80
2021000574 0.471 498.0 76.1 500.2 160.8 80
2021000574 0.468 153.3 209.4 377.7 332.6 80
2021000574 0.433 240.4 288.2 314.3 343.1 80
2021000574 0.422 131.8 222.7 395.6 345.5 80
2021000574 0.401 1.1 106.2 4.8 166.9 80
2021000574 0.321 240.4 288.2 314.3 343.1 16
2021000574 0.320 147.6 187.6 367.8 313.3 80
2021000574 0.307 498.2 75.8 500.2 233.1 80
2021000574 0.300 1.1 24.8 3.8 110.6 80
2021000574 0.275 498.2 145.5 500.2 314.2 80
2021000574 0.266 184.8 263.2 248.1 330.5 80
2021000574 0.255 197.7 261.3 254.2 303.8 80
2021000574 0.233 0.7 128.9 2.9 248.2 80
2021000574 0.221 0.6 213.9 4.1 345.7 80
2021000574 0.218 1.1 31.8 6.2 237.7 80
2021000574 0.214 494.8 69.7 500.9 364.3 80
2021000574 0.202 1.0 77.1 7.9 331.2 80
2021000574 0.196 220.2 279.5 298.6 331.0 80
2021000574 0.194 -2.9 343.6 26.2 391.1 80
2021000574 0.183 483.2 302.6 506.2 375.1 80
2021000574 0.175 -0.2 43.9 22.0 341.0 80
2021000574 0.174 469.9 121.2 501.1 361.9 80
2021000574 0.164 -0.1 230.2 34.0 384.5 80
2021000574 0.160 264.9 275.0 327.9 320.2 80
2021000574 0.156 256.4 271.4 301.9 304.1 80
2021000574 0.150 119.7 294.7 351.2 381.1 80
2021000574 0.149 288.1 349.7 434.6 382.7 80
2021000574 0.146 362.2 106.3 497.4 348.0 80
2021000574 0.146 321.6 224.5 510.2 368.0 80
2021000574 0.145 162.1 367.0 344.0 389.9 80
2021000574 0.145 64.2 335.1 200.5 384.3 80
2021000574 0.143 429.7 169.8 488.5 345.8 80
2021000574 0.141 211.5 239.1 273.5 276.8 80
2021000574 0.140 165.3 287.8 199.5 321.6 80
2021000574 0.140 182.7 258.6 219.0 290.6 80
2021000574 0.139 13.3 229.7 174.5 373.5 80
2021000574 0.139 159.4 363.3 330.4 385.9 80
2021000574 0.137 335.5 370.9 457.3 389.2 80
2021000574 0.136 43.4 370.6 159.0 388.8 80
2021000574 0.134 64.7 234.8 294.1 349.6 80
2021000574 0.133 229.0 218.1 470.3 335.8 80
2021000574 0.133 5.8 117.0 79.2 363.4 80
2021000574 0.133 15.9 352.1 96.4 384.1 80
2021000574 0.131 261.8 176.6 501.2 310.4 80
2021000574 0.131 196.0 120.2 474.5 272.9 80
2021000574 0.129 223.2 208.3 374.8 312.3 80
2021000574 0.127 32.2 200.4 238.5 322.4 80
2021000574 0.126 115.4 364.9 225.6 388.4 80
2021000574 0.126 401.9 358.2 496.1 383.4 80
2021000574 0.126 107.3 121.2 396.1 259.7 80
2021000574 0.126 304.4 251.1 358.9 297.0 80
2021000574 0.125 292.4 111.9 497.9 276.7 80
2021000574 0.125 245.7 361.3 371.0 386.4 80
2021000574 0.124 18.7 152.9 187.4 305.1 80
2021000574 0.124 228.5 131.0 487.7 271.4 80
2021000574 0.123 232.8 184.4 287.9 233.7 80
2021000574 0.121 114.5 217.3 167.8 266.1 80
2021000574 0.120 55.6 190.6 266.1 292.7 80
2021000574 0.120 72.6 144.9 307.1 259.4 80
2021000574 0.120 263.5 182.7 337.2 238.3 80
2021000574 0.118 32.2 121.1 217.7 265.4 80
2021000574 0.115 27.8 165.2 171.6 230.7 80
2021000574 0.115 118.0 117.2 319.3 188.5 80
2021000574 0.115 30.5 218.7 87.6 287.5 80
2021000574 0.114 115.3 108.7 410.7 200.4 80
2021000574 0.114 -32.2 40.9 91.6 94.9 80
2021000574 0.113 262.0 139.3 490.7 225.9 80
2021000574 0.112 -22.8 109.7 138.1 175.1 80
2021000574 0.111 13.7 52.8 347.0 118.5 80
2021000574 0.110 279.2 107.5 558.1 197.7 80
2021000574 0.108 154.5 22.0 567.9 76.0 80
2021000574 0.107 -140.3 10.5 326.7 44.6 80
2021000574 0.106 377.7 72.0 556.8 161.4 80
2021000574 0.106 -107.6 8.6 379.9 41.3 80
2021000574 0.106 77.1 225.8 169.4 283.7 80
2021000574 0.105 46.4 3.6 545.0 37.9 80
2021000574 0.104 164.0 8.4 655.2 43.3 80
2021000574 0.099 0.6 0.9 499.6 27.2 80
2021000574 0.098 193.9 5.0 692.7 31.7 80
2021000574 0.097 258.4 8.3 706.6 39.0 80
2021000574 0.096 240.4 288.2 314.3 343.1 9
2021000574 0.095 -92.6 -2.6 154.0 22.6 80
2021000574 0.095 -47.5 1.3 451.5 28.1 80
2021000574 0.093 -185.6 1.3 313.0 24.9 80
2021000574 0.093 -39.0 -2.0 460.0 21.8 80
2021000574 0.093 -139.6 -0.6 359.1 23.9 80
2021000574 0.093 71.1 1.2 570.1 27.0 80
2021000574 0.092 80.8 -2.2 579.8 21.1 80
2021000574 0.092 -93.1 0.6 405.8 25.6 80
2021000574 0.092 155.4 -0.0 654.4 24.5 80
2021000574 0.092 20.0 -1.9 518.9 23.1 80
2021000574 0.092 201.5 0.3 700.4 23.8 80
2021000574 0.712 161.7 209.2 353.6 342.8 16
2021000574 0.661 466.2 352.4 499.8 385.8 80
2021000574 0.657 216.1 237.0 350.2 347.6 80
2021000574 0.598 164.8 208.4 353.7 337.5 80
2021000574 0.551 157.1 211.8 283.2 332.5 80
2021000574 0.539 168.8 209.7 335.4 326.5 80
2021000574 0.523 496.6 171.6 500.0 251.3 80
2021000574 0.497 497.3 241.1 500.2 320.1 80
2021000574 0.471 498.0 76.1 500.2 160.8 80
2021000574 0.468 153.3 209.4 377.7 332.6 80
2021000574 0.433 240.4 288.2 314.3 343.1 80
2021000574 0.422 131.8 222.7 395.6 345.5 80
2021000574 0.401 1.1 106.2 4.8 166.9 80
2021000574 0.321 240.4 288.2 314.3 343.1 16
2021000574 0.320 147.6 187.6 367.8 313.3 80
2021000574 0.307 498.2 75.8 500.2 233.1 80
2021000574 0.300 1.1 24.8 3.8 110.6 80
2021000574 0.275 498.2 145.5 500.2 314.2 80
2021000574 0.266 184.8 263.2 248.1 330.5 80
2021000574 0.255 197.7 261.3 254.2 303.8 80
2021000574 0.233 0.7 128.9 2.9 248.2 80
2021000574 0.221 0.6 213.9 4.1 345.7 80
2021000574 0.218 1.1 31.8 6.2 237.7 80
2021000574 0.214 494.8 69.7 500.9 364.3 80
2021000574 0.202 1.0 77.1 7.9 331.2 80
2021000574 0.196 220.2 279.5 298.6 331.0 80
2021000574 0.194 -2.9 343.6 26.2 391.1 80
2021000574 0.183 483.2 302.6 506.2 375.1 80
2021000574 0.175 -0.2 43.9 22.0 341.0 80
2021000574 0.174 469.9 121.2 501.1 361.9 80
2021000574 0.164 -0.1 230.2 34.0 384.5 80
2021000574 0.160 264.9 275.0 327.9 320.2 80
2021000574 0.156 256.4 271.4 301.9 304.1 80
2021000574 0.150 119.7 294.7 351.2 381.1 80
2021000574 0.149 288.1 349.7 434.6 382.7 80
2021000574 0.146 362.2 106.3 497.4 348.0 80
2021000574 0.146 321.6 224.5 510.2 368.0 80
2021000574 0.145 162.1 367.0 344.0 389.9 80
2021000574 0.145 64.2 335.1 200.5 384.3 80
2021000574 0.143 429.7 169.8 488.5 345.8 80
2021000574 0.141 211.5 239.1 273.5 276.8 80
2021000574 0.140 165.3 287.8 199.5 321.6 80
2021000574 0.140 182.7 258.6 219.0 290.6 80
2021000574 0.139 13.3 229.7 174.5 373.5 80
2021000574 0.139 159.4 363.3 330.4 385.9 80
2021000574 0.137 335.5 370.9 457.3 389.2 80
2021000574 0.136 43.4 370.6 159.0 388.8 80
2021000574 0.134 64.7 234.8 294.1 349.6 80
2021000574 0.133 229.0 218.1 470.3 335.8 80
2021000574 0.133 5.8 117.0 79.2 363.4 80
2021000574 0.133 15.9 352.1 96.4 384.1 80
2021000574 0.131 261.8 176.6 501.2 310.4 80
2021000574 0.131 196.0 120.2 474.5 272.9 80
2021000574 0.129 223.2 208.3 374.8 312.3 80
2021000574 0.127 32.2 200.4 238.5 322.4 80
2021000574 0.126 115.4 364.9 225.6 388.4 80
2021000574 0.126 401.9 358.2 496.1 383.4 80
2021000574 0.126 107.3 121.2 396.1 259.7 80
2021000574 0.126 304.4 251.1 358.9 297.0 80
2021000574 0.125 292.4 111.9 497.9 276.7 80
2021000574 0.125 245.7 361.3 371.0 386.4 80
2021000574 0.124 18.7 152.9 187.4 305.1 80
2021000574 0.124 228.5 131.0 487.7 271.4 80
2021000574 0.123 232.8 184.4 287.9 233.7 80
2021000574 0.121 114.5 217.3 167.8 266.1 80
2021000574 0.120 55.6 190.6 266.1 292.7 80
2021000574 0.120 72.6 144.9 307.1 259.4 80
2021000574 0.120 263.5 182.7 337.2 238.3 80
2021000574 0.118 32.2 121.1 217.7 265.4 80
2021000574 0.115 27.8 165.2 171.6 230.7 80
2021000574 0.115 118.0 117.2 319.3 188.5 80
2021000574 0.115 30.5 218.7 87.6 287.5 80
2021000574 0.114 115.3 108.7 410.7 200.4 80
2021000574 0.114 -32.2 40.9 91.6 94.9 80
2021000574 0.113 262.0 139.3 490.7 225.9 80
2021000574 0.112 -22.8 109.7 138.1 175.1 80
2021000574 0.111 13.7 52.8 347.0 118.5 80
2021000574 0.110 279.2 107.5 558.1 197.7 80
2021000574 0.108 154.5 22.0 567.9 76.0 80
2021000574 0.107 -140.3 10.5 326.7 44.6 80
2021000574 0.106 377.7 72.0 556.8 161.4 80
2021000574 0.106 -107.6 8.6 379.9 41.3 80
2021000574 0.106 77.1 225.8 169.4 283.7 80
2021000574 0.105 46.4 3.6 545.0 37.9 80
2021000574 0.104 164.0 8.4 655.2 43.3 80
2021000574 0.099 0.6 0.9 499.6 27.2 80
2021000574 0.098 193.9 5.0 692.7 31.7 80
2021000574 0.097 258.4 8.3 706.6 39.0 80
2021000574 0.096 240.4 288.2 314.3 343.1 9
2021000574 0.095 -92.6 -2.6 154.0 22.6 80
2021000574 0.095 -47.5 1.3 451.5 28.1 80
2021000574 0.093 -185.6 1.3 313.0 24.9 80
2021000574 0.093 -39.0 -2.0 460.0 21.8 80
2021000574 0.093 -139.6 -0.6 359.1 23.9 80
2021000574 0.093 71.1 1.2 570.1 27.0 80
2021000574 0.092 80.8 -2.2 579.8 21.1 80
2021000574 0.092 -93.1 0.6 405.8 25.6 80
2021000574 0.092 155.4 -0.0 654.4 24.5 80
2021000574 0.092 20.0 -1.9 518.9 23.1 80
2021000574 0.092 201.5 0.3 700.4 23.8 80
2021000574 0.000 241.1 74.6 373.5 234.6 80
2021000574 0.000 0.9 43.4 103.5 255.2 80
2021000574 0.000 143.5 139.8 210.4 208.2 80
2021000574 0.000 211.1 114.9 275.5 183.1 80
2021000574 0.000 255.7 141.9 317.1 210.5 80
2021000574 0.000 370.9 112.4 486.4 276.6 80
2021000574 0.000 156.5 32.4 304.0 217.8 80
2021000574 0.000 45.5 224.2 107.3 297.6 80
2021000574 0.000 136.1 84.7 207.8 155.9 80
2021000574 0.000 81.4 121.0 147.0 191.8 80
2021000574 0.000 453.6 132.2 499.6 217.4 80
2021000574 0.000 387.4 100.2 462.0 169.0 80
2021000574 0.000 136.8 224.8 202.0 301.3 80
2021000574 0.000 197.5 53.4 272.8 123.2 80
2021000574 0.000 348.6 149.5 411.0 217.3 80
2021000574 0.000 19.6 26.6 206.4 200.6 80
2021000574 0.000 453.4 198.5 499.6 283.7 80
2021000574 0.000 297.9 175.6 359.9 243.0 80
2021000574 0.000 1.4 207.1 48.0 293.4 80
2021000574 0.000 356.3 203.4 415.7 273.4 80
2021000574 0.000 313.4 103.8 376.3 172.6 80
2021000574 0.000 287.3 136.8 486.0 265.2 80
2021000574 0.000 323.7 8.5 496.8 197.2 80
2021000574 0.000 205.6 164.8 267.3 232.0 80
2021000574 0.000 1.0 129.5 102.1 368.5 80
2021000574 0.000 33.6 131.3 166.5 284.8 80
2021000574 0.000 1.0 155.8 47.1 241.4 80
2021000574 0.000 89.9 193.3 149.8 261.3 80
2021000574 0.000 117.9 166.6 233.2 325.7 80
2021000574 0.000 217.6 259.2 286.0 340.7 80
2021000574 0.000 449.0 55.6 499.8 157.9 80
2021000574 0.000 149.2 177.1 210.9 244.5 80
2021000574 0.000 202.4 120.7 319.5 283.2 80
2021000574 0.000 27.0 159.5 95.0 227.3 80
2021000574 0.000 323.8 224.5 384.1 303.8 80
2021000574 0.000 409.8 181.8 475.1 249.5 80
2021000574 0.000 177.5 57.9 471.3 275.4 80
2021000574 0.000 0.5 93.0 51.3 178.9 80
2021000574 0.000 251.8 127.3 367.4 358.2 80
2021000574 0.000 0.7 22.6 51.8 109.2 80
2021000574 0.000 46.3 111.2 284.7 266.5 80
2021000574 0.000 101.0 52.0 245.1 326.2 80
2021000574 0.000 255.4 3.8 329.6 75.5 80
2021000574 0.000 322.6 48.9 406.5 119.7 80
2021000574 0.000 43.0 22.1 384.1 266.1 80
2021000574 0.000 178.5 226.7 238.0 309.4 80
2021000574 0.000 442.7 252.3 499.6 379.3 80
2021000574 0.000 0.6 256.9 58.4 380.5 80
2021000574 0.000 398.7 116.7 499.6 365.9 80
2021000574 0.000 10.3 10.7 491.7 205.7 80
2021000574 0.000 258.5 43.6 428.3 320.1 80
2021000574 0.000 89.9 17.4 408.1 375.2 80
2021000574 0.000 256.0 174.0 365.7 310.8 80
2021000574 0.000 -2.5 5.6 286.2 382.5 80
2021000574 0.000 8.1 91.6 229.7 380.9 80
2021000574 0.000 0.8 23.6 146.5 374.3 80
2021000574 0.000 130.9 80.8 368.5 376.3 80
2021000574 0.000 213.3 6.3 496.9 383.6 80
2021000574 0.000 155.5 208.3 351.2 380.3 80
2021000574 0.000 170.1 109.4 310.5 363.7 80
2021000574 0.000 152.9 21.6 356.1 371.6 80
2021000574 0.000 357.5 18.4 501.1 371.6 80
2021000574 0.000 68.5 70.2 447.6 330.9 80
2021000574 0.000 176.3 8.3 418.7 130.7 80
2021000574 0.000 2.3 70.3 366.0 380.1 80
2021000574 0.000 43.4 262.4 289.7 384.6 80
2021000574 0.000 5.1 287.3 130.5 385.3 80
2021000574 0.000 12.2 188.4 185.1 376.4 80
2021000574 0.000 305.3 185.0 482.3 375.7 80
2021000574 0.000 150.9 135.3 355.5 235.4 80
2021000574 0.000 24.2 150.6 338.1 375.3 80
2021000574 0.000 2.4 1.3 412.9 384.0 80
2021000574 0.000 274.3 88.7 490.6 384.0 80
2021000574 0.000 2.9 235.0 496.1 385.4 80
2021000574 0.000 220.6 264.9 474.8 384.5 80
2021000574 0.000 84.4 1.1 496.3 383.8 80
2021000574 0.000 158.4 69.8 495.2 382.1 80
2021000574 0.000 220.0 204.7 278.4 272.4 80
2021000574 0.000 157.8 155.0 463.4 375.7 80
2021000574 0.000 362.6 252.6 494.3 379.6 80
2021000574 0.000 44.6 62.5 117.1 140.8 80
2021000574 0.000 129.5 104.7 366.4 302.6 80
2021000574 0.000 22.2 44.6 477.7 377.7 80
2021000574 0.000 60.2 146.6 409.5 279.9 80
2021000574 0.000 0.4 103.9 499.0 377.4 80
2021000574 0.000 243.9 207.9 298.8 281.9 80
2021000574 0.000 12.4 97.3 490.0 279.9 80
2021000574 0.000 0.8 0.2 499.7 384.9 80
2021000574 0.000 1.3 18.8 498.9 319.3 80
2021000574 0.000 286.3 257.8 340.8 328.2 80
2021000574 0.000 424.2 6.3 498.9 88.2 80
2021000574 0.000 12.4 97.3 490.0 279.9 0
2021000574 0.000 0.8 0.2 499.7 384.9 7
2021000574 0.000 8.1 91.6 229.7 380.9 14
2021000574 0.000 258.5 43.6 428.3 320.1 14
2021000574 0.000 101.0 52.0 245.1 326.2 14
2021000574 0.000 170.1 109.4 310.5 363.7 14
2021000574 0.000 274.3 88.7 490.6 384.0 14
2021000574 0.000 152.9 21.6 356.1 371.6 14
2021000574 0.000 213.3 6.3 496.9 383.6 14
