2021009384 0.731 -1.0 294.7 60.2 377.1 6
2021009384 0.689 166.3 296.5 265.1 374.4 6
2021009384 0.623 138.5 307.6 186.9 351.9 80
2021009384 0.612 96.2 318.5 421.8 371.8 80
2021009384 0.608 69.9 305.1 143.6 363.3 6
2021009384 0.607 316.8 308.3 460.7 338.9 80
2021009384 0.601 472.2 337.7 500.3 368.9 80
2021009384 0.589 117.9 308.0 148.9 335.7 80
2021009384 0.589 427.8 318.6 500.1 340.6 80
2021009384 0.580 140.3 308.2 172.7 337.9 80
2021009384 0.579 33.9 302.0 66.7 335.1 6
2021009384 0.577 277.9 309.6 322.8 348.6 80
2021009384 0.574 2.2 291.6 48.1 372.7 80
2021009384 0.573 315.9 294.4 352.0 332.0 80
2021009384 0.571 161.5 324.6 297.9 367.1 80
2021009384 0.563 172.7 296.5 242.5 346.8 80
2021009384 0.557 348.0 311.8 496.4 343.1 80
2021009384 0.557 276.6 311.1 305.1 335.8 80
2021009384 0.541 68.0 308.3 116.0 339.6 80
2021009384 0.526 4.5 305.8 42.5 344.7 80
2021009384 0.517 495.1 299.8 499.8 330.5 80
2021009384 0.513 143.8 306.2 169.5 329.5 80
2021009384 0.508 415.4 319.7 488.3 340.1 80
2021009384 0.500 144.4 308.4 178.5 339.0 6
2021009384 0.494 140.0 305.5 368.3 356.3 80
2021009384 0.481 59.8 302.9 89.6 338.3 80
2021009384 0.481 197.9 303.1 250.2 333.9 80
2021009384 0.478 362.8 321.7 484.6 342.0 80
2021009384 0.473 496.9 198.7 499.7 255.5 80
2021009384 0.457 255.8 314.0 276.1 336.4 6
2021009384 0.451 57.4 301.2 127.5 352.0 80
2021009384 0.451 257.0 311.3 275.2 334.4 80
2021009384 0.444 363.9 318.3 495.9 340.9 80
2021009384 0.425 277.0 312.0 323.6 350.6 80
2021009384 0.410 498.4 84.8 500.1 149.9 80
2021009384 0.400 309.2 293.4 356.4 336.7 80
2021009384 0.375 58.1 299.3 100.7 342.2 6
2021009384 0.299 309.2 293.4 356.4 336.7 5
2021009384 0.294 58.1 299.3 100.7 342.2 80
2021009384 0.247 0.9 63.1 3.1 175.2 80
2021009384 0.244 286.2 279.4 495.3 347.2 80
2021009384 0.239 498.8 88.8 500.2 237.3 80
2021009384 0.234 0.7 147.6 3.2 281.6 80
2021009384 0.228 255.8 314.0 276.1 336.4 80
2021009384 0.227 277.0 312.0 323.6 350.6 6
2021009384 0.218 0.5 4.5 4.6 81.9 80
2021009384 0.211 0.8 15.8 7.0 280.8 80
2021009384 0.204 57.4 301.2 127.5 352.0 6
2021009384 0.198 485.8 247.2 504.4 331.0 80
2021009384 0.191 -0.2 58.2 31.9 364.5 80
2021009384 0.190 475.6 43.3 500.1 339.8 80
2021009384 0.176 144.4 308.4 178.5 339.0 80
2021009384 0.163 337.8 219.4 520.6 346.4 80
2021009384 0.162 429.1 30.2 494.6 340.0 80
2021009384 0.147 159.5 276.3 234.8 330.8 80
2021009384 0.147 257.0 311.3 275.2 334.4 6
2021009384 0.140 363.9 318.3 495.9 340.9 18
2021009384 0.137 59.8 302.9 89.6 338.3 6
2021009384 0.136 12.4 58.0 109.2 335.6 80
2021009384 0.135 25.8 47.8 185.7 329.3 80
2021009384 0.133 317.8 75.2 493.6 301.5 80
2021009384 0.131 33.9 302.0 66.7 335.1 80
2021009384 0.131 114.4 230.8 393.3 324.1 80
2021009384 0.127 42.1 129.1 192.1 313.6 80
2021009384 0.125 103.1 110.2 395.1 265.3 80
2021009384 0.124 256.5 120.7 469.1 277.4 80
2021009384 0.124 236.5 104.2 449.9 280.6 80
2021009384 0.123 20.5 180.1 59.6 245.8 80
2021009384 0.123 212.5 135.9 411.3 283.3 80
2021009384 0.123 76.0 102.5 284.9 289.3 80
2021009384 0.122 164.5 241.2 204.7 279.4 80
2021009384 0.121 115.5 245.4 157.0 284.5 80
2021009384 0.121 134.5 118.9 370.2 273.8 80
2021009384 0.121 75.8 129.2 251.0 287.4 80
2021009384 0.121 72.2 225.2 115.7 268.4 80
2021009384 0.120 140.3 308.2 172.7 337.9 6
2021009384 0.120 165.9 148.6 353.2 285.6 80
2021009384 0.119 265.4 260.6 307.8 299.8 80
2021009384 0.119 214.8 236.5 258.8 275.6 80
2021009384 0.118 321.5 257.1 363.4 297.5 80
2021009384 0.118 69.9 305.1 143.6 363.3 80
2021009384 0.117 243.2 135.1 378.7 203.4 80
2021009384 0.116 307.0 142.9 448.7 216.0 80
2021009384 0.115 340.6 136.4 493.4 218.4 80
2021009384 0.115 169.5 91.6 377.1 155.3 80
2021009384 0.114 96.3 73.2 354.8 135.0 80
2021009384 0.114 105.9 77.7 426.5 151.7 80
2021009384 0.113 -41.5 49.0 110.4 109.1 80
2021009384 0.112 410.0 127.0 503.8 222.6 80
2021009384 0.112 37.2 58.9 317.5 121.6 80
2021009384 0.109 -72.8 11.4 356.6 54.1 80
2021009384 0.109 156.2 181.1 280.8 270.2 80
2021009384 0.109 160.6 18.5 564.6 61.5 80
2021009384 0.107 -135.1 10.5 324.2 46.5 80
2021009384 0.106 171.0 9.6 645.1 42.8 80
2021009384 0.105 215.4 8.7 673.7 39.6 80
2021009384 0.105 346.9 13.4 614.7 53.2 80
2021009384 0.103 45.8 3.4 544.8 30.8 80
2021009384 0.099 166.3 296.5 265.1 374.4 80
2021009384 0.098 -0.5 1.6 498.4 25.6 80
2021009384 0.731 -1.0 294.7 60.2 377.1 6
2021009384 0.689 166.3 296.5 265.1 374.4 6
2021009384 0.623 138.5 307.6 186.9 351.9 80
2021009384 0.612 96.2 318.5 421.8 371.8 80
2021009384 0.608 69.9 305.1 143.6 363.3 6
2021009384 0.607 316.8 308.3 460.7 338.9 80
2021009384 0.601 472.2 337.7 500.3 368.9 80
2021009384 0.589 117.9 308.0 148.9 335.7 80
2021009384 0.589 427.8 318.6 500.1 340.6 80
2021009384 0.580 140.3 308.2 172.7 337.9 80
2021009384 0.579 33.9 302.0 66.7 335.1 6
2021009384 0.577 277.9 309.6 322.8 348.6 80
2021009384 0.574 2.2 291.6 48.1 372.7 80
2021009384 0.573 315.9 294.4 352.0 332.0 80
2021009384 0.571 161.5 324.6 297.9 367.1 80
2021009384 0.563 172.7 296.5 242.5 346.8 80
2021009384 0.557 348.0 311.8 496.4 343.1 80
2021009384 0.557 276.6 311.1 305.1 335.8 80
2021009384 0.541 68.0 308.3 116.0 339.6 80
2021009384 0.526 4.5 305.8 42.5 344.7 80
2021009384 0.517 495.1 299.8 499.8 330.5 80
2021009384 0.513 143.8 306.2 169.5 329.5 80
2021009384 0.508 415.4 319.7 488.3 340.1 80
2021009384 0.500 144.4 308.4 178.5 339.0 6
2021009384 0.494 140.0 305.5 368.3 356.3 80
2021009384 0.481 59.8 302.9 89.6 338.3 80
2021009384 0.481 197.9 303.1 250.2 333.9 80
2021009384 0.478 362.8 321.7 484.6 342.0 80
2021009384 0.473 496.9 198.7 499.7 255.5 80
2021009384 0.457 255.8 314.0 276.1 336.4 6
2021009384 0.451 57.4 301.2 127.5 352.0 80
2021009384 0.451 257.0 311.3 275.2 334.4 80
2021009384 0.444 363.9 318.3 495.9 340.9 80
2021009384 0.425 277.0 312.0 323.6 350.6 80
2021009384 0.410 498.4 84.8 500.1 149.9 80
2021009384 0.400 309.2 293.4 356.4 336.7 80
2021009384 0.375 58.1 299.3 100.7 342.2 6
2021009384 0.299 309.2 293.4 356.4 336.7 5
2021009384 0.294 58.1 299.3 100.7 342.2 80
2021009384 0.247 0.9 63.1 3.1 175.2 80
2021009384 0.244 286.2 279.4 495.3 347.2 80
2021009384 0.239 498.8 88.8 500.2 237.3 80
2021009384 0.234 0.7 147.6 3.2 281.6 80
2021009384 0.228 255.8 314.0 276.1 336.4 80
2021009384 0.227 277.0 312.0 323.6 350.6 6
2021009384 0.218 0.5 4.5 4.6 81.9 80
2021009384 0.211 0.8 15.8 7.0 280.8 80
2021009384 0.204 57.4 301.2 127.5 352.0 6
2021009384 0.198 485.8 247.2 504.4 331.0 80
2021009384 0.191 -0.2 58.2 31.9 364.5 80
2021009384 0.190 475.6 43.3 500.1 339.8 80
2021009384 0.176 144.4 308.4 178.5 339.0 80
2021009384 0.163 337.8 219.4 520.6 346.4 80
2021009384 0.162 429.1 30.2 494.6 340.0 80
2021009384 0.147 159.5 276.3 234.8 330.8 80
2021009384 0.147 257.0 311.3 275.2 334.4 6
2021009384 0.140 363.9 318.3 495.9 340.9 18
2021009384 0.137 59.8 302.9 89.6 338.3 6
2021009384 0.136 12.4 58.0 109.2 335.6 80
2021009384 0.135 25.8 47.8 185.7 329.3 80
2021009384 0.133 317.8 75.2 493.6 301.5 80
2021009384 0.131 33.9 302.0 66.7 335.1 80
2021009384 0.131 114.4 230.8 393.3 324.1 80
2021009384 0.127 42.1 129.1 192.1 313.6 80
2021009384 0.125 103.1 110.2 395.1 265.3 80
2021009384 0.124 256.5 120.7 469.1 277.4 80
2021009384 0.124 236.5 104.2 449.9 280.6 80
2021009384 0.123 20.5 180.1 59.6 245.8 80
2021009384 0.123 212.5 135.9 411.3 283.3 80
2021009384 0.123 76.0 102.5 284.9 289.3 80
2021009384 0.122 164.5 241.2 204.7 279.4 80
2021009384 0.121 115.5 245.4 157.0 284.5 80
2021009384 0.121 134.5 118.9 370.2 273.8 80
2021009384 0.121 75.8 129.2 251.0 287.4 80
2021009384 0.121 72.2 225.2 115.7 268.4 80
2021009384 0.120 140.3 308.2 172.7 337.9 6
2021009384 0.120 165.9 148.6 353.2 285.6 80
2021009384 0.119 265.4 260.6 307.8 299.8 80
2021009384 0.119 214.8 236.5 258.8 275.6 80
2021009384 0.118 321.5 257.1 363.4 297.5 80
2021009384 0.118 69.9 305.1 143.6 363.3 80
2021009384 0.117 243.2 135.1 378.7 203.4 80
2021009384 0.116 307.0 142.9 448.7 216.0 80
2021009384 0.115 340.6 136.4 493.4 218.4 80
2021009384 0.115 169.5 91.6 377.1 155.3 80
2021009384 0.114 96.3 73.2 354.8 135.0 80
2021009384 0.114 105.9 77.7 426.5 151.7 80
2021009384 0.113 -41.5 49.0 110.4 109.1 80
2021009384 0.112 410.0 127.0 503.8 222.6 80
2021009384 0.112 37.2 58.9 317.5 121.6 80
2021009384 0.109 -72.8 11.4 356.6 54.1 80
2021009384 0.109 156.2 181.1 280.8 270.2 80
2021009384 0.109 160.6 18.5 564.6 61.5 80
2021009384 0.107 -135.1 10.5 324.2 46.5 80
2021009384 0.106 171.0 9.6 645.1 42.8 80
2021009384 0.105 215.4 8.7 673.7 39.6 80
2021009384 0.105 346.9 13.4 614.7 53.2 80
2021009384 0.103 45.8 3.4 544.8 30.8 80
2021009384 0.099 166.3 296.5 265.1 374.4 80
2021009384 0.098 -0.5 1.6 498.4 25.6 80
2021009384 0.000 242.0 73.2 372.7 227.7 80
2021009384 0.000 0.9 43.1 103.5 247.8 80
2021009384 0.000 143.7 135.9 210.3 202.4 80
2021009384 0.000 211.4 111.8 275.3 178.0 80
2021009384 0.000 371.0 109.2 486.3 268.7 80
2021009384 0.000 255.8 137.9 317.1 204.5 80
2021009384 0.000 156.6 31.4 304.0 211.6 80
2021009384 0.000 45.5 217.8 107.4 288.9 80
2021009384 0.000 136.3 82.3 207.6 151.5 80
2021009384 0.000 81.5 117.6 146.9 186.5 80
2021009384 0.000 197.9 51.8 272.4 119.8 80
2021009384 0.000 453.6 128.4 499.6 211.2 80
2021009384 0.000 387.8 97.3 461.7 164.2 80
2021009384 0.000 348.6 145.3 411.0 211.1 80
2021009384 0.000 136.9 218.3 201.8 292.7 80
2021009384 0.000 19.5 26.1 206.5 194.8 80
2021009384 0.000 1.5 201.3 48.0 285.0 80
2021009384 0.000 297.9 170.7 359.9 236.2 80
2021009384 0.000 453.4 192.9 499.6 275.6 80
2021009384 0.000 356.3 197.7 415.7 265.7 80
2021009384 0.000 313.5 100.9 376.2 167.7 80
2021009384 0.000 323.9 8.3 496.6 191.8 80
2021009384 0.000 287.5 132.8 485.8 257.7 80
2021009384 0.000 205.6 160.1 267.3 225.4 80
2021009384 0.000 0.9 125.8 102.1 357.9 80
2021009384 0.000 33.3 127.4 166.8 276.8 80
2021009384 0.000 1.0 151.5 47.1 234.6 80
2021009384 0.000 89.9 187.8 149.8 253.9 80
2021009384 0.000 449.0 54.1 499.7 153.4 80
2021009384 0.000 117.9 161.9 233.2 316.5 80
2021009384 0.000 218.0 251.8 286.7 331.9 80
2021009384 0.000 149.3 172.2 210.8 237.6 80
2021009384 0.000 410.1 176.6 474.8 242.3 80
2021009384 0.000 27.0 155.1 94.9 220.9 80
2021009384 0.000 323.9 218.2 384.1 295.1 80
2021009384 0.000 202.7 116.7 319.1 275.9 80
2021009384 0.000 177.6 56.6 471.2 267.4 80
2021009384 0.000 252.3 124.0 366.8 347.9 80
2021009384 0.000 0.5 90.4 51.3 173.8 80
2021009384 0.000 0.7 22.0 51.8 106.0 80
2021009384 0.000 46.4 108.1 284.6 258.9 80
2021009384 0.000 101.1 50.5 245.1 317.1 80
2021009384 0.000 255.5 3.7 329.5 73.3 80
2021009384 0.000 322.9 47.5 406.2 116.3 80
2021009384 0.000 43.3 21.4 383.8 258.4 80
2021009384 0.000 0.6 249.6 58.3 369.8 80
2021009384 0.000 178.6 220.3 238.0 300.5 80
2021009384 0.000 442.7 245.1 499.6 368.5 80
2021009384 0.000 398.6 113.5 499.6 355.5 80
2021009384 0.000 10.6 10.6 491.5 199.6 80
2021009384 0.000 258.6 42.4 428.2 311.1 80
2021009384 0.000 90.0 16.9 408.1 364.6 80
2021009384 0.000 256.1 169.2 365.6 301.9 80
2021009384 0.000 -2.4 5.4 286.1 371.6 80
2021009384 0.000 8.1 89.0 229.6 370.1 80
2021009384 0.000 0.7 22.9 146.6 363.6 80
2021009384 0.000 213.1 6.1 497.0 372.7 80
2021009384 0.000 131.2 78.4 368.1 365.5 80
2021009384 0.000 156.2 201.7 351.1 369.4 80
2021009384 0.000 170.3 106.4 310.3 353.3 80
2021009384 0.000 153.4 21.0 355.4 360.9 80
2021009384 0.000 357.6 18.1 500.9 361.1 80
2021009384 0.000 68.8 68.1 447.4 321.4 80
2021009384 0.000 177.0 8.2 417.9 127.1 80
2021009384 0.000 43.6 254.9 289.5 373.6 80
2021009384 0.000 2.3 68.4 366.1 369.3 80
2021009384 0.000 5.1 279.1 130.5 374.3 80
2021009384 0.000 12.0 183.0 185.2 365.8 80
2021009384 0.000 305.3 180.1 482.3 365.0 80
2021009384 0.000 220.0 199.0 278.3 264.7 80
2021009384 0.000 24.3 146.3 338.1 364.6 80
2021009384 0.000 2.5 1.3 412.8 373.0 80
2021009384 0.000 150.8 131.3 355.6 228.6 80
2021009384 0.000 274.3 86.1 490.6 373.1 80
2021009384 0.000 3.0 228.5 496.0 374.4 80
2021009384 0.000 220.7 257.3 474.7 373.5 80
2021009384 0.000 84.5 1.1 496.2 372.9 80
2021009384 0.000 158.6 67.8 495.0 371.2 80
2021009384 0.000 157.9 150.5 463.3 364.9 80
2021009384 0.000 362.6 245.1 494.3 368.9 80
2021009384 0.000 44.4 60.6 117.3 136.8 80
2021009384 0.000 129.9 101.9 365.9 294.0 80
2021009384 0.000 22.3 43.4 477.5 366.6 80
2021009384 0.000 60.2 142.4 409.5 272.0 80
2021009384 0.000 0.4 100.8 499.0 366.5 80
2021009384 0.000 244.0 202.0 298.7 273.9 80
2021009384 0.000 12.6 94.7 489.8 271.8 80
2021009384 0.000 0.8 0.3 499.7 373.9 80
2021009384 0.000 1.3 18.3 498.9 309.8 80
2021009384 0.000 286.3 250.3 340.8 319.0 80
2021009384 0.000 424.2 6.2 498.9 85.7 80
2021009384 0.000 12.6 94.7 489.8 271.8 0
2021009384 0.000 0.8 0.3 499.7 373.9 7
2021009384 0.000 8.1 89.0 229.6 370.1 14
2021009384 0.000 258.6 42.4 428.2 311.1 14
2021009384 0.000 101.1 50.5 245.1 317.1 14
2021009384 0.000 170.3 106.4 310.3 353.3 14
2021009384 0.000 274.3 86.1 490.6 373.1 14
2021009384 0.000 153.4 21.0 355.4 360.9 14
2021009384 0.000 213.1 6.1 497.0 372.7 14
