2021008575 0.664 17.6 3.8 332.9 501.1 7
2021008575 0.654 311.2 460.8 335.0 495.9 80
2021008575 0.625 0.9 193.9 11.6 343.9 80
2021008575 0.622 1.6 118.0 17.1 326.3 80
2021008575 0.610 3.6 10.0 333.2 311.8 80
2021008575 0.597 1.2 1.2 332.8 500.0 80
2021008575 0.576 330.0 235.7 333.2 295.1 80
2021008575 0.570 329.9 95.5 333.2 205.2 80
2021008575 0.563 0.8 141.1 5.7 259.1 80
2021008575 0.527 327.9 102.7 332.6 273.3 80
2021008575 0.512 12.6 -10.1 325.1 253.7 80
2021008575 0.511 318.9 -5.7 333.4 293.7 80
2021008575 0.490 2.0 85.2 12.9 463.1 80
2021008575 0.462 332.0 315.8 333.2 389.6 80
2021008575 0.436 70.7 7.4 329.4 489.2 80
2021008575 0.406 327.2 15.2 332.5 425.1 80
2021008575 0.395 1.4 51.0 23.0 411.7 80
2021008575 0.329 332.2 186.0 332.8 373.5 80
2021008575 0.322 258.2 16.9 326.2 515.8 80
2021008575 0.317 326.8 51.8 332.6 511.5 80
2021008575 0.301 1.0 213.4 2.8 435.7 80
2021008575 0.260 290.6 0.3 341.5 499.2 80
2021008575 0.255 1.0 44.3 25.9 535.1 80
2021008575 0.226 331.7 319.9 333.4 461.2 80
2021008575 0.216 0.4 4.0 3.0 113.0 80
2021008575 0.206 332.0 3.6 333.5 39.8 80
2021008575 0.201 1.8 160.6 9.2 502.9 80
2021008575 0.197 0.7 375.0 7.1 514.4 80
2021008575 0.174 -4.0 105.7 48.6 415.1 80
2021008575 0.167 159.1 355.7 326.9 511.9 80
2021008575 0.163 286.9 0.6 353.9 275.6 80
2021008575 0.162 69.4 463.1 272.3 503.1 80
2021008575 0.157 103.0 398.3 274.4 502.6 80
2021008575 0.153 215.6 236.0 333.0 498.8 80
2021008575 0.151 34.1 392.7 155.9 507.7 80
2021008575 0.151 40.0 174.8 294.6 429.1 80
2021008575 0.149 79.6 408.1 215.6 499.8 80
2021008575 0.149 160.5 36.2 317.6 482.7 80
2021008575 0.148 52.5 298.3 286.8 467.4 80
2021008575 0.146 168.6 142.1 327.1 455.6 80
2021008575 0.144 287.5 445.3 334.8 501.2 80
2021008575 0.143 16.1 103.1 110.4 477.7 80
2021008575 0.143 2.8 242.4 131.0 501.7 80
2021008575 0.142 138.0 244.0 324.0 455.6 80
2021008575 0.139 105.5 266.6 308.3 458.5 80
2021008575 0.138 112.6 156.1 321.7 420.3 80
2021008575 0.138 32.4 272.8 208.2 473.0 80
2021008575 0.134 71.3 185.2 304.6 414.1 80
2021008575 0.133 13.4 207.0 176.1 450.3 80
2021008575 0.133 68.9 262.1 270.4 446.1 80
2021008575 0.133 26.7 112.1 310.7 286.9 80
2021008575 0.133 10.1 438.2 65.2 502.3 80
2021008575 0.133 40.3 244.1 237.5 437.3 80
2021008575 0.131 19.8 98.9 160.7 407.8 80
2021008575 0.131 24.1 175.9 198.1 421.6 80
2021008575 0.130 51.4 199.6 262.2 397.6 80
2021008575 0.129 33.4 160.8 235.9 396.7 80
2021008575 0.129 106.3 479.5 227.9 502.8 80
2021008575 0.128 93.0 324.9 141.8 396.2 80
2021008575 0.128 26.7 130.4 231.2 365.6 80
2021008575 0.128 115.1 301.8 185.9 372.7 80
2021008575 0.127 92.1 232.1 177.9 338.0 80
2021008575 0.126 72.9 145.8 326.9 356.8 80
2021008575 0.126 228.3 476.5 308.6 504.9 80
2021008575 0.125 90.0 207.6 228.3 300.3 80
2021008575 0.125 137.0 187.0 280.2 415.7 80
2021008575 0.124 76.9 144.7 283.8 296.3 80
2021008575 0.124 22.1 95.2 281.7 288.9 80
2021008575 0.123 1.0 160.9 48.3 299.9 80
2021008575 0.122 43.2 158.8 321.1 295.2 80
2021008575 0.122 56.5 171.8 281.4 345.9 80
2021008575 0.120 49.2 291.5 105.4 374.4 80
2021008575 0.119 20.4 193.8 183.4 312.3 80
2021008575 0.119 -3.4 51.1 31.6 129.0 80
2021008575 0.118 32.4 469.3 108.7 504.9 80
2021008575 0.118 74.4 465.6 154.5 503.1 80
2021008575 0.118 169.8 468.0 257.1 500.0 80
2021008575 0.117 11.4 96.6 228.0 250.8 80
2021008575 0.116 -7.8 -8.7 321.4 157.4 80
2021008575 0.114 43.1 17.5 366.0 227.2 80
2021008575 0.113 -32.5 -10.4 294.2 150.7 80
2021008575 0.112 -27.5 152.8 162.1 266.3 80
2021008575 0.110 52.7 127.3 344.3 315.0 80
2021008575 0.108 32.0 -16.6 362.8 128.5 80
2021008575 0.107 69.7 53.5 381.2 241.1 80
2021008575 0.106 90.4 10.8 411.2 170.4 80
2021008575 0.106 -61.3 16.7 246.5 124.2 80
2021008575 0.105 108.3 35.2 422.4 211.3 80
2021008575 0.103 -94.5 12.5 224.6 88.6 80
2021008575 0.102 129.1 6.5 446.6 133.9 80
2021008575 0.100 -0.4 -6.1 30.5 35.2 80
2021008575 0.100 77.1 -16.1 409.1 64.8 80
2021008575 0.094 -120.8 -3.3 211.1 30.6 80
2021008575 0.090 -55.7 -7.7 276.3 36.3 80
2021008575 0.089 22.4 -11.5 354.4 32.3 80
2021008575 0.089 -91.2 -1.7 240.8 33.1 80
2021008575 0.088 -20.7 -5.1 311.3 31.0 80
2021008575 0.088 59.7 -5.6 391.7 29.2 80
2021008575 0.087 137.8 -3.3 469.8 30.6 80
2021008575 0.087 107.6 -3.0 439.6 32.9 80
2021008575 0.664 17.6 3.8 332.9 501.1 7
2021008575 0.654 311.2 460.8 335.0 495.9 80
2021008575 0.625 0.9 193.9 11.6 343.9 80
2021008575 0.622 1.6 118.0 17.1 326.3 80
2021008575 0.610 3.6 10.0 333.2 311.8 80
2021008575 0.597 1.2 1.2 332.8 500.0 80
2021008575 0.576 330.0 235.7 333.2 295.1 80
2021008575 0.570 329.9 95.5 333.2 205.2 80
2021008575 0.563 0.8 141.1 5.7 259.1 80
2021008575 0.527 327.9 102.7 332.6 273.3 80
2021008575 0.512 12.6 -10.1 325.1 253.7 80
2021008575 0.511 318.9 -5.7 333.4 293.7 80
2021008575 0.490 2.0 85.2 12.9 463.1 80
2021008575 0.462 332.0 315.8 333.2 389.6 80
2021008575 0.436 70.7 7.4 329.4 489.2 80
2021008575 0.406 327.2 15.2 332.5 425.1 80
2021008575 0.395 1.4 51.0 23.0 411.7 80
2021008575 0.329 332.2 186.0 332.8 373.5 80
2021008575 0.322 258.2 16.9 326.2 515.8 80
2021008575 0.317 326.8 51.8 332.6 511.5 80
2021008575 0.301 1.0 213.4 2.8 435.7 80
2021008575 0.260 290.6 0.3 341.5 499.2 80
2021008575 0.255 1.0 44.3 25.9 535.1 80
2021008575 0.226 331.7 319.9 333.4 461.2 80
2021008575 0.216 0.4 4.0 3.0 113.0 80
2021008575 0.206 332.0 3.6 333.5 39.8 80
2021008575 0.201 1.8 160.6 9.2 502.9 80
2021008575 0.197 0.7 375.0 7.1 514.4 80
2021008575 0.174 -4.0 105.7 48.6 415.1 80
2021008575 0.167 159.1 355.7 326.9 511.9 80
2021008575 0.163 286.9 0.6 353.9 275.6 80
2021008575 0.162 69.4 463.1 272.3 503.1 80
2021008575 0.157 103.0 398.3 274.4 502.6 80
2021008575 0.153 215.6 236.0 333.0 498.8 80
2021008575 0.151 34.1 392.7 155.9 507.7 80
2021008575 0.151 40.0 174.8 294.6 429.1 80
2021008575 0.149 79.6 408.1 215.6 499.8 80
2021008575 0.149 160.5 36.2 317.6 482.7 80
2021008575 0.148 52.5 298.3 286.8 467.4 80
2021008575 0.146 168.6 142.1 327.1 455.6 80
2021008575 0.144 287.5 445.3 334.8 501.2 80
2021008575 0.143 16.1 103.1 110.4 477.7 80
2021008575 0.143 2.8 242.4 131.0 501.7 80
2021008575 0.142 138.0 244.0 324.0 455.6 80
2021008575 0.139 105.5 266.6 308.3 458.5 80
2021008575 0.138 112.6 156.1 321.7 420.3 80
2021008575 0.138 32.4 272.8 208.2 473.0 80
2021008575 0.134 71.3 185.2 304.6 414.1 80
2021008575 0.133 13.4 207.0 176.1 450.3 80
2021008575 0.133 68.9 262.1 270.4 446.1 80
2021008575 0.133 26.7 112.1 310.7 286.9 80
2021008575 0.133 10.1 438.2 65.2 502.3 80
2021008575 0.133 40.3 244.1 237.5 437.3 80
2021008575 0.131 19.8 98.9 160.7 407.8 80
2021008575 0.131 24.1 175.9 198.1 421.6 80
2021008575 0.130 51.4 199.6 262.2 397.6 80
2021008575 0.129 33.4 160.8 235.9 396.7 80
2021008575 0.129 106.3 479.5 227.9 502.8 80
2021008575 0.128 93.0 324.9 141.8 396.2 80
2021008575 0.128 26.7 130.4 231.2 365.6 80
2021008575 0.128 115.1 301.8 185.9 372.7 80
2021008575 0.127 92.1 232.1 177.9 338.0 80
2021008575 0.126 72.9 145.8 326.9 356.8 80
2021008575 0.126 228.3 476.5 308.6 504.9 80
2021008575 0.125 90.0 207.6 228.3 300.3 80
2021008575 0.125 137.0 187.0 280.2 415.7 80
2021008575 0.124 76.9 144.7 283.8 296.3 80
2021008575 0.124 22.1 95.2 281.7 288.9 80
2021008575 0.123 1.0 160.9 48.3 299.9 80
2021008575 0.122 43.2 158.8 321.1 295.2 80
2021008575 0.122 56.5 171.8 281.4 345.9 80
2021008575 0.120 49.2 291.5 105.4 374.4 80
2021008575 0.119 20.4 193.8 183.4 312.3 80
2021008575 0.119 -3.4 51.1 31.6 129.0 80
2021008575 0.118 32.4 469.3 108.7 504.9 80
2021008575 0.118 74.4 465.6 154.5 503.1 80
2021008575 0.118 169.8 468.0 257.1 500.0 80
2021008575 0.117 11.4 96.6 228.0 250.8 80
2021008575 0.116 -7.8 -8.7 321.4 157.4 80
2021008575 0.114 43.1 17.5 366.0 227.2 80
2021008575 0.113 -32.5 -10.4 294.2 150.7 80
2021008575 0.112 -27.5 152.8 162.1 266.3 80
2021008575 0.110 52.7 127.3 344.3 315.0 80
2021008575 0.108 32.0 -16.6 362.8 128.5 80
2021008575 0.107 69.7 53.5 381.2 241.1 80
2021008575 0.106 90.4 10.8 411.2 170.4 80
2021008575 0.106 -61.3 16.7 246.5 124.2 80
2021008575 0.105 108.3 35.2 422.4 211.3 80
2021008575 0.103 -94.5 12.5 224.6 88.6 80
2021008575 0.102 129.1 6.5 446.6 133.9 80
2021008575 0.100 -0.4 -6.1 30.5 35.2 80
2021008575 0.100 77.1 -16.1 409.1 64.8 80
2021008575 0.094 -120.8 -3.3 211.1 30.6 80
2021008575 0.090 -55.7 -7.7 276.3 36.3 80
2021008575 0.089 22.4 -11.5 354.4 32.3 80
2021008575 0.089 -91.2 -1.7 240.8 33.1 80
2021008575 0.088 -20.7 -5.1 311.3 31.0 80
2021008575 0.088 59.7 -5.6 391.7 29.2 80
2021008575 0.087 137.8 -3.3 469.8 30.6 80
2021008575 0.087 107.6 -3.0 439.6 32.9 80
2021008575 0.000 242.1 139.1 329.7 349.7 80
2021008575 0.000 2.5 167.6 131.8 355.2 80
2021008575 0.000 140.4 104.0 277.6 257.6 80
2021008575 0.000 90.5 49.7 224.0 244.1 80
2021008575 0.000 183.0 183.6 333.4 341.1 80
2021008575 0.000 0.6 42.5 68.3 331.4 80
2021008575 0.000 300.4 87.4 332.8 193.4 80
2021008575 0.000 267.3 236.0 322.5 322.9 80
2021008575 0.000 0.8 172.0 68.4 475.0 80
2021008575 0.000 0.6 199.7 31.7 312.2 80
2021008575 0.000 302.2 255.9 332.8 368.9 80
2021008575 0.000 55.1 253.3 105.7 338.6 80
2021008575 0.000 302.3 170.1 332.8 282.8 80
2021008575 0.000 11.9 205.2 69.8 292.2 80
2021008575 0.000 129.9 214.9 186.1 300.8 80
2021008575 0.000 82.8 176.3 153.8 269.0 80
2021008575 0.000 1.3 267.6 32.0 380.4 80
2021008575 0.000 265.3 161.4 332.8 470.2 80
2021008575 0.000 103.4 68.5 329.9 372.7 80
2021008575 0.000 159.7 80.3 302.9 409.1 80
2021008575 0.000 213.5 5.5 335.4 250.0 80
2021008575 0.000 295.8 334.6 332.2 484.9 80
2021008575 0.000 14.3 140.5 206.7 349.5 80
2021008575 0.000 91.5 228.7 149.0 314.9 80
2021008575 0.000 161.6 186.0 221.3 271.2 80
2021008575 0.000 89.5 186.0 248.3 317.4 80
2021008575 0.000 190.4 230.1 249.0 315.2 80
2021008575 0.000 191.9 152.1 320.8 484.8 80
2021008575 0.000 223.1 197.3 284.2 282.0 80
2021008575 0.000 0.4 28.1 34.9 140.7 80
2021008575 0.000 230.0 270.5 286.6 354.2 80
2021008575 0.000 46.3 160.9 107.2 246.4 80
2021008575 0.000 6.0 21.8 152.2 243.9 80
2021008575 0.000 132.7 149.6 192.2 235.9 80
2021008575 0.000 1.6 -17.0 332.6 285.6 80
2021008575 0.000 0.8 334.2 38.4 495.6 80
2021008575 0.000 0.6 119.3 34.2 231.8 80
2021008575 0.000 5.1 195.4 238.1 491.4 80
2021008575 0.000 19.9 34.4 265.8 337.7 80
2021008575 0.000 96.1 285.2 238.8 494.2 80
2021008575 0.000 252.4 134.9 314.4 220.8 80
2021008575 0.000 85.2 119.4 250.2 482.5 80
2021008575 0.000 107.2 172.4 219.7 460.6 80
2021008575 0.000 -1.0 125.3 161.0 495.4 80
2021008575 0.000 64.3 122.9 268.5 395.9 80
2021008575 0.000 161.6 217.9 264.0 445.0 80
2021008575 0.000 -4.1 260.8 131.5 493.7 80
2021008575 0.000 199.3 139.6 261.7 224.2 80
2021008575 0.000 126.2 72.2 188.4 157.4 80
2021008575 0.000 47.5 49.6 284.3 461.9 80
2021008575 0.000 99.9 217.1 315.6 492.4 80
2021008575 0.000 2.9 326.3 221.4 496.5 80
2021008575 0.000 239.5 28.3 332.9 480.9 80
2021008575 0.000 196.7 258.0 325.3 491.0 80
2021008575 0.000 3.0 372.6 88.1 498.8 80
2021008575 0.000 0.6 95.3 245.2 496.7 80
2021008575 0.000 138.2 8.1 336.1 496.4 80
2021008575 0.000 241.7 335.1 328.7 494.1 80
2021008575 0.000 97.8 107.0 341.0 501.4 80
2021008575 0.000 84.6 112.1 145.6 198.0 80
2021008575 0.000 119.9 199.1 231.3 355.6 80
2021008575 0.000 24.5 295.5 78.5 386.2 80
2021008575 0.000 37.5 115.0 306.0 430.5 80
2021008575 0.000 -3.2 9.9 198.5 494.6 80
2021008575 0.000 133.3 350.2 331.7 500.1 80
2021008575 0.000 31.7 53.6 202.4 448.0 80
2021008575 0.000 57.7 142.2 180.1 477.5 80
2021008575 0.000 111.1 271.1 233.3 459.5 80
2021008575 0.000 1.5 309.5 332.2 500.6 80
2021008575 0.000 95.1 -1.9 305.0 156.1 80
2021008575 0.000 1.4 3.4 279.7 496.8 80
2021008575 0.000 90.7 22.6 248.6 481.6 80
2021008575 0.000 88.9 304.6 142.0 388.0 80
2021008575 0.000 26.4 201.0 288.5 372.5 80
2021008575 0.000 50.0 11.3 332.6 499.2 80
2021008575 0.000 0.7 149.6 332.7 496.7 80
2021008575 0.000 4.1 40.3 96.7 484.5 80
2021008575 0.000 9.6 60.9 317.2 502.9 80
2021008575 0.000 1.1 40.6 332.8 458.1 80
2021008575 0.000 0.9 0.7 332.8 499.3 80
2021008575 0.000 164.6 7.2 226.3 97.5 80
2021008575 0.000 211.2 71.4 276.0 156.8 80
2021008575 0.000 155.7 279.4 268.1 385.0 80
2021008575 0.000 5.3 188.7 333.6 394.2 80
2021008575 0.000 283.8 7.0 331.1 114.5 80
2021008575 0.000 143.9 264.6 193.4 348.7 80
2021008575 0.000 21.0 91.0 87.8 178.0 80
2021008575 0.000 215.5 293.4 271.2 374.9 80
2021008575 0.000 0.9 0.7 332.8 499.3 14
2021008575 0.000 0.9 0.7 332.8 499.3 7
2021008575 0.000 50.0 11.3 332.6 499.2 14
2021008575 0.000 0.9 0.7 332.8 499.3 11
2021008575 0.000 47.5 49.6 284.3 461.9 14
2021008575 0.000 138.2 8.1 336.1 496.4 14
2021008575 0.000 9.6 60.9 317.2 502.9 14
2021008575 0.000 -3.2 9.9 198.5 494.6 14
2021008575 0.000 1.4 3.4 279.7 496.8 14
2021008575 0.000 -1.0 125.3 161.0 495.4 14
2021008575 0.000 0.6 95.3 245.2 496.7 14
2021008575 0.000 0.7 149.6 332.7 496.7 17
