2021000000460494 0.785 606.8 382.2 637.2 423.8 80
2021000000460494 0.770 4.3 4.3 638.7 421.7 80
2021000000460494 0.753 284.9 408.5 389.4 427.4 80
2021000000460494 0.740 637.9 291.5 639.9 432.7 80
2021000000460494 0.733 -0.2 0.4 176.1 22.1 80
2021000000460494 0.726 0.6 -4.3 7.7 47.7 80
2021000000460494 0.726 73.2 0.7 343.9 12.8 80
2021000000460494 0.724 99.2 0.9 234.7 15.5 80
2021000000460494 0.722 637.9 19.8 640.0 152.5 80
2021000000460494 0.720 635.9 13.9 640.4 397.1 80
2021000000460494 0.720 119.3 0.7 412.2 8.0 80
2021000000460494 0.714 239.6 0.6 444.3 6.4 80
2021000000460494 0.714 70.3 0.7 159.1 19.0 80
2021000000460494 0.714 637.6 11.2 639.9 83.5 80
2021000000460494 0.713 161.8 0.9 433.4 6.4 80
2021000000460494 0.707 634.8 6.1 640.3 142.9 80
2021000000460494 0.669 0.8 0.7 159.9 21.0 80
2021000000460494 0.162 147.6 55.5 283.3 100.9 80
2021000000460494 0.135 309.4 4.3 434.1 17.6 80
2021000000460494 0.130 356.9 5.9 477.8 19.1 80
