2021000000515445 0.668 547.1 372.7 570.8 438.9 14
2021000000515445 0.653 600.5 436.1 639.0 478.2 80
2021000000515445 0.650 405.1 297.2 419.9 313.5 80
2021000000515445 0.642 48.8 285.2 74.0 300.5 80
2021000000515445 0.627 244.0 374.3 270.8 439.5 14
2021000000515445 0.593 633.2 353.1 639.7 405.6 80
2021000000515445 0.586 632.5 280.5 639.8 346.8 80
2021000000515445 0.576 245.0 386.8 267.2 425.0 80
2021000000515445 0.563 475.8 390.0 495.8 420.4 80
2021000000515445 0.556 487.1 380.9 513.2 435.5 14
2021000000515445 0.549 591.9 408.7 613.2 424.1 80
2021000000515445 0.537 512.2 369.3 531.6 438.9 14
2021000000515445 0.531 258.6 376.7 278.4 408.8 80
2021000000515445 0.527 246.1 383.1 272.8 436.1 80
2021000000515445 0.526 254.1 368.8 269.7 400.4 80
2021000000515445 0.517 245.4 369.6 265.8 412.6 80
2021000000515445 0.505 253.1 352.9 270.2 388.2 80
2021000000515445 0.503 246.7 373.8 271.9 435.1 80
2021000000515445 0.475 492.0 379.4 510.2 431.2 80
2021000000515445 0.469 505.4 375.7 523.3 414.6 80
2021000000515445 0.466 558.4 366.3 571.6 390.2 80
2021000000515445 0.457 636.6 123.5 640.3 242.0 80
2021000000515445 0.449 524.5 375.0 547.0 444.5 80
2021000000515445 0.438 538.4 375.2 555.7 408.6 80
2021000000515445 0.403 499.9 381.3 520.3 439.8 80
2021000000515445 0.385 547.5 373.1 570.8 442.2 80
2021000000515445 0.380 473.7 359.8 494.6 392.6 80
2021000000515445 0.318 527.1 352.7 546.7 380.8 80
2021000000515445 0.270 547.5 373.1 570.8 442.2 14
2021000000515445 0.269 1.0 209.4 3.8 319.3 80
2021000000515445 0.266 637.9 119.3 640.3 336.5 80
2021000000515445 0.240 0.9 79.7 3.9 218.9 80
2021000000515445 0.229 228.4 465.3 426.5 482.0 80
2021000000515445 0.224 0.7 275.5 4.8 422.0 80
2021000000515445 0.218 0.3 6.6 5.7 100.3 80
2021000000515445 0.216 -2.9 439.0 32.6 483.6 80
2021000000515445 0.215 66.7 467.6 209.5 481.7 80
2021000000515445 0.213 1.1 44.7 8.6 304.6 80
2021000000515445 0.205 634.8 228.1 641.5 404.8 80
2021000000515445 0.204 1.2 103.6 9.3 408.3 80
2021000000515445 0.198 499.9 381.3 520.3 439.8 14
2021000000515445 0.193 4.8 93.6 29.2 455.6 80
2021000000515445 0.182 194.9 462.4 418.8 480.1 80
2021000000515445 0.174 1.8 262.2 32.8 480.0 80
2021000000515445 0.174 524.5 375.0 547.0 444.5 14
2021000000515445 0.157 403.5 359.2 438.1 389.2 80
2021000000515445 0.154 85.4 428.5 256.1 480.0 80
2021000000515445 0.152 246.7 373.8 271.9 435.1 14
2021000000515445 0.148 492.0 379.4 510.2 431.2 14
2021000000515445 0.143 512.2 369.3 531.6 438.9 80
2021000000515445 0.143 24.1 442.1 116.9 478.0 80
2021000000515445 0.143 430.5 357.1 464.1 391.4 80
2021000000515445 0.141 487.1 380.9 513.2 435.5 80
2021000000515445 0.140 270.6 427.0 409.9 476.1 80
2021000000515445 0.139 560.2 238.1 606.3 369.9 80
2021000000515445 0.139 22.7 291.9 207.6 471.2 80
2021000000515445 0.137 476.9 347.4 511.6 386.4 80
2021000000515445 0.131 358.8 104.5 569.0 388.5 80
2021000000515445 0.130 182.6 320.5 471.5 452.0 80
2021000000515445 0.130 349.7 447.3 479.7 480.7 80
2021000000515445 0.128 231.3 333.4 275.2 376.6 80
2021000000515445 0.127 40.3 242.8 305.3 410.0 80
2021000000515445 0.126 340.4 334.1 388.9 378.6 80
2021000000515445 0.124 26.9 178.5 219.2 390.8 80
2021000000515445 0.124 106.7 238.7 325.3 393.2 80
2021000000515445 0.123 142.5 159.9 496.3 319.7 80
2021000000515445 0.123 40.8 122.4 260.8 359.5 80
2021000000515445 0.122 97.7 156.7 375.4 350.2 80
2021000000515445 0.121 170.2 264.4 478.2 383.6 80
2021000000515445 0.121 229.5 236.4 503.4 378.0 80
2021000000515445 0.120 281.9 312.1 334.3 359.4 80
2021000000515445 0.120 18.7 195.5 96.4 347.5 80
2021000000515445 0.119 145.0 265.6 210.6 326.8 80
2021000000515445 0.118 182.2 184.6 464.9 336.1 80
2021000000515445 0.117 81.4 238.2 164.1 303.2 80
2021000000515445 0.117 361.1 373.7 489.3 436.5 80
2021000000515445 0.117 31.2 215.3 96.5 286.6 80
2021000000515445 0.116 327.1 187.0 476.7 272.8 80
2021000000515445 0.114 213.8 116.0 493.0 199.1 80
2021000000515445 0.113 -60.6 46.8 147.8 114.6 80
2021000000515445 0.113 120.1 94.0 463.3 175.8 80
2021000000515445 0.112 135.5 98.6 553.0 195.3 80
2021000000515445 0.112 52.7 188.8 257.0 335.3 80
2021000000515445 0.111 232.7 232.2 420.0 342.9 80
2021000000515445 0.110 22.3 53.2 446.9 125.1 80
2021000000515445 0.108 223.8 26.1 714.7 85.9 80
2021000000515445 0.108 183.9 308.1 265.2 367.2 80
2021000000515445 0.107 272.7 14.5 787.0 64.3 80
2021000000515445 0.106 329.8 11.2 822.2 55.4 80
2021000000515445 0.105 -139.4 9.3 488.1 45.4 80
2021000000515445 0.105 -194.3 10.8 430.1 46.0 80
2021000000515445 0.103 469.8 15.9 765.4 67.1 80
2021000000515445 0.101 58.8 3.6 697.8 37.0 80
2021000000515445 0.095 -2.5 2.6 636.5 33.1 80
2021000000515445 0.095 -114.1 -3.8 193.6 28.9 80
2021000000515445 0.095 -63.4 3.0 575.5 34.5 80
2021000000515445 0.094 -179.5 -0.6 458.6 29.8 80
2021000000515445 0.094 -51.1 -2.9 587.7 27.6 80
2021000000515445 0.093 89.2 1.6 728.2 33.4 80
2021000000515445 0.093 -120.9 1.2 517.6 32.2 80
2021000000515445 0.668 547.1 372.7 570.8 438.9 14
2021000000515445 0.653 600.5 436.1 639.0 478.2 80
2021000000515445 0.650 405.1 297.2 419.9 313.5 80
2021000000515445 0.642 48.8 285.2 74.0 300.5 80
2021000000515445 0.627 244.0 374.3 270.8 439.5 14
2021000000515445 0.593 633.2 353.1 639.7 405.6 80
2021000000515445 0.586 632.5 280.5 639.8 346.8 80
2021000000515445 0.576 245.0 386.8 267.2 425.0 80
2021000000515445 0.563 475.8 390.0 495.8 420.4 80
2021000000515445 0.556 487.1 380.9 513.2 435.5 14
2021000000515445 0.549 591.9 408.7 613.2 424.1 80
2021000000515445 0.537 512.2 369.3 531.6 438.9 14
2021000000515445 0.531 258.6 376.7 278.4 408.8 80
2021000000515445 0.527 246.1 383.1 272.8 436.1 80
2021000000515445 0.526 254.1 368.8 269.7 400.4 80
2021000000515445 0.517 245.4 369.6 265.8 412.6 80
2021000000515445 0.505 253.1 352.9 270.2 388.2 80
2021000000515445 0.503 246.7 373.8 271.9 435.1 80
2021000000515445 0.475 492.0 379.4 510.2 431.2 80
2021000000515445 0.469 505.4 375.7 523.3 414.6 80
2021000000515445 0.466 558.4 366.3 571.6 390.2 80
2021000000515445 0.457 636.6 123.5 640.3 242.0 80
2021000000515445 0.449 524.5 375.0 547.0 444.5 80
2021000000515445 0.438 538.4 375.2 555.7 408.6 80
2021000000515445 0.403 499.9 381.3 520.3 439.8 80
2021000000515445 0.385 547.5 373.1 570.8 442.2 80
2021000000515445 0.380 473.7 359.8 494.6 392.6 80
2021000000515445 0.318 527.1 352.7 546.7 380.8 80
2021000000515445 0.270 547.5 373.1 570.8 442.2 14
2021000000515445 0.269 1.0 209.4 3.8 319.3 80
2021000000515445 0.266 637.9 119.3 640.3 336.5 80
2021000000515445 0.240 0.9 79.7 3.9 218.9 80
2021000000515445 0.229 228.4 465.3 426.5 482.0 80
2021000000515445 0.224 0.7 275.5 4.8 422.0 80
2021000000515445 0.218 0.3 6.6 5.7 100.3 80
2021000000515445 0.216 -2.9 439.0 32.6 483.6 80
2021000000515445 0.215 66.7 467.6 209.5 481.7 80
2021000000515445 0.213 1.1 44.7 8.6 304.6 80
2021000000515445 0.205 634.8 228.1 641.5 404.8 80
2021000000515445 0.204 1.2 103.6 9.3 408.3 80
2021000000515445 0.198 499.9 381.3 520.3 439.8 14
2021000000515445 0.193 4.8 93.6 29.2 455.6 80
2021000000515445 0.182 194.9 462.4 418.8 480.1 80
2021000000515445 0.174 1.8 262.2 32.8 480.0 80
2021000000515445 0.174 524.5 375.0 547.0 444.5 14
2021000000515445 0.157 403.5 359.2 438.1 389.2 80
2021000000515445 0.154 85.4 428.5 256.1 480.0 80
2021000000515445 0.152 246.7 373.8 271.9 435.1 14
2021000000515445 0.148 492.0 379.4 510.2 431.2 14
2021000000515445 0.143 512.2 369.3 531.6 438.9 80
2021000000515445 0.143 24.1 442.1 116.9 478.0 80
2021000000515445 0.143 430.5 357.1 464.1 391.4 80
2021000000515445 0.141 487.1 380.9 513.2 435.5 80
2021000000515445 0.140 270.6 427.0 409.9 476.1 80
2021000000515445 0.139 560.2 238.1 606.3 369.9 80
2021000000515445 0.139 22.7 291.9 207.6 471.2 80
2021000000515445 0.137 476.9 347.4 511.6 386.4 80
2021000000515445 0.131 358.8 104.5 569.0 388.5 80
2021000000515445 0.130 182.6 320.5 471.5 452.0 80
2021000000515445 0.130 349.7 447.3 479.7 480.7 80
2021000000515445 0.128 231.3 333.4 275.2 376.6 80
2021000000515445 0.127 40.3 242.8 305.3 410.0 80
2021000000515445 0.126 340.4 334.1 388.9 378.6 80
2021000000515445 0.124 26.9 178.5 219.2 390.8 80
2021000000515445 0.124 106.7 238.7 325.3 393.2 80
2021000000515445 0.123 142.5 159.9 496.3 319.7 80
2021000000515445 0.123 40.8 122.4 260.8 359.5 80
2021000000515445 0.122 97.7 156.7 375.4 350.2 80
2021000000515445 0.121 170.2 264.4 478.2 383.6 80
2021000000515445 0.121 229.5 236.4 503.4 378.0 80
2021000000515445 0.120 281.9 312.1 334.3 359.4 80
2021000000515445 0.120 18.7 195.5 96.4 347.5 80
2021000000515445 0.119 145.0 265.6 210.6 326.8 80
2021000000515445 0.118 182.2 184.6 464.9 336.1 80
2021000000515445 0.117 81.4 238.2 164.1 303.2 80
2021000000515445 0.117 361.1 373.7 489.3 436.5 80
2021000000515445 0.117 31.2 215.3 96.5 286.6 80
2021000000515445 0.116 327.1 187.0 476.7 272.8 80
2021000000515445 0.114 213.8 116.0 493.0 199.1 80
2021000000515445 0.113 -60.6 46.8 147.8 114.6 80
2021000000515445 0.113 120.1 94.0 463.3 175.8 80
2021000000515445 0.112 135.5 98.6 553.0 195.3 80
2021000000515445 0.112 52.7 188.8 257.0 335.3 80
2021000000515445 0.111 232.7 232.2 420.0 342.9 80
2021000000515445 0.110 22.3 53.2 446.9 125.1 80
2021000000515445 0.108 223.8 26.1 714.7 85.9 80
2021000000515445 0.108 183.9 308.1 265.2 367.2 80
2021000000515445 0.107 272.7 14.5 787.0 64.3 80
2021000000515445 0.106 329.8 11.2 822.2 55.4 80
2021000000515445 0.105 -139.4 9.3 488.1 45.4 80
2021000000515445 0.105 -194.3 10.8 430.1 46.0 80
2021000000515445 0.103 469.8 15.9 765.4 67.1 80
2021000000515445 0.101 58.8 3.6 697.8 37.0 80
2021000000515445 0.095 -2.5 2.6 636.5 33.1 80
2021000000515445 0.095 -114.1 -3.8 193.6 28.9 80
2021000000515445 0.095 -63.4 3.0 575.5 34.5 80
2021000000515445 0.094 -179.5 -0.6 458.6 29.8 80
2021000000515445 0.094 -51.1 -2.9 587.7 27.6 80
2021000000515445 0.093 89.2 1.6 728.2 33.4 80
2021000000515445 0.093 -120.9 1.2 517.6 32.2 80
2021000000515445 0.000 309.5 93.5 477.1 291.4 80
2021000000515445 0.000 0.9 54.9 132.5 317.2 80
2021000000515445 0.000 183.6 173.7 269.1 259.1 80
2021000000515445 0.000 270.3 142.8 352.4 227.9 80
2021000000515445 0.000 474.6 139.5 622.4 344.0 80
2021000000515445 0.000 327.1 176.3 405.8 261.8 80
2021000000515445 0.000 200.2 40.0 389.1 270.9 80
2021000000515445 0.000 57.9 278.5 137.4 369.8 80
2021000000515445 0.000 174.2 105.0 265.7 193.9 80
2021000000515445 0.000 104.1 150.3 188.1 238.7 80
2021000000515445 0.000 253.0 66.1 348.6 153.4 80
2021000000515445 0.000 580.3 164.1 639.5 270.3 80
2021000000515445 0.000 496.1 124.2 591.0 210.2 80
2021000000515445 0.000 446.0 185.7 526.1 270.2 80
2021000000515445 0.000 174.9 279.1 258.3 374.7 80
2021000000515445 0.000 24.7 33.1 264.3 249.3 80
2021000000515445 0.000 1.6 257.4 61.5 364.8 80
2021000000515445 0.000 381.1 218.2 460.6 302.3 80
2021000000515445 0.000 580.1 246.6 639.5 352.7 80
2021000000515445 0.000 455.8 252.8 532.1 340.1 80
2021000000515445 0.000 401.0 128.9 481.6 214.7 80
2021000000515445 0.000 414.3 10.4 635.7 245.5 80
2021000000515445 0.000 367.7 169.8 621.8 329.9 80
2021000000515445 0.000 262.9 204.7 342.1 288.5 80
2021000000515445 0.000 0.8 160.8 130.7 458.1 80
2021000000515445 0.000 42.4 162.8 213.5 354.3 80
2021000000515445 0.000 1.0 193.6 60.2 300.2 80
2021000000515445 0.000 114.8 240.1 191.7 325.0 80
2021000000515445 0.000 574.5 68.9 639.7 196.4 80
2021000000515445 0.000 150.7 207.0 298.4 405.1 80
2021000000515445 0.000 278.8 322.1 366.9 424.9 80
2021000000515445 0.000 190.8 220.1 269.9 304.2 80
2021000000515445 0.000 524.6 225.8 607.8 310.2 80
2021000000515445 0.000 34.3 198.2 121.5 282.7 80
2021000000515445 0.000 414.3 279.0 491.7 377.7 80
2021000000515445 0.000 259.2 149.1 408.4 353.2 80
2021000000515445 0.000 227.0 72.1 603.2 342.2 80
2021000000515445 0.000 322.7 158.4 469.5 445.3 80
2021000000515445 0.000 0.3 115.4 65.7 222.4 80
2021000000515445 0.000 0.6 27.9 66.3 135.7 80
2021000000515445 0.000 59.2 138.1 364.3 331.4 80
2021000000515445 0.000 129.1 64.4 313.7 405.8 80
2021000000515445 0.000 326.8 4.4 421.7 93.9 80
2021000000515445 0.000 413.0 60.5 519.9 148.9 80
2021000000515445 0.000 55.1 27.1 491.3 330.7 80
2021000000515445 0.000 0.6 319.1 74.7 473.3 80
2021000000515445 0.000 228.3 281.8 304.6 384.6 80
2021000000515445 0.000 566.4 313.4 639.5 471.7 80
2021000000515445 0.000 510.0 145.0 639.5 455.1 80
2021000000515445 0.000 13.2 13.3 629.1 255.5 80
2021000000515445 0.000 330.7 54.0 548.1 398.2 80
2021000000515445 0.000 114.9 21.3 522.3 466.7 80
2021000000515445 0.000 327.6 216.2 468.0 386.5 80
2021000000515445 0.000 -3.3 6.7 366.2 475.7 80
2021000000515445 0.000 10.1 113.6 294.0 473.7 80
2021000000515445 0.000 0.6 29.0 187.7 465.4 80
2021000000515445 0.000 272.5 7.6 636.2 477.0 80
2021000000515445 0.000 167.6 100.1 471.2 467.9 80
2021000000515445 0.000 199.6 258.0 449.4 472.8 80
2021000000515445 0.000 217.7 135.9 397.2 452.2 80
2021000000515445 0.000 196.0 26.6 455.0 461.9 80
2021000000515445 0.000 457.4 22.9 641.1 462.3 80
2021000000515445 0.000 87.7 86.9 572.7 411.4 80
2021000000515445 0.000 226.3 10.3 534.9 162.7 80
2021000000515445 0.000 55.5 326.0 370.6 478.2 80
2021000000515445 0.000 2.7 87.3 468.6 472.6 80
2021000000515445 0.000 6.3 357.0 167.0 479.1 80
2021000000515445 0.000 15.1 234.0 237.0 468.2 80
2021000000515445 0.000 390.5 230.2 617.4 467.3 80
2021000000515445 0.000 281.3 254.4 356.3 338.8 80
2021000000515445 0.000 30.8 187.0 432.8 466.7 80
2021000000515445 0.000 2.9 1.4 528.4 477.4 80
2021000000515445 0.000 192.8 167.8 455.2 292.6 80
2021000000515445 0.000 350.8 109.9 628.0 477.5 80
2021000000515445 0.000 3.6 292.2 634.8 479.2 80
2021000000515445 0.000 282.2 329.1 607.6 478.1 80
2021000000515445 0.000 107.9 1.1 635.1 477.3 80
2021000000515445 0.000 202.7 86.5 633.6 475.1 80
2021000000515445 0.000 201.8 192.4 593.0 467.1 80
2021000000515445 0.000 463.8 313.5 632.7 472.2 80
2021000000515445 0.000 56.5 77.3 150.1 175.0 80
2021000000515445 0.000 166.0 130.1 468.3 376.3 80
2021000000515445 0.000 28.3 55.2 611.2 469.2 80
2021000000515445 0.000 76.8 181.9 524.2 348.1 80
2021000000515445 0.000 0.2 128.8 638.7 469.2 80
2021000000515445 0.000 312.1 258.2 382.3 350.5 80
2021000000515445 0.000 15.9 120.9 627.0 347.9 80
2021000000515445 0.000 0.8 0.1 639.6 478.6 80
2021000000515445 0.000 1.4 23.1 638.5 396.5 80
2021000000515445 0.000 366.2 320.1 436.2 408.4 80
2021000000515445 0.000 542.7 7.6 638.5 109.6 80
2021000000515445 0.000 15.9 120.9 627.0 347.9 0
2021000000515445 0.000 0.8 0.1 639.6 478.6 7
2021000000515445 0.000 10.1 113.6 294.0 473.7 14
2021000000515445 0.000 330.7 54.0 548.1 398.2 14
2021000000515445 0.000 129.1 64.4 313.7 405.8 14
2021000000515445 0.000 217.7 135.9 397.2 452.2 14
2021000000515445 0.000 350.8 109.9 628.0 477.5 14
2021000000515445 0.000 196.0 26.6 455.0 461.9 14
2021000000515445 0.000 272.5 7.6 636.2 477.0 14
