2021000000086582 0.789 609.8 381.4 640.7 426.6 80
2021000000086582 0.770 144.3 249.8 475.1 326.1 80
2021000000086582 0.763 565.0 260.9 602.1 333.3 80
2021000000086582 0.759 602.9 226.0 643.5 407.0 80
2021000000086582 0.757 4.2 280.3 280.9 377.2 80
2021000000086582 0.757 1.0 9.1 639.7 398.1 80
2021000000086582 0.752 167.2 284.0 232.6 325.3 80
2021000000086582 0.750 223.9 136.0 282.8 172.9 80
2021000000086582 0.746 216.9 272.5 423.0 319.7 80
2021000000086582 0.740 -3.3 13.0 173.7 228.1 80
2021000000086582 0.739 416.4 189.5 440.6 228.2 80
2021000000086582 0.733 621.4 235.9 640.6 289.5 80
2021000000086582 0.732 4.0 2.2 299.5 344.2 80
2021000000086582 0.731 0.5 326.1 153.3 383.1 80
2021000000086582 0.729 196.3 183.8 227.7 241.6 80
2021000000086582 0.727 3.3 -1.5 312.6 254.7 80
2021000000086582 0.724 -0.8 328.1 155.8 380.5 80
2021000000086582 0.720 236.7 271.0 319.3 301.8 80
2021000000086582 0.720 3.4 106.5 66.5 227.6 80
2021000000086582 0.712 165.3 271.7 281.7 322.1 80
