2021004894 0.742 4.5 147.0 212.4 334.0 80
2021004894 0.737 51.7 148.2 304.9 335.7 80
2021004894 0.722 5.4 110.5 162.5 336.1 80
2021004894 0.718 78.9 154.5 309.6 338.0 80
2021004894 0.710 -8.8 142.9 288.6 334.3 80
2021004894 0.705 176.4 166.9 228.3 207.5 80
2021004894 0.693 83.1 160.9 369.2 334.7 80
2021004894 0.692 211.2 12.5 379.3 333.9 14
2021004894 0.684 111.9 5.7 396.3 334.3 80
2021004894 0.680 14.1 126.2 402.9 336.5 80
2021004894 0.678 1.4 84.2 228.6 336.4 80
2021004894 0.676 14.0 157.3 401.5 333.5 80
2021004894 0.670 19.3 2.2 454.2 334.6 80
2021004894 0.640 463.8 312.9 496.4 333.4 80
2021004894 0.607 173.1 171.0 229.8 210.1 80
2021004894 0.591 495.2 50.5 500.2 164.5 80
2021004894 0.578 191.0 4.7 444.1 332.3 80
2021004894 0.567 77.5 166.4 273.9 335.9 80
2021004894 0.530 0.9 2.0 232.5 334.8 80
2021004894 0.519 57.4 324.4 197.7 333.3 80
2021004894 0.500 1.0 93.6 6.7 169.3 80
2021004894 0.498 497.1 80.7 500.2 254.1 80
2021004894 0.494 98.0 322.8 248.6 333.3 80
2021004894 0.489 491.4 -2.5 502.7 39.1 80
2021004894 0.436 498.5 190.9 500.0 304.3 80
2021004894 0.399 105.3 321.6 405.1 334.8 80
2021004894 0.378 496.7 7.9 500.5 257.3 80
2021004894 0.345 218.8 18.2 373.1 317.7 80
2021004894 0.283 0.7 68.5 3.4 251.7 80
2021004894 0.260 -0.5 19.5 52.2 326.6 80
2021004894 0.260 497.6 46.4 500.6 309.5 80
2021004894 0.248 8.3 45.1 139.9 331.0 80
2021004894 0.237 0.6 9.1 7.8 250.6 80
2021004894 0.228 0.6 175.8 4.2 306.6 80
2021004894 0.225 0.5 2.8 4.2 79.1 80
2021004894 0.208 0.2 43.7 10.3 308.0 80
2021004894 0.198 472.4 254.5 509.6 336.8 80
2021004894 0.192 -3.1 238.2 304.9 340.8 80
2021004894 0.185 218.2 57.7 369.7 266.3 80
2021004894 0.172 271.8 299.7 471.5 334.2 80
2021004894 0.169 373.7 6.1 484.3 325.0 80
2021004894 0.165 117.8 316.6 359.8 335.2 80
2021004894 0.164 471.2 52.4 510.8 345.1 80
2021004894 0.160 -10.4 305.2 45.3 338.7 80
2021004894 0.153 329.1 324.1 466.3 336.0 80
2021004894 0.153 178.4 265.2 362.3 336.7 80
2021004894 0.152 82.5 215.6 358.0 334.7 80
2021004894 0.148 400.8 95.9 507.1 329.9 80
2021004894 0.147 -12.7 211.5 90.4 336.9 80
2021004894 0.146 165.2 42.5 385.7 295.6 80
2021004894 0.145 16.1 54.6 223.6 304.5 80
2021004894 0.144 304.8 185.1 522.2 325.0 80
2021004894 0.143 334.8 74.3 502.6 316.2 80
2021004894 0.141 5.9 308.3 134.9 334.7 80
2021004894 0.139 384.3 311.9 491.9 333.2 80
2021004894 0.138 223.7 84.4 409.2 291.4 80
2021004894 0.138 54.3 55.1 311.9 289.9 80
2021004894 0.133 173.5 96.8 405.1 289.7 80
2021004894 0.133 200.5 172.6 427.5 307.7 80
2021004894 0.132 229.9 164.7 479.6 305.0 80
2021004894 0.132 254.2 313.7 377.6 335.8 80
2021004894 0.131 263.3 119.6 501.8 291.3 80
2021004894 0.129 109.9 136.0 361.0 282.3 80
2021004894 0.129 296.4 63.3 486.2 281.9 80
2021004894 0.128 166.5 215.5 213.4 251.5 80
2021004894 0.126 227.1 201.7 277.5 251.7 80
2021004894 0.124 247.5 63.0 424.7 283.6 80
2021004894 0.122 245.7 140.8 326.1 217.3 80
2021004894 0.122 144.5 232.7 208.7 280.2 80
2021004894 0.119 232.0 140.7 341.0 273.1 80
2021004894 0.118 75.8 162.6 196.8 224.7 80
2021004894 0.118 217.4 127.5 328.2 230.3 80
2021004894 0.118 33.4 155.6 163.4 222.6 80
2021004894 0.116 8.5 142.0 103.9 211.7 80
2021004894 0.113 67.2 60.3 393.8 125.5 80
2021004894 0.112 6.4 45.4 351.7 104.2 80
2021004894 0.111 -92.5 30.1 167.9 80.6 80
2021004894 0.109 173.1 171.0 229.8 210.1 2
2021004894 0.109 126.3 18.5 508.2 89.1 80
2021004894 0.108 154.4 66.5 590.1 167.0 80
2021004894 0.108 220.1 78.4 603.1 178.8 80
2021004894 0.108 123.2 36.5 561.7 118.8 80
2021004894 0.107 105.0 25.9 482.3 115.1 80
2021004894 0.107 -105.7 7.7 379.9 43.9 80
2021004894 0.107 -137.5 9.7 328.8 49.6 80
2021004894 0.107 297.2 79.9 602.3 184.6 80
2021004894 0.101 190.2 3.8 688.6 39.0 80
2021004894 0.100 150.6 4.6 649.5 41.4 80
2021004894 0.099 3.0 -0.1 502.0 25.0 80
2021004894 0.098 298.4 4.8 671.4 44.8 80
2021004894 0.095 -190.7 -2.1 254.5 17.7 80
2021004894 0.094 -46.4 0.3 452.6 25.5 80
2021004894 0.093 -38.2 -1.2 460.8 17.8 80
2021004894 0.093 -184.6 0.2 314.3 20.7 80
2021004894 0.092 -139.2 -0.3 359.7 21.5 80
2021004894 0.091 -92.8 0.9 406.2 23.0 80
2021004894 0.091 203.5 -0.4 702.5 19.4 80
2021004894 0.091 156.1 0.2 655.1 21.8 80
2021004894 0.091 82.1 -1.5 581.1 18.4 80
2021004894 0.090 22.9 -1.6 521.9 19.2 80
2021004894 0.742 4.5 147.0 212.4 334.0 80
2021004894 0.737 51.7 148.2 304.9 335.7 80
2021004894 0.722 5.4 110.5 162.5 336.1 80
2021004894 0.718 78.9 154.5 309.6 338.0 80
2021004894 0.710 -8.8 142.9 288.6 334.3 80
2021004894 0.705 176.4 166.9 228.3 207.5 80
2021004894 0.693 83.1 160.9 369.2 334.7 80
2021004894 0.692 211.2 12.5 379.3 333.9 14
2021004894 0.684 111.9 5.7 396.3 334.3 80
2021004894 0.680 14.1 126.2 402.9 336.5 80
2021004894 0.678 1.4 84.2 228.6 336.4 80
2021004894 0.676 14.0 157.3 401.5 333.5 80
2021004894 0.670 19.3 2.2 454.2 334.6 80
2021004894 0.640 463.8 312.9 496.4 333.4 80
2021004894 0.607 173.1 171.0 229.8 210.1 80
2021004894 0.591 495.2 50.5 500.2 164.5 80
2021004894 0.578 191.0 4.7 444.1 332.3 80
2021004894 0.567 77.5 166.4 273.9 335.9 80
2021004894 0.530 0.9 2.0 232.5 334.8 80
2021004894 0.519 57.4 324.4 197.7 333.3 80
2021004894 0.500 1.0 93.6 6.7 169.3 80
2021004894 0.498 497.1 80.7 500.2 254.1 80
2021004894 0.494 98.0 322.8 248.6 333.3 80
2021004894 0.489 491.4 -2.5 502.7 39.1 80
2021004894 0.436 498.5 190.9 500.0 304.3 80
2021004894 0.399 105.3 321.6 405.1 334.8 80
2021004894 0.378 496.7 7.9 500.5 257.3 80
2021004894 0.345 218.8 18.2 373.1 317.7 80
2021004894 0.283 0.7 68.5 3.4 251.7 80
2021004894 0.260 -0.5 19.5 52.2 326.6 80
2021004894 0.260 497.6 46.4 500.6 309.5 80
2021004894 0.248 8.3 45.1 139.9 331.0 80
2021004894 0.237 0.6 9.1 7.8 250.6 80
2021004894 0.228 0.6 175.8 4.2 306.6 80
2021004894 0.225 0.5 2.8 4.2 79.1 80
2021004894 0.208 0.2 43.7 10.3 308.0 80
2021004894 0.198 472.4 254.5 509.6 336.8 80
2021004894 0.192 -3.1 238.2 304.9 340.8 80
2021004894 0.185 218.2 57.7 369.7 266.3 80
2021004894 0.172 271.8 299.7 471.5 334.2 80
2021004894 0.169 373.7 6.1 484.3 325.0 80
2021004894 0.165 117.8 316.6 359.8 335.2 80
2021004894 0.164 471.2 52.4 510.8 345.1 80
2021004894 0.160 -10.4 305.2 45.3 338.7 80
2021004894 0.153 329.1 324.1 466.3 336.0 80
2021004894 0.153 178.4 265.2 362.3 336.7 80
2021004894 0.152 82.5 215.6 358.0 334.7 80
2021004894 0.148 400.8 95.9 507.1 329.9 80
2021004894 0.147 -12.7 211.5 90.4 336.9 80
2021004894 0.146 165.2 42.5 385.7 295.6 80
2021004894 0.145 16.1 54.6 223.6 304.5 80
2021004894 0.144 304.8 185.1 522.2 325.0 80
2021004894 0.143 334.8 74.3 502.6 316.2 80
2021004894 0.141 5.9 308.3 134.9 334.7 80
2021004894 0.139 384.3 311.9 491.9 333.2 80
2021004894 0.138 223.7 84.4 409.2 291.4 80
2021004894 0.138 54.3 55.1 311.9 289.9 80
2021004894 0.133 173.5 96.8 405.1 289.7 80
2021004894 0.133 200.5 172.6 427.5 307.7 80
2021004894 0.132 229.9 164.7 479.6 305.0 80
2021004894 0.132 254.2 313.7 377.6 335.8 80
2021004894 0.131 263.3 119.6 501.8 291.3 80
2021004894 0.129 109.9 136.0 361.0 282.3 80
2021004894 0.129 296.4 63.3 486.2 281.9 80
2021004894 0.128 166.5 215.5 213.4 251.5 80
2021004894 0.126 227.1 201.7 277.5 251.7 80
2021004894 0.124 247.5 63.0 424.7 283.6 80
2021004894 0.122 245.7 140.8 326.1 217.3 80
2021004894 0.122 144.5 232.7 208.7 280.2 80
2021004894 0.119 232.0 140.7 341.0 273.1 80
2021004894 0.118 75.8 162.6 196.8 224.7 80
2021004894 0.118 217.4 127.5 328.2 230.3 80
2021004894 0.118 33.4 155.6 163.4 222.6 80
2021004894 0.116 8.5 142.0 103.9 211.7 80
2021004894 0.113 67.2 60.3 393.8 125.5 80
2021004894 0.112 6.4 45.4 351.7 104.2 80
2021004894 0.111 -92.5 30.1 167.9 80.6 80
2021004894 0.109 173.1 171.0 229.8 210.1 2
2021004894 0.109 126.3 18.5 508.2 89.1 80
2021004894 0.108 154.4 66.5 590.1 167.0 80
2021004894 0.108 220.1 78.4 603.1 178.8 80
2021004894 0.108 123.2 36.5 561.7 118.8 80
2021004894 0.107 105.0 25.9 482.3 115.1 80
2021004894 0.107 -105.7 7.7 379.9 43.9 80
2021004894 0.107 -137.5 9.7 328.8 49.6 80
2021004894 0.107 297.2 79.9 602.3 184.6 80
2021004894 0.101 190.2 3.8 688.6 39.0 80
2021004894 0.100 150.6 4.6 649.5 41.4 80
2021004894 0.099 3.0 -0.1 502.0 25.0 80
2021004894 0.098 298.4 4.8 671.4 44.8 80
2021004894 0.095 -190.7 -2.1 254.5 17.7 80
2021004894 0.094 -46.4 0.3 452.6 25.5 80
2021004894 0.093 -38.2 -1.2 460.8 17.8 80
2021004894 0.093 -184.6 0.2 314.3 20.7 80
2021004894 0.092 -139.2 -0.3 359.7 21.5 80
2021004894 0.091 -92.8 0.9 406.2 23.0 80
2021004894 0.091 203.5 -0.4 702.5 19.4 80
2021004894 0.091 156.1 0.2 655.1 21.8 80
2021004894 0.091 82.1 -1.5 581.1 18.4 80
2021004894 0.090 22.9 -1.6 521.9 19.2 80
2021004894 0.000 0.8 39.7 103.7 220.6 80
2021004894 0.000 245.1 64.8 370.2 203.7 80
2021004894 0.000 203.1 44.5 266.1 107.0 80
2021004894 0.000 256.6 124.0 316.4 183.4 80
2021004894 0.000 372.7 97.6 484.8 239.4 80
2021004894 0.000 45.9 194.2 106.8 257.6 80
2021004894 0.000 83.8 106.0 144.8 168.1 80
2021004894 0.000 133.1 93.8 218.1 194.6 80
2021004894 0.000 390.5 86.0 458.7 145.6 80
2021004894 0.000 453.6 114.7 499.6 188.1 80
2021004894 0.000 213.4 102.0 273.6 161.5 80
2021004894 0.000 141.4 73.5 202.4 137.0 80
2021004894 0.000 22.2 26.3 202.4 174.5 80
2021004894 0.000 325.8 10.5 494.5 170.9 80
2021004894 0.000 1.5 179.6 48.0 253.8 80
2021004894 0.000 162.1 29.2 299.4 188.6 80
2021004894 0.000 349.9 130.8 409.9 189.5 80
2021004894 0.000 219.9 214.0 281.0 300.6 80
2021004894 0.000 90.6 168.2 149.2 227.3 80
2021004894 0.000 314.7 90.9 375.2 150.4 80
2021004894 0.000 357.4 177.3 415.0 237.0 80
2021004894 0.000 32.3 113.5 167.9 246.4 80
2021004894 0.000 1.0 135.1 47.1 208.8 80
2021004894 0.000 453.4 171.8 499.7 245.3 80
2021004894 0.000 0.5 112.3 102.1 318.8 80
2021004894 0.000 449.1 48.3 499.7 136.6 80
2021004894 0.000 259.7 2.5 324.6 66.0 80
2021004894 0.000 137.6 194.7 201.5 259.4 80
2021004894 0.000 298.6 153.1 359.4 211.2 80
2021004894 0.000 28.5 139.0 93.6 197.4 80
2021004894 0.000 255.4 112.4 363.3 310.3 80
2021004894 0.000 119.1 143.5 232.5 282.1 80
2021004894 0.000 149.8 154.1 210.5 212.3 80
2021004894 0.000 293.0 118.7 480.6 231.4 80
2021004894 0.000 325.5 195.1 382.1 263.4 80
2021004894 0.000 0.7 20.0 51.8 94.4 80
2021004894 0.000 219.9 177.2 278.2 236.2 80
2021004894 0.000 48.8 19.0 377.9 228.9 80
2021004894 0.000 410.2 157.3 474.7 215.7 80
2021004894 0.000 205.3 105.4 317.1 250.1 80
2021004894 0.000 0.7 222.4 58.3 329.6 80
2021004894 0.000 180.1 197.9 238.1 265.3 80
2021004894 0.000 177.0 51.4 471.7 237.5 80
2021004894 0.000 49.5 97.8 281.8 230.1 80
2021004894 0.000 325.8 41.5 402.7 103.7 80
2021004894 0.000 101.1 44.0 244.3 278.2 80
2021004894 0.000 0.3 80.9 51.5 154.7 80
2021004894 0.000 206.3 143.4 267.1 202.0 80
2021004894 0.000 442.7 218.1 499.6 328.4 80
2021004894 0.000 15.1 12.8 486.3 175.0 80
2021004894 0.000 398.5 99.3 499.4 316.7 80
2021004894 0.000 1.5 5.5 282.2 330.9 80
2021004894 0.000 94.9 14.0 401.8 325.9 80
2021004894 0.000 262.6 37.5 424.1 279.1 80
2021004894 0.000 189.1 7.3 402.1 120.7 80
2021004894 0.000 1.1 21.5 146.5 323.8 80
2021004894 0.000 160.6 176.0 349.3 327.9 80
2021004894 0.000 212.9 5.7 497.4 332.0 80
2021004894 0.000 159.4 25.0 350.2 317.2 80
2021004894 0.000 11.5 80.1 225.9 329.5 80
2021004894 0.000 357.6 16.8 501.4 320.8 80
2021004894 0.000 280.6 213.0 336.4 295.1 80
2021004894 0.000 171.4 94.3 308.9 315.0 80
2021004894 0.000 132.8 69.4 366.0 325.4 80
2021004894 0.000 257.5 148.5 363.0 273.0 80
2021004894 0.000 5.0 248.8 130.5 333.4 80
2021004894 0.000 306.3 161.0 481.9 324.9 80
2021004894 0.000 54.0 227.3 278.3 331.9 80
2021004894 0.000 11.7 163.1 185.3 325.9 80
2021004894 0.000 3.3 1.2 410.3 332.1 80
2021004894 0.000 8.1 204.0 491.3 332.4 80
2021004894 0.000 4.9 57.9 361.3 328.9 80
2021004894 0.000 223.1 228.5 472.3 332.4 80
2021004894 0.000 72.1 57.3 444.4 285.3 80
2021004894 0.000 34.1 131.5 327.1 323.2 80
2021004894 0.000 85.7 1.0 494.7 332.0 80
2021004894 0.000 278.1 77.5 486.3 332.0 80
2021004894 0.000 162.7 118.3 345.3 205.4 80
2021004894 0.000 244.5 179.9 298.0 243.4 80
2021004894 0.000 168.6 134.8 451.1 323.0 80
2021004894 0.000 362.2 218.9 494.6 328.3 80
2021004894 0.000 44.5 54.1 117.2 121.9 80
2021004894 0.000 160.2 58.9 492.6 330.0 80
2021004894 0.000 134.9 91.8 359.7 261.7 80
2021004894 0.000 67.7 127.6 402.2 242.2 80
2021004894 0.000 22.4 38.3 474.4 322.3 80
2021004894 0.000 0.6 89.6 498.5 324.7 80
2021004894 0.000 0.8 0.8 499.6 333.2 80
2021004894 0.000 17.1 85.6 484.0 240.8 80
2021004894 0.000 2.5 21.1 497.4 274.0 80
2021004894 0.000 424.3 5.6 498.8 76.2 80
2021004894 0.000 17.1 85.6 484.0 240.8 0
2021004894 0.000 262.6 37.5 424.1 279.1 14
2021004894 0.000 171.4 94.3 308.9 315.0 14
2021004894 0.000 101.1 44.0 244.3 278.2 14
2021004894 0.000 159.4 25.0 350.2 317.2 14
2021004894 0.000 11.5 80.1 225.9 329.5 14
2021004894 0.000 278.1 77.5 486.3 332.0 14
2021004894 0.000 132.8 69.4 366.0 325.4 14
2021004894 0.000 154.2 269.4 238.2 329.2 80
