2021000000129113 0.781 21.4 132.8 608.7 441.5 80
2021000000129113 0.781 302.0 163.3 620.3 304.0 80
2021000000129113 0.776 16.8 134.8 621.2 477.2 80
2021000000129113 0.774 226.9 168.6 618.8 307.5 80
2021000000129113 0.774 43.2 141.3 608.0 474.2 80
2021000000129113 0.772 4.5 258.5 585.0 475.8 80
2021000000129113 0.772 190.1 158.3 603.4 301.8 80
2021000000129113 0.772 17.4 134.3 615.8 477.9 80
2021000000129113 0.771 24.1 348.9 468.3 476.1 80
2021000000129113 0.761 136.4 161.4 609.8 306.4 80
2021000000129113 0.759 1.0 53.3 639.6 476.2 80
2021000000129113 0.758 4.8 264.2 642.6 476.6 80
2021000000129113 0.756 12.8 463.7 43.1 480.3 80
2021000000129113 0.755 10.3 307.0 616.8 477.7 80
2021000000129113 0.754 0.4 308.5 635.0 476.3 80
2021000000129113 0.751 281.4 469.2 355.3 478.7 80
2021000000129113 0.748 38.5 153.2 611.0 307.8 80
2021000000129113 0.748 75.0 151.0 611.5 303.8 80
2021000000129113 0.742 140.4 470.9 210.6 480.4 80
2021000000129113 0.739 194.2 468.9 285.8 479.2 80
2021000000129113 0.781 21.4 132.8 608.7 441.5 80
2021000000129113 0.781 302.0 163.3 620.3 304.0 80
2021000000129113 0.776 16.8 134.8 621.2 477.2 80
2021000000129113 0.774 226.9 168.6 618.8 307.5 80
2021000000129113 0.774 43.2 141.3 608.0 474.2 80
2021000000129113 0.772 4.5 258.5 585.0 475.8 80
2021000000129113 0.772 190.1 158.3 603.4 301.8 80
2021000000129113 0.772 17.4 134.3 615.8 477.9 80
2021000000129113 0.771 24.1 348.9 468.3 476.1 80
2021000000129113 0.761 136.4 161.4 609.8 306.4 80
2021000000129113 0.759 1.0 53.3 639.6 476.2 80
2021000000129113 0.758 4.8 264.2 642.6 476.6 80
2021000000129113 0.756 12.8 463.7 43.1 480.3 80
2021000000129113 0.755 10.3 307.0 616.8 477.7 80
2021000000129113 0.754 0.4 308.5 635.0 476.3 80
2021000000129113 0.751 281.4 469.2 355.3 478.7 80
2021000000129113 0.748 38.5 153.2 611.0 307.8 80
2021000000129113 0.748 75.0 151.0 611.5 303.8 80
2021000000129113 0.742 140.4 470.9 210.6 480.4 80
2021000000129113 0.739 194.2 468.9 285.8 479.2 80
2021000000129113 0.739 634.8 21.5 640.0 107.2 80
2021000000129113 0.737 638.2 189.5 640.0 295.9 80
2021000000129113 0.736 605.8 474.5 640.4 480.5 80
2021000000129113 0.728 25.2 143.5 605.3 305.4 80
2021000000129113 0.725 635.0 55.2 640.5 468.0 80
2021000000129113 0.715 81.0 473.8 123.7 480.4 80
2021000000129113 0.714 618.3 474.9 636.8 480.7 80
2021000000129113 0.712 102.8 473.6 168.8 480.3 80
2021000000129113 0.701 589.3 475.3 646.4 480.4 80
2021000000129113 0.188 394.6 206.8 597.0 309.9 80
2021000000129113 0.140 227.1 169.8 416.9 264.6 80
2021000000129113 0.135 365.3 207.6 506.4 283.0 80
2021000000129113 0.134 150.7 260.0 336.0 376.7 80
2021000000129113 0.129 123.1 309.6 267.7 409.4 80
2021000000129113 0.122 180.2 207.6 342.1 298.7 80
2021000000129113 0.117 181.0 470.1 627.0 481.7 80
2021000000129113 0.111 187.7 172.0 275.2 225.5 80
2021000000129113 0.109 141.0 189.9 227.4 243.5 80
2021000000129113 0.102 471.2 187.5 553.4 240.5 80
2021000000129113 0.101 227.3 161.7 334.9 237.9 80
2021000000129113 0.097 -9.2 97.4 32.2 526.8 80
2021000000129113 0.097 335.1 167.6 442.3 242.4 80
2021000000129113 0.096 570.4 179.2 656.4 260.9 80
2021000000129113 0.095 543.5 133.6 661.6 418.6 80
2021000000129113 0.094 104.5 253.1 237.3 371.4 80
2021000000129113 0.094 155.1 227.3 276.3 328.1 80
2021000000129113 0.092 433.3 186.9 524.0 253.0 80
2021000000129113 0.091 41.1 1.5 133.9 4.4 80
2021000000129113 0.091 533.8 199.3 627.0 286.9 80
2021000000129113 0.091 514.4 0.9 606.7 3.6 80
2021000000129113 0.091 98.2 214.5 200.5 301.4 80
2021000000129113 0.090 427.0 301.6 540.0 396.3 80
2021000000129113 0.090 -24.9 448.4 78.1 476.3 80
2021000000129113 0.088 492.9 223.1 588.3 306.6 80
2021000000129113 0.087 56.9 235.0 163.8 340.6 80
2021000000129113 0.086 467.2 276.1 574.5 379.7 80
2021000000129113 0.086 509.3 232.0 620.7 376.0 80
2021000000129113 0.086 8.2 187.7 250.8 482.1 80
2021000000129113 0.084 -24.5 230.6 63.1 318.6 80
2021000000129113 0.084 13.9 242.6 109.1 341.5 80
2021000000129113 0.083 428.5 444.5 538.6 479.4 80
2021000000129113 0.080 204.5 435.3 312.0 474.9 80
2021000000129113 0.080 375.0 301.4 514.5 447.5 80
2021000000129113 0.079 521.1 119.1 649.3 511.4 80
2021000000129113 0.077 279.7 422.8 380.9 466.9 80
2021000000129113 0.077 312.8 0.7 390.6 1.8 80
2021000000129113 0.075 422.6 0.8 497.2 1.6 80
2021000000129113 0.075 -12.4 135.3 89.9 490.6 80
2021000000129113 0.074 23.6 164.9 153.5 498.5 80
2021000000129113 0.074 375.8 401.6 473.9 451.1 80
2021000000129113 0.073 465.5 222.2 621.9 491.1 80
2021000000129113 0.070 384.9 0.8 452.6 1.5 80
2021000000129113 0.070 504.4 10.8 672.3 60.7 80
2021000000129113 0.069 213.8 7.8 464.3 56.8 80
2021000000129113 0.069 350.9 7.3 581.1 55.8 80
2021000000129113 0.069 140.9 10.1 377.5 58.8 80
2021000000129113 0.069 -58.6 8.7 164.2 57.2 80
2021000000129113 0.068 24.8 9.9 232.6 57.8 80
2021000000129113 0.068 118.5 9.5 313.0 56.9 80
2021000000129113 0.068 -10.8 12.3 192.4 60.4 80
2021000000129113 0.068 181.0 10.9 406.1 59.1 80
2021000000129113 0.068 399.1 8.7 625.8 56.7 80
2021000000129113 0.068 -36.1 45.5 57.6 95.0 80
2021000000129113 0.068 300.6 7.3 535.7 54.9 80
2021000000129113 0.068 -32.4 12.0 78.4 60.0 80
2021000000129113 0.068 80.7 9.6 254.4 56.3 80
2021000000129113 0.066 299.5 12.1 456.4 56.3 80
2021000000129113 0.066 -9.1 37.0 78.7 82.1 80
2021000000129113 0.066 489.3 13.1 592.1 55.1 80
2021000000129113 0.065 24.4 20.6 110.4 60.7 80
2021000000129113 0.063 397.5 9.2 475.9 42.8 80
2021000000129113 0.063 105.3 11.4 178.9 43.7 80
2021000000129113 0.062 261.1 7.5 332.4 38.7 80
2021000000129113 0.062 146.0 7.7 217.9 37.6 80
2021000000129113 0.061 69.8 9.3 140.5 36.6 80
2021000000129113 0.060 180.4 5.4 244.4 29.2 80
2021000000129113 0.059 -10.9 17.5 49.8 38.7 80
2021000000129113 0.058 88.5 1.2 147.0 2.7 80
2021000000129113 0.058 445.9 3.9 509.6 21.0 80
2021000000129113 0.055 552.9 1.0 610.1 4.8 80
2021000000129113 0.781 21.4 132.8 608.7 441.5 80
2021000000129113 0.781 302.0 163.3 620.3 304.0 80
2021000000129113 0.776 16.8 134.8 621.2 477.2 80
2021000000129113 0.774 226.9 168.6 618.8 307.5 80
2021000000129113 0.774 43.2 141.3 608.0 474.2 80
2021000000129113 0.772 4.5 258.5 585.0 475.8 80
2021000000129113 0.772 190.1 158.3 603.4 301.8 80
2021000000129113 0.772 17.4 134.3 615.8 477.9 80
2021000000129113 0.771 24.1 348.9 468.3 476.1 80
2021000000129113 0.761 136.4 161.4 609.8 306.4 80
2021000000129113 0.759 1.0 53.3 639.6 476.2 80
2021000000129113 0.758 4.8 264.2 642.6 476.6 80
2021000000129113 0.756 12.8 463.7 43.1 480.3 80
2021000000129113 0.755 10.3 307.0 616.8 477.7 80
2021000000129113 0.754 0.4 308.5 635.0 476.3 80
2021000000129113 0.751 281.4 469.2 355.3 478.7 80
2021000000129113 0.748 38.5 153.2 611.0 307.8 80
2021000000129113 0.748 75.0 151.0 611.5 303.8 80
2021000000129113 0.742 140.4 470.9 210.6 480.4 80
2021000000129113 0.739 194.2 468.9 285.8 479.2 80
2021000000129113 0.739 634.8 21.5 640.0 107.2 80
2021000000129113 0.737 638.2 189.5 640.0 295.9 80
2021000000129113 0.736 605.8 474.5 640.4 480.5 80
2021000000129113 0.728 25.2 143.5 605.3 305.4 80
2021000000129113 0.725 635.0 55.2 640.5 468.0 80
2021000000129113 0.715 81.0 473.8 123.7 480.4 80
2021000000129113 0.714 618.3 474.9 636.8 480.7 80
2021000000129113 0.712 102.8 473.6 168.8 480.3 80
2021000000129113 0.701 589.3 475.3 646.4 480.4 80
2021000000129113 0.188 394.6 206.8 597.0 309.9 80
2021000000129113 0.140 227.1 169.8 416.9 264.6 80
2021000000129113 0.135 365.3 207.6 506.4 283.0 80
2021000000129113 0.134 150.7 260.0 336.0 376.7 80
2021000000129113 0.129 123.1 309.6 267.7 409.4 80
2021000000129113 0.122 180.2 207.6 342.1 298.7 80
2021000000129113 0.117 181.0 470.1 627.0 481.7 80
2021000000129113 0.111 187.7 172.0 275.2 225.5 80
2021000000129113 0.109 141.0 189.9 227.4 243.5 80
2021000000129113 0.102 471.2 187.5 553.4 240.5 80
2021000000129113 0.101 227.3 161.7 334.9 237.9 80
2021000000129113 0.097 -9.2 97.4 32.2 526.8 80
2021000000129113 0.097 335.1 167.6 442.3 242.4 80
2021000000129113 0.096 570.4 179.2 656.4 260.9 80
2021000000129113 0.095 543.5 133.6 661.6 418.6 80
2021000000129113 0.094 104.5 253.1 237.3 371.4 80
2021000000129113 0.094 155.1 227.3 276.3 328.1 80
2021000000129113 0.092 433.3 186.9 524.0 253.0 80
2021000000129113 0.091 41.1 1.5 133.9 4.4 80
2021000000129113 0.091 533.8 199.3 627.0 286.9 80
2021000000129113 0.091 514.4 0.9 606.7 3.6 80
2021000000129113 0.091 98.2 214.5 200.5 301.4 80
2021000000129113 0.090 427.0 301.6 540.0 396.3 80
2021000000129113 0.090 -24.9 448.4 78.1 476.3 80
2021000000129113 0.088 492.9 223.1 588.3 306.6 80
2021000000129113 0.087 56.9 235.0 163.8 340.6 80
2021000000129113 0.086 467.2 276.1 574.5 379.7 80
2021000000129113 0.086 509.3 232.0 620.7 376.0 80
2021000000129113 0.086 8.2 187.7 250.8 482.1 80
2021000000129113 0.084 -24.5 230.6 63.1 318.6 80
2021000000129113 0.084 13.9 242.6 109.1 341.5 80
2021000000129113 0.083 428.5 444.5 538.6 479.4 80
2021000000129113 0.080 204.5 435.3 312.0 474.9 80
2021000000129113 0.080 375.0 301.4 514.5 447.5 80
2021000000129113 0.079 521.1 119.1 649.3 511.4 80
2021000000129113 0.077 279.7 422.8 380.9 466.9 80
2021000000129113 0.077 312.8 0.7 390.6 1.8 80
2021000000129113 0.075 422.6 0.8 497.2 1.6 80
2021000000129113 0.075 -12.4 135.3 89.9 490.6 80
2021000000129113 0.074 23.6 164.9 153.5 498.5 80
2021000000129113 0.074 375.8 401.6 473.9 451.1 80
2021000000129113 0.073 465.5 222.2 621.9 491.1 80
2021000000129113 0.070 384.9 0.8 452.6 1.5 80
2021000000129113 0.070 504.4 10.8 672.3 60.7 80
2021000000129113 0.069 213.8 7.8 464.3 56.8 80
2021000000129113 0.069 350.9 7.3 581.1 55.8 80
2021000000129113 0.069 140.9 10.1 377.5 58.8 80
2021000000129113 0.069 -58.6 8.7 164.2 57.2 80
2021000000129113 0.068 24.8 9.9 232.6 57.8 80
2021000000129113 0.068 118.5 9.5 313.0 56.9 80
2021000000129113 0.068 -10.8 12.3 192.4 60.4 80
2021000000129113 0.068 181.0 10.9 406.1 59.1 80
2021000000129113 0.068 399.1 8.7 625.8 56.7 80
2021000000129113 0.068 -36.1 45.5 57.6 95.0 80
2021000000129113 0.068 300.6 7.3 535.7 54.9 80
2021000000129113 0.068 -32.4 12.0 78.4 60.0 80
2021000000129113 0.068 80.7 9.6 254.4 56.3 80
2021000000129113 0.066 299.5 12.1 456.4 56.3 80
2021000000129113 0.066 -9.1 37.0 78.7 82.1 80
2021000000129113 0.066 489.3 13.1 592.1 55.1 80
2021000000129113 0.065 24.4 20.6 110.4 60.7 80
2021000000129113 0.063 397.5 9.2 475.9 42.8 80
2021000000129113 0.063 105.3 11.4 178.9 43.7 80
2021000000129113 0.062 261.1 7.5 332.4 38.7 80
2021000000129113 0.062 146.0 7.7 217.9 37.6 80
2021000000129113 0.061 69.8 9.3 140.5 36.6 80
2021000000129113 0.060 180.4 5.4 244.4 29.2 80
2021000000129113 0.059 -10.9 17.5 49.8 38.7 80
2021000000129113 0.058 88.5 1.2 147.0 2.7 80
2021000000129113 0.058 445.9 3.9 509.6 21.0 80
2021000000129113 0.055 552.9 1.0 610.1 4.8 80
2021000000129113 0.781 21.4 132.8 608.7 441.5 80
2021000000129113 0.781 302.0 163.3 620.3 304.0 80
2021000000129113 0.776 16.8 134.8 621.2 477.2 80
2021000000129113 0.774 226.9 168.6 618.8 307.5 80
2021000000129113 0.774 43.2 141.3 608.0 474.2 80
2021000000129113 0.772 4.5 258.5 585.0 475.8 80
2021000000129113 0.772 190.1 158.3 603.4 301.8 80
2021000000129113 0.772 17.4 134.3 615.8 477.9 80
2021000000129113 0.771 24.1 348.9 468.3 476.1 80
2021000000129113 0.761 136.4 161.4 609.8 306.4 80
2021000000129113 0.759 1.0 53.3 639.6 476.2 80
2021000000129113 0.758 4.8 264.2 642.6 476.6 80
2021000000129113 0.756 12.8 463.7 43.1 480.3 80
2021000000129113 0.755 10.3 307.0 616.8 477.7 80
2021000000129113 0.754 0.4 308.5 635.0 476.3 80
2021000000129113 0.751 281.4 469.2 355.3 478.7 80
2021000000129113 0.748 38.5 153.2 611.0 307.8 80
2021000000129113 0.748 75.0 151.0 611.5 303.8 80
2021000000129113 0.742 140.4 470.9 210.6 480.4 80
2021000000129113 0.739 194.2 468.9 285.8 479.2 80
2021000000129113 0.739 634.8 21.5 640.0 107.2 80
2021000000129113 0.737 638.2 189.5 640.0 295.9 80
2021000000129113 0.736 605.8 474.5 640.4 480.5 80
2021000000129113 0.728 25.2 143.5 605.3 305.4 80
2021000000129113 0.725 635.0 55.2 640.5 468.0 80
2021000000129113 0.715 81.0 473.8 123.7 480.4 80
2021000000129113 0.714 618.3 474.9 636.8 480.7 80
2021000000129113 0.712 102.8 473.6 168.8 480.3 80
2021000000129113 0.701 589.3 475.3 646.4 480.4 80
2021000000129113 0.188 394.6 206.8 597.0 309.9 80
2021000000129113 0.140 227.1 169.8 416.9 264.6 80
2021000000129113 0.135 365.3 207.6 506.4 283.0 80
2021000000129113 0.134 150.7 260.0 336.0 376.7 80
2021000000129113 0.129 123.1 309.6 267.7 409.4 80
2021000000129113 0.122 180.2 207.6 342.1 298.7 80
2021000000129113 0.117 181.0 470.1 627.0 481.7 80
2021000000129113 0.111 187.7 172.0 275.2 225.5 80
2021000000129113 0.109 141.0 189.9 227.4 243.5 80
2021000000129113 0.102 471.2 187.5 553.4 240.5 80
2021000000129113 0.101 227.3 161.7 334.9 237.9 80
2021000000129113 0.097 -9.2 97.4 32.2 526.8 80
2021000000129113 0.097 335.1 167.6 442.3 242.4 80
2021000000129113 0.096 570.4 179.2 656.4 260.9 80
2021000000129113 0.095 543.5 133.6 661.6 418.6 80
2021000000129113 0.094 104.5 253.1 237.3 371.4 80
2021000000129113 0.094 155.1 227.3 276.3 328.1 80
2021000000129113 0.092 433.3 186.9 524.0 253.0 80
2021000000129113 0.091 41.1 1.5 133.9 4.4 80
2021000000129113 0.091 533.8 199.3 627.0 286.9 80
2021000000129113 0.091 514.4 0.9 606.7 3.6 80
2021000000129113 0.091 98.2 214.5 200.5 301.4 80
2021000000129113 0.090 427.0 301.6 540.0 396.3 80
2021000000129113 0.090 -24.9 448.4 78.1 476.3 80
2021000000129113 0.088 492.9 223.1 588.3 306.6 80
2021000000129113 0.087 56.9 235.0 163.8 340.6 80
2021000000129113 0.086 467.2 276.1 574.5 379.7 80
2021000000129113 0.086 509.3 232.0 620.7 376.0 80
2021000000129113 0.086 8.2 187.7 250.8 482.1 80
2021000000129113 0.084 -24.5 230.6 63.1 318.6 80
2021000000129113 0.084 13.9 242.6 109.1 341.5 80
2021000000129113 0.083 428.5 444.5 538.6 479.4 80
2021000000129113 0.080 204.5 435.3 312.0 474.9 80
2021000000129113 0.080 375.0 301.4 514.5 447.5 80
2021000000129113 0.079 521.1 119.1 649.3 511.4 80
2021000000129113 0.077 279.7 422.8 380.9 466.9 80
2021000000129113 0.077 312.8 0.7 390.6 1.8 80
2021000000129113 0.075 422.6 0.8 497.2 1.6 80
2021000000129113 0.075 -12.4 135.3 89.9 490.6 80
2021000000129113 0.074 23.6 164.9 153.5 498.5 80
2021000000129113 0.074 375.8 401.6 473.9 451.1 80
2021000000129113 0.073 465.5 222.2 621.9 491.1 80
2021000000129113 0.070 384.9 0.8 452.6 1.5 80
2021000000129113 0.070 504.4 10.8 672.3 60.7 80
2021000000129113 0.069 213.8 7.8 464.3 56.8 80
2021000000129113 0.069 350.9 7.3 581.1 55.8 80
2021000000129113 0.069 140.9 10.1 377.5 58.8 80
2021000000129113 0.069 -58.6 8.7 164.2 57.2 80
2021000000129113 0.068 24.8 9.9 232.6 57.8 80
2021000000129113 0.068 118.5 9.5 313.0 56.9 80
2021000000129113 0.068 -10.8 12.3 192.4 60.4 80
2021000000129113 0.068 181.0 10.9 406.1 59.1 80
2021000000129113 0.068 399.1 8.7 625.8 56.7 80
2021000000129113 0.068 -36.1 45.5 57.6 95.0 80
2021000000129113 0.068 300.6 7.3 535.7 54.9 80
2021000000129113 0.068 -32.4 12.0 78.4 60.0 80
2021000000129113 0.068 80.7 9.6 254.4 56.3 80
2021000000129113 0.066 299.5 12.1 456.4 56.3 80
2021000000129113 0.066 -9.1 37.0 78.7 82.1 80
2021000000129113 0.066 489.3 13.1 592.1 55.1 80
2021000000129113 0.065 24.4 20.6 110.4 60.7 80
2021000000129113 0.063 397.5 9.2 475.9 42.8 80
2021000000129113 0.063 105.3 11.4 178.9 43.7 80
2021000000129113 0.062 261.1 7.5 332.4 38.7 80
2021000000129113 0.062 146.0 7.7 217.9 37.6 80
2021000000129113 0.061 69.8 9.3 140.5 36.6 80
2021000000129113 0.060 180.4 5.4 244.4 29.2 80
2021000000129113 0.059 -10.9 17.5 49.8 38.7 80
2021000000129113 0.058 88.5 1.2 147.0 2.7 80
2021000000129113 0.058 445.9 3.9 509.6 21.0 80
2021000000129113 0.055 552.9 1.0 610.1 4.8 80
2021000000129113 0.781 21.4 132.8 608.7 441.5 80
2021000000129113 0.781 302.0 163.3 620.3 304.0 80
2021000000129113 0.776 16.8 134.8 621.2 477.2 80
2021000000129113 0.774 226.9 168.6 618.8 307.5 80
2021000000129113 0.774 43.2 141.3 608.0 474.2 80
2021000000129113 0.772 4.5 258.5 585.0 475.8 80
2021000000129113 0.772 190.1 158.3 603.4 301.8 80
2021000000129113 0.772 17.4 134.3 615.8 477.9 80
2021000000129113 0.771 24.1 348.9 468.3 476.1 80
2021000000129113 0.761 136.4 161.4 609.8 306.4 80
2021000000129113 0.759 1.0 53.3 639.6 476.2 80
2021000000129113 0.758 4.8 264.2 642.6 476.6 80
2021000000129113 0.756 12.8 463.7 43.1 480.3 80
2021000000129113 0.755 10.3 307.0 616.8 477.7 80
2021000000129113 0.754 0.4 308.5 635.0 476.3 80
2021000000129113 0.751 281.4 469.2 355.3 478.7 80
2021000000129113 0.748 38.5 153.2 611.0 307.8 80
2021000000129113 0.748 75.0 151.0 611.5 303.8 80
2021000000129113 0.742 140.4 470.9 210.6 480.4 80
2021000000129113 0.739 194.2 468.9 285.8 479.2 80
2021000000129113 0.739 634.8 21.5 640.0 107.2 80
2021000000129113 0.737 638.2 189.5 640.0 295.9 80
2021000000129113 0.736 605.8 474.5 640.4 480.5 80
2021000000129113 0.728 25.2 143.5 605.3 305.4 80
2021000000129113 0.725 635.0 55.2 640.5 468.0 80
2021000000129113 0.715 81.0 473.8 123.7 480.4 80
2021000000129113 0.714 618.3 474.9 636.8 480.7 80
2021000000129113 0.712 102.8 473.6 168.8 480.3 80
2021000000129113 0.701 589.3 475.3 646.4 480.4 80
2021000000129113 0.188 394.6 206.8 597.0 309.9 80
2021000000129113 0.140 227.1 169.8 416.9 264.6 80
2021000000129113 0.135 365.3 207.6 506.4 283.0 80
2021000000129113 0.134 150.7 260.0 336.0 376.7 80
2021000000129113 0.129 123.1 309.6 267.7 409.4 80
2021000000129113 0.122 180.2 207.6 342.1 298.7 80
2021000000129113 0.117 181.0 470.1 627.0 481.7 80
2021000000129113 0.111 187.7 172.0 275.2 225.5 80
2021000000129113 0.109 141.0 189.9 227.4 243.5 80
2021000000129113 0.102 471.2 187.5 553.4 240.5 80
2021000000129113 0.101 227.3 161.7 334.9 237.9 80
2021000000129113 0.097 -9.2 97.4 32.2 526.8 80
2021000000129113 0.097 335.1 167.6 442.3 242.4 80
2021000000129113 0.096 570.4 179.2 656.4 260.9 80
2021000000129113 0.095 543.5 133.6 661.6 418.6 80
2021000000129113 0.094 104.5 253.1 237.3 371.4 80
2021000000129113 0.094 155.1 227.3 276.3 328.1 80
2021000000129113 0.092 433.3 186.9 524.0 253.0 80
2021000000129113 0.091 41.1 1.5 133.9 4.4 80
2021000000129113 0.091 533.8 199.3 627.0 286.9 80
2021000000129113 0.091 514.4 0.9 606.7 3.6 80
2021000000129113 0.091 98.2 214.5 200.5 301.4 80
2021000000129113 0.090 427.0 301.6 540.0 396.3 80
2021000000129113 0.090 -24.9 448.4 78.1 476.3 80
2021000000129113 0.088 492.9 223.1 588.3 306.6 80
2021000000129113 0.087 56.9 235.0 163.8 340.6 80
2021000000129113 0.086 467.2 276.1 574.5 379.7 80
2021000000129113 0.086 509.3 232.0 620.7 376.0 80
2021000000129113 0.086 8.2 187.7 250.8 482.1 80
2021000000129113 0.084 -24.5 230.6 63.1 318.6 80
2021000000129113 0.084 13.9 242.6 109.1 341.5 80
2021000000129113 0.083 428.5 444.5 538.6 479.4 80
2021000000129113 0.080 204.5 435.3 312.0 474.9 80
2021000000129113 0.080 375.0 301.4 514.5 447.5 80
2021000000129113 0.079 521.1 119.1 649.3 511.4 80
2021000000129113 0.077 279.7 422.8 380.9 466.9 80
2021000000129113 0.077 312.8 0.7 390.6 1.8 80
2021000000129113 0.075 422.6 0.8 497.2 1.6 80
2021000000129113 0.075 -12.4 135.3 89.9 490.6 80
2021000000129113 0.074 23.6 164.9 153.5 498.5 80
2021000000129113 0.074 375.8 401.6 473.9 451.1 80
2021000000129113 0.073 465.5 222.2 621.9 491.1 80
2021000000129113 0.070 384.9 0.8 452.6 1.5 80
2021000000129113 0.070 504.4 10.8 672.3 60.7 80
2021000000129113 0.069 213.8 7.8 464.3 56.8 80
2021000000129113 0.069 350.9 7.3 581.1 55.8 80
2021000000129113 0.069 140.9 10.1 377.5 58.8 80
2021000000129113 0.069 -58.6 8.7 164.2 57.2 80
2021000000129113 0.068 24.8 9.9 232.6 57.8 80
2021000000129113 0.068 118.5 9.5 313.0 56.9 80
2021000000129113 0.068 -10.8 12.3 192.4 60.4 80
2021000000129113 0.068 181.0 10.9 406.1 59.1 80
2021000000129113 0.068 399.1 8.7 625.8 56.7 80
2021000000129113 0.068 -36.1 45.5 57.6 95.0 80
2021000000129113 0.068 300.6 7.3 535.7 54.9 80
2021000000129113 0.068 -32.4 12.0 78.4 60.0 80
2021000000129113 0.068 80.7 9.6 254.4 56.3 80
2021000000129113 0.066 299.5 12.1 456.4 56.3 80
2021000000129113 0.066 -9.1 37.0 78.7 82.1 80
2021000000129113 0.066 489.3 13.1 592.1 55.1 80
2021000000129113 0.065 24.4 20.6 110.4 60.7 80
2021000000129113 0.063 397.5 9.2 475.9 42.8 80
2021000000129113 0.063 105.3 11.4 178.9 43.7 80
2021000000129113 0.062 261.1 7.5 332.4 38.7 80
2021000000129113 0.062 146.0 7.7 217.9 37.6 80
2021000000129113 0.061 69.8 9.3 140.5 36.6 80
2021000000129113 0.060 180.4 5.4 244.4 29.2 80
2021000000129113 0.059 -10.9 17.5 49.8 38.7 80
2021000000129113 0.058 88.5 1.2 147.0 2.7 80
2021000000129113 0.058 445.9 3.9 509.6 21.0 80
2021000000129113 0.055 552.9 1.0 610.1 4.8 80
2021000000129113 0.781 21.4 132.8 608.7 441.5 80
2021000000129113 0.781 302.0 163.3 620.3 304.0 80
2021000000129113 0.776 16.8 134.8 621.2 477.2 80
2021000000129113 0.774 226.9 168.6 618.8 307.5 80
2021000000129113 0.774 43.2 141.3 608.0 474.2 80
2021000000129113 0.772 4.5 258.5 585.0 475.8 80
2021000000129113 0.772 190.1 158.3 603.4 301.8 80
2021000000129113 0.772 17.4 134.3 615.8 477.9 80
2021000000129113 0.771 24.1 348.9 468.3 476.1 80
2021000000129113 0.761 136.4 161.4 609.8 306.4 80
2021000000129113 0.759 1.0 53.3 639.6 476.2 80
2021000000129113 0.758 4.8 264.2 642.6 476.6 80
2021000000129113 0.756 12.8 463.7 43.1 480.3 80
2021000000129113 0.755 10.3 307.0 616.8 477.7 80
2021000000129113 0.754 0.4 308.5 635.0 476.3 80
2021000000129113 0.751 281.4 469.2 355.3 478.7 80
2021000000129113 0.748 38.5 153.2 611.0 307.8 80
2021000000129113 0.748 75.0 151.0 611.5 303.8 80
2021000000129113 0.742 140.4 470.9 210.6 480.4 80
2021000000129113 0.739 194.2 468.9 285.8 479.2 80
2021000000129113 0.739 634.8 21.5 640.0 107.2 80
2021000000129113 0.737 638.2 189.5 640.0 295.9 80
2021000000129113 0.736 605.8 474.5 640.4 480.5 80
2021000000129113 0.728 25.2 143.5 605.3 305.4 80
2021000000129113 0.725 635.0 55.2 640.5 468.0 80
2021000000129113 0.715 81.0 473.8 123.7 480.4 80
2021000000129113 0.714 618.3 474.9 636.8 480.7 80
2021000000129113 0.712 102.8 473.6 168.8 480.3 80
2021000000129113 0.701 589.3 475.3 646.4 480.4 80
2021000000129113 0.188 394.6 206.8 597.0 309.9 80
2021000000129113 0.140 227.1 169.8 416.9 264.6 80
2021000000129113 0.135 365.3 207.6 506.4 283.0 80
2021000000129113 0.134 150.7 260.0 336.0 376.7 80
2021000000129113 0.129 123.1 309.6 267.7 409.4 80
2021000000129113 0.122 180.2 207.6 342.1 298.7 80
2021000000129113 0.117 181.0 470.1 627.0 481.7 80
2021000000129113 0.111 187.7 172.0 275.2 225.5 80
2021000000129113 0.109 141.0 189.9 227.4 243.5 80
2021000000129113 0.102 471.2 187.5 553.4 240.5 80
2021000000129113 0.101 227.3 161.7 334.9 237.9 80
2021000000129113 0.097 -9.2 97.4 32.2 526.8 80
2021000000129113 0.097 335.1 167.6 442.3 242.4 80
2021000000129113 0.096 570.4 179.2 656.4 260.9 80
2021000000129113 0.095 543.5 133.6 661.6 418.6 80
2021000000129113 0.094 104.5 253.1 237.3 371.4 80
2021000000129113 0.094 155.1 227.3 276.3 328.1 80
2021000000129113 0.092 433.3 186.9 524.0 253.0 80
2021000000129113 0.091 41.1 1.5 133.9 4.4 80
2021000000129113 0.091 533.8 199.3 627.0 286.9 80
2021000000129113 0.091 514.4 0.9 606.7 3.6 80
2021000000129113 0.091 98.2 214.5 200.5 301.4 80
2021000000129113 0.090 427.0 301.6 540.0 396.3 80
2021000000129113 0.090 -24.9 448.4 78.1 476.3 80
2021000000129113 0.088 492.9 223.1 588.3 306.6 80
2021000000129113 0.087 56.9 235.0 163.8 340.6 80
2021000000129113 0.086 467.2 276.1 574.5 379.7 80
2021000000129113 0.086 509.3 232.0 620.7 376.0 80
2021000000129113 0.086 8.2 187.7 250.8 482.1 80
2021000000129113 0.084 -24.5 230.6 63.1 318.6 80
2021000000129113 0.084 13.9 242.6 109.1 341.5 80
2021000000129113 0.083 428.5 444.5 538.6 479.4 80
2021000000129113 0.080 204.5 435.3 312.0 474.9 80
2021000000129113 0.080 375.0 301.4 514.5 447.5 80
2021000000129113 0.079 521.1 119.1 649.3 511.4 80
2021000000129113 0.077 279.7 422.8 380.9 466.9 80
2021000000129113 0.077 312.8 0.7 390.6 1.8 80
2021000000129113 0.075 422.6 0.8 497.2 1.6 80
2021000000129113 0.075 -12.4 135.3 89.9 490.6 80
2021000000129113 0.074 23.6 164.9 153.5 498.5 80
2021000000129113 0.074 375.8 401.6 473.9 451.1 80
2021000000129113 0.073 465.5 222.2 621.9 491.1 80
2021000000129113 0.070 384.9 0.8 452.6 1.5 80
2021000000129113 0.070 504.4 10.8 672.3 60.7 80
2021000000129113 0.069 213.8 7.8 464.3 56.8 80
2021000000129113 0.069 350.9 7.3 581.1 55.8 80
2021000000129113 0.069 140.9 10.1 377.5 58.8 80
2021000000129113 0.069 -58.6 8.7 164.2 57.2 80
2021000000129113 0.068 24.8 9.9 232.6 57.8 80
2021000000129113 0.068 118.5 9.5 313.0 56.9 80
2021000000129113 0.068 -10.8 12.3 192.4 60.4 80
2021000000129113 0.068 181.0 10.9 406.1 59.1 80
2021000000129113 0.068 399.1 8.7 625.8 56.7 80
2021000000129113 0.068 -36.1 45.5 57.6 95.0 80
2021000000129113 0.068 300.6 7.3 535.7 54.9 80
2021000000129113 0.068 -32.4 12.0 78.4 60.0 80
2021000000129113 0.068 80.7 9.6 254.4 56.3 80
2021000000129113 0.066 299.5 12.1 456.4 56.3 80
2021000000129113 0.066 -9.1 37.0 78.7 82.1 80
2021000000129113 0.066 489.3 13.1 592.1 55.1 80
2021000000129113 0.065 24.4 20.6 110.4 60.7 80
2021000000129113 0.063 397.5 9.2 475.9 42.8 80
2021000000129113 0.063 105.3 11.4 178.9 43.7 80
2021000000129113 0.062 261.1 7.5 332.4 38.7 80
2021000000129113 0.062 146.0 7.7 217.9 37.6 80
2021000000129113 0.061 69.8 9.3 140.5 36.6 80
2021000000129113 0.060 180.4 5.4 244.4 29.2 80
2021000000129113 0.059 -10.9 17.5 49.8 38.7 80
2021000000129113 0.058 88.5 1.2 147.0 2.7 80
2021000000129113 0.058 445.9 3.9 509.6 21.0 80
2021000000129113 0.055 552.9 1.0 610.1 4.8 80
2021000000129113 0.781 21.4 132.8 608.7 441.5 80
2021000000129113 0.781 302.0 163.3 620.3 304.0 80
2021000000129113 0.776 16.8 134.8 621.2 477.2 80
2021000000129113 0.774 226.9 168.6 618.8 307.5 80
2021000000129113 0.774 43.2 141.3 608.0 474.2 80
2021000000129113 0.772 4.5 258.5 585.0 475.8 80
2021000000129113 0.772 190.1 158.3 603.4 301.8 80
2021000000129113 0.772 17.4 134.3 615.8 477.9 80
2021000000129113 0.771 24.1 348.9 468.3 476.1 80
2021000000129113 0.761 136.4 161.4 609.8 306.4 80
2021000000129113 0.759 1.0 53.3 639.6 476.2 80
2021000000129113 0.758 4.8 264.2 642.6 476.6 80
2021000000129113 0.756 12.8 463.7 43.1 480.3 80
2021000000129113 0.755 10.3 307.0 616.8 477.7 80
2021000000129113 0.754 0.4 308.5 635.0 476.3 80
2021000000129113 0.751 281.4 469.2 355.3 478.7 80
2021000000129113 0.748 38.5 153.2 611.0 307.8 80
2021000000129113 0.748 75.0 151.0 611.5 303.8 80
2021000000129113 0.742 140.4 470.9 210.6 480.4 80
2021000000129113 0.739 194.2 468.9 285.8 479.2 80
2021000000129113 0.739 634.8 21.5 640.0 107.2 80
2021000000129113 0.737 638.2 189.5 640.0 295.9 80
2021000000129113 0.736 605.8 474.5 640.4 480.5 80
2021000000129113 0.728 25.2 143.5 605.3 305.4 80
2021000000129113 0.725 635.0 55.2 640.5 468.0 80
2021000000129113 0.715 81.0 473.8 123.7 480.4 80
2021000000129113 0.714 618.3 474.9 636.8 480.7 80
2021000000129113 0.712 102.8 473.6 168.8 480.3 80
2021000000129113 0.701 589.3 475.3 646.4 480.4 80
2021000000129113 0.188 394.6 206.8 597.0 309.9 80
2021000000129113 0.140 227.1 169.8 416.9 264.6 80
2021000000129113 0.135 365.3 207.6 506.4 283.0 80
2021000000129113 0.134 150.7 260.0 336.0 376.7 80
2021000000129113 0.129 123.1 309.6 267.7 409.4 80
2021000000129113 0.122 180.2 207.6 342.1 298.7 80
2021000000129113 0.117 181.0 470.1 627.0 481.7 80
2021000000129113 0.111 187.7 172.0 275.2 225.5 80
2021000000129113 0.109 141.0 189.9 227.4 243.5 80
2021000000129113 0.102 471.2 187.5 553.4 240.5 80
2021000000129113 0.101 227.3 161.7 334.9 237.9 80
2021000000129113 0.097 -9.2 97.4 32.2 526.8 80
2021000000129113 0.097 335.1 167.6 442.3 242.4 80
2021000000129113 0.096 570.4 179.2 656.4 260.9 80
2021000000129113 0.095 543.5 133.6 661.6 418.6 80
2021000000129113 0.094 104.5 253.1 237.3 371.4 80
2021000000129113 0.094 155.1 227.3 276.3 328.1 80
2021000000129113 0.092 433.3 186.9 524.0 253.0 80
2021000000129113 0.091 41.1 1.5 133.9 4.4 80
2021000000129113 0.091 533.8 199.3 627.0 286.9 80
2021000000129113 0.091 514.4 0.9 606.7 3.6 80
2021000000129113 0.091 98.2 214.5 200.5 301.4 80
2021000000129113 0.090 427.0 301.6 540.0 396.3 80
2021000000129113 0.090 -24.9 448.4 78.1 476.3 80
2021000000129113 0.088 492.9 223.1 588.3 306.6 80
2021000000129113 0.087 56.9 235.0 163.8 340.6 80
2021000000129113 0.086 467.2 276.1 574.5 379.7 80
2021000000129113 0.086 509.3 232.0 620.7 376.0 80
2021000000129113 0.086 8.2 187.7 250.8 482.1 80
2021000000129113 0.084 -24.5 230.6 63.1 318.6 80
2021000000129113 0.084 13.9 242.6 109.1 341.5 80
2021000000129113 0.083 428.5 444.5 538.6 479.4 80
2021000000129113 0.080 204.5 435.3 312.0 474.9 80
2021000000129113 0.080 375.0 301.4 514.5 447.5 80
2021000000129113 0.079 521.1 119.1 649.3 511.4 80
2021000000129113 0.077 279.7 422.8 380.9 466.9 80
2021000000129113 0.077 312.8 0.7 390.6 1.8 80
2021000000129113 0.075 422.6 0.8 497.2 1.6 80
2021000000129113 0.075 -12.4 135.3 89.9 490.6 80
2021000000129113 0.074 23.6 164.9 153.5 498.5 80
2021000000129113 0.074 375.8 401.6 473.9 451.1 80
2021000000129113 0.073 465.5 222.2 621.9 491.1 80
2021000000129113 0.070 384.9 0.8 452.6 1.5 80
2021000000129113 0.070 504.4 10.8 672.3 60.7 80
2021000000129113 0.069 213.8 7.8 464.3 56.8 80
2021000000129113 0.069 350.9 7.3 581.1 55.8 80
2021000000129113 0.069 140.9 10.1 377.5 58.8 80
2021000000129113 0.069 -58.6 8.7 164.2 57.2 80
2021000000129113 0.068 24.8 9.9 232.6 57.8 80
2021000000129113 0.068 118.5 9.5 313.0 56.9 80
2021000000129113 0.068 -10.8 12.3 192.4 60.4 80
2021000000129113 0.068 181.0 10.9 406.1 59.1 80
2021000000129113 0.068 399.1 8.7 625.8 56.7 80
2021000000129113 0.068 -36.1 45.5 57.6 95.0 80
2021000000129113 0.068 300.6 7.3 535.7 54.9 80
2021000000129113 0.068 -32.4 12.0 78.4 60.0 80
2021000000129113 0.068 80.7 9.6 254.4 56.3 80
2021000000129113 0.066 299.5 12.1 456.4 56.3 80
2021000000129113 0.066 -9.1 37.0 78.7 82.1 80
2021000000129113 0.066 489.3 13.1 592.1 55.1 80
2021000000129113 0.065 24.4 20.6 110.4 60.7 80
2021000000129113 0.063 397.5 9.2 475.9 42.8 80
2021000000129113 0.063 105.3 11.4 178.9 43.7 80
2021000000129113 0.062 261.1 7.5 332.4 38.7 80
2021000000129113 0.062 146.0 7.7 217.9 37.6 80
2021000000129113 0.061 69.8 9.3 140.5 36.6 80
2021000000129113 0.060 180.4 5.4 244.4 29.2 80
2021000000129113 0.059 -10.9 17.5 49.8 38.7 80
2021000000129113 0.058 88.5 1.2 147.0 2.7 80
2021000000129113 0.058 445.9 3.9 509.6 21.0 80
2021000000129113 0.055 552.9 1.0 610.1 4.8 80
2021000000129113 0.781 21.4 132.8 608.7 441.5 80
2021000000129113 0.781 302.0 163.3 620.3 304.0 80
2021000000129113 0.776 16.8 134.8 621.2 477.2 80
2021000000129113 0.774 226.9 168.6 618.8 307.5 80
2021000000129113 0.774 43.2 141.3 608.0 474.2 80
2021000000129113 0.772 4.5 258.5 585.0 475.8 80
2021000000129113 0.772 190.1 158.3 603.4 301.8 80
2021000000129113 0.772 17.4 134.3 615.8 477.9 80
2021000000129113 0.771 24.1 348.9 468.3 476.1 80
2021000000129113 0.761 136.4 161.4 609.8 306.4 80
2021000000129113 0.759 1.0 53.3 639.6 476.2 80
2021000000129113 0.758 4.8 264.2 642.6 476.6 80
2021000000129113 0.756 12.8 463.7 43.1 480.3 80
2021000000129113 0.755 10.3 307.0 616.8 477.7 80
2021000000129113 0.754 0.4 308.5 635.0 476.3 80
2021000000129113 0.751 281.4 469.2 355.3 478.7 80
2021000000129113 0.748 38.5 153.2 611.0 307.8 80
2021000000129113 0.748 75.0 151.0 611.5 303.8 80
2021000000129113 0.742 140.4 470.9 210.6 480.4 80
2021000000129113 0.739 194.2 468.9 285.8 479.2 80
2021000000129113 0.739 634.8 21.5 640.0 107.2 80
2021000000129113 0.737 638.2 189.5 640.0 295.9 80
2021000000129113 0.736 605.8 474.5 640.4 480.5 80
2021000000129113 0.728 25.2 143.5 605.3 305.4 80
2021000000129113 0.725 635.0 55.2 640.5 468.0 80
2021000000129113 0.715 81.0 473.8 123.7 480.4 80
2021000000129113 0.714 618.3 474.9 636.8 480.7 80
2021000000129113 0.712 102.8 473.6 168.8 480.3 80
2021000000129113 0.701 589.3 475.3 646.4 480.4 80
2021000000129113 0.188 394.6 206.8 597.0 309.9 80
2021000000129113 0.140 227.1 169.8 416.9 264.6 80
2021000000129113 0.135 365.3 207.6 506.4 283.0 80
2021000000129113 0.134 150.7 260.0 336.0 376.7 80
2021000000129113 0.129 123.1 309.6 267.7 409.4 80
2021000000129113 0.122 180.2 207.6 342.1 298.7 80
2021000000129113 0.117 181.0 470.1 627.0 481.7 80
2021000000129113 0.111 187.7 172.0 275.2 225.5 80
2021000000129113 0.109 141.0 189.9 227.4 243.5 80
2021000000129113 0.102 471.2 187.5 553.4 240.5 80
2021000000129113 0.101 227.3 161.7 334.9 237.9 80
2021000000129113 0.097 -9.2 97.4 32.2 526.8 80
2021000000129113 0.097 335.1 167.6 442.3 242.4 80
2021000000129113 0.096 570.4 179.2 656.4 260.9 80
2021000000129113 0.095 543.5 133.6 661.6 418.6 80
2021000000129113 0.094 104.5 253.1 237.3 371.4 80
2021000000129113 0.094 155.1 227.3 276.3 328.1 80
2021000000129113 0.092 433.3 186.9 524.0 253.0 80
2021000000129113 0.091 41.1 1.5 133.9 4.4 80
2021000000129113 0.091 533.8 199.3 627.0 286.9 80
2021000000129113 0.091 514.4 0.9 606.7 3.6 80
2021000000129113 0.091 98.2 214.5 200.5 301.4 80
2021000000129113 0.090 427.0 301.6 540.0 396.3 80
2021000000129113 0.090 -24.9 448.4 78.1 476.3 80
2021000000129113 0.088 492.9 223.1 588.3 306.6 80
2021000000129113 0.087 56.9 235.0 163.8 340.6 80
2021000000129113 0.086 467.2 276.1 574.5 379.7 80
2021000000129113 0.086 509.3 232.0 620.7 376.0 80
2021000000129113 0.086 8.2 187.7 250.8 482.1 80
2021000000129113 0.084 -24.5 230.6 63.1 318.6 80
2021000000129113 0.084 13.9 242.6 109.1 341.5 80
2021000000129113 0.083 428.5 444.5 538.6 479.4 80
2021000000129113 0.080 204.5 435.3 312.0 474.9 80
2021000000129113 0.080 375.0 301.4 514.5 447.5 80
2021000000129113 0.079 521.1 119.1 649.3 511.4 80
2021000000129113 0.077 279.7 422.8 380.9 466.9 80
2021000000129113 0.077 312.8 0.7 390.6 1.8 80
2021000000129113 0.075 422.6 0.8 497.2 1.6 80
2021000000129113 0.075 -12.4 135.3 89.9 490.6 80
2021000000129113 0.074 23.6 164.9 153.5 498.5 80
2021000000129113 0.074 375.8 401.6 473.9 451.1 80
2021000000129113 0.073 465.5 222.2 621.9 491.1 80
2021000000129113 0.070 384.9 0.8 452.6 1.5 80
2021000000129113 0.070 504.4 10.8 672.3 60.7 80
2021000000129113 0.069 213.8 7.8 464.3 56.8 80
2021000000129113 0.069 350.9 7.3 581.1 55.8 80
2021000000129113 0.069 140.9 10.1 377.5 58.8 80
2021000000129113 0.069 -58.6 8.7 164.2 57.2 80
2021000000129113 0.068 24.8 9.9 232.6 57.8 80
2021000000129113 0.068 118.5 9.5 313.0 56.9 80
2021000000129113 0.068 -10.8 12.3 192.4 60.4 80
2021000000129113 0.068 181.0 10.9 406.1 59.1 80
2021000000129113 0.068 399.1 8.7 625.8 56.7 80
2021000000129113 0.068 -36.1 45.5 57.6 95.0 80
2021000000129113 0.068 300.6 7.3 535.7 54.9 80
2021000000129113 0.068 -32.4 12.0 78.4 60.0 80
2021000000129113 0.068 80.7 9.6 254.4 56.3 80
2021000000129113 0.066 299.5 12.1 456.4 56.3 80
2021000000129113 0.066 -9.1 37.0 78.7 82.1 80
2021000000129113 0.066 489.3 13.1 592.1 55.1 80
2021000000129113 0.065 24.4 20.6 110.4 60.7 80
2021000000129113 0.063 397.5 9.2 475.9 42.8 80
2021000000129113 0.063 105.3 11.4 178.9 43.7 80
2021000000129113 0.062 261.1 7.5 332.4 38.7 80
2021000000129113 0.062 146.0 7.7 217.9 37.6 80
2021000000129113 0.061 69.8 9.3 140.5 36.6 80
2021000000129113 0.060 180.4 5.4 244.4 29.2 80
2021000000129113 0.059 -10.9 17.5 49.8 38.7 80
2021000000129113 0.058 88.5 1.2 147.0 2.7 80
2021000000129113 0.058 445.9 3.9 509.6 21.0 80
2021000000129113 0.055 552.9 1.0 610.1 4.8 80
2021000000129113 0.781 21.4 132.8 608.7 441.5 80
2021000000129113 0.781 302.0 163.3 620.3 304.0 80
2021000000129113 0.776 16.8 134.8 621.2 477.2 80
2021000000129113 0.774 226.9 168.6 618.8 307.5 80
2021000000129113 0.774 43.2 141.3 608.0 474.2 80
2021000000129113 0.772 4.5 258.5 585.0 475.8 80
2021000000129113 0.772 190.1 158.3 603.4 301.8 80
2021000000129113 0.772 17.4 134.3 615.8 477.9 80
2021000000129113 0.771 24.1 348.9 468.3 476.1 80
2021000000129113 0.761 136.4 161.4 609.8 306.4 80
2021000000129113 0.759 1.0 53.3 639.6 476.2 80
2021000000129113 0.758 4.8 264.2 642.6 476.6 80
2021000000129113 0.756 12.8 463.7 43.1 480.3 80
2021000000129113 0.755 10.3 307.0 616.8 477.7 80
2021000000129113 0.754 0.4 308.5 635.0 476.3 80
2021000000129113 0.751 281.4 469.2 355.3 478.7 80
2021000000129113 0.748 38.5 153.2 611.0 307.8 80
2021000000129113 0.748 75.0 151.0 611.5 303.8 80
2021000000129113 0.742 140.4 470.9 210.6 480.4 80
2021000000129113 0.739 194.2 468.9 285.8 479.2 80
2021000000129113 0.739 634.8 21.5 640.0 107.2 80
2021000000129113 0.737 638.2 189.5 640.0 295.9 80
2021000000129113 0.736 605.8 474.5 640.4 480.5 80
2021000000129113 0.728 25.2 143.5 605.3 305.4 80
2021000000129113 0.725 635.0 55.2 640.5 468.0 80
2021000000129113 0.715 81.0 473.8 123.7 480.4 80
2021000000129113 0.714 618.3 474.9 636.8 480.7 80
2021000000129113 0.712 102.8 473.6 168.8 480.3 80
2021000000129113 0.701 589.3 475.3 646.4 480.4 80
2021000000129113 0.188 394.6 206.8 597.0 309.9 80
2021000000129113 0.140 227.1 169.8 416.9 264.6 80
2021000000129113 0.135 365.3 207.6 506.4 283.0 80
2021000000129113 0.134 150.7 260.0 336.0 376.7 80
2021000000129113 0.129 123.1 309.6 267.7 409.4 80
2021000000129113 0.122 180.2 207.6 342.1 298.7 80
2021000000129113 0.117 181.0 470.1 627.0 481.7 80
2021000000129113 0.111 187.7 172.0 275.2 225.5 80
2021000000129113 0.109 141.0 189.9 227.4 243.5 80
2021000000129113 0.102 471.2 187.5 553.4 240.5 80
2021000000129113 0.101 227.3 161.7 334.9 237.9 80
2021000000129113 0.097 -9.2 97.4 32.2 526.8 80
2021000000129113 0.097 335.1 167.6 442.3 242.4 80
2021000000129113 0.096 570.4 179.2 656.4 260.9 80
2021000000129113 0.095 543.5 133.6 661.6 418.6 80
2021000000129113 0.094 104.5 253.1 237.3 371.4 80
2021000000129113 0.094 155.1 227.3 276.3 328.1 80
2021000000129113 0.092 433.3 186.9 524.0 253.0 80
2021000000129113 0.091 41.1 1.5 133.9 4.4 80
2021000000129113 0.091 533.8 199.3 627.0 286.9 80
2021000000129113 0.091 514.4 0.9 606.7 3.6 80
2021000000129113 0.091 98.2 214.5 200.5 301.4 80
2021000000129113 0.090 427.0 301.6 540.0 396.3 80
2021000000129113 0.090 -24.9 448.4 78.1 476.3 80
2021000000129113 0.088 492.9 223.1 588.3 306.6 80
2021000000129113 0.087 56.9 235.0 163.8 340.6 80
2021000000129113 0.086 467.2 276.1 574.5 379.7 80
2021000000129113 0.086 509.3 232.0 620.7 376.0 80
2021000000129113 0.086 8.2 187.7 250.8 482.1 80
2021000000129113 0.084 -24.5 230.6 63.1 318.6 80
2021000000129113 0.084 13.9 242.6 109.1 341.5 80
2021000000129113 0.083 428.5 444.5 538.6 479.4 80
2021000000129113 0.080 204.5 435.3 312.0 474.9 80
2021000000129113 0.080 375.0 301.4 514.5 447.5 80
2021000000129113 0.079 521.1 119.1 649.3 511.4 80
2021000000129113 0.077 279.7 422.8 380.9 466.9 80
2021000000129113 0.077 312.8 0.7 390.6 1.8 80
2021000000129113 0.075 422.6 0.8 497.2 1.6 80
2021000000129113 0.075 -12.4 135.3 89.9 490.6 80
2021000000129113 0.074 23.6 164.9 153.5 498.5 80
2021000000129113 0.074 375.8 401.6 473.9 451.1 80
2021000000129113 0.073 465.5 222.2 621.9 491.1 80
2021000000129113 0.070 384.9 0.8 452.6 1.5 80
2021000000129113 0.070 504.4 10.8 672.3 60.7 80
2021000000129113 0.069 213.8 7.8 464.3 56.8 80
2021000000129113 0.069 350.9 7.3 581.1 55.8 80
2021000000129113 0.069 140.9 10.1 377.5 58.8 80
2021000000129113 0.069 -58.6 8.7 164.2 57.2 80
2021000000129113 0.068 24.8 9.9 232.6 57.8 80
2021000000129113 0.068 118.5 9.5 313.0 56.9 80
2021000000129113 0.068 -10.8 12.3 192.4 60.4 80
2021000000129113 0.068 181.0 10.9 406.1 59.1 80
2021000000129113 0.068 399.1 8.7 625.8 56.7 80
2021000000129113 0.068 -36.1 45.5 57.6 95.0 80
2021000000129113 0.068 300.6 7.3 535.7 54.9 80
2021000000129113 0.068 -32.4 12.0 78.4 60.0 80
2021000000129113 0.068 80.7 9.6 254.4 56.3 80
2021000000129113 0.066 299.5 12.1 456.4 56.3 80
2021000000129113 0.066 -9.1 37.0 78.7 82.1 80
2021000000129113 0.066 489.3 13.1 592.1 55.1 80
2021000000129113 0.065 24.4 20.6 110.4 60.7 80
2021000000129113 0.063 397.5 9.2 475.9 42.8 80
2021000000129113 0.063 105.3 11.4 178.9 43.7 80
2021000000129113 0.062 261.1 7.5 332.4 38.7 80
2021000000129113 0.062 146.0 7.7 217.9 37.6 80
2021000000129113 0.061 69.8 9.3 140.5 36.6 80
2021000000129113 0.060 180.4 5.4 244.4 29.2 80
2021000000129113 0.059 -10.9 17.5 49.8 38.7 80
2021000000129113 0.058 88.5 1.2 147.0 2.7 80
2021000000129113 0.058 445.9 3.9 509.6 21.0 80
2021000000129113 0.055 552.9 1.0 610.1 4.8 80
