2021003888 0.720 119.7 71.7 475.0 377.2 11
2021003888 0.648 147.2 79.2 474.1 361.8 80
2021003888 0.636 118.0 197.3 459.8 376.6 80
2021003888 0.630 99.7 87.5 490.6 377.9 80
2021003888 0.623 93.1 153.2 488.3 376.7 80
2021003888 0.620 112.4 61.9 477.8 372.2 80
2021003888 0.616 129.4 67.8 475.1 368.7 80
2021003888 0.593 469.3 337.5 497.9 379.1 80
2021003888 0.591 126.2 83.5 469.0 289.1 80
2021003888 0.573 61.0 19.5 473.5 373.0 80
2021003888 0.546 112.1 81.2 479.4 280.9 80
2021003888 0.508 119.2 123.5 472.3 373.7 80
2021003888 0.504 496.4 189.6 500.2 349.0 80
2021003888 0.499 495.0 135.5 500.2 277.7 80
2021003888 0.498 130.0 90.1 475.5 357.7 80
2021003888 0.498 114.2 89.2 412.7 361.6 80
2021003888 0.494 497.0 54.2 500.4 158.7 80
2021003888 0.485 108.3 87.5 478.2 360.4 80
2021003888 0.419 112.5 84.1 469.6 343.3 80
2021003888 0.407 83.9 289.6 482.4 377.4 80
2021003888 0.370 132.9 85.1 466.8 259.2 80
2021003888 0.317 101.8 262.7 375.0 376.9 80
2021003888 0.310 496.6 48.4 500.5 346.9 80
2021003888 0.277 498.4 32.7 500.3 276.0 80
2021003888 0.255 157.2 122.3 443.3 272.3 80
2021003888 0.228 0.4 1.2 4.5 82.2 80
2021003888 0.221 0.4 40.6 3.4 153.4 80
2021003888 0.219 0.4 200.1 4.4 343.0 80
2021003888 0.219 0.4 100.8 3.3 246.3 80
2021003888 0.213 94.2 346.0 442.5 380.3 80
2021003888 0.203 1.0 40.7 7.7 219.3 80
2021003888 0.197 483.9 229.8 504.5 376.3 80
2021003888 0.195 0.2 63.7 11.4 343.9 80
2021003888 0.194 166.3 152.0 496.7 352.3 80
2021003888 0.184 224.6 295.0 481.5 381.0 80
2021003888 0.183 0.1 30.3 22.0 347.1 80
2021003888 0.171 441.0 75.9 497.6 376.4 80
2021003888 0.171 -3.4 314.4 26.4 384.6 80
2021003888 0.164 480.5 67.7 507.0 399.1 80
2021003888 0.164 -1.4 201.9 35.7 380.4 80
2021003888 0.156 119.2 123.5 472.3 373.7 11
2021003888 0.151 100.9 173.3 438.6 345.9 80
2021003888 0.150 239.0 221.4 323.2 275.2 80
2021003888 0.146 58.7 314.6 229.0 375.4 80
2021003888 0.146 313.9 95.5 477.5 354.7 80
2021003888 0.145 294.9 193.3 510.3 363.5 80
2021003888 0.145 194.4 204.4 351.6 271.8 80
2021003888 0.139 229.8 132.7 491.6 324.9 80
2021003888 0.136 4.2 210.4 200.7 365.3 80
2021003888 0.135 265.0 173.3 384.9 230.3 80
2021003888 0.134 51.1 214.3 313.6 351.3 80
2021003888 0.134 4.4 103.6 87.0 360.3 80
2021003888 0.133 180.0 238.0 239.5 284.6 80
2021003888 0.130 235.6 349.1 390.5 375.8 80
2021003888 0.129 17.1 337.1 103.1 373.6 80
2021003888 0.129 81.4 183.4 357.3 329.3 80
2021003888 0.129 198.5 248.0 305.9 308.0 80
2021003888 0.128 51.3 357.0 162.2 378.2 80
2021003888 0.127 156.6 265.9 211.4 308.0 80
2021003888 0.126 21.4 183.2 253.8 321.7 80
2021003888 0.125 387.6 342.4 486.9 373.1 80
2021003888 0.124 15.4 135.1 194.4 310.5 80
2021003888 0.123 96.2 133.0 327.6 296.0 80
2021003888 0.123 51.6 158.3 277.6 302.6 80
2021003888 0.123 115.9 350.5 241.0 377.7 80
2021003888 0.123 330.0 354.1 450.6 379.4 80
2021003888 0.122 212.8 142.0 419.8 247.9 80
2021003888 0.120 43.7 239.6 90.0 295.5 80
2021003888 0.119 93.8 179.9 209.1 243.2 80
2021003888 0.117 103.3 139.1 313.2 282.9 80
2021003888 0.116 115.0 114.2 337.1 201.2 80
2021003888 0.115 -12.4 123.3 230.8 192.4 80
2021003888 0.115 70.4 177.1 189.6 277.4 80
2021003888 0.114 257.9 174.4 440.9 298.2 80
2021003888 0.113 99.6 250.3 162.1 298.4 80
2021003888 0.112 -56.9 84.0 183.5 146.2 80
2021003888 0.112 -74.3 24.4 145.4 68.9 80
2021003888 0.112 6.0 46.7 366.5 114.5 80
2021003888 0.111 257.6 163.3 593.3 267.9 80
2021003888 0.111 93.6 50.0 475.9 131.1 80
2021003888 0.110 195.2 97.2 588.9 184.5 80
2021003888 0.108 178.0 36.3 606.2 107.1 80
2021003888 0.107 20.1 2.5 488.7 52.6 80
2021003888 0.106 72.2 -2.4 565.4 50.0 80
2021003888 0.106 -109.5 8.0 382.3 41.0 80
2021003888 0.104 209.7 8.1 681.2 49.1 80
2021003888 0.104 -156.8 7.1 341.0 35.5 80
2021003888 0.104 240.2 55.6 669.5 137.9 80
2021003888 0.101 -209.4 -1.6 274.3 16.1 80
2021003888 0.100 322.3 9.4 647.6 43.8 80
2021003888 0.099 119.7 71.7 475.0 377.2 80
2021003888 0.097 -44.9 -0.5 454.1 28.3 80
2021003888 0.096 126.0 -3.9 625.0 26.5 80
2021003888 0.094 -38.1 -1.5 460.9 19.1 80
2021003888 0.093 -185.7 1.3 313.2 24.2 80
2021003888 0.093 -139.1 -0.2 359.8 22.0 80
2021003888 0.092 -93.1 1.0 405.9 24.6 80
2021003888 0.092 21.5 -2.1 520.5 21.5 80
2021003888 0.092 248.4 -0.1 729.6 23.8 80
2021003888 0.091 82.7 -2.9 581.7 21.2 80
2021003888 0.720 119.7 71.7 475.0 377.2 11
2021003888 0.648 147.2 79.2 474.1 361.8 80
2021003888 0.636 118.0 197.3 459.8 376.6 80
2021003888 0.630 99.7 87.5 490.6 377.9 80
2021003888 0.623 93.1 153.2 488.3 376.7 80
2021003888 0.620 112.4 61.9 477.8 372.2 80
2021003888 0.616 129.4 67.8 475.1 368.7 80
2021003888 0.593 469.3 337.5 497.9 379.1 80
2021003888 0.591 126.2 83.5 469.0 289.1 80
2021003888 0.573 61.0 19.5 473.5 373.0 80
2021003888 0.546 112.1 81.2 479.4 280.9 80
2021003888 0.508 119.2 123.5 472.3 373.7 80
2021003888 0.504 496.4 189.6 500.2 349.0 80
2021003888 0.499 495.0 135.5 500.2 277.7 80
2021003888 0.498 130.0 90.1 475.5 357.7 80
2021003888 0.498 114.2 89.2 412.7 361.6 80
2021003888 0.494 497.0 54.2 500.4 158.7 80
2021003888 0.485 108.3 87.5 478.2 360.4 80
2021003888 0.419 112.5 84.1 469.6 343.3 80
2021003888 0.407 83.9 289.6 482.4 377.4 80
2021003888 0.370 132.9 85.1 466.8 259.2 80
2021003888 0.317 101.8 262.7 375.0 376.9 80
2021003888 0.310 496.6 48.4 500.5 346.9 80
2021003888 0.277 498.4 32.7 500.3 276.0 80
2021003888 0.255 157.2 122.3 443.3 272.3 80
2021003888 0.228 0.4 1.2 4.5 82.2 80
2021003888 0.221 0.4 40.6 3.4 153.4 80
2021003888 0.219 0.4 200.1 4.4 343.0 80
2021003888 0.219 0.4 100.8 3.3 246.3 80
2021003888 0.213 94.2 346.0 442.5 380.3 80
2021003888 0.203 1.0 40.7 7.7 219.3 80
2021003888 0.197 483.9 229.8 504.5 376.3 80
2021003888 0.195 0.2 63.7 11.4 343.9 80
2021003888 0.194 166.3 152.0 496.7 352.3 80
2021003888 0.184 224.6 295.0 481.5 381.0 80
2021003888 0.183 0.1 30.3 22.0 347.1 80
2021003888 0.171 441.0 75.9 497.6 376.4 80
2021003888 0.171 -3.4 314.4 26.4 384.6 80
2021003888 0.164 480.5 67.7 507.0 399.1 80
2021003888 0.164 -1.4 201.9 35.7 380.4 80
2021003888 0.156 119.2 123.5 472.3 373.7 11
2021003888 0.151 100.9 173.3 438.6 345.9 80
2021003888 0.150 239.0 221.4 323.2 275.2 80
2021003888 0.146 58.7 314.6 229.0 375.4 80
2021003888 0.146 313.9 95.5 477.5 354.7 80
2021003888 0.145 294.9 193.3 510.3 363.5 80
2021003888 0.145 194.4 204.4 351.6 271.8 80
2021003888 0.139 229.8 132.7 491.6 324.9 80
2021003888 0.136 4.2 210.4 200.7 365.3 80
2021003888 0.135 265.0 173.3 384.9 230.3 80
2021003888 0.134 51.1 214.3 313.6 351.3 80
2021003888 0.134 4.4 103.6 87.0 360.3 80
2021003888 0.133 180.0 238.0 239.5 284.6 80
2021003888 0.130 235.6 349.1 390.5 375.8 80
2021003888 0.129 17.1 337.1 103.1 373.6 80
2021003888 0.129 81.4 183.4 357.3 329.3 80
2021003888 0.129 198.5 248.0 305.9 308.0 80
2021003888 0.128 51.3 357.0 162.2 378.2 80
2021003888 0.127 156.6 265.9 211.4 308.0 80
2021003888 0.126 21.4 183.2 253.8 321.7 80
2021003888 0.125 387.6 342.4 486.9 373.1 80
2021003888 0.124 15.4 135.1 194.4 310.5 80
2021003888 0.123 96.2 133.0 327.6 296.0 80
2021003888 0.123 51.6 158.3 277.6 302.6 80
2021003888 0.123 115.9 350.5 241.0 377.7 80
2021003888 0.123 330.0 354.1 450.6 379.4 80
2021003888 0.122 212.8 142.0 419.8 247.9 80
2021003888 0.120 43.7 239.6 90.0 295.5 80
2021003888 0.119 93.8 179.9 209.1 243.2 80
2021003888 0.117 103.3 139.1 313.2 282.9 80
2021003888 0.116 115.0 114.2 337.1 201.2 80
2021003888 0.115 -12.4 123.3 230.8 192.4 80
2021003888 0.115 70.4 177.1 189.6 277.4 80
2021003888 0.114 257.9 174.4 440.9 298.2 80
2021003888 0.113 99.6 250.3 162.1 298.4 80
2021003888 0.112 -56.9 84.0 183.5 146.2 80
2021003888 0.112 -74.3 24.4 145.4 68.9 80
2021003888 0.112 6.0 46.7 366.5 114.5 80
2021003888 0.111 257.6 163.3 593.3 267.9 80
2021003888 0.111 93.6 50.0 475.9 131.1 80
2021003888 0.110 195.2 97.2 588.9 184.5 80
2021003888 0.108 178.0 36.3 606.2 107.1 80
2021003888 0.107 20.1 2.5 488.7 52.6 80
2021003888 0.106 72.2 -2.4 565.4 50.0 80
2021003888 0.106 -109.5 8.0 382.3 41.0 80
2021003888 0.104 209.7 8.1 681.2 49.1 80
2021003888 0.104 -156.8 7.1 341.0 35.5 80
2021003888 0.104 240.2 55.6 669.5 137.9 80
2021003888 0.101 -209.4 -1.6 274.3 16.1 80
2021003888 0.100 322.3 9.4 647.6 43.8 80
2021003888 0.099 119.7 71.7 475.0 377.2 80
2021003888 0.097 -44.9 -0.5 454.1 28.3 80
2021003888 0.096 126.0 -3.9 625.0 26.5 80
2021003888 0.094 -38.1 -1.5 460.9 19.1 80
2021003888 0.093 -185.7 1.3 313.2 24.2 80
2021003888 0.093 -139.1 -0.2 359.8 22.0 80
2021003888 0.092 -93.1 1.0 405.9 24.6 80
2021003888 0.092 21.5 -2.1 520.5 21.5 80
2021003888 0.092 248.4 -0.1 729.6 23.8 80
2021003888 0.091 82.7 -2.9 581.7 21.2 80
2021003888 0.000 242.0 73.2 372.7 227.7 80
2021003888 0.000 0.9 43.1 103.5 247.8 80
2021003888 0.000 143.7 135.9 210.3 202.4 80
2021003888 0.000 211.4 111.8 275.3 178.0 80
2021003888 0.000 371.0 109.2 486.3 268.7 80
2021003888 0.000 255.8 137.9 317.1 204.5 80
2021003888 0.000 156.6 31.4 304.0 211.6 80
2021003888 0.000 45.5 217.8 107.4 288.9 80
2021003888 0.000 136.3 82.3 207.6 151.5 80
2021003888 0.000 81.5 117.6 146.9 186.5 80
2021003888 0.000 197.9 51.8 272.4 119.8 80
2021003888 0.000 453.6 128.4 499.6 211.2 80
2021003888 0.000 387.8 97.3 461.7 164.2 80
2021003888 0.000 348.6 145.3 411.0 211.1 80
2021003888 0.000 136.9 218.3 201.8 292.7 80
2021003888 0.000 19.5 26.1 206.5 194.8 80
2021003888 0.000 1.5 201.3 48.0 285.0 80
2021003888 0.000 297.9 170.7 359.9 236.2 80
2021003888 0.000 453.4 192.9 499.6 275.6 80
2021003888 0.000 356.3 197.7 415.7 265.7 80
2021003888 0.000 313.5 100.9 376.2 167.7 80
2021003888 0.000 323.9 8.3 496.6 191.8 80
2021003888 0.000 287.5 132.8 485.8 257.7 80
2021003888 0.000 205.6 160.1 267.3 225.4 80
2021003888 0.000 0.9 125.8 102.1 357.9 80
2021003888 0.000 33.3 127.4 166.8 276.8 80
2021003888 0.000 1.0 151.5 47.1 234.6 80
2021003888 0.000 89.9 187.8 149.8 253.9 80
2021003888 0.000 449.0 54.1 499.7 153.4 80
2021003888 0.000 117.9 161.9 233.2 316.5 80
2021003888 0.000 218.0 251.8 286.7 331.9 80
2021003888 0.000 149.3 172.2 210.8 237.6 80
2021003888 0.000 410.1 176.6 474.8 242.3 80
2021003888 0.000 27.0 155.1 94.9 220.9 80
2021003888 0.000 323.9 218.2 384.1 295.1 80
2021003888 0.000 202.7 116.7 319.1 275.9 80
2021003888 0.000 177.6 56.6 471.2 267.4 80
2021003888 0.000 252.3 124.0 366.8 347.9 80
2021003888 0.000 0.5 90.4 51.3 173.8 80
2021003888 0.000 0.7 22.0 51.8 106.0 80
2021003888 0.000 46.4 108.1 284.6 258.9 80
2021003888 0.000 101.1 50.5 245.1 317.1 80
2021003888 0.000 255.5 3.7 329.5 73.3 80
2021003888 0.000 322.9 47.5 406.2 116.3 80
2021003888 0.000 43.3 21.4 383.8 258.4 80
2021003888 0.000 0.6 249.6 58.3 369.8 80
2021003888 0.000 178.6 220.3 238.0 300.5 80
2021003888 0.000 442.7 245.1 499.6 368.5 80
2021003888 0.000 398.6 113.5 499.6 355.5 80
2021003888 0.000 10.6 10.6 491.5 199.6 80
2021003888 0.000 258.6 42.4 428.2 311.1 80
2021003888 0.000 90.0 16.9 408.1 364.6 80
2021003888 0.000 256.1 169.2 365.6 301.9 80
2021003888 0.000 -2.4 5.4 286.1 371.6 80
2021003888 0.000 8.1 89.0 229.6 370.1 80
2021003888 0.000 0.7 22.9 146.6 363.6 80
2021003888 0.000 213.1 6.1 497.0 372.7 80
2021003888 0.000 131.2 78.4 368.1 365.5 80
2021003888 0.000 156.2 201.7 351.1 369.4 80
2021003888 0.000 170.3 106.4 310.3 353.3 80
2021003888 0.000 153.4 21.0 355.4 360.9 80
2021003888 0.000 357.6 18.1 500.9 361.1 80
2021003888 0.000 68.8 68.1 447.4 321.4 80
2021003888 0.000 177.0 8.2 417.9 127.1 80
2021003888 0.000 43.6 254.9 289.5 373.6 80
2021003888 0.000 2.3 68.4 366.1 369.3 80
2021003888 0.000 5.1 279.1 130.5 374.3 80
2021003888 0.000 12.0 183.0 185.2 365.8 80
2021003888 0.000 305.3 180.1 482.3 365.0 80
2021003888 0.000 220.0 199.0 278.3 264.7 80
2021003888 0.000 24.3 146.3 338.1 364.6 80
2021003888 0.000 2.5 1.3 412.8 373.0 80
2021003888 0.000 150.8 131.3 355.6 228.6 80
2021003888 0.000 274.3 86.1 490.6 373.1 80
2021003888 0.000 3.0 228.5 496.0 374.4 80
2021003888 0.000 220.7 257.3 474.7 373.5 80
2021003888 0.000 84.5 1.1 496.2 372.9 80
2021003888 0.000 158.6 67.8 495.0 371.2 80
2021003888 0.000 157.9 150.5 463.3 364.9 80
2021003888 0.000 362.6 245.1 494.3 368.9 80
2021003888 0.000 44.4 60.6 117.3 136.8 80
2021003888 0.000 129.9 101.9 365.9 294.0 80
2021003888 0.000 22.3 43.4 477.5 366.6 80
2021003888 0.000 60.2 142.4 409.5 272.0 80
2021003888 0.000 0.4 100.8 499.0 366.5 80
2021003888 0.000 244.0 202.0 298.7 273.9 80
2021003888 0.000 12.6 94.7 489.8 271.8 80
2021003888 0.000 0.8 0.3 499.7 373.9 80
2021003888 0.000 1.3 18.3 498.9 309.8 80
2021003888 0.000 286.3 250.3 340.8 319.0 80
2021003888 0.000 424.2 6.2 498.9 85.7 80
2021003888 0.000 12.6 94.7 489.8 271.8 0
2021003888 0.000 0.8 0.3 499.7 373.9 7
2021003888 0.000 8.1 89.0 229.6 370.1 14
2021003888 0.000 258.6 42.4 428.2 311.1 14
2021003888 0.000 101.1 50.5 245.1 317.1 14
2021003888 0.000 170.3 106.4 310.3 353.3 14
2021003888 0.000 274.3 86.1 490.6 373.1 14
2021003888 0.000 153.4 21.0 355.4 360.9 14
2021003888 0.000 213.1 6.1 497.0 372.7 14
