2021000000237071 0.792 606.1 376.0 642.2 425.3 80
2021000000237071 0.775 173.4 116.9 457.7 422.3 80
2021000000237071 0.771 10.7 52.8 631.3 419.6 80
2021000000237071 0.770 175.8 203.3 468.1 418.9 80
2021000000237071 0.762 174.5 101.8 469.9 425.2 18
2021000000237071 0.756 268.9 226.7 427.8 411.4 80
2021000000237071 0.755 238.5 164.6 317.4 290.5 80
2021000000237071 0.752 459.7 152.5 498.2 258.1 80
2021000000237071 0.751 131.0 172.1 206.9 225.0 80
2021000000237071 0.748 102.4 125.6 149.5 177.7 80
2021000000237071 0.743 48.2 123.5 162.9 228.8 80
2021000000237071 0.736 638.4 247.2 640.1 379.8 80
2021000000237071 0.736 638.9 158.8 640.2 253.6 80
2021000000237071 0.719 69.1 123.3 159.7 226.2 80
2021000000237071 0.717 459.9 156.1 495.9 203.3 80
2021000000237071 0.716 64.6 104.9 107.7 168.8 80
2021000000237071 0.675 96.2 133.7 168.2 226.1 80
2021000000237071 0.217 589.3 64.0 651.5 471.2 80
2021000000237071 0.146 252.3 155.5 390.3 237.9 80
2021000000237071 0.132 29.7 173.6 133.0 233.9 80
