2021000000232244 0.699 288.3 60.8 463.8 260.8 80
2021000000232244 0.692 292.2 60.6 460.3 297.2 80
2021000000232244 0.682 287.3 60.8 470.4 284.2 80
2021000000232244 0.634 4.1 119.4 47.1 321.9 80
2021000000232244 0.631 469.9 348.1 500.1 375.4 80
2021000000232244 0.590 495.6 76.1 500.3 159.3 80
2021000000232244 0.554 495.5 214.5 500.3 318.5 80
2021000000232244 0.532 -0.9 40.6 495.7 358.9 80
2021000000232244 0.523 495.2 137.3 500.1 283.5 80
2021000000232244 0.501 287.4 55.5 468.4 306.6 80
2021000000232244 0.430 -1.2 7.1 45.9 363.3 80
2021000000232244 0.412 1.7 33.1 461.3 372.0 12
2021000000232244 0.358 0.1 4.1 85.4 367.8 80
2021000000232244 0.313 25.0 18.2 279.1 358.8 80
2021000000232244 0.311 -0.9 13.7 13.3 317.2 80
2021000000232244 0.290 1.7 33.1 461.3 372.0 9
2021000000232244 0.256 0.6 102.6 3.3 264.3 80
2021000000232244 0.256 0.6 58.7 3.3 167.0 80
2021000000232244 0.248 498.9 98.3 500.2 311.7 80
2021000000232244 0.247 0.7 6.7 3.8 87.2 80
2021000000232244 0.246 499.3 56.1 500.1 225.0 80
2021000000232244 0.241 9.2 43.3 402.7 333.7 80
2021000000232244 0.223 23.2 88.9 474.0 337.8 80
2021000000232244 0.221 0.4 169.8 4.4 342.7 80
2021000000232244 0.204 -1.7 335.5 28.2 380.0 80
2021000000232244 0.200 296.8 69.3 471.5 347.0 80
2021000000232244 0.190 145.5 366.6 368.3 376.2 80
2021000000232244 0.184 -0.8 150.4 31.2 393.6 80
2021000000232244 0.183 -1.1 51.3 67.9 379.3 80
2021000000232244 0.183 476.6 72.2 499.6 375.1 80
2021000000232244 0.160 480.1 300.1 506.7 363.6 80
2021000000232244 0.158 325.9 76.1 478.5 344.2 80
2021000000232244 0.153 6.1 79.5 400.2 316.8 80
2021000000232244 0.153 1.7 33.1 461.3 372.0 14
2021000000232244 0.150 340.3 179.1 493.8 374.5 80
2021000000232244 0.143 46.0 83.0 456.4 302.6 80
2021000000232244 0.142 287.4 55.5 468.4 306.6 11
2021000000232244 0.140 60.4 321.2 218.6 374.7 80
2021000000232244 0.139 167.2 136.9 448.6 314.7 80
2021000000232244 0.139 94.9 214.3 410.0 353.5 80
2021000000232244 0.138 40.0 116.1 425.5 309.5 80
2021000000232244 0.138 -3.7 187.6 213.1 368.1 80
2021000000232244 0.138 13.7 79.9 351.2 318.8 80
2021000000232244 0.137 29.0 192.9 332.3 353.3 80
2021000000232244 0.136 304.3 337.2 424.8 371.6 80
2021000000232244 0.135 110.8 126.8 446.9 309.5 80
2021000000232244 0.135 334.4 359.3 455.8 378.7 80
2021000000232244 0.135 235.3 174.6 471.4 341.8 80
2021000000232244 0.135 185.5 197.6 439.4 342.1 80
2021000000232244 0.133 97.0 181.1 404.7 334.0 80
2021000000232244 0.132 113.9 152.7 372.1 255.3 80
2021000000232244 0.132 6.2 119.9 334.7 316.0 80
2021000000232244 0.132 35.5 169.3 372.2 326.0 80
2021000000232244 0.131 140.0 327.9 278.3 370.1 80
2021000000232244 0.131 169.1 357.0 316.7 374.7 80
2021000000232244 0.130 -1.5 158.7 292.1 329.1 80
2021000000232244 0.130 18.6 336.5 93.2 374.3 80
2021000000232244 0.130 11.2 102.1 209.0 328.5 80
2021000000232244 0.129 194.9 134.1 461.9 298.0 80
2021000000232244 0.129 148.3 177.9 384.8 301.2 80
2021000000232244 0.128 210.8 334.0 329.2 369.3 80
2021000000232244 0.127 105.8 199.8 216.3 304.5 80
2021000000232244 0.127 140.2 209.7 262.5 302.7 80
2021000000232244 0.127 155.4 205.7 308.3 288.7 80
2021000000232244 0.127 18.2 96.6 411.7 296.2 80
2021000000232244 0.126 263.1 355.5 383.1 376.0 80
2021000000232244 0.126 19.4 90.4 253.4 315.2 80
2021000000232244 0.126 465.3 139.4 509.1 302.4 80
2021000000232244 0.125 69.8 201.5 149.7 282.9 80
2021000000232244 0.124 51.2 357.8 158.6 378.1 80
2021000000232244 0.124 403.4 346.4 494.6 372.7 80
2021000000232244 0.123 180.2 201.9 333.8 291.7 80
2021000000232244 0.120 334.8 175.9 464.5 281.4 80
2021000000232244 0.119 213.1 149.4 455.2 279.9 80
2021000000232244 0.118 121.9 355.4 231.0 376.8 80
2021000000232244 0.115 59.3 112.8 371.2 203.0 80
2021000000232244 0.115 2.9 148.3 112.7 247.0 80
2021000000232244 0.114 131.3 137.0 454.0 229.3 80
2021000000232244 0.114 82.9 114.3 426.4 202.3 80
2021000000232244 0.113 9.1 90.8 333.0 178.8 80
2021000000232244 0.110 208.8 45.5 579.8 117.9 80
2021000000232244 0.108 -143.3 21.3 229.3 74.5 80
2021000000232244 0.107 131.2 52.2 556.8 141.0 80
2021000000232244 0.105 37.3 5.0 533.9 64.5 80
2021000000232244 0.105 259.3 68.9 647.5 164.7 80
2021000000232244 0.104 -102.5 9.5 381.0 64.7 80
2021000000232244 0.102 -151.1 7.4 338.6 50.5 80
2021000000232244 0.101 195.1 6.4 691.0 39.8 80
2021000000232244 0.098 -44.5 -1.6 454.5 33.1 80
2021000000232244 0.097 240.3 8.4 719.6 41.9 80
2021000000232244 0.097 -144.4 -2.0 206.3 18.9 80
2021000000232244 0.097 1.7 33.1 461.3 372.0 80
2021000000232244 0.095 74.6 -0.5 573.6 26.0 80
2021000000232244 0.095 3.3 -0.3 502.3 28.7 80
2021000000232244 0.092 -183.0 -0.9 316.0 22.6 80
2021000000232244 0.091 124.3 -1.0 623.3 24.3 80
2021000000232244 0.091 -138.5 0.1 360.4 23.4 80
2021000000232244 0.091 -36.5 -2.0 462.5 21.5 80
2021000000232244 0.091 156.1 -0.1 655.0 24.5 80
2021000000232244 0.090 22.6 -1.8 521.6 22.0 80
2021000000232244 0.699 288.3 60.8 463.8 260.8 80
2021000000232244 0.692 292.2 60.6 460.3 297.2 80
2021000000232244 0.682 287.3 60.8 470.4 284.2 80
2021000000232244 0.634 4.1 119.4 47.1 321.9 80
2021000000232244 0.631 469.9 348.1 500.1 375.4 80
2021000000232244 0.590 495.6 76.1 500.3 159.3 80
2021000000232244 0.554 495.5 214.5 500.3 318.5 80
2021000000232244 0.532 -0.9 40.6 495.7 358.9 80
2021000000232244 0.523 495.2 137.3 500.1 283.5 80
2021000000232244 0.501 287.4 55.5 468.4 306.6 80
2021000000232244 0.430 -1.2 7.1 45.9 363.3 80
2021000000232244 0.412 1.7 33.1 461.3 372.0 12
2021000000232244 0.358 0.1 4.1 85.4 367.8 80
2021000000232244 0.313 25.0 18.2 279.1 358.8 80
2021000000232244 0.311 -0.9 13.7 13.3 317.2 80
2021000000232244 0.290 1.7 33.1 461.3 372.0 9
2021000000232244 0.256 0.6 102.6 3.3 264.3 80
2021000000232244 0.256 0.6 58.7 3.3 167.0 80
2021000000232244 0.248 498.9 98.3 500.2 311.7 80
2021000000232244 0.247 0.7 6.7 3.8 87.2 80
2021000000232244 0.246 499.3 56.1 500.1 225.0 80
2021000000232244 0.241 9.2 43.3 402.7 333.7 80
2021000000232244 0.223 23.2 88.9 474.0 337.8 80
2021000000232244 0.221 0.4 169.8 4.4 342.7 80
2021000000232244 0.204 -1.7 335.5 28.2 380.0 80
2021000000232244 0.200 296.8 69.3 471.5 347.0 80
2021000000232244 0.190 145.5 366.6 368.3 376.2 80
2021000000232244 0.184 -0.8 150.4 31.2 393.6 80
2021000000232244 0.183 -1.1 51.3 67.9 379.3 80
2021000000232244 0.183 476.6 72.2 499.6 375.1 80
2021000000232244 0.160 480.1 300.1 506.7 363.6 80
2021000000232244 0.158 325.9 76.1 478.5 344.2 80
2021000000232244 0.153 6.1 79.5 400.2 316.8 80
2021000000232244 0.153 1.7 33.1 461.3 372.0 14
2021000000232244 0.150 340.3 179.1 493.8 374.5 80
2021000000232244 0.143 46.0 83.0 456.4 302.6 80
2021000000232244 0.142 287.4 55.5 468.4 306.6 11
2021000000232244 0.140 60.4 321.2 218.6 374.7 80
2021000000232244 0.139 167.2 136.9 448.6 314.7 80
2021000000232244 0.139 94.9 214.3 410.0 353.5 80
2021000000232244 0.138 40.0 116.1 425.5 309.5 80
2021000000232244 0.138 -3.7 187.6 213.1 368.1 80
2021000000232244 0.138 13.7 79.9 351.2 318.8 80
2021000000232244 0.137 29.0 192.9 332.3 353.3 80
2021000000232244 0.136 304.3 337.2 424.8 371.6 80
2021000000232244 0.135 110.8 126.8 446.9 309.5 80
2021000000232244 0.135 334.4 359.3 455.8 378.7 80
2021000000232244 0.135 235.3 174.6 471.4 341.8 80
2021000000232244 0.135 185.5 197.6 439.4 342.1 80
2021000000232244 0.133 97.0 181.1 404.7 334.0 80
2021000000232244 0.132 113.9 152.7 372.1 255.3 80
2021000000232244 0.132 6.2 119.9 334.7 316.0 80
2021000000232244 0.132 35.5 169.3 372.2 326.0 80
2021000000232244 0.131 140.0 327.9 278.3 370.1 80
2021000000232244 0.131 169.1 357.0 316.7 374.7 80
2021000000232244 0.130 -1.5 158.7 292.1 329.1 80
2021000000232244 0.130 18.6 336.5 93.2 374.3 80
2021000000232244 0.130 11.2 102.1 209.0 328.5 80
2021000000232244 0.129 194.9 134.1 461.9 298.0 80
2021000000232244 0.129 148.3 177.9 384.8 301.2 80
2021000000232244 0.128 210.8 334.0 329.2 369.3 80
2021000000232244 0.127 105.8 199.8 216.3 304.5 80
2021000000232244 0.127 140.2 209.7 262.5 302.7 80
2021000000232244 0.127 155.4 205.7 308.3 288.7 80
2021000000232244 0.127 18.2 96.6 411.7 296.2 80
2021000000232244 0.126 263.1 355.5 383.1 376.0 80
2021000000232244 0.126 19.4 90.4 253.4 315.2 80
2021000000232244 0.126 465.3 139.4 509.1 302.4 80
2021000000232244 0.125 69.8 201.5 149.7 282.9 80
2021000000232244 0.124 51.2 357.8 158.6 378.1 80
2021000000232244 0.124 403.4 346.4 494.6 372.7 80
2021000000232244 0.123 180.2 201.9 333.8 291.7 80
2021000000232244 0.120 334.8 175.9 464.5 281.4 80
2021000000232244 0.119 213.1 149.4 455.2 279.9 80
2021000000232244 0.118 121.9 355.4 231.0 376.8 80
2021000000232244 0.115 59.3 112.8 371.2 203.0 80
2021000000232244 0.115 2.9 148.3 112.7 247.0 80
2021000000232244 0.114 131.3 137.0 454.0 229.3 80
2021000000232244 0.114 82.9 114.3 426.4 202.3 80
2021000000232244 0.113 9.1 90.8 333.0 178.8 80
2021000000232244 0.110 208.8 45.5 579.8 117.9 80
2021000000232244 0.108 -143.3 21.3 229.3 74.5 80
2021000000232244 0.107 131.2 52.2 556.8 141.0 80
2021000000232244 0.105 37.3 5.0 533.9 64.5 80
2021000000232244 0.105 259.3 68.9 647.5 164.7 80
2021000000232244 0.104 -102.5 9.5 381.0 64.7 80
2021000000232244 0.102 -151.1 7.4 338.6 50.5 80
2021000000232244 0.101 195.1 6.4 691.0 39.8 80
2021000000232244 0.098 -44.5 -1.6 454.5 33.1 80
2021000000232244 0.097 240.3 8.4 719.6 41.9 80
2021000000232244 0.097 -144.4 -2.0 206.3 18.9 80
2021000000232244 0.097 1.7 33.1 461.3 372.0 80
2021000000232244 0.095 74.6 -0.5 573.6 26.0 80
2021000000232244 0.095 3.3 -0.3 502.3 28.7 80
2021000000232244 0.092 -183.0 -0.9 316.0 22.6 80
2021000000232244 0.091 124.3 -1.0 623.3 24.3 80
2021000000232244 0.091 -138.5 0.1 360.4 23.4 80
2021000000232244 0.091 -36.5 -2.0 462.5 21.5 80
2021000000232244 0.091 156.1 -0.1 655.0 24.5 80
2021000000232244 0.090 22.6 -1.8 521.6 22.0 80
2021000000232244 0.000 242.0 73.2 372.7 227.7 80
2021000000232244 0.000 0.9 43.1 103.5 247.8 80
2021000000232244 0.000 143.7 135.9 210.3 202.4 80
2021000000232244 0.000 211.4 111.8 275.3 178.0 80
2021000000232244 0.000 371.0 109.2 486.3 268.7 80
2021000000232244 0.000 255.8 137.9 317.1 204.5 80
2021000000232244 0.000 156.6 31.4 304.0 211.6 80
2021000000232244 0.000 45.5 217.8 107.4 288.9 80
2021000000232244 0.000 136.3 82.3 207.6 151.5 80
2021000000232244 0.000 81.5 117.6 146.9 186.5 80
2021000000232244 0.000 197.9 51.8 272.4 119.8 80
2021000000232244 0.000 453.6 128.4 499.6 211.2 80
2021000000232244 0.000 387.8 97.3 461.7 164.2 80
2021000000232244 0.000 348.6 145.3 411.0 211.1 80
2021000000232244 0.000 136.9 218.3 201.8 292.7 80
2021000000232244 0.000 19.5 26.1 206.5 194.8 80
2021000000232244 0.000 1.5 201.3 48.0 285.0 80
2021000000232244 0.000 297.9 170.7 359.9 236.2 80
2021000000232244 0.000 453.4 192.9 499.6 275.6 80
2021000000232244 0.000 356.3 197.7 415.7 265.7 80
2021000000232244 0.000 313.5 100.9 376.2 167.7 80
2021000000232244 0.000 323.9 8.3 496.6 191.8 80
2021000000232244 0.000 287.5 132.8 485.8 257.7 80
2021000000232244 0.000 205.6 160.1 267.3 225.4 80
2021000000232244 0.000 0.9 125.8 102.1 357.9 80
2021000000232244 0.000 33.3 127.4 166.8 276.8 80
2021000000232244 0.000 1.0 151.5 47.1 234.6 80
2021000000232244 0.000 89.9 187.8 149.8 253.9 80
2021000000232244 0.000 449.0 54.1 499.7 153.4 80
2021000000232244 0.000 117.9 161.9 233.2 316.5 80
2021000000232244 0.000 218.0 251.8 286.7 331.9 80
2021000000232244 0.000 149.3 172.2 210.8 237.6 80
2021000000232244 0.000 410.1 176.6 474.8 242.3 80
2021000000232244 0.000 27.0 155.1 94.9 220.9 80
2021000000232244 0.000 323.9 218.2 384.1 295.1 80
2021000000232244 0.000 202.7 116.7 319.1 275.9 80
2021000000232244 0.000 177.6 56.6 471.2 267.4 80
2021000000232244 0.000 252.3 124.0 366.8 347.9 80
2021000000232244 0.000 0.5 90.4 51.3 173.8 80
2021000000232244 0.000 0.7 22.0 51.8 106.0 80
2021000000232244 0.000 46.4 108.1 284.6 258.9 80
2021000000232244 0.000 101.1 50.5 245.1 317.1 80
2021000000232244 0.000 255.5 3.7 329.5 73.3 80
2021000000232244 0.000 322.9 47.5 406.2 116.3 80
2021000000232244 0.000 43.3 21.4 383.8 258.4 80
2021000000232244 0.000 0.6 249.6 58.3 369.8 80
2021000000232244 0.000 178.6 220.3 238.0 300.5 80
2021000000232244 0.000 442.7 245.1 499.6 368.5 80
2021000000232244 0.000 398.6 113.5 499.6 355.5 80
2021000000232244 0.000 10.6 10.6 491.5 199.6 80
2021000000232244 0.000 258.6 42.4 428.2 311.1 80
2021000000232244 0.000 90.0 16.9 408.1 364.6 80
2021000000232244 0.000 256.1 169.2 365.6 301.9 80
2021000000232244 0.000 -2.4 5.4 286.1 371.6 80
2021000000232244 0.000 8.1 89.0 229.6 370.1 80
2021000000232244 0.000 0.7 22.9 146.6 363.6 80
2021000000232244 0.000 213.1 6.1 497.0 372.7 80
2021000000232244 0.000 131.2 78.4 368.1 365.5 80
2021000000232244 0.000 156.2 201.7 351.1 369.4 80
2021000000232244 0.000 170.3 106.4 310.3 353.3 80
2021000000232244 0.000 153.4 21.0 355.4 360.9 80
2021000000232244 0.000 357.6 18.1 500.9 361.1 80
2021000000232244 0.000 68.8 68.1 447.4 321.4 80
2021000000232244 0.000 177.0 8.2 417.9 127.1 80
2021000000232244 0.000 43.6 254.9 289.5 373.6 80
2021000000232244 0.000 2.3 68.4 366.1 369.3 80
2021000000232244 0.000 5.1 279.1 130.5 374.3 80
2021000000232244 0.000 12.0 183.0 185.2 365.8 80
2021000000232244 0.000 305.3 180.1 482.3 365.0 80
2021000000232244 0.000 220.0 199.0 278.3 264.7 80
2021000000232244 0.000 24.3 146.3 338.1 364.6 80
2021000000232244 0.000 2.5 1.3 412.8 373.0 80
2021000000232244 0.000 150.8 131.3 355.6 228.6 80
2021000000232244 0.000 274.3 86.1 490.6 373.1 80
2021000000232244 0.000 3.0 228.5 496.0 374.4 80
2021000000232244 0.000 220.7 257.3 474.7 373.5 80
2021000000232244 0.000 84.5 1.1 496.2 372.9 80
2021000000232244 0.000 158.6 67.8 495.0 371.2 80
2021000000232244 0.000 157.9 150.5 463.3 364.9 80
2021000000232244 0.000 362.6 245.1 494.3 368.9 80
2021000000232244 0.000 44.4 60.6 117.3 136.8 80
2021000000232244 0.000 129.9 101.9 365.9 294.0 80
2021000000232244 0.000 22.3 43.4 477.5 366.6 80
2021000000232244 0.000 60.2 142.4 409.5 272.0 80
2021000000232244 0.000 0.4 100.8 499.0 366.5 80
2021000000232244 0.000 244.0 202.0 298.7 273.9 80
2021000000232244 0.000 12.6 94.7 489.8 271.8 80
2021000000232244 0.000 0.8 0.3 499.7 373.9 80
2021000000232244 0.000 1.3 18.3 498.9 309.8 80
2021000000232244 0.000 286.3 250.3 340.8 319.0 80
2021000000232244 0.000 424.2 6.2 498.9 85.7 80
2021000000232244 0.000 12.6 94.7 489.8 271.8 0
2021000000232244 0.000 0.8 0.3 499.7 373.9 7
2021000000232244 0.000 8.1 89.0 229.6 370.1 14
2021000000232244 0.000 258.6 42.4 428.2 311.1 14
2021000000232244 0.000 101.1 50.5 245.1 317.1 14
2021000000232244 0.000 170.3 106.4 310.3 353.3 14
2021000000232244 0.000 274.3 86.1 490.6 373.1 14
2021000000232244 0.000 153.4 21.0 355.4 360.9 14
2021000000232244 0.000 213.1 6.1 497.0 372.7 14
