2021007961 0.729 253.2 207.3 315.2 261.7 80
2021007961 0.726 159.8 129.5 238.1 334.5 14
2021007961 0.683 330.5 208.3 381.8 267.1 80
2021007961 0.682 86.9 134.2 113.2 155.7 80
2021007961 0.678 286.6 202.6 316.2 238.3 80
2021007961 0.660 469.7 296.8 496.8 332.4 80
2021007961 0.654 323.2 157.1 424.2 197.0 80
2021007961 0.652 160.4 193.3 242.1 331.4 80
2021007961 0.650 64.2 164.9 185.2 247.8 80
2021007961 0.645 378.2 169.6 488.8 205.0 80
2021007961 0.642 448.3 157.3 499.0 294.0 80
2021007961 0.628 325.5 158.2 404.7 194.3 80
2021007961 0.622 214.0 211.4 488.3 336.4 80
2021007961 0.621 320.1 157.4 440.9 197.9 6
2021007961 0.620 320.3 159.5 444.1 207.0 80
2021007961 0.609 167.6 130.9 235.5 329.7 80
2021007961 0.601 45.2 163.0 180.9 219.6 80
2021007961 0.597 0.6 257.4 22.9 295.7 80
2021007961 0.588 34.9 193.2 501.3 329.4 80
2021007961 0.587 217.2 202.1 493.5 332.9 6
2021007961 0.583 201.9 197.7 498.0 326.1 80
2021007961 0.583 32.6 139.0 278.1 255.3 80
2021007961 0.580 46.8 163.5 168.2 226.7 80
2021007961 0.571 15.1 161.9 504.2 315.6 80
2021007961 0.567 55.1 164.1 133.3 216.0 80
2021007961 0.566 460.7 173.7 498.4 211.9 80
2021007961 0.564 436.9 168.4 496.8 207.5 80
2021007961 0.551 361.5 171.5 460.2 198.9 80
2021007961 0.549 494.5 158.8 500.4 257.6 80
2021007961 0.519 71.6 159.7 174.1 246.4 80
2021007961 0.518 396.8 170.8 499.8 258.0 6
2021007961 0.515 133.6 136.7 258.1 316.4 80
2021007961 0.514 55.0 169.7 92.3 207.3 80
2021007961 0.507 356.4 169.1 429.8 194.5 80
2021007961 0.506 48.5 160.9 154.5 217.6 80
2021007961 0.495 455.3 175.0 500.7 236.5 80
2021007961 0.478 152.4 142.6 180.3 162.7 80
2021007961 0.477 0.7 250.6 92.0 333.6 80
2021007961 0.465 290.9 108.4 516.3 281.0 80
2021007961 0.454 1.4 152.0 6.6 178.6 80
2021007961 0.450 451.8 176.9 496.7 203.7 80
2021007961 0.441 5.9 253.8 90.7 331.5 80
2021007961 0.440 497.5 141.5 500.1 192.6 80
2021007961 0.436 451.5 172.0 498.7 200.2 80
2021007961 0.434 3.5 255.5 93.0 332.4 80
2021007961 0.430 163.1 148.5 233.9 247.6 80
2021007961 0.419 481.6 72.1 499.9 230.0 80
2021007961 0.410 0.9 145.4 4.9 190.9 80
2021007961 0.394 1.9 127.4 8.0 174.2 80
2021007961 0.339 334.6 184.9 374.1 209.2 80
2021007961 0.307 0.4 70.9 9.6 331.1 80
2021007961 0.286 171.9 175.7 225.3 232.7 80
2021007961 0.269 396.8 170.8 499.8 258.0 80
2021007961 0.263 63.5 149.7 378.8 257.8 80
2021007961 0.258 32.8 323.8 166.2 334.2 80
2021007961 0.252 81.0 155.9 296.2 313.6 80
2021007961 0.246 280.0 179.4 504.5 297.9 80
2021007961 0.235 50.4 221.2 473.0 334.5 80
2021007961 0.227 455.3 175.0 500.7 236.5 6
2021007961 0.223 451.8 176.9 496.7 203.7 6
2021007961 0.221 0.7 0.9 4.1 93.5 80
2021007961 0.217 339.0 252.0 374.0 286.0 80
2021007961 0.216 5.9 253.8 90.7 331.5 6
2021007961 0.211 451.5 172.0 498.7 200.2 6
2021007961 0.204 166.0 323.6 357.5 334.1 80
2021007961 0.195 244.2 234.4 274.8 266.1 80
2021007961 0.182 379.6 304.4 502.8 335.4 80
2021007961 0.169 3.5 255.5 93.0 332.4 6
2021007961 0.165 217.2 202.1 493.5 332.9 80
2021007961 0.163 128.7 216.1 165.5 245.6 80
2021007961 0.159 0.7 250.6 92.0 333.6 6
2021007961 0.159 71.6 159.7 174.1 246.4 6
2021007961 0.159 48.5 160.9 154.5 217.6 6
2021007961 0.157 0.2 69.7 30.8 301.1 80
2021007961 0.155 198.7 192.3 234.1 222.8 80
2021007961 0.152 163.7 219.3 463.0 321.0 80
2021007961 0.150 298.5 311.5 475.2 338.9 80
2021007961 0.147 5.9 253.8 90.7 331.5 13
2021007961 0.147 65.3 85.1 436.2 246.6 80
2021007961 0.146 153.7 239.1 186.5 271.6 80
2021007961 0.143 55.1 164.1 133.3 216.0 6
2021007961 0.140 26.6 212.2 251.2 341.4 80
2021007961 0.136 268.6 237.5 305.2 268.7 80
2021007961 0.136 109.0 314.7 219.6 336.1 80
2021007961 0.135 0.7 250.6 92.0 333.6 13
2021007961 0.135 3.5 255.5 93.0 332.4 13
2021007961 0.135 197.3 206.9 239.3 241.1 80
2021007961 0.133 320.1 157.4 440.9 197.9 80
2021007961 0.132 0.6 257.4 22.9 295.7 6
2021007961 0.131 7.1 168.3 166.1 313.9 80
2021007961 0.129 34.8 202.3 71.3 233.9 80
2021007961 0.126 460.7 173.7 498.4 211.9 6
2021007961 0.123 136.7 194.9 373.8 296.7 80
2021007961 0.118 281.7 157.7 341.8 203.4 80
2021007961 0.117 208.3 122.9 317.8 169.4 80
2021007961 0.116 -0.2 60.8 50.5 118.0 80
2021007961 0.115 171.6 136.2 329.8 191.3 80
2021007961 0.110 20.0 64.7 235.8 124.1 80
2021007961 0.108 216.7 51.6 498.7 111.9 80
2021007961 0.108 257.6 39.1 545.5 98.7 80
2021007961 0.729 253.2 207.3 315.2 261.7 80
2021007961 0.726 159.8 129.5 238.1 334.5 14
2021007961 0.683 330.5 208.3 381.8 267.1 80
2021007961 0.682 86.9 134.2 113.2 155.7 80
2021007961 0.678 286.6 202.6 316.2 238.3 80
2021007961 0.660 469.7 296.8 496.8 332.4 80
2021007961 0.654 323.2 157.1 424.2 197.0 80
2021007961 0.652 160.4 193.3 242.1 331.4 80
2021007961 0.650 64.2 164.9 185.2 247.8 80
2021007961 0.645 378.2 169.6 488.8 205.0 80
2021007961 0.642 448.3 157.3 499.0 294.0 80
2021007961 0.628 325.5 158.2 404.7 194.3 80
2021007961 0.622 214.0 211.4 488.3 336.4 80
2021007961 0.621 320.1 157.4 440.9 197.9 6
2021007961 0.620 320.3 159.5 444.1 207.0 80
2021007961 0.609 167.6 130.9 235.5 329.7 80
2021007961 0.601 45.2 163.0 180.9 219.6 80
2021007961 0.597 0.6 257.4 22.9 295.7 80
2021007961 0.588 34.9 193.2 501.3 329.4 80
2021007961 0.587 217.2 202.1 493.5 332.9 6
2021007961 0.583 201.9 197.7 498.0 326.1 80
2021007961 0.583 32.6 139.0 278.1 255.3 80
2021007961 0.580 46.8 163.5 168.2 226.7 80
2021007961 0.571 15.1 161.9 504.2 315.6 80
2021007961 0.567 55.1 164.1 133.3 216.0 80
2021007961 0.566 460.7 173.7 498.4 211.9 80
2021007961 0.564 436.9 168.4 496.8 207.5 80
2021007961 0.551 361.5 171.5 460.2 198.9 80
2021007961 0.549 494.5 158.8 500.4 257.6 80
2021007961 0.519 71.6 159.7 174.1 246.4 80
2021007961 0.518 396.8 170.8 499.8 258.0 6
2021007961 0.515 133.6 136.7 258.1 316.4 80
2021007961 0.514 55.0 169.7 92.3 207.3 80
2021007961 0.507 356.4 169.1 429.8 194.5 80
2021007961 0.506 48.5 160.9 154.5 217.6 80
2021007961 0.495 455.3 175.0 500.7 236.5 80
2021007961 0.478 152.4 142.6 180.3 162.7 80
2021007961 0.477 0.7 250.6 92.0 333.6 80
2021007961 0.465 290.9 108.4 516.3 281.0 80
2021007961 0.454 1.4 152.0 6.6 178.6 80
2021007961 0.450 451.8 176.9 496.7 203.7 80
2021007961 0.441 5.9 253.8 90.7 331.5 80
2021007961 0.440 497.5 141.5 500.1 192.6 80
2021007961 0.436 451.5 172.0 498.7 200.2 80
2021007961 0.434 3.5 255.5 93.0 332.4 80
2021007961 0.430 163.1 148.5 233.9 247.6 80
2021007961 0.419 481.6 72.1 499.9 230.0 80
2021007961 0.410 0.9 145.4 4.9 190.9 80
2021007961 0.394 1.9 127.4 8.0 174.2 80
2021007961 0.339 334.6 184.9 374.1 209.2 80
2021007961 0.307 0.4 70.9 9.6 331.1 80
2021007961 0.286 171.9 175.7 225.3 232.7 80
2021007961 0.269 396.8 170.8 499.8 258.0 80
2021007961 0.263 63.5 149.7 378.8 257.8 80
2021007961 0.258 32.8 323.8 166.2 334.2 80
2021007961 0.252 81.0 155.9 296.2 313.6 80
2021007961 0.246 280.0 179.4 504.5 297.9 80
2021007961 0.235 50.4 221.2 473.0 334.5 80
2021007961 0.227 455.3 175.0 500.7 236.5 6
2021007961 0.223 451.8 176.9 496.7 203.7 6
2021007961 0.221 0.7 0.9 4.1 93.5 80
2021007961 0.217 339.0 252.0 374.0 286.0 80
2021007961 0.216 5.9 253.8 90.7 331.5 6
2021007961 0.211 451.5 172.0 498.7 200.2 6
2021007961 0.204 166.0 323.6 357.5 334.1 80
2021007961 0.195 244.2 234.4 274.8 266.1 80
2021007961 0.182 379.6 304.4 502.8 335.4 80
2021007961 0.169 3.5 255.5 93.0 332.4 6
2021007961 0.165 217.2 202.1 493.5 332.9 80
2021007961 0.163 128.7 216.1 165.5 245.6 80
2021007961 0.159 0.7 250.6 92.0 333.6 6
2021007961 0.159 71.6 159.7 174.1 246.4 6
2021007961 0.159 48.5 160.9 154.5 217.6 6
2021007961 0.157 0.2 69.7 30.8 301.1 80
2021007961 0.155 198.7 192.3 234.1 222.8 80
2021007961 0.152 163.7 219.3 463.0 321.0 80
2021007961 0.150 298.5 311.5 475.2 338.9 80
2021007961 0.147 5.9 253.8 90.7 331.5 13
2021007961 0.147 65.3 85.1 436.2 246.6 80
2021007961 0.146 153.7 239.1 186.5 271.6 80
2021007961 0.143 55.1 164.1 133.3 216.0 6
2021007961 0.140 26.6 212.2 251.2 341.4 80
2021007961 0.136 268.6 237.5 305.2 268.7 80
2021007961 0.136 109.0 314.7 219.6 336.1 80
2021007961 0.135 0.7 250.6 92.0 333.6 13
2021007961 0.135 3.5 255.5 93.0 332.4 13
2021007961 0.135 197.3 206.9 239.3 241.1 80
2021007961 0.133 320.1 157.4 440.9 197.9 80
2021007961 0.132 0.6 257.4 22.9 295.7 6
2021007961 0.131 7.1 168.3 166.1 313.9 80
2021007961 0.129 34.8 202.3 71.3 233.9 80
2021007961 0.126 460.7 173.7 498.4 211.9 6
2021007961 0.123 136.7 194.9 373.8 296.7 80
2021007961 0.118 281.7 157.7 341.8 203.4 80
2021007961 0.117 208.3 122.9 317.8 169.4 80
2021007961 0.116 -0.2 60.8 50.5 118.0 80
2021007961 0.115 171.6 136.2 329.8 191.3 80
2021007961 0.110 20.0 64.7 235.8 124.1 80
2021007961 0.108 216.7 51.6 498.7 111.9 80
2021007961 0.108 257.6 39.1 545.5 98.7 80
2021007961 0.000 0.8 39.6 103.7 219.9 80
2021007961 0.000 245.1 64.6 370.2 203.1 80
2021007961 0.000 203.1 44.4 266.1 106.7 80
2021007961 0.000 256.6 123.7 316.4 182.9 80
2021007961 0.000 372.7 97.3 484.8 238.7 80
2021007961 0.000 45.9 193.6 106.8 256.8 80
2021007961 0.000 83.8 105.7 144.8 167.7 80
2021007961 0.000 133.1 93.5 218.1 194.0 80
2021007961 0.000 390.5 85.7 458.7 145.2 80
2021007961 0.000 453.6 114.4 499.6 187.5 80
2021007961 0.000 213.4 101.7 273.6 161.0 80
2021007961 0.000 141.4 73.2 202.4 136.6 80
2021007961 0.000 22.0 26.3 202.7 174.0 80
2021007961 0.000 325.8 10.5 494.5 170.4 80
2021007961 0.000 1.5 179.1 48.0 253.0 80
2021007961 0.000 162.0 29.1 299.4 188.1 80
2021007961 0.000 349.9 130.4 409.9 189.0 80
2021007961 0.000 219.9 213.4 281.0 299.7 80
2021007961 0.000 90.6 167.7 149.2 226.6 80
2021007961 0.000 314.7 90.6 375.2 149.9 80
2021007961 0.000 357.4 176.8 415.0 236.3 80
2021007961 0.000 32.4 113.1 167.8 245.7 80
2021007961 0.000 1.0 134.7 47.1 208.2 80
2021007961 0.000 453.4 171.3 499.7 244.6 80
2021007961 0.000 0.5 112.0 102.1 317.8 80
2021007961 0.000 449.1 48.2 499.7 136.2 80
2021007961 0.000 259.7 2.5 324.6 65.8 80
2021007961 0.000 137.6 194.1 201.5 258.6 80
2021007961 0.000 298.6 152.6 359.4 210.5 80
2021007961 0.000 28.5 138.6 93.6 196.8 80
2021007961 0.000 255.4 112.1 363.3 309.4 80
2021007961 0.000 119.1 143.0 232.5 281.2 80
2021007961 0.000 149.8 153.7 210.5 211.6 80
2021007961 0.000 293.1 118.3 480.6 230.7 80
2021007961 0.000 325.6 194.5 382.1 262.6 80
2021007961 0.000 0.7 20.0 51.8 94.1 80
2021007961 0.000 219.9 176.7 278.2 235.5 80
2021007961 0.000 48.8 19.0 377.9 228.3 80
2021007961 0.000 410.2 156.8 474.8 215.0 80
2021007961 0.000 205.3 105.0 317.1 249.4 80
2021007961 0.000 0.7 221.7 58.3 328.6 80
2021007961 0.000 180.1 197.3 238.1 264.5 80
2021007961 0.000 177.0 51.2 471.7 236.8 80
2021007961 0.000 49.5 97.5 281.8 229.4 80
2021007961 0.000 325.8 41.4 402.7 103.4 80
2021007961 0.000 101.1 43.9 244.3 277.4 80
2021007961 0.000 0.3 80.7 51.5 154.3 80
2021007961 0.000 206.3 143.0 267.2 201.4 80
2021007961 0.000 442.7 217.4 499.6 327.4 80
2021007961 0.000 15.1 12.8 486.3 174.5 80
2021007961 0.000 398.5 98.9 499.4 315.8 80
2021007961 0.000 1.5 5.5 282.2 329.9 80
2021007961 0.000 94.9 14.0 401.8 325.0 80
2021007961 0.000 262.6 37.4 424.1 278.3 80
2021007961 0.000 189.1 7.3 402.0 120.4 80
2021007961 0.000 1.1 21.4 146.5 322.8 80
2021007961 0.000 212.9 5.7 497.4 331.0 80
2021007961 0.000 160.6 175.5 349.3 326.9 80
2021007961 0.000 159.4 25.0 350.2 316.2 80
2021007961 0.000 357.7 16.7 501.3 319.9 80
2021007961 0.000 11.5 79.9 225.9 328.5 80
2021007961 0.000 280.6 212.4 336.4 294.2 80
2021007961 0.000 171.4 94.0 308.9 314.0 80
2021007961 0.000 132.8 69.1 366.0 324.4 80
2021007961 0.000 257.5 148.1 363.0 272.1 80
2021007961 0.000 5.0 248.1 130.5 332.4 80
2021007961 0.000 306.3 160.5 481.9 323.9 80
2021007961 0.000 54.0 226.7 278.3 330.9 80
2021007961 0.000 11.7 162.6 185.3 324.9 80
2021007961 0.000 3.3 1.2 410.3 331.1 80
2021007961 0.000 8.2 203.4 491.3 331.4 80
2021007961 0.000 4.9 57.7 361.3 327.9 80
2021007961 0.000 223.1 227.9 472.3 331.4 80
2021007961 0.000 72.1 57.1 444.5 284.5 80
2021007961 0.000 34.1 131.1 327.0 322.2 80
2021007961 0.000 85.7 1.0 494.7 331.0 80
2021007961 0.000 278.1 77.3 486.3 331.0 80
2021007961 0.000 162.7 118.0 345.4 204.8 80
2021007961 0.000 244.5 179.3 298.1 242.7 80
2021007961 0.000 168.6 134.4 451.1 322.0 80
2021007961 0.000 362.2 218.2 494.6 327.3 80
2021007961 0.000 44.5 53.9 117.2 121.5 80
2021007961 0.000 160.2 58.7 492.6 329.0 80
2021007961 0.000 134.9 91.5 359.6 260.9 80
2021007961 0.000 67.7 127.2 402.2 241.5 80
2021007961 0.000 22.4 38.2 474.5 321.3 80
2021007961 0.000 0.6 89.3 498.5 323.8 80
2021007961 0.000 0.8 0.8 499.6 332.2 80
2021007961 0.000 17.2 85.3 483.8 240.0 80
2021007961 0.000 2.5 21.1 497.4 273.2 80
2021007961 0.000 424.3 5.6 498.8 76.0 80
2021007961 0.000 17.2 85.3 483.8 240.0 0
2021007961 0.000 262.6 37.4 424.1 278.3 14
2021007961 0.000 171.4 94.0 308.9 314.0 14
2021007961 0.000 101.1 43.9 244.3 277.4 14
2021007961 0.000 159.4 25.0 350.2 316.2 14
2021007961 0.000 11.5 79.9 225.9 328.5 14
2021007961 0.000 278.1 77.3 486.3 331.0 14
2021007961 0.000 132.8 69.1 366.0 324.4 14
2021007961 0.000 154.2 268.6 238.2 328.2 80
