2021000000484415 0.743 227.6 69.8 311.4 242.7 80
2021000000484415 0.718 6.8 30.2 190.6 155.8 80
2021000000484415 0.715 230.1 102.9 309.7 241.8 80
2021000000484415 0.707 23.0 130.4 207.4 241.4 80
2021000000484415 0.707 8.6 134.4 200.5 240.1 80
2021000000484415 0.704 8.3 16.5 251.8 241.2 80
2021000000484415 0.703 19.8 30.4 192.2 171.4 80
2021000000484415 0.701 3.3 21.8 158.9 130.8 80
2021000000484415 0.694 23.8 132.6 204.8 242.1 80
2021000000484415 0.689 1.0 13.0 154.9 135.0 80
2021000000484415 0.684 23.2 136.2 215.8 241.9 80
2021000000484415 0.683 6.4 2.1 212.4 240.9 80
2021000000484415 0.674 7.6 18.2 199.9 240.2 80
2021000000484415 0.669 31.2 25.0 209.6 238.6 80
2021000000484415 0.661 1.8 49.3 16.8 136.3 80
2021000000484415 0.658 1.4 40.5 13.1 127.9 80
2021000000484415 0.656 172.4 0.6 317.1 239.6 80
2021000000484415 0.656 299.3 219.5 320.6 241.0 80
2021000000484415 0.655 222.0 1.1 319.8 240.0 80
2021000000484415 0.654 -0.7 123.8 318.2 242.6 80
2021000000484415 0.651 13.3 5.0 319.7 205.3 80
2021000000484415 0.649 15.1 28.3 209.5 239.2 80
2021000000484415 0.645 70.6 6.6 319.3 164.8 80
2021000000484415 0.645 13.6 27.7 203.1 239.4 80
2021000000484415 0.645 272.0 4.4 321.9 243.2 80
2021000000484415 0.641 46.7 3.0 310.5 241.9 80
2021000000484415 0.637 -0.3 162.8 318.7 241.9 80
2021000000484415 0.637 294.5 18.6 321.5 235.8 80
2021000000484415 0.634 94.3 1.4 314.6 240.4 80
2021000000484415 0.627 0.8 39.1 319.8 242.2 80
2021000000484415 0.606 1.0 31.6 8.4 100.5 80
2021000000484415 0.594 289.9 1.4 321.6 238.9 80
2021000000484415 0.570 0.7 51.0 8.1 215.3 80
2021000000484415 0.563 316.3 116.1 320.4 237.0 80
2021000000484415 0.550 21.5 27.7 209.1 239.4 80
2021000000484415 0.549 54.4 1.1 315.7 240.1 80
2021000000484415 0.542 311.8 2.0 321.0 239.7 80
2021000000484415 0.503 1.3 3.7 13.7 139.1 80
2021000000484415 0.496 0.6 0.9 319.6 239.9 80
2021000000484415 0.451 2.2 227.5 320.0 240.7 80
2021000000484415 0.447 4.6 33.8 72.1 126.1 80
2021000000484415 0.405 1.2 20.9 9.2 232.0 80
2021000000484415 0.385 319.0 6.4 320.4 107.3 80
2021000000484415 0.382 233.0 37.7 309.0 239.3 80
2021000000484415 0.347 21.0 2.1 318.2 240.7 80
2021000000484415 0.322 21.0 2.1 318.2 240.7 14
2021000000484415 0.309 214.1 233.4 308.7 240.8 80
2021000000484415 0.285 7.1 36.6 119.3 129.2 80
2021000000484415 0.280 -0.4 3.9 18.4 240.9 80
2021000000484415 0.264 -3.3 211.8 36.3 245.0 80
2021000000484415 0.229 0.7 106.8 2.8 222.7 80
2021000000484415 0.199 28.6 79.3 161.0 145.5 80
2021000000484415 0.172 79.4 202.7 271.5 241.4 80
2021000000484415 0.166 298.0 185.6 326.6 239.7 80
2021000000484415 0.160 158.3 232.0 259.6 240.4 80
2021000000484415 0.160 176.3 49.5 316.5 228.3 80
2021000000484415 0.160 174.2 217.0 281.1 239.6 80
2021000000484415 0.155 67.7 79.8 176.7 142.7 80
2021000000484415 0.153 -2.1 123.8 31.1 245.5 80
2021000000484415 0.147 2.8 47.5 60.0 239.2 80
2021000000484415 0.147 21.5 27.7 209.1 239.4 14
2021000000484415 0.142 98.8 127.7 299.0 223.7 80
2021000000484415 0.142 110.7 87.8 143.3 115.8 80
2021000000484415 0.142 -11.9 134.6 156.1 231.3 80
2021000000484415 0.139 112.0 58.3 308.5 207.7 80
2021000000484415 0.139 45.2 45.8 286.6 201.1 80
2021000000484415 0.136 246.8 222.0 315.3 240.0 80
2021000000484415 0.136 103.1 21.2 348.0 139.1 80
2021000000484415 0.136 59.0 128.6 264.7 219.4 80
2021000000484415 0.135 8.7 218.8 70.7 239.8 80
2021000000484415 0.135 137.5 117.4 311.9 217.9 80
2021000000484415 0.133 -0.1 109.5 185.7 214.0 80
2021000000484415 0.133 70.7 79.9 291.0 201.7 80
2021000000484415 0.133 44.3 73.2 255.9 206.2 80
2021000000484415 0.130 1.4 64.5 144.6 213.0 80
2021000000484415 0.129 29.3 229.0 111.3 241.9 80
2021000000484415 0.129 28.3 15.4 328.8 118.8 80
2021000000484415 0.127 18.0 102.7 77.7 200.2 80
2021000000484415 0.127 66.6 225.6 157.4 241.8 80
2021000000484415 0.123 140.1 126.1 236.3 195.2 80
2021000000484415 0.122 47.7 79.1 236.5 177.5 80
2021000000484415 0.121 0.6 0.9 319.6 239.9 14
2021000000484415 0.120 54.4 1.1 315.7 240.1 14
2021000000484415 0.119 199.5 12.2 396.2 117.8 80
2021000000484415 0.117 80.0 75.8 259.4 146.0 80
2021000000484415 0.117 77.0 71.7 302.8 174.3 80
2021000000484415 0.115 72.5 67.3 323.3 201.5 80
2021000000484415 0.111 46.9 29.0 263.3 83.6 80
2021000000484415 0.109 160.3 27.5 403.6 174.6 80
2021000000484415 0.109 75.9 35.8 366.6 152.3 80
2021000000484415 0.108 119.3 36.7 386.5 160.0 80
2021000000484415 0.107 131.2 21.0 403.7 95.3 80
2021000000484415 0.104 39.5 -4.0 355.6 52.4 80
2021000000484415 0.099 -128.7 -0.7 169.4 10.8 80
2021000000484415 0.096 79.9 -6.0 398.9 26.0 80
2021000000484415 0.093 -116.5 -0.5 202.5 14.3 80
2021000000484415 0.092 -88.4 0.4 230.6 13.8 80
2021000000484415 0.091 -22.9 -0.7 296.1 13.4 80
2021000000484415 0.091 -55.2 -0.5 263.8 15.2 80
2021000000484415 0.088 54.7 -1.2 373.7 13.9 80
2021000000484415 0.743 227.6 69.8 311.4 242.7 80
2021000000484415 0.718 6.8 30.2 190.6 155.8 80
2021000000484415 0.715 230.1 102.9 309.7 241.8 80
2021000000484415 0.707 23.0 130.4 207.4 241.4 80
2021000000484415 0.707 8.6 134.4 200.5 240.1 80
2021000000484415 0.704 8.3 16.5 251.8 241.2 80
2021000000484415 0.703 19.8 30.4 192.2 171.4 80
2021000000484415 0.701 3.3 21.8 158.9 130.8 80
2021000000484415 0.694 23.8 132.6 204.8 242.1 80
2021000000484415 0.689 1.0 13.0 154.9 135.0 80
2021000000484415 0.684 23.2 136.2 215.8 241.9 80
2021000000484415 0.683 6.4 2.1 212.4 240.9 80
2021000000484415 0.674 7.6 18.2 199.9 240.2 80
2021000000484415 0.669 31.2 25.0 209.6 238.6 80
2021000000484415 0.661 1.8 49.3 16.8 136.3 80
2021000000484415 0.658 1.4 40.5 13.1 127.9 80
2021000000484415 0.656 172.4 0.6 317.1 239.6 80
2021000000484415 0.656 299.3 219.5 320.6 241.0 80
2021000000484415 0.655 222.0 1.1 319.8 240.0 80
2021000000484415 0.654 -0.7 123.8 318.2 242.6 80
2021000000484415 0.651 13.3 5.0 319.7 205.3 80
2021000000484415 0.649 15.1 28.3 209.5 239.2 80
2021000000484415 0.645 70.6 6.6 319.3 164.8 80
2021000000484415 0.645 13.6 27.7 203.1 239.4 80
2021000000484415 0.645 272.0 4.4 321.9 243.2 80
2021000000484415 0.641 46.7 3.0 310.5 241.9 80
2021000000484415 0.637 -0.3 162.8 318.7 241.9 80
2021000000484415 0.637 294.5 18.6 321.5 235.8 80
2021000000484415 0.634 94.3 1.4 314.6 240.4 80
2021000000484415 0.627 0.8 39.1 319.8 242.2 80
2021000000484415 0.606 1.0 31.6 8.4 100.5 80
2021000000484415 0.594 289.9 1.4 321.6 238.9 80
2021000000484415 0.570 0.7 51.0 8.1 215.3 80
2021000000484415 0.563 316.3 116.1 320.4 237.0 80
2021000000484415 0.550 21.5 27.7 209.1 239.4 80
2021000000484415 0.549 54.4 1.1 315.7 240.1 80
2021000000484415 0.542 311.8 2.0 321.0 239.7 80
2021000000484415 0.503 1.3 3.7 13.7 139.1 80
2021000000484415 0.496 0.6 0.9 319.6 239.9 80
2021000000484415 0.451 2.2 227.5 320.0 240.7 80
2021000000484415 0.447 4.6 33.8 72.1 126.1 80
2021000000484415 0.405 1.2 20.9 9.2 232.0 80
2021000000484415 0.385 319.0 6.4 320.4 107.3 80
2021000000484415 0.382 233.0 37.7 309.0 239.3 80
2021000000484415 0.347 21.0 2.1 318.2 240.7 80
2021000000484415 0.322 21.0 2.1 318.2 240.7 14
2021000000484415 0.309 214.1 233.4 308.7 240.8 80
2021000000484415 0.285 7.1 36.6 119.3 129.2 80
2021000000484415 0.280 -0.4 3.9 18.4 240.9 80
2021000000484415 0.264 -3.3 211.8 36.3 245.0 80
2021000000484415 0.229 0.7 106.8 2.8 222.7 80
2021000000484415 0.199 28.6 79.3 161.0 145.5 80
2021000000484415 0.172 79.4 202.7 271.5 241.4 80
2021000000484415 0.166 298.0 185.6 326.6 239.7 80
2021000000484415 0.160 158.3 232.0 259.6 240.4 80
2021000000484415 0.160 176.3 49.5 316.5 228.3 80
2021000000484415 0.160 174.2 217.0 281.1 239.6 80
2021000000484415 0.155 67.7 79.8 176.7 142.7 80
2021000000484415 0.153 -2.1 123.8 31.1 245.5 80
2021000000484415 0.147 2.8 47.5 60.0 239.2 80
2021000000484415 0.147 21.5 27.7 209.1 239.4 14
2021000000484415 0.142 98.8 127.7 299.0 223.7 80
2021000000484415 0.142 110.7 87.8 143.3 115.8 80
2021000000484415 0.142 -11.9 134.6 156.1 231.3 80
2021000000484415 0.139 112.0 58.3 308.5 207.7 80
2021000000484415 0.139 45.2 45.8 286.6 201.1 80
2021000000484415 0.136 246.8 222.0 315.3 240.0 80
2021000000484415 0.136 103.1 21.2 348.0 139.1 80
2021000000484415 0.136 59.0 128.6 264.7 219.4 80
2021000000484415 0.135 8.7 218.8 70.7 239.8 80
2021000000484415 0.135 137.5 117.4 311.9 217.9 80
2021000000484415 0.133 -0.1 109.5 185.7 214.0 80
2021000000484415 0.133 70.7 79.9 291.0 201.7 80
2021000000484415 0.133 44.3 73.2 255.9 206.2 80
2021000000484415 0.130 1.4 64.5 144.6 213.0 80
2021000000484415 0.129 29.3 229.0 111.3 241.9 80
2021000000484415 0.129 28.3 15.4 328.8 118.8 80
2021000000484415 0.127 18.0 102.7 77.7 200.2 80
2021000000484415 0.127 66.6 225.6 157.4 241.8 80
2021000000484415 0.123 140.1 126.1 236.3 195.2 80
2021000000484415 0.122 47.7 79.1 236.5 177.5 80
2021000000484415 0.121 0.6 0.9 319.6 239.9 14
2021000000484415 0.120 54.4 1.1 315.7 240.1 14
2021000000484415 0.119 199.5 12.2 396.2 117.8 80
2021000000484415 0.117 80.0 75.8 259.4 146.0 80
2021000000484415 0.117 77.0 71.7 302.8 174.3 80
2021000000484415 0.115 72.5 67.3 323.3 201.5 80
2021000000484415 0.111 46.9 29.0 263.3 83.6 80
2021000000484415 0.109 160.3 27.5 403.6 174.6 80
2021000000484415 0.109 75.9 35.8 366.6 152.3 80
2021000000484415 0.108 119.3 36.7 386.5 160.0 80
2021000000484415 0.107 131.2 21.0 403.7 95.3 80
2021000000484415 0.104 39.5 -4.0 355.6 52.4 80
2021000000484415 0.099 -128.7 -0.7 169.4 10.8 80
2021000000484415 0.096 79.9 -6.0 398.9 26.0 80
2021000000484415 0.093 -116.5 -0.5 202.5 14.3 80
2021000000484415 0.092 -88.4 0.4 230.6 13.8 80
2021000000484415 0.091 -22.9 -0.7 296.1 13.4 80
2021000000484415 0.091 -55.2 -0.5 263.8 15.2 80
2021000000484415 0.088 54.7 -1.2 373.7 13.9 80
2021000000484415 0.000 155.2 47.2 238.5 145.7 80
2021000000484415 0.000 0.9 27.9 66.3 158.6 80
2021000000484415 0.000 92.3 87.4 134.6 129.5 80
2021000000484415 0.000 135.6 71.9 176.2 113.9 80
2021000000484415 0.000 237.8 70.2 311.2 172.0 80
2021000000484415 0.000 164.0 88.6 202.9 130.9 80
2021000000484415 0.000 100.6 20.5 194.5 135.5 80
2021000000484415 0.000 29.5 139.7 68.7 184.9 80
2021000000484415 0.000 87.6 53.0 132.9 97.0 80
2021000000484415 0.000 52.5 75.6 94.0 119.4 80
2021000000484415 0.000 127.0 33.5 174.3 76.7 80
2021000000484415 0.000 290.6 82.5 319.8 135.1 80
2021000000484415 0.000 248.5 62.6 295.5 105.1 80
2021000000484415 0.000 223.5 93.3 263.1 135.1 80
2021000000484415 0.000 87.9 140.1 129.1 187.3 80
2021000000484415 0.000 12.8 17.0 132.2 124.7 80
2021000000484415 0.000 1.3 129.2 30.7 182.4 80
2021000000484415 0.000 191.0 109.6 230.3 151.1 80
2021000000484415 0.000 290.6 123.8 319.8 176.4 80
2021000000484415 0.000 228.4 126.9 266.1 170.0 80
2021000000484415 0.000 201.0 65.0 240.8 107.4 80
2021000000484415 0.000 207.6 5.7 317.8 122.7 80
2021000000484415 0.000 184.4 85.4 310.9 165.0 80
2021000000484415 0.000 131.9 102.8 171.1 144.3 80
2021000000484415 0.000 0.9 80.9 65.4 229.1 80
2021000000484415 0.000 21.7 81.9 106.7 177.1 80
2021000000484415 0.000 1.0 97.3 30.1 150.1 80
2021000000484415 0.000 57.9 120.6 95.8 162.5 80
2021000000484415 0.000 287.7 35.0 319.8 98.2 80
2021000000484415 0.000 75.8 104.0 149.2 202.5 80
2021000000484415 0.000 139.9 161.5 183.5 212.4 80
2021000000484415 0.000 95.9 110.6 134.9 152.1 80
2021000000484415 0.000 262.8 113.4 303.9 155.1 80
2021000000484415 0.000 17.7 99.6 60.8 141.4 80
2021000000484415 0.000 207.6 140.0 245.8 188.8 80
2021000000484415 0.000 130.1 75.1 204.2 176.6 80
2021000000484415 0.000 114.0 36.6 301.6 171.1 80
2021000000484415 0.000 161.8 79.7 234.7 222.7 80
2021000000484415 0.000 0.7 58.2 32.8 111.2 80
2021000000484415 0.000 0.8 14.5 33.1 67.9 80
2021000000484415 0.000 30.1 69.5 182.1 165.7 80
2021000000484415 0.000 65.1 32.7 156.9 202.9 80
2021000000484415 0.000 163.9 2.7 210.9 46.9 80
2021000000484415 0.000 207.0 30.7 259.9 74.5 80
2021000000484415 0.000 28.0 14.1 245.6 165.4 80
2021000000484415 0.000 0.8 160.1 37.3 236.7 80
2021000000484415 0.000 114.7 141.4 152.3 192.3 80
2021000000484415 0.000 283.7 157.2 319.7 235.8 80
2021000000484415 0.000 255.5 73.0 319.8 227.5 80
2021000000484415 0.000 7.1 7.1 314.5 127.7 80
2021000000484415 0.000 165.9 27.5 274.1 199.1 80
2021000000484415 0.000 58.0 11.2 261.2 233.3 80
2021000000484415 0.000 164.3 108.6 234.0 193.2 80
2021000000484415 0.000 -1.2 3.8 183.1 237.8 80
2021000000484415 0.000 5.6 57.3 147.0 236.8 80
2021000000484415 0.000 0.8 15.0 93.8 232.7 80
2021000000484415 0.000 136.7 4.3 318.1 238.5 80
2021000000484415 0.000 84.3 50.5 235.6 233.9 80
2021000000484415 0.000 100.3 129.5 224.7 236.4 80
2021000000484415 0.000 109.4 68.4 198.6 226.1 80
2021000000484415 0.000 98.5 13.8 227.5 231.0 80
2021000000484415 0.000 229.2 12.0 320.6 231.1 80
2021000000484415 0.000 44.4 43.9 286.3 205.7 80
2021000000484415 0.000 113.6 5.6 267.5 81.3 80
2021000000484415 0.000 28.3 163.5 185.3 239.1 80
2021000000484415 0.000 1.8 44.2 234.3 236.3 80
2021000000484415 0.000 3.6 179.0 83.5 239.6 80
2021000000484415 0.000 8.1 117.5 118.5 234.1 80
2021000000484415 0.000 195.8 115.6 308.7 233.6 80
2021000000484415 0.000 141.2 127.7 178.1 169.4 80
2021000000484415 0.000 15.9 94.0 216.4 233.3 80
2021000000484415 0.000 2.0 1.2 264.2 238.7 80
2021000000484415 0.000 96.9 84.4 227.6 146.3 80
2021000000484415 0.000 175.9 55.5 314.0 238.8 80
2021000000484415 0.000 2.3 146.6 317.4 239.6 80
2021000000484415 0.000 141.6 165.1 303.8 239.1 80
2021000000484415 0.000 54.4 1.1 317.5 238.7 80
2021000000484415 0.000 101.8 43.8 316.8 237.5 80
2021000000484415 0.000 101.4 96.7 296.5 233.6 80
2021000000484415 0.000 232.4 157.2 316.3 236.1 80
2021000000484415 0.000 28.8 39.2 75.0 87.5 80
2021000000484415 0.000 83.5 65.6 234.2 188.2 80
2021000000484415 0.000 14.7 28.1 305.6 234.6 80
2021000000484415 0.000 38.9 91.5 262.1 174.1 80
2021000000484415 0.000 0.6 64.9 319.4 234.6 80
2021000000484415 0.000 156.5 129.6 191.1 175.3 80
2021000000484415 0.000 8.4 60.9 313.5 174.0 80
2021000000484415 0.000 0.9 0.5 319.8 239.3 80
2021000000484415 0.000 1.2 12.0 319.3 198.2 80
2021000000484415 0.000 183.6 160.6 218.1 204.2 80
2021000000484415 0.000 271.9 4.3 319.3 54.8 80
2021000000484415 0.000 8.4 60.9 313.5 174.0 0
2021000000484415 0.000 0.9 0.5 319.8 239.3 7
2021000000484415 0.000 5.6 57.3 147.0 236.8 14
2021000000484415 0.000 165.9 27.5 274.1 199.1 14
2021000000484415 0.000 65.1 32.7 156.9 202.9 14
2021000000484415 0.000 109.4 68.4 198.6 226.1 14
2021000000484415 0.000 175.9 55.5 314.0 238.8 14
2021000000484415 0.000 98.5 13.8 227.5 231.0 14
2021000000484415 0.000 136.7 4.3 318.1 238.5 14
