2021009574 0.770 2.4 79.8 164.9 371.4 14
2021009574 0.756 377.3 63.3 497.8 370.5 14
2021009574 0.738 131.5 81.5 280.2 371.1 14
2021009574 0.703 -0.3 79.8 307.5 375.0 80
2021009574 0.698 1.1 182.2 123.0 370.1 80
2021009574 0.687 5.3 80.0 212.9 375.4 80
2021009574 0.686 4.4 161.9 182.4 368.4 80
2021009574 0.683 13.0 102.3 267.6 371.4 80
2021009574 0.680 94.7 79.6 443.1 374.6 80
2021009574 0.680 6.3 197.9 135.7 368.5 80
2021009574 0.676 186.7 79.6 281.9 370.5 80
2021009574 0.675 339.0 66.0 481.3 367.6 80
2021009574 0.672 260.0 71.7 405.4 366.4 80
2021009574 0.670 0.6 131.4 43.3 369.3 80
2021009574 0.667 135.9 133.6 278.6 366.8 80
2021009574 0.663 132.4 185.1 283.3 369.3 80
2021009574 0.661 215.6 64.8 502.8 371.1 80
2021009574 0.661 360.9 80.3 489.1 361.7 80
2021009574 0.660 121.3 156.2 364.0 368.9 80
2021009574 0.658 260.6 142.8 403.6 366.5 80
2021009574 0.653 -0.4 171.1 24.6 366.8 80
2021009574 0.653 11.0 137.8 258.9 370.0 80
2021009574 0.651 18.9 162.7 290.3 369.1 80
2021009574 0.645 0.3 74.2 499.2 370.4 80
2021009574 0.644 260.6 173.1 392.9 369.2 80
2021009574 0.644 418.3 184.4 490.6 350.0 80
2021009574 0.642 394.1 175.9 489.3 363.0 80
2021009574 0.635 379.5 111.4 496.4 362.1 80
2021009574 0.633 387.8 66.5 493.6 356.5 80
2021009574 0.628 168.7 171.6 390.9 369.2 80
2021009574 0.608 9.0 171.8 263.1 373.9 80
2021009574 0.608 266.4 66.3 411.7 363.0 80
2021009574 0.604 36.0 76.4 164.0 363.7 80
2021009574 0.603 111.3 91.7 443.0 309.7 80
2021009574 0.600 259.0 65.2 406.2 374.4 14
2021009574 0.598 -1.1 88.4 158.9 359.6 80
2021009574 0.595 131.6 87.4 270.7 360.1 80
2021009574 0.592 11.8 151.0 458.7 369.3 80
2021009574 0.588 138.7 94.3 281.2 360.5 80
2021009574 0.586 473.9 59.9 499.3 362.4 80
2021009574 0.585 255.6 65.0 398.7 357.1 80
2021009574 0.578 331.3 135.2 488.5 366.9 80
2021009574 0.576 265.6 143.1 490.0 360.6 80
2021009574 0.572 0.2 107.5 13.9 366.9 80
2021009574 0.567 471.4 329.5 499.2 378.3 80
2021009574 0.564 492.8 88.3 500.6 333.4 80
2021009574 0.555 14.2 91.4 163.6 359.7 80
2021009574 0.548 3.2 121.8 499.8 369.7 80
2021009574 0.538 382.6 65.3 495.7 295.7 80
2021009574 0.536 266.7 102.7 500.6 363.5 80
2021009574 0.514 496.9 153.7 500.5 335.4 80
2021009574 0.503 496.7 70.1 500.3 201.9 80
2021009574 0.469 0.6 -1.6 6.7 101.3 80
2021009574 0.468 7.8 75.9 108.5 365.8 80
2021009574 0.462 1.1 96.4 5.0 195.1 80
2021009574 0.402 493.7 27.4 500.7 351.6 80
2021009574 0.368 -1.2 13.1 13.7 358.7 80
2021009574 0.351 0.7 -3.0 12.2 20.9 80
2021009574 0.209 402.5 159.8 466.6 227.5 80
2021009574 0.179 -3.4 291.4 23.2 391.5 80
2021009574 0.176 266.7 102.7 500.6 363.5 17
2021009574 0.160 3.2 121.8 499.8 369.7 17
2021009574 0.138 173.5 124.8 425.7 326.2 80
2021009574 0.138 259.0 65.2 406.2 374.4 80
2021009574 0.137 163.4 337.5 313.4 378.8 80
2021009574 0.137 187.0 193.3 244.5 247.6 80
2021009574 0.135 273.3 254.1 320.7 322.8 80
2021009574 0.132 303.7 170.5 372.8 234.3 80
2021009574 0.132 177.6 355.1 306.4 379.5 80
2021009574 0.131 19.4 167.7 153.4 278.8 80
2021009574 0.131 169.5 234.5 229.7 302.9 80
2021009574 0.127 261.7 340.6 370.9 378.8 80
2021009574 0.127 83.0 219.3 140.8 274.3 80
2021009574 0.127 379.8 175.9 470.5 310.7 80
2021009574 0.127 152.4 227.0 218.9 308.0 80
2021009574 0.127 89.5 161.4 137.8 203.8 80
2021009574 0.127 325.0 201.6 399.3 267.7 80
2021009574 0.126 113.5 346.3 220.3 379.4 80
2021009574 0.126 136.2 176.5 183.1 220.0 80
2021009574 0.126 339.3 353.5 446.4 380.1 80
2021009574 0.125 170.6 199.8 249.0 272.1 80
2021009574 0.125 56.3 162.4 109.6 210.1 80
2021009574 0.125 33.6 210.0 105.7 282.0 80
2021009574 0.125 47.1 350.6 155.8 380.0 80
2021009574 0.124 220.0 171.7 275.1 219.9 80
2021009574 0.120 276.6 176.2 361.8 264.0 80
2021009574 0.113 -38.6 55.3 98.8 127.4 80
2021009574 0.112 11.8 151.0 458.7 369.3 17
2021009574 0.110 247.0 62.5 548.6 147.4 80
2021009574 0.109 105.0 37.7 483.9 110.4 80
2021009574 0.108 34.7 5.3 476.9 57.8 80
2021009574 0.107 288.1 44.6 644.5 141.8 80
2021009574 0.105 95.0 1.0 560.3 51.6 80
2021009574 0.104 -48.3 -1.5 449.7 46.5 80
2021009574 0.094 -183.4 -1.3 315.6 23.5 80
2021009574 0.093 124.4 -2.4 623.4 26.5 80
2021009574 0.093 -139.2 -0.2 359.7 23.2 80
2021009574 0.093 79.0 -1.3 577.9 21.8 80
2021009574 0.093 -39.3 -1.4 459.6 23.0 80
2021009574 0.092 19.2 -1.1 518.1 24.0 80
2021009574 0.770 2.4 79.8 164.9 371.4 14
2021009574 0.756 377.3 63.3 497.8 370.5 14
2021009574 0.738 131.5 81.5 280.2 371.1 14
2021009574 0.703 -0.3 79.8 307.5 375.0 80
2021009574 0.698 1.1 182.2 123.0 370.1 80
2021009574 0.687 5.3 80.0 212.9 375.4 80
2021009574 0.686 4.4 161.9 182.4 368.4 80
2021009574 0.683 13.0 102.3 267.6 371.4 80
2021009574 0.680 94.7 79.6 443.1 374.6 80
2021009574 0.680 6.3 197.9 135.7 368.5 80
2021009574 0.676 186.7 79.6 281.9 370.5 80
2021009574 0.675 339.0 66.0 481.3 367.6 80
2021009574 0.672 260.0 71.7 405.4 366.4 80
2021009574 0.670 0.6 131.4 43.3 369.3 80
2021009574 0.667 135.9 133.6 278.6 366.8 80
2021009574 0.663 132.4 185.1 283.3 369.3 80
2021009574 0.661 215.6 64.8 502.8 371.1 80
2021009574 0.661 360.9 80.3 489.1 361.7 80
2021009574 0.660 121.3 156.2 364.0 368.9 80
2021009574 0.658 260.6 142.8 403.6 366.5 80
2021009574 0.653 -0.4 171.1 24.6 366.8 80
2021009574 0.653 11.0 137.8 258.9 370.0 80
2021009574 0.651 18.9 162.7 290.3 369.1 80
2021009574 0.645 0.3 74.2 499.2 370.4 80
2021009574 0.644 260.6 173.1 392.9 369.2 80
2021009574 0.644 418.3 184.4 490.6 350.0 80
2021009574 0.642 394.1 175.9 489.3 363.0 80
2021009574 0.635 379.5 111.4 496.4 362.1 80
2021009574 0.633 387.8 66.5 493.6 356.5 80
2021009574 0.628 168.7 171.6 390.9 369.2 80
2021009574 0.608 9.0 171.8 263.1 373.9 80
2021009574 0.608 266.4 66.3 411.7 363.0 80
2021009574 0.604 36.0 76.4 164.0 363.7 80
2021009574 0.603 111.3 91.7 443.0 309.7 80
2021009574 0.600 259.0 65.2 406.2 374.4 14
2021009574 0.598 -1.1 88.4 158.9 359.6 80
2021009574 0.595 131.6 87.4 270.7 360.1 80
2021009574 0.592 11.8 151.0 458.7 369.3 80
2021009574 0.588 138.7 94.3 281.2 360.5 80
2021009574 0.586 473.9 59.9 499.3 362.4 80
2021009574 0.585 255.6 65.0 398.7 357.1 80
2021009574 0.578 331.3 135.2 488.5 366.9 80
2021009574 0.576 265.6 143.1 490.0 360.6 80
2021009574 0.572 0.2 107.5 13.9 366.9 80
2021009574 0.567 471.4 329.5 499.2 378.3 80
2021009574 0.564 492.8 88.3 500.6 333.4 80
2021009574 0.555 14.2 91.4 163.6 359.7 80
2021009574 0.548 3.2 121.8 499.8 369.7 80
2021009574 0.538 382.6 65.3 495.7 295.7 80
2021009574 0.536 266.7 102.7 500.6 363.5 80
2021009574 0.514 496.9 153.7 500.5 335.4 80
2021009574 0.503 496.7 70.1 500.3 201.9 80
2021009574 0.469 0.6 -1.6 6.7 101.3 80
2021009574 0.468 7.8 75.9 108.5 365.8 80
2021009574 0.462 1.1 96.4 5.0 195.1 80
2021009574 0.402 493.7 27.4 500.7 351.6 80
2021009574 0.368 -1.2 13.1 13.7 358.7 80
2021009574 0.351 0.7 -3.0 12.2 20.9 80
2021009574 0.209 402.5 159.8 466.6 227.5 80
2021009574 0.179 -3.4 291.4 23.2 391.5 80
2021009574 0.176 266.7 102.7 500.6 363.5 17
2021009574 0.160 3.2 121.8 499.8 369.7 17
2021009574 0.138 173.5 124.8 425.7 326.2 80
2021009574 0.138 259.0 65.2 406.2 374.4 80
2021009574 0.137 163.4 337.5 313.4 378.8 80
2021009574 0.137 187.0 193.3 244.5 247.6 80
2021009574 0.135 273.3 254.1 320.7 322.8 80
2021009574 0.132 303.7 170.5 372.8 234.3 80
2021009574 0.132 177.6 355.1 306.4 379.5 80
2021009574 0.131 19.4 167.7 153.4 278.8 80
2021009574 0.131 169.5 234.5 229.7 302.9 80
2021009574 0.127 261.7 340.6 370.9 378.8 80
2021009574 0.127 83.0 219.3 140.8 274.3 80
2021009574 0.127 379.8 175.9 470.5 310.7 80
2021009574 0.127 152.4 227.0 218.9 308.0 80
2021009574 0.127 89.5 161.4 137.8 203.8 80
2021009574 0.127 325.0 201.6 399.3 267.7 80
2021009574 0.126 113.5 346.3 220.3 379.4 80
2021009574 0.126 136.2 176.5 183.1 220.0 80
2021009574 0.126 339.3 353.5 446.4 380.1 80
2021009574 0.125 170.6 199.8 249.0 272.1 80
2021009574 0.125 56.3 162.4 109.6 210.1 80
2021009574 0.125 33.6 210.0 105.7 282.0 80
2021009574 0.125 47.1 350.6 155.8 380.0 80
2021009574 0.124 220.0 171.7 275.1 219.9 80
2021009574 0.120 276.6 176.2 361.8 264.0 80
2021009574 0.113 -38.6 55.3 98.8 127.4 80
2021009574 0.112 11.8 151.0 458.7 369.3 17
2021009574 0.110 247.0 62.5 548.6 147.4 80
2021009574 0.109 105.0 37.7 483.9 110.4 80
2021009574 0.108 34.7 5.3 476.9 57.8 80
2021009574 0.107 288.1 44.6 644.5 141.8 80
2021009574 0.105 95.0 1.0 560.3 51.6 80
2021009574 0.104 -48.3 -1.5 449.7 46.5 80
2021009574 0.094 -183.4 -1.3 315.6 23.5 80
2021009574 0.093 124.4 -2.4 623.4 26.5 80
2021009574 0.093 -139.2 -0.2 359.7 23.2 80
2021009574 0.093 79.0 -1.3 577.9 21.8 80
2021009574 0.093 -39.3 -1.4 459.6 23.0 80
2021009574 0.092 19.2 -1.1 518.1 24.0 80
2021009574 0.000 242.0 73.2 372.7 227.7 80
2021009574 0.000 0.9 43.1 103.5 247.8 80
2021009574 0.000 143.7 135.9 210.3 202.4 80
2021009574 0.000 211.4 111.8 275.3 178.0 80
2021009574 0.000 371.0 109.2 486.3 268.7 80
2021009574 0.000 255.8 137.9 317.1 204.5 80
2021009574 0.000 156.6 31.4 304.0 211.6 80
2021009574 0.000 45.5 217.8 107.4 288.9 80
2021009574 0.000 136.3 82.3 207.6 151.5 80
2021009574 0.000 81.5 117.6 146.9 186.5 80
2021009574 0.000 197.9 51.8 272.4 119.8 80
2021009574 0.000 453.6 128.4 499.6 211.2 80
2021009574 0.000 387.8 97.3 461.7 164.2 80
2021009574 0.000 348.6 145.3 411.0 211.1 80
2021009574 0.000 136.9 218.3 201.8 292.7 80
2021009574 0.000 19.5 26.1 206.5 194.8 80
2021009574 0.000 1.5 201.3 48.0 285.0 80
2021009574 0.000 297.9 170.7 359.9 236.2 80
2021009574 0.000 453.4 192.9 499.6 275.6 80
2021009574 0.000 356.3 197.7 415.7 265.7 80
2021009574 0.000 313.5 100.9 376.2 167.7 80
2021009574 0.000 323.9 8.3 496.6 191.8 80
2021009574 0.000 287.5 132.8 485.8 257.7 80
2021009574 0.000 205.6 160.1 267.3 225.4 80
2021009574 0.000 0.9 125.8 102.1 357.9 80
2021009574 0.000 33.3 127.4 166.8 276.8 80
2021009574 0.000 1.0 151.5 47.1 234.6 80
2021009574 0.000 89.9 187.8 149.8 253.9 80
2021009574 0.000 449.0 54.1 499.7 153.4 80
2021009574 0.000 117.9 161.9 233.2 316.5 80
2021009574 0.000 218.0 251.8 286.7 331.9 80
2021009574 0.000 149.3 172.2 210.8 237.6 80
2021009574 0.000 410.1 176.6 474.8 242.3 80
2021009574 0.000 27.0 155.1 94.9 220.9 80
2021009574 0.000 323.9 218.2 384.1 295.1 80
2021009574 0.000 202.7 116.7 319.1 275.9 80
2021009574 0.000 177.6 56.6 471.2 267.4 80
2021009574 0.000 252.3 124.0 366.8 347.9 80
2021009574 0.000 0.5 90.4 51.3 173.8 80
2021009574 0.000 0.7 22.0 51.8 106.0 80
2021009574 0.000 46.4 108.1 284.6 258.9 80
2021009574 0.000 101.1 50.5 245.1 317.1 80
2021009574 0.000 255.5 3.7 329.5 73.3 80
2021009574 0.000 322.9 47.5 406.2 116.3 80
2021009574 0.000 43.3 21.4 383.8 258.4 80
2021009574 0.000 0.6 249.6 58.3 369.8 80
2021009574 0.000 178.6 220.3 238.0 300.5 80
2021009574 0.000 442.7 245.1 499.6 368.5 80
2021009574 0.000 398.6 113.5 499.6 355.5 80
2021009574 0.000 10.6 10.6 491.5 199.6 80
2021009574 0.000 258.6 42.4 428.2 311.1 80
2021009574 0.000 90.0 16.9 408.1 364.6 80
2021009574 0.000 256.1 169.2 365.6 301.9 80
2021009574 0.000 -2.4 5.4 286.1 371.6 80
2021009574 0.000 8.1 89.0 229.6 370.1 80
2021009574 0.000 0.7 22.9 146.6 363.6 80
2021009574 0.000 213.1 6.1 497.0 372.7 80
2021009574 0.000 131.2 78.4 368.1 365.5 80
2021009574 0.000 156.2 201.7 351.1 369.4 80
2021009574 0.000 170.3 106.4 310.3 353.3 80
2021009574 0.000 153.4 21.0 355.4 360.9 80
2021009574 0.000 357.6 18.1 500.9 361.1 80
2021009574 0.000 68.8 68.1 447.4 321.4 80
2021009574 0.000 177.0 8.2 417.9 127.1 80
2021009574 0.000 43.6 254.9 289.5 373.6 80
2021009574 0.000 2.3 68.4 366.1 369.3 80
2021009574 0.000 5.1 279.1 130.5 374.3 80
2021009574 0.000 12.0 183.0 185.2 365.8 80
2021009574 0.000 305.3 180.1 482.3 365.0 80
2021009574 0.000 220.0 199.0 278.3 264.7 80
2021009574 0.000 24.3 146.3 338.1 364.6 80
2021009574 0.000 2.5 1.3 412.8 373.0 80
2021009574 0.000 150.8 131.3 355.6 228.6 80
2021009574 0.000 274.3 86.1 490.6 373.1 80
2021009574 0.000 3.0 228.5 496.0 374.4 80
2021009574 0.000 220.7 257.3 474.7 373.5 80
2021009574 0.000 84.5 1.1 496.2 372.9 80
2021009574 0.000 158.6 67.8 495.0 371.2 80
2021009574 0.000 157.9 150.5 463.3 364.9 80
2021009574 0.000 362.6 245.1 494.3 368.9 80
2021009574 0.000 44.4 60.6 117.3 136.8 80
2021009574 0.000 129.9 101.9 365.9 294.0 80
2021009574 0.000 22.3 43.4 477.5 366.6 80
2021009574 0.000 60.2 142.4 409.5 272.0 80
2021009574 0.000 0.4 100.8 499.0 366.5 80
2021009574 0.000 244.0 202.0 298.7 273.9 80
2021009574 0.000 12.6 94.7 489.8 271.8 80
2021009574 0.000 0.8 0.3 499.7 373.9 80
2021009574 0.000 1.3 18.3 498.9 309.8 80
2021009574 0.000 286.3 250.3 340.8 319.0 80
2021009574 0.000 424.2 6.2 498.9 85.7 80
2021009574 0.000 12.6 94.7 489.8 271.8 0
2021009574 0.000 0.8 0.3 499.7 373.9 7
2021009574 0.000 8.1 89.0 229.6 370.1 14
2021009574 0.000 258.6 42.4 428.2 311.1 14
2021009574 0.000 101.1 50.5 245.1 317.1 14
2021009574 0.000 170.3 106.4 310.3 353.3 14
2021009574 0.000 274.3 86.1 490.6 373.1 14
2021009574 0.000 153.4 21.0 355.4 360.9 14
2021009574 0.000 213.1 6.1 497.0 372.7 14
