2021008011 0.736 26.6 18.0 256.9 257.3 7
2021008011 0.669 468.7 302.0 498.0 331.6 80
2021008011 0.628 193.0 1.4 507.8 333.0 80
2021008011 0.619 0.1 1.2 499.0 332.7 80
2021008011 0.617 226.1 8.6 348.1 242.1 80
2021008011 0.564 25.5 25.3 274.9 264.6 80
2021008011 0.532 34.1 22.9 271.1 246.9 80
2021008011 0.527 495.9 181.0 500.2 313.9 80
2021008011 0.526 12.8 26.2 258.2 244.4 80
2021008011 0.501 329.0 1.9 490.5 31.8 80
2021008011 0.486 223.1 8.8 315.3 239.4 80
2021008011 0.476 311.5 0.9 352.6 12.9 80
2021008011 0.475 215.3 1.8 498.5 333.3 80
2021008011 0.456 496.9 122.7 500.1 248.3 80
2021008011 0.434 498.2 35.2 500.2 140.6 80
2021008011 0.426 452.3 0.6 504.0 332.4 80
2021008011 0.402 23.6 27.1 272.9 249.3 80
2021008011 0.367 494.1 -1.6 501.8 26.6 80
2021008011 0.304 495.8 34.3 500.4 311.4 80
2021008011 0.292 495.7 3.1 501.0 310.0 80
2021008011 0.290 223.6 15.6 496.8 327.7 80
2021008011 0.287 357.9 6.5 526.5 338.5 80
2021008011 0.247 0.8 43.0 3.2 150.1 80
2021008011 0.242 -10.3 20.7 455.3 250.7 80
2021008011 0.230 483.2 239.6 505.3 332.8 80
2021008011 0.230 0.6 80.0 3.3 212.2 80
2021008011 0.216 0.2 156.8 5.3 303.2 80
2021008011 0.208 0.1 2.7 5.3 68.2 80
2021008011 0.197 -0.8 40.8 13.4 310.7 80
2021008011 0.192 -2.9 37.0 38.2 297.5 80
2021008011 0.183 432.3 49.6 501.7 334.0 80
2021008011 0.177 333.1 29.0 497.7 330.9 80
2021008011 0.175 61.7 67.1 377.7 265.5 80
2021008011 0.175 215.3 1.8 498.5 333.3 19
2021008011 0.168 -2.7 62.6 267.7 225.0 80
2021008011 0.166 151.0 323.6 376.9 334.7 80
2021008011 0.161 -0.2 146.9 40.3 338.5 80
2021008011 0.149 311.4 162.5 514.6 325.2 80
2021008011 0.143 -7.0 287.3 40.2 338.3 80
2021008011 0.143 -1.8 90.1 19.9 171.1 80
2021008011 0.142 292.7 297.9 437.9 330.3 80
2021008011 0.142 7.6 161.4 195.8 319.7 80
2021008011 0.141 113.9 202.0 398.6 319.0 80
2021008011 0.140 258.8 97.6 502.1 285.8 80
2021008011 0.139 67.0 275.5 195.8 332.2 80
2021008011 0.139 178.3 165.6 455.5 312.4 80
2021008011 0.138 220.6 149.8 487.8 302.6 80
2021008011 0.138 196.7 84.0 476.6 281.0 80
2021008011 0.137 -3.8 88.8 148.2 302.9 80
2021008011 0.135 37.2 123.9 275.8 242.8 80
2021008011 0.135 62.8 172.2 280.7 305.0 80
2021008011 0.134 90.3 135.6 412.6 272.8 80
2021008011 0.132 20.4 155.9 247.4 263.7 80
2021008011 0.132 125.8 166.4 383.3 300.6 80
2021008011 0.131 56.8 101.1 204.4 199.4 80
2021008011 0.131 47.2 88.1 238.4 208.9 80
2021008011 0.131 71.6 113.6 294.6 230.1 80
2021008011 0.131 330.1 318.1 465.5 336.0 80
2021008011 0.130 159.9 118.7 413.7 275.4 80
2021008011 0.130 143.7 287.7 270.7 327.5 80
2021008011 0.129 397.7 309.2 498.1 331.3 80
2021008011 0.129 -6.8 123.1 223.7 242.8 80
2021008011 0.129 83.8 159.8 315.7 279.4 80
2021008011 0.128 201.8 82.6 420.1 253.8 80
2021008011 0.127 260.5 124.7 416.9 263.4 80
2021008011 0.125 -13.3 86.2 193.4 214.5 80
2021008011 0.125 8.6 44.7 337.5 161.7 80
2021008011 0.125 37.0 114.5 212.3 210.9 80
2021008011 0.125 50.8 317.6 158.8 335.4 80
2021008011 0.124 119.8 315.7 221.4 334.6 80
2021008011 0.124 208.5 292.9 344.1 326.9 80
2021008011 0.123 212.8 194.1 273.4 243.3 80
2021008011 0.123 117.8 126.7 248.2 216.0 80
2021008011 0.123 172.9 312.9 324.0 332.2 80
2021008011 0.122 125.9 148.2 330.1 248.4 80
2021008011 0.120 20.8 296.7 104.0 329.8 80
2021008011 0.119 266.3 313.1 395.4 333.3 80
2021008011 0.118 231.8 107.0 488.2 235.1 80
2021008011 0.118 59.8 34.4 391.5 134.6 80
2021008011 0.115 -65.4 49.6 259.2 150.5 80
2021008011 0.113 -4.1 50.0 381.8 185.1 80
2021008011 0.112 103.7 107.1 340.9 204.1 80
2021008011 0.112 -102.5 71.7 255.4 167.6 80
2021008011 0.110 89.6 63.7 432.2 176.8 80
2021008011 0.106 111.1 14.8 577.8 117.5 80
2021008011 0.106 173.2 56.2 627.8 172.4 80
2021008011 0.104 -169.7 14.0 266.6 63.6 80
2021008011 0.104 230.3 40.1 664.1 170.4 80
2021008011 0.103 -31.5 -8.6 467.5 21.2 80
2021008011 0.102 139.3 4.7 636.4 64.9 80
2021008011 0.101 39.6 -0.7 536.4 59.9 80
2021008011 0.101 74.4 -4.4 567.9 43.9 80
2021008011 0.098 184.2 1.4 683.2 38.4 80
2021008011 0.098 -84.0 -8.6 415.0 27.5 80
2021008011 0.098 224.5 4.6 722.4 37.9 80
2021008011 0.094 124.6 -4.3 623.6 23.0 80
2021008011 0.092 -181.0 -2.5 318.0 21.5 80
2021008011 0.091 205.3 -3.7 704.3 18.5 80
2021008011 0.090 -215.9 -1.8 282.1 19.6 80
2021008011 0.089 -133.3 -2.8 365.7 19.7 80
2021008011 0.736 26.6 18.0 256.9 257.3 7
2021008011 0.669 468.7 302.0 498.0 331.6 80
2021008011 0.628 193.0 1.4 507.8 333.0 80
2021008011 0.619 0.1 1.2 499.0 332.7 80
2021008011 0.617 226.1 8.6 348.1 242.1 80
2021008011 0.564 25.5 25.3 274.9 264.6 80
2021008011 0.532 34.1 22.9 271.1 246.9 80
2021008011 0.527 495.9 181.0 500.2 313.9 80
2021008011 0.526 12.8 26.2 258.2 244.4 80
2021008011 0.501 329.0 1.9 490.5 31.8 80
2021008011 0.486 223.1 8.8 315.3 239.4 80
2021008011 0.476 311.5 0.9 352.6 12.9 80
2021008011 0.475 215.3 1.8 498.5 333.3 80
2021008011 0.456 496.9 122.7 500.1 248.3 80
2021008011 0.434 498.2 35.2 500.2 140.6 80
2021008011 0.426 452.3 0.6 504.0 332.4 80
2021008011 0.402 23.6 27.1 272.9 249.3 80
2021008011 0.367 494.1 -1.6 501.8 26.6 80
2021008011 0.304 495.8 34.3 500.4 311.4 80
2021008011 0.292 495.7 3.1 501.0 310.0 80
2021008011 0.290 223.6 15.6 496.8 327.7 80
2021008011 0.287 357.9 6.5 526.5 338.5 80
2021008011 0.247 0.8 43.0 3.2 150.1 80
2021008011 0.242 -10.3 20.7 455.3 250.7 80
2021008011 0.230 483.2 239.6 505.3 332.8 80
2021008011 0.230 0.6 80.0 3.3 212.2 80
2021008011 0.216 0.2 156.8 5.3 303.2 80
2021008011 0.208 0.1 2.7 5.3 68.2 80
2021008011 0.197 -0.8 40.8 13.4 310.7 80
2021008011 0.192 -2.9 37.0 38.2 297.5 80
2021008011 0.183 432.3 49.6 501.7 334.0 80
2021008011 0.177 333.1 29.0 497.7 330.9 80
2021008011 0.175 61.7 67.1 377.7 265.5 80
2021008011 0.175 215.3 1.8 498.5 333.3 19
2021008011 0.168 -2.7 62.6 267.7 225.0 80
2021008011 0.166 151.0 323.6 376.9 334.7 80
2021008011 0.161 -0.2 146.9 40.3 338.5 80
2021008011 0.149 311.4 162.5 514.6 325.2 80
2021008011 0.143 -7.0 287.3 40.2 338.3 80
2021008011 0.143 -1.8 90.1 19.9 171.1 80
2021008011 0.142 292.7 297.9 437.9 330.3 80
2021008011 0.142 7.6 161.4 195.8 319.7 80
2021008011 0.141 113.9 202.0 398.6 319.0 80
2021008011 0.140 258.8 97.6 502.1 285.8 80
2021008011 0.139 67.0 275.5 195.8 332.2 80
2021008011 0.139 178.3 165.6 455.5 312.4 80
2021008011 0.138 220.6 149.8 487.8 302.6 80
2021008011 0.138 196.7 84.0 476.6 281.0 80
2021008011 0.137 -3.8 88.8 148.2 302.9 80
2021008011 0.135 37.2 123.9 275.8 242.8 80
2021008011 0.135 62.8 172.2 280.7 305.0 80
2021008011 0.134 90.3 135.6 412.6 272.8 80
2021008011 0.132 20.4 155.9 247.4 263.7 80
2021008011 0.132 125.8 166.4 383.3 300.6 80
2021008011 0.131 56.8 101.1 204.4 199.4 80
2021008011 0.131 47.2 88.1 238.4 208.9 80
2021008011 0.131 71.6 113.6 294.6 230.1 80
2021008011 0.131 330.1 318.1 465.5 336.0 80
2021008011 0.130 159.9 118.7 413.7 275.4 80
2021008011 0.130 143.7 287.7 270.7 327.5 80
2021008011 0.129 397.7 309.2 498.1 331.3 80
2021008011 0.129 -6.8 123.1 223.7 242.8 80
2021008011 0.129 83.8 159.8 315.7 279.4 80
2021008011 0.128 201.8 82.6 420.1 253.8 80
2021008011 0.127 260.5 124.7 416.9 263.4 80
2021008011 0.125 -13.3 86.2 193.4 214.5 80
2021008011 0.125 8.6 44.7 337.5 161.7 80
2021008011 0.125 37.0 114.5 212.3 210.9 80
2021008011 0.125 50.8 317.6 158.8 335.4 80
2021008011 0.124 119.8 315.7 221.4 334.6 80
2021008011 0.124 208.5 292.9 344.1 326.9 80
2021008011 0.123 212.8 194.1 273.4 243.3 80
2021008011 0.123 117.8 126.7 248.2 216.0 80
2021008011 0.123 172.9 312.9 324.0 332.2 80
2021008011 0.122 125.9 148.2 330.1 248.4 80
2021008011 0.120 20.8 296.7 104.0 329.8 80
2021008011 0.119 266.3 313.1 395.4 333.3 80
2021008011 0.118 231.8 107.0 488.2 235.1 80
2021008011 0.118 59.8 34.4 391.5 134.6 80
2021008011 0.115 -65.4 49.6 259.2 150.5 80
2021008011 0.113 -4.1 50.0 381.8 185.1 80
2021008011 0.112 103.7 107.1 340.9 204.1 80
2021008011 0.112 -102.5 71.7 255.4 167.6 80
2021008011 0.110 89.6 63.7 432.2 176.8 80
2021008011 0.106 111.1 14.8 577.8 117.5 80
2021008011 0.106 173.2 56.2 627.8 172.4 80
2021008011 0.104 -169.7 14.0 266.6 63.6 80
2021008011 0.104 230.3 40.1 664.1 170.4 80
2021008011 0.103 -31.5 -8.6 467.5 21.2 80
2021008011 0.102 139.3 4.7 636.4 64.9 80
2021008011 0.101 39.6 -0.7 536.4 59.9 80
2021008011 0.101 74.4 -4.4 567.9 43.9 80
2021008011 0.098 184.2 1.4 683.2 38.4 80
2021008011 0.098 -84.0 -8.6 415.0 27.5 80
2021008011 0.098 224.5 4.6 722.4 37.9 80
2021008011 0.094 124.6 -4.3 623.6 23.0 80
2021008011 0.092 -181.0 -2.5 318.0 21.5 80
2021008011 0.091 205.3 -3.7 704.3 18.5 80
2021008011 0.090 -215.9 -1.8 282.1 19.6 80
2021008011 0.089 -133.3 -2.8 365.7 19.7 80
2021008011 0.000 0.8 39.6 103.7 219.9 80
2021008011 0.000 245.1 64.6 370.2 203.1 80
2021008011 0.000 203.1 44.4 266.1 106.7 80
2021008011 0.000 256.6 123.7 316.4 182.9 80
2021008011 0.000 372.7 97.3 484.8 238.7 80
2021008011 0.000 45.9 193.6 106.8 256.8 80
2021008011 0.000 83.8 105.7 144.8 167.7 80
2021008011 0.000 133.1 93.5 218.1 194.0 80
2021008011 0.000 390.5 85.7 458.7 145.2 80
2021008011 0.000 453.6 114.4 499.6 187.5 80
2021008011 0.000 213.4 101.7 273.6 161.0 80
2021008011 0.000 141.4 73.2 202.4 136.6 80
2021008011 0.000 22.0 26.3 202.7 174.0 80
2021008011 0.000 325.8 10.5 494.5 170.4 80
2021008011 0.000 1.5 179.1 48.0 253.0 80
2021008011 0.000 162.0 29.1 299.4 188.1 80
2021008011 0.000 349.9 130.4 409.9 189.0 80
2021008011 0.000 219.9 213.4 281.0 299.7 80
2021008011 0.000 90.6 167.7 149.2 226.6 80
2021008011 0.000 314.7 90.6 375.2 149.9 80
2021008011 0.000 357.4 176.8 415.0 236.3 80
2021008011 0.000 32.4 113.1 167.8 245.7 80
2021008011 0.000 1.0 134.7 47.1 208.2 80
2021008011 0.000 453.4 171.3 499.7 244.6 80
2021008011 0.000 0.5 112.0 102.1 317.8 80
2021008011 0.000 449.1 48.2 499.7 136.2 80
2021008011 0.000 259.7 2.5 324.6 65.8 80
2021008011 0.000 137.6 194.1 201.5 258.6 80
2021008011 0.000 298.6 152.6 359.4 210.5 80
2021008011 0.000 28.5 138.6 93.6 196.8 80
2021008011 0.000 255.4 112.1 363.3 309.4 80
2021008011 0.000 119.1 143.0 232.5 281.2 80
2021008011 0.000 149.8 153.7 210.5 211.6 80
2021008011 0.000 293.1 118.3 480.6 230.7 80
2021008011 0.000 325.6 194.5 382.1 262.6 80
2021008011 0.000 0.7 20.0 51.8 94.1 80
2021008011 0.000 219.9 176.7 278.2 235.5 80
2021008011 0.000 48.8 19.0 377.9 228.3 80
2021008011 0.000 410.2 156.8 474.8 215.0 80
2021008011 0.000 205.3 105.0 317.1 249.4 80
2021008011 0.000 0.7 221.7 58.3 328.6 80
2021008011 0.000 180.1 197.3 238.1 264.5 80
2021008011 0.000 177.0 51.2 471.7 236.8 80
2021008011 0.000 49.5 97.5 281.8 229.4 80
2021008011 0.000 325.8 41.4 402.7 103.4 80
2021008011 0.000 101.1 43.9 244.3 277.4 80
2021008011 0.000 0.3 80.7 51.5 154.3 80
2021008011 0.000 206.3 143.0 267.2 201.4 80
2021008011 0.000 442.7 217.4 499.6 327.4 80
2021008011 0.000 15.1 12.8 486.3 174.5 80
2021008011 0.000 398.5 98.9 499.4 315.8 80
2021008011 0.000 1.5 5.5 282.2 329.9 80
2021008011 0.000 94.9 14.0 401.8 325.0 80
2021008011 0.000 262.6 37.4 424.1 278.3 80
2021008011 0.000 189.1 7.3 402.0 120.4 80
2021008011 0.000 1.1 21.4 146.5 322.8 80
2021008011 0.000 212.9 5.7 497.4 331.0 80
2021008011 0.000 160.6 175.5 349.3 326.9 80
2021008011 0.000 159.4 25.0 350.2 316.2 80
2021008011 0.000 357.7 16.7 501.3 319.9 80
2021008011 0.000 11.5 79.9 225.9 328.5 80
2021008011 0.000 280.6 212.4 336.4 294.2 80
2021008011 0.000 171.4 94.0 308.9 314.0 80
2021008011 0.000 132.8 69.1 366.0 324.4 80
2021008011 0.000 257.5 148.1 363.0 272.1 80
2021008011 0.000 5.0 248.1 130.5 332.4 80
2021008011 0.000 306.3 160.5 481.9 323.9 80
2021008011 0.000 54.0 226.7 278.3 330.9 80
2021008011 0.000 11.7 162.6 185.3 324.9 80
2021008011 0.000 3.3 1.2 410.3 331.1 80
2021008011 0.000 8.2 203.4 491.3 331.4 80
2021008011 0.000 4.9 57.7 361.3 327.9 80
2021008011 0.000 223.1 227.9 472.3 331.4 80
2021008011 0.000 72.1 57.1 444.5 284.5 80
2021008011 0.000 34.1 131.1 327.0 322.2 80
2021008011 0.000 85.7 1.0 494.7 331.0 80
2021008011 0.000 278.1 77.3 486.3 331.0 80
2021008011 0.000 162.7 118.0 345.4 204.8 80
2021008011 0.000 244.5 179.3 298.1 242.7 80
2021008011 0.000 168.6 134.4 451.1 322.0 80
2021008011 0.000 362.2 218.2 494.6 327.3 80
2021008011 0.000 44.5 53.9 117.2 121.5 80
2021008011 0.000 160.2 58.7 492.6 329.0 80
2021008011 0.000 134.9 91.5 359.6 260.9 80
2021008011 0.000 67.7 127.2 402.2 241.5 80
2021008011 0.000 22.5 38.2 474.5 321.3 80
2021008011 0.000 0.6 89.3 498.5 323.8 80
2021008011 0.000 0.8 0.8 499.6 332.2 80
2021008011 0.000 17.2 85.3 483.8 240.0 80
2021008011 0.000 2.5 21.1 497.4 273.2 80
2021008011 0.000 424.3 5.6 498.8 76.0 80
2021008011 0.000 17.2 85.3 483.8 240.0 0
2021008011 0.000 262.6 37.4 424.1 278.3 14
2021008011 0.000 171.4 94.0 308.9 314.0 14
2021008011 0.000 101.1 43.9 244.3 277.4 14
2021008011 0.000 159.4 25.0 350.2 316.2 14
2021008011 0.000 11.5 79.9 225.9 328.5 14
2021008011 0.000 278.1 77.3 486.3 331.0 14
2021008011 0.000 132.8 69.1 366.0 324.4 14
2021008011 0.000 154.2 268.6 238.2 328.2 80
