2021000000292155 0.663 587.0 452.2 637.5 479.3 80
2021000000292155 0.651 628.1 112.9 640.7 218.9 80
2021000000292155 0.627 439.4 446.3 595.6 479.5 80
2021000000292155 0.618 632.3 229.3 639.7 335.3 80
2021000000292155 0.594 266.6 462.3 386.7 478.4 80
2021000000292155 0.580 2.9 21.9 467.1 479.6 80
2021000000292155 0.568 -0.2 172.3 638.1 484.0 80
2021000000292155 0.563 351.0 459.3 538.9 478.0 80
2021000000292155 0.488 409.4 454.6 589.6 478.9 80
2021000000292155 0.472 636.8 272.0 640.1 423.8 80
2021000000292155 0.469 20.6 461.6 636.7 479.9 80
2021000000292155 0.388 635.4 56.2 640.2 324.4 80
2021000000292155 0.317 -1.7 7.0 636.2 472.4 80
2021000000292155 0.315 619.3 17.3 645.7 496.2 80
2021000000292155 0.286 70.4 470.8 211.4 481.4 80
2021000000292155 0.268 0.8 75.5 4.0 227.9 80
2021000000292155 0.253 636.7 103.6 640.6 431.8 80
2021000000292155 0.245 585.4 14.0 646.2 493.0 80
2021000000292155 0.243 0.6 148.3 3.8 338.6 80
2021000000292155 0.240 494.5 457.1 664.1 482.0 80
2021000000292155 0.231 0.7 256.1 4.7 423.0 80
2021000000292155 0.221 0.2 4.4 5.5 98.6 80
2021000000292155 0.218 150.0 470.0 330.4 481.0 80
2021000000292155 0.210 1.1 38.5 8.8 329.2 80
2021000000292155 0.207 1.0 74.6 10.0 428.7 80
2021000000292155 0.198 1.1 18.3 25.0 449.8 80
2021000000292155 0.193 589.8 419.6 656.1 477.0 80
2021000000292155 0.190 -4.5 435.4 35.9 486.4 80
2021000000292155 0.177 270.6 459.5 452.5 478.3 80
2021000000292155 0.176 0.6 265.6 34.1 481.2 80
2021000000292155 0.169 433.1 398.9 639.1 481.5 80
2021000000292155 0.160 523.9 142.4 656.1 475.5 80
2021000000292155 0.156 9.2 61.6 78.7 433.5 80
2021000000292155 0.153 239.9 349.9 581.1 466.8 80
2021000000292155 0.150 463.2 97.1 644.6 467.7 80
2021000000292155 0.148 295.8 295.1 628.6 460.7 80
2021000000292155 0.146 3.2 106.9 81.0 473.1 80
2021000000292155 0.145 106.0 313.6 547.4 455.6 80
2021000000292155 0.142 43.5 276.6 414.3 455.2 80
2021000000292155 0.141 187.5 451.1 362.4 475.4 80
2021000000292155 0.140 42.4 55.0 283.5 429.0 80
2021000000292155 0.140 81.1 433.5 271.3 477.2 80
2021000000292155 0.139 135.0 274.3 519.7 441.4 80
2021000000292155 0.138 8.6 273.5 247.7 466.2 80
2021000000292155 0.137 20.2 447.3 128.1 478.4 80
2021000000292155 0.137 59.6 241.3 468.6 424.3 80
2021000000292155 0.136 377.8 172.0 630.3 438.7 80
2021000000292155 0.132 455.6 50.6 605.5 465.4 80
2021000000292155 0.131 119.1 99.9 509.2 394.3 80
2021000000292155 0.130 61.8 158.3 441.7 392.4 80
2021000000292155 0.130 32.1 182.6 390.9 399.7 80
2021000000292155 0.128 15.2 222.8 343.0 415.5 80
2021000000292155 0.127 273.9 187.8 587.5 397.6 80
2021000000292155 0.127 112.1 200.8 487.4 392.5 80
2021000000292155 0.126 189.9 208.6 543.1 396.0 80
2021000000292155 0.125 19.0 155.1 251.7 406.7 80
2021000000292155 0.125 315.9 86.7 569.7 414.6 80
2021000000292155 0.121 131.3 253.6 226.3 330.8 80
2021000000292155 0.120 35.5 119.9 290.6 379.3 80
2021000000292155 0.120 317.2 275.8 391.6 343.9 80
2021000000292155 0.120 184.0 255.7 279.1 327.3 80
2021000000292155 0.120 379.4 246.8 483.3 328.5 80
2021000000292155 0.119 256.2 262.5 332.3 327.6 80
2021000000292155 0.116 37.0 204.6 222.3 300.4 80
2021000000292155 0.115 249.0 124.8 569.6 210.1 80
2021000000292155 0.115 344.7 135.6 640.5 225.0 80
2021000000292155 0.114 365.7 173.4 571.9 374.8 80
2021000000292155 0.113 -63.0 43.1 148.1 110.1 80
2021000000292155 0.113 226.5 319.0 316.8 378.8 80
2021000000292155 0.113 -21.5 140.3 165.0 233.3 80
2021000000292155 0.113 70.5 78.1 605.2 176.2 80
2021000000292155 0.113 413.4 120.5 679.5 225.5 80
2021000000292155 0.113 153.7 82.0 562.3 163.0 80
2021000000292155 0.112 46.2 64.3 540.4 149.6 80
2021000000292155 0.112 -5.4 52.4 472.6 131.4 80
2021000000292155 0.108 540.2 95.0 665.6 218.1 80
2021000000292155 0.108 190.2 22.1 746.9 78.2 80
2021000000292155 0.108 291.0 233.5 503.9 361.3 80
2021000000292155 0.107 137.3 278.2 294.7 371.1 80
2021000000292155 0.107 248.0 13.4 810.4 59.5 80
2021000000292155 0.106 -138.8 9.9 488.1 53.2 80
2021000000292155 0.106 237.6 269.0 421.5 368.1 80
2021000000292155 0.105 -195.6 10.3 432.1 48.3 80
2021000000292155 0.103 283.8 9.4 868.5 51.8 80
2021000000292155 0.102 60.9 2.8 699.9 41.5 80
2021000000292155 0.101 444.6 12.3 795.1 66.7 80
2021000000292155 0.098 -51.9 -2.0 587.1 22.7 80
2021000000292155 0.094 0.8 1.8 639.8 33.7 80
2021000000292155 0.094 -167.5 -3.7 247.2 28.2 80
2021000000292155 0.093 92.8 0.5 731.8 32.9 80
2021000000292155 0.093 -61.8 2.8 577.2 35.9 80
2021000000292155 0.092 -178.2 -0.7 460.7 29.2 80
2021000000292155 0.092 -119.6 1.2 519.4 31.9 80
2021000000292155 0.092 -238.1 2.0 400.7 31.8 80
2021000000292155 0.091 27.1 -3.0 666.1 28.4 80
2021000000292155 0.091 104.6 -3.2 743.6 27.0 80
2021000000292155 0.090 200.5 -1.2 839.5 30.7 80
2021000000292155 0.090 155.4 1.0 794.4 33.3 80
2021000000292155 0.090 260.3 -2.2 899.3 29.0 80
2021000000292155 0.089 300.4 0.2 939.3 32.1 80
2021000000292155 0.663 587.0 452.2 637.5 479.3 80
2021000000292155 0.651 628.1 112.9 640.7 218.9 80
2021000000292155 0.627 439.4 446.3 595.6 479.5 80
2021000000292155 0.618 632.3 229.3 639.7 335.3 80
2021000000292155 0.594 266.6 462.3 386.7 478.4 80
2021000000292155 0.580 2.9 21.9 467.1 479.6 80
2021000000292155 0.568 -0.2 172.3 638.1 484.0 80
2021000000292155 0.563 351.0 459.3 538.9 478.0 80
2021000000292155 0.488 409.4 454.6 589.6 478.9 80
2021000000292155 0.472 636.8 272.0 640.1 423.8 80
2021000000292155 0.469 20.6 461.6 636.7 479.9 80
2021000000292155 0.388 635.4 56.2 640.2 324.4 80
2021000000292155 0.317 -1.7 7.0 636.2 472.4 80
2021000000292155 0.315 619.3 17.3 645.7 496.2 80
2021000000292155 0.286 70.4 470.8 211.4 481.4 80
2021000000292155 0.268 0.8 75.5 4.0 227.9 80
2021000000292155 0.253 636.7 103.6 640.6 431.8 80
2021000000292155 0.245 585.4 14.0 646.2 493.0 80
2021000000292155 0.243 0.6 148.3 3.8 338.6 80
2021000000292155 0.240 494.5 457.1 664.1 482.0 80
2021000000292155 0.231 0.7 256.1 4.7 423.0 80
2021000000292155 0.221 0.2 4.4 5.5 98.6 80
2021000000292155 0.218 150.0 470.0 330.4 481.0 80
2021000000292155 0.210 1.1 38.5 8.8 329.2 80
2021000000292155 0.207 1.0 74.6 10.0 428.7 80
2021000000292155 0.198 1.1 18.3 25.0 449.8 80
2021000000292155 0.193 589.8 419.6 656.1 477.0 80
2021000000292155 0.190 -4.5 435.4 35.9 486.4 80
2021000000292155 0.177 270.6 459.5 452.5 478.3 80
2021000000292155 0.176 0.6 265.6 34.1 481.2 80
2021000000292155 0.169 433.1 398.9 639.1 481.5 80
2021000000292155 0.160 523.9 142.4 656.1 475.5 80
2021000000292155 0.156 9.2 61.6 78.7 433.5 80
2021000000292155 0.153 239.9 349.9 581.1 466.8 80
2021000000292155 0.150 463.2 97.1 644.6 467.7 80
2021000000292155 0.148 295.8 295.1 628.6 460.7 80
2021000000292155 0.146 3.2 106.9 81.0 473.1 80
2021000000292155 0.145 106.0 313.6 547.4 455.6 80
2021000000292155 0.142 43.5 276.6 414.3 455.2 80
2021000000292155 0.141 187.5 451.1 362.4 475.4 80
2021000000292155 0.140 42.4 55.0 283.5 429.0 80
2021000000292155 0.140 81.1 433.5 271.3 477.2 80
2021000000292155 0.139 135.0 274.3 519.7 441.4 80
2021000000292155 0.138 8.6 273.5 247.7 466.2 80
2021000000292155 0.137 20.2 447.3 128.1 478.4 80
2021000000292155 0.137 59.6 241.3 468.6 424.3 80
2021000000292155 0.136 377.8 172.0 630.3 438.7 80
2021000000292155 0.132 455.6 50.6 605.5 465.4 80
2021000000292155 0.131 119.1 99.9 509.2 394.3 80
2021000000292155 0.130 61.8 158.3 441.7 392.4 80
2021000000292155 0.130 32.1 182.6 390.9 399.7 80
2021000000292155 0.128 15.2 222.8 343.0 415.5 80
2021000000292155 0.127 273.9 187.8 587.5 397.6 80
2021000000292155 0.127 112.1 200.8 487.4 392.5 80
2021000000292155 0.126 189.9 208.6 543.1 396.0 80
2021000000292155 0.125 19.0 155.1 251.7 406.7 80
2021000000292155 0.125 315.9 86.7 569.7 414.6 80
2021000000292155 0.121 131.3 253.6 226.3 330.8 80
2021000000292155 0.120 35.5 119.9 290.6 379.3 80
2021000000292155 0.120 317.2 275.8 391.6 343.9 80
2021000000292155 0.120 184.0 255.7 279.1 327.3 80
2021000000292155 0.120 379.4 246.8 483.3 328.5 80
2021000000292155 0.119 256.2 262.5 332.3 327.6 80
2021000000292155 0.116 37.0 204.6 222.3 300.4 80
2021000000292155 0.115 249.0 124.8 569.6 210.1 80
2021000000292155 0.115 344.7 135.6 640.5 225.0 80
2021000000292155 0.114 365.7 173.4 571.9 374.8 80
2021000000292155 0.113 -63.0 43.1 148.1 110.1 80
2021000000292155 0.113 226.5 319.0 316.8 378.8 80
2021000000292155 0.113 -21.5 140.3 165.0 233.3 80
2021000000292155 0.113 70.5 78.1 605.2 176.2 80
2021000000292155 0.113 413.4 120.5 679.5 225.5 80
2021000000292155 0.113 153.7 82.0 562.3 163.0 80
2021000000292155 0.112 46.2 64.3 540.4 149.6 80
2021000000292155 0.112 -5.4 52.4 472.6 131.4 80
2021000000292155 0.108 540.2 95.0 665.6 218.1 80
2021000000292155 0.108 190.2 22.1 746.9 78.2 80
2021000000292155 0.108 291.0 233.5 503.9 361.3 80
2021000000292155 0.107 137.3 278.2 294.7 371.1 80
2021000000292155 0.107 248.0 13.4 810.4 59.5 80
2021000000292155 0.106 -138.8 9.9 488.1 53.2 80
2021000000292155 0.106 237.6 269.0 421.5 368.1 80
2021000000292155 0.105 -195.6 10.3 432.1 48.3 80
2021000000292155 0.103 283.8 9.4 868.5 51.8 80
2021000000292155 0.102 60.9 2.8 699.9 41.5 80
2021000000292155 0.101 444.6 12.3 795.1 66.7 80
2021000000292155 0.098 -51.9 -2.0 587.1 22.7 80
2021000000292155 0.094 0.8 1.8 639.8 33.7 80
2021000000292155 0.094 -167.5 -3.7 247.2 28.2 80
2021000000292155 0.093 92.8 0.5 731.8 32.9 80
2021000000292155 0.093 -61.8 2.8 577.2 35.9 80
2021000000292155 0.092 -178.2 -0.7 460.7 29.2 80
2021000000292155 0.092 -119.6 1.2 519.4 31.9 80
2021000000292155 0.092 -238.1 2.0 400.7 31.8 80
2021000000292155 0.091 27.1 -3.0 666.1 28.4 80
2021000000292155 0.091 104.6 -3.2 743.6 27.0 80
2021000000292155 0.090 200.5 -1.2 839.5 30.7 80
2021000000292155 0.090 155.4 1.0 794.4 33.3 80
2021000000292155 0.090 260.3 -2.2 899.3 29.0 80
2021000000292155 0.089 300.4 0.2 939.3 32.1 80
2021000000292155 0.000 309.5 93.5 477.1 291.4 80
2021000000292155 0.000 0.9 54.9 132.5 317.2 80
2021000000292155 0.000 183.6 173.7 269.1 259.1 80
2021000000292155 0.000 270.3 142.8 352.4 227.9 80
2021000000292155 0.000 474.6 139.5 622.4 344.0 80
2021000000292155 0.000 327.1 176.3 405.8 261.8 80
2021000000292155 0.000 200.2 40.0 389.1 270.9 80
2021000000292155 0.000 57.9 278.5 137.4 369.8 80
2021000000292155 0.000 174.2 105.0 265.7 193.9 80
2021000000292155 0.000 104.1 150.3 188.1 238.7 80
2021000000292155 0.000 253.0 66.1 348.6 153.4 80
2021000000292155 0.000 580.3 164.1 639.5 270.3 80
2021000000292155 0.000 496.1 124.2 591.0 210.2 80
2021000000292155 0.000 446.0 185.7 526.1 270.2 80
2021000000292155 0.000 174.9 279.1 258.3 374.7 80
2021000000292155 0.000 24.7 33.1 264.3 249.3 80
2021000000292155 0.000 1.6 257.4 61.5 364.8 80
2021000000292155 0.000 381.1 218.2 460.6 302.3 80
2021000000292155 0.000 580.1 246.6 639.5 352.7 80
2021000000292155 0.000 455.8 252.8 532.1 340.1 80
2021000000292155 0.000 401.0 128.9 481.6 214.7 80
2021000000292155 0.000 414.3 10.4 635.7 245.5 80
2021000000292155 0.000 367.7 169.8 621.8 329.9 80
2021000000292155 0.000 262.9 204.7 342.1 288.5 80
2021000000292155 0.000 0.8 160.8 130.7 458.1 80
2021000000292155 0.000 42.4 162.8 213.5 354.3 80
2021000000292155 0.000 1.0 193.6 60.2 300.2 80
2021000000292155 0.000 114.8 240.1 191.7 325.0 80
2021000000292155 0.000 574.5 68.9 639.7 196.4 80
2021000000292155 0.000 150.7 207.0 298.4 405.1 80
2021000000292155 0.000 278.8 322.1 366.9 424.9 80
2021000000292155 0.000 190.8 220.1 269.9 304.2 80
2021000000292155 0.000 524.6 225.8 607.8 310.2 80
2021000000292155 0.000 34.3 198.2 121.5 282.7 80
2021000000292155 0.000 414.3 279.0 491.7 377.7 80
2021000000292155 0.000 259.2 149.1 408.4 353.2 80
2021000000292155 0.000 227.0 72.1 603.2 342.2 80
2021000000292155 0.000 322.7 158.4 469.5 445.3 80
2021000000292155 0.000 0.3 115.4 65.7 222.4 80
2021000000292155 0.000 0.6 27.9 66.3 135.7 80
2021000000292155 0.000 59.2 138.1 364.3 331.4 80
2021000000292155 0.000 129.1 64.4 313.7 405.8 80
2021000000292155 0.000 326.8 4.4 421.7 93.9 80
2021000000292155 0.000 413.0 60.5 519.9 148.9 80
2021000000292155 0.000 55.1 27.1 491.3 330.7 80
2021000000292155 0.000 0.6 319.1 74.7 473.3 80
2021000000292155 0.000 228.3 281.8 304.6 384.6 80
2021000000292155 0.000 566.4 313.4 639.5 471.7 80
2021000000292155 0.000 510.0 145.0 639.5 455.1 80
2021000000292155 0.000 13.2 13.3 629.1 255.5 80
2021000000292155 0.000 330.7 54.0 548.1 398.2 80
2021000000292155 0.000 114.9 21.3 522.3 466.7 80
2021000000292155 0.000 327.6 216.2 468.0 386.5 80
2021000000292155 0.000 -3.3 6.7 366.2 475.7 80
2021000000292155 0.000 10.1 113.6 294.0 473.7 80
2021000000292155 0.000 0.6 29.0 187.7 465.4 80
2021000000292155 0.000 272.5 7.6 636.2 477.0 80
2021000000292155 0.000 167.6 100.1 471.2 467.9 80
2021000000292155 0.000 199.6 258.0 449.4 472.8 80
2021000000292155 0.000 217.7 135.9 397.2 452.2 80
2021000000292155 0.000 196.0 26.6 455.0 461.9 80
2021000000292155 0.000 457.4 22.9 641.1 462.3 80
2021000000292155 0.000 87.7 86.9 572.7 411.4 80
2021000000292155 0.000 226.3 10.3 534.9 162.7 80
2021000000292155 0.000 55.5 326.0 370.6 478.2 80
2021000000292155 0.000 2.7 87.3 468.6 472.6 80
2021000000292155 0.000 6.3 357.0 167.0 479.1 80
2021000000292155 0.000 15.1 234.0 237.0 468.2 80
2021000000292155 0.000 390.5 230.2 617.4 467.3 80
2021000000292155 0.000 281.3 254.4 356.3 338.8 80
2021000000292155 0.000 30.8 187.0 432.8 466.7 80
2021000000292155 0.000 2.9 1.4 528.4 477.4 80
2021000000292155 0.000 192.8 167.8 455.2 292.6 80
2021000000292155 0.000 350.8 109.9 628.0 477.5 80
2021000000292155 0.000 3.6 292.2 634.8 479.2 80
2021000000292155 0.000 282.2 329.1 607.6 478.1 80
2021000000292155 0.000 107.9 1.1 635.1 477.3 80
2021000000292155 0.000 202.7 86.5 633.6 475.1 80
2021000000292155 0.000 201.8 192.4 593.0 467.1 80
2021000000292155 0.000 463.8 313.5 632.7 472.2 80
2021000000292155 0.000 56.5 77.3 150.1 175.0 80
2021000000292155 0.000 166.0 130.1 468.3 376.3 80
2021000000292155 0.000 28.3 55.2 611.2 469.2 80
2021000000292155 0.000 76.8 181.9 524.2 348.1 80
2021000000292155 0.000 0.2 128.8 638.7 469.2 80
2021000000292155 0.000 312.1 258.2 382.3 350.5 80
2021000000292155 0.000 15.9 120.9 627.0 347.9 80
2021000000292155 0.000 0.8 0.1 639.6 478.6 80
2021000000292155 0.000 1.4 23.1 638.5 396.5 80
2021000000292155 0.000 366.2 320.1 436.2 408.4 80
2021000000292155 0.000 542.7 7.6 638.5 109.6 80
2021000000292155 0.000 15.9 120.9 627.0 347.9 0
2021000000292155 0.000 0.8 0.1 639.6 478.6 7
2021000000292155 0.000 10.1 113.6 294.0 473.7 14
2021000000292155 0.000 330.7 54.0 548.1 398.2 14
2021000000292155 0.000 129.1 64.4 313.7 405.8 14
2021000000292155 0.000 217.7 135.9 397.2 452.2 14
2021000000292155 0.000 350.8 109.9 628.0 477.5 14
2021000000292155 0.000 196.0 26.6 455.0 461.9 14
2021000000292155 0.000 272.5 7.6 636.2 477.0 14
