2021000000571893 0.723 28.5 134.1 150.1 243.3 80
2021000000571893 0.713 449.2 93.5 531.4 208.3 80
2021000000571893 0.686 301.7 103.7 335.1 147.7 80
2021000000571893 0.678 595.3 389.7 636.7 428.4 80
2021000000571893 0.675 -12.2 84.3 265.8 383.7 80
2021000000571893 0.672 25.1 134.8 155.1 240.0 80
2021000000571893 0.668 10.5 118.1 96.3 249.3 80
2021000000571893 0.658 464.1 403.4 558.9 427.2 80
2021000000571893 0.641 443.4 91.0 530.8 210.0 80
2021000000571893 0.629 7.3 133.1 100.0 211.5 80
2021000000571893 0.620 2.7 124.8 123.1 394.4 80
2021000000571893 0.615 296.7 109.5 312.4 143.0 80
2021000000571893 0.598 10.1 103.7 131.3 399.4 80
2021000000571893 0.598 14.2 107.8 160.5 394.6 80
2021000000571893 0.591 3.2 133.1 17.6 180.8 80
2021000000571893 0.582 -22.1 81.2 379.8 389.5 80
2021000000571893 0.567 1.2 217.0 109.6 393.8 80
2021000000571893 0.532 8.7 159.7 111.3 398.4 80
2021000000571893 0.527 6.8 120.0 155.3 247.5 80
2021000000571893 0.498 636.1 172.2 639.9 289.2 80
2021000000571893 0.477 444.9 91.3 524.1 220.5 80
2021000000571893 0.462 340.0 408.7 524.8 428.0 80
2021000000571893 0.448 637.3 260.5 640.1 368.2 80
2021000000571893 0.424 638.1 80.1 640.1 169.0 80
2021000000571893 0.376 325.4 111.9 358.7 152.8 80
2021000000571893 0.359 2.8 118.5 153.1 241.7 80
2021000000571893 0.285 23.9 169.4 157.7 249.2 80
2021000000571893 0.265 636.5 103.8 640.7 382.7 80
2021000000571893 0.260 196.9 417.0 471.2 428.9 80
2021000000571893 0.232 0.5 236.9 5.2 385.7 80
2021000000571893 0.228 444.9 91.3 524.1 220.5 15
2021000000571893 0.226 638.8 65.1 640.3 245.8 80
2021000000571893 0.225 -0.1 100.5 4.6 304.5 80
2021000000571893 0.216 0.0 8.6 6.6 97.9 80
2021000000571893 0.215 630.7 41.7 641.4 443.9 80
2021000000571893 0.212 82.0 264.6 548.8 407.6 80
2021000000571893 0.179 614.7 327.9 649.2 422.5 80
2021000000571893 0.178 390.8 392.0 571.8 430.7 80
2021000000571893 0.165 505.5 406.0 639.6 427.3 80
2021000000571893 0.163 575.5 129.6 644.4 402.0 80
2021000000571893 0.153 -10.0 360.6 51.1 445.8 80
2021000000571893 0.151 436.8 288.4 636.8 426.7 80
2021000000571893 0.148 200.6 410.7 421.6 427.7 80
2021000000571893 0.147 77.4 360.2 237.2 430.3 80
2021000000571893 0.143 93.5 102.1 527.0 324.8 80
2021000000571893 0.142 22.1 372.4 97.8 430.1 80
2021000000571893 0.142 456.3 110.4 644.0 392.1 80
2021000000571893 0.139 566.9 165.8 621.2 421.8 80
2021000000571893 0.136 14.7 209.3 204.6 404.5 80
2021000000571893 0.136 173.4 379.7 350.5 423.1 80
2021000000571893 0.135 240.9 250.6 564.4 397.5 80
2021000000571893 0.134 260.5 387.0 431.4 422.9 80
2021000000571893 0.134 377.0 161.2 621.7 376.0 80
2021000000571893 0.133 149.1 409.3 284.8 429.9 80
2021000000571893 0.133 124.9 209.2 513.3 357.8 80
2021000000571893 0.133 87.5 242.5 389.2 359.1 80
2021000000571893 0.133 33.3 193.5 294.7 360.7 80
2021000000571893 0.132 314.0 234.6 598.0 389.6 80
2021000000571893 0.131 152.8 241.7 494.0 383.8 80
2021000000571893 0.131 165.8 305.6 235.0 344.1 80
2021000000571893 0.130 64.6 409.1 188.6 431.2 80
2021000000571893 0.130 56.4 191.8 340.5 329.9 80
2021000000571893 0.129 78.1 255.8 352.5 382.6 80
2021000000571893 0.129 134.7 122.6 481.6 314.9 80
2021000000571893 0.128 44.5 168.7 188.5 244.5 80
2021000000571893 0.127 290.3 169.0 568.5 346.3 80
2021000000571893 0.126 132.9 185.9 460.7 336.9 80
2021000000571893 0.126 205.7 189.8 520.3 344.7 80
2021000000571893 0.125 417.7 266.5 494.0 348.6 80
2021000000571893 0.123 185.7 240.7 254.6 289.7 80
2021000000571893 0.122 2.8 118.5 153.1 241.7 6
2021000000571893 0.121 433.6 194.8 540.5 284.3 80
2021000000571893 0.120 103.7 194.4 372.2 315.1 80
2021000000571893 0.116 259.0 186.2 473.5 263.6 80
2021000000571893 0.116 194.2 164.2 429.5 234.7 80
2021000000571893 0.116 422.5 207.2 562.0 313.6 80
2021000000571893 0.116 223.1 285.1 299.2 330.8 80
2021000000571893 0.115 85.6 126.2 201.7 190.1 80
2021000000571893 0.114 330.1 164.3 578.5 259.5 80
2021000000571893 0.112 443.4 91.0 530.8 210.0 15
2021000000571893 0.112 52.4 95.5 370.4 164.7 80
2021000000571893 0.110 186.3 85.2 636.3 161.1 80
2021000000571893 0.110 2.8 118.5 153.1 241.7 18
2021000000571893 0.110 205.4 193.3 444.2 306.4 80
2021000000571893 0.108 1.2 217.0 109.6 393.8 18
2021000000571893 0.108 67.8 62.7 609.8 146.8 80
2021000000571893 0.108 51.1 62.2 537.9 135.8 80
2021000000571893 0.108 332.6 244.2 469.4 327.2 80
2021000000571893 0.107 244.5 38.5 698.1 112.8 80
2021000000571893 0.105 473.5 60.4 728.0 130.7 80
2021000000571893 0.102 260.1 8.5 880.0 43.3 80
2021000000571893 0.100 95.6 -0.9 734.6 29.7 80
2021000000571893 0.097 -58.9 0.6 580.1 30.5 80
2021000000571893 0.097 299.4 9.1 924.9 38.4 80
2021000000571893 0.095 161.1 -2.9 800.1 25.8 80
2021000000571893 0.094 -234.5 -1.7 404.5 24.9 80
2021000000571893 0.093 -118.3 -0.4 520.5 26.6 80
2021000000571893 0.093 -178.0 -1.2 460.7 26.0 80
2021000000571893 0.093 -49.1 -2.7 589.7 23.7 80
2021000000571893 0.093 -221.8 -3.4 302.9 25.1 80
2021000000571893 0.723 28.5 134.1 150.1 243.3 80
2021000000571893 0.713 449.2 93.5 531.4 208.3 80
2021000000571893 0.686 301.7 103.7 335.1 147.7 80
2021000000571893 0.678 595.3 389.7 636.7 428.4 80
2021000000571893 0.675 -12.2 84.3 265.8 383.7 80
2021000000571893 0.672 25.1 134.8 155.1 240.0 80
2021000000571893 0.668 10.5 118.1 96.3 249.3 80
2021000000571893 0.658 464.1 403.4 558.9 427.2 80
2021000000571893 0.641 443.4 91.0 530.8 210.0 80
2021000000571893 0.629 7.3 133.1 100.0 211.5 80
2021000000571893 0.620 2.7 124.8 123.1 394.4 80
2021000000571893 0.615 296.7 109.5 312.4 143.0 80
2021000000571893 0.598 10.1 103.7 131.3 399.4 80
2021000000571893 0.598 14.2 107.8 160.5 394.6 80
2021000000571893 0.591 3.2 133.1 17.6 180.8 80
2021000000571893 0.582 -22.1 81.2 379.8 389.5 80
2021000000571893 0.567 1.2 217.0 109.6 393.8 80
2021000000571893 0.532 8.7 159.7 111.3 398.4 80
2021000000571893 0.527 6.8 120.0 155.3 247.5 80
2021000000571893 0.498 636.1 172.2 639.9 289.2 80
2021000000571893 0.477 444.9 91.3 524.1 220.5 80
2021000000571893 0.462 340.0 408.7 524.8 428.0 80
2021000000571893 0.448 637.3 260.5 640.1 368.2 80
2021000000571893 0.424 638.1 80.1 640.1 169.0 80
2021000000571893 0.376 325.4 111.9 358.7 152.8 80
2021000000571893 0.359 2.8 118.5 153.1 241.7 80
2021000000571893 0.285 23.9 169.4 157.7 249.2 80
2021000000571893 0.265 636.5 103.8 640.7 382.7 80
2021000000571893 0.260 196.9 417.0 471.2 428.9 80
2021000000571893 0.232 0.5 236.9 5.2 385.7 80
2021000000571893 0.228 444.9 91.3 524.1 220.5 15
2021000000571893 0.226 638.8 65.1 640.3 245.8 80
2021000000571893 0.225 -0.1 100.5 4.6 304.5 80
2021000000571893 0.216 0.0 8.6 6.6 97.9 80
2021000000571893 0.215 630.7 41.7 641.4 443.9 80
2021000000571893 0.212 82.0 264.6 548.8 407.6 80
2021000000571893 0.179 614.7 327.9 649.2 422.5 80
2021000000571893 0.178 390.8 392.0 571.8 430.7 80
2021000000571893 0.165 505.5 406.0 639.6 427.3 80
2021000000571893 0.163 575.5 129.6 644.4 402.0 80
2021000000571893 0.153 -10.0 360.6 51.1 445.8 80
2021000000571893 0.151 436.8 288.4 636.8 426.7 80
2021000000571893 0.148 200.6 410.7 421.6 427.7 80
2021000000571893 0.147 77.4 360.2 237.2 430.3 80
2021000000571893 0.143 93.5 102.1 527.0 324.8 80
2021000000571893 0.142 22.1 372.4 97.8 430.1 80
2021000000571893 0.142 456.3 110.4 644.0 392.1 80
2021000000571893 0.139 566.9 165.8 621.2 421.8 80
2021000000571893 0.136 14.7 209.3 204.6 404.5 80
2021000000571893 0.136 173.4 379.7 350.5 423.1 80
2021000000571893 0.135 240.9 250.6 564.4 397.5 80
2021000000571893 0.134 260.5 387.0 431.4 422.9 80
2021000000571893 0.134 377.0 161.2 621.7 376.0 80
2021000000571893 0.133 149.1 409.3 284.8 429.9 80
2021000000571893 0.133 124.9 209.2 513.3 357.8 80
2021000000571893 0.133 87.5 242.5 389.2 359.1 80
2021000000571893 0.133 33.3 193.5 294.7 360.7 80
2021000000571893 0.132 314.0 234.6 598.0 389.6 80
2021000000571893 0.131 152.8 241.7 494.0 383.8 80
2021000000571893 0.131 165.8 305.6 235.0 344.1 80
2021000000571893 0.130 64.6 409.1 188.6 431.2 80
2021000000571893 0.130 56.4 191.8 340.5 329.9 80
2021000000571893 0.129 78.1 255.8 352.5 382.6 80
2021000000571893 0.129 134.7 122.6 481.6 314.9 80
2021000000571893 0.128 44.5 168.7 188.5 244.5 80
2021000000571893 0.127 290.3 169.0 568.5 346.3 80
2021000000571893 0.126 132.9 185.9 460.7 336.9 80
2021000000571893 0.126 205.7 189.8 520.3 344.7 80
2021000000571893 0.125 417.7 266.5 494.0 348.6 80
2021000000571893 0.123 185.7 240.7 254.6 289.7 80
2021000000571893 0.122 2.8 118.5 153.1 241.7 6
2021000000571893 0.121 433.6 194.8 540.5 284.3 80
2021000000571893 0.120 103.7 194.4 372.2 315.1 80
2021000000571893 0.116 259.0 186.2 473.5 263.6 80
2021000000571893 0.116 194.2 164.2 429.5 234.7 80
2021000000571893 0.116 422.5 207.2 562.0 313.6 80
2021000000571893 0.116 223.1 285.1 299.2 330.8 80
2021000000571893 0.115 85.6 126.2 201.7 190.1 80
2021000000571893 0.114 330.1 164.3 578.5 259.5 80
2021000000571893 0.112 443.4 91.0 530.8 210.0 15
2021000000571893 0.112 52.4 95.5 370.4 164.7 80
2021000000571893 0.110 186.3 85.2 636.3 161.1 80
2021000000571893 0.110 2.8 118.5 153.1 241.7 18
2021000000571893 0.110 205.4 193.3 444.2 306.4 80
2021000000571893 0.108 1.2 217.0 109.6 393.8 18
2021000000571893 0.108 67.8 62.7 609.8 146.8 80
2021000000571893 0.108 51.1 62.2 537.9 135.8 80
2021000000571893 0.108 332.6 244.2 469.4 327.2 80
2021000000571893 0.107 244.5 38.5 698.1 112.8 80
2021000000571893 0.105 473.5 60.4 728.0 130.7 80
2021000000571893 0.102 260.1 8.5 880.0 43.3 80
2021000000571893 0.100 95.6 -0.9 734.6 29.7 80
2021000000571893 0.097 -58.9 0.6 580.1 30.5 80
2021000000571893 0.097 299.4 9.1 924.9 38.4 80
2021000000571893 0.095 161.1 -2.9 800.1 25.8 80
2021000000571893 0.094 -234.5 -1.7 404.5 24.9 80
2021000000571893 0.093 -118.3 -0.4 520.5 26.6 80
2021000000571893 0.093 -178.0 -1.2 460.7 26.0 80
2021000000571893 0.093 -49.1 -2.7 589.7 23.7 80
2021000000571893 0.093 -221.8 -3.4 302.9 25.1 80
2021000000571893 0.723 28.5 134.1 150.1 243.3 80
2021000000571893 0.713 449.2 93.5 531.4 208.3 80
2021000000571893 0.686 301.7 103.7 335.1 147.7 80
2021000000571893 0.678 595.3 389.7 636.7 428.4 80
2021000000571893 0.675 -12.2 84.3 265.8 383.7 80
2021000000571893 0.672 25.1 134.8 155.1 240.0 80
2021000000571893 0.668 10.5 118.1 96.3 249.3 80
2021000000571893 0.658 464.1 403.4 558.9 427.2 80
2021000000571893 0.641 443.4 91.0 530.8 210.0 80
2021000000571893 0.629 7.3 133.1 100.0 211.5 80
2021000000571893 0.620 2.7 124.8 123.1 394.4 80
2021000000571893 0.615 296.7 109.5 312.4 143.0 80
2021000000571893 0.598 10.1 103.7 131.3 399.4 80
2021000000571893 0.598 14.2 107.8 160.5 394.6 80
2021000000571893 0.591 3.2 133.1 17.6 180.8 80
2021000000571893 0.582 -22.1 81.2 379.8 389.5 80
2021000000571893 0.567 1.2 217.0 109.6 393.8 80
2021000000571893 0.532 8.7 159.7 111.3 398.4 80
2021000000571893 0.527 6.8 120.0 155.3 247.5 80
2021000000571893 0.498 636.1 172.2 639.9 289.2 80
2021000000571893 0.477 444.9 91.3 524.1 220.5 80
2021000000571893 0.462 340.0 408.7 524.8 428.0 80
2021000000571893 0.448 637.3 260.5 640.1 368.2 80
2021000000571893 0.424 638.1 80.1 640.1 169.0 80
2021000000571893 0.376 325.4 111.9 358.7 152.8 80
2021000000571893 0.359 2.8 118.5 153.1 241.7 80
2021000000571893 0.285 23.9 169.4 157.7 249.2 80
2021000000571893 0.265 636.5 103.8 640.7 382.7 80
2021000000571893 0.260 196.9 417.0 471.2 428.9 80
2021000000571893 0.232 0.5 236.9 5.2 385.7 80
2021000000571893 0.228 444.9 91.3 524.1 220.5 15
2021000000571893 0.226 638.8 65.1 640.3 245.8 80
2021000000571893 0.225 -0.1 100.5 4.6 304.5 80
2021000000571893 0.216 0.0 8.6 6.6 97.9 80
2021000000571893 0.215 630.7 41.7 641.4 443.9 80
2021000000571893 0.212 82.0 264.6 548.8 407.6 80
2021000000571893 0.179 614.7 327.9 649.2 422.5 80
2021000000571893 0.178 390.8 392.0 571.8 430.7 80
2021000000571893 0.165 505.5 406.0 639.6 427.3 80
2021000000571893 0.163 575.5 129.6 644.4 402.0 80
2021000000571893 0.153 -10.0 360.6 51.1 445.8 80
2021000000571893 0.151 436.8 288.4 636.8 426.7 80
2021000000571893 0.148 200.6 410.7 421.6 427.7 80
2021000000571893 0.147 77.4 360.2 237.2 430.3 80
2021000000571893 0.143 93.5 102.1 527.0 324.8 80
2021000000571893 0.142 22.1 372.4 97.8 430.1 80
2021000000571893 0.142 456.3 110.4 644.0 392.1 80
2021000000571893 0.139 566.9 165.8 621.2 421.8 80
2021000000571893 0.136 14.7 209.3 204.6 404.5 80
2021000000571893 0.136 173.4 379.7 350.5 423.1 80
2021000000571893 0.135 240.9 250.6 564.4 397.5 80
2021000000571893 0.134 260.5 387.0 431.4 422.9 80
2021000000571893 0.134 377.0 161.2 621.7 376.0 80
2021000000571893 0.133 149.1 409.3 284.8 429.9 80
2021000000571893 0.133 124.9 209.2 513.3 357.8 80
2021000000571893 0.133 87.5 242.5 389.2 359.1 80
2021000000571893 0.133 33.3 193.5 294.7 360.7 80
2021000000571893 0.132 314.0 234.6 598.0 389.6 80
2021000000571893 0.131 152.8 241.7 494.0 383.8 80
2021000000571893 0.131 165.8 305.6 235.0 344.1 80
2021000000571893 0.130 64.6 409.1 188.6 431.2 80
2021000000571893 0.130 56.4 191.8 340.5 329.9 80
2021000000571893 0.129 78.1 255.8 352.5 382.6 80
2021000000571893 0.129 134.7 122.6 481.6 314.9 80
2021000000571893 0.128 44.5 168.7 188.5 244.5 80
2021000000571893 0.127 290.3 169.0 568.5 346.3 80
2021000000571893 0.126 132.9 185.9 460.7 336.9 80
2021000000571893 0.126 205.7 189.8 520.3 344.7 80
2021000000571893 0.125 417.7 266.5 494.0 348.6 80
2021000000571893 0.123 185.7 240.7 254.6 289.7 80
2021000000571893 0.122 2.8 118.5 153.1 241.7 6
2021000000571893 0.121 433.6 194.8 540.5 284.3 80
2021000000571893 0.120 103.7 194.4 372.2 315.1 80
2021000000571893 0.116 259.0 186.2 473.5 263.6 80
2021000000571893 0.116 194.2 164.2 429.5 234.7 80
2021000000571893 0.116 422.5 207.2 562.0 313.6 80
2021000000571893 0.116 223.1 285.1 299.2 330.8 80
2021000000571893 0.115 85.6 126.2 201.7 190.1 80
2021000000571893 0.114 330.1 164.3 578.5 259.5 80
2021000000571893 0.112 443.4 91.0 530.8 210.0 15
2021000000571893 0.112 52.4 95.5 370.4 164.7 80
2021000000571893 0.110 186.3 85.2 636.3 161.1 80
2021000000571893 0.110 2.8 118.5 153.1 241.7 18
2021000000571893 0.110 205.4 193.3 444.2 306.4 80
2021000000571893 0.108 1.2 217.0 109.6 393.8 18
2021000000571893 0.108 67.8 62.7 609.8 146.8 80
2021000000571893 0.108 51.1 62.2 537.9 135.8 80
2021000000571893 0.108 332.6 244.2 469.4 327.2 80
2021000000571893 0.107 244.5 38.5 698.1 112.8 80
2021000000571893 0.105 473.5 60.4 728.0 130.7 80
2021000000571893 0.102 260.1 8.5 880.0 43.3 80
2021000000571893 0.100 95.6 -0.9 734.6 29.7 80
2021000000571893 0.097 -58.9 0.6 580.1 30.5 80
2021000000571893 0.097 299.4 9.1 924.9 38.4 80
2021000000571893 0.095 161.1 -2.9 800.1 25.8 80
2021000000571893 0.094 -234.5 -1.7 404.5 24.9 80
2021000000571893 0.093 -118.3 -0.4 520.5 26.6 80
2021000000571893 0.093 -178.0 -1.2 460.7 26.0 80
2021000000571893 0.093 -49.1 -2.7 589.7 23.7 80
2021000000571893 0.093 -221.8 -3.4 302.9 25.1 80
2021000000571893 0.723 28.5 134.1 150.1 243.3 80
2021000000571893 0.713 449.2 93.5 531.4 208.3 80
2021000000571893 0.686 301.7 103.7 335.1 147.7 80
2021000000571893 0.678 595.3 389.7 636.7 428.4 80
2021000000571893 0.675 -12.2 84.3 265.8 383.7 80
2021000000571893 0.672 25.1 134.8 155.1 240.0 80
2021000000571893 0.668 10.5 118.1 96.3 249.3 80
2021000000571893 0.658 464.1 403.4 558.9 427.2 80
2021000000571893 0.641 443.4 91.0 530.8 210.0 80
2021000000571893 0.629 7.3 133.1 100.0 211.5 80
2021000000571893 0.620 2.7 124.8 123.1 394.4 80
2021000000571893 0.615 296.7 109.5 312.4 143.0 80
2021000000571893 0.598 10.1 103.7 131.3 399.4 80
2021000000571893 0.598 14.2 107.8 160.5 394.6 80
2021000000571893 0.591 3.2 133.1 17.6 180.8 80
2021000000571893 0.582 -22.1 81.2 379.8 389.5 80
2021000000571893 0.567 1.2 217.0 109.6 393.8 80
2021000000571893 0.532 8.7 159.7 111.3 398.4 80
2021000000571893 0.527 6.8 120.0 155.3 247.5 80
2021000000571893 0.498 636.1 172.2 639.9 289.2 80
2021000000571893 0.477 444.9 91.3 524.1 220.5 80
2021000000571893 0.462 340.0 408.7 524.8 428.0 80
2021000000571893 0.448 637.3 260.5 640.1 368.2 80
2021000000571893 0.424 638.1 80.1 640.1 169.0 80
2021000000571893 0.376 325.4 111.9 358.7 152.8 80
2021000000571893 0.359 2.8 118.5 153.1 241.7 80
2021000000571893 0.285 23.9 169.4 157.7 249.2 80
2021000000571893 0.265 636.5 103.8 640.7 382.7 80
2021000000571893 0.260 196.9 417.0 471.2 428.9 80
2021000000571893 0.232 0.5 236.9 5.2 385.7 80
2021000000571893 0.228 444.9 91.3 524.1 220.5 15
2021000000571893 0.226 638.8 65.1 640.3 245.8 80
2021000000571893 0.225 -0.1 100.5 4.6 304.5 80
2021000000571893 0.216 0.0 8.6 6.6 97.9 80
2021000000571893 0.215 630.7 41.7 641.4 443.9 80
2021000000571893 0.212 82.0 264.6 548.8 407.6 80
2021000000571893 0.179 614.7 327.9 649.2 422.5 80
2021000000571893 0.178 390.8 392.0 571.8 430.7 80
2021000000571893 0.165 505.5 406.0 639.6 427.3 80
2021000000571893 0.163 575.5 129.6 644.4 402.0 80
2021000000571893 0.153 -10.0 360.6 51.1 445.8 80
2021000000571893 0.151 436.8 288.4 636.8 426.7 80
2021000000571893 0.148 200.6 410.7 421.6 427.7 80
2021000000571893 0.147 77.4 360.2 237.2 430.3 80
2021000000571893 0.143 93.5 102.1 527.0 324.8 80
2021000000571893 0.142 22.1 372.4 97.8 430.1 80
2021000000571893 0.142 456.3 110.4 644.0 392.1 80
2021000000571893 0.139 566.9 165.8 621.2 421.8 80
2021000000571893 0.136 14.7 209.3 204.6 404.5 80
2021000000571893 0.136 173.4 379.7 350.5 423.1 80
2021000000571893 0.135 240.9 250.6 564.4 397.5 80
2021000000571893 0.134 260.5 387.0 431.4 422.9 80
2021000000571893 0.134 377.0 161.2 621.7 376.0 80
2021000000571893 0.133 149.1 409.3 284.8 429.9 80
2021000000571893 0.133 124.9 209.2 513.3 357.8 80
2021000000571893 0.133 87.5 242.5 389.2 359.1 80
2021000000571893 0.133 33.3 193.5 294.7 360.7 80
2021000000571893 0.132 314.0 234.6 598.0 389.6 80
2021000000571893 0.131 152.8 241.7 494.0 383.8 80
2021000000571893 0.131 165.8 305.6 235.0 344.1 80
2021000000571893 0.130 64.6 409.1 188.6 431.2 80
2021000000571893 0.130 56.4 191.8 340.5 329.9 80
2021000000571893 0.129 78.1 255.8 352.5 382.6 80
2021000000571893 0.129 134.7 122.6 481.6 314.9 80
2021000000571893 0.128 44.5 168.7 188.5 244.5 80
2021000000571893 0.127 290.3 169.0 568.5 346.3 80
2021000000571893 0.126 132.9 185.9 460.7 336.9 80
2021000000571893 0.126 205.7 189.8 520.3 344.7 80
2021000000571893 0.125 417.7 266.5 494.0 348.6 80
2021000000571893 0.123 185.7 240.7 254.6 289.7 80
2021000000571893 0.122 2.8 118.5 153.1 241.7 6
2021000000571893 0.121 433.6 194.8 540.5 284.3 80
2021000000571893 0.120 103.7 194.4 372.2 315.1 80
2021000000571893 0.116 259.0 186.2 473.5 263.6 80
2021000000571893 0.116 194.2 164.2 429.5 234.7 80
2021000000571893 0.116 422.5 207.2 562.0 313.6 80
2021000000571893 0.116 223.1 285.1 299.2 330.8 80
2021000000571893 0.115 85.6 126.2 201.7 190.1 80
2021000000571893 0.114 330.1 164.3 578.5 259.5 80
2021000000571893 0.112 443.4 91.0 530.8 210.0 15
2021000000571893 0.112 52.4 95.5 370.4 164.7 80
2021000000571893 0.110 186.3 85.2 636.3 161.1 80
2021000000571893 0.110 2.8 118.5 153.1 241.7 18
2021000000571893 0.110 205.4 193.3 444.2 306.4 80
2021000000571893 0.108 1.2 217.0 109.6 393.8 18
2021000000571893 0.108 67.8 62.7 609.8 146.8 80
2021000000571893 0.108 51.1 62.2 537.9 135.8 80
2021000000571893 0.108 332.6 244.2 469.4 327.2 80
2021000000571893 0.107 244.5 38.5 698.1 112.8 80
2021000000571893 0.105 473.5 60.4 728.0 130.7 80
2021000000571893 0.102 260.1 8.5 880.0 43.3 80
2021000000571893 0.100 95.6 -0.9 734.6 29.7 80
2021000000571893 0.097 -58.9 0.6 580.1 30.5 80
2021000000571893 0.097 299.4 9.1 924.9 38.4 80
2021000000571893 0.095 161.1 -2.9 800.1 25.8 80
2021000000571893 0.094 -234.5 -1.7 404.5 24.9 80
2021000000571893 0.093 -118.3 -0.4 520.5 26.6 80
2021000000571893 0.093 -178.0 -1.2 460.7 26.0 80
2021000000571893 0.093 -49.1 -2.7 589.7 23.7 80
2021000000571893 0.093 -221.8 -3.4 302.9 25.1 80
2021000000571893 0.000 0.7 50.6 132.8 282.7 80
2021000000571893 0.000 313.4 82.7 473.9 261.0 80
2021000000571893 0.000 259.6 56.8 340.6 137.1 80
2021000000571893 0.000 328.1 158.7 405.0 235.0 80
2021000000571893 0.000 476.8 124.8 620.6 306.8 80
2021000000571893 0.000 58.5 248.5 136.7 330.2 80
2021000000571893 0.000 107.0 135.6 185.4 215.5 80
2021000000571893 0.000 170.1 120.0 279.1 249.3 80
2021000000571893 0.000 499.6 109.9 587.2 186.6 80
2021000000571893 0.000 580.3 146.7 639.5 241.0 80
2021000000571893 0.000 272.9 130.4 350.3 207.0 80
2021000000571893 0.000 180.7 93.8 259.1 175.5 80
2021000000571893 0.000 28.1 33.4 259.1 223.6 80
2021000000571893 0.000 416.8 13.2 632.9 219.0 80
2021000000571893 0.000 1.6 229.9 61.4 325.2 80
2021000000571893 0.000 207.2 37.1 383.3 241.7 80
2021000000571893 0.000 447.6 167.3 524.7 242.9 80
2021000000571893 0.000 281.2 274.0 359.7 385.2 80
2021000000571893 0.000 115.6 215.2 191.0 291.3 80
2021000000571893 0.000 402.5 116.2 480.3 192.7 80
2021000000571893 0.000 457.2 226.9 531.3 303.7 80
2021000000571893 0.000 41.1 145.1 215.0 315.7 80
2021000000571893 0.000 1.0 172.8 60.3 267.5 80
2021000000571893 0.000 580.1 219.9 639.6 314.3 80
2021000000571893 0.000 0.4 143.6 130.7 408.5 80
2021000000571893 0.000 574.5 61.7 639.6 175.0 80
2021000000571893 0.000 332.1 2.9 415.5 84.5 80
2021000000571893 0.000 175.8 249.2 257.9 332.3 80
2021000000571893 0.000 381.9 195.8 460.0 270.6 80
2021000000571893 0.000 36.2 177.8 119.8 252.9 80
2021000000571893 0.000 326.6 143.8 465.0 397.7 80
2021000000571893 0.000 152.2 183.6 297.6 361.5 80
2021000000571893 0.000 191.4 197.2 269.4 272.0 80
2021000000571893 0.000 374.8 151.8 615.2 296.5 80
2021000000571893 0.000 416.4 249.7 489.1 337.5 80
2021000000571893 0.000 0.6 25.4 66.3 121.0 80
2021000000571893 0.000 281.2 226.9 356.1 302.7 80
2021000000571893 0.000 62.2 24.1 483.7 293.4 80
2021000000571893 0.000 524.7 201.3 607.7 276.4 80
2021000000571893 0.000 262.4 134.7 405.9 320.5 80
2021000000571893 0.000 0.6 284.6 74.6 422.4 80
2021000000571893 0.000 230.2 253.4 304.8 339.9 80
2021000000571893 0.000 226.3 65.6 603.8 304.4 80
2021000000571893 0.000 63.1 125.0 360.6 294.8 80
2021000000571893 0.000 416.7 52.9 515.5 132.9 80
2021000000571893 0.000 129.2 56.2 312.7 356.6 80
2021000000571893 0.000 0.1 103.4 65.9 198.3 80
2021000000571893 0.000 263.8 183.5 341.9 258.8 80
2021000000571893 0.000 566.4 279.2 639.5 420.8 80
2021000000571893 0.000 19.0 16.1 622.4 224.3 80
2021000000571893 0.000 509.8 126.9 639.3 405.8 80
2021000000571893 0.000 1.6 6.8 361.3 424.0 80
2021000000571893 0.000 121.2 17.7 514.2 417.7 80
2021000000571893 0.000 335.8 47.8 542.9 357.7 80
2021000000571893 0.000 241.7 9.1 514.7 154.6 80
2021000000571893 0.000 1.2 27.2 187.5 414.9 80
2021000000571893 0.000 205.3 225.3 447.1 420.1 80
2021000000571893 0.000 272.2 7.0 636.7 425.4 80
2021000000571893 0.000 203.8 31.8 448.2 406.4 80
2021000000571893 0.000 14.5 102.4 289.2 422.2 80
2021000000571893 0.000 457.5 21.2 641.7 411.1 80
2021000000571893 0.000 358.9 272.7 430.6 378.1 80
2021000000571893 0.000 219.1 120.5 395.4 403.6 80
2021000000571893 0.000 169.6 88.6 468.5 417.0 80
2021000000571893 0.000 329.3 190.0 464.6 349.8 80
2021000000571893 0.000 6.1 318.6 167.0 427.2 80
2021000000571893 0.000 391.8 206.1 616.9 416.3 80
2021000000571893 0.000 68.8 291.0 356.2 425.3 80
2021000000571893 0.000 14.6 208.8 237.2 417.6 80
2021000000571893 0.000 4.0 1.2 525.2 425.5 80
2021000000571893 0.000 10.2 261.1 628.9 425.9 80
2021000000571893 0.000 5.9 73.9 462.5 421.5 80
2021000000571893 0.000 285.2 292.6 604.5 426.0 80
2021000000571893 0.000 92.0 73.2 568.9 365.6 80
2021000000571893 0.000 43.3 168.2 418.6 414.1 80
2021000000571893 0.000 109.4 1.0 633.2 425.5 80
2021000000571893 0.000 355.6 99.1 622.5 425.5 80
2021000000571893 0.000 208.0 151.3 442.0 263.2 80
2021000000571893 0.000 312.6 230.2 381.5 311.9 80
2021000000571893 0.000 215.5 172.4 577.5 413.9 80
2021000000571893 0.000 463.3 280.2 633.1 420.7 80
2021000000571893 0.000 56.7 69.0 150.0 156.2 80
2021000000571893 0.000 204.8 75.2 630.5 422.9 80
2021000000571893 0.000 172.4 117.3 460.4 335.3 80
2021000000571893 0.000 86.4 163.2 514.8 310.4 80
2021000000571893 0.000 28.5 48.8 607.3 413.0 80
2021000000571893 0.000 0.5 114.6 638.1 416.1 80
2021000000571893 0.000 0.8 0.8 639.5 427.0 80
2021000000571893 0.000 21.6 109.4 619.5 308.6 80
2021000000571893 0.000 2.9 26.8 636.7 351.2 80
2021000000571893 0.000 542.8 6.9 638.4 97.7 80
2021000000571893 0.000 21.6 109.4 619.5 308.6 0
2021000000571893 0.000 335.8 47.8 542.9 357.7 14
2021000000571893 0.000 219.1 120.5 395.4 403.6 14
2021000000571893 0.000 129.2 56.2 312.7 356.6 14
2021000000571893 0.000 203.8 31.8 448.2 406.4 14
2021000000571893 0.000 14.5 102.4 289.2 422.2 14
2021000000571893 0.000 355.6 99.1 622.5 425.5 14
2021000000571893 0.000 169.6 88.6 468.5 417.0 14
2021000000571893 0.000 197.1 345.0 304.9 421.9 80
2021000000571893 0.000 0.7 50.6 132.8 282.7 80
2021000000571893 0.000 313.4 82.7 473.9 261.0 80
2021000000571893 0.000 259.6 56.8 340.6 137.1 80
2021000000571893 0.000 328.1 158.7 405.0 235.0 80
2021000000571893 0.000 476.8 124.8 620.6 306.8 80
2021000000571893 0.000 58.5 248.5 136.7 330.2 80
2021000000571893 0.000 107.0 135.6 185.4 215.5 80
2021000000571893 0.000 170.1 120.0 279.1 249.3 80
2021000000571893 0.000 499.6 109.9 587.2 186.6 80
2021000000571893 0.000 580.3 146.7 639.5 241.0 80
2021000000571893 0.000 272.9 130.4 350.3 207.0 80
2021000000571893 0.000 180.7 93.8 259.1 175.5 80
2021000000571893 0.000 28.1 33.4 259.1 223.6 80
2021000000571893 0.000 416.8 13.2 632.9 219.0 80
2021000000571893 0.000 1.6 229.9 61.4 325.2 80
2021000000571893 0.000 207.2 37.1 383.3 241.7 80
2021000000571893 0.000 447.6 167.3 524.7 242.9 80
2021000000571893 0.000 281.2 274.0 359.7 385.2 80
2021000000571893 0.000 115.6 215.2 191.0 291.3 80
2021000000571893 0.000 402.5 116.2 480.3 192.7 80
2021000000571893 0.000 457.2 226.9 531.3 303.7 80
2021000000571893 0.000 41.1 145.1 215.0 315.7 80
2021000000571893 0.000 1.0 172.8 60.3 267.5 80
2021000000571893 0.000 580.1 219.9 639.6 314.3 80
2021000000571893 0.000 0.4 143.6 130.7 408.5 80
2021000000571893 0.000 574.5 61.7 639.6 175.0 80
2021000000571893 0.000 332.1 2.9 415.5 84.5 80
2021000000571893 0.000 175.8 249.2 257.9 332.3 80
2021000000571893 0.000 381.9 195.8 460.0 270.6 80
2021000000571893 0.000 36.2 177.8 119.8 252.9 80
2021000000571893 0.000 326.6 143.8 465.0 397.7 80
2021000000571893 0.000 152.2 183.6 297.6 361.5 80
2021000000571893 0.000 191.4 197.2 269.4 272.0 80
2021000000571893 0.000 374.8 151.8 615.2 296.5 80
2021000000571893 0.000 416.4 249.7 489.1 337.5 80
2021000000571893 0.000 0.6 25.4 66.3 121.0 80
2021000000571893 0.000 281.2 226.9 356.1 302.7 80
2021000000571893 0.000 62.2 24.1 483.7 293.4 80
2021000000571893 0.000 524.7 201.3 607.7 276.4 80
2021000000571893 0.000 262.4 134.7 405.9 320.5 80
2021000000571893 0.000 0.6 284.6 74.6 422.4 80
2021000000571893 0.000 230.2 253.4 304.8 339.9 80
2021000000571893 0.000 226.3 65.6 603.8 304.4 80
2021000000571893 0.000 63.1 125.0 360.6 294.8 80
2021000000571893 0.000 416.7 52.9 515.5 132.9 80
2021000000571893 0.000 129.2 56.2 312.7 356.6 80
2021000000571893 0.000 0.1 103.4 65.9 198.3 80
2021000000571893 0.000 263.8 183.5 341.9 258.8 80
2021000000571893 0.000 566.4 279.2 639.5 420.8 80
2021000000571893 0.000 19.0 16.1 622.4 224.3 80
2021000000571893 0.000 509.8 126.9 639.3 405.8 80
2021000000571893 0.000 1.6 6.8 361.3 424.0 80
2021000000571893 0.000 121.2 17.7 514.2 417.7 80
2021000000571893 0.000 335.8 47.8 542.9 357.7 80
2021000000571893 0.000 241.7 9.1 514.7 154.6 80
2021000000571893 0.000 1.2 27.2 187.5 414.9 80
2021000000571893 0.000 205.3 225.3 447.1 420.1 80
2021000000571893 0.000 272.2 7.0 636.7 425.4 80
2021000000571893 0.000 203.8 31.8 448.2 406.4 80
2021000000571893 0.000 14.5 102.4 289.2 422.2 80
2021000000571893 0.000 457.5 21.2 641.7 411.1 80
2021000000571893 0.000 358.9 272.7 430.6 378.1 80
2021000000571893 0.000 219.1 120.5 395.4 403.6 80
2021000000571893 0.000 169.6 88.6 468.5 417.0 80
2021000000571893 0.000 329.3 190.0 464.6 349.8 80
2021000000571893 0.000 6.1 318.6 167.0 427.2 80
2021000000571893 0.000 391.8 206.1 616.9 416.3 80
2021000000571893 0.000 68.8 291.0 356.2 425.3 80
2021000000571893 0.000 14.6 208.8 237.2 417.6 80
2021000000571893 0.000 4.0 1.2 525.2 425.5 80
2021000000571893 0.000 10.2 261.1 628.9 425.9 80
2021000000571893 0.000 5.9 73.9 462.5 421.5 80
2021000000571893 0.000 285.2 292.6 604.5 426.0 80
2021000000571893 0.000 92.0 73.2 568.9 365.6 80
2021000000571893 0.000 43.3 168.2 418.6 414.1 80
2021000000571893 0.000 109.4 1.0 633.2 425.5 80
2021000000571893 0.000 355.6 99.1 622.5 425.5 80
2021000000571893 0.000 208.0 151.3 442.0 263.2 80
2021000000571893 0.000 312.6 230.2 381.5 311.9 80
2021000000571893 0.000 215.5 172.4 577.5 413.9 80
2021000000571893 0.000 463.3 280.2 633.1 420.7 80
2021000000571893 0.000 56.7 69.0 150.0 156.2 80
2021000000571893 0.000 204.8 75.2 630.5 422.9 80
2021000000571893 0.000 172.4 117.3 460.4 335.3 80
2021000000571893 0.000 86.4 163.2 514.8 310.4 80
2021000000571893 0.000 28.5 48.8 607.3 413.0 80
2021000000571893 0.000 0.5 114.6 638.1 416.1 80
2021000000571893 0.000 0.8 0.8 639.5 427.0 80
2021000000571893 0.000 21.6 109.4 619.5 308.6 80
2021000000571893 0.000 2.9 26.8 636.7 351.2 80
2021000000571893 0.000 542.8 6.9 638.4 97.7 80
2021000000571893 0.000 21.6 109.4 619.5 308.6 0
2021000000571893 0.000 335.8 47.8 542.9 357.7 14
2021000000571893 0.000 219.1 120.5 395.4 403.6 14
2021000000571893 0.000 129.2 56.2 312.7 356.6 14
2021000000571893 0.000 203.8 31.8 448.2 406.4 14
2021000000571893 0.000 14.5 102.4 289.2 422.2 14
2021000000571893 0.000 355.6 99.1 622.5 425.5 14
2021000000571893 0.000 169.6 88.6 468.5 417.0 14
2021000000571893 0.000 197.1 345.0 304.9 421.9 80
