2021000309 0.702 356.3 2.9 484.3 205.3 80
2021000309 0.697 353.6 7.0 495.8 206.8 80
2021000309 0.684 365.9 2.6 488.1 211.5 80
2021000309 0.681 99.1 165.3 320.9 295.3 2
2021000309 0.670 463.2 344.3 499.8 374.0 80
2021000309 0.669 146.9 168.4 318.0 283.6 80
2021000309 0.654 488.0 114.0 500.5 232.6 80
2021000309 0.638 345.4 12.6 494.5 208.6 80
2021000309 0.635 100.6 167.0 311.5 290.8 80
2021000309 0.634 491.5 69.5 500.6 195.8 80
2021000309 0.627 0.3 271.3 14.9 367.8 80
2021000309 0.623 486.3 87.0 499.2 200.2 80
2021000309 0.617 67.1 165.5 402.5 303.1 80
2021000309 0.615 37.1 327.5 477.6 374.8 80
2021000309 0.606 0.9 334.6 29.5 372.9 80
2021000309 0.601 144.0 335.4 375.3 374.2 80
2021000309 0.592 199.3 333.6 400.1 376.1 80
2021000309 0.592 161.8 171.5 325.5 281.9 80
2021000309 0.577 93.4 163.7 347.1 289.9 80
2021000309 0.573 494.3 214.8 500.2 325.4 80
2021000309 0.567 209.5 338.9 358.8 373.1 80
2021000309 0.528 84.5 163.5 310.0 272.6 80
2021000309 0.498 0.9 104.7 8.6 199.5 80
2021000309 0.474 64.6 350.9 360.6 373.1 80
2021000309 0.428 297.6 361.3 495.0 375.3 80
2021000309 0.362 68.7 170.5 343.0 297.1 80
2021000309 0.331 0.9 113.0 3.9 329.3 80
2021000309 0.281 497.8 105.1 500.2 318.5 80
2021000309 0.255 0.9 8.9 4.2 102.3 80
2021000309 0.243 0.8 17.5 7.4 276.4 80
2021000309 0.242 235.1 223.6 306.3 286.2 80
2021000309 0.234 485.4 -0.2 506.8 18.7 80
2021000309 0.231 1.1 57.2 8.0 347.0 80
2021000309 0.210 479.4 294.6 506.7 368.8 80
2021000309 0.209 125.7 197.3 299.3 274.7 80
2021000309 0.207 31.6 366.0 204.4 376.1 80
2021000309 0.203 255.5 354.2 467.8 373.6 80
2021000309 0.188 0.6 31.9 17.6 335.3 80
2021000309 0.186 0.2 221.1 22.8 375.2 80
2021000309 0.179 213.6 218.8 298.9 282.2 80
2021000309 0.175 228.3 247.9 268.5 282.0 80
2021000309 0.173 479.8 29.2 508.2 391.7 80
2021000309 0.170 460.6 101.9 502.1 356.4 80
2021000309 0.165 85.2 253.5 434.0 369.8 80
2021000309 0.164 389.8 23.4 495.9 394.8 80
2021000309 0.163 101.6 342.9 344.8 374.7 80
2021000309 0.159 171.2 252.2 460.0 360.1 80
2021000309 0.153 321.7 259.3 500.9 368.1 80
2021000309 0.148 49.2 335.7 234.5 374.5 80
2021000309 0.147 157.9 261.1 227.2 304.3 80
2021000309 0.147 86.7 81.0 412.0 287.2 80
2021000309 0.144 393.7 353.7 496.3 373.8 80
2021000309 0.142 8.0 227.6 190.9 360.9 80
2021000309 0.142 115.5 200.3 366.4 310.4 80
2021000309 0.140 217.1 210.6 488.3 345.8 80
2021000309 0.140 46.8 217.1 308.5 343.4 80
2021000309 0.140 3.4 95.5 69.9 363.6 80
2021000309 0.138 13.7 347.9 102.2 373.2 80
2021000309 0.136 413.5 182.4 470.8 221.5 80
2021000309 0.135 268.9 138.9 497.1 329.9 80
2021000309 0.135 283.5 230.8 323.7 265.8 80
2021000309 0.133 -44.9 -0.9 453.7 11.0 80
2021000309 0.132 375.6 151.3 461.3 314.4 80
2021000309 0.129 18.6 196.1 259.3 309.3 80
2021000309 0.129 43.5 185.4 310.4 275.6 80
2021000309 0.127 209.3 155.3 451.8 296.0 80
2021000309 0.127 296.7 234.2 345.0 273.4 80
2021000309 0.127 122.4 233.8 170.5 275.9 80
2021000309 0.125 10.6 147.7 200.7 295.9 80
2021000309 0.123 235.6 191.0 285.9 236.1 80
2021000309 0.122 211.3 122.2 454.9 255.1 80
2021000309 0.120 173.4 244.5 227.4 280.9 80
2021000309 0.119 12.5 127.0 247.1 242.9 80
2021000309 0.118 26.9 204.9 80.8 276.6 80
2021000309 0.116 20.8 143.9 233.3 245.3 80
2021000309 0.114 104.0 114.4 325.9 189.3 80
2021000309 0.114 130.6 134.6 371.4 222.0 80
2021000309 0.113 14.0 149.7 192.7 218.9 80
2021000309 0.112 -48.0 33.0 111.7 83.6 80
2021000309 0.112 -39.8 89.7 157.6 153.2 80
2021000309 0.112 17.6 61.9 338.0 130.8 80
2021000309 0.111 295.6 199.4 422.4 275.4 80
2021000309 0.109 221.0 74.3 562.7 168.3 80
2021000309 0.107 313.6 16.6 642.5 127.8 80
2021000309 0.106 -104.9 8.3 378.4 44.7 80
2021000309 0.106 134.1 17.2 588.4 88.6 80
2021000309 0.105 41.8 0.8 540.2 49.1 80
2021000309 0.103 -156.7 7.3 340.1 34.7 80
2021000309 0.097 1.4 -0.2 500.4 26.6 80
2021000309 0.094 -46.5 0.3 452.5 27.1 80
2021000309 0.093 73.8 -0.7 572.8 25.9 80
2021000309 0.093 -199.9 -2.4 263.9 21.4 80
2021000309 0.093 -139.2 -0.5 359.8 21.6 80
2021000309 0.092 -93.2 1.0 405.8 24.4 80
2021000309 0.092 -185.9 1.7 312.8 24.7 80
2021000309 0.091 21.9 -1.9 520.9 21.6 80
2021000309 0.091 82.2 -1.9 581.2 21.1 80
2021000309 0.089 123.5 0.6 622.5 26.3 80
2021000309 0.089 204.4 -2.3 703.4 22.3 80
2021000309 0.088 160.2 -2.1 659.2 22.1 80
2021000309 0.702 356.3 2.9 484.3 205.3 80
2021000309 0.697 353.6 7.0 495.8 206.8 80
2021000309 0.684 365.9 2.6 488.1 211.5 80
2021000309 0.681 99.1 165.3 320.9 295.3 2
2021000309 0.670 463.2 344.3 499.8 374.0 80
2021000309 0.669 146.9 168.4 318.0 283.6 80
2021000309 0.654 488.0 114.0 500.5 232.6 80
2021000309 0.638 345.4 12.6 494.5 208.6 80
2021000309 0.635 100.6 167.0 311.5 290.8 80
2021000309 0.634 491.5 69.5 500.6 195.8 80
2021000309 0.627 0.3 271.3 14.9 367.8 80
2021000309 0.623 486.3 87.0 499.2 200.2 80
2021000309 0.617 67.1 165.5 402.5 303.1 80
2021000309 0.615 37.1 327.5 477.6 374.8 80
2021000309 0.606 0.9 334.6 29.5 372.9 80
2021000309 0.601 144.0 335.4 375.3 374.2 80
2021000309 0.592 199.3 333.6 400.1 376.1 80
2021000309 0.592 161.8 171.5 325.5 281.9 80
2021000309 0.577 93.4 163.7 347.1 289.9 80
2021000309 0.573 494.3 214.8 500.2 325.4 80
2021000309 0.567 209.5 338.9 358.8 373.1 80
2021000309 0.528 84.5 163.5 310.0 272.6 80
2021000309 0.498 0.9 104.7 8.6 199.5 80
2021000309 0.474 64.6 350.9 360.6 373.1 80
2021000309 0.428 297.6 361.3 495.0 375.3 80
2021000309 0.362 68.7 170.5 343.0 297.1 80
2021000309 0.331 0.9 113.0 3.9 329.3 80
2021000309 0.281 497.8 105.1 500.2 318.5 80
2021000309 0.255 0.9 8.9 4.2 102.3 80
2021000309 0.243 0.8 17.5 7.4 276.4 80
2021000309 0.242 235.1 223.6 306.3 286.2 80
2021000309 0.234 485.4 -0.2 506.8 18.7 80
2021000309 0.231 1.1 57.2 8.0 347.0 80
2021000309 0.210 479.4 294.6 506.7 368.8 80
2021000309 0.209 125.7 197.3 299.3 274.7 80
2021000309 0.207 31.6 366.0 204.4 376.1 80
2021000309 0.203 255.5 354.2 467.8 373.6 80
2021000309 0.188 0.6 31.9 17.6 335.3 80
2021000309 0.186 0.2 221.1 22.8 375.2 80
2021000309 0.179 213.6 218.8 298.9 282.2 80
2021000309 0.175 228.3 247.9 268.5 282.0 80
2021000309 0.173 479.8 29.2 508.2 391.7 80
2021000309 0.170 460.6 101.9 502.1 356.4 80
2021000309 0.165 85.2 253.5 434.0 369.8 80
2021000309 0.164 389.8 23.4 495.9 394.8 80
2021000309 0.163 101.6 342.9 344.8 374.7 80
2021000309 0.159 171.2 252.2 460.0 360.1 80
2021000309 0.153 321.7 259.3 500.9 368.1 80
2021000309 0.148 49.2 335.7 234.5 374.5 80
2021000309 0.147 157.9 261.1 227.2 304.3 80
2021000309 0.147 86.7 81.0 412.0 287.2 80
2021000309 0.144 393.7 353.7 496.3 373.8 80
2021000309 0.142 8.0 227.6 190.9 360.9 80
2021000309 0.142 115.5 200.3 366.4 310.4 80
2021000309 0.140 217.1 210.6 488.3 345.8 80
2021000309 0.140 46.8 217.1 308.5 343.4 80
2021000309 0.140 3.4 95.5 69.9 363.6 80
2021000309 0.138 13.7 347.9 102.2 373.2 80
2021000309 0.136 413.5 182.4 470.8 221.5 80
2021000309 0.135 268.9 138.9 497.1 329.9 80
2021000309 0.135 283.5 230.8 323.7 265.8 80
2021000309 0.133 -44.9 -0.9 453.7 11.0 80
2021000309 0.132 375.6 151.3 461.3 314.4 80
2021000309 0.129 18.6 196.1 259.3 309.3 80
2021000309 0.129 43.5 185.4 310.4 275.6 80
2021000309 0.127 209.3 155.3 451.8 296.0 80
2021000309 0.127 296.7 234.2 345.0 273.4 80
2021000309 0.127 122.4 233.8 170.5 275.9 80
2021000309 0.125 10.6 147.7 200.7 295.9 80
2021000309 0.123 235.6 191.0 285.9 236.1 80
2021000309 0.122 211.3 122.2 454.9 255.1 80
2021000309 0.120 173.4 244.5 227.4 280.9 80
2021000309 0.119 12.5 127.0 247.1 242.9 80
2021000309 0.118 26.9 204.9 80.8 276.6 80
2021000309 0.116 20.8 143.9 233.3 245.3 80
2021000309 0.114 104.0 114.4 325.9 189.3 80
2021000309 0.114 130.6 134.6 371.4 222.0 80
2021000309 0.113 14.0 149.7 192.7 218.9 80
2021000309 0.112 -48.0 33.0 111.7 83.6 80
2021000309 0.112 -39.8 89.7 157.6 153.2 80
2021000309 0.112 17.6 61.9 338.0 130.8 80
2021000309 0.111 295.6 199.4 422.4 275.4 80
2021000309 0.109 221.0 74.3 562.7 168.3 80
2021000309 0.107 313.6 16.6 642.5 127.8 80
2021000309 0.106 -104.9 8.3 378.4 44.7 80
2021000309 0.106 134.1 17.2 588.4 88.6 80
2021000309 0.105 41.8 0.8 540.2 49.1 80
2021000309 0.103 -156.7 7.3 340.1 34.7 80
2021000309 0.097 1.4 -0.2 500.4 26.6 80
2021000309 0.094 -46.5 0.3 452.5 27.1 80
2021000309 0.093 73.8 -0.7 572.8 25.9 80
2021000309 0.093 -199.9 -2.4 263.9 21.4 80
2021000309 0.093 -139.2 -0.5 359.8 21.6 80
2021000309 0.092 -93.2 1.0 405.8 24.4 80
2021000309 0.092 -185.9 1.7 312.8 24.7 80
2021000309 0.091 21.9 -1.9 520.9 21.6 80
2021000309 0.091 82.2 -1.9 581.2 21.1 80
2021000309 0.089 123.5 0.6 622.5 26.3 80
2021000309 0.089 204.4 -2.3 703.4 22.3 80
2021000309 0.088 160.2 -2.1 659.2 22.1 80
2021000309 0.000 242.0 73.2 372.7 227.7 80
2021000309 0.000 0.9 43.1 103.5 247.8 80
2021000309 0.000 143.7 135.9 210.3 202.4 80
2021000309 0.000 211.4 111.8 275.3 178.0 80
2021000309 0.000 371.0 109.2 486.3 268.7 80
2021000309 0.000 255.8 137.9 317.1 204.5 80
2021000309 0.000 156.6 31.4 304.0 211.6 80
2021000309 0.000 45.5 217.8 107.4 288.9 80
2021000309 0.000 136.3 82.3 207.6 151.5 80
2021000309 0.000 81.5 117.6 146.9 186.5 80
2021000309 0.000 197.9 51.8 272.4 119.8 80
2021000309 0.000 453.6 128.4 499.6 211.2 80
2021000309 0.000 387.8 97.3 461.7 164.2 80
2021000309 0.000 348.6 145.3 411.0 211.1 80
2021000309 0.000 136.9 218.3 201.8 292.7 80
2021000309 0.000 19.5 26.1 206.5 194.8 80
2021000309 0.000 1.5 201.3 48.0 285.0 80
2021000309 0.000 297.9 170.7 359.9 236.2 80
2021000309 0.000 453.4 192.9 499.6 275.6 80
2021000309 0.000 356.3 197.7 415.7 265.7 80
2021000309 0.000 313.5 100.9 376.2 167.7 80
2021000309 0.000 323.9 8.3 496.6 191.8 80
2021000309 0.000 287.5 132.8 485.8 257.7 80
2021000309 0.000 205.6 160.1 267.3 225.4 80
2021000309 0.000 0.9 125.8 102.1 357.9 80
2021000309 0.000 33.3 127.4 166.8 276.8 80
2021000309 0.000 1.0 151.5 47.1 234.6 80
2021000309 0.000 89.9 187.8 149.8 253.9 80
2021000309 0.000 449.0 54.1 499.7 153.4 80
2021000309 0.000 117.9 161.9 233.2 316.5 80
2021000309 0.000 218.0 251.8 286.7 331.9 80
2021000309 0.000 149.3 172.2 210.8 237.6 80
2021000309 0.000 410.1 176.6 474.8 242.3 80
2021000309 0.000 27.0 155.1 94.9 220.9 80
2021000309 0.000 323.9 218.2 384.1 295.1 80
2021000309 0.000 202.7 116.7 319.1 275.9 80
2021000309 0.000 177.6 56.6 471.2 267.4 80
2021000309 0.000 252.3 124.0 366.8 347.9 80
2021000309 0.000 0.5 90.4 51.3 173.8 80
2021000309 0.000 0.7 22.0 51.8 106.0 80
2021000309 0.000 46.4 108.1 284.6 258.9 80
2021000309 0.000 101.1 50.5 245.1 317.1 80
2021000309 0.000 255.5 3.7 329.5 73.3 80
2021000309 0.000 322.9 47.5 406.2 116.3 80
2021000309 0.000 43.3 21.4 383.8 258.4 80
2021000309 0.000 0.6 249.6 58.3 369.8 80
2021000309 0.000 178.6 220.3 238.0 300.5 80
2021000309 0.000 442.7 245.1 499.6 368.5 80
2021000309 0.000 398.6 113.5 499.6 355.5 80
2021000309 0.000 10.6 10.6 491.5 199.6 80
2021000309 0.000 258.6 42.4 428.2 311.1 80
2021000309 0.000 90.0 16.9 408.1 364.6 80
2021000309 0.000 256.1 169.2 365.6 301.9 80
2021000309 0.000 -2.4 5.4 286.1 371.6 80
2021000309 0.000 8.1 89.0 229.6 370.1 80
2021000309 0.000 0.7 22.9 146.6 363.6 80
2021000309 0.000 213.1 6.1 497.0 372.7 80
2021000309 0.000 131.2 78.4 368.1 365.5 80
2021000309 0.000 156.2 201.7 351.1 369.4 80
2021000309 0.000 170.3 106.4 310.3 353.3 80
2021000309 0.000 153.4 21.0 355.4 360.9 80
2021000309 0.000 357.6 18.1 500.9 361.1 80
2021000309 0.000 68.8 68.1 447.4 321.4 80
2021000309 0.000 177.0 8.2 417.9 127.1 80
2021000309 0.000 43.6 254.9 289.5 373.6 80
2021000309 0.000 2.3 68.4 366.1 369.3 80
2021000309 0.000 5.1 279.1 130.5 374.3 80
2021000309 0.000 12.0 183.0 185.2 365.8 80
2021000309 0.000 305.3 180.1 482.3 365.0 80
2021000309 0.000 220.0 199.0 278.3 264.7 80
2021000309 0.000 24.3 146.3 338.1 364.6 80
2021000309 0.000 2.5 1.3 412.8 373.0 80
2021000309 0.000 150.8 131.3 355.6 228.6 80
2021000309 0.000 274.3 86.1 490.6 373.1 80
2021000309 0.000 3.0 228.5 496.0 374.4 80
2021000309 0.000 220.7 257.3 474.7 373.5 80
2021000309 0.000 84.5 1.1 496.2 372.9 80
2021000309 0.000 158.6 67.8 495.0 371.2 80
2021000309 0.000 157.9 150.5 463.3 364.9 80
2021000309 0.000 362.6 245.1 494.3 368.9 80
2021000309 0.000 44.4 60.6 117.3 136.8 80
2021000309 0.000 129.9 101.9 365.9 294.0 80
2021000309 0.000 22.3 43.4 477.5 366.6 80
2021000309 0.000 60.2 142.4 409.5 272.0 80
2021000309 0.000 0.4 100.8 499.0 366.5 80
2021000309 0.000 244.0 202.0 298.7 273.9 80
2021000309 0.000 12.6 94.7 489.8 271.8 80
2021000309 0.000 0.8 0.3 499.7 373.9 80
2021000309 0.000 1.3 18.3 498.9 309.8 80
2021000309 0.000 286.3 250.3 340.8 319.0 80
2021000309 0.000 424.2 6.2 498.9 85.7 80
2021000309 0.000 12.6 94.7 489.8 271.8 0
2021000309 0.000 0.8 0.3 499.7 373.9 7
2021000309 0.000 8.1 89.0 229.6 370.1 14
2021000309 0.000 258.6 42.4 428.2 311.1 14
2021000309 0.000 101.1 50.5 245.1 317.1 14
2021000309 0.000 170.3 106.4 310.3 353.3 14
2021000309 0.000 274.3 86.1 490.6 373.1 14
2021000309 0.000 153.4 21.0 355.4 360.9 14
2021000309 0.000 213.1 6.1 497.0 372.7 14
