2021008493 0.735 113.5 38.5 337.5 188.1 11
2021008493 0.696 120.5 51.2 320.9 187.6 80
2021008493 0.682 141.8 11.2 208.2 81.1 8
2021008493 0.674 286.9 12.2 344.0 98.4 8
2021008493 0.674 127.3 37.8 320.5 167.7 80
2021008493 0.661 156.5 28.7 325.1 179.6 80
2021008493 0.660 145.1 14.8 205.5 78.2 80
2021008493 0.659 470.0 304.6 498.1 333.6 80
2021008493 0.634 229.8 24.4 277.3 79.4 80
2021008493 0.632 118.2 20.8 344.7 185.8 80
2021008493 0.631 422.5 3.5 444.7 57.9 80
2021008493 0.631 229.1 28.1 314.4 119.0 80
2021008493 0.629 124.4 17.3 208.6 94.6 80
2021008493 0.628 116.8 37.9 353.3 196.2 80
2021008493 0.626 15.7 10.9 110.4 85.3 80
2021008493 0.617 425.9 6.8 487.9 94.9 80
2021008493 0.612 155.0 18.4 202.4 78.2 80
2021008493 0.609 127.8 36.8 344.6 178.6 80
2021008493 0.604 59.8 12.8 122.1 83.2 80
2021008493 0.603 111.8 51.2 338.6 186.7 80
2021008493 0.602 92.7 10.5 435.1 328.4 80
2021008493 0.590 56.1 11.3 132.1 93.3 80
2021008493 0.588 283.1 17.3 342.5 98.3 80
2021008493 0.571 6.5 22.0 70.3 92.1 80
2021008493 0.569 244.9 24.9 335.3 150.8 80
2021008493 0.554 290.3 8.3 344.6 95.5 80
2021008493 0.547 376.3 13.0 438.4 100.3 80
2021008493 0.546 110.3 45.6 336.0 189.5 80
2021008493 0.546 375.4 5.6 439.1 96.9 8
2021008493 0.545 372.9 21.9 440.7 105.3 80
2021008493 0.540 59.7 7.6 126.2 96.3 8
2021008493 0.513 116.7 58.8 336.5 266.3 80
2021008493 0.504 301.6 16.6 419.4 93.4 80
2021008493 0.496 497.8 35.7 500.2 119.2 80
2021008493 0.486 0.5 5.7 8.2 71.5 80
2021008493 0.468 114.4 62.7 354.5 183.2 80
2021008493 0.451 497.5 185.5 500.3 301.3 80
2021008493 0.443 228.0 30.4 275.8 77.9 11
2021008493 0.440 324.6 27.9 382.3 96.4 80
2021008493 0.429 497.7 89.1 500.2 234.8 80
2021008493 0.406 369.4 7.5 443.9 99.1 8
2021008493 0.363 496.4 -2.0 501.0 34.8 80
2021008493 0.330 5.2 -0.4 52.9 8.7 80
2021008493 0.297 324.6 27.9 382.3 96.4 8
2021008493 0.261 498.5 9.8 500.5 161.3 80
2021008493 0.257 228.0 30.4 275.8 77.9 8
2021008493 0.254 497.2 44.0 500.5 297.1 80
2021008493 0.239 0.7 24.1 3.4 139.7 80
2021008493 0.234 228.0 30.4 275.8 77.9 80
2021008493 0.228 369.4 7.5 443.9 99.1 80
2021008493 0.224 375.4 5.6 439.1 96.9 80
2021008493 0.220 0.4 167.7 4.5 306.4 80
2021008493 0.218 0.5 79.3 3.4 220.5 80
2021008493 0.198 -0.0 42.2 11.6 303.9 80
2021008493 0.187 173.9 323.9 350.3 334.5 80
2021008493 0.177 473.9 257.9 508.7 328.0 80
2021008493 0.172 59.7 7.6 126.2 96.3 80
2021008493 0.170 1.2 168.4 31.1 334.4 80
2021008493 0.169 342.4 322.9 462.0 335.1 80
2021008493 0.168 -3.3 287.2 29.0 339.5 80
2021008493 0.164 442.9 81.2 501.9 319.4 80
2021008493 0.154 121.4 90.1 388.0 288.7 80
2021008493 0.149 331.5 184.4 501.0 326.5 80
2021008493 0.147 360.4 48.7 496.1 336.5 80
2021008493 0.145 369.4 7.5 443.9 99.1 10
2021008493 0.141 13.7 183.8 180.4 325.0 80
2021008493 0.138 132.6 195.2 383.4 321.2 80
2021008493 0.137 65.9 180.5 285.8 313.3 80
2021008493 0.136 112.2 114.0 259.5 183.3 80
2021008493 0.134 188.1 176.3 442.0 309.0 80
2021008493 0.133 307.5 300.3 422.7 328.4 80
2021008493 0.132 276.1 123.8 489.0 285.4 80
2021008493 0.132 75.5 291.0 192.9 328.7 80
2021008493 0.132 3.3 86.5 101.0 313.4 80
2021008493 0.131 230.7 168.6 475.6 300.4 80
2021008493 0.131 84.9 147.8 327.1 291.2 80
2021008493 0.130 139.5 166.1 370.6 297.8 80
2021008493 0.129 154.0 285.8 267.1 326.2 80
2021008493 0.128 -4.0 67.7 26.5 128.2 80
2021008493 0.128 267.8 315.0 383.6 333.5 80
2021008493 0.128 24.6 149.0 246.5 286.7 80
2021008493 0.127 402.2 308.2 493.5 330.7 80
2021008493 0.127 -14.6 49.3 355.6 146.4 80
2021008493 0.126 177.3 312.4 311.5 332.7 80
2021008493 0.126 53.1 318.6 165.6 335.1 80
2021008493 0.125 13.1 112.8 192.8 268.0 80
2021008493 0.125 286.9 12.2 344.0 98.4 80
2021008493 0.125 121.9 315.6 226.2 334.5 80
2021008493 0.125 216.4 293.7 332.6 326.2 80
2021008493 0.122 -1.2 121.3 57.0 229.5 80
2021008493 0.121 21.1 299.1 104.6 329.5 80
2021008493 0.120 117.2 156.1 314.1 208.7 80
2021008493 0.117 173.8 169.0 357.4 267.2 80
2021008493 0.115 450.7 86.8 516.9 242.2 80
2021008493 0.115 290.3 8.3 344.6 95.5 8
2021008493 0.114 251.3 189.2 396.2 265.6 80
2021008493 0.114 -21.2 118.6 299.1 215.2 80
2021008493 0.113 81.4 173.3 243.0 260.6 80
2021008493 0.113 -81.4 25.2 296.6 68.1 80
2021008493 0.113 220.8 12.4 695.0 41.4 80
2021008493 0.735 113.5 38.5 337.5 188.1 11
2021008493 0.696 120.5 51.2 320.9 187.6 80
2021008493 0.682 141.8 11.2 208.2 81.1 8
2021008493 0.674 286.9 12.2 344.0 98.4 8
2021008493 0.674 127.3 37.8 320.5 167.7 80
2021008493 0.661 156.5 28.7 325.1 179.6 80
2021008493 0.660 145.1 14.8 205.5 78.2 80
2021008493 0.659 470.0 304.6 498.1 333.6 80
2021008493 0.634 229.8 24.4 277.3 79.4 80
2021008493 0.632 118.2 20.8 344.7 185.8 80
2021008493 0.631 422.5 3.5 444.7 57.9 80
2021008493 0.631 229.1 28.1 314.4 119.0 80
2021008493 0.629 124.4 17.3 208.6 94.6 80
2021008493 0.628 116.8 37.9 353.3 196.2 80
2021008493 0.626 15.7 10.9 110.4 85.3 80
2021008493 0.617 425.9 6.8 487.9 94.9 80
2021008493 0.612 155.0 18.4 202.4 78.2 80
2021008493 0.609 127.8 36.8 344.6 178.6 80
2021008493 0.604 59.8 12.8 122.1 83.2 80
2021008493 0.603 111.8 51.2 338.6 186.7 80
2021008493 0.602 92.7 10.5 435.1 328.4 80
2021008493 0.590 56.1 11.3 132.1 93.3 80
2021008493 0.588 283.1 17.3 342.5 98.3 80
2021008493 0.571 6.5 22.0 70.3 92.1 80
2021008493 0.569 244.9 24.9 335.3 150.8 80
2021008493 0.554 290.3 8.3 344.6 95.5 80
2021008493 0.547 376.3 13.0 438.4 100.3 80
2021008493 0.546 110.3 45.6 336.0 189.5 80
2021008493 0.546 375.4 5.6 439.1 96.9 8
2021008493 0.545 372.9 21.9 440.7 105.3 80
2021008493 0.540 59.7 7.6 126.2 96.3 8
2021008493 0.513 116.7 58.8 336.5 266.3 80
2021008493 0.504 301.6 16.6 419.4 93.4 80
2021008493 0.496 497.8 35.7 500.2 119.2 80
2021008493 0.486 0.5 5.7 8.2 71.5 80
2021008493 0.468 114.4 62.7 354.5 183.2 80
2021008493 0.451 497.5 185.5 500.3 301.3 80
2021008493 0.443 228.0 30.4 275.8 77.9 11
2021008493 0.440 324.6 27.9 382.3 96.4 80
2021008493 0.429 497.7 89.1 500.2 234.8 80
2021008493 0.406 369.4 7.5 443.9 99.1 8
2021008493 0.363 496.4 -2.0 501.0 34.8 80
2021008493 0.330 5.2 -0.4 52.9 8.7 80
2021008493 0.297 324.6 27.9 382.3 96.4 8
2021008493 0.261 498.5 9.8 500.5 161.3 80
2021008493 0.257 228.0 30.4 275.8 77.9 8
2021008493 0.254 497.2 44.0 500.5 297.1 80
2021008493 0.239 0.7 24.1 3.4 139.7 80
2021008493 0.234 228.0 30.4 275.8 77.9 80
2021008493 0.228 369.4 7.5 443.9 99.1 80
2021008493 0.224 375.4 5.6 439.1 96.9 80
2021008493 0.220 0.4 167.7 4.5 306.4 80
2021008493 0.218 0.5 79.3 3.4 220.5 80
2021008493 0.198 -0.0 42.2 11.6 303.9 80
2021008493 0.187 173.9 323.9 350.3 334.5 80
2021008493 0.177 473.9 257.9 508.7 328.0 80
2021008493 0.172 59.7 7.6 126.2 96.3 80
2021008493 0.170 1.2 168.4 31.1 334.4 80
2021008493 0.169 342.4 322.9 462.0 335.1 80
2021008493 0.168 -3.3 287.2 29.0 339.5 80
2021008493 0.164 442.9 81.2 501.9 319.4 80
2021008493 0.154 121.4 90.1 388.0 288.7 80
2021008493 0.149 331.5 184.4 501.0 326.5 80
2021008493 0.147 360.4 48.7 496.1 336.5 80
2021008493 0.145 369.4 7.5 443.9 99.1 10
2021008493 0.141 13.7 183.8 180.4 325.0 80
2021008493 0.138 132.6 195.2 383.4 321.2 80
2021008493 0.137 65.9 180.5 285.8 313.3 80
2021008493 0.136 112.2 114.0 259.5 183.3 80
2021008493 0.134 188.1 176.3 442.0 309.0 80
2021008493 0.133 307.5 300.3 422.7 328.4 80
2021008493 0.132 276.1 123.8 489.0 285.4 80
2021008493 0.132 75.5 291.0 192.9 328.7 80
2021008493 0.132 3.3 86.5 101.0 313.4 80
2021008493 0.131 230.7 168.6 475.6 300.4 80
2021008493 0.131 84.9 147.8 327.1 291.2 80
2021008493 0.130 139.5 166.1 370.6 297.8 80
2021008493 0.129 154.0 285.8 267.1 326.2 80
2021008493 0.128 -4.0 67.7 26.5 128.2 80
2021008493 0.128 267.8 315.0 383.6 333.5 80
2021008493 0.128 24.6 149.0 246.5 286.7 80
2021008493 0.127 402.2 308.2 493.5 330.7 80
2021008493 0.127 -14.6 49.3 355.6 146.4 80
2021008493 0.126 177.3 312.4 311.5 332.7 80
2021008493 0.126 53.1 318.6 165.6 335.1 80
2021008493 0.125 13.1 112.8 192.8 268.0 80
2021008493 0.125 286.9 12.2 344.0 98.4 80
2021008493 0.125 121.9 315.6 226.2 334.5 80
2021008493 0.125 216.4 293.7 332.6 326.2 80
2021008493 0.122 -1.2 121.3 57.0 229.5 80
2021008493 0.121 21.1 299.1 104.6 329.5 80
2021008493 0.120 117.2 156.1 314.1 208.7 80
2021008493 0.117 173.8 169.0 357.4 267.2 80
2021008493 0.115 450.7 86.8 516.9 242.2 80
2021008493 0.115 290.3 8.3 344.6 95.5 8
2021008493 0.114 251.3 189.2 396.2 265.6 80
2021008493 0.114 -21.2 118.6 299.1 215.2 80
2021008493 0.113 81.4 173.3 243.0 260.6 80
2021008493 0.113 -81.4 25.2 296.6 68.1 80
2021008493 0.113 220.8 12.4 695.0 41.4 80
2021008493 0.000 0.8 39.6 103.7 219.9 80
2021008493 0.000 245.1 64.6 370.2 203.1 80
2021008493 0.000 203.1 44.4 266.1 106.7 80
2021008493 0.000 256.6 123.7 316.4 182.9 80
2021008493 0.000 372.7 97.3 484.8 238.7 80
2021008493 0.000 45.9 193.6 106.8 256.8 80
2021008493 0.000 83.8 105.7 144.8 167.7 80
2021008493 0.000 133.1 93.5 218.1 194.0 80
2021008493 0.000 390.5 85.7 458.7 145.2 80
2021008493 0.000 453.6 114.4 499.6 187.5 80
2021008493 0.000 213.4 101.7 273.6 161.0 80
2021008493 0.000 141.4 73.2 202.4 136.6 80
2021008493 0.000 22.0 26.3 202.7 174.0 80
2021008493 0.000 325.8 10.5 494.5 170.4 80
2021008493 0.000 1.5 179.1 48.0 253.0 80
2021008493 0.000 162.0 29.1 299.4 188.1 80
2021008493 0.000 349.9 130.4 409.9 189.0 80
2021008493 0.000 219.9 213.4 281.0 299.7 80
2021008493 0.000 90.6 167.7 149.2 226.6 80
2021008493 0.000 314.7 90.6 375.2 149.9 80
2021008493 0.000 357.4 176.8 415.0 236.3 80
2021008493 0.000 32.4 113.1 167.8 245.7 80
2021008493 0.000 1.0 134.7 47.1 208.2 80
2021008493 0.000 453.4 171.3 499.7 244.6 80
2021008493 0.000 0.5 112.0 102.1 317.8 80
2021008493 0.000 449.1 48.2 499.7 136.2 80
2021008493 0.000 259.7 2.5 324.6 65.8 80
2021008493 0.000 137.6 194.1 201.5 258.6 80
2021008493 0.000 298.6 152.6 359.4 210.5 80
2021008493 0.000 28.5 138.6 93.6 196.8 80
2021008493 0.000 255.4 112.1 363.3 309.4 80
2021008493 0.000 119.1 143.0 232.5 281.2 80
2021008493 0.000 149.8 153.7 210.5 211.6 80
2021008493 0.000 293.1 118.3 480.6 230.7 80
2021008493 0.000 325.6 194.5 382.1 262.6 80
2021008493 0.000 0.7 20.0 51.8 94.1 80
2021008493 0.000 219.9 176.7 278.2 235.5 80
2021008493 0.000 48.8 19.0 377.9 228.3 80
2021008493 0.000 410.2 156.8 474.8 215.0 80
2021008493 0.000 205.3 105.0 317.1 249.4 80
2021008493 0.000 0.7 221.7 58.3 328.6 80
2021008493 0.000 180.1 197.3 238.1 264.5 80
2021008493 0.000 177.0 51.2 471.7 236.8 80
2021008493 0.000 49.5 97.5 281.8 229.4 80
2021008493 0.000 325.8 41.4 402.7 103.4 80
2021008493 0.000 101.1 43.9 244.3 277.4 80
2021008493 0.000 0.3 80.7 51.5 154.3 80
2021008493 0.000 206.3 143.0 267.2 201.4 80
2021008493 0.000 442.7 217.4 499.6 327.4 80
2021008493 0.000 15.1 12.8 486.3 174.5 80
2021008493 0.000 398.5 98.9 499.4 315.8 80
2021008493 0.000 1.5 5.5 282.2 329.9 80
2021008493 0.000 94.9 14.0 401.8 325.0 80
2021008493 0.000 262.6 37.4 424.1 278.3 80
2021008493 0.000 189.1 7.3 402.0 120.4 80
2021008493 0.000 1.1 21.4 146.5 322.8 80
2021008493 0.000 212.9 5.7 497.4 331.0 80
2021008493 0.000 160.6 175.5 349.3 326.9 80
2021008493 0.000 159.4 25.0 350.2 316.2 80
2021008493 0.000 357.7 16.7 501.3 319.9 80
2021008493 0.000 11.5 79.9 225.9 328.5 80
2021008493 0.000 280.6 212.4 336.4 294.2 80
2021008493 0.000 171.4 94.0 308.9 314.0 80
2021008493 0.000 132.8 69.1 366.0 324.4 80
2021008493 0.000 257.5 148.1 363.0 272.1 80
2021008493 0.000 5.0 248.1 130.5 332.4 80
2021008493 0.000 306.3 160.5 481.9 323.9 80
2021008493 0.000 54.0 226.7 278.3 330.9 80
2021008493 0.000 11.7 162.6 185.3 324.9 80
2021008493 0.000 3.3 1.2 410.3 331.1 80
2021008493 0.000 8.2 203.4 491.3 331.4 80
2021008493 0.000 4.9 57.7 361.3 327.9 80
2021008493 0.000 223.1 227.9 472.3 331.4 80
2021008493 0.000 72.1 57.1 444.5 284.5 80
2021008493 0.000 34.1 131.1 327.0 322.2 80
2021008493 0.000 85.7 1.0 494.7 331.0 80
2021008493 0.000 278.1 77.3 486.3 331.0 80
2021008493 0.000 162.7 118.0 345.4 204.8 80
2021008493 0.000 244.5 179.3 298.1 242.7 80
2021008493 0.000 168.6 134.4 451.1 322.0 80
2021008493 0.000 362.2 218.2 494.6 327.3 80
2021008493 0.000 44.5 53.9 117.2 121.5 80
2021008493 0.000 160.2 58.7 492.6 329.0 80
2021008493 0.000 134.9 91.5 359.6 260.9 80
2021008493 0.000 67.7 127.2 402.2 241.5 80
2021008493 0.000 22.5 38.2 474.5 321.3 80
2021008493 0.000 0.6 89.3 498.5 323.8 80
2021008493 0.000 0.8 0.8 499.6 332.2 80
2021008493 0.000 17.2 85.3 483.8 240.0 80
2021008493 0.000 2.5 21.1 497.4 273.2 80
2021008493 0.000 424.3 5.6 498.8 76.0 80
2021008493 0.000 17.2 85.3 483.8 240.0 0
2021008493 0.000 262.6 37.4 424.1 278.3 14
2021008493 0.000 171.4 94.0 308.9 314.0 14
2021008493 0.000 101.1 43.9 244.3 277.4 14
2021008493 0.000 159.4 25.0 350.2 316.2 14
2021008493 0.000 11.5 79.9 225.9 328.5 14
2021008493 0.000 278.1 77.3 486.3 331.0 14
2021008493 0.000 132.8 69.1 366.0 324.4 14
2021008493 0.000 154.2 268.6 238.2 328.2 80
