2021006793 0.759 111.3 11.0 185.2 139.5 14
2021006793 0.679 112.1 17.2 181.9 141.7 80
2021006793 0.678 300.6 83.1 318.6 113.8 80
2021006793 0.655 300.0 198.1 318.5 216.6 80
2021006793 0.655 179.8 99.7 218.2 126.9 80
2021006793 0.655 314.0 152.6 320.0 198.1 80
2021006793 0.650 179.5 99.6 217.0 124.3 80
2021006793 0.634 112.8 12.2 185.0 132.4 80
2021006793 0.629 78.2 194.8 173.4 214.8 80
2021006793 0.628 117.0 36.5 184.1 201.7 80
2021006793 0.611 307.7 71.4 320.7 211.3 80
2021006793 0.609 115.2 36.3 179.9 205.8 12
2021006793 0.601 112.4 21.6 202.1 205.8 80
2021006793 0.601 122.0 11.1 185.3 155.7 80
2021006793 0.599 109.4 29.5 184.9 161.4 80
2021006793 0.596 112.0 26.1 181.6 198.9 80
2021006793 0.585 309.3 170.3 320.4 210.9 80
2021006793 0.569 2.0 206.0 45.6 215.8 80
2021006793 0.569 90.6 201.3 241.6 216.4 80
2021006793 0.549 1.0 59.5 6.5 134.5 80
2021006793 0.538 316.6 59.8 320.5 185.2 80
2021006793 0.518 1.1 89.1 4.1 155.2 80
2021006793 0.492 261.6 0.3 313.2 6.9 80
2021006793 0.492 318.9 38.5 320.2 101.8 80
2021006793 0.481 19.8 209.0 143.0 216.3 80
2021006793 0.475 225.7 209.6 304.7 216.3 80
2021006793 0.463 109.8 0.6 139.8 4.8 80
2021006793 0.458 236.5 0.7 270.1 6.4 80
2021006793 0.433 191.4 0.1 244.9 5.3 80
2021006793 0.410 1.0 33.7 6.8 156.1 80
2021006793 0.390 110.9 36.6 180.1 199.2 80
2021006793 0.354 1.0 124.4 2.9 200.9 80
2021006793 0.338 220.3 0.5 271.9 5.2 80
2021006793 0.338 105.3 36.1 195.9 204.1 80
2021006793 0.290 80.9 209.4 248.2 216.0 80
2021006793 0.288 79.0 16.3 194.9 199.8 80
2021006793 0.248 314.2 17.7 321.5 226.3 80
2021006793 0.227 0.8 27.4 5.4 199.0 80
2021006793 0.223 0.6 1.0 2.8 49.7 80
2021006793 0.217 144.6 209.8 267.2 216.1 80
2021006793 0.196 282.4 48.7 322.3 216.2 80
2021006793 0.176 116.5 51.8 174.8 128.6 80
2021006793 0.173 295.1 18.8 319.4 217.7 80
2021006793 0.171 -0.1 25.7 14.5 194.5 80
2021006793 0.166 252.3 204.8 323.9 216.2 80
2021006793 0.162 115.2 36.3 179.9 205.8 80
2021006793 0.159 -2.6 132.2 28.1 219.2 80
2021006793 0.155 178.5 133.4 209.0 156.3 80
2021006793 0.155 98.0 58.0 222.4 191.3 80
2021006793 0.153 4.7 205.1 68.3 215.7 80
2021006793 0.151 41.6 200.3 138.0 215.6 80
2021006793 0.149 243.2 44.7 317.7 204.8 80
2021006793 0.147 88.5 96.0 195.1 192.1 80
2021006793 0.146 215.7 129.7 322.3 213.2 80
2021006793 0.145 94.9 180.3 173.5 216.9 80
2021006793 0.145 11.1 141.4 108.3 211.3 80
2021006793 0.143 90.7 47.7 237.1 173.9 80
2021006793 0.141 50.9 136.1 175.5 207.7 80
2021006793 0.138 98.6 130.5 229.0 209.2 80
2021006793 0.136 194.2 198.0 271.4 213.9 80
2021006793 0.135 103.9 100.5 208.3 191.6 80
2021006793 0.133 132.9 191.2 207.2 213.9 80
2021006793 0.132 131.0 134.8 161.8 167.1 80
2021006793 0.131 126.4 115.6 275.3 199.8 80
2021006793 0.130 -1.4 62.3 73.9 202.5 80
2021006793 0.130 175.0 81.6 319.0 186.0 80
2021006793 0.128 147.9 110.3 304.6 194.9 80
2021006793 0.128 17.5 98.7 157.4 187.9 80
2021006793 0.127 36.0 80.3 172.4 178.2 80
2021006793 0.126 105.5 156.3 133.8 186.1 80
2021006793 0.126 9.9 74.3 122.8 179.3 80
2021006793 0.122 243.1 144.8 274.3 176.7 80
2021006793 0.122 142.3 88.3 280.6 168.8 80
2021006793 0.121 203.5 141.6 238.6 169.5 80
2021006793 0.117 22.0 128.7 57.5 167.2 80
2021006793 0.116 63.2 104.5 124.4 141.6 80
2021006793 0.115 37.4 91.2 121.6 155.6 80
2021006793 0.115 162.4 100.7 255.4 151.2 80
2021006793 0.113 5.7 83.3 130.4 124.9 80
2021006793 0.112 58.7 135.2 100.5 169.0 80
2021006793 0.111 153.7 53.2 336.7 91.5 80
2021006793 0.111 101.4 42.4 231.7 88.3 80
2021006793 0.111 -29.6 60.1 109.3 97.0 80
2021006793 0.111 154.9 -0.4 468.2 8.5 80
2021006793 0.110 -57.5 17.8 106.5 45.9 80
2021006793 0.110 15.9 33.1 224.6 74.2 80
2021006793 0.109 176.0 43.7 368.0 83.8 80
2021006793 0.107 -47.2 6.9 231.2 30.0 80
2021006793 0.107 85.6 9.1 374.7 34.5 80
2021006793 0.106 245.9 41.3 353.4 83.8 80
2021006793 0.105 -98.1 5.6 216.5 21.9 80
2021006793 0.097 165.7 5.4 449.8 24.8 80
2021006793 0.096 96.7 3.2 415.7 17.0 80
2021006793 0.096 119.9 2.6 438.9 16.5 80
2021006793 0.095 -27.1 -0.2 291.9 14.5 80
2021006793 0.094 -136.0 -0.9 177.6 12.0 80
2021006793 0.093 -88.8 0.0 230.1 13.0 80
2021006793 0.093 -58.9 1.0 260.1 13.7 80
2021006793 0.092 -118.6 1.4 200.2 14.5 80
2021006793 0.092 45.0 1.4 364.0 15.6 80
2021006793 0.759 111.3 11.0 185.2 139.5 14
2021006793 0.679 112.1 17.2 181.9 141.7 80
2021006793 0.678 300.6 83.1 318.6 113.8 80
2021006793 0.655 300.0 198.1 318.5 216.6 80
2021006793 0.655 179.8 99.7 218.2 126.9 80
2021006793 0.655 314.0 152.6 320.0 198.1 80
2021006793 0.650 179.5 99.6 217.0 124.3 80
2021006793 0.634 112.8 12.2 185.0 132.4 80
2021006793 0.629 78.2 194.8 173.4 214.8 80
2021006793 0.628 117.0 36.5 184.1 201.7 80
2021006793 0.611 307.7 71.4 320.7 211.3 80
2021006793 0.609 115.2 36.3 179.9 205.8 12
2021006793 0.601 112.4 21.6 202.1 205.8 80
2021006793 0.601 122.0 11.1 185.3 155.7 80
2021006793 0.599 109.4 29.5 184.9 161.4 80
2021006793 0.596 112.0 26.1 181.6 198.9 80
2021006793 0.585 309.3 170.3 320.4 210.9 80
2021006793 0.569 2.0 206.0 45.6 215.8 80
2021006793 0.569 90.6 201.3 241.6 216.4 80
2021006793 0.549 1.0 59.5 6.5 134.5 80
2021006793 0.538 316.6 59.8 320.5 185.2 80
2021006793 0.518 1.1 89.1 4.1 155.2 80
2021006793 0.492 261.6 0.3 313.2 6.9 80
2021006793 0.492 318.9 38.5 320.2 101.8 80
2021006793 0.481 19.8 209.0 143.0 216.3 80
2021006793 0.475 225.7 209.6 304.7 216.3 80
2021006793 0.463 109.8 0.6 139.8 4.8 80
2021006793 0.458 236.5 0.7 270.1 6.4 80
2021006793 0.433 191.4 0.1 244.9 5.3 80
2021006793 0.410 1.0 33.7 6.8 156.1 80
2021006793 0.390 110.9 36.6 180.1 199.2 80
2021006793 0.354 1.0 124.4 2.9 200.9 80
2021006793 0.338 220.3 0.5 271.9 5.2 80
2021006793 0.338 105.3 36.1 195.9 204.1 80
2021006793 0.290 80.9 209.4 248.2 216.0 80
2021006793 0.288 79.0 16.3 194.9 199.8 80
2021006793 0.248 314.2 17.7 321.5 226.3 80
2021006793 0.227 0.8 27.4 5.4 199.0 80
2021006793 0.223 0.6 1.0 2.8 49.7 80
2021006793 0.217 144.6 209.8 267.2 216.1 80
2021006793 0.196 282.4 48.7 322.3 216.2 80
2021006793 0.176 116.5 51.8 174.8 128.6 80
2021006793 0.173 295.1 18.8 319.4 217.7 80
2021006793 0.171 -0.1 25.7 14.5 194.5 80
2021006793 0.166 252.3 204.8 323.9 216.2 80
2021006793 0.162 115.2 36.3 179.9 205.8 80
2021006793 0.159 -2.6 132.2 28.1 219.2 80
2021006793 0.155 178.5 133.4 209.0 156.3 80
2021006793 0.155 98.0 58.0 222.4 191.3 80
2021006793 0.153 4.7 205.1 68.3 215.7 80
2021006793 0.151 41.6 200.3 138.0 215.6 80
2021006793 0.149 243.2 44.7 317.7 204.8 80
2021006793 0.147 88.5 96.0 195.1 192.1 80
2021006793 0.146 215.7 129.7 322.3 213.2 80
2021006793 0.145 94.9 180.3 173.5 216.9 80
2021006793 0.145 11.1 141.4 108.3 211.3 80
2021006793 0.143 90.7 47.7 237.1 173.9 80
2021006793 0.141 50.9 136.1 175.5 207.7 80
2021006793 0.138 98.6 130.5 229.0 209.2 80
2021006793 0.136 194.2 198.0 271.4 213.9 80
2021006793 0.135 103.9 100.5 208.3 191.6 80
2021006793 0.133 132.9 191.2 207.2 213.9 80
2021006793 0.132 131.0 134.8 161.8 167.1 80
2021006793 0.131 126.4 115.6 275.3 199.8 80
2021006793 0.130 -1.4 62.3 73.9 202.5 80
2021006793 0.130 175.0 81.6 319.0 186.0 80
2021006793 0.128 147.9 110.3 304.6 194.9 80
2021006793 0.128 17.5 98.7 157.4 187.9 80
2021006793 0.127 36.0 80.3 172.4 178.2 80
2021006793 0.126 105.5 156.3 133.8 186.1 80
2021006793 0.126 9.9 74.3 122.8 179.3 80
2021006793 0.122 243.1 144.8 274.3 176.7 80
2021006793 0.122 142.3 88.3 280.6 168.8 80
2021006793 0.121 203.5 141.6 238.6 169.5 80
2021006793 0.117 22.0 128.7 57.5 167.2 80
2021006793 0.116 63.2 104.5 124.4 141.6 80
2021006793 0.115 37.4 91.2 121.6 155.6 80
2021006793 0.115 162.4 100.7 255.4 151.2 80
2021006793 0.113 5.7 83.3 130.4 124.9 80
2021006793 0.112 58.7 135.2 100.5 169.0 80
2021006793 0.111 153.7 53.2 336.7 91.5 80
2021006793 0.111 101.4 42.4 231.7 88.3 80
2021006793 0.111 -29.6 60.1 109.3 97.0 80
2021006793 0.111 154.9 -0.4 468.2 8.5 80
2021006793 0.110 -57.5 17.8 106.5 45.9 80
2021006793 0.110 15.9 33.1 224.6 74.2 80
2021006793 0.109 176.0 43.7 368.0 83.8 80
2021006793 0.107 -47.2 6.9 231.2 30.0 80
2021006793 0.107 85.6 9.1 374.7 34.5 80
2021006793 0.106 245.9 41.3 353.4 83.8 80
2021006793 0.105 -98.1 5.6 216.5 21.9 80
2021006793 0.097 165.7 5.4 449.8 24.8 80
2021006793 0.096 96.7 3.2 415.7 17.0 80
2021006793 0.096 119.9 2.6 438.9 16.5 80
2021006793 0.095 -27.1 -0.2 291.9 14.5 80
2021006793 0.094 -136.0 -0.9 177.6 12.0 80
2021006793 0.093 -88.8 0.0 230.1 13.0 80
2021006793 0.093 -58.9 1.0 260.1 13.7 80
2021006793 0.092 -118.6 1.4 200.2 14.5 80
2021006793 0.092 45.0 1.4 364.0 15.6 80
2021006793 0.000 0.8 26.0 66.4 142.7 80
2021006793 0.000 157.2 42.2 236.9 131.7 80
2021006793 0.000 130.3 29.1 170.3 69.2 80
2021006793 0.000 164.6 80.6 202.5 118.6 80
2021006793 0.000 238.9 63.5 310.3 154.8 80
2021006793 0.000 29.8 125.9 68.3 166.6 80
2021006793 0.000 54.0 68.9 92.7 108.7 80
2021006793 0.000 85.5 61.0 139.6 125.8 80
2021006793 0.000 250.3 56.0 293.6 94.2 80
2021006793 0.000 290.7 74.6 319.7 121.6 80
2021006793 0.000 136.9 66.3 175.1 104.5 80
2021006793 0.000 90.9 47.9 129.5 88.6 80
2021006793 0.000 14.6 17.3 129.6 112.9 80
2021006793 0.000 208.9 7.1 316.5 110.5 80
2021006793 0.000 1.3 116.5 30.7 164.1 80
2021006793 0.000 104.1 19.2 191.6 122.0 80
2021006793 0.000 224.3 84.9 262.4 122.6 80
2021006793 0.000 141.1 138.8 179.8 194.4 80
2021006793 0.000 58.3 109.1 95.5 147.0 80
2021006793 0.000 201.8 59.1 240.2 97.2 80
2021006793 0.000 229.1 115.0 265.6 153.3 80
2021006793 0.000 21.0 73.7 107.5 159.3 80
2021006793 0.000 1.0 87.7 30.2 135.0 80
2021006793 0.000 290.5 111.5 319.8 158.6 80
2021006793 0.000 0.7 73.0 65.4 206.2 80
2021006793 0.000 287.8 31.6 319.8 88.3 80
2021006793 0.000 166.5 2.0 207.8 42.7 80
2021006793 0.000 88.4 126.3 129.0 167.7 80
2021006793 0.000 191.5 99.3 230.0 136.6 80
2021006793 0.000 18.6 90.2 59.9 127.6 80
2021006793 0.000 163.8 73.1 232.5 200.7 80
2021006793 0.000 76.6 93.1 148.8 182.4 80
2021006793 0.000 96.2 100.0 134.7 137.3 80
2021006793 0.000 187.9 77.1 307.6 149.6 80
2021006793 0.000 208.7 126.5 244.6 170.3 80
2021006793 0.000 0.8 13.3 33.2 61.1 80
2021006793 0.000 141.1 115.0 178.1 152.8 80
2021006793 0.000 31.6 12.7 241.8 148.1 80
2021006793 0.000 262.9 102.1 303.8 139.5 80
2021006793 0.000 131.7 68.5 202.9 161.7 80
2021006793 0.000 0.8 144.2 37.3 213.2 80
2021006793 0.000 115.6 128.4 152.4 171.5 80
2021006793 0.000 113.6 33.6 301.9 153.6 80
2021006793 0.000 32.0 63.6 180.3 148.8 80
2021006793 0.000 208.9 27.2 257.7 67.1 80
2021006793 0.000 65.1 28.8 156.4 179.9 80
2021006793 0.000 0.6 52.7 33.0 100.1 80
2021006793 0.000 132.4 93.1 171.0 130.6 80
2021006793 0.000 283.7 141.4 319.8 212.4 80
2021006793 0.000 10.0 8.6 311.2 113.2 80
2021006793 0.000 255.4 64.5 319.6 204.8 80
2021006793 0.000 1.3 3.9 180.6 214.0 80
2021006793 0.000 61.1 9.4 257.1 210.8 80
2021006793 0.000 168.4 24.6 271.4 180.5 80
2021006793 0.000 121.4 5.1 257.4 78.0 80
2021006793 0.000 1.1 14.2 93.8 209.4 80
2021006793 0.000 103.2 114.2 223.6 212.0 80
2021006793 0.000 136.6 4.0 318.4 214.7 80
2021006793 0.000 102.4 16.5 224.1 205.1 80
2021006793 0.000 7.7 52.2 144.6 213.1 80
2021006793 0.000 229.3 11.2 320.9 207.5 80
2021006793 0.000 180.0 138.1 215.3 190.8 80
2021006793 0.000 110.1 61.3 197.7 203.7 80
2021006793 0.000 85.3 45.2 234.3 210.4 80
2021006793 0.000 165.2 96.4 232.3 176.5 80
2021006793 0.000 3.6 161.3 83.5 215.6 80
2021006793 0.000 196.4 104.5 308.4 210.1 80
2021006793 0.000 34.9 147.4 178.1 214.7 80
2021006793 0.000 7.8 105.8 118.6 210.7 80
2021006793 0.000 2.5 1.1 262.6 214.8 80
2021006793 0.000 5.6 132.3 314.4 214.9 80
2021006793 0.000 3.5 37.8 231.2 212.7 80
2021006793 0.000 143.1 148.2 302.3 215.0 80
2021006793 0.000 46.5 37.4 284.4 184.5 80
2021006793 0.000 22.2 85.4 209.3 209.0 80
2021006793 0.000 55.2 1.0 316.6 214.7 80
2021006793 0.000 178.3 50.5 311.2 214.7 80
2021006793 0.000 104.5 76.9 221.0 132.8 80
2021006793 0.000 156.8 116.7 190.8 157.4 80
2021006793 0.000 108.2 87.5 288.7 208.9 80
2021006793 0.000 232.1 141.9 316.6 212.3 80
2021006793 0.000 28.8 35.3 75.0 78.8 80
2021006793 0.000 102.9 38.5 315.3 213.4 80
2021006793 0.000 86.7 59.7 230.2 169.2 80
2021006793 0.000 43.7 82.9 257.4 156.7 80
2021006793 0.000 14.7 25.1 303.6 208.4 80
2021006793 0.000 0.8 58.3 319.1 210.0 80
2021006793 0.000 0.9 0.9 319.7 215.5 80
2021006793 0.000 11.3 55.7 309.8 155.7 80
2021006793 0.000 1.9 14.0 318.3 177.2 80
2021006793 0.000 271.9 4.0 319.2 49.3 80
2021006793 0.000 11.3 55.7 309.8 155.7 0
2021006793 0.000 168.4 24.6 271.4 180.5 14
2021006793 0.000 110.1 61.3 197.7 203.7 14
2021006793 0.000 65.1 28.8 156.4 179.9 14
2021006793 0.000 102.4 16.5 224.1 205.1 14
2021006793 0.000 7.7 52.2 144.6 213.1 14
2021006793 0.000 178.3 50.5 311.2 214.7 14
2021006793 0.000 85.3 45.2 234.3 210.4 14
2021006793 0.000 99.1 174.6 152.5 212.9 80
