2021000000491130 0.771 115.0 128.9 404.7 397.8 80
2021000000491130 0.770 430.2 567.8 444.6 644.3 80
2021000000491130 0.770 119.7 125.6 409.4 466.7 80
2021000000491130 0.766 117.0 137.9 415.3 560.4 80
2021000000491130 0.766 1.0 115.4 442.2 512.3 80
2021000000491130 0.764 -4.5 92.8 437.5 363.4 80
2021000000491130 0.761 114.9 132.8 408.8 532.6 80
2021000000491130 0.753 114.3 118.6 405.1 580.7 80
2021000000491130 0.753 437.5 500.7 443.7 593.3 80
2021000000491130 0.752 20.9 107.2 254.3 252.0 80
2021000000491130 0.742 39.0 202.5 119.2 272.9 80
2021000000491130 0.742 10.3 299.5 44.4 321.5 80
2021000000491130 0.739 11.6 113.6 397.3 283.5 80
2021000000491130 0.734 -1.1 276.1 34.9 320.6 80
2021000000491130 0.729 -1.1 270.9 35.8 317.9 80
2021000000491130 0.724 -0.5 52.7 102.5 194.9 80
2021000000491130 0.717 0.8 154.0 5.4 176.7 80
2021000000491130 0.711 0.7 103.8 79.3 179.9 80
2021000000491130 0.707 39.8 57.7 312.5 257.9 80
2021000000491130 0.705 -1.3 94.0 134.2 203.4 80
