2021003302 0.693 159.9 168.4 305.6 319.8 5
2021003302 0.658 165.9 245.5 196.4 285.2 80
2021003302 0.656 177.7 238.2 204.5 276.3 80
2021003302 0.651 352.3 457.8 376.9 496.2 80
2021003302 0.641 93.7 251.4 113.8 276.0 80
2021003302 0.637 262.6 259.5 296.0 300.2 80
2021003302 0.637 264.9 247.0 301.1 301.6 80
2021003302 0.636 160.1 234.1 248.1 318.0 80
2021003302 0.630 114.7 239.0 156.9 280.0 80
2021003302 0.622 161.1 241.9 264.0 321.6 80
2021003302 0.602 166.6 169.1 300.8 310.3 80
2021003302 0.598 30.4 260.0 43.2 289.7 14
2021003302 0.593 25.2 229.3 130.0 274.4 80
2021003302 0.583 75.6 250.6 91.2 276.9 80
2021003302 0.575 309.0 254.2 322.1 281.8 80
2021003302 0.571 93.8 187.9 305.9 310.4 80
2021003302 0.566 183.5 239.6 223.1 287.2 80
2021003302 0.562 -1.5 197.2 263.4 299.1 80
2021003302 0.558 165.6 174.2 319.1 312.0 80
2021003302 0.542 63.9 257.4 78.9 288.4 80
2021003302 0.539 315.7 251.4 336.1 274.9 80
2021003302 0.533 21.8 262.6 39.0 301.7 80
2021003302 0.526 155.8 180.7 332.8 311.4 80
2021003302 0.511 347.7 254.7 369.4 292.2 80
2021003302 0.510 33.8 265.9 41.7 289.5 80
2021003302 0.509 333.1 250.7 366.8 277.2 80
2021003302 0.509 1.3 258.8 7.8 307.8 80
2021003302 0.492 149.0 196.2 303.4 318.7 80
2021003302 0.491 337.7 247.3 371.6 286.5 80
2021003302 0.491 35.5 258.9 48.6 280.9 80
2021003302 0.488 32.2 263.5 44.9 286.9 80
2021003302 0.464 318.9 248.6 349.8 276.8 80
2021003302 0.454 365.5 268.1 374.6 294.8 80
2021003302 0.448 370.9 269.9 375.8 319.6 80
2021003302 0.434 64.8 260.6 76.0 291.5 80
2021003302 0.433 1.2 70.5 4.4 122.9 80
2021003302 0.430 349.0 246.4 369.9 270.3 80
2021003302 0.412 358.2 254.1 373.4 283.8 80
2021003302 0.402 34.4 263.4 43.9 289.3 80
2021003302 0.367 64.4 255.1 77.2 289.3 14
2021003302 0.366 62.8 257.0 77.4 290.5 14
2021003302 0.358 176.8 202.9 228.6 253.1 80
2021003302 0.347 367.1 253.0 374.7 285.3 80
2021003302 0.336 316.2 258.5 337.9 278.5 6
2021003302 0.329 82.8 185.9 315.5 270.2 80
2021003302 0.324 316.2 258.5 337.9 278.5 80
2021003302 0.322 373.5 310.1 375.2 447.8 80
2021003302 0.282 0.9 265.7 5.8 292.7 80
2021003302 0.277 0.7 201.6 2.8 434.3 80
2021003302 0.270 62.8 257.0 77.4 290.5 80
2021003302 0.252 367.1 253.0 374.7 285.3 14
2021003302 0.251 43.9 280.1 61.4 325.7 80
2021003302 0.234 64.4 255.1 77.2 289.3 80
2021003302 0.207 0.2 403.4 8.7 509.4 80
2021003302 0.202 1.3 167.2 8.9 496.2 80
2021003302 0.187 349.0 246.4 369.9 270.3 6
2021003302 0.178 192.4 242.3 270.7 324.9 80
2021003302 0.171 333.1 250.7 366.8 277.2 6
2021003302 0.168 167.3 306.9 189.6 347.8 80
2021003302 0.167 64.8 260.6 76.0 291.5 14
2021003302 0.163 115.9 305.5 142.2 345.1 80
2021003302 0.160 84.9 274.5 318.7 341.9 80
2021003302 0.157 0.9 265.7 5.8 292.7 6
2021003302 0.155 300.6 218.3 371.6 490.5 80
2021003302 0.155 230.9 270.6 295.5 351.2 80
2021003302 0.152 206.1 362.8 359.6 508.1 80
2021003302 0.152 358.2 254.1 373.4 283.8 6
2021003302 0.148 318.9 248.6 349.8 276.8 5
2021003302 0.148 34.4 263.4 43.9 289.3 14
2021003302 0.146 35.8 376.8 169.4 505.8 80
2021003302 0.146 141.4 404.7 278.0 498.5 80
2021003302 0.146 95.8 407.6 223.8 496.6 80
2021003302 0.143 43.7 180.4 332.2 296.0 80
2021003302 0.142 174.0 308.7 243.3 365.8 80
2021003302 0.140 112.0 467.3 255.3 500.9 80
2021003302 0.136 234.0 261.9 271.9 309.3 80
2021003302 0.135 312.9 445.9 374.1 501.0 80
2021003302 0.135 142.7 267.7 328.1 443.7 80
2021003302 0.134 178.2 249.4 354.0 426.3 80
2021003302 0.134 253.1 478.2 345.7 504.6 80
2021003302 0.133 125.4 481.9 252.7 502.8 80
2021003302 0.133 82.4 305.0 297.5 465.5 80
2021003302 0.131 35.7 278.8 224.4 454.6 80
2021003302 0.131 11.8 438.4 68.5 498.3 80
2021003302 0.130 5.4 244.5 127.0 476.2 80
2021003302 0.129 14.8 270.6 142.7 364.9 80
2021003302 0.128 0.9 265.7 5.8 292.7 14
2021003302 0.127 44.7 266.8 258.0 404.2 80
2021003302 0.127 94.1 284.8 285.2 419.0 80
2021003302 0.126 319.3 242.4 346.7 309.0 80
2021003302 0.122 196.3 468.4 286.5 500.7 80
2021003302 0.121 38.4 222.4 85.4 260.9 80
2021003302 0.121 82.8 470.2 168.8 502.6 80
2021003302 0.121 34.6 473.0 117.1 504.0 80
2021003302 0.119 33.3 214.4 285.3 298.3 80
2021003302 0.119 318.9 248.6 349.8 276.8 6
2021003302 0.115 57.1 172.0 123.7 248.5 80
2021003302 0.115 349.0 246.4 369.9 270.3 14
2021003302 0.111 102.8 77.9 329.0 175.6 80
2021003302 0.109 0.9 265.7 5.8 292.7 5
2021003302 0.693 159.9 168.4 305.6 319.8 5
2021003302 0.658 165.9 245.5 196.4 285.2 80
2021003302 0.656 177.7 238.2 204.5 276.3 80
2021003302 0.651 352.3 457.8 376.9 496.2 80
2021003302 0.641 93.7 251.4 113.8 276.0 80
2021003302 0.637 262.6 259.5 296.0 300.2 80
2021003302 0.637 264.9 247.0 301.1 301.6 80
2021003302 0.636 160.1 234.1 248.1 318.0 80
2021003302 0.630 114.7 239.0 156.9 280.0 80
2021003302 0.622 161.1 241.9 264.0 321.6 80
2021003302 0.602 166.6 169.1 300.8 310.3 80
2021003302 0.598 30.4 260.0 43.2 289.7 14
2021003302 0.593 25.2 229.3 130.0 274.4 80
2021003302 0.583 75.6 250.6 91.2 276.9 80
2021003302 0.575 309.0 254.2 322.1 281.8 80
2021003302 0.571 93.8 187.9 305.9 310.4 80
2021003302 0.566 183.5 239.6 223.1 287.2 80
2021003302 0.562 -1.5 197.2 263.4 299.1 80
2021003302 0.558 165.6 174.2 319.1 312.0 80
2021003302 0.542 63.9 257.4 78.9 288.4 80
2021003302 0.539 315.7 251.4 336.1 274.9 80
2021003302 0.533 21.8 262.6 39.0 301.7 80
2021003302 0.526 155.8 180.7 332.8 311.4 80
2021003302 0.511 347.7 254.7 369.4 292.2 80
2021003302 0.510 33.8 265.9 41.7 289.5 80
2021003302 0.509 333.1 250.7 366.8 277.2 80
2021003302 0.509 1.3 258.8 7.8 307.8 80
2021003302 0.492 149.0 196.2 303.4 318.7 80
2021003302 0.491 337.7 247.3 371.6 286.5 80
2021003302 0.491 35.5 258.9 48.6 280.9 80
2021003302 0.488 32.2 263.5 44.9 286.9 80
2021003302 0.464 318.9 248.6 349.8 276.8 80
2021003302 0.454 365.5 268.1 374.6 294.8 80
2021003302 0.448 370.9 269.9 375.8 319.6 80
2021003302 0.434 64.8 260.6 76.0 291.5 80
2021003302 0.433 1.2 70.5 4.4 122.9 80
2021003302 0.430 349.0 246.4 369.9 270.3 80
2021003302 0.412 358.2 254.1 373.4 283.8 80
2021003302 0.402 34.4 263.4 43.9 289.3 80
2021003302 0.367 64.4 255.1 77.2 289.3 14
2021003302 0.366 62.8 257.0 77.4 290.5 14
2021003302 0.358 176.8 202.9 228.6 253.1 80
2021003302 0.347 367.1 253.0 374.7 285.3 80
2021003302 0.336 316.2 258.5 337.9 278.5 6
2021003302 0.329 82.8 185.9 315.5 270.2 80
2021003302 0.324 316.2 258.5 337.9 278.5 80
2021003302 0.322 373.5 310.1 375.2 447.8 80
2021003302 0.282 0.9 265.7 5.8 292.7 80
2021003302 0.277 0.7 201.6 2.8 434.3 80
2021003302 0.270 62.8 257.0 77.4 290.5 80
2021003302 0.252 367.1 253.0 374.7 285.3 14
2021003302 0.251 43.9 280.1 61.4 325.7 80
2021003302 0.234 64.4 255.1 77.2 289.3 80
2021003302 0.207 0.2 403.4 8.7 509.4 80
2021003302 0.202 1.3 167.2 8.9 496.2 80
2021003302 0.187 349.0 246.4 369.9 270.3 6
2021003302 0.178 192.4 242.3 270.7 324.9 80
2021003302 0.171 333.1 250.7 366.8 277.2 6
2021003302 0.168 167.3 306.9 189.6 347.8 80
2021003302 0.167 64.8 260.6 76.0 291.5 14
2021003302 0.163 115.9 305.5 142.2 345.1 80
2021003302 0.160 84.9 274.5 318.7 341.9 80
2021003302 0.157 0.9 265.7 5.8 292.7 6
2021003302 0.155 300.6 218.3 371.6 490.5 80
2021003302 0.155 230.9 270.6 295.5 351.2 80
2021003302 0.152 206.1 362.8 359.6 508.1 80
2021003302 0.152 358.2 254.1 373.4 283.8 6
2021003302 0.148 318.9 248.6 349.8 276.8 5
2021003302 0.148 34.4 263.4 43.9 289.3 14
2021003302 0.146 35.8 376.8 169.4 505.8 80
2021003302 0.146 141.4 404.7 278.0 498.5 80
2021003302 0.146 95.8 407.6 223.8 496.6 80
2021003302 0.143 43.7 180.4 332.2 296.0 80
2021003302 0.142 174.0 308.7 243.3 365.8 80
2021003302 0.140 112.0 467.3 255.3 500.9 80
2021003302 0.136 234.0 261.9 271.9 309.3 80
2021003302 0.135 312.9 445.9 374.1 501.0 80
2021003302 0.135 142.7 267.7 328.1 443.7 80
2021003302 0.134 178.2 249.4 354.0 426.3 80
2021003302 0.134 253.1 478.2 345.7 504.6 80
2021003302 0.133 125.4 481.9 252.7 502.8 80
2021003302 0.133 82.4 305.0 297.5 465.5 80
2021003302 0.131 35.7 278.8 224.4 454.6 80
2021003302 0.131 11.8 438.4 68.5 498.3 80
2021003302 0.130 5.4 244.5 127.0 476.2 80
2021003302 0.129 14.8 270.6 142.7 364.9 80
2021003302 0.128 0.9 265.7 5.8 292.7 14
2021003302 0.127 44.7 266.8 258.0 404.2 80
2021003302 0.127 94.1 284.8 285.2 419.0 80
2021003302 0.126 319.3 242.4 346.7 309.0 80
2021003302 0.122 196.3 468.4 286.5 500.7 80
2021003302 0.121 38.4 222.4 85.4 260.9 80
2021003302 0.121 82.8 470.2 168.8 502.6 80
2021003302 0.121 34.6 473.0 117.1 504.0 80
2021003302 0.119 33.3 214.4 285.3 298.3 80
2021003302 0.119 318.9 248.6 349.8 276.8 6
2021003302 0.115 57.1 172.0 123.7 248.5 80
2021003302 0.115 349.0 246.4 369.9 270.3 14
2021003302 0.111 102.8 77.9 329.0 175.6 80
2021003302 0.109 0.9 265.7 5.8 292.7 5
2021003302 0.000 274.2 138.0 369.7 347.9 80
2021003302 0.000 3.6 170.1 147.4 355.4 80
2021003302 0.000 159.5 102.9 310.9 256.1 80
2021003302 0.000 103.6 47.3 248.7 250.8 80
2021003302 0.000 205.5 188.2 375.2 338.3 80
2021003302 0.000 0.6 39.8 77.2 331.8 80
2021003302 0.000 337.9 85.0 374.9 195.1 80
2021003302 0.000 148.0 215.9 208.1 302.0 80
2021003302 0.000 0.6 172.5 77.2 475.3 80
2021003302 0.000 0.5 200.0 35.7 311.7 80
2021003302 0.000 62.3 251.8 118.1 339.7 80
2021003302 0.000 340.0 254.9 374.9 369.7 80
2021003302 0.000 340.3 170.4 374.8 282.3 80
2021003302 0.000 119.2 71.1 368.6 369.0 80
2021003302 0.000 100.1 182.7 166.4 269.0 80
2021003302 0.000 301.8 236.4 362.2 323.5 80
2021003302 0.000 1.4 268.4 36.0 380.1 80
2021003302 0.000 13.3 207.2 78.7 293.8 80
2021003302 0.000 103.5 230.1 167.4 316.1 80
2021003302 0.000 332.8 333.4 374.2 485.8 80
2021003302 0.000 19.8 142.9 228.6 350.8 80
2021003302 0.000 182.2 186.1 248.8 271.3 80
2021003302 0.000 214.8 230.6 279.9 315.8 80
2021003302 0.000 149.6 149.7 216.4 235.9 80
2021003302 0.000 239.7 3.9 379.0 248.6 80
2021003302 0.000 251.8 196.9 319.2 281.9 80
2021003302 0.000 298.6 156.7 375.3 472.3 80
2021003302 0.000 52.2 160.7 120.5 246.1 80
2021003302 0.000 260.5 271.5 321.0 357.5 80
2021003302 0.000 0.4 28.2 39.1 140.9 80
2021003302 0.000 181.5 63.4 337.0 411.1 80
2021003302 0.000 8.3 22.9 168.3 245.8 80
2021003302 0.000 100.0 187.3 279.6 316.6 80
2021003302 0.000 144.1 160.5 252.6 355.3 80
2021003302 0.000 208.1 135.6 368.6 491.0 80
2021003302 0.000 0.5 118.7 38.5 231.7 80
2021003302 0.000 177.6 201.0 296.7 451.0 80
2021003302 0.000 79.0 193.2 190.1 412.5 80
2021003302 0.000 1.4 2.6 374.5 276.2 80
2021003302 0.000 27.4 295.8 88.6 385.4 80
2021003302 0.000 224.5 138.9 294.4 223.7 80
2021003302 0.000 0.7 336.0 43.4 492.6 80
2021003302 0.000 22.2 33.5 298.9 344.9 80
2021003302 0.000 142.3 71.5 211.7 157.2 80
2021003302 0.000 118.9 167.3 248.8 462.4 80
2021003302 0.000 91.7 112.8 285.5 485.5 80
2021003302 0.000 -2.7 123.0 182.9 494.6 80
2021003302 0.000 284.1 135.0 354.1 220.6 80
2021003302 0.000 83.3 133.0 290.8 394.5 80
2021003302 0.000 113.3 104.8 380.6 498.3 80
2021003302 0.000 58.8 31.2 318.3 478.2 80
2021003302 0.000 6.2 193.7 267.3 491.0 80
2021003302 0.000 109.2 282.4 267.9 494.0 80
2021003302 0.000 55.4 65.2 206.8 408.4 80
2021003302 0.000 269.0 26.2 375.4 479.9 80
2021003302 0.000 95.1 114.2 164.6 199.4 80
2021003302 0.000 109.6 216.1 358.3 491.7 80
2021003302 0.000 -1.2 257.1 145.8 493.4 80
2021003302 0.000 6.2 329.7 246.3 497.1 80
2021003302 0.000 157.3 9.2 376.5 496.0 80
2021003302 0.000 221.4 257.5 366.2 491.0 80
2021003302 0.000 -1.9 97.8 279.1 495.3 80
2021003302 0.000 2.8 375.1 99.7 499.1 80
2021003302 0.000 -1.9 10.2 220.9 494.3 80
2021003302 0.000 42.1 106.1 344.7 433.9 80
2021003302 0.000 99.8 304.0 159.9 387.7 80
2021003302 0.000 150.3 350.1 373.1 499.9 80
2021003302 0.000 30.7 199.4 324.1 375.2 80
2021003302 0.000 270.4 335.5 370.9 494.4 80
2021003302 0.000 1.1 303.4 374.1 500.9 80
2021003302 0.000 1.0 2.1 312.9 497.1 80
2021003302 0.000 -1.3 22.1 110.8 486.5 80
2021003302 0.000 97.4 13.4 283.8 488.1 80
2021003302 0.000 60.2 2.4 373.5 495.5 80
2021003302 0.000 101.0 -2.3 348.6 159.1 80
2021003302 0.000 0.4 148.7 374.3 495.6 80
2021003302 0.000 12.6 59.4 358.2 501.6 80
2021003302 0.000 1.0 30.2 374.6 444.6 80
2021003302 0.000 2.0 121.5 374.6 375.6 80
2021003302 0.000 166.8 268.0 310.0 390.2 80
2021003302 0.000 0.8 0.3 374.8 499.0 80
2021003302 0.000 185.7 6.4 254.1 97.0 80
2021003302 0.000 156.2 335.2 235.4 426.5 80
2021003302 0.000 136.0 307.5 193.9 389.0 80
2021003302 0.000 238.1 69.8 310.2 155.8 80
2021003302 0.000 319.2 7.2 373.2 114.4 80
2021003302 0.000 243.3 301.9 305.5 381.3 80
2021003302 0.000 24.2 89.9 98.0 179.5 80
2021003302 0.000 0.8 0.3 374.8 499.0 14
2021003302 0.000 114.7 396.1 176.3 484.8 80
2021003302 0.000 0.8 0.3 374.8 499.0 7
2021003302 0.000 0.8 0.3 374.8 499.0 11
2021003302 0.000 60.2 2.4 373.5 495.5 14
2021003302 0.000 58.8 31.2 318.3 478.2 14
2021003302 0.000 157.3 9.2 376.5 496.0 14
2021003302 0.000 -2.7 123.0 182.9 494.6 14
2021003302 0.000 12.6 59.4 358.2 501.6 14
2021003302 0.000 1.0 2.1 312.9 497.1 14
2021003302 0.000 -1.9 10.2 220.9 494.3 14
2021003302 0.000 91.7 112.8 285.5 485.5 14
