2021005581 0.671 52.2 186.5 109.0 225.3 80
2021005581 0.666 259.7 467.4 279.1 494.9 80
2021005581 0.660 185.6 155.7 232.5 224.5 80
2021005581 0.649 104.3 172.2 136.3 225.0 80
2021005581 0.649 180.2 172.2 217.5 217.6 80
2021005581 0.648 101.3 182.1 138.4 226.6 80
2021005581 0.636 99.2 177.7 134.8 225.9 80
2021005581 0.628 274.5 141.2 278.1 193.9 80
2021005581 0.616 181.5 156.6 231.7 225.1 7
2021005581 0.611 177.0 425.0 226.6 451.0 80
2021005581 0.606 274.7 233.9 278.1 291.3 80
2021005581 0.603 275.3 342.8 278.2 399.9 80
2021005581 0.594 271.6 145.5 278.0 259.8 80
2021005581 0.593 195.3 160.9 225.3 201.6 80
2021005581 0.569 100.7 174.1 139.5 225.9 7
2021005581 0.557 185.0 169.5 208.3 212.8 80
2021005581 0.531 2.1 60.5 278.5 490.4 80
2021005581 0.491 269.4 33.9 279.5 258.0 80
2021005581 0.489 119.4 179.0 140.1 212.6 80
2021005581 0.461 44.3 191.3 84.2 222.4 80
2021005581 0.439 269.0 66.8 278.7 436.1 80
2021005581 0.424 276.8 33.8 278.1 106.8 80
2021005581 0.416 275.1 366.7 278.1 466.0 80
2021005581 0.408 141.1 175.8 200.8 226.5 80
2021005581 0.403 270.5 98.1 277.7 507.6 80
2021005581 0.393 276.3 170.8 278.0 420.8 80
2021005581 0.389 2.8 120.0 276.6 218.1 80
2021005581 0.315 260.3 43.8 277.2 517.3 80
2021005581 0.266 19.8 184.1 260.3 455.7 80
2021005581 0.263 0.8 96.4 2.0 190.6 80
2021005581 0.258 174.2 484.8 282.0 502.5 80
2021005581 0.252 0.7 186.9 2.0 308.3 80
2021005581 0.248 0.8 422.0 7.3 504.2 80
2021005581 0.243 133.1 135.3 267.6 398.0 80
2021005581 0.226 0.6 11.6 2.4 106.8 80
2021005581 0.220 0.6 274.3 2.3 451.1 80
2021005581 0.219 0.8 82.2 3.6 243.0 80
2021005581 0.219 0.6 96.7 4.4 438.5 80
2021005581 0.207 244.1 455.5 286.2 502.1 80
2021005581 0.194 237.1 122.9 287.7 489.8 80
2021005581 0.189 0.8 231.4 10.9 513.3 80
2021005581 0.178 69.3 487.4 222.9 501.9 80
2021005581 0.178 96.1 230.4 120.1 266.7 80
2021005581 0.169 0.4 96.6 25.9 520.5 80
2021005581 0.163 232.4 248.3 274.9 502.2 80
2021005581 0.160 188.9 122.0 265.8 489.0 80
2021005581 0.160 67.7 472.7 213.0 501.9 80
2021005581 0.156 0.7 181.6 13.3 365.1 80
2021005581 0.154 96.4 435.3 214.5 501.1 80
2021005581 0.149 134.4 476.1 228.5 501.9 80
2021005581 0.149 63.3 414.9 183.4 499.4 80
2021005581 0.148 27.5 396.6 130.5 505.0 80
2021005581 0.148 98.9 261.4 251.4 471.2 80
2021005581 0.144 133.3 240.1 264.3 466.5 80
2021005581 0.142 8.7 260.8 96.4 496.2 80
2021005581 0.141 25.1 277.5 176.1 471.8 80
2021005581 0.141 57.6 303.0 226.4 471.2 80
2021005581 0.139 58.1 263.8 225.9 448.2 80
2021005581 0.139 7.5 438.8 51.3 502.8 80
2021005581 0.139 80.7 245.7 197.4 347.9 80
2021005581 0.136 32.6 252.8 199.6 435.0 80
2021005581 0.134 100.7 174.1 139.5 225.9 19
2021005581 0.133 12.9 229.8 144.6 437.8 80
2021005581 0.132 123.8 198.8 250.1 400.1 80
2021005581 0.131 81.2 217.2 236.0 398.9 80
2021005581 0.127 23.8 214.9 158.0 407.8 80
2021005581 0.127 75.3 300.1 133.6 382.6 80
2021005581 0.127 12.0 180.3 98.0 426.6 80
2021005581 0.126 54.4 227.3 206.9 389.7 80
2021005581 0.125 49.5 298.4 97.5 395.4 80
2021005581 0.124 23.9 473.1 88.0 504.6 80
2021005581 0.124 201.1 163.1 300.8 304.4 80
2021005581 0.124 59.8 469.2 131.3 503.1 80
2021005581 0.120 40.1 151.0 275.1 244.8 80
2021005581 0.116 3.9 249.5 88.3 339.6 80
2021005581 0.115 21.4 258.7 131.2 362.8 80
2021005581 0.113 72.7 309.3 149.3 402.1 80
2021005581 0.113 91.6 229.8 262.1 336.5 80
2021005581 0.112 -23.4 36.8 56.4 99.8 80
2021005581 0.112 197.9 97.6 290.7 210.0 80
2021005581 0.110 -4.0 186.6 206.1 304.5 80
2021005581 0.109 36.4 189.2 262.6 287.2 80
2021005581 0.109 30.6 36.0 284.7 156.1 80
2021005581 0.108 108.6 176.5 308.8 294.7 80
2021005581 0.108 -51.7 95.0 125.8 173.9 80
2021005581 0.108 8.3 4.1 272.0 79.9 80
2021005581 0.108 120.8 171.4 321.7 278.5 80
2021005581 0.107 -32.4 46.7 187.5 139.4 80
2021005581 0.107 -22.2 0.6 248.4 79.0 80
2021005581 0.105 -65.8 23.2 174.2 100.0 80
2021005581 0.105 39.2 -4.5 315.9 59.7 80
2021005581 0.102 100.7 174.1 139.5 225.9 80
2021005581 0.100 71.8 -6.0 348.8 38.7 80
2021005581 0.100 0.2 -4.9 26.9 30.7 80
2021005581 0.100 -101.1 -2.7 175.5 28.9 80
2021005581 0.092 -47.9 -3.8 229.1 30.5 80
2021005581 0.091 -19.8 -3.9 257.2 28.7 80
2021005581 0.091 -75.7 -3.1 201.3 28.7 80
2021005581 0.091 88.9 -3.5 365.9 30.1 80
2021005581 0.091 13.6 -4.6 290.6 29.9 80
2021005581 0.671 52.2 186.5 109.0 225.3 80
2021005581 0.666 259.7 467.4 279.1 494.9 80
2021005581 0.660 185.6 155.7 232.5 224.5 80
2021005581 0.649 104.3 172.2 136.3 225.0 80
2021005581 0.649 180.2 172.2 217.5 217.6 80
2021005581 0.648 101.3 182.1 138.4 226.6 80
2021005581 0.636 99.2 177.7 134.8 225.9 80
2021005581 0.628 274.5 141.2 278.1 193.9 80
2021005581 0.616 181.5 156.6 231.7 225.1 7
2021005581 0.611 177.0 425.0 226.6 451.0 80
2021005581 0.606 274.7 233.9 278.1 291.3 80
2021005581 0.603 275.3 342.8 278.2 399.9 80
2021005581 0.594 271.6 145.5 278.0 259.8 80
2021005581 0.593 195.3 160.9 225.3 201.6 80
2021005581 0.569 100.7 174.1 139.5 225.9 7
2021005581 0.557 185.0 169.5 208.3 212.8 80
2021005581 0.531 2.1 60.5 278.5 490.4 80
2021005581 0.491 269.4 33.9 279.5 258.0 80
2021005581 0.489 119.4 179.0 140.1 212.6 80
2021005581 0.461 44.3 191.3 84.2 222.4 80
2021005581 0.439 269.0 66.8 278.7 436.1 80
2021005581 0.424 276.8 33.8 278.1 106.8 80
2021005581 0.416 275.1 366.7 278.1 466.0 80
2021005581 0.408 141.1 175.8 200.8 226.5 80
2021005581 0.403 270.5 98.1 277.7 507.6 80
2021005581 0.393 276.3 170.8 278.0 420.8 80
2021005581 0.389 2.8 120.0 276.6 218.1 80
2021005581 0.315 260.3 43.8 277.2 517.3 80
2021005581 0.266 19.8 184.1 260.3 455.7 80
2021005581 0.263 0.8 96.4 2.0 190.6 80
2021005581 0.258 174.2 484.8 282.0 502.5 80
2021005581 0.252 0.7 186.9 2.0 308.3 80
2021005581 0.248 0.8 422.0 7.3 504.2 80
2021005581 0.243 133.1 135.3 267.6 398.0 80
2021005581 0.226 0.6 11.6 2.4 106.8 80
2021005581 0.220 0.6 274.3 2.3 451.1 80
2021005581 0.219 0.8 82.2 3.6 243.0 80
2021005581 0.219 0.6 96.7 4.4 438.5 80
2021005581 0.207 244.1 455.5 286.2 502.1 80
2021005581 0.194 237.1 122.9 287.7 489.8 80
2021005581 0.189 0.8 231.4 10.9 513.3 80
2021005581 0.178 69.3 487.4 222.9 501.9 80
2021005581 0.178 96.1 230.4 120.1 266.7 80
2021005581 0.169 0.4 96.6 25.9 520.5 80
2021005581 0.163 232.4 248.3 274.9 502.2 80
2021005581 0.160 188.9 122.0 265.8 489.0 80
2021005581 0.160 67.7 472.7 213.0 501.9 80
2021005581 0.156 0.7 181.6 13.3 365.1 80
2021005581 0.154 96.4 435.3 214.5 501.1 80
2021005581 0.149 134.4 476.1 228.5 501.9 80
2021005581 0.149 63.3 414.9 183.4 499.4 80
2021005581 0.148 27.5 396.6 130.5 505.0 80
2021005581 0.148 98.9 261.4 251.4 471.2 80
2021005581 0.144 133.3 240.1 264.3 466.5 80
2021005581 0.142 8.7 260.8 96.4 496.2 80
2021005581 0.141 25.1 277.5 176.1 471.8 80
2021005581 0.141 57.6 303.0 226.4 471.2 80
2021005581 0.139 58.1 263.8 225.9 448.2 80
2021005581 0.139 7.5 438.8 51.3 502.8 80
2021005581 0.139 80.7 245.7 197.4 347.9 80
2021005581 0.136 32.6 252.8 199.6 435.0 80
2021005581 0.134 100.7 174.1 139.5 225.9 19
2021005581 0.133 12.9 229.8 144.6 437.8 80
2021005581 0.132 123.8 198.8 250.1 400.1 80
2021005581 0.131 81.2 217.2 236.0 398.9 80
2021005581 0.127 23.8 214.9 158.0 407.8 80
2021005581 0.127 75.3 300.1 133.6 382.6 80
2021005581 0.127 12.0 180.3 98.0 426.6 80
2021005581 0.126 54.4 227.3 206.9 389.7 80
2021005581 0.125 49.5 298.4 97.5 395.4 80
2021005581 0.124 23.9 473.1 88.0 504.6 80
2021005581 0.124 201.1 163.1 300.8 304.4 80
2021005581 0.124 59.8 469.2 131.3 503.1 80
2021005581 0.120 40.1 151.0 275.1 244.8 80
2021005581 0.116 3.9 249.5 88.3 339.6 80
2021005581 0.115 21.4 258.7 131.2 362.8 80
2021005581 0.113 72.7 309.3 149.3 402.1 80
2021005581 0.113 91.6 229.8 262.1 336.5 80
2021005581 0.112 -23.4 36.8 56.4 99.8 80
2021005581 0.112 197.9 97.6 290.7 210.0 80
2021005581 0.110 -4.0 186.6 206.1 304.5 80
2021005581 0.109 36.4 189.2 262.6 287.2 80
2021005581 0.109 30.6 36.0 284.7 156.1 80
2021005581 0.108 108.6 176.5 308.8 294.7 80
2021005581 0.108 -51.7 95.0 125.8 173.9 80
2021005581 0.108 8.3 4.1 272.0 79.9 80
2021005581 0.108 120.8 171.4 321.7 278.5 80
2021005581 0.107 -32.4 46.7 187.5 139.4 80
2021005581 0.107 -22.2 0.6 248.4 79.0 80
2021005581 0.105 -65.8 23.2 174.2 100.0 80
2021005581 0.105 39.2 -4.5 315.9 59.7 80
2021005581 0.102 100.7 174.1 139.5 225.9 80
2021005581 0.100 71.8 -6.0 348.8 38.7 80
2021005581 0.100 0.2 -4.9 26.9 30.7 80
2021005581 0.100 -101.1 -2.7 175.5 28.9 80
2021005581 0.092 -47.9 -3.8 229.1 30.5 80
2021005581 0.091 -19.8 -3.9 257.2 28.7 80
2021005581 0.091 -75.7 -3.1 201.3 28.7 80
2021005581 0.091 88.9 -3.5 365.9 30.1 80
2021005581 0.091 13.6 -4.6 290.6 29.9 80
2021005581 0.000 201.0 138.2 276.6 351.4 80
2021005581 0.000 206.6 150.2 284.7 352.0 80
2021005581 0.000 0.1 164.4 113.3 355.7 80
2021005581 0.000 154.2 179.7 277.3 344.0 80
2021005581 0.000 1.1 180.2 56.9 472.4 80
2021005581 0.000 74.3 49.2 189.2 240.6 80
2021005581 0.000 116.5 107.1 232.5 256.4 80
2021005581 0.000 123.7 131.6 266.4 406.0 80
2021005581 0.000 0.3 197.7 26.7 314.5 80
2021005581 0.000 222.0 170.7 277.7 467.6 80
2021005581 0.000 250.9 86.2 278.0 193.0 80
2021005581 0.000 252.3 254.4 277.9 370.8 80
2021005581 0.000 178.8 7.1 279.1 252.3 80
2021005581 0.000 252.6 171.2 277.8 281.7 80
2021005581 0.000 0.8 34.0 56.4 334.7 80
2021005581 0.000 45.9 254.7 88.7 339.4 80
2021005581 0.000 247.0 333.7 277.4 485.4 80
2021005581 0.000 1.0 265.6 26.8 381.5 80
2021005581 0.000 86.1 65.2 276.0 372.6 80
2021005581 0.000 75.4 188.8 205.7 319.4 80
2021005581 0.000 107.5 213.2 156.3 299.0 80
2021005581 0.000 11.9 130.2 174.6 329.2 80
2021005581 0.000 75.6 228.8 125.5 314.7 80
2021005581 0.000 9.3 208.6 59.2 294.7 80
2021005581 0.000 0.4 28.3 29.2 140.7 80
2021005581 0.000 134.7 185.5 185.1 270.8 80
2021005581 0.000 158.6 231.1 208.6 315.8 80
2021005581 0.000 160.7 152.0 267.3 483.6 80
2021005581 0.000 38.4 159.5 89.8 245.3 80
2021005581 0.000 3.0 22.8 129.9 242.3 80
2021005581 0.000 186.2 199.0 237.7 283.2 80
2021005581 0.000 204.0 50.6 275.6 467.7 80
2021005581 0.000 190.6 269.1 240.8 353.0 80
2021005581 0.000 1.4 339.1 31.4 492.8 80
2021005581 0.000 79.9 288.1 199.9 494.8 80
2021005581 0.000 73.0 185.1 125.0 271.2 80
2021005581 0.000 2.9 199.0 200.6 492.1 80
2021005581 0.000 47.1 112.7 230.5 408.8 80
2021005581 0.000 -4.4 269.6 110.7 494.2 80
2021005581 0.000 2.7 371.1 73.8 498.0 80
2021005581 0.000 202.7 335.7 274.2 493.9 80
2021005581 0.000 80.6 209.3 266.5 493.2 80
2021005581 0.000 5.4 132.3 128.1 492.8 80
2021005581 0.000 103.1 140.5 168.1 236.4 80
2021005581 0.000 3.7 329.0 183.9 497.7 80
2021005581 0.000 161.5 268.5 273.2 491.8 80
2021005581 0.000 59.9 114.1 220.8 494.6 80
2021005581 0.000 88.9 168.7 183.8 463.0 80
2021005581 0.000 34.2 58.4 248.5 465.9 80
2021005581 0.000 210.7 135.5 262.7 221.4 80
2021005581 0.000 85.7 219.5 193.2 446.3 80
2021005581 0.000 21.7 52.0 219.9 276.5 80
2021005581 0.000 166.4 140.1 218.7 224.6 80
2021005581 0.000 118.9 8.7 277.4 497.6 80
2021005581 0.000 85.6 52.5 198.1 431.2 80
2021005581 0.000 87.7 7.0 245.7 155.8 80
2021005581 0.000 0.5 119.9 28.7 231.6 80
2021005581 0.000 -5.9 107.3 213.0 509.5 80
2021005581 0.000 70.6 113.9 122.0 199.3 80
2021005581 0.000 110.7 348.5 278.1 500.4 80
2021005581 0.000 17.6 76.0 180.7 446.7 80
2021005581 0.000 81.6 103.9 284.3 504.5 80
2021005581 0.000 1.9 312.3 277.4 500.3 80
2021005581 0.000 1.6 3.3 233.9 497.1 80
2021005581 0.000 104.9 74.0 158.1 158.3 80
2021005581 0.000 29.9 142.6 258.5 402.4 80
2021005581 0.000 -2.7 25.3 164.6 484.3 80
2021005581 0.000 6.7 45.4 274.1 413.2 80
2021005581 0.000 0.8 152.4 277.8 498.0 80
2021005581 0.000 20.0 202.4 243.5 376.3 80
2021005581 0.000 34.6 70.2 163.2 535.6 80
2021005581 0.000 97.6 222.4 200.5 354.1 80
2021005581 0.000 34.7 26.1 278.3 501.0 80
2021005581 0.000 12.9 103.3 75.8 447.0 80
2021005581 0.000 6.6 62.1 263.6 504.9 80
2021005581 0.000 1.1 61.6 277.8 473.5 80
2021005581 0.000 0.8 1.1 277.8 499.3 80
2021005581 0.000 137.5 7.4 189.0 96.5 80
2021005581 0.000 177.3 302.6 225.4 383.9 80
2021005581 0.000 238.5 8.0 275.0 115.1 80
2021005581 0.000 147.3 309.8 219.5 420.8 80
2021005581 0.000 176.6 70.9 230.3 156.5 80
2021005581 0.000 118.6 263.6 161.7 347.7 80
2021005581 0.000 19.5 287.7 66.2 380.3 80
2021005581 0.000 120.3 273.6 229.9 389.2 80
2021005581 0.000 24.5 268.4 262.4 419.2 80
2021005581 0.000 17.6 91.1 73.3 178.1 80
2021005581 0.000 0.8 1.1 277.8 499.3 14
2021005581 0.000 78.0 300.7 119.2 383.6 80
2021005581 0.000 0.8 1.1 277.8 499.3 7
2021005581 0.000 34.7 26.1 278.3 501.0 14
2021005581 0.000 0.8 1.1 277.8 499.3 11
2021005581 0.000 6.6 62.1 263.6 504.9 14
2021005581 0.000 34.2 58.4 248.5 465.9 14
2021005581 0.000 34.7 26.1 278.3 501.0 7
2021005581 0.000 118.9 8.7 277.4 497.6 14
2021005581 0.000 1.6 3.3 233.9 497.1 14
2021005581 0.000 34.7 26.1 278.3 501.0 11
2021005581 0.000 5.4 132.3 128.1 492.8 14
2021005581 0.000 0.8 152.4 277.8 498.0 17
