2021000000023781 0.706 251.4 154.0 331.6 227.0 80
2021000000023781 0.693 144.6 220.5 363.4 424.3 80
2021000000023781 0.692 225.3 7.3 427.0 140.4 80
2021000000023781 0.691 394.5 -1.0 637.8 165.9 80
2021000000023781 0.690 185.6 231.0 593.3 428.4 80
2021000000023781 0.690 142.6 213.7 426.3 424.1 80
2021000000023781 0.685 549.9 19.0 636.9 166.2 80
2021000000023781 0.684 531.2 27.1 636.4 361.4 80
2021000000023781 0.682 176.2 220.7 370.2 304.5 80
2021000000023781 0.681 4.5 134.9 79.0 268.1 80
2021000000023781 0.679 14.2 -2.2 248.6 85.1 80
2021000000023781 0.678 0.6 60.7 84.9 229.8 80
2021000000023781 0.677 9.1 0.4 285.0 161.9 80
2021000000023781 0.677 572.7 -2.9 636.0 76.1 80
2021000000023781 0.674 558.2 9.5 635.9 337.2 80
2021000000023781 0.672 165.2 227.9 314.6 294.7 80
2021000000023781 0.670 5.3 203.1 68.4 289.1 80
2021000000023781 0.669 148.3 225.3 378.5 427.4 80
2021000000023781 0.667 157.0 137.2 337.1 241.1 80
2021000000023781 0.663 39.2 287.8 158.2 413.3 80
2021000000023781 0.662 76.1 80.3 335.9 268.2 80
2021000000023781 0.659 14.7 12.2 455.9 422.0 80
2021000000023781 0.658 8.6 201.9 81.2 262.4 80
2021000000023781 0.658 56.1 219.6 134.5 286.0 80
2021000000023781 0.653 387.2 355.6 581.1 426.3 80
2021000000023781 0.650 77.9 178.9 633.9 431.8 80
2021000000023781 0.645 -2.8 1.5 326.0 427.5 80
2021000000023781 0.644 247.0 1.8 577.7 147.6 80
2021000000023781 0.644 0.3 208.9 58.6 279.0 80
2021000000023781 0.643 270.6 0.6 621.9 173.4 80
2021000000023781 0.641 308.4 44.7 619.7 434.0 80
2021000000023781 0.640 477.1 368.0 621.8 427.4 80
2021000000023781 0.638 255.6 3.6 447.0 152.3 80
2021000000023781 0.635 220.8 -3.5 605.9 300.7 80
2021000000023781 0.634 387.7 363.0 590.0 426.8 80
2021000000023781 0.631 -24.9 -4.7 470.6 117.4 80
2021000000023781 0.626 256.9 0.5 625.2 314.4 80
2021000000023781 0.623 79.4 95.3 327.4 280.8 80
2021000000023781 0.620 -21.3 -3.4 349.8 102.1 80
2021000000023781 0.620 2.9 293.6 34.1 403.6 80
2021000000023781 0.618 597.4 389.7 637.0 427.4 80
2021000000023781 0.617 120.3 216.9 602.0 427.9 80
2021000000023781 0.616 149.9 228.3 592.6 426.5 80
2021000000023781 0.614 282.5 77.9 523.6 300.8 80
2021000000023781 0.609 1.5 123.0 15.9 190.3 80
2021000000023781 0.607 6.8 309.7 151.2 428.8 80
2021000000023781 0.605 273.9 1.1 624.5 390.2 80
2021000000023781 0.603 299.8 -1.6 631.7 422.3 80
2021000000023781 0.593 -0.6 48.6 82.4 261.7 80
2021000000023781 0.586 240.0 11.3 446.2 163.3 80
2021000000023781 0.584 257.4 -7.1 615.0 350.1 80
2021000000023781 0.581 404.7 2.3 632.7 426.1 80
2021000000023781 0.577 248.8 -0.5 621.3 157.4 80
2021000000023781 0.571 588.4 22.6 637.7 408.6 80
2021000000023781 0.549 7.6 -4.1 64.7 35.6 80
2021000000023781 0.549 6.1 -5.8 642.2 289.3 80
2021000000023781 0.546 342.6 1.3 472.3 18.7 80
2021000000023781 0.541 -1.7 6.1 266.6 172.3 80
2021000000023781 0.521 635.6 242.9 640.1 367.5 80
2021000000023781 0.520 633.1 97.9 640.4 348.5 80
2021000000023781 0.515 379.9 12.9 622.5 438.3 80
2021000000023781 0.514 203.2 -0.8 636.5 425.1 80
2021000000023781 0.507 79.2 103.2 333.4 256.7 80
2021000000023781 0.504 7.2 200.4 159.0 428.5 80
2021000000023781 0.503 77.9 1.3 635.6 427.1 80
2021000000023781 0.475 244.8 -0.9 618.9 168.9 80
2021000000023781 0.464 1.1 0.7 639.9 426.5 80
2021000000023781 0.456 150.1 1.7 370.0 20.9 80
2021000000023781 0.450 120.0 365.8 608.2 430.9 80
2021000000023781 0.444 1.0 203.2 154.1 427.5 80
2021000000023781 0.440 141.9 222.2 374.5 428.1 15
2021000000023781 0.418 637.6 10.9 640.2 240.2 80
2021000000023781 0.387 0.7 6.5 8.5 102.0 80
2021000000023781 0.344 153.4 251.9 281.0 315.1 80
2021000000023781 0.320 394.2 308.6 637.4 433.5 80
2021000000023781 0.299 309.2 247.6 636.5 422.3 80
2021000000023781 0.281 475.6 51.4 625.1 427.5 80
2021000000023781 0.278 298.6 401.5 624.2 429.3 80
2021000000023781 0.262 1.0 203.2 154.1 427.5 15
2021000000023781 0.257 141.9 222.2 374.5 428.1 80
2021000000023781 0.252 182.8 414.2 506.5 428.0 80
2021000000023781 0.215 1.1 0.7 639.9 426.5 15
2021000000023781 0.207 244.8 -0.9 618.9 168.9 15
2021000000023781 0.202 256.7 -2.3 895.3 13.8 80
2021000000023781 0.199 -4.7 40.7 368.1 276.6 80
2021000000023781 0.184 77.9 1.3 635.6 427.1 15
2021000000023781 0.183 7.2 200.4 159.0 428.5 15
2021000000023781 0.170 203.2 -0.8 636.5 425.1 15
2021000000023781 0.166 601.2 328.4 651.3 420.5 80
2021000000023781 0.163 19.5 88.9 130.5 418.4 80
2021000000023781 0.159 -17.6 392.4 68.5 432.5 80
2021000000023781 0.158 257.4 -7.1 615.0 350.1 15
2021000000023781 0.154 53.3 411.4 198.9 429.4 80
2021000000023781 0.150 6.1 -5.8 642.2 289.3 15
2021000000023781 0.148 79.2 103.2 333.4 256.7 15
2021000000023781 0.147 37.4 315.3 335.2 430.9 80
2021000000023781 0.146 387.7 48.9 736.0 331.5 80
2021000000023781 0.144 6.8 309.7 151.2 428.8 15
2021000000023781 0.133 187.1 171.0 542.0 351.3 80
2021000000023781 0.126 43.9 201.1 294.9 363.5 80
2021000000023781 0.706 251.4 154.0 331.6 227.0 80
2021000000023781 0.693 144.6 220.5 363.4 424.3 80
2021000000023781 0.692 225.3 7.3 427.0 140.4 80
2021000000023781 0.691 394.5 -1.0 637.8 165.9 80
2021000000023781 0.690 185.6 231.0 593.3 428.4 80
2021000000023781 0.690 142.6 213.7 426.3 424.1 80
2021000000023781 0.685 549.9 19.0 636.9 166.2 80
2021000000023781 0.684 531.2 27.1 636.4 361.4 80
2021000000023781 0.682 176.2 220.7 370.2 304.5 80
2021000000023781 0.681 4.5 134.9 79.0 268.1 80
2021000000023781 0.679 14.2 -2.2 248.6 85.1 80
2021000000023781 0.678 0.6 60.7 84.9 229.8 80
2021000000023781 0.677 9.1 0.4 285.0 161.9 80
2021000000023781 0.677 572.7 -2.9 636.0 76.1 80
2021000000023781 0.674 558.2 9.5 635.9 337.2 80
2021000000023781 0.672 165.2 227.9 314.6 294.7 80
2021000000023781 0.670 5.3 203.1 68.4 289.1 80
2021000000023781 0.669 148.3 225.3 378.5 427.4 80
2021000000023781 0.667 157.0 137.2 337.1 241.1 80
2021000000023781 0.663 39.2 287.8 158.2 413.3 80
2021000000023781 0.662 76.1 80.3 335.9 268.2 80
2021000000023781 0.659 14.7 12.2 455.9 422.0 80
2021000000023781 0.658 8.6 201.9 81.2 262.4 80
2021000000023781 0.658 56.1 219.6 134.5 286.0 80
2021000000023781 0.653 387.2 355.6 581.1 426.3 80
2021000000023781 0.650 77.9 178.9 633.9 431.8 80
2021000000023781 0.645 -2.8 1.5 326.0 427.5 80
2021000000023781 0.644 247.0 1.8 577.7 147.6 80
2021000000023781 0.644 0.3 208.9 58.6 279.0 80
2021000000023781 0.643 270.6 0.6 621.9 173.4 80
2021000000023781 0.641 308.4 44.7 619.7 434.0 80
2021000000023781 0.640 477.1 368.0 621.8 427.4 80
2021000000023781 0.638 255.6 3.6 447.0 152.3 80
2021000000023781 0.635 220.8 -3.5 605.9 300.7 80
2021000000023781 0.634 387.7 363.0 590.0 426.8 80
2021000000023781 0.631 -24.9 -4.7 470.6 117.4 80
2021000000023781 0.626 256.9 0.5 625.2 314.4 80
2021000000023781 0.623 79.4 95.3 327.4 280.8 80
2021000000023781 0.620 -21.3 -3.4 349.8 102.1 80
2021000000023781 0.620 2.9 293.6 34.1 403.6 80
2021000000023781 0.618 597.4 389.7 637.0 427.4 80
2021000000023781 0.617 120.3 216.9 602.0 427.9 80
2021000000023781 0.616 149.9 228.3 592.6 426.5 80
2021000000023781 0.614 282.5 77.9 523.6 300.8 80
2021000000023781 0.609 1.5 123.0 15.9 190.3 80
2021000000023781 0.607 6.8 309.7 151.2 428.8 80
2021000000023781 0.605 273.9 1.1 624.5 390.2 80
2021000000023781 0.603 299.8 -1.6 631.7 422.3 80
2021000000023781 0.593 -0.6 48.6 82.4 261.7 80
2021000000023781 0.586 240.0 11.3 446.2 163.3 80
2021000000023781 0.584 257.4 -7.1 615.0 350.1 80
2021000000023781 0.581 404.7 2.3 632.7 426.1 80
2021000000023781 0.577 248.8 -0.5 621.3 157.4 80
2021000000023781 0.571 588.4 22.6 637.7 408.6 80
2021000000023781 0.549 7.6 -4.1 64.7 35.6 80
2021000000023781 0.549 6.1 -5.8 642.2 289.3 80
2021000000023781 0.546 342.6 1.3 472.3 18.7 80
2021000000023781 0.541 -1.7 6.1 266.6 172.3 80
2021000000023781 0.521 635.6 242.9 640.1 367.5 80
2021000000023781 0.520 633.1 97.9 640.4 348.5 80
2021000000023781 0.515 379.9 12.9 622.5 438.3 80
2021000000023781 0.514 203.2 -0.8 636.5 425.1 80
2021000000023781 0.507 79.2 103.2 333.4 256.7 80
2021000000023781 0.504 7.2 200.4 159.0 428.5 80
2021000000023781 0.503 77.9 1.3 635.6 427.1 80
2021000000023781 0.475 244.8 -0.9 618.9 168.9 80
2021000000023781 0.464 1.1 0.7 639.9 426.5 80
2021000000023781 0.456 150.1 1.7 370.0 20.9 80
2021000000023781 0.450 120.0 365.8 608.2 430.9 80
2021000000023781 0.444 1.0 203.2 154.1 427.5 80
2021000000023781 0.440 141.9 222.2 374.5 428.1 15
2021000000023781 0.418 637.6 10.9 640.2 240.2 80
2021000000023781 0.387 0.7 6.5 8.5 102.0 80
2021000000023781 0.344 153.4 251.9 281.0 315.1 80
2021000000023781 0.320 394.2 308.6 637.4 433.5 80
2021000000023781 0.299 309.2 247.6 636.5 422.3 80
2021000000023781 0.281 475.6 51.4 625.1 427.5 80
2021000000023781 0.278 298.6 401.5 624.2 429.3 80
2021000000023781 0.262 1.0 203.2 154.1 427.5 15
2021000000023781 0.257 141.9 222.2 374.5 428.1 80
2021000000023781 0.252 182.8 414.2 506.5 428.0 80
2021000000023781 0.215 1.1 0.7 639.9 426.5 15
2021000000023781 0.207 244.8 -0.9 618.9 168.9 15
2021000000023781 0.202 256.7 -2.3 895.3 13.8 80
2021000000023781 0.199 -4.7 40.7 368.1 276.6 80
2021000000023781 0.184 77.9 1.3 635.6 427.1 15
2021000000023781 0.183 7.2 200.4 159.0 428.5 15
2021000000023781 0.170 203.2 -0.8 636.5 425.1 15
2021000000023781 0.166 601.2 328.4 651.3 420.5 80
2021000000023781 0.163 19.5 88.9 130.5 418.4 80
2021000000023781 0.159 -17.6 392.4 68.5 432.5 80
2021000000023781 0.158 257.4 -7.1 615.0 350.1 15
2021000000023781 0.154 53.3 411.4 198.9 429.4 80
2021000000023781 0.150 6.1 -5.8 642.2 289.3 15
2021000000023781 0.148 79.2 103.2 333.4 256.7 15
2021000000023781 0.147 37.4 315.3 335.2 430.9 80
2021000000023781 0.146 387.7 48.9 736.0 331.5 80
2021000000023781 0.144 6.8 309.7 151.2 428.8 15
2021000000023781 0.133 187.1 171.0 542.0 351.3 80
2021000000023781 0.126 43.9 201.1 294.9 363.5 80
2021000000023781 0.000 0.7 50.5 132.8 282.0 80
2021000000023781 0.000 313.4 82.5 473.9 260.4 80
2021000000023781 0.000 259.6 56.6 340.6 136.8 80
2021000000023781 0.000 328.1 158.3 405.0 234.5 80
2021000000023781 0.000 476.8 124.5 620.6 306.1 80
2021000000023781 0.000 58.5 248.0 136.7 329.4 80
2021000000023781 0.000 107.0 135.3 185.4 215.0 80
2021000000023781 0.000 170.1 119.7 279.1 248.7 80
2021000000023781 0.000 499.6 109.7 587.2 186.2 80
2021000000023781 0.000 580.3 146.4 639.5 240.4 80
2021000000023781 0.000 272.9 130.1 350.3 206.5 80
2021000000023781 0.000 180.7 93.6 259.1 175.1 80
2021000000023781 0.000 28.1 33.3 259.1 223.1 80
2021000000023781 0.000 416.8 13.1 632.9 218.5 80
2021000000023781 0.000 1.6 229.4 61.4 324.5 80
2021000000023781 0.000 207.2 37.0 383.3 241.2 80
2021000000023781 0.000 447.6 166.9 524.7 242.3 80
2021000000023781 0.000 281.2 273.3 359.7 384.3 80
2021000000023781 0.000 115.6 214.7 191.0 290.6 80
2021000000023781 0.000 402.5 115.9 480.3 192.2 80
2021000000023781 0.000 457.2 226.4 531.3 303.0 80
2021000000023781 0.000 41.1 144.8 215.0 315.0 80
2021000000023781 0.000 1.0 172.4 60.3 266.9 80
2021000000023781 0.000 580.1 219.4 639.6 313.6 80
2021000000023781 0.000 0.4 143.3 130.7 407.5 80
2021000000023781 0.000 574.5 61.5 639.6 174.6 80
2021000000023781 0.000 332.1 2.9 415.5 84.3 80
2021000000023781 0.000 175.8 248.6 257.9 331.6 80
2021000000023781 0.000 381.9 195.4 460.0 270.0 80
2021000000023781 0.000 36.2 177.4 119.8 252.3 80
2021000000023781 0.000 326.6 143.4 465.0 396.8 80
2021000000023781 0.000 152.2 183.1 297.6 360.6 80
2021000000023781 0.000 191.4 196.8 269.4 271.4 80
2021000000023781 0.000 374.8 151.5 615.2 295.8 80
2021000000023781 0.000 416.4 249.2 489.1 336.7 80
2021000000023781 0.000 0.6 25.3 66.3 120.7 80
2021000000023781 0.000 281.2 226.3 356.1 302.0 80
2021000000023781 0.000 62.2 24.0 483.7 292.7 80
2021000000023781 0.000 524.7 200.8 607.7 275.7 80
2021000000023781 0.000 262.4 134.4 405.9 319.8 80
2021000000023781 0.000 0.6 284.0 74.6 421.4 80
2021000000023781 0.000 230.2 252.8 304.8 339.1 80
2021000000023781 0.000 226.3 65.4 603.8 303.7 80
2021000000023781 0.000 63.1 124.7 360.6 294.1 80
2021000000023781 0.000 416.7 52.8 515.5 132.6 80
2021000000023781 0.000 129.2 56.0 312.7 355.7 80
2021000000023781 0.000 0.1 103.2 65.9 197.8 80
2021000000023781 0.000 263.8 183.0 341.9 258.2 80
2021000000023781 0.000 566.4 278.5 639.5 419.9 80
2021000000023781 0.000 19.0 16.1 622.4 223.7 80
2021000000023781 0.000 509.8 126.6 639.3 404.9 80
2021000000023781 0.000 1.6 6.8 361.3 423.0 80
2021000000023781 0.000 121.2 17.7 514.2 416.7 80
2021000000023781 0.000 335.8 47.7 542.9 356.8 80
2021000000023781 0.000 241.7 9.1 514.7 154.3 80
2021000000023781 0.000 1.2 27.2 187.5 413.9 80
2021000000023781 0.000 205.3 224.8 447.1 419.2 80
2021000000023781 0.000 272.2 7.0 636.7 424.4 80
2021000000023781 0.000 203.8 31.7 448.2 405.5 80
2021000000023781 0.000 14.5 102.2 289.2 421.2 80
2021000000023781 0.000 457.5 21.1 641.7 410.2 80
2021000000023781 0.000 358.9 272.0 430.6 377.2 80
2021000000023781 0.000 219.1 120.2 395.4 402.7 80
2021000000023781 0.000 169.6 88.4 468.5 416.0 80
2021000000023781 0.000 329.3 189.5 464.6 349.0 80
2021000000023781 0.000 6.1 317.8 167.0 426.2 80
2021000000023781 0.000 391.8 205.6 616.9 415.3 80
2021000000023781 0.000 68.8 290.4 356.2 424.3 80
2021000000023781 0.000 14.6 208.3 237.2 416.6 80
2021000000023781 0.000 4.0 1.2 525.2 424.5 80
2021000000023781 0.000 10.2 260.5 628.9 424.9 80
2021000000023781 0.000 5.9 73.8 462.5 420.5 80
2021000000023781 0.000 285.2 291.9 604.5 425.0 80
2021000000023781 0.000 92.0 73.0 568.9 364.8 80
2021000000023781 0.000 43.3 167.8 418.6 413.1 80
2021000000023781 0.000 109.4 1.0 633.2 424.5 80
2021000000023781 0.000 355.6 98.8 622.5 424.5 80
2021000000023781 0.000 208.0 151.0 442.0 262.6 80
2021000000023781 0.000 312.6 229.7 381.5 311.2 80
2021000000023781 0.000 215.5 172.0 577.5 412.9 80
2021000000023781 0.000 463.3 279.5 633.1 419.8 80
2021000000023781 0.000 56.7 68.9 150.0 155.8 80
2021000000023781 0.000 204.8 75.0 630.5 421.9 80
2021000000023781 0.000 172.4 117.1 460.4 334.6 80
2021000000023781 0.000 86.4 162.8 514.8 309.7 80
2021000000023781 0.000 28.5 48.7 607.3 412.0 80
2021000000023781 0.000 0.5 114.3 638.1 415.2 80
2021000000023781 0.000 0.8 0.8 639.5 426.0 80
2021000000023781 0.000 21.6 109.2 619.5 307.9 80
2021000000023781 0.000 2.9 26.7 636.7 350.3 80
2021000000023781 0.000 542.8 6.9 638.4 97.4 80
2021000000023781 0.000 21.6 109.2 619.5 307.9 0
2021000000023781 0.000 335.8 47.7 542.9 356.8 14
2021000000023781 0.000 219.1 120.2 395.4 402.7 14
2021000000023781 0.000 129.2 56.0 312.7 355.7 14
2021000000023781 0.000 203.8 31.7 448.2 405.5 14
2021000000023781 0.000 14.5 102.2 289.2 421.2 14
2021000000023781 0.000 355.6 98.8 622.5 424.5 14
2021000000023781 0.000 169.6 88.4 468.5 416.0 14
2021000000023781 0.000 197.1 344.2 304.9 420.9 80
