2021000000567640 0.796 609.1 370.8 638.9 423.3 80
2021000000567640 0.764 287.1 41.5 494.6 369.9 18
2021000000567640 0.762 146.5 71.4 343.5 399.1 18
2021000000567640 0.760 361.1 60.3 489.4 211.4 80
2021000000567640 0.758 2.8 76.8 193.9 382.7 18
2021000000567640 0.758 287.1 74.9 494.3 357.8 80
2021000000567640 0.756 285.4 48.0 486.2 365.2 80
2021000000567640 0.748 65.7 40.9 493.2 350.6 80
2021000000567640 0.746 28.1 44.4 611.3 182.0 80
2021000000567640 0.746 290.2 42.5 491.8 370.4 80
2021000000567640 0.741 146.5 74.5 332.8 398.5 80
2021000000567640 0.739 105.5 30.6 537.4 319.5 80
2021000000567640 0.739 1.6 81.4 155.5 373.3 80
2021000000567640 0.735 4.9 140.6 199.6 364.0 80
2021000000567640 0.733 48.6 47.5 569.6 387.5 80
2021000000567640 0.727 136.6 57.8 493.9 138.4 80
2021000000567640 0.725 316.4 55.6 428.9 123.9 80
2021000000567640 0.723 143.2 52.5 278.9 356.7 80
2021000000567640 0.722 14.2 64.1 242.7 383.4 80
2021000000567640 0.722 13.1 47.0 314.4 234.9 80
