2021000000474293 0.747 305.5 252.2 363.9 312.6 80
2021000000474293 0.720 24.8 -0.3 95.2 99.9 80
2021000000474293 0.710 239.6 235.5 289.0 301.4 80
2021000000474293 0.690 525.4 253.8 641.7 481.0 14
2021000000474293 0.680 364.3 206.1 384.3 238.6 80
2021000000474293 0.661 361.2 261.5 383.2 307.3 80
2021000000474293 0.647 577.3 432.7 639.4 479.3 80
2021000000474293 0.639 527.3 258.1 637.8 479.4 80
2021000000474293 0.637 355.6 257.8 381.9 307.0 80
2021000000474293 0.633 556.7 252.3 638.6 451.4 80
2021000000474293 0.610 620.2 208.2 642.0 288.1 80
2021000000474293 0.602 624.7 247.0 641.6 437.7 80
2021000000474293 0.602 619.4 261.1 639.8 320.4 80
2021000000474293 0.601 531.7 250.5 643.7 470.7 80
2021000000474293 0.586 619.1 264.5 637.8 330.2 80
2021000000474293 0.572 360.4 265.6 381.9 310.1 80
2021000000474293 0.540 464.2 462.0 594.1 480.1 80
2021000000474293 0.537 559.5 252.2 639.2 365.1 80
2021000000474293 0.486 587.7 64.3 639.7 507.6 80
2021000000474293 0.453 523.3 300.8 638.0 480.4 80
2021000000474293 0.445 544.2 266.2 648.3 485.0 80
2021000000474293 0.415 238.1 467.3 424.6 480.3 80
2021000000474293 0.322 610.0 112.4 636.1 497.7 80
2021000000474293 0.219 163.9 467.9 494.5 480.3 80
2021000000474293 0.216 0.3 152.7 4.2 311.1 80
2021000000474293 0.214 0.2 260.2 5.6 431.6 80
2021000000474293 0.212 243.3 287.4 279.8 328.8 80
2021000000474293 0.211 -0.0 56.7 4.7 187.8 80
2021000000474293 0.210 0.1 4.5 6.4 96.0 80
2021000000474293 0.191 541.3 -4.1 629.3 474.1 80
2021000000474293 0.189 -4.1 430.9 31.1 486.6 80
2021000000474293 0.187 -0.2 93.9 14.7 434.1 80
2021000000474293 0.175 0.3 99.3 13.4 259.5 80
2021000000474293 0.172 0.5 50.0 28.5 423.7 80
2021000000474293 0.171 523.3 300.8 638.0 480.4 14
2021000000474293 0.167 0.3 278.8 40.9 478.6 80
2021000000474293 0.158 54.1 465.4 201.1 482.7 80
2021000000474293 0.156 444.0 131.3 628.4 469.3 80
2021000000474293 0.154 286.4 306.7 337.5 348.0 80
2021000000474293 0.153 404.0 443.8 563.3 478.0 80
2021000000474293 0.152 559.5 252.2 639.2 365.1 14
2021000000474293 0.151 142.7 462.3 287.3 482.2 80
2021000000474293 0.147 338.1 460.6 491.0 481.2 80
2021000000474293 0.143 26.2 301.6 198.3 472.2 80
2021000000474293 0.142 188.7 345.9 466.8 465.0 80
2021000000474293 0.141 88.3 434.5 231.7 476.0 80
2021000000474293 0.141 99.4 305.5 328.8 457.7 80
2021000000474293 0.139 287.9 306.4 531.5 455.6 80
2021000000474293 0.137 21.5 441.7 119.8 477.5 80
2021000000474293 0.137 525.4 253.8 641.7 481.0 80
2021000000474293 0.135 6.3 129.2 93.7 458.9 80
2021000000474293 0.134 189.6 430.8 327.6 472.9 80
2021000000474293 0.134 183.3 332.6 246.8 383.0 80
2021000000474293 0.132 273.5 433.6 408.8 473.7 80
2021000000474293 0.132 337.4 254.7 602.8 443.9 80
2021000000474293 0.131 191.3 268.9 460.7 435.0 80
2021000000474293 0.128 316.6 265.1 366.4 311.6 80
2021000000474293 0.128 122.8 245.9 399.1 417.8 80
2021000000474293 0.127 155.4 288.6 214.9 342.4 80
2021000000474293 0.127 47.7 226.5 293.3 414.5 80
2021000000474293 0.125 163.0 229.9 485.2 392.9 80
2021000000474293 0.124 23.8 166.6 229.3 397.8 80
2021000000474293 0.124 244.6 236.9 301.9 289.4 80
2021000000474293 0.123 299.5 198.2 564.9 385.9 80
2021000000474293 0.122 382.5 274.1 449.5 333.2 80
2021000000474293 0.122 78.7 211.5 325.1 378.6 80
2021000000474293 0.122 39.7 281.6 96.5 364.6 80
2021000000474293 0.119 159.6 184.1 480.1 331.7 80
2021000000474293 0.118 170.7 229.3 427.0 370.8 80
2021000000474293 0.118 354.8 160.5 550.9 372.9 80
2021000000474293 0.117 103.9 167.9 361.6 324.8 80
2021000000474293 0.116 52.6 174.7 232.4 344.5 80
2021000000474293 0.115 251.0 282.3 391.6 352.6 80
2021000000474293 0.115 375.4 158.0 603.7 249.3 80
2021000000474293 0.114 485.8 183.9 599.2 307.0 80
2021000000474293 0.114 121.3 317.9 193.7 376.1 80
2021000000474293 0.113 585.9 64.6 653.9 184.4 80
2021000000474293 0.111 -23.2 152.7 294.9 239.8 80
2021000000474293 0.111 38.3 88.7 413.4 177.0 80
2021000000474293 0.111 174.8 296.0 307.2 366.5 80
2021000000474293 0.110 78.6 81.7 599.1 181.7 80
2021000000474293 0.109 -103.4 78.2 268.0 150.0 80
2021000000474293 0.109 417.6 271.7 536.6 369.3 80
2021000000474293 0.108 208.4 24.9 726.9 85.6 80
2021000000474293 0.108 -177.8 17.0 281.9 55.8 80
2021000000474293 0.107 58.3 4.8 690.0 61.0 80
2021000000474293 0.106 556.7 252.3 638.6 451.4 14
2021000000474293 0.105 228.5 11.7 824.3 54.9 80
2021000000474293 0.105 -146.5 7.3 489.6 46.1 80
2021000000474293 0.104 -203.1 6.8 432.6 40.2 80
2021000000474293 0.103 262.1 9.5 879.6 45.6 80
2021000000474293 0.100 1.5 -0.2 640.5 34.7 80
2021000000474293 0.100 95.2 -1.8 734.2 32.7 80
2021000000474293 0.095 -60.6 -0.9 578.4 34.4 80
2021000000474293 0.095 -51.5 -2.2 587.5 26.1 80
2021000000474293 0.094 -268.5 -2.4 350.5 25.4 80
2021000000474293 0.093 -121.2 1.9 517.8 32.7 80
2021000000474293 0.092 527.3 258.1 637.8 479.4 14
2021000000474293 0.092 257.2 -1.0 896.1 30.8 80
2021000000474293 0.092 198.8 -1.0 837.5 31.1 80
2021000000474293 0.747 305.5 252.2 363.9 312.6 80
2021000000474293 0.720 24.8 -0.3 95.2 99.9 80
2021000000474293 0.710 239.6 235.5 289.0 301.4 80
2021000000474293 0.690 525.4 253.8 641.7 481.0 14
2021000000474293 0.680 364.3 206.1 384.3 238.6 80
2021000000474293 0.661 361.2 261.5 383.2 307.3 80
2021000000474293 0.647 577.3 432.7 639.4 479.3 80
2021000000474293 0.639 527.3 258.1 637.8 479.4 80
2021000000474293 0.637 355.6 257.8 381.9 307.0 80
2021000000474293 0.633 556.7 252.3 638.6 451.4 80
2021000000474293 0.610 620.2 208.2 642.0 288.1 80
2021000000474293 0.602 624.7 247.0 641.6 437.7 80
2021000000474293 0.602 619.4 261.1 639.8 320.4 80
2021000000474293 0.601 531.7 250.5 643.7 470.7 80
2021000000474293 0.586 619.1 264.5 637.8 330.2 80
2021000000474293 0.572 360.4 265.6 381.9 310.1 80
2021000000474293 0.540 464.2 462.0 594.1 480.1 80
2021000000474293 0.537 559.5 252.2 639.2 365.1 80
2021000000474293 0.486 587.7 64.3 639.7 507.6 80
2021000000474293 0.453 523.3 300.8 638.0 480.4 80
2021000000474293 0.445 544.2 266.2 648.3 485.0 80
2021000000474293 0.415 238.1 467.3 424.6 480.3 80
2021000000474293 0.322 610.0 112.4 636.1 497.7 80
2021000000474293 0.219 163.9 467.9 494.5 480.3 80
2021000000474293 0.216 0.3 152.7 4.2 311.1 80
2021000000474293 0.214 0.2 260.2 5.6 431.6 80
2021000000474293 0.212 243.3 287.4 279.8 328.8 80
2021000000474293 0.211 -0.0 56.7 4.7 187.8 80
2021000000474293 0.210 0.1 4.5 6.4 96.0 80
2021000000474293 0.191 541.3 -4.1 629.3 474.1 80
2021000000474293 0.189 -4.1 430.9 31.1 486.6 80
2021000000474293 0.187 -0.2 93.9 14.7 434.1 80
2021000000474293 0.175 0.3 99.3 13.4 259.5 80
2021000000474293 0.172 0.5 50.0 28.5 423.7 80
2021000000474293 0.171 523.3 300.8 638.0 480.4 14
2021000000474293 0.167 0.3 278.8 40.9 478.6 80
2021000000474293 0.158 54.1 465.4 201.1 482.7 80
2021000000474293 0.156 444.0 131.3 628.4 469.3 80
2021000000474293 0.154 286.4 306.7 337.5 348.0 80
2021000000474293 0.153 404.0 443.8 563.3 478.0 80
2021000000474293 0.152 559.5 252.2 639.2 365.1 14
2021000000474293 0.151 142.7 462.3 287.3 482.2 80
2021000000474293 0.147 338.1 460.6 491.0 481.2 80
2021000000474293 0.143 26.2 301.6 198.3 472.2 80
2021000000474293 0.142 188.7 345.9 466.8 465.0 80
2021000000474293 0.141 88.3 434.5 231.7 476.0 80
2021000000474293 0.141 99.4 305.5 328.8 457.7 80
2021000000474293 0.139 287.9 306.4 531.5 455.6 80
2021000000474293 0.137 21.5 441.7 119.8 477.5 80
2021000000474293 0.137 525.4 253.8 641.7 481.0 80
2021000000474293 0.135 6.3 129.2 93.7 458.9 80
2021000000474293 0.134 189.6 430.8 327.6 472.9 80
2021000000474293 0.134 183.3 332.6 246.8 383.0 80
2021000000474293 0.132 273.5 433.6 408.8 473.7 80
2021000000474293 0.132 337.4 254.7 602.8 443.9 80
2021000000474293 0.131 191.3 268.9 460.7 435.0 80
2021000000474293 0.128 316.6 265.1 366.4 311.6 80
2021000000474293 0.128 122.8 245.9 399.1 417.8 80
2021000000474293 0.127 155.4 288.6 214.9 342.4 80
2021000000474293 0.127 47.7 226.5 293.3 414.5 80
2021000000474293 0.125 163.0 229.9 485.2 392.9 80
2021000000474293 0.124 23.8 166.6 229.3 397.8 80
2021000000474293 0.124 244.6 236.9 301.9 289.4 80
2021000000474293 0.123 299.5 198.2 564.9 385.9 80
2021000000474293 0.122 382.5 274.1 449.5 333.2 80
2021000000474293 0.122 78.7 211.5 325.1 378.6 80
2021000000474293 0.122 39.7 281.6 96.5 364.6 80
2021000000474293 0.119 159.6 184.1 480.1 331.7 80
2021000000474293 0.118 170.7 229.3 427.0 370.8 80
2021000000474293 0.118 354.8 160.5 550.9 372.9 80
2021000000474293 0.117 103.9 167.9 361.6 324.8 80
2021000000474293 0.116 52.6 174.7 232.4 344.5 80
2021000000474293 0.115 251.0 282.3 391.6 352.6 80
2021000000474293 0.115 375.4 158.0 603.7 249.3 80
2021000000474293 0.114 485.8 183.9 599.2 307.0 80
2021000000474293 0.114 121.3 317.9 193.7 376.1 80
2021000000474293 0.113 585.9 64.6 653.9 184.4 80
2021000000474293 0.111 -23.2 152.7 294.9 239.8 80
2021000000474293 0.111 38.3 88.7 413.4 177.0 80
2021000000474293 0.111 174.8 296.0 307.2 366.5 80
2021000000474293 0.110 78.6 81.7 599.1 181.7 80
2021000000474293 0.109 -103.4 78.2 268.0 150.0 80
2021000000474293 0.109 417.6 271.7 536.6 369.3 80
2021000000474293 0.108 208.4 24.9 726.9 85.6 80
2021000000474293 0.108 -177.8 17.0 281.9 55.8 80
2021000000474293 0.107 58.3 4.8 690.0 61.0 80
2021000000474293 0.106 556.7 252.3 638.6 451.4 14
2021000000474293 0.105 228.5 11.7 824.3 54.9 80
2021000000474293 0.105 -146.5 7.3 489.6 46.1 80
2021000000474293 0.104 -203.1 6.8 432.6 40.2 80
2021000000474293 0.103 262.1 9.5 879.6 45.6 80
2021000000474293 0.100 1.5 -0.2 640.5 34.7 80
2021000000474293 0.100 95.2 -1.8 734.2 32.7 80
2021000000474293 0.095 -60.6 -0.9 578.4 34.4 80
2021000000474293 0.095 -51.5 -2.2 587.5 26.1 80
2021000000474293 0.094 -268.5 -2.4 350.5 25.4 80
2021000000474293 0.093 -121.2 1.9 517.8 32.7 80
2021000000474293 0.092 527.3 258.1 637.8 479.4 14
2021000000474293 0.092 257.2 -1.0 896.1 30.8 80
2021000000474293 0.092 198.8 -1.0 837.5 31.1 80
2021000000474293 0.747 305.5 252.2 363.9 312.6 80
2021000000474293 0.720 24.8 -0.3 95.2 99.9 80
2021000000474293 0.710 239.6 235.5 289.0 301.4 80
2021000000474293 0.690 525.4 253.8 641.7 481.0 14
2021000000474293 0.680 364.3 206.1 384.3 238.6 80
2021000000474293 0.661 361.2 261.5 383.2 307.3 80
2021000000474293 0.647 577.3 432.7 639.4 479.3 80
2021000000474293 0.639 527.3 258.1 637.8 479.4 80
2021000000474293 0.637 355.6 257.8 381.9 307.0 80
2021000000474293 0.633 556.7 252.3 638.6 451.4 80
2021000000474293 0.610 620.2 208.2 642.0 288.1 80
2021000000474293 0.602 624.7 247.0 641.6 437.7 80
2021000000474293 0.602 619.4 261.1 639.8 320.4 80
2021000000474293 0.601 531.7 250.5 643.7 470.7 80
2021000000474293 0.586 619.1 264.5 637.8 330.2 80
2021000000474293 0.572 360.4 265.6 381.9 310.1 80
2021000000474293 0.540 464.2 462.0 594.1 480.1 80
2021000000474293 0.537 559.5 252.2 639.2 365.1 80
2021000000474293 0.486 587.7 64.3 639.7 507.6 80
2021000000474293 0.453 523.3 300.8 638.0 480.4 80
2021000000474293 0.445 544.2 266.2 648.3 485.0 80
2021000000474293 0.415 238.1 467.3 424.6 480.3 80
2021000000474293 0.322 610.0 112.4 636.1 497.7 80
2021000000474293 0.219 163.9 467.9 494.5 480.3 80
2021000000474293 0.216 0.3 152.7 4.2 311.1 80
2021000000474293 0.214 0.2 260.2 5.6 431.6 80
2021000000474293 0.212 243.3 287.4 279.8 328.8 80
2021000000474293 0.211 -0.0 56.7 4.7 187.8 80
2021000000474293 0.210 0.1 4.5 6.4 96.0 80
2021000000474293 0.191 541.3 -4.1 629.3 474.1 80
2021000000474293 0.189 -4.1 430.9 31.1 486.6 80
2021000000474293 0.187 -0.2 93.9 14.7 434.1 80
2021000000474293 0.175 0.3 99.3 13.4 259.5 80
2021000000474293 0.172 0.5 50.0 28.5 423.7 80
2021000000474293 0.171 523.3 300.8 638.0 480.4 14
2021000000474293 0.167 0.3 278.8 40.9 478.6 80
2021000000474293 0.158 54.1 465.4 201.1 482.7 80
2021000000474293 0.156 444.0 131.3 628.4 469.3 80
2021000000474293 0.154 286.4 306.7 337.5 348.0 80
2021000000474293 0.153 404.0 443.8 563.3 478.0 80
2021000000474293 0.152 559.5 252.2 639.2 365.1 14
2021000000474293 0.151 142.7 462.3 287.3 482.2 80
2021000000474293 0.147 338.1 460.6 491.0 481.2 80
2021000000474293 0.143 26.2 301.6 198.3 472.2 80
2021000000474293 0.142 188.7 345.9 466.8 465.0 80
2021000000474293 0.141 88.3 434.5 231.7 476.0 80
2021000000474293 0.141 99.4 305.5 328.8 457.7 80
2021000000474293 0.139 287.9 306.4 531.5 455.6 80
2021000000474293 0.137 21.5 441.7 119.8 477.5 80
2021000000474293 0.137 525.4 253.8 641.7 481.0 80
2021000000474293 0.135 6.3 129.2 93.7 458.9 80
2021000000474293 0.134 189.6 430.8 327.6 472.9 80
2021000000474293 0.134 183.3 332.6 246.8 383.0 80
2021000000474293 0.132 273.5 433.6 408.8 473.7 80
2021000000474293 0.132 337.4 254.7 602.8 443.9 80
2021000000474293 0.131 191.3 268.9 460.7 435.0 80
2021000000474293 0.128 316.6 265.1 366.4 311.6 80
2021000000474293 0.128 122.8 245.9 399.1 417.8 80
2021000000474293 0.127 155.4 288.6 214.9 342.4 80
2021000000474293 0.127 47.7 226.5 293.3 414.5 80
2021000000474293 0.125 163.0 229.9 485.2 392.9 80
2021000000474293 0.124 23.8 166.6 229.3 397.8 80
2021000000474293 0.124 244.6 236.9 301.9 289.4 80
2021000000474293 0.123 299.5 198.2 564.9 385.9 80
2021000000474293 0.122 382.5 274.1 449.5 333.2 80
2021000000474293 0.122 78.7 211.5 325.1 378.6 80
2021000000474293 0.122 39.7 281.6 96.5 364.6 80
2021000000474293 0.119 159.6 184.1 480.1 331.7 80
2021000000474293 0.118 170.7 229.3 427.0 370.8 80
2021000000474293 0.118 354.8 160.5 550.9 372.9 80
2021000000474293 0.117 103.9 167.9 361.6 324.8 80
2021000000474293 0.116 52.6 174.7 232.4 344.5 80
2021000000474293 0.115 251.0 282.3 391.6 352.6 80
2021000000474293 0.115 375.4 158.0 603.7 249.3 80
2021000000474293 0.114 485.8 183.9 599.2 307.0 80
2021000000474293 0.114 121.3 317.9 193.7 376.1 80
2021000000474293 0.113 585.9 64.6 653.9 184.4 80
2021000000474293 0.111 -23.2 152.7 294.9 239.8 80
2021000000474293 0.111 38.3 88.7 413.4 177.0 80
2021000000474293 0.111 174.8 296.0 307.2 366.5 80
2021000000474293 0.110 78.6 81.7 599.1 181.7 80
2021000000474293 0.109 -103.4 78.2 268.0 150.0 80
2021000000474293 0.109 417.6 271.7 536.6 369.3 80
2021000000474293 0.108 208.4 24.9 726.9 85.6 80
2021000000474293 0.108 -177.8 17.0 281.9 55.8 80
2021000000474293 0.107 58.3 4.8 690.0 61.0 80
2021000000474293 0.106 556.7 252.3 638.6 451.4 14
2021000000474293 0.105 228.5 11.7 824.3 54.9 80
2021000000474293 0.105 -146.5 7.3 489.6 46.1 80
2021000000474293 0.104 -203.1 6.8 432.6 40.2 80
2021000000474293 0.103 262.1 9.5 879.6 45.6 80
2021000000474293 0.100 1.5 -0.2 640.5 34.7 80
2021000000474293 0.100 95.2 -1.8 734.2 32.7 80
2021000000474293 0.095 -60.6 -0.9 578.4 34.4 80
2021000000474293 0.095 -51.5 -2.2 587.5 26.1 80
2021000000474293 0.094 -268.5 -2.4 350.5 25.4 80
2021000000474293 0.093 -121.2 1.9 517.8 32.7 80
2021000000474293 0.092 527.3 258.1 637.8 479.4 14
2021000000474293 0.092 257.2 -1.0 896.1 30.8 80
2021000000474293 0.092 198.8 -1.0 837.5 31.1 80
2021000000474293 0.747 305.5 252.2 363.9 312.6 80
2021000000474293 0.720 24.8 -0.3 95.2 99.9 80
2021000000474293 0.710 239.6 235.5 289.0 301.4 80
2021000000474293 0.690 525.4 253.8 641.7 481.0 14
2021000000474293 0.680 364.3 206.1 384.3 238.6 80
2021000000474293 0.661 361.2 261.5 383.2 307.3 80
2021000000474293 0.647 577.3 432.7 639.4 479.3 80
2021000000474293 0.639 527.3 258.1 637.8 479.4 80
2021000000474293 0.637 355.6 257.8 381.9 307.0 80
2021000000474293 0.633 556.7 252.3 638.6 451.4 80
2021000000474293 0.610 620.2 208.2 642.0 288.1 80
2021000000474293 0.602 624.7 247.0 641.6 437.7 80
2021000000474293 0.602 619.4 261.1 639.8 320.4 80
2021000000474293 0.601 531.7 250.5 643.7 470.7 80
2021000000474293 0.586 619.1 264.5 637.8 330.2 80
2021000000474293 0.572 360.4 265.6 381.9 310.1 80
2021000000474293 0.540 464.2 462.0 594.1 480.1 80
2021000000474293 0.537 559.5 252.2 639.2 365.1 80
2021000000474293 0.486 587.7 64.3 639.7 507.6 80
2021000000474293 0.453 523.3 300.8 638.0 480.4 80
2021000000474293 0.445 544.2 266.2 648.3 485.0 80
2021000000474293 0.415 238.1 467.3 424.6 480.3 80
2021000000474293 0.322 610.0 112.4 636.1 497.7 80
2021000000474293 0.219 163.9 467.9 494.5 480.3 80
2021000000474293 0.216 0.3 152.7 4.2 311.1 80
2021000000474293 0.214 0.2 260.2 5.6 431.6 80
2021000000474293 0.212 243.3 287.4 279.8 328.8 80
2021000000474293 0.211 -0.0 56.7 4.7 187.8 80
2021000000474293 0.210 0.1 4.5 6.4 96.0 80
2021000000474293 0.191 541.3 -4.1 629.3 474.1 80
2021000000474293 0.189 -4.1 430.9 31.1 486.6 80
2021000000474293 0.187 -0.2 93.9 14.7 434.1 80
2021000000474293 0.175 0.3 99.3 13.4 259.5 80
2021000000474293 0.172 0.5 50.0 28.5 423.7 80
2021000000474293 0.171 523.3 300.8 638.0 480.4 14
2021000000474293 0.167 0.3 278.8 40.9 478.6 80
2021000000474293 0.158 54.1 465.4 201.1 482.7 80
2021000000474293 0.156 444.0 131.3 628.4 469.3 80
2021000000474293 0.154 286.4 306.7 337.5 348.0 80
2021000000474293 0.153 404.0 443.8 563.3 478.0 80
2021000000474293 0.152 559.5 252.2 639.2 365.1 14
2021000000474293 0.151 142.7 462.3 287.3 482.2 80
2021000000474293 0.147 338.1 460.6 491.0 481.2 80
2021000000474293 0.143 26.2 301.6 198.3 472.2 80
2021000000474293 0.142 188.7 345.9 466.8 465.0 80
2021000000474293 0.141 88.3 434.5 231.7 476.0 80
2021000000474293 0.141 99.4 305.5 328.8 457.7 80
2021000000474293 0.139 287.9 306.4 531.5 455.6 80
2021000000474293 0.137 21.5 441.7 119.8 477.5 80
2021000000474293 0.137 525.4 253.8 641.7 481.0 80
2021000000474293 0.135 6.3 129.2 93.7 458.9 80
2021000000474293 0.134 189.6 430.8 327.6 472.9 80
2021000000474293 0.134 183.3 332.6 246.8 383.0 80
2021000000474293 0.132 273.5 433.6 408.8 473.7 80
2021000000474293 0.132 337.4 254.7 602.8 443.9 80
2021000000474293 0.131 191.3 268.9 460.7 435.0 80
2021000000474293 0.128 316.6 265.1 366.4 311.6 80
2021000000474293 0.128 122.8 245.9 399.1 417.8 80
2021000000474293 0.127 155.4 288.6 214.9 342.4 80
2021000000474293 0.127 47.7 226.5 293.3 414.5 80
2021000000474293 0.125 163.0 229.9 485.2 392.9 80
2021000000474293 0.124 23.8 166.6 229.3 397.8 80
2021000000474293 0.124 244.6 236.9 301.9 289.4 80
2021000000474293 0.123 299.5 198.2 564.9 385.9 80
2021000000474293 0.122 382.5 274.1 449.5 333.2 80
2021000000474293 0.122 78.7 211.5 325.1 378.6 80
2021000000474293 0.122 39.7 281.6 96.5 364.6 80
2021000000474293 0.119 159.6 184.1 480.1 331.7 80
2021000000474293 0.118 170.7 229.3 427.0 370.8 80
2021000000474293 0.118 354.8 160.5 550.9 372.9 80
2021000000474293 0.117 103.9 167.9 361.6 324.8 80
2021000000474293 0.116 52.6 174.7 232.4 344.5 80
2021000000474293 0.115 251.0 282.3 391.6 352.6 80
2021000000474293 0.115 375.4 158.0 603.7 249.3 80
2021000000474293 0.114 485.8 183.9 599.2 307.0 80
2021000000474293 0.114 121.3 317.9 193.7 376.1 80
2021000000474293 0.113 585.9 64.6 653.9 184.4 80
2021000000474293 0.111 -23.2 152.7 294.9 239.8 80
2021000000474293 0.111 38.3 88.7 413.4 177.0 80
2021000000474293 0.111 174.8 296.0 307.2 366.5 80
2021000000474293 0.110 78.6 81.7 599.1 181.7 80
2021000000474293 0.109 -103.4 78.2 268.0 150.0 80
2021000000474293 0.109 417.6 271.7 536.6 369.3 80
2021000000474293 0.108 208.4 24.9 726.9 85.6 80
2021000000474293 0.108 -177.8 17.0 281.9 55.8 80
2021000000474293 0.107 58.3 4.8 690.0 61.0 80
2021000000474293 0.106 556.7 252.3 638.6 451.4 14
2021000000474293 0.105 228.5 11.7 824.3 54.9 80
2021000000474293 0.105 -146.5 7.3 489.6 46.1 80
2021000000474293 0.104 -203.1 6.8 432.6 40.2 80
2021000000474293 0.103 262.1 9.5 879.6 45.6 80
2021000000474293 0.100 1.5 -0.2 640.5 34.7 80
2021000000474293 0.100 95.2 -1.8 734.2 32.7 80
2021000000474293 0.095 -60.6 -0.9 578.4 34.4 80
2021000000474293 0.095 -51.5 -2.2 587.5 26.1 80
2021000000474293 0.094 -268.5 -2.4 350.5 25.4 80
2021000000474293 0.093 -121.2 1.9 517.8 32.7 80
2021000000474293 0.092 527.3 258.1 637.8 479.4 14
2021000000474293 0.092 257.2 -1.0 896.1 30.8 80
2021000000474293 0.092 198.8 -1.0 837.5 31.1 80
2021000000474293 0.000 309.5 93.5 477.1 291.4 80
2021000000474293 0.000 0.9 54.9 132.5 317.2 80
2021000000474293 0.000 183.6 173.7 269.1 259.1 80
2021000000474293 0.000 270.3 142.8 352.4 227.9 80
2021000000474293 0.000 474.6 139.5 622.4 344.0 80
2021000000474293 0.000 327.1 176.3 405.8 261.8 80
2021000000474293 0.000 200.2 40.0 389.1 270.9 80
2021000000474293 0.000 57.9 278.5 137.4 369.8 80
2021000000474293 0.000 174.2 105.0 265.7 193.9 80
2021000000474293 0.000 104.1 150.3 188.1 238.7 80
2021000000474293 0.000 253.0 66.1 348.6 153.4 80
2021000000474293 0.000 580.3 164.1 639.5 270.3 80
2021000000474293 0.000 496.1 124.2 591.0 210.2 80
2021000000474293 0.000 446.0 185.7 526.1 270.2 80
2021000000474293 0.000 174.9 279.1 258.3 374.7 80
2021000000474293 0.000 24.7 33.1 264.3 249.3 80
2021000000474293 0.000 1.6 257.4 61.5 364.8 80
2021000000474293 0.000 381.1 218.2 460.6 302.3 80
2021000000474293 0.000 580.1 246.6 639.5 352.7 80
2021000000474293 0.000 455.8 252.8 532.1 340.1 80
2021000000474293 0.000 401.0 128.9 481.6 214.7 80
2021000000474293 0.000 414.3 10.4 635.7 245.5 80
2021000000474293 0.000 367.7 169.8 621.8 329.9 80
2021000000474293 0.000 262.9 204.7 342.1 288.5 80
2021000000474293 0.000 0.8 160.8 130.7 458.1 80
2021000000474293 0.000 42.4 162.8 213.5 354.3 80
2021000000474293 0.000 1.0 193.6 60.2 300.2 80
2021000000474293 0.000 114.8 240.1 191.7 325.0 80
2021000000474293 0.000 574.5 68.9 639.7 196.4 80
2021000000474293 0.000 150.7 207.0 298.4 405.1 80
2021000000474293 0.000 278.8 322.1 366.9 424.9 80
2021000000474293 0.000 190.8 220.1 269.9 304.2 80
2021000000474293 0.000 524.6 225.8 607.8 310.2 80
2021000000474293 0.000 34.3 198.2 121.5 282.7 80
2021000000474293 0.000 414.3 279.0 491.7 377.7 80
2021000000474293 0.000 259.2 149.1 408.4 353.2 80
2021000000474293 0.000 227.0 72.1 603.2 342.2 80
2021000000474293 0.000 322.7 158.4 469.5 445.3 80
2021000000474293 0.000 0.3 115.4 65.7 222.4 80
2021000000474293 0.000 0.6 27.9 66.3 135.7 80
2021000000474293 0.000 59.2 138.1 364.3 331.4 80
2021000000474293 0.000 129.1 64.4 313.7 405.8 80
2021000000474293 0.000 326.8 4.4 421.7 93.9 80
2021000000474293 0.000 413.0 60.5 519.9 148.9 80
2021000000474293 0.000 55.1 27.1 491.3 330.7 80
2021000000474293 0.000 0.6 319.1 74.7 473.3 80
2021000000474293 0.000 228.3 281.8 304.6 384.6 80
2021000000474293 0.000 566.4 313.4 639.5 471.7 80
2021000000474293 0.000 510.0 145.0 639.5 455.1 80
2021000000474293 0.000 13.2 13.3 629.1 255.5 80
2021000000474293 0.000 330.7 54.0 548.1 398.2 80
2021000000474293 0.000 114.9 21.3 522.3 466.7 80
2021000000474293 0.000 327.6 216.2 468.0 386.5 80
2021000000474293 0.000 -3.3 6.7 366.2 475.7 80
2021000000474293 0.000 10.1 113.6 294.0 473.7 80
2021000000474293 0.000 0.6 29.0 187.7 465.4 80
2021000000474293 0.000 272.5 7.6 636.2 477.0 80
2021000000474293 0.000 167.6 100.1 471.2 467.9 80
2021000000474293 0.000 199.6 258.0 449.4 472.8 80
2021000000474293 0.000 217.7 135.9 397.2 452.2 80
2021000000474293 0.000 196.0 26.6 455.0 461.9 80
2021000000474293 0.000 457.4 22.9 641.1 462.3 80
2021000000474293 0.000 87.7 86.9 572.7 411.4 80
2021000000474293 0.000 226.3 10.3 534.9 162.7 80
2021000000474293 0.000 55.5 326.0 370.6 478.2 80
2021000000474293 0.000 2.7 87.3 468.6 472.6 80
2021000000474293 0.000 6.3 357.0 167.0 479.1 80
2021000000474293 0.000 15.1 234.0 237.0 468.2 80
2021000000474293 0.000 390.5 230.2 617.4 467.3 80
2021000000474293 0.000 281.3 254.4 356.3 338.8 80
2021000000474293 0.000 30.8 187.0 432.8 466.7 80
2021000000474293 0.000 2.9 1.4 528.4 477.4 80
2021000000474293 0.000 192.8 167.8 455.2 292.6 80
2021000000474293 0.000 350.8 109.9 628.0 477.5 80
2021000000474293 0.000 3.6 292.2 634.8 479.2 80
2021000000474293 0.000 282.2 329.1 607.6 478.1 80
2021000000474293 0.000 107.9 1.1 635.1 477.3 80
2021000000474293 0.000 202.7 86.5 633.6 475.1 80
2021000000474293 0.000 201.8 192.4 593.0 467.1 80
2021000000474293 0.000 463.8 313.5 632.7 472.2 80
2021000000474293 0.000 56.5 77.3 150.1 175.0 80
2021000000474293 0.000 166.0 130.1 468.3 376.3 80
2021000000474293 0.000 28.3 55.2 611.2 469.2 80
2021000000474293 0.000 76.8 181.9 524.2 348.1 80
2021000000474293 0.000 0.2 128.8 638.7 469.2 80
2021000000474293 0.000 312.1 258.2 382.3 350.5 80
2021000000474293 0.000 15.9 120.9 627.0 347.9 80
2021000000474293 0.000 0.8 0.1 639.6 478.6 80
2021000000474293 0.000 1.4 23.1 638.5 396.5 80
2021000000474293 0.000 366.2 320.1 436.2 408.4 80
2021000000474293 0.000 542.7 7.6 638.5 109.6 80
2021000000474293 0.000 15.9 120.9 627.0 347.9 0
2021000000474293 0.000 0.8 0.1 639.6 478.6 7
2021000000474293 0.000 10.1 113.6 294.0 473.7 14
2021000000474293 0.000 330.7 54.0 548.1 398.2 14
2021000000474293 0.000 129.1 64.4 313.7 405.8 14
2021000000474293 0.000 217.7 135.9 397.2 452.2 14
2021000000474293 0.000 350.8 109.9 628.0 477.5 14
2021000000474293 0.000 196.0 26.6 455.0 461.9 14
2021000000474293 0.000 272.5 7.6 636.2 477.0 14
2021000000474293 0.000 309.5 93.5 477.1 291.4 80
2021000000474293 0.000 0.9 54.9 132.5 317.2 80
2021000000474293 0.000 183.6 173.7 269.1 259.1 80
2021000000474293 0.000 270.3 142.8 352.4 227.9 80
2021000000474293 0.000 474.6 139.5 622.4 344.0 80
2021000000474293 0.000 327.1 176.3 405.8 261.8 80
2021000000474293 0.000 200.2 40.0 389.1 270.9 80
2021000000474293 0.000 57.9 278.5 137.4 369.8 80
2021000000474293 0.000 174.2 105.0 265.7 193.9 80
2021000000474293 0.000 104.1 150.3 188.1 238.7 80
2021000000474293 0.000 253.0 66.1 348.6 153.4 80
2021000000474293 0.000 580.3 164.1 639.5 270.3 80
2021000000474293 0.000 496.1 124.2 591.0 210.2 80
2021000000474293 0.000 446.0 185.7 526.1 270.2 80
2021000000474293 0.000 174.9 279.1 258.3 374.7 80
2021000000474293 0.000 24.7 33.1 264.3 249.3 80
2021000000474293 0.000 1.6 257.4 61.5 364.8 80
2021000000474293 0.000 381.1 218.2 460.6 302.3 80
2021000000474293 0.000 580.1 246.6 639.5 352.7 80
2021000000474293 0.000 455.8 252.8 532.1 340.1 80
2021000000474293 0.000 401.0 128.9 481.6 214.7 80
2021000000474293 0.000 414.3 10.4 635.7 245.5 80
2021000000474293 0.000 367.7 169.8 621.8 329.9 80
2021000000474293 0.000 262.9 204.7 342.1 288.5 80
2021000000474293 0.000 0.8 160.8 130.7 458.1 80
2021000000474293 0.000 42.4 162.8 213.5 354.3 80
2021000000474293 0.000 1.0 193.6 60.2 300.2 80
2021000000474293 0.000 114.8 240.1 191.7 325.0 80
2021000000474293 0.000 574.5 68.9 639.7 196.4 80
2021000000474293 0.000 150.7 207.0 298.4 405.1 80
2021000000474293 0.000 278.8 322.1 366.9 424.9 80
2021000000474293 0.000 190.8 220.1 269.9 304.2 80
2021000000474293 0.000 524.6 225.8 607.8 310.2 80
2021000000474293 0.000 34.3 198.2 121.5 282.7 80
2021000000474293 0.000 414.3 279.0 491.7 377.7 80
2021000000474293 0.000 259.2 149.1 408.4 353.2 80
2021000000474293 0.000 227.0 72.1 603.2 342.2 80
2021000000474293 0.000 322.7 158.4 469.5 445.3 80
2021000000474293 0.000 0.3 115.4 65.7 222.4 80
2021000000474293 0.000 0.6 27.9 66.3 135.7 80
2021000000474293 0.000 59.2 138.1 364.3 331.4 80
2021000000474293 0.000 129.1 64.4 313.7 405.8 80
2021000000474293 0.000 326.8 4.4 421.7 93.9 80
2021000000474293 0.000 413.0 60.5 519.9 148.9 80
2021000000474293 0.000 55.1 27.1 491.3 330.7 80
2021000000474293 0.000 0.6 319.1 74.7 473.3 80
2021000000474293 0.000 228.3 281.8 304.6 384.6 80
2021000000474293 0.000 566.4 313.4 639.5 471.7 80
2021000000474293 0.000 510.0 145.0 639.5 455.1 80
2021000000474293 0.000 13.2 13.3 629.1 255.5 80
2021000000474293 0.000 330.7 54.0 548.1 398.2 80
2021000000474293 0.000 114.9 21.3 522.3 466.7 80
2021000000474293 0.000 327.6 216.2 468.0 386.5 80
2021000000474293 0.000 -3.3 6.7 366.2 475.7 80
2021000000474293 0.000 10.1 113.6 294.0 473.7 80
2021000000474293 0.000 0.6 29.0 187.7 465.4 80
2021000000474293 0.000 272.5 7.6 636.2 477.0 80
2021000000474293 0.000 167.6 100.1 471.2 467.9 80
2021000000474293 0.000 199.6 258.0 449.4 472.8 80
2021000000474293 0.000 217.7 135.9 397.2 452.2 80
2021000000474293 0.000 196.0 26.6 455.0 461.9 80
2021000000474293 0.000 457.4 22.9 641.1 462.3 80
2021000000474293 0.000 87.7 86.9 572.7 411.4 80
2021000000474293 0.000 226.3 10.3 534.9 162.7 80
2021000000474293 0.000 55.5 326.0 370.6 478.2 80
2021000000474293 0.000 2.7 87.3 468.6 472.6 80
2021000000474293 0.000 6.3 357.0 167.0 479.1 80
2021000000474293 0.000 15.1 234.0 237.0 468.2 80
2021000000474293 0.000 390.5 230.2 617.4 467.3 80
2021000000474293 0.000 281.3 254.4 356.3 338.8 80
2021000000474293 0.000 30.8 187.0 432.8 466.7 80
2021000000474293 0.000 2.9 1.4 528.4 477.4 80
2021000000474293 0.000 192.8 167.8 455.2 292.6 80
2021000000474293 0.000 350.8 109.9 628.0 477.5 80
2021000000474293 0.000 3.6 292.2 634.8 479.2 80
2021000000474293 0.000 282.2 329.1 607.6 478.1 80
2021000000474293 0.000 107.9 1.1 635.1 477.3 80
2021000000474293 0.000 202.7 86.5 633.6 475.1 80
2021000000474293 0.000 201.8 192.4 593.0 467.1 80
2021000000474293 0.000 463.8 313.5 632.7 472.2 80
2021000000474293 0.000 56.5 77.3 150.1 175.0 80
2021000000474293 0.000 166.0 130.1 468.3 376.3 80
2021000000474293 0.000 28.3 55.2 611.2 469.2 80
2021000000474293 0.000 76.8 181.9 524.2 348.1 80
2021000000474293 0.000 0.2 128.8 638.7 469.2 80
2021000000474293 0.000 312.1 258.2 382.3 350.5 80
2021000000474293 0.000 15.9 120.9 627.0 347.9 80
2021000000474293 0.000 0.8 0.1 639.6 478.6 80
2021000000474293 0.000 1.4 23.1 638.5 396.5 80
2021000000474293 0.000 366.2 320.1 436.2 408.4 80
2021000000474293 0.000 542.7 7.6 638.5 109.6 80
2021000000474293 0.000 15.9 120.9 627.0 347.9 0
2021000000474293 0.000 0.8 0.1 639.6 478.6 7
2021000000474293 0.000 10.1 113.6 294.0 473.7 14
2021000000474293 0.000 330.7 54.0 548.1 398.2 14
2021000000474293 0.000 129.1 64.4 313.7 405.8 14
2021000000474293 0.000 217.7 135.9 397.2 452.2 14
2021000000474293 0.000 350.8 109.9 628.0 477.5 14
2021000000474293 0.000 196.0 26.6 455.0 461.9 14
2021000000474293 0.000 272.5 7.6 636.2 477.0 14
