2021000000191845 0.719 141.9 109.3 205.4 208.1 14
2021000000191845 0.684 271.9 195.6 333.3 281.0 14
2021000000191845 0.662 343.7 43.0 398.7 133.3 80
2021000000191845 0.659 217.4 64.8 331.4 205.5 80
2021000000191845 0.657 220.2 145.7 302.5 323.1 80
2021000000191845 0.654 201.6 92.9 307.3 319.3 80
2021000000191845 0.651 212.4 203.1 455.5 357.7 80
2021000000191845 0.647 341.7 35.6 406.2 147.1 14
2021000000191845 0.643 140.7 61.5 286.7 291.7 80
2021000000191845 0.642 609.0 238.9 639.2 313.3 80
2021000000191845 0.640 267.7 186.3 339.8 278.0 80
2021000000191845 0.639 270.1 187.5 342.0 285.4 80
2021000000191845 0.638 366.8 96.6 482.9 310.1 80
2021000000191845 0.637 90.3 81.7 209.6 270.1 80
2021000000191845 0.635 220.7 279.5 420.1 355.7 80
2021000000191845 0.631 516.5 304.0 574.0 358.7 80
2021000000191845 0.630 194.0 23.8 395.2 329.3 80
2021000000191845 0.622 248.9 28.8 350.9 155.3 80
2021000000191845 0.619 172.9 91.1 463.4 354.9 80
2021000000191845 0.611 608.7 139.9 640.5 323.6 80
2021000000191845 0.611 613.7 246.8 638.0 317.6 80
2021000000191845 0.609 197.6 58.7 244.2 132.7 80
2021000000191845 0.605 203.3 228.0 398.0 359.4 80
2021000000191845 0.604 452.0 282.5 575.1 359.6 80
2021000000191845 0.604 600.7 321.2 638.8 365.0 80
2021000000191845 0.604 69.2 320.6 233.9 362.2 80
2021000000191845 0.604 57.8 7.3 84.2 41.8 80
2021000000191845 0.602 114.4 12.9 495.2 353.1 80
2021000000191845 0.602 149.6 128.0 211.0 202.4 80
2021000000191845 0.602 385.9 158.8 479.9 308.0 80
2021000000191845 0.601 102.5 224.0 147.1 298.4 80
2021000000191845 0.601 103.7 148.7 278.0 341.9 80
2021000000191845 0.601 7.6 135.5 39.9 193.1 80
2021000000191845 0.600 146.3 108.9 202.3 202.4 80
2021000000191845 0.598 4.4 175.6 28.1 278.8 80
2021000000191845 0.598 4.9 191.5 49.8 312.4 80
2021000000191845 0.596 132.1 241.2 207.3 337.6 14
2021000000191845 0.596 408.0 214.7 446.4 303.8 80
2021000000191845 0.594 447.8 281.0 572.7 360.1 80
2021000000191845 0.591 19.0 87.0 70.7 126.2 80
2021000000191845 0.591 70.0 134.8 136.3 266.2 80
2021000000191845 0.591 66.7 98.0 126.8 175.4 80
2021000000191845 0.569 135.8 238.0 204.9 335.3 80
2021000000191845 0.569 303.6 314.4 545.1 361.5 80
2021000000191845 0.567 473.1 71.5 519.2 141.0 80
2021000000191845 0.563 446.3 301.6 572.2 362.7 80
2021000000191845 0.562 -0.4 201.1 49.4 316.7 14
2021000000191845 0.560 297.5 1.5 531.3 360.3 80
2021000000191845 0.554 594.9 62.8 639.6 185.5 80
2021000000191845 0.554 621.0 43.9 641.3 304.0 80
2021000000191845 0.551 257.1 329.5 374.3 359.3 80
2021000000191845 0.542 540.5 34.1 582.1 97.7 80
2021000000191845 0.540 373.7 -0.4 433.7 41.6 80
2021000000191845 0.540 522.6 -1.1 595.4 94.2 14
2021000000191845 0.535 442.3 28.5 486.5 118.3 80
2021000000191845 0.532 114.6 96.4 151.2 171.9 14
2021000000191845 0.529 152.3 122.1 213.1 205.8 80
2021000000191845 0.525 592.1 36.9 637.2 183.7 80
2021000000191845 0.514 449.2 9.8 491.4 83.0 80
2021000000191845 0.513 165.9 23.0 194.9 60.6 14
2021000000191845 0.506 228.9 22.7 356.2 196.2 80
2021000000191845 0.501 1.7 43.9 17.4 105.9 80
2021000000191845 0.495 442.9 28.9 485.3 122.4 80
2021000000191845 0.489 133.2 63.7 198.6 130.4 14
2021000000191845 0.489 282.1 240.8 393.2 362.6 80
2021000000191845 0.484 487.5 9.5 551.1 145.2 80
2021000000191845 0.482 491.5 0.1 557.5 128.4 14
2021000000191845 0.477 220.8 4.3 284.2 65.9 80
2021000000191845 0.474 574.6 66.8 624.2 136.0 14
2021000000191845 0.464 5.8 114.6 120.0 224.6 80
2021000000191845 0.461 493.8 1.7 566.3 92.6 80
2021000000191845 0.456 362.3 -3.4 400.9 55.4 80
2021000000191845 0.450 20.5 2.1 59.8 56.8 80
2021000000191845 0.450 229.0 28.1 291.8 85.1 80
2021000000191845 0.435 515.1 28.9 554.0 102.7 80
2021000000191845 0.419 232.5 35.6 352.5 195.7 14
2021000000191845 0.408 62.8 168.6 135.6 290.9 14
2021000000191845 0.407 242.0 -1.0 287.4 57.0 80
2021000000191845 0.403 243.0 -1.3 295.6 71.9 14
2021000000191845 0.397 598.4 68.2 632.1 121.5 80
2021000000191845 0.393 399.1 218.3 465.7 307.5 80
2021000000191845 0.391 393.4 161.9 472.2 310.5 80
2021000000191845 0.388 294.6 -1.8 356.5 31.2 80
2021000000191845 0.385 455.9 -1.9 534.1 148.4 14
2021000000191845 0.384 0.7 248.6 28.7 348.4 80
2021000000191845 0.384 53.5 89.5 123.0 151.2 80
2021000000191845 0.378 175.0 52.6 219.2 143.2 80
2021000000191845 0.375 102.2 80.2 146.7 120.1 14
2021000000191845 0.371 109.8 17.8 178.2 46.8 80
2021000000191845 0.363 208.2 349.0 272.7 360.8 80
2021000000191845 0.358 600.5 78.0 636.7 125.1 80
2021000000191845 0.353 393.4 161.9 472.2 310.5 14
2021000000191845 0.352 175.0 52.6 219.2 143.2 14
2021000000191845 0.352 229.7 92.2 403.6 352.8 80
2021000000191845 0.342 1.2 74.8 19.4 126.4 14
2021000000191845 0.340 53.5 89.5 123.0 151.2 14
2021000000191845 0.338 -3.5 87.6 43.1 370.4 80
2021000000191845 0.334 600.5 78.0 636.7 125.1 14
2021000000191845 0.327 455.9 -1.9 534.1 148.4 80
2021000000191845 0.317 1.2 74.8 19.4 126.4 80
2021000000191845 0.719 141.9 109.3 205.4 208.1 14
2021000000191845 0.684 271.9 195.6 333.3 281.0 14
2021000000191845 0.662 343.7 43.0 398.7 133.3 80
2021000000191845 0.659 217.4 64.8 331.4 205.5 80
2021000000191845 0.657 220.2 145.7 302.5 323.1 80
2021000000191845 0.654 201.6 92.9 307.3 319.3 80
2021000000191845 0.651 212.4 203.1 455.5 357.7 80
2021000000191845 0.647 341.7 35.6 406.2 147.1 14
2021000000191845 0.643 140.7 61.5 286.7 291.7 80
2021000000191845 0.642 609.0 238.9 639.2 313.3 80
2021000000191845 0.640 267.7 186.3 339.8 278.0 80
2021000000191845 0.639 270.1 187.5 342.0 285.4 80
2021000000191845 0.638 366.8 96.6 482.9 310.1 80
2021000000191845 0.637 90.3 81.7 209.6 270.1 80
2021000000191845 0.635 220.7 279.5 420.1 355.7 80
2021000000191845 0.631 516.5 304.0 574.0 358.7 80
2021000000191845 0.630 194.0 23.8 395.2 329.3 80
2021000000191845 0.622 248.9 28.8 350.9 155.3 80
2021000000191845 0.619 172.9 91.1 463.4 354.9 80
2021000000191845 0.611 608.7 139.9 640.5 323.6 80
2021000000191845 0.611 613.7 246.8 638.0 317.6 80
2021000000191845 0.609 197.6 58.7 244.2 132.7 80
2021000000191845 0.605 203.3 228.0 398.0 359.4 80
2021000000191845 0.604 452.0 282.5 575.1 359.6 80
2021000000191845 0.604 600.7 321.2 638.8 365.0 80
2021000000191845 0.604 69.2 320.6 233.9 362.2 80
2021000000191845 0.604 57.8 7.3 84.2 41.8 80
2021000000191845 0.602 114.4 12.9 495.2 353.1 80
2021000000191845 0.602 149.6 128.0 211.0 202.4 80
2021000000191845 0.602 385.9 158.8 479.9 308.0 80
2021000000191845 0.601 102.5 224.0 147.1 298.4 80
2021000000191845 0.601 103.7 148.7 278.0 341.9 80
2021000000191845 0.601 7.6 135.5 39.9 193.1 80
2021000000191845 0.600 146.3 108.9 202.3 202.4 80
2021000000191845 0.598 4.4 175.6 28.1 278.8 80
2021000000191845 0.598 4.9 191.5 49.8 312.4 80
2021000000191845 0.596 132.1 241.2 207.3 337.6 14
2021000000191845 0.596 408.0 214.7 446.4 303.8 80
2021000000191845 0.594 447.8 281.0 572.7 360.1 80
2021000000191845 0.591 19.0 87.0 70.7 126.2 80
2021000000191845 0.591 70.0 134.8 136.3 266.2 80
2021000000191845 0.591 66.7 98.0 126.8 175.4 80
2021000000191845 0.569 135.8 238.0 204.9 335.3 80
2021000000191845 0.569 303.6 314.4 545.1 361.5 80
2021000000191845 0.567 473.1 71.5 519.2 141.0 80
2021000000191845 0.563 446.3 301.6 572.2 362.7 80
2021000000191845 0.562 -0.4 201.1 49.4 316.7 14
2021000000191845 0.560 297.5 1.5 531.3 360.3 80
2021000000191845 0.554 594.9 62.8 639.6 185.5 80
2021000000191845 0.554 621.0 43.9 641.3 304.0 80
2021000000191845 0.551 257.1 329.5 374.3 359.3 80
2021000000191845 0.542 540.5 34.1 582.1 97.7 80
2021000000191845 0.540 373.7 -0.4 433.7 41.6 80
2021000000191845 0.540 522.6 -1.1 595.4 94.2 14
2021000000191845 0.535 442.3 28.5 486.5 118.3 80
2021000000191845 0.532 114.6 96.4 151.2 171.9 14
2021000000191845 0.529 152.3 122.1 213.1 205.8 80
2021000000191845 0.525 592.1 36.9 637.2 183.7 80
2021000000191845 0.514 449.2 9.8 491.4 83.0 80
2021000000191845 0.513 165.9 23.0 194.9 60.6 14
2021000000191845 0.506 228.9 22.7 356.2 196.2 80
2021000000191845 0.501 1.7 43.9 17.4 105.9 80
2021000000191845 0.495 442.9 28.9 485.3 122.4 80
2021000000191845 0.489 133.2 63.7 198.6 130.4 14
2021000000191845 0.489 282.1 240.8 393.2 362.6 80
2021000000191845 0.484 487.5 9.5 551.1 145.2 80
2021000000191845 0.482 491.5 0.1 557.5 128.4 14
2021000000191845 0.477 220.8 4.3 284.2 65.9 80
2021000000191845 0.474 574.6 66.8 624.2 136.0 14
2021000000191845 0.464 5.8 114.6 120.0 224.6 80
2021000000191845 0.461 493.8 1.7 566.3 92.6 80
2021000000191845 0.456 362.3 -3.4 400.9 55.4 80
2021000000191845 0.450 20.5 2.1 59.8 56.8 80
2021000000191845 0.450 229.0 28.1 291.8 85.1 80
2021000000191845 0.435 515.1 28.9 554.0 102.7 80
2021000000191845 0.419 232.5 35.6 352.5 195.7 14
2021000000191845 0.408 62.8 168.6 135.6 290.9 14
2021000000191845 0.407 242.0 -1.0 287.4 57.0 80
2021000000191845 0.403 243.0 -1.3 295.6 71.9 14
2021000000191845 0.397 598.4 68.2 632.1 121.5 80
2021000000191845 0.393 399.1 218.3 465.7 307.5 80
2021000000191845 0.391 393.4 161.9 472.2 310.5 80
2021000000191845 0.388 294.6 -1.8 356.5 31.2 80
2021000000191845 0.385 455.9 -1.9 534.1 148.4 14
2021000000191845 0.384 0.7 248.6 28.7 348.4 80
2021000000191845 0.384 53.5 89.5 123.0 151.2 80
2021000000191845 0.378 175.0 52.6 219.2 143.2 80
2021000000191845 0.375 102.2 80.2 146.7 120.1 14
2021000000191845 0.371 109.8 17.8 178.2 46.8 80
2021000000191845 0.363 208.2 349.0 272.7 360.8 80
2021000000191845 0.358 600.5 78.0 636.7 125.1 80
2021000000191845 0.353 393.4 161.9 472.2 310.5 14
2021000000191845 0.352 175.0 52.6 219.2 143.2 14
2021000000191845 0.352 229.7 92.2 403.6 352.8 80
2021000000191845 0.342 1.2 74.8 19.4 126.4 14
2021000000191845 0.340 53.5 89.5 123.0 151.2 14
2021000000191845 0.338 -3.5 87.6 43.1 370.4 80
2021000000191845 0.334 600.5 78.0 636.7 125.1 14
2021000000191845 0.327 455.9 -1.9 534.1 148.4 80
2021000000191845 0.317 1.2 74.8 19.4 126.4 80
2021000000191845 0.000 0.6 47.0 133.2 236.9 80
2021000000191845 0.000 262.9 49.2 336.9 118.0 80
2021000000191845 0.000 107.7 115.2 184.8 182.7 80
2021000000191845 0.000 182.2 80.7 257.9 149.9 80
2021000000191845 0.000 337.0 1.4 408.0 72.6 80
2021000000191845 0.000 329.4 135.3 404.0 200.1 80
2021000000191845 0.000 57.8 209.3 137.1 278.4 80
2021000000191845 0.000 165.6 93.3 280.5 212.9 80
2021000000191845 0.000 420.1 12.9 629.6 184.0 80
2021000000191845 0.000 477.8 105.5 620.1 259.6 80
2021000000191845 0.000 318.2 71.9 471.2 219.9 80
2021000000191845 0.000 1.8 194.8 61.3 274.3 80
2021000000191845 0.000 580.4 124.2 639.4 203.2 80
2021000000191845 0.000 279.1 222.1 353.0 325.1 80
2021000000191845 0.000 34.5 31.2 251.7 189.8 80
2021000000191845 0.000 116.5 182.6 189.9 248.1 80
2021000000191845 0.000 501.7 93.8 585.3 157.7 80
2021000000191845 0.000 274.1 111.3 349.2 176.5 80
2021000000191845 0.000 448.8 142.6 523.7 206.5 80
2021000000191845 0.000 -0.0 119.4 130.7 344.9 80
2021000000191845 0.000 43.9 124.0 212.4 265.6 80
2021000000191845 0.000 212.5 33.3 381.3 204.4 80
2021000000191845 0.000 424.4 46.6 508.8 114.6 80
2021000000191845 0.000 403.7 99.3 479.4 164.0 80
2021000000191845 0.000 574.3 51.5 639.7 148.6 80
2021000000191845 0.000 0.9 145.5 60.4 225.6 80
2021000000191845 0.000 459.5 190.5 526.0 258.3 80
2021000000191845 0.000 580.0 185.4 639.7 265.0 80
2021000000191845 0.000 383.2 166.8 459.0 229.9 80
2021000000191845 0.000 251.4 3.7 481.0 151.0 80
2021000000191845 0.000 35.9 150.1 120.1 213.3 80
2021000000191845 0.000 419.9 208.7 481.3 283.1 80
2021000000191845 0.000 192.2 167.4 268.7 230.7 80
2021000000191845 0.000 178.7 212.9 256.0 282.4 80
2021000000191845 0.000 360.2 226.7 424.8 319.2 80
2021000000191845 0.000 0.6 21.7 66.3 102.1 80
2021000000191845 0.000 281.2 191.3 356.3 254.8 80
2021000000191845 0.000 326.6 116.0 462.4 337.7 80
2021000000191845 0.000 0.9 238.9 74.4 357.4 80
2021000000191845 0.000 525.5 170.8 607.0 233.9 80
2021000000191845 0.000 265.2 111.4 404.0 275.3 80
2021000000191845 0.000 74.5 20.1 472.4 240.4 80
2021000000191845 0.000 12.8 10.6 351.2 356.1 80
2021000000191845 0.000 234.6 213.3 297.1 283.7 80
2021000000191845 0.000 155.9 158.1 295.2 306.0 80
2021000000191845 0.000 241.9 57.0 590.0 250.7 80
2021000000191845 0.000 61.9 107.7 361.6 249.5 80
2021000000191845 0.000 391.4 130.4 600.4 252.1 80
2021000000191845 0.000 28.0 17.2 610.2 186.7 80
2021000000191845 0.000 344.1 43.8 534.8 300.8 80
2021000000191845 0.000 214.5 187.3 443.8 353.1 80
2021000000191845 0.000 213.4 32.8 440.2 340.1 80
2021000000191845 0.000 125.6 15.0 506.3 353.3 80
2021000000191845 0.000 566.2 234.2 639.7 354.7 80
2021000000191845 0.000 264.8 156.6 340.6 219.5 80
2021000000191845 0.000 125.5 47.7 316.7 294.9 80
2021000000191845 0.000 276.2 6.9 633.3 358.7 80
2021000000191845 0.000 457.5 18.5 642.7 346.4 80
2021000000191845 0.000 510.0 103.9 638.7 342.4 80
2021000000191845 0.000 227.8 107.0 386.9 337.7 80
2021000000191845 0.000 -0.9 88.0 67.1 166.6 80
2021000000191845 0.000 -0.7 20.7 189.5 349.4 80
2021000000191845 0.000 15.4 84.7 287.7 356.4 80
2021000000191845 0.000 58.7 59.7 148.2 132.0 80
2021000000191845 0.000 391.9 173.7 616.8 351.1 80
2021000000191845 0.000 81.6 245.5 343.6 358.4 80
2021000000191845 0.000 6.1 267.8 166.7 360.2 80
2021000000191845 0.000 182.4 77.3 454.4 350.4 80
2021000000191845 0.000 6.2 1.1 517.8 358.7 80
2021000000191845 0.000 16.8 175.3 235.0 351.5 80
2021000000191845 0.000 111.9 1.1 628.7 358.4 80
2021000000191845 0.000 287.8 246.0 602.2 359.2 80
2021000000191845 0.000 28.6 219.4 615.5 356.7 80
2021000000191845 0.000 241.8 132.9 411.2 228.2 80
2021000000191845 0.000 331.7 160.7 462.3 298.3 80
2021000000191845 0.000 312.9 192.4 380.7 259.4 80
2021000000191845 0.000 362.6 85.1 615.4 357.0 80
2021000000191845 0.000 52.0 138.9 407.0 346.2 80
2021000000191845 0.000 10.5 64.1 457.6 355.8 80
2021000000191845 0.000 100.8 57.3 561.2 300.0 80
2021000000191845 0.000 217.9 63.2 616.4 350.6 80
2021000000191845 0.000 1.0 2.5 639.1 360.5 80
2021000000191845 0.000 219.2 143.0 572.2 347.9 80
2021000000191845 0.000 463.0 234.0 633.6 355.0 80
2021000000191845 0.000 176.7 93.0 454.6 281.7 80
2021000000191845 0.000 1.3 99.0 637.0 349.8 80
2021000000191845 0.000 31.4 39.9 601.4 342.7 80
2021000000191845 0.000 94.3 139.9 507.4 260.4 80
2021000000191845 0.000 31.5 89.8 606.1 256.5 80
2021000000191845 0.000 5.2 29.4 634.0 296.0 80
2021000000191845 0.000 542.8 6.0 638.5 82.4 80
2021000000191845 0.000 31.5 89.8 606.1 256.5 0
2021000000191845 0.000 125.5 47.7 316.7 294.9 14
2021000000191845 0.000 344.1 43.8 534.8 300.8 14
2021000000191845 0.000 227.8 107.0 386.9 337.7 14
2021000000191845 0.000 213.4 32.8 440.2 340.1 14
2021000000191845 0.000 15.4 84.7 287.7 356.4 14
2021000000191845 0.000 182.4 77.3 454.4 350.4 14
2021000000191845 0.000 193.2 288.9 300.5 353.6 80
2021000000191845 0.000 362.6 85.1 615.4 357.0 14
