2021000000159282 0.715 555.9 9.9 635.1 83.7 80
2021000000159282 0.704 589.9 0.6 641.4 72.6 80
2021000000159282 0.701 51.6 22.7 86.3 103.0 80
2021000000159282 0.672 313.5 111.4 512.4 414.5 80
2021000000159282 0.670 59.5 33.3 117.5 95.6 80
2021000000159282 0.668 79.6 3.9 514.1 334.4 80
2021000000159282 0.668 594.1 391.2 637.8 425.5 80
2021000000159282 0.658 78.8 6.0 381.9 394.3 80
2021000000159282 0.655 100.6 4.4 514.4 305.0 80
2021000000159282 0.655 68.6 -2.1 362.7 414.8 80
2021000000159282 0.622 551.6 7.2 643.3 121.6 80
2021000000159282 0.598 81.7 -1.4 491.5 417.3 80
2021000000159282 0.580 632.2 -7.6 640.8 184.7 80
2021000000159282 0.575 30.5 1.6 616.0 426.5 80
2021000000159282 0.572 311.5 111.6 515.8 416.8 80
2021000000159282 0.551 65.1 0.5 488.7 424.3 80
2021000000159282 0.524 85.5 10.2 513.3 367.9 80
2021000000159282 0.515 80.1 -0.1 523.4 424.2 15
2021000000159282 0.482 1.6 59.3 11.8 126.0 80
2021000000159282 0.449 636.9 250.6 640.2 388.0 80
2021000000159282 0.416 1.3 96.9 7.6 200.2 80
2021000000159282 0.407 637.5 150.5 640.2 289.2 80
2021000000159282 0.287 65.1 108.0 580.0 396.4 80
2021000000159282 0.287 437.6 415.6 622.6 427.0 80
2021000000159282 0.274 635.6 -14.1 641.5 317.7 80
2021000000159282 0.263 15.4 54.3 91.3 214.1 80
2021000000159282 0.258 600.2 16.4 649.5 441.4 80
2021000000159282 0.250 634.0 71.9 641.1 396.4 80
2021000000159282 0.233 0.5 105.4 4.1 292.9 80
2021000000159282 0.227 0.6 225.9 5.4 389.2 80
2021000000159282 0.215 80.1 -0.1 523.4 424.2 80
2021000000159282 0.212 0.3 63.4 12.5 385.7 80
2021000000159282 0.209 311.5 111.6 515.8 416.8 15
2021000000159282 0.200 -0.7 60.8 13.6 260.9 80
2021000000159282 0.198 154.0 415.4 508.7 427.4 80
2021000000159282 0.190 -3.1 370.1 31.2 433.8 80
2021000000159282 0.181 0.4 79.2 29.0 366.4 80
2021000000159282 0.178 1.1 202.1 32.5 432.0 80
2021000000159282 0.171 597.4 349.5 652.8 420.9 80
2021000000159282 0.169 77.1 113.6 323.6 382.8 80
2021000000159282 0.169 342.2 216.3 492.1 337.4 80
2021000000159282 0.159 538.5 123.0 644.7 412.5 80
2021000000159282 0.158 116.6 72.5 529.5 342.3 80
2021000000159282 0.158 -3.1 83.3 76.5 208.8 80
2021000000159282 0.151 425.4 257.3 639.8 422.0 80
2021000000159282 0.149 60.2 338.4 292.9 429.9 80
2021000000159282 0.147 102.1 244.2 545.1 400.7 80
2021000000159282 0.146 511.5 403.2 640.8 424.6 80
2021000000159282 0.142 384.1 386.7 558.5 422.6 80
2021000000159282 0.142 526.7 70.6 633.7 451.9 80
2021000000159282 0.141 447.5 105.4 641.0 398.1 80
2021000000159282 0.140 90.5 86.6 413.0 359.4 80
2021000000159282 0.140 51.9 225.6 397.0 398.8 80
2021000000159282 0.139 152.4 184.9 280.7 290.6 80
2021000000159282 0.139 5.6 223.1 255.3 408.1 80
2021000000159282 0.137 194.3 404.9 426.9 425.8 80
2021000000159282 0.137 70.8 195.4 459.0 375.8 80
2021000000159282 0.137 171.3 376.9 361.3 421.0 80
2021000000159282 0.136 103.8 140.2 501.5 350.9 80
2021000000159282 0.136 332.7 246.7 450.1 348.9 80
2021000000159282 0.135 291.3 211.2 616.5 382.9 80
2021000000159282 0.135 69.8 209.5 167.9 267.1 80
2021000000159282 0.135 231.9 226.0 572.5 386.2 80
2021000000159282 0.133 149.1 219.6 498.5 378.0 80
2021000000159282 0.133 5.5 123.3 131.7 402.9 80
2021000000159282 0.133 192.3 159.7 533.7 348.0 80
2021000000159282 0.132 261.2 373.0 434.5 420.4 80
2021000000159282 0.131 351.8 170.3 629.3 365.0 80
2021000000159282 0.131 57.9 409.3 219.5 428.5 80
2021000000159282 0.131 39.2 193.6 308.1 368.4 80
2021000000159282 0.131 144.0 407.4 297.2 427.8 80
2021000000159282 0.129 21.9 383.8 129.8 424.7 80
2021000000159282 0.128 55.2 89.6 279.6 347.5 80
2021000000159282 0.126 144.8 123.7 391.4 287.7 80
2021000000159282 0.126 343.1 403.7 492.3 426.9 80
2021000000159282 0.126 246.0 239.5 409.7 327.6 80
2021000000159282 0.126 463.2 270.5 537.7 339.0 80
2021000000159282 0.125 25.0 158.7 245.6 348.9 80
2021000000159282 0.125 132.0 213.8 268.6 320.6 80
2021000000159282 0.124 61.2 268.3 135.0 329.3 80
2021000000159282 0.123 297.7 135.5 512.5 330.6 80
2021000000159282 0.118 252.4 178.0 503.9 271.6 80
2021000000159282 0.115 114.1 266.7 219.3 332.4 80
2021000000159282 0.113 54.8 37.3 629.1 177.9 80
2021000000159282 0.109 -59.1 61.2 392.8 156.2 80
2021000000159282 0.108 -44.1 10.5 538.9 128.8 80
2021000000159282 0.108 198.6 78.9 763.2 172.7 80
2021000000159282 0.108 22.7 11.0 595.9 124.1 80
2021000000159282 0.106 135.4 30.2 742.4 127.3 80
2021000000159282 0.104 265.9 47.9 825.2 137.9 80
2021000000159282 0.102 291.9 4.2 857.5 75.3 80
2021000000159282 0.101 369.2 33.4 827.3 112.1 80
2021000000159282 0.100 194.3 3.4 832.7 67.6 80
2021000000159282 0.100 225.3 -10.3 860.1 33.2 80
2021000000159282 0.098 94.1 -5.6 733.1 41.5 80
2021000000159282 0.094 80.1 -0.1 523.4 424.2 8
2021000000159282 0.093 163.6 -7.7 802.6 33.4 80
2021000000159282 0.092 -272.9 -6.7 366.1 20.2 80
2021000000159282 0.091 -165.9 -6.4 473.1 22.4 80
2021000000159282 0.090 -110.6 -3.1 528.4 26.9 80
2021000000159282 0.715 555.9 9.9 635.1 83.7 80
2021000000159282 0.704 589.9 0.6 641.4 72.6 80
2021000000159282 0.701 51.6 22.7 86.3 103.0 80
2021000000159282 0.672 313.5 111.4 512.4 414.5 80
2021000000159282 0.670 59.5 33.3 117.5 95.6 80
2021000000159282 0.668 79.6 3.9 514.1 334.4 80
2021000000159282 0.668 594.1 391.2 637.8 425.5 80
2021000000159282 0.658 78.8 6.0 381.9 394.3 80
2021000000159282 0.655 100.6 4.4 514.4 305.0 80
2021000000159282 0.655 68.6 -2.1 362.7 414.8 80
2021000000159282 0.622 551.6 7.2 643.3 121.6 80
2021000000159282 0.598 81.7 -1.4 491.5 417.3 80
2021000000159282 0.580 632.2 -7.6 640.8 184.7 80
2021000000159282 0.575 30.5 1.6 616.0 426.5 80
2021000000159282 0.572 311.5 111.6 515.8 416.8 80
2021000000159282 0.551 65.1 0.5 488.7 424.3 80
2021000000159282 0.524 85.5 10.2 513.3 367.9 80
2021000000159282 0.515 80.1 -0.1 523.4 424.2 15
2021000000159282 0.482 1.6 59.3 11.8 126.0 80
2021000000159282 0.449 636.9 250.6 640.2 388.0 80
2021000000159282 0.416 1.3 96.9 7.6 200.2 80
2021000000159282 0.407 637.5 150.5 640.2 289.2 80
2021000000159282 0.287 65.1 108.0 580.0 396.4 80
2021000000159282 0.287 437.6 415.6 622.6 427.0 80
2021000000159282 0.274 635.6 -14.1 641.5 317.7 80
2021000000159282 0.263 15.4 54.3 91.3 214.1 80
2021000000159282 0.258 600.2 16.4 649.5 441.4 80
2021000000159282 0.250 634.0 71.9 641.1 396.4 80
2021000000159282 0.233 0.5 105.4 4.1 292.9 80
2021000000159282 0.227 0.6 225.9 5.4 389.2 80
2021000000159282 0.215 80.1 -0.1 523.4 424.2 80
2021000000159282 0.212 0.3 63.4 12.5 385.7 80
2021000000159282 0.209 311.5 111.6 515.8 416.8 15
2021000000159282 0.200 -0.7 60.8 13.6 260.9 80
2021000000159282 0.198 154.0 415.4 508.7 427.4 80
2021000000159282 0.190 -3.1 370.1 31.2 433.8 80
2021000000159282 0.181 0.4 79.2 29.0 366.4 80
2021000000159282 0.178 1.1 202.1 32.5 432.0 80
2021000000159282 0.171 597.4 349.5 652.8 420.9 80
2021000000159282 0.169 77.1 113.6 323.6 382.8 80
2021000000159282 0.169 342.2 216.3 492.1 337.4 80
2021000000159282 0.159 538.5 123.0 644.7 412.5 80
2021000000159282 0.158 116.6 72.5 529.5 342.3 80
2021000000159282 0.158 -3.1 83.3 76.5 208.8 80
2021000000159282 0.151 425.4 257.3 639.8 422.0 80
2021000000159282 0.149 60.2 338.4 292.9 429.9 80
2021000000159282 0.147 102.1 244.2 545.1 400.7 80
2021000000159282 0.146 511.5 403.2 640.8 424.6 80
2021000000159282 0.142 384.1 386.7 558.5 422.6 80
2021000000159282 0.142 526.7 70.6 633.7 451.9 80
2021000000159282 0.141 447.5 105.4 641.0 398.1 80
2021000000159282 0.140 90.5 86.6 413.0 359.4 80
2021000000159282 0.140 51.9 225.6 397.0 398.8 80
2021000000159282 0.139 152.4 184.9 280.7 290.6 80
2021000000159282 0.139 5.6 223.1 255.3 408.1 80
2021000000159282 0.137 194.3 404.9 426.9 425.8 80
2021000000159282 0.137 70.8 195.4 459.0 375.8 80
2021000000159282 0.137 171.3 376.9 361.3 421.0 80
2021000000159282 0.136 103.8 140.2 501.5 350.9 80
2021000000159282 0.136 332.7 246.7 450.1 348.9 80
2021000000159282 0.135 291.3 211.2 616.5 382.9 80
2021000000159282 0.135 69.8 209.5 167.9 267.1 80
2021000000159282 0.135 231.9 226.0 572.5 386.2 80
2021000000159282 0.133 149.1 219.6 498.5 378.0 80
2021000000159282 0.133 5.5 123.3 131.7 402.9 80
2021000000159282 0.133 192.3 159.7 533.7 348.0 80
2021000000159282 0.132 261.2 373.0 434.5 420.4 80
2021000000159282 0.131 351.8 170.3 629.3 365.0 80
2021000000159282 0.131 57.9 409.3 219.5 428.5 80
2021000000159282 0.131 39.2 193.6 308.1 368.4 80
2021000000159282 0.131 144.0 407.4 297.2 427.8 80
2021000000159282 0.129 21.9 383.8 129.8 424.7 80
2021000000159282 0.128 55.2 89.6 279.6 347.5 80
2021000000159282 0.126 144.8 123.7 391.4 287.7 80
2021000000159282 0.126 343.1 403.7 492.3 426.9 80
2021000000159282 0.126 246.0 239.5 409.7 327.6 80
2021000000159282 0.126 463.2 270.5 537.7 339.0 80
2021000000159282 0.125 25.0 158.7 245.6 348.9 80
2021000000159282 0.125 132.0 213.8 268.6 320.6 80
2021000000159282 0.124 61.2 268.3 135.0 329.3 80
2021000000159282 0.123 297.7 135.5 512.5 330.6 80
2021000000159282 0.118 252.4 178.0 503.9 271.6 80
2021000000159282 0.115 114.1 266.7 219.3 332.4 80
2021000000159282 0.113 54.8 37.3 629.1 177.9 80
2021000000159282 0.109 -59.1 61.2 392.8 156.2 80
2021000000159282 0.108 -44.1 10.5 538.9 128.8 80
2021000000159282 0.108 198.6 78.9 763.2 172.7 80
2021000000159282 0.108 22.7 11.0 595.9 124.1 80
2021000000159282 0.106 135.4 30.2 742.4 127.3 80
2021000000159282 0.104 265.9 47.9 825.2 137.9 80
2021000000159282 0.102 291.9 4.2 857.5 75.3 80
2021000000159282 0.101 369.2 33.4 827.3 112.1 80
2021000000159282 0.100 194.3 3.4 832.7 67.6 80
2021000000159282 0.100 225.3 -10.3 860.1 33.2 80
2021000000159282 0.098 94.1 -5.6 733.1 41.5 80
2021000000159282 0.094 80.1 -0.1 523.4 424.2 8
2021000000159282 0.093 163.6 -7.7 802.6 33.4 80
2021000000159282 0.092 -272.9 -6.7 366.1 20.2 80
2021000000159282 0.091 -165.9 -6.4 473.1 22.4 80
2021000000159282 0.090 -110.6 -3.1 528.4 26.9 80
2021000000159282 0.000 0.7 50.4 132.8 281.3 80
2021000000159282 0.000 313.5 82.3 473.8 259.8 80
2021000000159282 0.000 259.6 56.5 340.6 136.5 80
2021000000159282 0.000 328.1 157.9 405.0 233.9 80
2021000000159282 0.000 476.8 124.2 620.6 305.4 80
2021000000159282 0.000 58.5 247.4 136.7 328.6 80
2021000000159282 0.000 107.0 134.9 185.4 214.5 80
2021000000159282 0.000 170.1 119.4 279.1 248.2 80
2021000000159282 0.000 499.6 109.4 587.2 185.7 80
2021000000159282 0.000 580.3 146.1 639.5 239.9 80
2021000000159282 0.000 272.9 129.8 350.3 206.0 80
2021000000159282 0.000 180.7 93.4 259.1 174.7 80
2021000000159282 0.000 27.8 33.4 259.5 222.5 80
2021000000159282 0.000 416.8 13.1 632.9 218.0 80
2021000000159282 0.000 1.6 228.8 61.4 323.7 80
2021000000159282 0.000 207.1 36.9 383.3 240.6 80
2021000000159282 0.000 447.6 166.5 524.7 241.8 80
2021000000159282 0.000 281.2 272.7 359.7 383.4 80
2021000000159282 0.000 115.6 214.2 191.0 289.9 80
2021000000159282 0.000 402.5 115.6 480.3 191.8 80
2021000000159282 0.000 457.2 225.9 531.2 302.3 80
2021000000159282 0.000 41.2 144.4 214.8 314.3 80
2021000000159282 0.000 1.0 172.0 60.3 266.3 80
2021000000159282 0.000 580.1 218.9 639.6 312.9 80
2021000000159282 0.000 0.3 143.0 130.7 406.6 80
2021000000159282 0.000 574.5 61.4 639.6 174.2 80
2021000000159282 0.000 332.1 2.9 415.5 84.1 80
2021000000159282 0.000 175.8 248.0 257.9 330.8 80
2021000000159282 0.000 381.9 194.9 460.0 269.3 80
2021000000159282 0.000 36.2 177.0 119.8 251.7 80
2021000000159282 0.000 326.7 143.1 465.0 395.8 80
2021000000159282 0.000 152.2 182.7 297.6 359.8 80
2021000000159282 0.000 191.4 196.3 269.4 270.7 80
2021000000159282 0.000 374.8 151.1 615.2 295.1 80
2021000000159282 0.000 416.4 248.6 489.1 335.9 80
2021000000159282 0.000 0.6 25.3 66.3 120.4 80
2021000000159282 0.000 281.2 225.8 356.1 301.3 80
2021000000159282 0.000 62.2 24.0 483.7 292.0 80
2021000000159282 0.000 524.7 200.3 607.7 275.1 80
2021000000159282 0.000 262.4 134.1 405.9 319.0 80
2021000000159282 0.000 0.6 283.4 74.6 420.4 80
2021000000159282 0.000 230.2 252.2 304.8 338.3 80
2021000000159282 0.000 226.3 65.3 603.8 302.9 80
2021000000159282 0.000 63.1 124.5 360.6 293.4 80
2021000000159282 0.000 416.7 52.7 515.5 132.3 80
2021000000159282 0.000 129.2 55.9 312.7 354.9 80
2021000000159282 0.000 0.1 103.0 65.9 197.3 80
2021000000159282 0.000 263.8 182.6 342.0 257.6 80
2021000000159282 0.000 566.4 277.8 639.5 418.9 80
2021000000159282 0.000 19.0 16.0 622.5 223.2 80
2021000000159282 0.000 509.8 126.2 639.3 403.9 80
2021000000159282 0.000 1.6 6.8 361.3 422.0 80
2021000000159282 0.000 121.2 17.6 514.2 415.7 80
2021000000159282 0.000 335.8 47.6 542.9 356.0 80
2021000000159282 0.000 241.8 9.0 514.6 154.0 80
2021000000159282 0.000 1.2 27.1 187.5 413.0 80
2021000000159282 0.000 272.2 7.0 636.7 423.5 80
2021000000159282 0.000 205.3 224.3 447.1 418.2 80
2021000000159282 0.000 203.8 31.7 448.2 404.5 80
2021000000159282 0.000 457.5 21.1 641.7 409.2 80
2021000000159282 0.000 14.5 101.9 289.2 420.2 80
2021000000159282 0.000 358.9 271.4 430.6 376.3 80
2021000000159282 0.000 219.1 120.0 395.4 401.7 80
2021000000159282 0.000 169.6 88.2 468.5 415.0 80
2021000000159282 0.000 329.3 189.1 464.7 348.1 80
2021000000159282 0.000 6.1 317.1 167.0 425.2 80
2021000000159282 0.000 391.8 205.1 616.9 414.4 80
2021000000159282 0.000 68.8 289.7 356.2 423.3 80
2021000000159282 0.000 14.6 207.8 237.2 415.6 80
2021000000159282 0.000 4.0 1.2 525.2 423.6 80
2021000000159282 0.000 10.2 259.9 628.9 423.9 80
2021000000159282 0.000 6.0 73.6 462.5 419.5 80
2021000000159282 0.000 285.2 291.2 604.5 424.0 80
2021000000159282 0.000 92.0 72.8 568.9 363.9 80
2021000000159282 0.000 43.3 167.4 418.6 412.2 80
2021000000159282 0.000 109.4 1.0 633.2 423.5 80
2021000000159282 0.000 355.6 98.6 622.5 423.5 80
2021000000159282 0.000 207.9 150.6 442.0 262.0 80
2021000000159282 0.000 312.6 229.1 381.5 310.5 80
2021000000159282 0.000 215.5 171.6 577.4 411.9 80
2021000000159282 0.000 463.3 278.9 633.1 418.8 80
2021000000159282 0.000 56.7 68.7 150.0 155.4 80
2021000000159282 0.000 204.8 74.9 630.5 420.9 80
2021000000159282 0.000 172.4 116.8 460.3 333.8 80
2021000000159282 0.000 86.4 162.5 514.9 308.9 80
2021000000159282 0.000 28.5 48.6 607.3 411.1 80
2021000000159282 0.000 0.5 114.0 638.1 414.2 80
2021000000159282 0.000 0.8 0.8 639.5 425.0 80
2021000000159282 0.000 21.7 108.8 619.3 307.0 80
2021000000159282 0.000 2.9 26.7 636.7 349.5 80
2021000000159282 0.000 542.8 6.8 638.4 97.2 80
2021000000159282 0.000 21.7 108.8 619.3 307.0 0
2021000000159282 0.000 335.8 47.6 542.9 356.0 14
2021000000159282 0.000 219.1 120.0 395.4 401.7 14
2021000000159282 0.000 129.2 55.9 312.7 354.9 14
2021000000159282 0.000 203.8 31.7 448.2 404.5 14
2021000000159282 0.000 14.5 101.9 289.2 420.2 14
2021000000159282 0.000 355.6 98.6 622.5 423.5 14
2021000000159282 0.000 169.6 88.2 468.5 415.0 14
2021000000159282 0.000 197.1 343.4 304.9 419.9 80
