2021000202 0.754 177.2 152.8 311.1 256.4 80
2021000202 0.737 3.3 140.3 70.2 314.4 80
2021000202 0.714 0.1 48.8 106.9 342.2 80
2021000202 0.711 173.6 222.7 202.1 265.6 80
2021000202 0.709 170.9 218.9 236.8 375.1 80
2021000202 0.702 3.1 6.0 178.3 175.8 80
2021000202 0.701 182.8 173.9 274.0 253.0 80
2021000202 0.701 185.0 89.9 391.8 277.4 80
2021000202 0.698 181.4 181.2 276.2 251.8 80
2021000202 0.682 4.2 4.6 143.2 320.5 80
2021000202 0.678 3.1 314.1 55.1 374.5 80
2021000202 0.678 101.8 79.1 136.9 120.7 80
2021000202 0.672 191.6 84.2 438.9 369.7 80
2021000202 0.672 3.1 20.2 436.0 375.2 80
2021000202 0.670 1.7 305.2 217.5 373.1 80
2021000202 0.658 -3.9 1.9 297.2 375.5 80
2021000202 0.658 9.2 0.9 304.3 372.7 80
2021000202 0.654 198.2 346.3 303.5 373.9 80
2021000202 0.650 0.3 4.8 327.9 374.1 80
2021000202 0.643 476.2 326.5 499.1 375.0 80
2021000202 0.629 0.9 2.2 182.3 375.6 80
2021000202 0.628 421.9 123.6 453.0 161.5 80
2021000202 0.627 202.8 83.2 429.6 375.7 14
2021000202 0.626 -4.4 2.8 490.8 375.8 80
2021000202 0.623 422.5 111.4 496.9 356.0 80
2021000202 0.613 436.1 108.5 498.8 370.8 80
2021000202 0.609 177.3 73.0 437.3 366.2 80
2021000202 0.605 421.0 110.4 498.8 375.4 4
2021000202 0.603 178.8 251.2 256.8 381.5 80
2021000202 0.584 1.5 327.7 500.5 376.3 80
2021000202 0.549 204.7 190.9 274.6 243.0 80
2021000202 0.548 483.6 86.3 501.3 166.4 80
2021000202 0.540 180.0 69.6 453.8 363.3 80
2021000202 0.537 479.2 99.2 497.7 135.9 80
2021000202 0.534 464.0 190.6 504.9 375.7 80
2021000202 0.530 -1.3 251.1 254.1 377.3 80
2021000202 0.529 491.9 142.6 499.9 368.6 80
2021000202 0.527 482.9 53.7 500.9 130.1 80
2021000202 0.523 4.9 3.3 285.8 376.6 14
2021000202 0.510 479.2 113.1 499.1 323.6 80
2021000202 0.458 -10.8 184.3 235.6 378.2 80
2021000202 0.431 476.2 94.3 498.9 133.7 80
2021000202 0.362 473.2 31.7 499.3 387.7 80
2021000202 0.313 -1.3 8.4 12.3 324.4 80
2021000202 0.311 0.5 94.8 3.7 292.6 80
2021000202 0.306 88.5 360.1 286.2 376.4 80
2021000202 0.296 1.0 80.8 3.2 174.7 80
2021000202 0.292 -2.9 154.0 57.7 379.9 80
2021000202 0.284 0.7 181.9 4.5 363.0 80
2021000202 0.268 322.5 363.9 491.0 376.2 80
2021000202 0.249 476.2 94.3 498.9 133.7 15
2021000202 0.224 35.8 93.0 456.8 347.9 80
2021000202 0.217 0.4 1.4 4.4 83.7 80
2021000202 0.212 4.9 3.3 285.8 376.6 80
2021000202 0.207 479.2 113.1 499.1 323.6 4
2021000202 0.203 5.4 125.1 270.0 351.4 80
2021000202 0.200 446.0 187.8 486.9 346.6 80
2021000202 0.197 208.0 138.2 414.5 331.4 80
2021000202 0.187 263.1 337.3 485.4 376.7 80
2021000202 0.175 202.8 83.2 429.6 375.7 80
2021000202 0.173 382.2 335.9 516.8 379.8 80
2021000202 0.169 237.4 361.0 417.7 376.0 80
2021000202 0.166 -6.4 63.7 129.4 367.5 80
2021000202 0.160 410.9 168.2 499.5 264.4 80
2021000202 0.152 194.5 153.5 397.2 320.3 80
2021000202 0.152 15.0 81.2 305.0 333.6 80
2021000202 0.151 35.2 107.3 262.4 319.4 80
2021000202 0.149 -19.4 75.1 248.7 342.3 80
2021000202 0.148 5.9 343.9 115.4 375.6 80
2021000202 0.145 42.2 139.8 203.9 328.1 80
2021000202 0.143 328.5 187.0 515.9 370.1 80
2021000202 0.141 196.0 335.9 348.0 372.7 80
2021000202 0.140 89.1 232.2 420.3 359.0 80
2021000202 0.138 248.2 222.2 296.3 262.9 80
2021000202 0.137 265.1 203.8 361.9 279.7 80
2021000202 0.136 269.6 127.8 502.7 337.9 80
2021000202 0.136 46.9 201.0 296.9 351.0 80
2021000202 0.134 185.6 199.3 450.0 349.4 80
2021000202 0.134 222.9 185.9 490.6 344.7 80
2021000202 0.131 491.9 142.6 499.9 368.6 4
2021000202 0.128 128.4 196.6 380.1 336.5 80
2021000202 0.128 421.0 110.4 498.8 375.4 80
2021000202 0.122 295.8 154.9 372.8 206.7 80
2021000202 0.119 482.9 53.7 500.9 130.1 15
2021000202 0.119 55.6 142.6 243.4 284.4 80
2021000202 0.116 246.0 150.8 449.8 227.6 80
2021000202 0.115 314.3 201.0 477.2 293.6 80
2021000202 0.113 18.5 104.5 283.0 209.7 80
2021000202 0.113 85.0 116.6 298.3 198.8 80
2021000202 0.113 51.5 121.1 423.6 230.9 80
2021000202 0.108 336.1 99.4 539.9 195.7 80
2021000202 0.108 -125.8 10.6 264.9 80.5 80
2021000202 0.108 -131.2 31.8 220.8 116.0 80
2021000202 0.107 56.0 15.3 523.5 85.2 80
2021000202 0.107 225.4 34.2 580.3 97.0 80
2021000202 0.104 72.3 -1.1 569.9 37.4 80
2021000202 0.104 101.8 79.1 136.9 120.7 4
2021000202 0.104 -49.0 1.8 437.5 74.3 80
2021000202 0.103 -1.5 0.6 497.0 35.6 80
2021000202 0.093 125.8 -2.1 624.8 24.5 80
2021000202 0.754 177.2 152.8 311.1 256.4 80
2021000202 0.737 3.3 140.3 70.2 314.4 80
2021000202 0.714 0.1 48.8 106.9 342.2 80
2021000202 0.711 173.6 222.7 202.1 265.6 80
2021000202 0.709 170.9 218.9 236.8 375.1 80
2021000202 0.702 3.1 6.0 178.3 175.8 80
2021000202 0.701 182.8 173.9 274.0 253.0 80
2021000202 0.701 185.0 89.9 391.8 277.4 80
2021000202 0.698 181.4 181.2 276.2 251.8 80
2021000202 0.682 4.2 4.6 143.2 320.5 80
2021000202 0.678 3.1 314.1 55.1 374.5 80
2021000202 0.678 101.8 79.1 136.9 120.7 80
2021000202 0.672 191.6 84.2 438.9 369.7 80
2021000202 0.672 3.1 20.2 436.0 375.2 80
2021000202 0.670 1.7 305.2 217.5 373.1 80
2021000202 0.658 -3.9 1.9 297.2 375.5 80
2021000202 0.658 9.2 0.9 304.3 372.7 80
2021000202 0.654 198.2 346.3 303.5 373.9 80
2021000202 0.650 0.3 4.8 327.9 374.1 80
2021000202 0.643 476.2 326.5 499.1 375.0 80
2021000202 0.629 0.9 2.2 182.3 375.6 80
2021000202 0.628 421.9 123.6 453.0 161.5 80
2021000202 0.627 202.8 83.2 429.6 375.7 14
2021000202 0.626 -4.4 2.8 490.8 375.8 80
2021000202 0.623 422.5 111.4 496.9 356.0 80
2021000202 0.613 436.1 108.5 498.8 370.8 80
2021000202 0.609 177.3 73.0 437.3 366.2 80
2021000202 0.605 421.0 110.4 498.8 375.4 4
2021000202 0.603 178.8 251.2 256.8 381.5 80
2021000202 0.584 1.5 327.7 500.5 376.3 80
2021000202 0.549 204.7 190.9 274.6 243.0 80
2021000202 0.548 483.6 86.3 501.3 166.4 80
2021000202 0.540 180.0 69.6 453.8 363.3 80
2021000202 0.537 479.2 99.2 497.7 135.9 80
2021000202 0.534 464.0 190.6 504.9 375.7 80
2021000202 0.530 -1.3 251.1 254.1 377.3 80
2021000202 0.529 491.9 142.6 499.9 368.6 80
2021000202 0.527 482.9 53.7 500.9 130.1 80
2021000202 0.523 4.9 3.3 285.8 376.6 14
2021000202 0.510 479.2 113.1 499.1 323.6 80
2021000202 0.458 -10.8 184.3 235.6 378.2 80
2021000202 0.431 476.2 94.3 498.9 133.7 80
2021000202 0.362 473.2 31.7 499.3 387.7 80
2021000202 0.313 -1.3 8.4 12.3 324.4 80
2021000202 0.311 0.5 94.8 3.7 292.6 80
2021000202 0.306 88.5 360.1 286.2 376.4 80
2021000202 0.296 1.0 80.8 3.2 174.7 80
2021000202 0.292 -2.9 154.0 57.7 379.9 80
2021000202 0.284 0.7 181.9 4.5 363.0 80
2021000202 0.268 322.5 363.9 491.0 376.2 80
2021000202 0.249 476.2 94.3 498.9 133.7 15
2021000202 0.224 35.8 93.0 456.8 347.9 80
2021000202 0.217 0.4 1.4 4.4 83.7 80
2021000202 0.212 4.9 3.3 285.8 376.6 80
2021000202 0.207 479.2 113.1 499.1 323.6 4
2021000202 0.203 5.4 125.1 270.0 351.4 80
2021000202 0.200 446.0 187.8 486.9 346.6 80
2021000202 0.197 208.0 138.2 414.5 331.4 80
2021000202 0.187 263.1 337.3 485.4 376.7 80
2021000202 0.175 202.8 83.2 429.6 375.7 80
2021000202 0.173 382.2 335.9 516.8 379.8 80
2021000202 0.169 237.4 361.0 417.7 376.0 80
2021000202 0.166 -6.4 63.7 129.4 367.5 80
2021000202 0.160 410.9 168.2 499.5 264.4 80
2021000202 0.152 194.5 153.5 397.2 320.3 80
2021000202 0.152 15.0 81.2 305.0 333.6 80
2021000202 0.151 35.2 107.3 262.4 319.4 80
2021000202 0.149 -19.4 75.1 248.7 342.3 80
2021000202 0.148 5.9 343.9 115.4 375.6 80
2021000202 0.145 42.2 139.8 203.9 328.1 80
2021000202 0.143 328.5 187.0 515.9 370.1 80
2021000202 0.141 196.0 335.9 348.0 372.7 80
2021000202 0.140 89.1 232.2 420.3 359.0 80
2021000202 0.138 248.2 222.2 296.3 262.9 80
2021000202 0.137 265.1 203.8 361.9 279.7 80
2021000202 0.136 269.6 127.8 502.7 337.9 80
2021000202 0.136 46.9 201.0 296.9 351.0 80
2021000202 0.134 185.6 199.3 450.0 349.4 80
2021000202 0.134 222.9 185.9 490.6 344.7 80
2021000202 0.131 491.9 142.6 499.9 368.6 4
2021000202 0.128 128.4 196.6 380.1 336.5 80
2021000202 0.128 421.0 110.4 498.8 375.4 80
2021000202 0.122 295.8 154.9 372.8 206.7 80
2021000202 0.119 482.9 53.7 500.9 130.1 15
2021000202 0.119 55.6 142.6 243.4 284.4 80
2021000202 0.116 246.0 150.8 449.8 227.6 80
2021000202 0.115 314.3 201.0 477.2 293.6 80
2021000202 0.113 18.5 104.5 283.0 209.7 80
2021000202 0.113 85.0 116.6 298.3 198.8 80
2021000202 0.113 51.5 121.1 423.6 230.9 80
2021000202 0.108 336.1 99.4 539.9 195.7 80
2021000202 0.108 -125.8 10.6 264.9 80.5 80
2021000202 0.108 -131.2 31.8 220.8 116.0 80
2021000202 0.107 56.0 15.3 523.5 85.2 80
2021000202 0.107 225.4 34.2 580.3 97.0 80
2021000202 0.104 72.3 -1.1 569.9 37.4 80
2021000202 0.104 101.8 79.1 136.9 120.7 4
2021000202 0.104 -49.0 1.8 437.5 74.3 80
2021000202 0.103 -1.5 0.6 497.0 35.6 80
2021000202 0.093 125.8 -2.1 624.8 24.5 80
2021000202 0.000 242.0 73.2 372.7 227.7 80
2021000202 0.000 0.9 43.1 103.5 247.8 80
2021000202 0.000 143.7 135.9 210.3 202.4 80
2021000202 0.000 211.4 111.8 275.3 178.0 80
2021000202 0.000 371.0 109.2 486.3 268.7 80
2021000202 0.000 255.8 137.9 317.1 204.5 80
2021000202 0.000 156.6 31.4 304.0 211.6 80
2021000202 0.000 45.5 217.8 107.4 288.9 80
2021000202 0.000 136.3 82.3 207.6 151.5 80
2021000202 0.000 81.5 117.6 146.9 186.5 80
2021000202 0.000 197.9 51.8 272.4 119.8 80
2021000202 0.000 453.6 128.4 499.6 211.2 80
2021000202 0.000 387.8 97.3 461.7 164.2 80
2021000202 0.000 348.6 145.3 411.0 211.1 80
2021000202 0.000 136.9 218.3 201.8 292.7 80
2021000202 0.000 19.5 26.1 206.5 194.8 80
2021000202 0.000 1.5 201.3 48.0 285.0 80
2021000202 0.000 297.9 170.7 359.9 236.2 80
2021000202 0.000 453.4 192.9 499.6 275.6 80
2021000202 0.000 356.3 197.7 415.7 265.7 80
2021000202 0.000 313.5 100.9 376.2 167.7 80
2021000202 0.000 323.9 8.3 496.6 191.8 80
2021000202 0.000 287.5 132.8 485.8 257.7 80
2021000202 0.000 205.6 160.1 267.3 225.4 80
2021000202 0.000 0.9 125.8 102.1 357.9 80
2021000202 0.000 33.3 127.4 166.8 276.8 80
2021000202 0.000 1.0 151.5 47.1 234.6 80
2021000202 0.000 89.9 187.8 149.8 253.9 80
2021000202 0.000 449.0 54.1 499.7 153.4 80
2021000202 0.000 117.9 161.9 233.2 316.5 80
2021000202 0.000 218.0 251.8 286.7 331.9 80
2021000202 0.000 149.3 172.2 210.8 237.6 80
2021000202 0.000 410.1 176.6 474.8 242.3 80
2021000202 0.000 27.0 155.1 94.9 220.9 80
2021000202 0.000 323.9 218.2 384.1 295.1 80
2021000202 0.000 202.7 116.7 319.1 275.9 80
2021000202 0.000 177.6 56.6 471.2 267.4 80
2021000202 0.000 252.3 124.0 366.8 347.9 80
2021000202 0.000 0.5 90.4 51.3 173.8 80
2021000202 0.000 0.7 22.0 51.8 106.0 80
2021000202 0.000 46.4 108.1 284.6 258.9 80
2021000202 0.000 101.1 50.5 245.1 317.1 80
2021000202 0.000 255.5 3.7 329.5 73.3 80
2021000202 0.000 322.9 47.5 406.2 116.3 80
2021000202 0.000 43.3 21.4 383.8 258.4 80
2021000202 0.000 0.6 249.6 58.3 369.8 80
2021000202 0.000 178.6 220.3 238.0 300.5 80
2021000202 0.000 442.7 245.1 499.6 368.5 80
2021000202 0.000 398.6 113.5 499.6 355.5 80
2021000202 0.000 10.6 10.6 491.5 199.6 80
2021000202 0.000 258.6 42.4 428.2 311.1 80
2021000202 0.000 90.0 16.9 408.1 364.6 80
2021000202 0.000 256.1 169.2 365.6 301.9 80
2021000202 0.000 -2.4 5.4 286.1 371.6 80
2021000202 0.000 8.1 89.0 229.6 370.1 80
2021000202 0.000 0.7 22.9 146.6 363.6 80
2021000202 0.000 213.1 6.1 497.0 372.7 80
2021000202 0.000 131.2 78.4 368.1 365.5 80
2021000202 0.000 156.2 201.7 351.1 369.4 80
2021000202 0.000 170.3 106.4 310.3 353.3 80
2021000202 0.000 153.4 21.0 355.4 360.9 80
2021000202 0.000 357.6 18.1 500.9 361.1 80
2021000202 0.000 68.8 68.1 447.4 321.4 80
2021000202 0.000 177.0 8.2 417.9 127.1 80
2021000202 0.000 43.6 254.9 289.5 373.6 80
2021000202 0.000 2.3 68.4 366.1 369.3 80
2021000202 0.000 5.1 279.1 130.5 374.3 80
2021000202 0.000 12.0 183.0 185.2 365.8 80
2021000202 0.000 305.3 180.1 482.3 365.0 80
2021000202 0.000 220.0 199.0 278.3 264.7 80
2021000202 0.000 24.3 146.3 338.1 364.6 80
2021000202 0.000 2.5 1.3 412.8 373.0 80
2021000202 0.000 150.8 131.3 355.6 228.6 80
2021000202 0.000 274.3 86.1 490.6 373.1 80
2021000202 0.000 3.0 228.5 496.0 374.4 80
2021000202 0.000 220.7 257.3 474.7 373.5 80
2021000202 0.000 84.5 1.1 496.2 372.9 80
2021000202 0.000 158.6 67.8 495.0 371.2 80
2021000202 0.000 157.9 150.5 463.3 364.9 80
2021000202 0.000 362.6 245.1 494.3 368.9 80
2021000202 0.000 44.4 60.6 117.3 136.8 80
2021000202 0.000 129.9 101.9 365.9 294.0 80
2021000202 0.000 22.3 43.4 477.5 366.6 80
2021000202 0.000 60.2 142.4 409.5 272.0 80
2021000202 0.000 0.4 100.8 499.0 366.5 80
2021000202 0.000 244.0 202.0 298.7 273.9 80
2021000202 0.000 12.6 94.7 489.8 271.8 80
2021000202 0.000 0.8 0.3 499.7 373.9 80
2021000202 0.000 1.3 18.3 498.9 309.8 80
2021000202 0.000 286.3 250.3 340.8 319.0 80
2021000202 0.000 424.2 6.2 498.9 85.7 80
2021000202 0.000 12.6 94.7 489.8 271.8 0
2021000202 0.000 0.8 0.3 499.7 373.9 7
2021000202 0.000 8.1 89.0 229.6 370.1 14
2021000202 0.000 258.6 42.4 428.2 311.1 14
2021000202 0.000 101.1 50.5 245.1 317.1 14
2021000202 0.000 170.3 106.4 310.3 353.3 14
2021000202 0.000 274.3 86.1 490.6 373.1 14
2021000202 0.000 153.4 21.0 355.4 360.9 14
2021000202 0.000 213.1 6.1 497.0 372.7 14
