2021004297 0.703 2.7 132.3 302.9 377.3 80
2021004297 0.702 109.0 31.5 158.6 92.3 80
2021004297 0.701 210.9 12.9 449.1 270.9 80
2021004297 0.697 110.4 27.0 173.6 98.7 80
2021004297 0.695 202.5 9.0 489.4 313.3 14
2021004297 0.692 130.4 157.4 305.9 368.0 80
2021004297 0.692 0.8 307.4 38.0 373.5 80
2021004297 0.688 208.8 9.4 333.3 251.9 80
2021004297 0.683 122.9 157.8 314.6 375.8 80
2021004297 0.682 0.3 210.2 25.6 376.9 80
2021004297 0.680 196.2 1.6 393.4 345.5 80
2021004297 0.677 215.9 216.6 484.1 374.9 80
2021004297 0.673 200.8 165.9 274.4 251.0 80
2021004297 0.673 230.5 3.0 501.2 249.5 80
2021004297 0.672 171.0 8.8 485.2 261.6 80
2021004297 0.668 226.7 8.0 502.2 222.6 80
2021004297 0.664 31.8 157.5 502.1 379.8 80
2021004297 0.662 212.4 11.6 480.7 227.8 80
2021004297 0.651 104.7 156.9 311.7 375.2 11
2021004297 0.650 186.5 156.0 314.3 303.0 80
2021004297 0.648 469.6 332.3 499.1 377.8 80
2021004297 0.646 195.6 13.8 488.8 330.2 80
2021004297 0.646 16.0 109.0 505.7 380.5 80
2021004297 0.645 202.5 5.7 493.4 273.1 80
2021004297 0.643 447.8 157.2 500.6 348.5 80
2021004297 0.640 164.5 12.9 481.1 353.2 80
2021004297 0.638 212.1 7.3 490.5 323.7 80
2021004297 0.638 200.0 -0.4 294.5 67.3 80
2021004297 0.634 108.3 4.6 495.2 373.5 80
2021004297 0.630 86.0 317.9 387.8 371.6 80
2021004297 0.627 161.2 3.0 497.6 362.0 80
2021004297 0.623 1.3 166.6 54.3 373.3 80
2021004297 0.623 2.4 259.5 501.0 375.8 80
2021004297 0.620 -4.6 1.5 272.8 375.4 80
2021004297 0.619 434.5 32.6 496.9 311.1 80
2021004297 0.603 469.5 26.5 497.6 322.9 80
2021004297 0.597 421.2 44.4 499.3 371.3 80
2021004297 0.595 307.5 25.0 499.3 397.1 80
2021004297 0.590 188.9 155.8 318.8 339.9 80
2021004297 0.584 475.5 -2.3 499.5 197.0 80
2021004297 0.581 390.9 -5.0 496.6 225.7 80
2021004297 0.579 196.1 1.3 247.2 25.5 80
2021004297 0.577 168.2 282.8 493.4 378.4 80
2021004297 0.576 12.7 6.1 502.4 371.7 80
2021004297 0.565 457.6 42.9 499.3 238.3 80
2021004297 0.563 445.0 49.6 499.4 348.7 80
2021004297 0.562 296.4 -1.0 370.6 15.7 80
2021004297 0.538 373.4 1.4 502.2 147.4 80
2021004297 0.537 413.9 1.0 495.6 123.5 80
2021004297 0.534 424.0 -0.1 494.9 97.4 80
2021004297 0.527 369.6 1.9 461.4 24.2 80
2021004297 0.527 129.9 130.7 486.4 376.1 80
2021004297 0.524 207.3 0.5 304.1 16.3 80
2021004297 0.497 199.6 161.0 273.0 259.1 80
2021004297 0.495 302.4 0.7 456.8 23.1 80
2021004297 0.494 85.7 313.7 333.4 381.1 80
2021004297 0.483 495.7 85.5 500.3 344.0 80
2021004297 0.431 -1.8 68.6 29.2 381.8 80
2021004297 0.379 232.9 34.8 496.9 358.8 80
2021004297 0.378 389.2 0.9 496.8 94.5 80
2021004297 0.371 77.4 171.5 319.3 365.5 80
2021004297 0.364 298.4 -10.2 537.7 291.6 80
2021004297 0.355 389.2 0.9 496.8 94.5 14
2021004297 0.318 60.5 3.4 323.3 375.4 80
2021004297 0.279 0.2 71.3 4.1 337.0 80
2021004297 0.267 129.1 162.2 294.6 350.1 80
2021004297 0.264 -2.6 4.9 44.1 376.3 80
2021004297 0.241 -0.2 10.8 9.4 309.7 80
2021004297 0.239 0.7 39.3 3.4 165.8 80
2021004297 0.229 0.5 3.0 4.6 79.5 80
2021004297 0.204 199.6 161.0 273.0 259.1 11
2021004297 0.195 373.4 1.4 502.2 147.4 14
2021004297 0.189 161.0 14.8 460.7 191.5 80
2021004297 0.179 175.0 77.8 494.1 314.9 80
2021004297 0.177 4.1 20.4 88.4 362.4 80
2021004297 0.174 88.2 224.7 350.6 372.7 80
2021004297 0.167 424.0 -0.1 494.9 97.4 14
2021004297 0.166 188.9 155.8 318.8 339.9 11
2021004297 0.163 413.9 1.0 495.6 123.5 14
2021004297 0.154 170.2 310.1 390.3 379.4 80
2021004297 0.152 5.7 241.1 297.3 379.5 80
2021004297 0.148 149.9 249.7 207.0 307.4 80
2021004297 0.147 390.9 -5.0 496.6 225.7 14
2021004297 0.146 210.2 153.7 494.0 349.0 80
2021004297 0.143 -45.3 -3.6 453.6 25.7 80
2021004297 0.142 304.1 175.9 512.2 359.1 80
2021004297 0.141 104.7 156.9 311.7 375.2 7
2021004297 0.140 -0.4 92.9 105.8 360.6 80
2021004297 0.139 388.8 343.7 489.7 375.3 80
2021004297 0.137 -20.7 189.8 239.0 353.5 80
2021004297 0.135 322.1 358.1 454.3 378.7 80
2021004297 0.135 45.8 360.5 170.6 377.1 80
2021004297 0.132 38.0 155.9 297.5 322.1 80
2021004297 0.132 12.6 341.2 103.8 373.2 80
2021004297 0.128 1.4 120.6 218.3 324.4 80
2021004297 0.124 171.9 211.0 242.0 273.2 80
2021004297 0.118 89.5 38.9 398.4 189.6 80
2021004297 0.117 20.9 160.4 86.2 239.5 80
2021004297 0.113 27.0 137.7 261.0 236.7 80
2021004297 0.112 -19.3 128.6 221.7 218.4 80
2021004297 0.703 2.7 132.3 302.9 377.3 80
2021004297 0.702 109.0 31.5 158.6 92.3 80
2021004297 0.701 210.9 12.9 449.1 270.9 80
2021004297 0.697 110.4 27.0 173.6 98.7 80
2021004297 0.695 202.5 9.0 489.4 313.3 14
2021004297 0.692 130.4 157.4 305.9 368.0 80
2021004297 0.692 0.8 307.4 38.0 373.5 80
2021004297 0.688 208.8 9.4 333.3 251.9 80
2021004297 0.683 122.9 157.8 314.6 375.8 80
2021004297 0.682 0.3 210.2 25.6 376.9 80
2021004297 0.680 196.2 1.6 393.4 345.5 80
2021004297 0.677 215.9 216.6 484.1 374.9 80
2021004297 0.673 200.8 165.9 274.4 251.0 80
2021004297 0.673 230.5 3.0 501.2 249.5 80
2021004297 0.672 171.0 8.8 485.2 261.6 80
2021004297 0.668 226.7 8.0 502.2 222.6 80
2021004297 0.664 31.8 157.5 502.1 379.8 80
2021004297 0.662 212.4 11.6 480.7 227.8 80
2021004297 0.651 104.7 156.9 311.7 375.2 11
2021004297 0.650 186.5 156.0 314.3 303.0 80
2021004297 0.648 469.6 332.3 499.1 377.8 80
2021004297 0.646 195.6 13.8 488.8 330.2 80
2021004297 0.646 16.0 109.0 505.7 380.5 80
2021004297 0.645 202.5 5.7 493.4 273.1 80
2021004297 0.643 447.8 157.2 500.6 348.5 80
2021004297 0.640 164.5 12.9 481.1 353.2 80
2021004297 0.638 212.1 7.3 490.5 323.7 80
2021004297 0.638 200.0 -0.4 294.5 67.3 80
2021004297 0.634 108.3 4.6 495.2 373.5 80
2021004297 0.630 86.0 317.9 387.8 371.6 80
2021004297 0.627 161.2 3.0 497.6 362.0 80
2021004297 0.623 1.3 166.6 54.3 373.3 80
2021004297 0.623 2.4 259.5 501.0 375.8 80
2021004297 0.620 -4.6 1.5 272.8 375.4 80
2021004297 0.619 434.5 32.6 496.9 311.1 80
2021004297 0.603 469.5 26.5 497.6 322.9 80
2021004297 0.597 421.2 44.4 499.3 371.3 80
2021004297 0.595 307.5 25.0 499.3 397.1 80
2021004297 0.590 188.9 155.8 318.8 339.9 80
2021004297 0.584 475.5 -2.3 499.5 197.0 80
2021004297 0.581 390.9 -5.0 496.6 225.7 80
2021004297 0.579 196.1 1.3 247.2 25.5 80
2021004297 0.577 168.2 282.8 493.4 378.4 80
2021004297 0.576 12.7 6.1 502.4 371.7 80
2021004297 0.565 457.6 42.9 499.3 238.3 80
2021004297 0.563 445.0 49.6 499.4 348.7 80
2021004297 0.562 296.4 -1.0 370.6 15.7 80
2021004297 0.538 373.4 1.4 502.2 147.4 80
2021004297 0.537 413.9 1.0 495.6 123.5 80
2021004297 0.534 424.0 -0.1 494.9 97.4 80
2021004297 0.527 369.6 1.9 461.4 24.2 80
2021004297 0.527 129.9 130.7 486.4 376.1 80
2021004297 0.524 207.3 0.5 304.1 16.3 80
2021004297 0.497 199.6 161.0 273.0 259.1 80
2021004297 0.495 302.4 0.7 456.8 23.1 80
2021004297 0.494 85.7 313.7 333.4 381.1 80
2021004297 0.483 495.7 85.5 500.3 344.0 80
2021004297 0.431 -1.8 68.6 29.2 381.8 80
2021004297 0.379 232.9 34.8 496.9 358.8 80
2021004297 0.378 389.2 0.9 496.8 94.5 80
2021004297 0.371 77.4 171.5 319.3 365.5 80
2021004297 0.364 298.4 -10.2 537.7 291.6 80
2021004297 0.355 389.2 0.9 496.8 94.5 14
2021004297 0.318 60.5 3.4 323.3 375.4 80
2021004297 0.279 0.2 71.3 4.1 337.0 80
2021004297 0.267 129.1 162.2 294.6 350.1 80
2021004297 0.264 -2.6 4.9 44.1 376.3 80
2021004297 0.241 -0.2 10.8 9.4 309.7 80
2021004297 0.239 0.7 39.3 3.4 165.8 80
2021004297 0.229 0.5 3.0 4.6 79.5 80
2021004297 0.204 199.6 161.0 273.0 259.1 11
2021004297 0.195 373.4 1.4 502.2 147.4 14
2021004297 0.189 161.0 14.8 460.7 191.5 80
2021004297 0.179 175.0 77.8 494.1 314.9 80
2021004297 0.177 4.1 20.4 88.4 362.4 80
2021004297 0.174 88.2 224.7 350.6 372.7 80
2021004297 0.167 424.0 -0.1 494.9 97.4 14
2021004297 0.166 188.9 155.8 318.8 339.9 11
2021004297 0.163 413.9 1.0 495.6 123.5 14
2021004297 0.154 170.2 310.1 390.3 379.4 80
2021004297 0.152 5.7 241.1 297.3 379.5 80
2021004297 0.148 149.9 249.7 207.0 307.4 80
2021004297 0.147 390.9 -5.0 496.6 225.7 14
2021004297 0.146 210.2 153.7 494.0 349.0 80
2021004297 0.143 -45.3 -3.6 453.6 25.7 80
2021004297 0.142 304.1 175.9 512.2 359.1 80
2021004297 0.141 104.7 156.9 311.7 375.2 7
2021004297 0.140 -0.4 92.9 105.8 360.6 80
2021004297 0.139 388.8 343.7 489.7 375.3 80
2021004297 0.137 -20.7 189.8 239.0 353.5 80
2021004297 0.135 322.1 358.1 454.3 378.7 80
2021004297 0.135 45.8 360.5 170.6 377.1 80
2021004297 0.132 38.0 155.9 297.5 322.1 80
2021004297 0.132 12.6 341.2 103.8 373.2 80
2021004297 0.128 1.4 120.6 218.3 324.4 80
2021004297 0.124 171.9 211.0 242.0 273.2 80
2021004297 0.118 89.5 38.9 398.4 189.6 80
2021004297 0.117 20.9 160.4 86.2 239.5 80
2021004297 0.113 27.0 137.7 261.0 236.7 80
2021004297 0.112 -19.3 128.6 221.7 218.4 80
2021004297 0.000 242.0 73.2 372.7 227.7 80
2021004297 0.000 0.9 43.1 103.5 247.8 80
2021004297 0.000 143.7 135.9 210.3 202.4 80
2021004297 0.000 211.4 111.8 275.3 178.0 80
2021004297 0.000 371.0 109.2 486.3 268.7 80
2021004297 0.000 255.8 137.9 317.1 204.5 80
2021004297 0.000 156.6 31.4 304.0 211.6 80
2021004297 0.000 45.5 217.8 107.4 288.9 80
2021004297 0.000 136.3 82.3 207.6 151.5 80
2021004297 0.000 81.5 117.6 146.9 186.5 80
2021004297 0.000 197.9 51.8 272.4 119.8 80
2021004297 0.000 453.6 128.4 499.6 211.2 80
2021004297 0.000 387.8 97.3 461.7 164.2 80
2021004297 0.000 348.6 145.3 411.0 211.1 80
2021004297 0.000 136.9 218.3 201.8 292.7 80
2021004297 0.000 19.5 26.1 206.5 194.8 80
2021004297 0.000 1.5 201.3 48.0 285.0 80
2021004297 0.000 297.9 170.7 359.9 236.2 80
2021004297 0.000 453.4 192.9 499.6 275.6 80
2021004297 0.000 356.3 197.7 415.7 265.7 80
2021004297 0.000 313.5 100.9 376.2 167.7 80
2021004297 0.000 323.9 8.3 496.6 191.8 80
2021004297 0.000 287.5 132.8 485.8 257.7 80
2021004297 0.000 205.6 160.1 267.3 225.4 80
2021004297 0.000 0.9 125.8 102.1 357.9 80
2021004297 0.000 33.3 127.4 166.8 276.8 80
2021004297 0.000 1.0 151.5 47.1 234.6 80
2021004297 0.000 89.9 187.8 149.8 253.9 80
2021004297 0.000 449.0 54.1 499.7 153.4 80
2021004297 0.000 117.9 161.9 233.2 316.5 80
2021004297 0.000 218.0 251.8 286.7 331.9 80
2021004297 0.000 149.3 172.2 210.8 237.6 80
2021004297 0.000 410.1 176.6 474.8 242.3 80
2021004297 0.000 27.0 155.1 94.9 220.9 80
2021004297 0.000 323.9 218.2 384.1 295.1 80
2021004297 0.000 202.7 116.7 319.1 275.9 80
2021004297 0.000 177.6 56.6 471.2 267.4 80
2021004297 0.000 252.3 124.0 366.8 347.9 80
2021004297 0.000 0.5 90.4 51.3 173.8 80
2021004297 0.000 0.7 22.0 51.8 106.0 80
2021004297 0.000 46.4 108.1 284.6 258.9 80
2021004297 0.000 101.1 50.5 245.1 317.1 80
2021004297 0.000 255.5 3.7 329.5 73.3 80
2021004297 0.000 322.9 47.5 406.2 116.3 80
2021004297 0.000 43.3 21.4 383.8 258.4 80
2021004297 0.000 0.6 249.6 58.3 369.8 80
2021004297 0.000 178.6 220.3 238.0 300.5 80
2021004297 0.000 442.7 245.1 499.6 368.5 80
2021004297 0.000 398.6 113.5 499.6 355.5 80
2021004297 0.000 10.6 10.6 491.5 199.6 80
2021004297 0.000 258.6 42.4 428.2 311.1 80
2021004297 0.000 90.0 16.9 408.1 364.6 80
2021004297 0.000 256.1 169.2 365.6 301.9 80
2021004297 0.000 -2.4 5.4 286.1 371.6 80
2021004297 0.000 8.1 89.0 229.6 370.1 80
2021004297 0.000 0.7 22.9 146.6 363.6 80
2021004297 0.000 213.1 6.1 497.0 372.7 80
2021004297 0.000 131.2 78.4 368.1 365.5 80
2021004297 0.000 156.2 201.7 351.1 369.4 80
2021004297 0.000 170.3 106.4 310.3 353.3 80
2021004297 0.000 153.4 21.0 355.4 360.9 80
2021004297 0.000 357.6 18.1 500.9 361.1 80
2021004297 0.000 68.8 68.1 447.4 321.4 80
2021004297 0.000 177.0 8.2 417.9 127.1 80
2021004297 0.000 43.6 254.9 289.5 373.6 80
2021004297 0.000 2.3 68.4 366.1 369.3 80
2021004297 0.000 5.1 279.1 130.5 374.3 80
2021004297 0.000 12.0 183.0 185.2 365.8 80
2021004297 0.000 305.3 180.1 482.3 365.0 80
2021004297 0.000 220.0 199.0 278.3 264.7 80
2021004297 0.000 24.3 146.3 338.1 364.6 80
2021004297 0.000 2.5 1.3 412.8 373.0 80
2021004297 0.000 150.8 131.3 355.6 228.6 80
2021004297 0.000 274.3 86.1 490.6 373.1 80
2021004297 0.000 3.0 228.5 496.0 374.4 80
2021004297 0.000 220.7 257.3 474.7 373.5 80
2021004297 0.000 84.5 1.1 496.2 372.9 80
2021004297 0.000 158.6 67.8 495.0 371.2 80
2021004297 0.000 157.9 150.5 463.3 364.9 80
2021004297 0.000 362.6 245.1 494.3 368.9 80
2021004297 0.000 44.4 60.6 117.3 136.8 80
2021004297 0.000 129.9 101.9 365.9 294.0 80
2021004297 0.000 22.3 43.4 477.5 366.6 80
2021004297 0.000 60.2 142.4 409.5 272.0 80
2021004297 0.000 0.4 100.8 499.0 366.5 80
2021004297 0.000 244.0 202.0 298.7 273.9 80
2021004297 0.000 12.6 94.7 489.8 271.8 80
2021004297 0.000 0.8 0.3 499.7 373.9 80
2021004297 0.000 1.3 18.3 498.9 309.8 80
2021004297 0.000 286.3 250.3 340.8 319.0 80
2021004297 0.000 424.2 6.2 498.9 85.7 80
2021004297 0.000 12.6 94.7 489.8 271.8 0
2021004297 0.000 0.8 0.3 499.7 373.9 7
2021004297 0.000 8.1 89.0 229.6 370.1 14
2021004297 0.000 258.6 42.4 428.2 311.1 14
2021004297 0.000 101.1 50.5 245.1 317.1 14
2021004297 0.000 170.3 106.4 310.3 353.3 14
2021004297 0.000 274.3 86.1 490.6 373.1 14
2021004297 0.000 153.4 21.0 355.4 360.9 14
2021004297 0.000 213.1 6.1 497.0 372.7 14
