2021002434 0.737 403.4 123.1 495.0 325.0 80
2021002434 0.709 5.4 39.2 108.9 179.1 80
2021002434 0.686 463.2 16.8 499.4 187.5 80
2021002434 0.685 362.6 302.3 444.3 331.9 80
2021002434 0.678 108.7 197.7 339.3 332.2 80
2021002434 0.678 445.3 17.3 498.1 306.1 80
2021002434 0.672 47.9 21.3 470.7 330.9 80
2021002434 0.661 365.6 26.2 413.0 96.8 80
2021002434 0.661 95.2 142.2 413.3 330.5 80
2021002434 0.648 472.6 303.9 498.2 332.9 80
2021002434 0.644 4.5 25.3 102.9 160.1 80
2021002434 0.642 445.3 19.6 494.2 164.1 80
2021002434 0.639 91.6 50.1 419.6 328.6 80
2021002434 0.632 407.9 1.1 501.4 329.8 80
2021002434 0.631 413.0 14.7 496.3 324.8 80
2021002434 0.614 437.4 8.2 498.8 323.5 80
2021002434 0.605 475.8 1.2 499.1 327.7 80
2021002434 0.604 111.7 25.7 367.0 332.5 14
2021002434 0.600 99.6 15.9 485.0 330.1 80
2021002434 0.588 103.7 25.8 386.5 326.8 80
2021002434 0.562 319.3 7.5 489.8 330.2 80
2021002434 0.560 494.7 164.9 499.9 319.8 80
2021002434 0.476 104.9 22.5 392.0 332.9 80
2021002434 0.470 381.1 8.1 510.1 338.1 80
2021002434 0.400 69.6 19.4 373.7 319.8 80
2021002434 0.400 240.7 317.6 438.9 333.2 80
2021002434 0.373 112.2 40.1 399.5 296.5 80
2021002434 0.323 468.3 208.1 503.9 339.2 80
2021002434 0.312 95.4 52.3 378.3 313.8 80
2021002434 0.302 93.4 319.5 427.9 334.4 80
2021002434 0.264 -3.3 14.2 40.8 328.9 80
2021002434 0.227 0.2 0.3 5.0 69.5 80
2021002434 0.222 104.9 22.5 392.0 332.9 14
2021002434 0.220 0.6 92.3 3.1 214.3 80
2021002434 0.220 0.5 34.9 3.3 140.0 80
2021002434 0.213 0.2 167.9 4.7 304.8 80
2021002434 0.205 110.1 312.6 395.4 333.9 80
2021002434 0.186 -0.9 48.4 13.1 310.5 80
2021002434 0.185 -0.2 45.0 9.9 207.7 80
2021002434 0.172 -4.2 296.7 29.6 338.4 80
2021002434 0.168 -0.2 167.1 31.6 339.7 80
2021002434 0.166 143.2 41.8 419.3 297.7 80
2021002434 0.159 376.0 309.6 498.8 334.2 80
2021002434 0.158 111.7 25.7 367.0 332.5 80
2021002434 0.157 113.8 146.5 394.7 309.7 80
2021002434 0.156 131.5 80.2 349.3 273.0 80
2021002434 0.154 77.8 129.7 359.5 308.3 80
2021002434 0.154 88.4 66.9 351.4 295.1 80
2021002434 0.153 319.6 148.9 518.8 333.7 80
2021002434 0.153 174.1 289.0 364.8 333.4 80
2021002434 0.151 290.6 302.1 436.7 332.1 80
2021002434 0.149 45.4 273.1 248.0 334.5 80
2021002434 0.140 140.2 95.1 417.0 292.1 80
2021002434 0.140 267.3 90.9 502.6 303.8 80
2021002434 0.139 177.2 165.8 448.3 311.2 80
2021002434 0.138 -6.8 185.8 213.6 324.9 80
2021002434 0.137 39.7 177.4 323.5 315.5 80
2021002434 0.136 156.5 145.9 332.8 293.9 80
2021002434 0.135 282.7 74.7 431.3 296.9 80
2021002434 0.135 2.3 84.5 100.3 319.5 80
2021002434 0.135 224.5 155.6 482.3 308.0 80
2021002434 0.133 414.3 47.7 526.1 293.3 80
2021002434 0.131 210.1 99.6 451.9 283.7 80
2021002434 0.130 17.3 304.2 101.4 331.2 80
2021002434 0.129 49.6 319.9 169.1 334.9 80
2021002434 0.128 160.6 231.1 213.2 281.0 80
2021002434 0.128 177.2 198.8 243.4 263.4 80
2021002434 0.127 23.7 179.4 82.1 259.4 80
2021002434 0.127 13.5 150.7 261.8 290.8 80
2021002434 0.126 112.1 313.8 239.8 335.0 80
2021002434 0.124 11.2 111.6 199.4 278.5 80
2021002434 0.124 48.2 119.2 283.7 280.0 80
2021002434 0.121 200.6 135.2 316.3 231.3 80
2021002434 0.121 181.6 141.5 267.1 209.5 80
2021002434 0.121 39.1 96.7 209.8 261.3 80
2021002434 0.120 104.5 166.1 191.9 229.6 80
2021002434 0.116 300.1 -3.4 667.5 66.7 80
2021002434 0.116 5.2 129.1 187.6 198.6 80
2021002434 0.116 189.1 133.1 450.2 256.2 80
2021002434 0.116 71.1 83.9 282.1 147.0 80
2021002434 0.115 243.8 29.8 621.7 115.8 80
2021002434 0.115 149.0 112.6 421.9 212.5 80
2021002434 0.112 93.5 44.0 471.6 120.2 80
2021002434 0.111 214.0 86.4 539.7 192.8 80
2021002434 0.111 207.9 -5.2 706.9 16.9 80
2021002434 0.109 270.6 75.4 568.4 199.8 80
2021002434 0.109 445.3 19.6 494.2 164.1 4
2021002434 0.108 -70.0 19.1 350.8 71.5 80
2021002434 0.108 -91.5 37.7 268.0 98.8 80
2021002434 0.108 73.8 183.0 175.7 246.5 80
2021002434 0.107 33.1 6.8 472.1 56.9 80
2021002434 0.104 99.1 13.2 592.8 75.5 80
2021002434 0.104 -47.4 -0.6 450.2 40.7 80
2021002434 0.100 139.9 -5.7 631.4 38.0 80
2021002434 0.099 -182.6 -2.7 316.3 20.4 80
2021002434 0.097 74.6 -1.7 573.6 26.9 80
2021002434 0.092 -215.5 -3.3 282.7 16.3 80
2021002434 0.092 -37.0 -2.2 461.9 19.1 80
2021002434 0.091 -137.9 -0.8 361.0 21.7 80
2021002434 0.091 -90.8 -0.2 408.2 22.2 80
2021002434 0.737 403.4 123.1 495.0 325.0 80
2021002434 0.709 5.4 39.2 108.9 179.1 80
2021002434 0.686 463.2 16.8 499.4 187.5 80
2021002434 0.685 362.6 302.3 444.3 331.9 80
2021002434 0.678 108.7 197.7 339.3 332.2 80
2021002434 0.678 445.3 17.3 498.1 306.1 80
2021002434 0.672 47.9 21.3 470.7 330.9 80
2021002434 0.661 365.6 26.2 413.0 96.8 80
2021002434 0.661 95.2 142.2 413.3 330.5 80
2021002434 0.648 472.6 303.9 498.2 332.9 80
2021002434 0.644 4.5 25.3 102.9 160.1 80
2021002434 0.642 445.3 19.6 494.2 164.1 80
2021002434 0.639 91.6 50.1 419.6 328.6 80
2021002434 0.632 407.9 1.1 501.4 329.8 80
2021002434 0.631 413.0 14.7 496.3 324.8 80
2021002434 0.614 437.4 8.2 498.8 323.5 80
2021002434 0.605 475.8 1.2 499.1 327.7 80
2021002434 0.604 111.7 25.7 367.0 332.5 14
2021002434 0.600 99.6 15.9 485.0 330.1 80
2021002434 0.588 103.7 25.8 386.5 326.8 80
2021002434 0.562 319.3 7.5 489.8 330.2 80
2021002434 0.560 494.7 164.9 499.9 319.8 80
2021002434 0.476 104.9 22.5 392.0 332.9 80
2021002434 0.470 381.1 8.1 510.1 338.1 80
2021002434 0.400 69.6 19.4 373.7 319.8 80
2021002434 0.400 240.7 317.6 438.9 333.2 80
2021002434 0.373 112.2 40.1 399.5 296.5 80
2021002434 0.323 468.3 208.1 503.9 339.2 80
2021002434 0.312 95.4 52.3 378.3 313.8 80
2021002434 0.302 93.4 319.5 427.9 334.4 80
2021002434 0.264 -3.3 14.2 40.8 328.9 80
2021002434 0.227 0.2 0.3 5.0 69.5 80
2021002434 0.222 104.9 22.5 392.0 332.9 14
2021002434 0.220 0.6 92.3 3.1 214.3 80
2021002434 0.220 0.5 34.9 3.3 140.0 80
2021002434 0.213 0.2 167.9 4.7 304.8 80
2021002434 0.205 110.1 312.6 395.4 333.9 80
2021002434 0.186 -0.9 48.4 13.1 310.5 80
2021002434 0.185 -0.2 45.0 9.9 207.7 80
2021002434 0.172 -4.2 296.7 29.6 338.4 80
2021002434 0.168 -0.2 167.1 31.6 339.7 80
2021002434 0.166 143.2 41.8 419.3 297.7 80
2021002434 0.159 376.0 309.6 498.8 334.2 80
2021002434 0.158 111.7 25.7 367.0 332.5 80
2021002434 0.157 113.8 146.5 394.7 309.7 80
2021002434 0.156 131.5 80.2 349.3 273.0 80
2021002434 0.154 77.8 129.7 359.5 308.3 80
2021002434 0.154 88.4 66.9 351.4 295.1 80
2021002434 0.153 319.6 148.9 518.8 333.7 80
2021002434 0.153 174.1 289.0 364.8 333.4 80
2021002434 0.151 290.6 302.1 436.7 332.1 80
2021002434 0.149 45.4 273.1 248.0 334.5 80
2021002434 0.140 140.2 95.1 417.0 292.1 80
2021002434 0.140 267.3 90.9 502.6 303.8 80
2021002434 0.139 177.2 165.8 448.3 311.2 80
2021002434 0.138 -6.8 185.8 213.6 324.9 80
2021002434 0.137 39.7 177.4 323.5 315.5 80
2021002434 0.136 156.5 145.9 332.8 293.9 80
2021002434 0.135 282.7 74.7 431.3 296.9 80
2021002434 0.135 2.3 84.5 100.3 319.5 80
2021002434 0.135 224.5 155.6 482.3 308.0 80
2021002434 0.133 414.3 47.7 526.1 293.3 80
2021002434 0.131 210.1 99.6 451.9 283.7 80
2021002434 0.130 17.3 304.2 101.4 331.2 80
2021002434 0.129 49.6 319.9 169.1 334.9 80
2021002434 0.128 160.6 231.1 213.2 281.0 80
2021002434 0.128 177.2 198.8 243.4 263.4 80
2021002434 0.127 23.7 179.4 82.1 259.4 80
2021002434 0.127 13.5 150.7 261.8 290.8 80
2021002434 0.126 112.1 313.8 239.8 335.0 80
2021002434 0.124 11.2 111.6 199.4 278.5 80
2021002434 0.124 48.2 119.2 283.7 280.0 80
2021002434 0.121 200.6 135.2 316.3 231.3 80
2021002434 0.121 181.6 141.5 267.1 209.5 80
2021002434 0.121 39.1 96.7 209.8 261.3 80
2021002434 0.120 104.5 166.1 191.9 229.6 80
2021002434 0.116 300.1 -3.4 667.5 66.7 80
2021002434 0.116 5.2 129.1 187.6 198.6 80
2021002434 0.116 189.1 133.1 450.2 256.2 80
2021002434 0.116 71.1 83.9 282.1 147.0 80
2021002434 0.115 243.8 29.8 621.7 115.8 80
2021002434 0.115 149.0 112.6 421.9 212.5 80
2021002434 0.112 93.5 44.0 471.6 120.2 80
2021002434 0.111 214.0 86.4 539.7 192.8 80
2021002434 0.111 207.9 -5.2 706.9 16.9 80
2021002434 0.109 270.6 75.4 568.4 199.8 80
2021002434 0.109 445.3 19.6 494.2 164.1 4
2021002434 0.108 -70.0 19.1 350.8 71.5 80
2021002434 0.108 -91.5 37.7 268.0 98.8 80
2021002434 0.108 73.8 183.0 175.7 246.5 80
2021002434 0.107 33.1 6.8 472.1 56.9 80
2021002434 0.104 99.1 13.2 592.8 75.5 80
2021002434 0.104 -47.4 -0.6 450.2 40.7 80
2021002434 0.100 139.9 -5.7 631.4 38.0 80
2021002434 0.099 -182.6 -2.7 316.3 20.4 80
2021002434 0.097 74.6 -1.7 573.6 26.9 80
2021002434 0.092 -215.5 -3.3 282.7 16.3 80
2021002434 0.092 -37.0 -2.2 461.9 19.1 80
2021002434 0.091 -137.9 -0.8 361.0 21.7 80
2021002434 0.091 -90.8 -0.2 408.2 22.2 80
2021002434 0.000 0.8 39.6 103.7 219.9 80
2021002434 0.000 245.1 64.6 370.2 203.1 80
2021002434 0.000 203.1 44.4 266.1 106.7 80
2021002434 0.000 256.6 123.7 316.4 182.9 80
2021002434 0.000 372.7 97.3 484.8 238.7 80
2021002434 0.000 45.9 193.6 106.8 256.8 80
2021002434 0.000 83.8 105.7 144.8 167.7 80
2021002434 0.000 133.1 93.5 218.1 194.0 80
2021002434 0.000 390.5 85.7 458.7 145.2 80
2021002434 0.000 453.6 114.4 499.6 187.5 80
2021002434 0.000 213.4 101.7 273.6 161.0 80
2021002434 0.000 141.4 73.2 202.4 136.6 80
2021002434 0.000 22.0 26.3 202.7 174.0 80
2021002434 0.000 325.8 10.5 494.5 170.4 80
2021002434 0.000 1.5 179.1 48.0 253.0 80
2021002434 0.000 162.0 29.1 299.4 188.1 80
2021002434 0.000 349.9 130.4 409.9 189.0 80
2021002434 0.000 219.9 213.4 281.0 299.7 80
2021002434 0.000 90.6 167.7 149.2 226.6 80
2021002434 0.000 314.7 90.6 375.2 149.9 80
2021002434 0.000 357.4 176.8 415.0 236.3 80
2021002434 0.000 32.4 113.1 167.8 245.7 80
2021002434 0.000 1.0 134.7 47.1 208.2 80
2021002434 0.000 453.4 171.3 499.7 244.6 80
2021002434 0.000 0.5 112.0 102.1 317.8 80
2021002434 0.000 449.1 48.2 499.7 136.2 80
2021002434 0.000 259.7 2.5 324.6 65.8 80
2021002434 0.000 137.6 194.1 201.5 258.6 80
2021002434 0.000 298.6 152.6 359.4 210.5 80
2021002434 0.000 28.5 138.6 93.6 196.8 80
2021002434 0.000 255.4 112.1 363.3 309.4 80
2021002434 0.000 119.1 143.0 232.5 281.2 80
2021002434 0.000 149.8 153.7 210.5 211.6 80
2021002434 0.000 293.1 118.3 480.6 230.7 80
2021002434 0.000 325.6 194.5 382.1 262.6 80
2021002434 0.000 0.7 20.0 51.8 94.1 80
2021002434 0.000 219.9 176.7 278.2 235.5 80
2021002434 0.000 48.8 19.0 377.9 228.3 80
2021002434 0.000 410.2 156.8 474.8 215.0 80
2021002434 0.000 205.3 105.0 317.1 249.4 80
2021002434 0.000 0.7 221.7 58.3 328.6 80
2021002434 0.000 180.1 197.3 238.1 264.5 80
2021002434 0.000 177.0 51.2 471.7 236.8 80
2021002434 0.000 49.5 97.5 281.8 229.4 80
2021002434 0.000 325.8 41.4 402.7 103.4 80
2021002434 0.000 101.1 43.9 244.3 277.4 80
2021002434 0.000 0.3 80.7 51.5 154.3 80
2021002434 0.000 206.3 143.0 267.2 201.4 80
2021002434 0.000 442.7 217.4 499.6 327.4 80
2021002434 0.000 15.1 12.8 486.3 174.5 80
2021002434 0.000 398.5 98.9 499.4 315.8 80
2021002434 0.000 1.5 5.5 282.2 329.9 80
2021002434 0.000 94.9 14.0 401.8 325.0 80
2021002434 0.000 262.6 37.4 424.1 278.3 80
2021002434 0.000 189.1 7.3 402.0 120.4 80
2021002434 0.000 1.1 21.4 146.5 322.8 80
2021002434 0.000 212.9 5.7 497.4 331.0 80
2021002434 0.000 160.6 175.5 349.3 326.9 80
2021002434 0.000 159.4 25.0 350.2 316.2 80
2021002434 0.000 357.7 16.7 501.3 319.9 80
2021002434 0.000 11.5 79.9 225.9 328.5 80
2021002434 0.000 280.6 212.4 336.4 294.2 80
2021002434 0.000 171.4 94.0 308.9 314.0 80
2021002434 0.000 132.8 69.1 366.0 324.4 80
2021002434 0.000 257.5 148.1 363.0 272.1 80
2021002434 0.000 5.0 248.1 130.5 332.4 80
2021002434 0.000 306.3 160.5 481.9 323.9 80
2021002434 0.000 54.0 226.7 278.3 330.9 80
2021002434 0.000 11.7 162.6 185.3 324.9 80
2021002434 0.000 3.3 1.2 410.3 331.1 80
2021002434 0.000 8.2 203.4 491.3 331.4 80
2021002434 0.000 4.9 57.7 361.3 327.9 80
2021002434 0.000 223.1 227.9 472.3 331.4 80
2021002434 0.000 72.1 57.1 444.5 284.5 80
2021002434 0.000 34.1 131.1 327.0 322.2 80
2021002434 0.000 85.7 1.0 494.7 331.0 80
2021002434 0.000 278.1 77.3 486.3 331.0 80
2021002434 0.000 162.7 118.0 345.4 204.8 80
2021002434 0.000 244.5 179.3 298.1 242.7 80
2021002434 0.000 168.6 134.4 451.1 322.0 80
2021002434 0.000 362.2 218.2 494.6 327.3 80
2021002434 0.000 44.5 53.9 117.2 121.5 80
2021002434 0.000 160.2 58.7 492.6 329.0 80
2021002434 0.000 134.9 91.5 359.6 260.9 80
2021002434 0.000 67.7 127.2 402.2 241.5 80
2021002434 0.000 22.5 38.2 474.5 321.3 80
2021002434 0.000 0.6 89.3 498.5 323.8 80
2021002434 0.000 0.8 0.8 499.6 332.2 80
2021002434 0.000 17.2 85.3 483.8 240.0 80
2021002434 0.000 2.5 21.1 497.4 273.2 80
2021002434 0.000 424.3 5.6 498.8 76.0 80
2021002434 0.000 17.2 85.3 483.8 240.0 0
2021002434 0.000 262.6 37.4 424.1 278.3 14
2021002434 0.000 171.4 94.0 308.9 314.0 14
2021002434 0.000 101.1 43.9 244.3 277.4 14
2021002434 0.000 159.4 25.0 350.2 316.2 14
2021002434 0.000 11.5 79.9 225.9 328.5 14
2021002434 0.000 278.1 77.3 486.3 331.0 14
2021002434 0.000 132.8 69.1 366.0 324.4 14
2021002434 0.000 154.2 268.6 238.2 328.2 80
