2021000000463522 0.687 172.1 208.7 222.7 237.5 80
2021000000463522 0.678 180.8 187.8 386.4 317.3 80
2021000000463522 0.671 -3.2 213.7 192.6 346.0 80
2021000000463522 0.668 206.0 197.4 383.3 464.1 80
2021000000463522 0.666 47.5 194.6 382.3 468.2 80
2021000000463522 0.660 13.9 213.5 274.6 476.9 80
2021000000463522 0.655 49.4 193.8 375.5 458.2 80
2021000000463522 0.641 13.0 197.0 373.4 471.3 80
2021000000463522 0.638 197.2 213.4 231.3 238.6 80
2021000000463522 0.638 583.7 240.0 613.9 275.8 80
2021000000463522 0.634 2.6 246.3 45.4 494.1 80
2021000000463522 0.632 598.0 440.1 641.2 479.9 80
2021000000463522 0.629 -0.3 193.6 329.0 451.0 80
2021000000463522 0.625 441.0 235.7 453.5 259.9 80
2021000000463522 0.624 2.9 168.1 393.8 469.7 80
2021000000463522 0.623 3.1 210.1 117.7 475.4 80
2021000000463522 0.621 -0.2 217.5 165.4 468.4 80
2021000000463522 0.620 300.7 198.2 366.3 235.3 80
2021000000463522 0.618 5.5 216.9 92.1 275.5 80
2021000000463522 0.618 -16.3 168.6 362.5 477.6 80
2021000000463522 0.617 7.1 205.1 310.8 473.2 80
2021000000463522 0.616 5.8 193.7 365.1 475.9 12
2021000000463522 0.613 595.7 25.5 639.3 292.2 80
2021000000463522 0.610 520.8 276.9 568.0 315.4 11
2021000000463522 0.607 -2.0 220.3 343.5 482.6 80
2021000000463522 0.606 6.6 221.9 37.3 344.4 80
2021000000463522 0.601 8.3 180.2 455.3 474.8 80
2021000000463522 0.594 185.8 204.6 226.4 234.7 80
2021000000463522 0.588 241.8 188.8 382.1 306.6 80
2021000000463522 0.585 220.7 200.3 380.8 415.1 80
2021000000463522 0.583 273.3 191.8 377.1 278.4 80
2021000000463522 0.583 6.0 197.9 342.0 476.1 80
2021000000463522 0.566 256.3 191.7 383.7 289.9 80
2021000000463522 0.554 351.0 191.4 369.4 217.9 80
2021000000463522 0.546 583.1 -1.5 640.8 112.4 80
2021000000463522 0.545 41.8 185.0 419.0 408.2 80
2021000000463522 0.529 351.7 183.8 370.8 215.5 80
2021000000463522 0.525 614.3 231.2 636.3 286.8 14
2021000000463522 0.510 613.7 232.8 632.3 278.2 80
2021000000463522 0.505 14.0 229.6 80.2 266.0 80
2021000000463522 0.502 544.1 230.6 568.6 296.0 14
2021000000463522 0.498 519.7 267.8 555.7 311.3 80
2021000000463522 0.495 491.4 242.2 506.1 273.1 80
2021000000463522 0.490 450.0 232.1 460.2 256.3 80
2021000000463522 0.489 473.8 236.8 485.8 259.2 80
2021000000463522 0.488 521.4 274.5 570.7 312.6 80
2021000000463522 0.483 0.8 431.9 46.2 480.3 80
2021000000463522 0.482 630.0 219.3 640.0 277.8 80
2021000000463522 0.479 624.5 252.0 636.5 290.2 80
2021000000463522 0.479 22.7 214.9 110.0 243.4 80
2021000000463522 0.476 3.3 218.0 117.3 316.6 80
2021000000463522 0.473 -8.4 214.5 377.2 396.5 80
2021000000463522 0.454 189.8 192.7 380.6 468.2 12
2021000000463522 0.451 484.6 230.2 497.9 257.9 80
2021000000463522 0.449 534.3 250.5 552.2 284.8 80
2021000000463522 0.449 600.8 234.9 616.6 269.3 80
2021000000463522 0.425 6.1 218.7 105.7 456.9 80
2021000000463522 0.406 545.3 232.2 569.6 294.4 80
2021000000463522 0.387 492.2 234.0 502.8 267.2 80
2021000000463522 0.358 514.6 229.8 528.2 275.4 80
2021000000463522 0.327 189.8 192.7 380.6 468.2 80
2021000000463522 0.313 -25.2 381.2 205.0 494.9 80
2021000000463522 0.309 449.7 467.6 601.8 481.5 80
2021000000463522 0.281 514.6 229.8 528.2 275.4 14
2021000000463522 0.276 545.3 232.2 569.6 294.4 14
2021000000463522 0.269 492.2 234.0 502.8 267.2 14
2021000000463522 0.257 0.5 150.6 4.9 250.9 80
2021000000463522 0.225 600.8 234.9 616.6 269.3 14
2021000000463522 0.209 -0.1 2.0 6.7 104.5 80
2021000000463522 0.204 544.1 230.6 568.6 296.0 80
2021000000463522 0.199 632.4 271.8 642.8 462.2 80
2021000000463522 0.183 79.6 308.0 168.8 353.6 80
2021000000463522 0.180 5.8 193.7 365.1 475.9 80
2021000000463522 0.177 6.1 218.7 105.7 456.9 14
2021000000463522 0.176 295.5 295.2 355.2 336.5 80
2021000000463522 0.176 614.3 231.2 636.3 286.8 80
2021000000463522 0.169 457.4 310.9 483.8 342.4 80
2021000000463522 0.168 81.0 80.9 490.6 416.2 80
2021000000463522 0.166 450.0 232.1 460.2 256.3 14
2021000000463522 0.161 22.7 214.9 110.0 243.4 6
2021000000463522 0.156 473.8 236.8 485.8 259.2 14
2021000000463522 0.150 271.2 293.5 310.4 330.8 80
2021000000463522 0.149 184.9 457.8 395.3 480.2 80
2021000000463522 0.148 241.8 188.8 382.1 306.6 12
2021000000463522 0.147 211.5 464.6 410.2 482.7 80
2021000000463522 0.145 0.8 431.9 46.2 480.3 11
2021000000463522 0.144 156.4 316.3 376.0 488.7 80
2021000000463522 0.143 118.8 259.9 489.7 454.9 80
2021000000463522 0.140 391.4 422.8 540.2 478.4 80
2021000000463522 0.139 52.0 459.9 190.4 483.7 80
2021000000463522 0.138 3.3 218.0 117.3 316.6 6
2021000000463522 0.137 257.3 411.9 410.3 477.3 80
2021000000463522 0.137 3.3 218.0 117.3 316.6 12
2021000000463522 0.133 6.1 218.7 105.7 456.9 12
2021000000463522 0.132 338.4 453.5 470.6 482.2 80
2021000000463522 0.131 583.1 -1.5 640.8 112.4 15
2021000000463522 0.129 249.6 261.2 545.3 436.5 80
2021000000463522 0.129 351.7 183.8 370.8 215.5 14
2021000000463522 0.128 480.2 241.4 518.8 276.4 80
2021000000463522 0.127 513.0 441.3 628.7 478.4 80
2021000000463522 0.687 172.1 208.7 222.7 237.5 80
2021000000463522 0.678 180.8 187.8 386.4 317.3 80
2021000000463522 0.671 -3.2 213.7 192.6 346.0 80
2021000000463522 0.668 206.0 197.4 383.3 464.1 80
2021000000463522 0.666 47.5 194.6 382.3 468.2 80
2021000000463522 0.660 13.9 213.5 274.6 476.9 80
2021000000463522 0.655 49.4 193.8 375.5 458.2 80
2021000000463522 0.641 13.0 197.0 373.4 471.3 80
2021000000463522 0.638 197.2 213.4 231.3 238.6 80
2021000000463522 0.638 583.7 240.0 613.9 275.8 80
2021000000463522 0.634 2.6 246.3 45.4 494.1 80
2021000000463522 0.632 598.0 440.1 641.2 479.9 80
2021000000463522 0.629 -0.3 193.6 329.0 451.0 80
2021000000463522 0.625 441.0 235.7 453.5 259.9 80
2021000000463522 0.624 2.9 168.1 393.8 469.7 80
2021000000463522 0.623 3.1 210.1 117.7 475.4 80
2021000000463522 0.621 -0.2 217.5 165.4 468.4 80
2021000000463522 0.620 300.7 198.2 366.3 235.3 80
2021000000463522 0.618 5.5 216.9 92.1 275.5 80
2021000000463522 0.618 -16.3 168.6 362.5 477.6 80
2021000000463522 0.617 7.1 205.1 310.8 473.2 80
2021000000463522 0.616 5.8 193.7 365.1 475.9 12
2021000000463522 0.613 595.7 25.5 639.3 292.2 80
2021000000463522 0.610 520.8 276.9 568.0 315.4 11
2021000000463522 0.607 -2.0 220.3 343.5 482.6 80
2021000000463522 0.606 6.6 221.9 37.3 344.4 80
2021000000463522 0.601 8.3 180.2 455.3 474.8 80
2021000000463522 0.594 185.8 204.6 226.4 234.7 80
2021000000463522 0.588 241.8 188.8 382.1 306.6 80
2021000000463522 0.585 220.7 200.3 380.8 415.1 80
2021000000463522 0.583 273.3 191.8 377.1 278.4 80
2021000000463522 0.583 6.0 197.9 342.0 476.1 80
2021000000463522 0.566 256.3 191.7 383.7 289.9 80
2021000000463522 0.554 351.0 191.4 369.4 217.9 80
2021000000463522 0.546 583.1 -1.5 640.8 112.4 80
2021000000463522 0.545 41.8 185.0 419.0 408.2 80
2021000000463522 0.529 351.7 183.8 370.8 215.5 80
2021000000463522 0.525 614.3 231.2 636.3 286.8 14
2021000000463522 0.510 613.7 232.8 632.3 278.2 80
2021000000463522 0.505 14.0 229.6 80.2 266.0 80
2021000000463522 0.502 544.1 230.6 568.6 296.0 14
2021000000463522 0.498 519.7 267.8 555.7 311.3 80
2021000000463522 0.495 491.4 242.2 506.1 273.1 80
2021000000463522 0.490 450.0 232.1 460.2 256.3 80
2021000000463522 0.489 473.8 236.8 485.8 259.2 80
2021000000463522 0.488 521.4 274.5 570.7 312.6 80
2021000000463522 0.483 0.8 431.9 46.2 480.3 80
2021000000463522 0.482 630.0 219.3 640.0 277.8 80
2021000000463522 0.479 624.5 252.0 636.5 290.2 80
2021000000463522 0.479 22.7 214.9 110.0 243.4 80
2021000000463522 0.476 3.3 218.0 117.3 316.6 80
2021000000463522 0.473 -8.4 214.5 377.2 396.5 80
2021000000463522 0.454 189.8 192.7 380.6 468.2 12
2021000000463522 0.451 484.6 230.2 497.9 257.9 80
2021000000463522 0.449 534.3 250.5 552.2 284.8 80
2021000000463522 0.449 600.8 234.9 616.6 269.3 80
2021000000463522 0.425 6.1 218.7 105.7 456.9 80
2021000000463522 0.406 545.3 232.2 569.6 294.4 80
2021000000463522 0.387 492.2 234.0 502.8 267.2 80
2021000000463522 0.358 514.6 229.8 528.2 275.4 80
2021000000463522 0.327 189.8 192.7 380.6 468.2 80
2021000000463522 0.313 -25.2 381.2 205.0 494.9 80
2021000000463522 0.309 449.7 467.6 601.8 481.5 80
2021000000463522 0.281 514.6 229.8 528.2 275.4 14
2021000000463522 0.276 545.3 232.2 569.6 294.4 14
2021000000463522 0.269 492.2 234.0 502.8 267.2 14
2021000000463522 0.257 0.5 150.6 4.9 250.9 80
2021000000463522 0.225 600.8 234.9 616.6 269.3 14
2021000000463522 0.209 -0.1 2.0 6.7 104.5 80
2021000000463522 0.204 544.1 230.6 568.6 296.0 80
2021000000463522 0.199 632.4 271.8 642.8 462.2 80
2021000000463522 0.183 79.6 308.0 168.8 353.6 80
2021000000463522 0.180 5.8 193.7 365.1 475.9 80
2021000000463522 0.177 6.1 218.7 105.7 456.9 14
2021000000463522 0.176 295.5 295.2 355.2 336.5 80
2021000000463522 0.176 614.3 231.2 636.3 286.8 80
2021000000463522 0.169 457.4 310.9 483.8 342.4 80
2021000000463522 0.168 81.0 80.9 490.6 416.2 80
2021000000463522 0.166 450.0 232.1 460.2 256.3 14
2021000000463522 0.161 22.7 214.9 110.0 243.4 6
2021000000463522 0.156 473.8 236.8 485.8 259.2 14
2021000000463522 0.150 271.2 293.5 310.4 330.8 80
2021000000463522 0.149 184.9 457.8 395.3 480.2 80
2021000000463522 0.148 241.8 188.8 382.1 306.6 12
2021000000463522 0.147 211.5 464.6 410.2 482.7 80
2021000000463522 0.145 0.8 431.9 46.2 480.3 11
2021000000463522 0.144 156.4 316.3 376.0 488.7 80
2021000000463522 0.143 118.8 259.9 489.7 454.9 80
2021000000463522 0.140 391.4 422.8 540.2 478.4 80
2021000000463522 0.139 52.0 459.9 190.4 483.7 80
2021000000463522 0.138 3.3 218.0 117.3 316.6 6
2021000000463522 0.137 257.3 411.9 410.3 477.3 80
2021000000463522 0.137 3.3 218.0 117.3 316.6 12
2021000000463522 0.133 6.1 218.7 105.7 456.9 12
2021000000463522 0.132 338.4 453.5 470.6 482.2 80
2021000000463522 0.131 583.1 -1.5 640.8 112.4 15
2021000000463522 0.129 249.6 261.2 545.3 436.5 80
2021000000463522 0.129 351.7 183.8 370.8 215.5 14
2021000000463522 0.128 480.2 241.4 518.8 276.4 80
2021000000463522 0.127 513.0 441.3 628.7 478.4 80
2021000000463522 0.000 309.5 93.5 477.1 291.4 80
2021000000463522 0.000 0.9 54.9 132.5 317.2 80
2021000000463522 0.000 183.6 173.7 269.1 259.1 80
2021000000463522 0.000 270.3 142.8 352.4 227.9 80
2021000000463522 0.000 474.6 139.5 622.4 344.0 80
2021000000463522 0.000 327.1 176.3 405.8 261.8 80
2021000000463522 0.000 200.2 40.0 389.1 270.9 80
2021000000463522 0.000 57.9 278.5 137.4 369.8 80
2021000000463522 0.000 174.2 105.0 265.7 193.9 80
2021000000463522 0.000 104.1 150.3 188.1 238.7 80
2021000000463522 0.000 253.0 66.1 348.6 153.4 80
2021000000463522 0.000 580.3 164.1 639.5 270.3 80
2021000000463522 0.000 496.1 124.2 591.0 210.2 80
2021000000463522 0.000 446.0 185.7 526.1 270.2 80
2021000000463522 0.000 174.9 279.1 258.3 374.7 80
2021000000463522 0.000 24.7 33.1 264.3 249.3 80
2021000000463522 0.000 1.6 257.4 61.5 364.8 80
2021000000463522 0.000 381.1 218.2 460.6 302.3 80
2021000000463522 0.000 580.1 246.6 639.5 352.7 80
2021000000463522 0.000 455.8 252.8 532.1 340.1 80
2021000000463522 0.000 401.0 128.9 481.6 214.7 80
2021000000463522 0.000 414.3 10.4 635.7 245.5 80
2021000000463522 0.000 367.7 169.8 621.8 329.9 80
2021000000463522 0.000 262.9 204.7 342.1 288.5 80
2021000000463522 0.000 0.8 160.8 130.7 458.1 80
2021000000463522 0.000 42.4 162.8 213.5 354.3 80
2021000000463522 0.000 1.0 193.6 60.2 300.2 80
2021000000463522 0.000 114.8 240.1 191.7 325.0 80
2021000000463522 0.000 574.5 68.9 639.7 196.4 80
2021000000463522 0.000 150.7 207.0 298.4 405.1 80
2021000000463522 0.000 278.8 322.1 366.9 424.9 80
2021000000463522 0.000 190.8 220.1 269.9 304.2 80
2021000000463522 0.000 524.6 225.8 607.8 310.2 80
2021000000463522 0.000 34.3 198.2 121.5 282.7 80
2021000000463522 0.000 414.3 279.0 491.7 377.7 80
2021000000463522 0.000 259.2 149.1 408.4 353.2 80
2021000000463522 0.000 227.0 72.1 603.2 342.2 80
2021000000463522 0.000 322.7 158.4 469.5 445.3 80
2021000000463522 0.000 0.3 115.4 65.7 222.4 80
2021000000463522 0.000 0.6 27.9 66.3 135.7 80
2021000000463522 0.000 59.2 138.1 364.3 331.4 80
2021000000463522 0.000 129.1 64.4 313.7 405.8 80
2021000000463522 0.000 326.8 4.4 421.7 93.9 80
2021000000463522 0.000 413.0 60.5 519.9 148.9 80
2021000000463522 0.000 55.1 27.1 491.3 330.7 80
2021000000463522 0.000 0.6 319.1 74.7 473.3 80
2021000000463522 0.000 228.3 281.8 304.6 384.6 80
2021000000463522 0.000 566.4 313.4 639.5 471.7 80
2021000000463522 0.000 510.0 145.0 639.5 455.1 80
2021000000463522 0.000 13.2 13.3 629.1 255.5 80
2021000000463522 0.000 330.7 54.0 548.1 398.2 80
2021000000463522 0.000 114.9 21.3 522.3 466.7 80
2021000000463522 0.000 327.6 216.2 468.0 386.5 80
2021000000463522 0.000 -3.3 6.7 366.2 475.7 80
2021000000463522 0.000 10.1 113.6 294.0 473.7 80
2021000000463522 0.000 0.6 29.0 187.7 465.4 80
2021000000463522 0.000 272.5 7.6 636.2 477.0 80
2021000000463522 0.000 167.6 100.1 471.2 467.9 80
2021000000463522 0.000 199.6 258.0 449.4 472.8 80
2021000000463522 0.000 217.7 135.9 397.2 452.2 80
2021000000463522 0.000 196.0 26.6 455.0 461.9 80
2021000000463522 0.000 457.4 22.9 641.1 462.3 80
2021000000463522 0.000 87.7 86.9 572.7 411.4 80
2021000000463522 0.000 226.3 10.3 534.9 162.7 80
2021000000463522 0.000 55.5 326.0 370.6 478.2 80
2021000000463522 0.000 2.7 87.3 468.6 472.6 80
2021000000463522 0.000 6.3 357.0 167.0 479.1 80
2021000000463522 0.000 15.1 234.0 237.0 468.2 80
2021000000463522 0.000 390.5 230.2 617.4 467.3 80
2021000000463522 0.000 281.3 254.4 356.3 338.8 80
2021000000463522 0.000 30.8 187.0 432.8 466.7 80
2021000000463522 0.000 2.9 1.4 528.4 477.4 80
2021000000463522 0.000 192.8 167.8 455.2 292.6 80
2021000000463522 0.000 350.8 109.9 628.0 477.5 80
2021000000463522 0.000 3.6 292.2 634.8 479.2 80
2021000000463522 0.000 282.2 329.1 607.6 478.1 80
2021000000463522 0.000 107.9 1.1 635.1 477.3 80
2021000000463522 0.000 202.7 86.5 633.6 475.1 80
2021000000463522 0.000 201.8 192.4 593.0 467.1 80
2021000000463522 0.000 463.8 313.5 632.7 472.2 80
2021000000463522 0.000 56.5 77.3 150.1 175.0 80
2021000000463522 0.000 166.0 130.1 468.3 376.3 80
2021000000463522 0.000 28.3 55.2 611.2 469.2 80
2021000000463522 0.000 76.8 181.9 524.2 348.1 80
2021000000463522 0.000 0.2 128.8 638.7 469.2 80
2021000000463522 0.000 312.1 258.2 382.3 350.5 80
2021000000463522 0.000 15.9 120.9 627.0 347.9 80
2021000000463522 0.000 0.8 0.1 639.6 478.6 80
2021000000463522 0.000 1.4 23.1 638.5 396.5 80
2021000000463522 0.000 366.2 320.1 436.2 408.4 80
2021000000463522 0.000 542.7 7.6 638.5 109.6 80
2021000000463522 0.000 15.9 120.9 627.0 347.9 0
2021000000463522 0.000 0.8 0.1 639.6 478.6 7
2021000000463522 0.000 10.1 113.6 294.0 473.7 14
2021000000463522 0.000 330.7 54.0 548.1 398.2 14
2021000000463522 0.000 129.1 64.4 313.7 405.8 14
2021000000463522 0.000 217.7 135.9 397.2 452.2 14
2021000000463522 0.000 350.8 109.9 628.0 477.5 14
2021000000463522 0.000 196.0 26.6 455.0 461.9 14
2021000000463522 0.000 272.5 7.6 636.2 477.0 14
