2021000000502732 0.710 385.7 168.3 481.5 344.8 80
2021000000502732 0.694 69.1 112.6 209.9 265.4 80
2021000000502732 0.691 64.3 100.0 209.5 375.9 80
2021000000502732 0.678 443.5 591.5 480.3 633.8 80
2021000000502732 0.634 63.3 99.3 396.2 501.9 80
2021000000502732 0.627 60.4 106.6 393.2 341.8 80
2021000000502732 0.621 59.1 106.2 393.0 323.6 80
2021000000502732 0.618 64.5 97.4 399.6 530.8 80
2021000000502732 0.614 461.2 250.2 479.0 334.8 80
2021000000502732 0.592 12.0 120.3 473.0 606.6 80
2021000000502732 0.587 395.3 242.1 477.5 349.1 80
2021000000502732 0.582 49.6 96.8 398.6 538.3 80
2021000000502732 0.574 476.1 172.4 480.2 281.3 80
2021000000502732 0.555 68.6 122.7 202.0 244.9 80
2021000000502732 0.550 445.4 33.6 481.9 407.7 80
2021000000502732 0.548 476.2 282.2 480.3 378.3 80
2021000000502732 0.532 58.3 112.0 388.3 299.8 80
2021000000502732 0.529 477.1 410.5 480.3 508.0 80
2021000000502732 0.521 291.7 610.7 483.7 639.4 80
2021000000502732 0.501 63.3 102.9 395.1 455.6 80
2021000000502732 0.487 449.1 117.6 479.3 654.8 80
2021000000502732 0.387 59.7 93.6 401.5 540.2 80
2021000000502732 0.358 477.2 178.5 480.0 555.7 80
2021000000502732 0.338 444.9 49.4 477.4 681.5 80
2021000000502732 0.324 55.8 127.7 387.6 446.2 80
2021000000502732 0.302 53.7 624.4 448.0 640.9 80
2021000000502732 0.298 59.7 93.6 401.5 540.2 19
2021000000502732 0.265 472.5 490.0 481.8 617.3 80
2021000000502732 0.260 0.6 15.1 4.0 155.7 80
2021000000502732 0.248 0.6 91.8 3.2 268.5 80
2021000000502732 0.247 0.1 547.8 17.7 649.5 80
2021000000502732 0.223 67.8 609.8 436.3 641.0 80
2021000000502732 0.222 477.8 7.4 480.9 54.8 80
2021000000502732 0.222 0.4 355.0 4.1 581.3 80
2021000000502732 0.219 0.3 185.8 3.3 411.1 80
2021000000502732 0.215 373.4 588.5 500.8 644.8 80
2021000000502732 0.205 0.5 64.1 6.6 356.7 80
2021000000502732 0.203 -0.4 90.2 9.8 592.6 80
2021000000502732 0.182 -0.5 89.5 19.2 556.3 80
2021000000502732 0.172 0.0 351.7 24.7 637.8 80
2021000000502732 0.163 259.1 561.9 448.8 642.7 80
2021000000502732 0.161 74.2 200.2 409.1 548.8 80
2021000000502732 0.158 1.3 116.9 47.9 647.2 80
2021000000502732 0.154 0.2 -11.7 18.3 57.3 80
2021000000502732 0.148 322.6 333.4 484.6 626.4 80
2021000000502732 0.146 112.9 203.1 407.5 520.4 80
2021000000502732 0.145 177.7 578.0 346.2 634.9 80
2021000000502732 0.144 275.4 184.9 470.5 595.7 80
2021000000502732 0.144 118.4 573.0 289.5 634.2 80
2021000000502732 0.142 123.3 274.7 304.7 471.4 80
2021000000502732 0.142 230.7 613.6 394.3 640.3 80
2021000000502732 0.141 9.6 366.5 169.3 632.5 80
2021000000502732 0.141 57.4 561.7 203.5 636.9 80
2021000000502732 0.139 51.3 357.2 289.7 607.6 80
2021000000502732 0.139 113.1 403.2 379.2 609.4 80
2021000000502732 0.137 63.3 102.9 395.1 455.6 19
2021000000502732 0.137 174.9 348.0 428.7 594.0 80
2021000000502732 0.136 214.8 326.3 464.3 579.3 80
2021000000502732 0.135 66.5 296.5 332.1 560.2 80
2021000000502732 0.134 118.1 326.1 369.6 569.6 80
2021000000502732 0.133 89.1 233.7 362.8 497.9 80
2021000000502732 0.133 13.3 575.9 88.0 637.7 80
2021000000502732 0.132 21.9 279.6 246.1 562.2 80
2021000000502732 0.131 36.0 613.9 158.6 644.3 80
2021000000502732 0.131 139.5 250.2 398.6 505.0 80
2021000000502732 0.129 57.7 212.5 340.7 474.0 80
2021000000502732 0.129 100.1 291.0 252.8 512.4 80
2021000000502732 0.128 94.6 375.2 189.0 512.8 80
2021000000502732 0.127 97.5 609.1 239.4 643.0 80
2021000000502732 0.127 197.3 259.1 437.6 491.6 80
2021000000502732 0.126 44.8 249.6 269.4 510.1 80
2021000000502732 0.125 21.7 223.9 178.0 529.7 80
2021000000502732 0.125 415.0 228.1 492.1 477.0 80
2021000000502732 0.120 76.6 343.6 176.9 489.7 80
2021000000502732 0.119 153.0 286.8 327.2 488.6 80
2021000000502732 0.119 28.9 338.0 108.5 460.6 80
2021000000502732 0.118 223.6 181.1 388.6 324.8 80
2021000000502732 0.115 105.6 152.6 258.6 261.7 80
2021000000502732 0.115 107.9 169.6 386.3 383.1 80
2021000000502732 0.114 -28.6 49.5 82.1 125.4 80
2021000000502732 0.114 106.2 140.7 412.8 266.9 80
2021000000502732 0.112 150.3 245.5 515.7 419.2 80
2021000000502732 0.111 118.7 183.4 460.5 400.6 80
2021000000502732 0.110 186.5 235.0 576.5 390.9 80
2021000000502732 0.110 -64.7 143.4 296.9 313.8 80
2021000000502732 0.110 -87.9 105.9 210.7 207.7 80
2021000000502732 0.108 133.9 133.2 549.3 298.0 80
2021000000502732 0.106 206.4 101.2 610.7 288.1 80
2021000000502732 0.105 67.6 1.3 537.5 107.4 80
2021000000502732 0.104 8.3 11.2 465.9 114.3 80
2021000000502732 0.104 258.0 21.6 607.6 142.0 80
2021000000502732 0.102 144.0 30.7 605.1 158.4 80
2021000000502732 0.102 -136.5 21.2 327.4 114.1 80
2021000000502732 0.101 120.9 -10.1 599.7 61.4 80
2021000000502732 0.099 -79.2 -11.0 399.8 40.9 80
2021000000502732 0.097 -174.5 -5.3 304.5 39.3 80
2021000000502732 0.097 59.7 93.6 401.5 540.2 8
2021000000502732 0.094 59.7 93.6 401.5 540.2 17
2021000000502732 0.093 31.7 -14.6 510.7 36.5 80
2021000000502732 0.093 -125.8 -9.7 353.2 34.9 80
2021000000502732 0.710 385.7 168.3 481.5 344.8 80
2021000000502732 0.694 69.1 112.6 209.9 265.4 80
2021000000502732 0.691 64.3 100.0 209.5 375.9 80
2021000000502732 0.678 443.5 591.5 480.3 633.8 80
2021000000502732 0.634 63.3 99.3 396.2 501.9 80
2021000000502732 0.627 60.4 106.6 393.2 341.8 80
2021000000502732 0.621 59.1 106.2 393.0 323.6 80
2021000000502732 0.618 64.5 97.4 399.6 530.8 80
2021000000502732 0.614 461.2 250.2 479.0 334.8 80
2021000000502732 0.592 12.0 120.3 473.0 606.6 80
2021000000502732 0.587 395.3 242.1 477.5 349.1 80
2021000000502732 0.582 49.6 96.8 398.6 538.3 80
2021000000502732 0.574 476.1 172.4 480.2 281.3 80
2021000000502732 0.555 68.6 122.7 202.0 244.9 80
2021000000502732 0.550 445.4 33.6 481.9 407.7 80
2021000000502732 0.548 476.2 282.2 480.3 378.3 80
2021000000502732 0.532 58.3 112.0 388.3 299.8 80
2021000000502732 0.529 477.1 410.5 480.3 508.0 80
2021000000502732 0.521 291.7 610.7 483.7 639.4 80
2021000000502732 0.501 63.3 102.9 395.1 455.6 80
2021000000502732 0.487 449.1 117.6 479.3 654.8 80
2021000000502732 0.387 59.7 93.6 401.5 540.2 80
2021000000502732 0.358 477.2 178.5 480.0 555.7 80
2021000000502732 0.338 444.9 49.4 477.4 681.5 80
2021000000502732 0.324 55.8 127.7 387.6 446.2 80
2021000000502732 0.302 53.7 624.4 448.0 640.9 80
2021000000502732 0.298 59.7 93.6 401.5 540.2 19
2021000000502732 0.265 472.5 490.0 481.8 617.3 80
2021000000502732 0.260 0.6 15.1 4.0 155.7 80
2021000000502732 0.248 0.6 91.8 3.2 268.5 80
2021000000502732 0.247 0.1 547.8 17.7 649.5 80
2021000000502732 0.223 67.8 609.8 436.3 641.0 80
2021000000502732 0.222 477.8 7.4 480.9 54.8 80
2021000000502732 0.222 0.4 355.0 4.1 581.3 80
2021000000502732 0.219 0.3 185.8 3.3 411.1 80
2021000000502732 0.215 373.4 588.5 500.8 644.8 80
2021000000502732 0.205 0.5 64.1 6.6 356.7 80
2021000000502732 0.203 -0.4 90.2 9.8 592.6 80
2021000000502732 0.182 -0.5 89.5 19.2 556.3 80
2021000000502732 0.172 0.0 351.7 24.7 637.8 80
2021000000502732 0.163 259.1 561.9 448.8 642.7 80
2021000000502732 0.161 74.2 200.2 409.1 548.8 80
2021000000502732 0.158 1.3 116.9 47.9 647.2 80
2021000000502732 0.154 0.2 -11.7 18.3 57.3 80
2021000000502732 0.148 322.6 333.4 484.6 626.4 80
2021000000502732 0.146 112.9 203.1 407.5 520.4 80
2021000000502732 0.145 177.7 578.0 346.2 634.9 80
2021000000502732 0.144 275.4 184.9 470.5 595.7 80
2021000000502732 0.144 118.4 573.0 289.5 634.2 80
2021000000502732 0.142 123.3 274.7 304.7 471.4 80
2021000000502732 0.142 230.7 613.6 394.3 640.3 80
2021000000502732 0.141 9.6 366.5 169.3 632.5 80
2021000000502732 0.141 57.4 561.7 203.5 636.9 80
2021000000502732 0.139 51.3 357.2 289.7 607.6 80
2021000000502732 0.139 113.1 403.2 379.2 609.4 80
2021000000502732 0.137 63.3 102.9 395.1 455.6 19
2021000000502732 0.137 174.9 348.0 428.7 594.0 80
2021000000502732 0.136 214.8 326.3 464.3 579.3 80
2021000000502732 0.135 66.5 296.5 332.1 560.2 80
2021000000502732 0.134 118.1 326.1 369.6 569.6 80
2021000000502732 0.133 89.1 233.7 362.8 497.9 80
2021000000502732 0.133 13.3 575.9 88.0 637.7 80
2021000000502732 0.132 21.9 279.6 246.1 562.2 80
2021000000502732 0.131 36.0 613.9 158.6 644.3 80
2021000000502732 0.131 139.5 250.2 398.6 505.0 80
2021000000502732 0.129 57.7 212.5 340.7 474.0 80
2021000000502732 0.129 100.1 291.0 252.8 512.4 80
2021000000502732 0.128 94.6 375.2 189.0 512.8 80
2021000000502732 0.127 97.5 609.1 239.4 643.0 80
2021000000502732 0.127 197.3 259.1 437.6 491.6 80
2021000000502732 0.126 44.8 249.6 269.4 510.1 80
2021000000502732 0.125 21.7 223.9 178.0 529.7 80
2021000000502732 0.125 415.0 228.1 492.1 477.0 80
2021000000502732 0.120 76.6 343.6 176.9 489.7 80
2021000000502732 0.119 153.0 286.8 327.2 488.6 80
2021000000502732 0.119 28.9 338.0 108.5 460.6 80
2021000000502732 0.118 223.6 181.1 388.6 324.8 80
2021000000502732 0.115 105.6 152.6 258.6 261.7 80
2021000000502732 0.115 107.9 169.6 386.3 383.1 80
2021000000502732 0.114 -28.6 49.5 82.1 125.4 80
2021000000502732 0.114 106.2 140.7 412.8 266.9 80
2021000000502732 0.112 150.3 245.5 515.7 419.2 80
2021000000502732 0.111 118.7 183.4 460.5 400.6 80
2021000000502732 0.110 186.5 235.0 576.5 390.9 80
2021000000502732 0.110 -64.7 143.4 296.9 313.8 80
2021000000502732 0.110 -87.9 105.9 210.7 207.7 80
2021000000502732 0.108 133.9 133.2 549.3 298.0 80
2021000000502732 0.106 206.4 101.2 610.7 288.1 80
2021000000502732 0.105 67.6 1.3 537.5 107.4 80
2021000000502732 0.104 8.3 11.2 465.9 114.3 80
2021000000502732 0.104 258.0 21.6 607.6 142.0 80
2021000000502732 0.102 144.0 30.7 605.1 158.4 80
2021000000502732 0.102 -136.5 21.2 327.4 114.1 80
2021000000502732 0.101 120.9 -10.1 599.7 61.4 80
2021000000502732 0.099 -79.2 -11.0 399.8 40.9 80
2021000000502732 0.097 -174.5 -5.3 304.5 39.3 80
2021000000502732 0.097 59.7 93.6 401.5 540.2 8
2021000000502732 0.094 59.7 93.6 401.5 540.2 17
2021000000502732 0.093 31.7 -14.6 510.7 36.5 80
2021000000502732 0.093 -125.8 -9.7 353.2 34.9 80
2021000000502732 0.000 350.7 176.3 473.3 445.3 80
2021000000502732 0.000 4.3 217.5 188.6 454.9 80
2021000000502732 0.000 203.8 131.4 398.0 327.8 80
2021000000502732 0.000 132.4 60.2 318.4 321.1 80
2021000000502732 0.000 262.8 240.6 480.3 433.0 80
2021000000502732 0.000 0.5 50.6 98.8 424.7 80
2021000000502732 0.000 432.3 108.5 479.8 249.8 80
2021000000502732 0.000 189.1 276.0 266.3 386.6 80
2021000000502732 0.000 0.5 220.5 98.8 608.4 80
2021000000502732 0.000 0.3 255.7 45.8 399.0 80
2021000000502732 0.000 79.5 322.1 151.2 434.8 80
2021000000502732 0.000 434.9 326.0 479.8 473.2 80
2021000000502732 0.000 435.3 217.9 479.7 361.3 80
2021000000502732 0.000 152.3 90.8 471.8 472.3 80
2021000000502732 0.000 127.8 233.5 212.9 344.4 80
2021000000502732 0.000 386.1 302.3 463.6 414.1 80
2021000000502732 0.000 1.5 343.2 46.1 486.6 80
2021000000502732 0.000 16.8 264.9 100.7 376.1 80
2021000000502732 0.000 132.2 294.3 214.3 404.6 80
2021000000502732 0.000 425.7 426.5 479.0 621.8 80
2021000000502732 0.000 25.1 182.6 292.7 449.0 80
2021000000502732 0.000 232.9 237.9 318.5 347.3 80
2021000000502732 0.000 274.7 294.9 358.2 404.2 80
2021000000502732 0.000 191.2 191.4 276.9 302.0 80
2021000000502732 0.000 306.6 4.8 485.1 318.3 80
2021000000502732 0.000 322.0 251.8 408.6 360.8 80
2021000000502732 0.000 381.9 200.3 480.3 604.6 80
2021000000502732 0.000 66.5 205.4 154.2 315.1 80
2021000000502732 0.000 333.1 347.2 410.9 457.5 80
2021000000502732 0.000 0.3 35.8 50.1 180.4 80
2021000000502732 0.000 232.0 80.9 431.4 526.2 80
2021000000502732 0.000 10.3 29.0 215.5 314.6 80
2021000000502732 0.000 127.8 239.4 357.9 405.3 80
2021000000502732 0.000 184.2 205.1 323.4 454.7 80
2021000000502732 0.000 266.1 173.3 471.8 628.5 80
2021000000502732 0.000 0.4 151.7 49.3 296.5 80
2021000000502732 0.000 227.1 257.0 379.7 577.2 80
2021000000502732 0.000 100.9 247.0 243.3 528.0 80
2021000000502732 0.000 1.5 3.0 479.4 353.6 80
2021000000502732 0.000 34.8 378.3 113.4 493.3 80
2021000000502732 0.000 287.1 177.6 376.9 286.3 80
2021000000502732 0.000 0.6 429.8 55.5 630.5 80
2021000000502732 0.000 28.2 42.6 382.6 441.4 80
2021000000502732 0.000 181.9 91.2 270.9 201.2 80
2021000000502732 0.000 152.0 213.8 318.5 591.8 80
2021000000502732 0.000 117.1 144.1 365.5 621.4 80
2021000000502732 0.000 -3.7 157.2 234.1 633.1 80
2021000000502732 0.000 363.4 172.5 453.2 282.4 80
2021000000502732 0.000 106.3 170.0 372.2 504.9 80
2021000000502732 0.000 144.7 133.9 487.1 637.9 80
2021000000502732 0.000 75.0 39.6 407.5 612.1 80
2021000000502732 0.000 7.6 247.7 342.2 628.4 80
2021000000502732 0.000 139.5 361.2 343.0 632.3 80
2021000000502732 0.000 70.6 83.2 264.8 522.8 80
2021000000502732 0.000 344.0 33.2 480.6 614.3 80
2021000000502732 0.000 121.4 145.9 210.7 255.2 80
2021000000502732 0.000 140.0 276.4 458.7 629.4 80
2021000000502732 0.000 -1.8 328.8 186.7 631.6 80
2021000000502732 0.000 7.6 421.7 315.3 636.3 80
2021000000502732 0.000 201.1 11.5 481.9 634.8 80
2021000000502732 0.000 283.1 329.3 468.8 628.5 80
2021000000502732 0.000 -2.7 124.9 357.3 634.0 80
2021000000502732 0.000 3.3 479.8 127.7 638.8 80
2021000000502732 0.000 -2.8 12.8 282.7 632.7 80
2021000000502732 0.000 53.6 135.6 441.2 555.4 80
2021000000502732 0.000 127.5 388.8 204.7 496.2 80
2021000000502732 0.000 192.1 447.9 477.6 639.9 80
2021000000502732 0.000 39.0 255.0 414.9 480.3 80
2021000000502732 0.000 345.8 429.2 474.8 632.8 80
2021000000502732 0.000 1.2 388.0 478.8 641.2 80
2021000000502732 0.000 1.0 2.4 400.5 636.3 80
2021000000502732 0.000 -1.9 27.9 141.8 622.7 80
2021000000502732 0.000 124.3 16.9 363.3 624.8 80
2021000000502732 0.000 76.7 2.8 478.1 634.3 80
2021000000502732 0.000 129.0 -3.2 446.2 203.7 80
2021000000502732 0.000 0.2 190.0 479.2 634.4 80
2021000000502732 0.000 15.9 75.8 458.5 642.1 80
2021000000502732 0.000 1.0 38.4 479.5 569.1 80
2021000000502732 0.000 2.3 155.2 479.5 480.8 80
2021000000502732 0.000 213.2 342.8 396.8 499.4 80
2021000000502732 0.000 0.8 0.1 479.8 638.8 80
2021000000502732 0.000 237.4 8.0 325.2 124.1 80
2021000000502732 0.000 199.6 428.7 301.4 545.9 80
2021000000502732 0.000 173.8 393.3 248.2 497.9 80
2021000000502732 0.000 304.4 89.0 397.0 199.4 80
2021000000502732 0.000 408.3 9.0 477.7 146.4 80
2021000000502732 0.000 311.2 386.2 391.0 488.1 80
2021000000502732 0.000 30.7 114.7 125.4 229.8 80
2021000000502732 0.000 0.8 0.1 479.8 638.8 14
2021000000502732 0.000 146.6 506.7 225.6 620.5 80
2021000000502732 0.000 0.8 0.1 479.8 638.8 7
2021000000502732 0.000 0.8 0.1 479.8 638.8 11
2021000000502732 0.000 76.7 2.8 478.1 634.3 14
2021000000502732 0.000 75.0 39.6 407.5 612.1 14
2021000000502732 0.000 201.1 11.5 481.9 634.8 14
2021000000502732 0.000 -3.7 157.2 234.1 633.1 14
2021000000502732 0.000 15.9 75.8 458.5 642.1 14
2021000000502732 0.000 1.0 2.4 400.5 636.3 14
2021000000502732 0.000 -2.8 12.8 282.7 632.7 14
2021000000502732 0.000 117.1 144.1 365.5 621.4 14
