2021000665 0.698 140.0 174.5 374.2 264.5 0
2021000665 0.652 469.5 403.1 499.0 435.2 80
2021000665 0.566 494.8 199.4 500.1 279.4 80
2021000665 0.555 137.6 173.3 346.2 258.9 80
2021000665 0.536 496.4 100.8 500.3 172.2 80
2021000665 0.533 496.0 279.1 500.2 371.0 80
2021000665 0.505 150.9 173.9 376.3 252.3 80
2021000665 0.499 136.5 173.3 371.0 262.3 80
2021000665 0.477 154.1 171.8 383.7 263.3 80
2021000665 0.326 246.4 215.9 286.9 242.5 80
2021000665 0.312 498.0 101.2 500.2 228.9 80
2021000665 0.265 497.6 153.0 500.4 358.9 80
2021000665 0.223 0.5 65.8 3.4 178.2 80
2021000665 0.220 0.6 145.1 3.2 278.1 80
2021000665 0.220 0.3 5.3 4.9 93.2 80
2021000665 0.219 0.5 249.3 4.2 388.2 80
2021000665 0.212 495.0 73.9 500.7 419.2 80
2021000665 0.209 486.2 339.1 504.9 428.2 80
2021000665 0.203 1.2 66.5 7.0 241.0 80
2021000665 0.201 1.0 94.9 8.8 377.6 80
2021000665 0.197 176.1 232.1 243.5 273.0 80
2021000665 0.186 -1.9 377.9 21.9 444.5 80
2021000665 0.185 1.5 44.1 18.2 383.5 80
2021000665 0.178 472.3 134.0 501.3 410.7 80
2021000665 0.177 2.2 254.9 25.8 425.6 80
2021000665 0.166 183.7 215.0 322.2 262.9 80
2021000665 0.165 142.5 233.2 405.6 277.1 80
2021000665 0.161 164.6 423.4 349.4 439.5 80
2021000665 0.156 58.9 172.9 353.3 251.5 80
2021000665 0.155 278.2 266.5 327.4 302.4 80
2021000665 0.153 355.4 269.5 493.2 424.0 80
2021000665 0.150 387.6 99.4 496.3 412.8 80
2021000665 0.144 15.5 264.2 173.3 428.2 80
2021000665 0.143 343.2 419.7 457.9 440.7 80
2021000665 0.141 82.0 196.4 400.3 286.4 80
2021000665 0.139 4.8 114.5 67.3 422.8 80
2021000665 0.139 119.3 247.4 393.6 314.5 80
2021000665 0.139 69.1 383.6 200.8 433.6 80
2021000665 0.139 153.9 278.3 220.8 316.3 80
2021000665 0.138 55.4 253.9 296.3 409.2 80
2021000665 0.137 309.0 395.7 428.3 431.8 80
2021000665 0.137 204.2 254.8 245.1 291.8 80
2021000665 0.136 119.4 267.2 390.8 413.7 80
2021000665 0.136 165.4 413.6 322.5 437.2 80
2021000665 0.136 144.2 379.2 276.9 430.0 80
2021000665 0.134 186.4 239.0 441.0 398.4 80
2021000665 0.133 227.7 231.1 478.1 389.6 80
2021000665 0.133 270.1 182.4 496.7 365.9 80
2021000665 0.132 209.0 383.5 335.5 430.1 80
2021000665 0.131 126.6 236.1 380.7 378.5 80
2021000665 0.130 445.6 238.0 486.0 374.5 80
2021000665 0.130 83.8 205.0 342.9 273.3 80
2021000665 0.129 406.1 403.9 495.9 434.7 80
2021000665 0.129 224.5 231.8 296.5 270.6 80
2021000665 0.129 67.5 227.4 342.1 369.2 80
2021000665 0.129 49.0 417.8 160.0 440.2 80
2021000665 0.128 21.5 211.1 250.7 374.2 80
2021000665 0.128 18.5 395.3 100.1 433.6 80
2021000665 0.126 260.0 245.1 363.7 303.8 80
2021000665 0.125 13.9 156.3 193.1 359.0 80
2021000665 0.125 117.2 413.9 227.2 439.2 80
2021000665 0.125 269.4 411.6 383.8 437.3 80
2021000665 0.123 117.7 240.7 183.0 293.9 80
2021000665 0.123 94.2 296.3 148.3 342.9 80
2021000665 0.122 198.2 178.2 438.9 264.6 80
2021000665 0.122 330.1 216.6 396.5 265.6 80
2021000665 0.121 39.6 271.7 85.8 336.3 80
2021000665 0.121 122.0 172.6 380.2 278.1 80
2021000665 0.121 269.4 285.5 351.7 330.0 80
2021000665 0.121 358.2 262.5 436.5 328.5 80
2021000665 0.118 271.4 247.6 401.1 312.2 80
2021000665 0.115 42.8 226.6 277.6 329.0 80
2021000665 0.115 31.1 169.5 224.4 293.4 80
2021000665 0.112 275.2 107.3 568.5 190.0 80
2021000665 0.111 -74.3 27.8 145.5 78.0 80
2021000665 0.111 -10.5 147.4 229.4 222.0 80
2021000665 0.111 -34.7 106.6 156.0 175.7 80
2021000665 0.111 36.0 84.3 323.5 162.7 80
2021000665 0.109 78.1 13.7 514.3 90.2 80
2021000665 0.108 155.1 39.8 557.2 117.5 80
2021000665 0.107 -77.1 12.4 362.1 63.3 80
2021000665 0.107 413.4 76.9 533.5 161.9 80
2021000665 0.106 195.8 13.9 625.5 64.7 80
2021000665 0.106 4.7 1.3 496.2 43.6 80
2021000665 0.106 -143.6 11.5 329.7 50.6 80
2021000665 0.103 -46.6 0.3 452.3 34.8 80
2021000665 0.101 73.4 -0.9 572.3 31.5 80
2021000665 0.101 201.7 7.7 693.7 41.5 80
2021000665 0.100 339.4 10.5 633.3 46.6 80
2021000665 0.095 -41.2 -3.9 101.8 27.0 80
2021000665 0.093 -139.5 -0.9 359.0 27.4 80
2021000665 0.093 285.9 1.6 692.3 27.8 80
2021000665 0.093 -185.3 1.2 313.4 28.6 80
2021000665 0.092 -38.6 -3.2 460.3 25.7 80
2021000665 0.092 -92.5 -0.2 406.4 28.6 80
2021000665 0.092 20.5 -3.2 519.5 26.2 80
2021000665 0.092 155.5 -0.8 654.3 28.5 80
2021000665 0.091 81.0 -3.3 580.0 25.0 80
2021000665 0.091 121.5 -0.2 620.5 30.1 80
2021000665 0.091 202.5 -0.9 701.4 27.5 80
2021000665 0.698 140.0 174.5 374.2 264.5 0
2021000665 0.652 469.5 403.1 499.0 435.2 80
2021000665 0.566 494.8 199.4 500.1 279.4 80
2021000665 0.555 137.6 173.3 346.2 258.9 80
2021000665 0.536 496.4 100.8 500.3 172.2 80
2021000665 0.533 496.0 279.1 500.2 371.0 80
2021000665 0.505 150.9 173.9 376.3 252.3 80
2021000665 0.499 136.5 173.3 371.0 262.3 80
2021000665 0.477 154.1 171.8 383.7 263.3 80
2021000665 0.326 246.4 215.9 286.9 242.5 80
2021000665 0.312 498.0 101.2 500.2 228.9 80
2021000665 0.265 497.6 153.0 500.4 358.9 80
2021000665 0.223 0.5 65.8 3.4 178.2 80
2021000665 0.220 0.6 145.1 3.2 278.1 80
2021000665 0.220 0.3 5.3 4.9 93.2 80
2021000665 0.219 0.5 249.3 4.2 388.2 80
2021000665 0.212 495.0 73.9 500.7 419.2 80
2021000665 0.209 486.2 339.1 504.9 428.2 80
2021000665 0.203 1.2 66.5 7.0 241.0 80
2021000665 0.201 1.0 94.9 8.8 377.6 80
2021000665 0.197 176.1 232.1 243.5 273.0 80
2021000665 0.186 -1.9 377.9 21.9 444.5 80
2021000665 0.185 1.5 44.1 18.2 383.5 80
2021000665 0.178 472.3 134.0 501.3 410.7 80
2021000665 0.177 2.2 254.9 25.8 425.6 80
2021000665 0.166 183.7 215.0 322.2 262.9 80
2021000665 0.165 142.5 233.2 405.6 277.1 80
2021000665 0.161 164.6 423.4 349.4 439.5 80
2021000665 0.156 58.9 172.9 353.3 251.5 80
2021000665 0.155 278.2 266.5 327.4 302.4 80
2021000665 0.153 355.4 269.5 493.2 424.0 80
2021000665 0.150 387.6 99.4 496.3 412.8 80
2021000665 0.144 15.5 264.2 173.3 428.2 80
2021000665 0.143 343.2 419.7 457.9 440.7 80
2021000665 0.141 82.0 196.4 400.3 286.4 80
2021000665 0.139 4.8 114.5 67.3 422.8 80
2021000665 0.139 119.3 247.4 393.6 314.5 80
2021000665 0.139 69.1 383.6 200.8 433.6 80
2021000665 0.139 153.9 278.3 220.8 316.3 80
2021000665 0.138 55.4 253.9 296.3 409.2 80
2021000665 0.137 309.0 395.7 428.3 431.8 80
2021000665 0.137 204.2 254.8 245.1 291.8 80
2021000665 0.136 119.4 267.2 390.8 413.7 80
2021000665 0.136 165.4 413.6 322.5 437.2 80
2021000665 0.136 144.2 379.2 276.9 430.0 80
2021000665 0.134 186.4 239.0 441.0 398.4 80
2021000665 0.133 227.7 231.1 478.1 389.6 80
2021000665 0.133 270.1 182.4 496.7 365.9 80
2021000665 0.132 209.0 383.5 335.5 430.1 80
2021000665 0.131 126.6 236.1 380.7 378.5 80
2021000665 0.130 445.6 238.0 486.0 374.5 80
2021000665 0.130 83.8 205.0 342.9 273.3 80
2021000665 0.129 406.1 403.9 495.9 434.7 80
2021000665 0.129 224.5 231.8 296.5 270.6 80
2021000665 0.129 67.5 227.4 342.1 369.2 80
2021000665 0.129 49.0 417.8 160.0 440.2 80
2021000665 0.128 21.5 211.1 250.7 374.2 80
2021000665 0.128 18.5 395.3 100.1 433.6 80
2021000665 0.126 260.0 245.1 363.7 303.8 80
2021000665 0.125 13.9 156.3 193.1 359.0 80
2021000665 0.125 117.2 413.9 227.2 439.2 80
2021000665 0.125 269.4 411.6 383.8 437.3 80
2021000665 0.123 117.7 240.7 183.0 293.9 80
2021000665 0.123 94.2 296.3 148.3 342.9 80
2021000665 0.122 198.2 178.2 438.9 264.6 80
2021000665 0.122 330.1 216.6 396.5 265.6 80
2021000665 0.121 39.6 271.7 85.8 336.3 80
2021000665 0.121 122.0 172.6 380.2 278.1 80
2021000665 0.121 269.4 285.5 351.7 330.0 80
2021000665 0.121 358.2 262.5 436.5 328.5 80
2021000665 0.118 271.4 247.6 401.1 312.2 80
2021000665 0.115 42.8 226.6 277.6 329.0 80
2021000665 0.115 31.1 169.5 224.4 293.4 80
2021000665 0.112 275.2 107.3 568.5 190.0 80
2021000665 0.111 -74.3 27.8 145.5 78.0 80
2021000665 0.111 -10.5 147.4 229.4 222.0 80
2021000665 0.111 -34.7 106.6 156.0 175.7 80
2021000665 0.111 36.0 84.3 323.5 162.7 80
2021000665 0.109 78.1 13.7 514.3 90.2 80
2021000665 0.108 155.1 39.8 557.2 117.5 80
2021000665 0.107 -77.1 12.4 362.1 63.3 80
2021000665 0.107 413.4 76.9 533.5 161.9 80
2021000665 0.106 195.8 13.9 625.5 64.7 80
2021000665 0.106 4.7 1.3 496.2 43.6 80
2021000665 0.106 -143.6 11.5 329.7 50.6 80
2021000665 0.103 -46.6 0.3 452.3 34.8 80
2021000665 0.101 73.4 -0.9 572.3 31.5 80
2021000665 0.101 201.7 7.7 693.7 41.5 80
2021000665 0.100 339.4 10.5 633.3 46.6 80
2021000665 0.095 -41.2 -3.9 101.8 27.0 80
2021000665 0.093 -139.5 -0.9 359.0 27.4 80
2021000665 0.093 285.9 1.6 692.3 27.8 80
2021000665 0.093 -185.3 1.2 313.4 28.6 80
2021000665 0.092 -38.6 -3.2 460.3 25.7 80
2021000665 0.092 -92.5 -0.2 406.4 28.6 80
2021000665 0.092 20.5 -3.2 519.5 26.2 80
2021000665 0.092 155.5 -0.8 654.3 28.5 80
2021000665 0.091 81.0 -3.3 580.0 25.0 80
2021000665 0.091 121.5 -0.2 620.5 30.1 80
2021000665 0.091 202.5 -0.9 701.4 27.5 80
2021000665 0.000 224.2 82.3 391.5 254.3 80
2021000665 0.000 206.5 130.0 280.2 206.4 80
2021000665 0.000 137.6 157.1 216.1 233.8 80
2021000665 0.000 1.0 47.7 103.3 288.5 80
2021000665 0.000 250.0 162.2 323.7 237.6 80
2021000665 0.000 202.6 182.6 269.7 259.3 80
2021000665 0.000 369.6 126.3 487.5 312.5 80
2021000665 0.000 148.3 36.1 312.4 243.3 80
2021000665 0.000 76.1 138.4 153.0 215.5 80
2021000665 0.000 305.7 118.9 384.9 194.3 80
2021000665 0.000 113.3 186.8 236.8 363.2 80
2021000665 0.000 293.6 199.0 364.4 275.0 80
2021000665 0.000 144.7 199.4 215.2 275.8 80
2021000665 0.000 282.6 156.1 490.6 297.8 80
2021000665 0.000 346.1 168.8 413.5 245.2 80
2021000665 0.000 354.1 227.0 416.7 310.5 80
2021000665 0.000 453.5 224.7 499.6 321.3 80
2021000665 0.000 453.5 149.5 499.7 246.2 80
2021000665 0.000 132.8 260.7 208.8 343.5 80
2021000665 0.000 384.1 114.2 465.7 191.6 80
2021000665 0.000 129.8 96.5 214.8 174.7 80
2021000665 0.000 43.6 255.0 109.4 338.2 80
2021000665 0.000 197.4 135.0 325.4 313.8 80
2021000665 0.000 1.4 234.3 48.0 332.1 80
2021000665 0.000 89.0 217.3 150.2 295.7 80
2021000665 0.000 32.2 149.8 168.1 320.3 80
2021000665 0.000 174.5 63.8 474.3 316.2 80
2021000665 0.000 237.2 203.0 383.4 342.5 80
2021000665 0.000 1.3 146.6 102.2 417.1 80
2021000665 0.000 1.0 175.9 47.1 273.5 80
2021000665 0.000 17.8 25.1 211.1 225.5 80
2021000665 0.000 320.6 256.7 388.7 344.5 80
2021000665 0.000 448.8 62.7 499.9 179.1 80
2021000665 0.000 323.1 8.4 497.8 222.5 80
2021000665 0.000 193.4 60.7 277.2 138.5 80
2021000665 0.000 408.7 206.0 476.2 282.8 80
2021000665 0.000 242.7 148.5 380.5 405.5 80
2021000665 0.000 24.5 179.1 97.4 256.1 80
2021000665 0.000 0.6 104.7 51.1 202.5 80
2021000665 0.000 213.8 299.7 294.9 379.5 80
2021000665 0.000 40.5 125.5 290.7 303.3 80
2021000665 0.000 0.6 25.0 51.8 123.6 80
2021000665 0.000 251.9 47.2 435.6 360.3 80
2021000665 0.000 442.8 286.1 499.5 429.1 80
2021000665 0.000 95.7 58.3 250.6 356.7 80
2021000665 0.000 398.5 134.3 500.0 414.1 80
2021000665 0.000 36.6 25.6 390.6 303.1 80
2021000665 0.000 4.6 9.0 496.1 237.8 80
2021000665 0.000 0.6 291.2 58.3 430.7 80
2021000665 0.000 253.1 4.7 332.2 84.6 80
2021000665 0.000 85.6 21.4 413.9 423.2 80
2021000665 0.000 141.1 156.7 364.7 268.9 80
2021000665 0.000 320.1 58.2 410.0 136.4 80
2021000665 0.000 124.0 92.4 376.6 427.1 80
2021000665 0.000 168.5 132.6 315.0 408.8 80
2021000665 0.000 -3.7 6.4 290.3 432.8 80
2021000665 0.000 177.4 262.7 242.6 350.8 80
2021000665 0.000 6.8 104.1 231.2 432.0 80
2021000665 0.000 64.8 84.5 451.2 376.1 80
2021000665 0.000 213.6 7.1 496.9 434.5 80
2021000665 0.000 146.2 245.9 356.4 431.0 80
2021000665 0.000 139.6 17.9 370.1 425.0 80
2021000665 0.000 -0.8 79.3 369.7 429.9 80
2021000665 0.000 154.8 83.9 500.8 434.9 80
2021000665 0.000 32.4 296.1 303.9 436.0 80
2021000665 0.000 271.8 101.9 494.1 434.2 80
2021000665 0.000 357.3 20.3 501.1 420.6 80
2021000665 0.000 -0.4 23.1 146.9 424.5 80
2021000665 0.000 17.1 169.9 346.1 426.8 80
2021000665 0.000 10.0 213.8 186.3 426.9 80
2021000665 0.000 5.0 324.9 130.6 436.2 80
2021000665 0.000 148.1 176.5 474.5 427.9 80
2021000665 0.000 122.9 120.1 374.7 344.1 80
2021000665 0.000 301.5 211.1 484.4 426.8 80
2021000665 0.000 209.5 301.2 487.3 436.9 80
2021000665 0.000 1.2 264.3 498.0 437.7 80
2021000665 0.000 1.5 1.5 415.0 434.6 80
2021000665 0.000 51.7 166.2 418.6 319.2 80
2021000665 0.000 151.9 3.3 445.8 141.0 80
2021000665 0.000 82.7 1.3 497.5 434.1 80
2021000665 0.000 361.0 290.4 494.5 430.6 80
2021000665 0.000 21.0 50.7 479.3 432.9 80
2021000665 0.000 7.9 106.2 494.3 319.4 80
2021000665 0.000 0.4 116.8 499.2 429.0 80
2021000665 0.000 41.5 68.7 119.8 157.5 80
2021000665 0.000 1.3 18.3 499.3 363.0 80
2021000665 0.000 0.8 -0.3 499.8 435.5 80
2021000665 0.000 252.0 240.2 316.1 313.6 80
2021000665 0.000 424.1 7.1 499.0 99.9 80
2021000665 0.000 7.9 106.2 494.3 319.4 0
2021000665 0.000 0.8 -0.3 499.8 435.5 7
2021000665 0.000 0.8 -0.3 499.8 435.5 14
2021000665 0.000 0.8 -0.3 499.8 435.5 11
2021000665 0.000 6.8 104.1 231.2 432.0 14
2021000665 0.000 213.6 7.1 496.9 434.5 14
2021000665 0.000 271.8 101.9 494.1 434.2 14
2021000665 0.000 139.6 17.9 370.1 425.0 14
2021000665 0.000 251.9 47.2 435.6 360.3 14
2021000665 0.000 124.0 92.4 376.6 427.1 14
2021000665 0.000 -3.7 6.4 290.3 432.8 14
