2021006008 0.711 395.5 99.0 503.5 172.9 80
2021006008 0.706 403.6 86.2 507.5 162.6 80
2021006008 0.700 394.4 81.9 501.3 301.7 80
2021006008 0.661 13.6 4.3 496.9 247.5 80
2021006008 0.640 1.4 1.8 500.1 375.7 13
2021006008 0.636 492.8 84.8 500.5 156.0 80
2021006008 0.632 469.6 340.3 499.4 374.8 80
2021006008 0.628 398.1 62.5 499.6 379.0 80
2021006008 0.625 443.4 39.2 503.0 381.0 80
2021006008 0.614 7.6 -0.4 69.9 21.1 80
2021006008 0.610 295.9 60.9 509.0 386.1 80
2021006008 0.599 0.2 2.1 499.2 375.7 80
2021006008 0.590 33.0 7.3 425.9 209.5 80
2021006008 0.553 467.8 8.6 504.8 287.5 80
2021006008 0.540 98.3 4.2 496.7 372.3 80
2021006008 0.522 62.1 0.3 142.0 14.0 80
2021006008 0.437 497.8 112.0 500.2 259.4 80
2021006008 0.422 497.5 195.3 500.2 331.9 80
2021006008 0.318 21.9 0.5 258.3 374.0 80
2021006008 0.275 48.9 364.5 464.1 376.7 80
2021006008 0.262 497.6 1.0 501.0 32.8 80
2021006008 0.233 0.5 41.3 3.5 157.1 80
2021006008 0.222 -4.0 348.8 33.9 379.2 80
2021006008 0.221 -0.2 -0.9 5.5 68.5 80
2021006008 0.221 0.5 193.6 4.2 338.9 80
2021006008 0.219 -3.8 2.8 30.2 375.0 80
2021006008 0.212 0.2 91.7 3.4 238.0 80
2021006008 0.194 2.4 13.5 123.7 379.7 80
2021006008 0.188 -1.4 46.5 12.8 350.5 80
2021006008 0.180 115.3 365.0 242.6 376.2 80
2021006008 0.172 237.6 97.3 510.1 343.9 80
2021006008 0.158 271.5 332.6 458.2 376.8 80
2021006008 0.158 -1.0 82.0 13.3 208.7 80
2021006008 0.158 466.4 293.9 509.6 369.3 80
2021006008 0.156 -6.2 233.8 56.5 386.5 80
2021006008 0.154 377.5 348.9 504.4 376.2 80
2021006008 0.151 307.4 175.4 519.7 374.5 80
2021006008 0.150 9.0 119.8 487.2 322.7 80
2021006008 0.148 319.8 359.5 485.4 378.7 80
2021006008 0.142 64.0 337.6 211.3 373.8 80
2021006008 0.142 17.3 61.1 366.7 307.8 80
2021006008 0.140 152.6 357.7 343.4 374.8 80
2021006008 0.139 80.2 219.1 422.5 351.9 80
2021006008 0.139 31.8 212.8 329.1 354.8 80
2021006008 0.139 204.0 171.7 498.0 337.5 80
2021006008 0.139 3.3 205.7 195.5 367.0 80
2021006008 0.137 -4.8 83.5 132.3 362.1 80
2021006008 0.136 152.8 192.7 467.7 338.7 80
2021006008 0.135 15.9 344.3 97.7 374.5 80
2021006008 0.135 164.2 109.7 494.0 312.8 80
2021006008 0.134 52.1 360.9 158.9 377.7 80
2021006008 0.133 91.7 191.8 410.5 330.3 80
2021006008 0.132 7.3 78.6 205.6 338.2 80
2021006008 0.132 38.4 176.0 368.6 323.3 80
2021006008 0.131 199.9 342.0 345.4 370.6 80
2021006008 0.131 95.2 130.0 466.3 308.7 80
2021006008 0.130 4.2 159.5 273.0 328.4 80
2021006008 0.129 24.3 93.9 369.6 307.3 80
2021006008 0.129 145.8 341.5 275.6 370.2 80
2021006008 0.128 254.5 356.5 389.7 376.0 80
2021006008 0.128 60.3 138.7 403.3 300.1 80
2021006008 0.127 15.5 127.9 307.7 310.8 80
2021006008 0.124 158.6 211.3 295.2 296.0 80
2021006008 0.124 35.4 90.9 195.7 317.2 80
2021006008 0.123 102.4 173.9 263.4 330.1 80
2021006008 0.121 65.5 104.5 438.4 287.4 80
2021006008 0.121 42.2 112.0 363.9 277.4 80
2021006008 0.121 8.5 67.8 345.5 204.4 80
2021006008 0.119 71.8 140.4 405.1 274.5 80
2021006008 0.119 19.8 17.8 512.0 145.4 80
2021006008 0.119 -26.6 20.3 406.7 137.2 80
2021006008 0.118 152.0 139.6 522.8 337.7 80
2021006008 0.117 130.5 131.7 466.3 282.5 80
2021006008 0.117 113.6 169.6 430.7 287.7 80
2021006008 0.116 18.6 71.6 488.5 201.7 80
2021006008 0.115 -27.1 88.7 336.1 250.5 80
2021006008 0.111 -60.2 96.9 279.5 224.9 80
2021006008 0.110 46.8 59.1 535.8 206.5 80
2021006008 0.110 199.8 135.8 566.4 302.8 80
2021006008 0.109 237.4 107.2 628.3 278.1 80
2021006008 0.108 78.9 84.9 547.1 255.2 80
2021006008 0.106 -120.7 57.3 264.1 145.4 80
2021006008 0.106 -156.9 14.4 240.9 57.3 80
2021006008 0.106 -185.9 -0.8 313.1 17.0 80
2021006008 0.105 -3.9 11.6 477.1 95.2 80
2021006008 0.105 118.5 71.5 592.5 194.5 80
2021006008 0.105 -106.5 6.6 375.0 93.3 80
2021006008 0.104 175.6 63.9 637.9 190.5 80
2021006008 0.103 87.3 26.3 580.1 117.2 80
2021006008 0.103 150.1 18.6 630.1 97.3 80
2021006008 0.102 230.9 17.4 649.6 99.5 80
2021006008 0.100 -156.9 4.1 341.7 44.9 80
2021006008 0.097 74.1 -2.9 573.1 31.5 80
2021006008 0.093 -36.5 -1.3 462.5 19.0 80
2021006008 0.093 -83.4 -5.3 415.6 20.7 80
2021006008 0.092 82.9 -1.7 581.9 19.4 80
2021006008 0.090 157.7 -0.7 656.7 23.1 80
2021006008 0.090 23.4 -1.6 522.4 21.9 80
2021006008 0.090 204.0 -2.3 703.0 20.8 80
2021006008 0.090 124.2 -1.4 623.2 26.3 80
2021006008 0.711 395.5 99.0 503.5 172.9 80
2021006008 0.706 403.6 86.2 507.5 162.6 80
2021006008 0.700 394.4 81.9 501.3 301.7 80
2021006008 0.661 13.6 4.3 496.9 247.5 80
2021006008 0.640 1.4 1.8 500.1 375.7 13
2021006008 0.636 492.8 84.8 500.5 156.0 80
2021006008 0.632 469.6 340.3 499.4 374.8 80
2021006008 0.628 398.1 62.5 499.6 379.0 80
2021006008 0.625 443.4 39.2 503.0 381.0 80
2021006008 0.614 7.6 -0.4 69.9 21.1 80
2021006008 0.610 295.9 60.9 509.0 386.1 80
2021006008 0.599 0.2 2.1 499.2 375.7 80
2021006008 0.590 33.0 7.3 425.9 209.5 80
2021006008 0.553 467.8 8.6 504.8 287.5 80
2021006008 0.540 98.3 4.2 496.7 372.3 80
2021006008 0.522 62.1 0.3 142.0 14.0 80
2021006008 0.437 497.8 112.0 500.2 259.4 80
2021006008 0.422 497.5 195.3 500.2 331.9 80
2021006008 0.318 21.9 0.5 258.3 374.0 80
2021006008 0.275 48.9 364.5 464.1 376.7 80
2021006008 0.262 497.6 1.0 501.0 32.8 80
2021006008 0.233 0.5 41.3 3.5 157.1 80
2021006008 0.222 -4.0 348.8 33.9 379.2 80
2021006008 0.221 -0.2 -0.9 5.5 68.5 80
2021006008 0.221 0.5 193.6 4.2 338.9 80
2021006008 0.219 -3.8 2.8 30.2 375.0 80
2021006008 0.212 0.2 91.7 3.4 238.0 80
2021006008 0.194 2.4 13.5 123.7 379.7 80
2021006008 0.188 -1.4 46.5 12.8 350.5 80
2021006008 0.180 115.3 365.0 242.6 376.2 80
2021006008 0.172 237.6 97.3 510.1 343.9 80
2021006008 0.158 271.5 332.6 458.2 376.8 80
2021006008 0.158 -1.0 82.0 13.3 208.7 80
2021006008 0.158 466.4 293.9 509.6 369.3 80
2021006008 0.156 -6.2 233.8 56.5 386.5 80
2021006008 0.154 377.5 348.9 504.4 376.2 80
2021006008 0.151 307.4 175.4 519.7 374.5 80
2021006008 0.150 9.0 119.8 487.2 322.7 80
2021006008 0.148 319.8 359.5 485.4 378.7 80
2021006008 0.142 64.0 337.6 211.3 373.8 80
2021006008 0.142 17.3 61.1 366.7 307.8 80
2021006008 0.140 152.6 357.7 343.4 374.8 80
2021006008 0.139 80.2 219.1 422.5 351.9 80
2021006008 0.139 31.8 212.8 329.1 354.8 80
2021006008 0.139 204.0 171.7 498.0 337.5 80
2021006008 0.139 3.3 205.7 195.5 367.0 80
2021006008 0.137 -4.8 83.5 132.3 362.1 80
2021006008 0.136 152.8 192.7 467.7 338.7 80
2021006008 0.135 15.9 344.3 97.7 374.5 80
2021006008 0.135 164.2 109.7 494.0 312.8 80
2021006008 0.134 52.1 360.9 158.9 377.7 80
2021006008 0.133 91.7 191.8 410.5 330.3 80
2021006008 0.132 7.3 78.6 205.6 338.2 80
2021006008 0.132 38.4 176.0 368.6 323.3 80
2021006008 0.131 199.9 342.0 345.4 370.6 80
2021006008 0.131 95.2 130.0 466.3 308.7 80
2021006008 0.130 4.2 159.5 273.0 328.4 80
2021006008 0.129 24.3 93.9 369.6 307.3 80
2021006008 0.129 145.8 341.5 275.6 370.2 80
2021006008 0.128 254.5 356.5 389.7 376.0 80
2021006008 0.128 60.3 138.7 403.3 300.1 80
2021006008 0.127 15.5 127.9 307.7 310.8 80
2021006008 0.124 158.6 211.3 295.2 296.0 80
2021006008 0.124 35.4 90.9 195.7 317.2 80
2021006008 0.123 102.4 173.9 263.4 330.1 80
2021006008 0.121 65.5 104.5 438.4 287.4 80
2021006008 0.121 42.2 112.0 363.9 277.4 80
2021006008 0.121 8.5 67.8 345.5 204.4 80
2021006008 0.119 71.8 140.4 405.1 274.5 80
2021006008 0.119 19.8 17.8 512.0 145.4 80
2021006008 0.119 -26.6 20.3 406.7 137.2 80
2021006008 0.118 152.0 139.6 522.8 337.7 80
2021006008 0.117 130.5 131.7 466.3 282.5 80
2021006008 0.117 113.6 169.6 430.7 287.7 80
2021006008 0.116 18.6 71.6 488.5 201.7 80
2021006008 0.115 -27.1 88.7 336.1 250.5 80
2021006008 0.111 -60.2 96.9 279.5 224.9 80
2021006008 0.110 46.8 59.1 535.8 206.5 80
2021006008 0.110 199.8 135.8 566.4 302.8 80
2021006008 0.109 237.4 107.2 628.3 278.1 80
2021006008 0.108 78.9 84.9 547.1 255.2 80
2021006008 0.106 -120.7 57.3 264.1 145.4 80
2021006008 0.106 -156.9 14.4 240.9 57.3 80
2021006008 0.106 -185.9 -0.8 313.1 17.0 80
2021006008 0.105 -3.9 11.6 477.1 95.2 80
2021006008 0.105 118.5 71.5 592.5 194.5 80
2021006008 0.105 -106.5 6.6 375.0 93.3 80
2021006008 0.104 175.6 63.9 637.9 190.5 80
2021006008 0.103 87.3 26.3 580.1 117.2 80
2021006008 0.103 150.1 18.6 630.1 97.3 80
2021006008 0.102 230.9 17.4 649.6 99.5 80
2021006008 0.100 -156.9 4.1 341.7 44.9 80
2021006008 0.097 74.1 -2.9 573.1 31.5 80
2021006008 0.093 -36.5 -1.3 462.5 19.0 80
2021006008 0.093 -83.4 -5.3 415.6 20.7 80
2021006008 0.092 82.9 -1.7 581.9 19.4 80
2021006008 0.090 157.7 -0.7 656.7 23.1 80
2021006008 0.090 23.4 -1.6 522.4 21.9 80
2021006008 0.090 204.0 -2.3 703.0 20.8 80
2021006008 0.090 124.2 -1.4 623.2 26.3 80
2021006008 0.000 242.0 73.2 372.7 227.7 80
2021006008 0.000 0.9 43.1 103.5 247.8 80
2021006008 0.000 143.7 135.9 210.3 202.4 80
2021006008 0.000 211.4 111.8 275.3 178.0 80
2021006008 0.000 371.0 109.2 486.3 268.7 80
2021006008 0.000 255.8 137.9 317.1 204.5 80
2021006008 0.000 156.6 31.4 304.0 211.6 80
2021006008 0.000 45.5 217.8 107.4 288.9 80
2021006008 0.000 136.3 82.3 207.6 151.5 80
2021006008 0.000 81.5 117.6 146.9 186.5 80
2021006008 0.000 197.9 51.8 272.4 119.8 80
2021006008 0.000 453.6 128.4 499.6 211.2 80
2021006008 0.000 387.8 97.3 461.7 164.2 80
2021006008 0.000 348.6 145.3 411.0 211.1 80
2021006008 0.000 136.9 218.3 201.8 292.7 80
2021006008 0.000 19.5 26.1 206.5 194.8 80
2021006008 0.000 1.5 201.3 48.0 285.0 80
2021006008 0.000 297.9 170.7 359.9 236.2 80
2021006008 0.000 453.4 192.9 499.6 275.6 80
2021006008 0.000 356.3 197.7 415.7 265.7 80
2021006008 0.000 313.5 100.9 376.2 167.7 80
2021006008 0.000 323.9 8.3 496.6 191.8 80
2021006008 0.000 287.5 132.8 485.8 257.7 80
2021006008 0.000 205.6 160.1 267.3 225.4 80
2021006008 0.000 0.9 125.8 102.1 357.9 80
2021006008 0.000 33.3 127.4 166.8 276.8 80
2021006008 0.000 1.0 151.5 47.1 234.6 80
2021006008 0.000 89.9 187.8 149.8 253.9 80
2021006008 0.000 449.0 54.1 499.7 153.4 80
2021006008 0.000 117.9 161.9 233.2 316.5 80
2021006008 0.000 218.0 251.8 286.7 331.9 80
2021006008 0.000 149.3 172.2 210.8 237.6 80
2021006008 0.000 410.1 176.6 474.8 242.3 80
2021006008 0.000 27.0 155.1 94.9 220.9 80
2021006008 0.000 323.9 218.2 384.1 295.1 80
2021006008 0.000 202.7 116.7 319.1 275.9 80
2021006008 0.000 177.6 56.6 471.2 267.4 80
2021006008 0.000 252.3 124.0 366.8 347.9 80
2021006008 0.000 0.5 90.4 51.3 173.8 80
2021006008 0.000 0.7 22.0 51.8 106.0 80
2021006008 0.000 46.4 108.1 284.6 258.9 80
2021006008 0.000 101.1 50.5 245.1 317.1 80
2021006008 0.000 255.5 3.7 329.5 73.3 80
2021006008 0.000 322.9 47.5 406.2 116.3 80
2021006008 0.000 43.3 21.4 383.8 258.4 80
2021006008 0.000 0.6 249.6 58.3 369.8 80
2021006008 0.000 178.6 220.3 238.0 300.5 80
2021006008 0.000 442.7 245.1 499.6 368.5 80
2021006008 0.000 398.6 113.5 499.6 355.5 80
2021006008 0.000 10.6 10.6 491.5 199.6 80
2021006008 0.000 258.6 42.4 428.2 311.1 80
2021006008 0.000 90.0 16.9 408.1 364.6 80
2021006008 0.000 256.1 169.2 365.6 301.9 80
2021006008 0.000 -2.4 5.4 286.1 371.6 80
2021006008 0.000 8.1 89.0 229.6 370.1 80
2021006008 0.000 0.7 22.9 146.6 363.6 80
2021006008 0.000 213.1 6.1 497.0 372.7 80
2021006008 0.000 131.2 78.4 368.1 365.5 80
2021006008 0.000 156.2 201.7 351.1 369.4 80
2021006008 0.000 170.3 106.4 310.3 353.3 80
2021006008 0.000 153.4 21.0 355.4 360.9 80
2021006008 0.000 357.6 18.1 500.9 361.1 80
2021006008 0.000 68.8 68.1 447.4 321.4 80
2021006008 0.000 177.0 8.2 417.9 127.1 80
2021006008 0.000 43.6 254.9 289.5 373.6 80
2021006008 0.000 2.3 68.4 366.1 369.3 80
2021006008 0.000 5.1 279.1 130.5 374.3 80
2021006008 0.000 12.0 183.0 185.2 365.8 80
2021006008 0.000 305.3 180.1 482.3 365.0 80
2021006008 0.000 220.0 199.0 278.3 264.7 80
2021006008 0.000 24.3 146.3 338.1 364.6 80
2021006008 0.000 2.5 1.3 412.8 373.0 80
2021006008 0.000 150.8 131.3 355.6 228.6 80
2021006008 0.000 274.3 86.1 490.6 373.1 80
2021006008 0.000 3.0 228.5 496.0 374.4 80
2021006008 0.000 220.7 257.3 474.7 373.5 80
2021006008 0.000 84.5 1.1 496.2 372.9 80
2021006008 0.000 158.6 67.8 495.0 371.2 80
2021006008 0.000 157.9 150.5 463.3 364.9 80
2021006008 0.000 362.6 245.1 494.3 368.9 80
2021006008 0.000 44.4 60.6 117.3 136.8 80
2021006008 0.000 129.9 101.9 365.9 294.0 80
2021006008 0.000 22.3 43.4 477.5 366.6 80
2021006008 0.000 60.2 142.4 409.5 272.0 80
2021006008 0.000 0.4 100.8 499.0 366.5 80
2021006008 0.000 244.0 202.0 298.7 273.9 80
2021006008 0.000 12.6 94.7 489.8 271.8 80
2021006008 0.000 0.8 0.3 499.7 373.9 80
2021006008 0.000 1.3 18.3 498.9 309.8 80
2021006008 0.000 286.3 250.3 340.8 319.0 80
2021006008 0.000 424.2 6.2 498.9 85.7 80
2021006008 0.000 12.6 94.7 489.8 271.8 0
2021006008 0.000 0.8 0.3 499.7 373.9 7
2021006008 0.000 8.1 89.0 229.6 370.1 14
2021006008 0.000 258.6 42.4 428.2 311.1 14
2021006008 0.000 101.1 50.5 245.1 317.1 14
2021006008 0.000 170.3 106.4 310.3 353.3 14
2021006008 0.000 274.3 86.1 490.6 373.1 14
2021006008 0.000 153.4 21.0 355.4 360.9 14
2021006008 0.000 213.1 6.1 497.0 372.7 14
