2021000687 0.720 60.1 14.8 97.7 121.5 14
2021000687 0.657 185.4 52.8 291.4 162.8 80
2021000687 0.655 37.6 27.1 487.9 211.9 80
2021000687 0.654 17.9 44.7 485.3 311.6 6
2021000687 0.650 234.2 37.8 291.8 97.8 80
2021000687 0.649 332.5 45.0 356.9 66.2 80
2021000687 0.635 472.6 308.2 498.8 338.7 80
2021000687 0.616 339.4 53.7 494.5 183.4 80
2021000687 0.610 249.5 60.1 496.3 215.2 80
2021000687 0.609 154.8 19.6 178.8 75.4 14
2021000687 0.607 298.0 68.2 493.2 198.9 80
2021000687 0.599 370.1 35.7 488.8 79.9 80
2021000687 0.587 285.0 34.6 336.0 72.5 6
2021000687 0.581 51.5 37.3 89.5 105.1 80
2021000687 0.581 373.2 37.7 490.3 80.4 80
2021000687 0.578 292.7 39.9 333.0 66.9 80
2021000687 0.562 268.3 51.6 492.6 192.8 6
2021000687 0.562 185.9 38.4 293.0 134.8 14
2021000687 0.560 63.7 27.2 96.6 101.8 80
2021000687 0.552 359.3 40.4 475.1 72.3 80
2021000687 0.544 154.9 25.1 175.9 75.7 80
2021000687 0.537 23.5 40.7 61.6 65.4 80
2021000687 0.536 245.0 35.3 276.6 68.7 80
2021000687 0.530 1.9 40.3 500.0 289.4 80
2021000687 0.518 253.2 46.5 491.8 201.3 80
2021000687 0.487 370.5 34.6 493.7 81.7 6
2021000687 0.486 33.7 42.8 414.9 142.5 80
2021000687 0.483 365.1 36.1 496.1 77.7 80
2021000687 0.473 192.9 42.7 227.2 63.5 80
2021000687 0.435 498.0 126.3 500.2 213.8 80
2021000687 0.433 286.7 34.3 335.6 72.5 80
2021000687 0.424 101.6 13.4 144.5 65.3 14
2021000687 0.421 498.3 188.9 500.2 281.6 80
2021000687 0.419 98.6 13.3 145.3 66.6 80
2021000687 0.410 498.7 60.8 500.1 126.4 80
2021000687 0.380 100.0 12.8 144.3 68.1 80
2021000687 0.380 27.6 40.9 65.7 67.8 6
2021000687 0.368 10.0 38.2 25.9 57.7 6
2021000687 0.362 191.1 43.1 223.9 62.6 6
2021000687 0.358 189.1 40.7 225.0 61.8 80
2021000687 0.351 0.8 43.2 5.4 82.0 80
2021000687 0.346 480.5 31.4 504.3 49.1 80
2021000687 0.337 22.4 43.1 63.2 70.3 80
2021000687 0.335 455.5 34.6 495.2 355.2 80
2021000687 0.332 468.0 24.1 512.2 147.0 80
2021000687 0.318 191.1 43.1 223.9 62.6 80
2021000687 0.281 189.1 40.7 225.0 61.8 6
2021000687 0.278 27.6 40.9 65.7 67.8 80
2021000687 0.277 22.4 43.1 63.2 70.3 6
2021000687 0.275 101.6 13.4 144.5 65.3 80
2021000687 0.266 498.6 51.5 500.4 303.9 80
2021000687 0.265 98.6 13.3 145.3 66.6 14
2021000687 0.249 10.0 38.2 25.9 57.7 80
2021000687 0.232 286.7 34.3 335.6 72.5 6
2021000687 0.230 0.6 184.6 4.0 303.9 80
2021000687 0.224 0.5 88.2 3.3 215.8 80
2021000687 0.218 108.5 71.9 527.9 321.5 80
2021000687 0.211 43.2 9.6 229.7 30.6 80
2021000687 0.211 268.3 51.6 492.6 192.8 80
2021000687 0.207 100.0 12.8 144.3 68.1 14
2021000687 0.204 0.1 41.6 9.3 299.6 80
2021000687 0.201 185.9 38.4 293.0 134.8 80
2021000687 0.193 -0.8 289.1 18.4 343.5 80
2021000687 0.186 253.2 46.5 491.8 201.3 6
2021000687 0.179 370.5 34.6 493.7 81.7 80
2021000687 0.177 0.8 147.2 24.8 343.9 80
2021000687 0.173 42.3 110.9 458.9 278.8 80
2021000687 0.172 0.7 49.2 48.5 348.4 80
2021000687 0.171 180.2 108.8 489.4 274.3 80
2021000687 0.169 285.0 34.6 336.0 72.5 80
2021000687 0.166 481.1 256.5 506.7 328.4 80
2021000687 0.151 245.0 35.3 276.6 68.7 6
2021000687 0.147 192.9 42.7 227.2 63.5 6
2021000687 0.146 365.1 36.1 496.1 77.7 6
2021000687 0.142 325.0 151.8 500.1 329.3 80
2021000687 0.141 21.8 76.1 502.9 253.0 80
2021000687 0.139 17.9 175.9 168.2 334.0 80
2021000687 0.138 49.4 184.4 308.1 315.5 80
2021000687 0.138 52.4 19.5 548.9 120.3 80
2021000687 0.136 104.4 196.2 402.3 311.3 80
2021000687 0.134 185.6 324.2 320.2 340.9 80
2021000687 0.133 303.6 297.2 424.8 333.6 80
2021000687 0.133 169.4 181.4 456.6 293.8 80
2021000687 0.132 16.2 91.4 125.1 194.7 80
2021000687 0.131 49.1 163.8 360.4 284.0 80
2021000687 0.130 104.1 177.2 399.9 291.3 80
2021000687 0.130 106.5 131.7 457.3 265.7 80
2021000687 0.130 87.5 195.9 197.2 258.4 80
2021000687 0.130 57.8 130.6 408.3 261.4 80
2021000687 0.128 36.8 107.6 353.9 233.8 80
2021000687 0.128 30.9 113.2 369.1 251.9 80
2021000687 0.127 20.3 164.6 251.7 282.6 80
2021000687 0.126 76.8 297.2 188.4 332.6 80
2021000687 0.126 126.5 201.5 251.0 280.9 80
2021000687 0.124 25.8 145.9 299.2 257.5 80
2021000687 0.124 154.9 87.0 567.6 269.4 80
2021000687 0.123 134.1 187.4 306.1 264.9 80
2021000687 0.123 110.1 60.0 571.8 201.8 80
2021000687 0.122 343.7 320.1 451.3 341.5 80
2021000687 0.122 22.3 301.4 95.5 334.0 80
2021000687 0.720 60.1 14.8 97.7 121.5 14
2021000687 0.657 185.4 52.8 291.4 162.8 80
2021000687 0.655 37.6 27.1 487.9 211.9 80
2021000687 0.654 17.9 44.7 485.3 311.6 6
2021000687 0.650 234.2 37.8 291.8 97.8 80
2021000687 0.649 332.5 45.0 356.9 66.2 80
2021000687 0.635 472.6 308.2 498.8 338.7 80
2021000687 0.616 339.4 53.7 494.5 183.4 80
2021000687 0.610 249.5 60.1 496.3 215.2 80
2021000687 0.609 154.8 19.6 178.8 75.4 14
2021000687 0.607 298.0 68.2 493.2 198.9 80
2021000687 0.599 370.1 35.7 488.8 79.9 80
2021000687 0.587 285.0 34.6 336.0 72.5 6
2021000687 0.581 51.5 37.3 89.5 105.1 80
2021000687 0.581 373.2 37.7 490.3 80.4 80
2021000687 0.578 292.7 39.9 333.0 66.9 80
2021000687 0.562 268.3 51.6 492.6 192.8 6
2021000687 0.562 185.9 38.4 293.0 134.8 14
2021000687 0.560 63.7 27.2 96.6 101.8 80
2021000687 0.552 359.3 40.4 475.1 72.3 80
2021000687 0.544 154.9 25.1 175.9 75.7 80
2021000687 0.537 23.5 40.7 61.6 65.4 80
2021000687 0.536 245.0 35.3 276.6 68.7 80
2021000687 0.530 1.9 40.3 500.0 289.4 80
2021000687 0.518 253.2 46.5 491.8 201.3 80
2021000687 0.487 370.5 34.6 493.7 81.7 6
2021000687 0.486 33.7 42.8 414.9 142.5 80
2021000687 0.483 365.1 36.1 496.1 77.7 80
2021000687 0.473 192.9 42.7 227.2 63.5 80
2021000687 0.435 498.0 126.3 500.2 213.8 80
2021000687 0.433 286.7 34.3 335.6 72.5 80
2021000687 0.424 101.6 13.4 144.5 65.3 14
2021000687 0.421 498.3 188.9 500.2 281.6 80
2021000687 0.419 98.6 13.3 145.3 66.6 80
2021000687 0.410 498.7 60.8 500.1 126.4 80
2021000687 0.380 100.0 12.8 144.3 68.1 80
2021000687 0.380 27.6 40.9 65.7 67.8 6
2021000687 0.368 10.0 38.2 25.9 57.7 6
2021000687 0.362 191.1 43.1 223.9 62.6 6
2021000687 0.358 189.1 40.7 225.0 61.8 80
2021000687 0.351 0.8 43.2 5.4 82.0 80
2021000687 0.346 480.5 31.4 504.3 49.1 80
2021000687 0.337 22.4 43.1 63.2 70.3 80
2021000687 0.335 455.5 34.6 495.2 355.2 80
2021000687 0.332 468.0 24.1 512.2 147.0 80
2021000687 0.318 191.1 43.1 223.9 62.6 80
2021000687 0.281 189.1 40.7 225.0 61.8 6
2021000687 0.278 27.6 40.9 65.7 67.8 80
2021000687 0.277 22.4 43.1 63.2 70.3 6
2021000687 0.275 101.6 13.4 144.5 65.3 80
2021000687 0.266 498.6 51.5 500.4 303.9 80
2021000687 0.265 98.6 13.3 145.3 66.6 14
2021000687 0.249 10.0 38.2 25.9 57.7 80
2021000687 0.232 286.7 34.3 335.6 72.5 6
2021000687 0.230 0.6 184.6 4.0 303.9 80
2021000687 0.224 0.5 88.2 3.3 215.8 80
2021000687 0.218 108.5 71.9 527.9 321.5 80
2021000687 0.211 43.2 9.6 229.7 30.6 80
2021000687 0.211 268.3 51.6 492.6 192.8 80
2021000687 0.207 100.0 12.8 144.3 68.1 14
2021000687 0.204 0.1 41.6 9.3 299.6 80
2021000687 0.201 185.9 38.4 293.0 134.8 80
2021000687 0.193 -0.8 289.1 18.4 343.5 80
2021000687 0.186 253.2 46.5 491.8 201.3 6
2021000687 0.179 370.5 34.6 493.7 81.7 80
2021000687 0.177 0.8 147.2 24.8 343.9 80
2021000687 0.173 42.3 110.9 458.9 278.8 80
2021000687 0.172 0.7 49.2 48.5 348.4 80
2021000687 0.171 180.2 108.8 489.4 274.3 80
2021000687 0.169 285.0 34.6 336.0 72.5 80
2021000687 0.166 481.1 256.5 506.7 328.4 80
2021000687 0.151 245.0 35.3 276.6 68.7 6
2021000687 0.147 192.9 42.7 227.2 63.5 6
2021000687 0.146 365.1 36.1 496.1 77.7 6
2021000687 0.142 325.0 151.8 500.1 329.3 80
2021000687 0.141 21.8 76.1 502.9 253.0 80
2021000687 0.139 17.9 175.9 168.2 334.0 80
2021000687 0.138 49.4 184.4 308.1 315.5 80
2021000687 0.138 52.4 19.5 548.9 120.3 80
2021000687 0.136 104.4 196.2 402.3 311.3 80
2021000687 0.134 185.6 324.2 320.2 340.9 80
2021000687 0.133 303.6 297.2 424.8 333.6 80
2021000687 0.133 169.4 181.4 456.6 293.8 80
2021000687 0.132 16.2 91.4 125.1 194.7 80
2021000687 0.131 49.1 163.8 360.4 284.0 80
2021000687 0.130 104.1 177.2 399.9 291.3 80
2021000687 0.130 106.5 131.7 457.3 265.7 80
2021000687 0.130 87.5 195.9 197.2 258.4 80
2021000687 0.130 57.8 130.6 408.3 261.4 80
2021000687 0.128 36.8 107.6 353.9 233.8 80
2021000687 0.128 30.9 113.2 369.1 251.9 80
2021000687 0.127 20.3 164.6 251.7 282.6 80
2021000687 0.126 76.8 297.2 188.4 332.6 80
2021000687 0.126 126.5 201.5 251.0 280.9 80
2021000687 0.124 25.8 145.9 299.2 257.5 80
2021000687 0.124 154.9 87.0 567.6 269.4 80
2021000687 0.123 134.1 187.4 306.1 264.9 80
2021000687 0.123 110.1 60.0 571.8 201.8 80
2021000687 0.122 343.7 320.1 451.3 341.5 80
2021000687 0.122 22.3 301.4 95.5 334.0 80
2021000687 0.000 0.7 39.2 103.6 223.4 80
2021000687 0.000 245.3 65.9 370.0 206.0 80
2021000687 0.000 203.0 45.0 266.1 108.3 80
2021000687 0.000 256.6 125.5 316.4 185.6 80
2021000687 0.000 372.6 98.7 484.9 242.3 80
2021000687 0.000 46.0 196.5 106.7 260.9 80
2021000687 0.000 83.8 107.2 144.9 170.1 80
2021000687 0.000 133.2 95.1 218.1 196.9 80
2021000687 0.000 390.5 87.0 458.7 147.4 80
2021000687 0.000 453.6 116.1 499.6 190.3 80
2021000687 0.000 213.3 103.1 273.7 163.3 80
2021000687 0.000 22.4 26.1 202.2 176.8 80
2021000687 0.000 141.4 74.3 202.4 138.6 80
2021000687 0.000 325.5 10.4 494.8 172.8 80
2021000687 0.000 1.5 181.7 48.0 256.8 80
2021000687 0.000 162.0 29.4 299.5 190.9 80
2021000687 0.000 349.9 132.3 410.0 191.7 80
2021000687 0.000 220.0 217.1 281.2 304.0 80
2021000687 0.000 90.5 170.2 149.2 230.0 80
2021000687 0.000 314.7 91.9 375.3 152.1 80
2021000687 0.000 357.4 179.5 415.1 239.8 80
2021000687 0.000 32.3 114.8 168.0 249.3 80
2021000687 0.000 453.4 173.8 499.7 248.3 80
2021000687 0.000 0.9 136.6 47.1 211.3 80
2021000687 0.000 0.6 113.8 102.1 322.6 80
2021000687 0.000 449.0 48.9 499.7 138.3 80
2021000687 0.000 259.6 2.6 324.7 66.8 80
2021000687 0.000 137.5 197.0 201.5 262.3 80
2021000687 0.000 298.6 154.9 359.4 213.7 80
2021000687 0.000 28.5 140.6 93.6 199.7 80
2021000687 0.000 119.0 145.2 232.6 285.3 80
2021000687 0.000 149.7 156.0 210.5 214.8 80
2021000687 0.000 255.4 113.7 363.2 314.1 80
2021000687 0.000 292.8 120.2 480.8 234.1 80
2021000687 0.000 325.7 197.4 381.9 266.5 80
2021000687 0.000 219.8 179.3 278.2 239.1 80
2021000687 0.000 0.7 20.2 51.8 95.6 80
2021000687 0.000 48.6 19.3 378.1 231.8 80
2021000687 0.000 410.1 159.2 474.8 218.3 80
2021000687 0.000 205.2 106.5 317.2 253.0 80
2021000687 0.000 0.7 225.0 58.3 333.5 80
2021000687 0.000 180.1 200.2 238.1 268.5 80
2021000687 0.000 177.1 52.1 471.6 240.3 80
2021000687 0.000 49.5 98.9 281.8 232.8 80
2021000687 0.000 0.4 81.9 51.5 156.6 80
2021000687 0.000 325.7 42.0 402.8 104.9 80
2021000687 0.000 101.1 44.6 244.3 281.4 80
2021000687 0.000 206.2 145.0 267.2 204.3 80
2021000687 0.000 442.7 220.7 499.6 332.3 80
2021000687 0.000 14.8 12.8 486.7 177.3 80
2021000687 0.000 398.5 100.6 499.5 320.5 80
2021000687 0.000 94.7 14.2 401.9 329.8 80
2021000687 0.000 1.4 5.6 282.3 334.8 80
2021000687 0.000 262.6 38.0 424.1 282.3 80
2021000687 0.000 188.8 7.4 402.7 121.7 80
2021000687 0.000 160.5 178.3 349.4 331.8 80
2021000687 0.000 1.2 21.7 146.5 327.7 80
2021000687 0.000 212.8 5.7 497.5 336.0 80
2021000687 0.000 160.4 25.6 349.0 320.7 80
2021000687 0.000 11.6 81.2 225.9 333.4 80
2021000687 0.000 357.6 16.9 501.4 324.6 80
2021000687 0.000 280.8 215.9 336.7 298.4 80
2021000687 0.000 171.3 95.4 309.0 318.8 80
2021000687 0.000 133.1 70.3 365.7 329.2 80
2021000687 0.000 257.4 150.3 363.1 276.0 80
2021000687 0.000 5.0 251.8 130.5 337.4 80
2021000687 0.000 306.3 162.8 481.9 328.8 80
2021000687 0.000 53.8 230.1 278.5 335.9 80
2021000687 0.000 11.7 165.1 185.3 329.8 80
2021000687 0.000 3.3 1.2 410.3 336.1 80
2021000687 0.000 7.9 206.4 491.5 336.4 80
2021000687 0.000 4.8 58.7 361.4 332.9 80
2021000687 0.000 72.0 58.0 444.6 288.7 80
2021000687 0.000 223.2 231.3 472.2 336.4 80
2021000687 0.000 33.5 133.1 327.7 327.1 80
2021000687 0.000 85.6 1.0 494.7 336.0 80
2021000687 0.000 277.9 78.3 486.5 336.0 80
2021000687 0.000 161.0 119.3 346.8 207.5 80
2021000687 0.000 244.5 182.0 298.0 246.4 80
2021000687 0.000 168.3 136.3 451.5 326.9 80
2021000687 0.000 44.5 54.7 117.1 123.4 80
2021000687 0.000 160.4 59.7 492.4 333.9 80
2021000687 0.000 362.2 221.6 494.6 332.2 80
2021000687 0.000 134.5 92.7 360.2 264.8 80
2021000687 0.000 67.6 129.2 402.3 245.1 80
2021000687 0.000 22.4 38.8 474.6 326.3 80
2021000687 0.000 0.6 90.6 498.5 328.6 80
2021000687 0.000 0.8 0.8 499.6 337.2 80
2021000687 0.000 17.1 86.4 484.0 243.6 80
2021000687 0.000 2.4 21.3 497.5 277.4 80
2021000687 0.000 424.3 5.6 498.8 77.1 80
2021000687 0.000 17.1 86.4 484.0 243.6 0
2021000687 0.000 262.6 38.0 424.1 282.3 14
2021000687 0.000 171.3 95.4 309.0 318.8 14
2021000687 0.000 101.1 44.6 244.3 281.4 14
2021000687 0.000 160.4 25.6 349.0 320.7 14
2021000687 0.000 11.6 81.2 225.9 333.4 14
2021000687 0.000 277.9 78.3 486.5 336.0 14
2021000687 0.000 133.1 70.3 365.7 329.2 14
2021000687 0.000 212.8 5.7 497.5 336.0 14
