2021000000545407 0.791 603.3 384.2 640.6 419.4 80
2021000000545407 0.775 289.8 183.7 458.8 290.7 80
2021000000545407 0.769 25.0 77.6 617.3 358.2 80
2021000000545407 0.768 191.2 190.2 473.2 298.0 80
2021000000545407 0.768 223.8 204.6 314.3 264.4 80
2021000000545407 0.767 180.1 203.5 274.6 250.6 80
2021000000545407 0.762 222.2 209.1 277.8 238.1 80
2021000000545407 0.758 237.1 190.5 309.7 238.2 80
2021000000545407 0.753 173.6 197.8 229.3 240.8 80
2021000000545407 0.745 181.3 199.4 448.8 298.0 80
2021000000545407 0.725 639.2 143.9 640.0 230.4 80
2021000000545407 0.716 178.7 172.8 475.8 297.6 0
2021000000545407 0.150 581.4 72.1 653.9 471.5 80
2021000000545407 0.126 313.3 205.1 400.4 247.9 80
2021000000545407 0.125 395.9 164.5 489.1 207.9 80
2021000000545407 0.123 270.0 173.0 372.9 224.6 80
2021000000545407 0.122 362.6 204.3 448.0 246.3 80
2021000000545407 0.121 537.8 251.9 711.2 460.5 80
2021000000545407 0.111 -72.9 415.9 242.3 425.3 80
2021000000545407 0.111 573.0 167.3 652.1 211.5 80
