2021003592 0.766 17.5 109.0 120.5 432.5 14
2021003592 0.719 11.8 292.6 115.5 432.5 80
2021003592 0.702 15.2 121.8 127.8 400.9 80
2021003592 0.687 215.4 164.4 234.0 197.9 80
2021003592 0.677 -10.9 114.4 176.9 404.9 80
2021003592 0.670 234.6 275.6 277.2 326.7 80
2021003592 0.661 215.5 287.0 257.3 326.3 80
2021003592 0.656 236.4 291.2 290.8 403.8 80
2021003592 0.652 217.0 172.0 234.5 200.6 80
2021003592 0.652 185.7 276.5 247.5 324.6 80
2021003592 0.652 232.0 280.0 293.4 409.0 11
2021003592 0.639 21.0 117.8 113.8 354.2 80
2021003592 0.631 129.2 298.5 267.4 388.3 80
2021003592 0.621 244.4 274.2 299.9 400.6 80
2021003592 0.617 137.5 268.5 219.9 311.2 80
2021003592 0.615 16.5 120.9 118.5 423.6 80
2021003592 0.612 -0.2 295.4 143.4 442.1 80
2021003592 0.609 28.9 285.0 293.7 384.6 80
2021003592 0.596 303.4 437.4 321.6 474.9 80
2021003592 0.593 89.4 297.4 252.1 397.0 80
2021003592 0.586 26.4 295.3 291.8 407.1 80
2021003592 0.580 129.9 269.9 250.9 331.8 80
2021003592 0.575 226.9 172.2 238.7 192.1 80
2021003592 0.574 3.7 78.6 49.3 464.0 80
2021003592 0.569 81.7 294.0 117.0 336.8 80
2021003592 0.563 284.1 182.1 295.6 203.0 80
2021003592 0.558 -1.5 97.9 317.3 378.6 80
2021003592 0.550 290.7 161.9 305.4 202.2 80
2021003592 0.545 287.3 175.5 301.9 207.8 80
2021003592 0.534 19.1 102.0 110.9 412.7 80
2021003592 0.532 79.8 292.5 121.0 341.3 80
2021003592 0.525 130.5 263.7 247.6 325.7 80
2021003592 0.524 1.1 162.3 4.5 214.2 80
2021003592 0.504 317.3 177.6 320.5 264.0 80
2021003592 0.500 318.2 309.4 320.5 371.9 80
2021003592 0.479 39.6 292.4 252.3 400.3 80
2021003592 0.476 316.4 163.2 320.3 193.5 80
2021003592 0.469 102.0 298.3 261.0 392.0 11
2021003592 0.469 287.8 165.4 303.7 205.7 14
2021003592 0.441 303.0 167.7 311.7 198.6 80
2021003592 0.395 4.1 280.1 182.3 426.2 80
2021003592 0.380 287.6 168.6 304.2 206.7 14
2021003592 0.362 318.5 176.8 320.3 367.9 80
2021003592 0.323 14.1 152.0 288.4 348.2 80
2021003592 0.308 7.1 138.3 121.9 356.7 80
2021003592 0.299 -0.9 49.5 12.7 440.7 80
2021003592 0.289 129.2 266.8 246.4 322.2 11
2021003592 0.284 76.6 300.7 286.7 413.8 80
2021003592 0.279 319.8 58.6 320.1 134.8 80
2021003592 0.269 102.0 298.3 261.0 392.0 9
2021003592 0.266 -0.4 68.6 6.7 366.1 80
2021003592 0.257 0.3 98.6 2.4 344.2 80
2021003592 0.253 129.2 266.8 246.4 322.2 80
2021003592 0.232 287.6 168.6 304.2 206.7 80
2021003592 0.229 0.8 13.5 2.4 118.8 80
2021003592 0.224 318.4 321.1 320.7 428.6 80
2021003592 0.214 8.2 190.0 33.7 229.1 80
2021003592 0.210 0.4 212.8 2.9 426.8 80
2021003592 0.195 -1.6 102.9 118.5 432.2 80
2021003592 0.188 79.8 292.5 121.0 341.3 4
2021003592 0.176 -0.6 348.0 10.8 502.9 80
2021003592 0.171 121.4 148.0 303.9 344.6 80
2021003592 0.170 13.1 163.6 104.5 369.2 80
2021003592 0.165 166.4 295.0 314.8 450.1 80
2021003592 0.159 287.8 165.4 303.7 205.7 80
2021003592 0.158 -4.0 253.4 42.6 463.9 80
2021003592 0.148 4.3 367.2 68.3 501.6 80
2021003592 0.146 82.9 431.3 236.7 484.0 80
2021003592 0.143 44.3 314.7 241.6 466.2 80
2021003592 0.140 272.6 403.9 318.8 483.0 80
2021003592 0.136 58.4 209.1 95.5 265.3 80
2021003592 0.136 17.4 199.9 150.9 401.2 80
2021003592 0.129 244.9 277.8 295.0 339.7 80
2021003592 0.129 77.7 229.9 107.9 280.9 80
2021003592 0.128 102.0 298.3 261.0 392.0 80
2021003592 0.127 62.0 248.0 98.0 316.3 80
2021003592 0.127 123.6 281.2 161.1 332.5 80
2021003592 0.127 218.1 452.1 291.1 485.9 80
2021003592 0.126 108.1 456.1 209.6 483.5 80
2021003592 0.124 70.0 266.7 246.0 373.4 80
2021003592 0.122 32.5 188.4 79.5 255.2 80
2021003592 0.121 232.0 280.0 293.4 409.0 80
2021003592 0.121 29.4 450.0 97.2 484.8 80
2021003592 0.120 164.7 442.3 246.4 480.1 80
2021003592 0.120 70.6 444.7 144.8 483.0 80
2021003592 0.119 108.6 180.6 252.3 288.1 80
2021003592 0.118 287.3 175.5 301.9 207.8 14
2021003592 0.117 14.1 217.5 78.3 329.6 80
2021003592 0.116 68.1 141.2 193.6 219.4 80
2021003592 0.115 101.1 156.6 238.3 235.8 80
2021003592 0.113 46.8 146.2 261.0 252.1 80
2021003592 0.113 143.7 198.5 256.7 282.7 80
2021003592 0.111 156.6 199.3 267.2 284.9 80
2021003592 0.110 89.6 245.7 189.8 321.1 80
2021003592 0.108 -15.3 4.3 279.7 76.1 80
2021003592 0.108 40.2 18.7 333.8 104.0 80
2021003592 0.106 6.8 2.6 316.5 57.2 80
2021003592 0.104 0.9 -6.0 26.1 33.9 80
2021003592 0.104 -111.3 -1.8 196.5 33.3 80
2021003592 0.103 48.6 -1.7 367.5 42.5 80
2021003592 0.766 17.5 109.0 120.5 432.5 14
2021003592 0.719 11.8 292.6 115.5 432.5 80
2021003592 0.702 15.2 121.8 127.8 400.9 80
2021003592 0.687 215.4 164.4 234.0 197.9 80
2021003592 0.677 -10.9 114.4 176.9 404.9 80
2021003592 0.670 234.6 275.6 277.2 326.7 80
2021003592 0.661 215.5 287.0 257.3 326.3 80
2021003592 0.656 236.4 291.2 290.8 403.8 80
2021003592 0.652 217.0 172.0 234.5 200.6 80
2021003592 0.652 185.7 276.5 247.5 324.6 80
2021003592 0.652 232.0 280.0 293.4 409.0 11
2021003592 0.639 21.0 117.8 113.8 354.2 80
2021003592 0.631 129.2 298.5 267.4 388.3 80
2021003592 0.621 244.4 274.2 299.9 400.6 80
2021003592 0.617 137.5 268.5 219.9 311.2 80
2021003592 0.615 16.5 120.9 118.5 423.6 80
2021003592 0.612 -0.2 295.4 143.4 442.1 80
2021003592 0.609 28.9 285.0 293.7 384.6 80
2021003592 0.596 303.4 437.4 321.6 474.9 80
2021003592 0.593 89.4 297.4 252.1 397.0 80
2021003592 0.586 26.4 295.3 291.8 407.1 80
2021003592 0.580 129.9 269.9 250.9 331.8 80
2021003592 0.575 226.9 172.2 238.7 192.1 80
2021003592 0.574 3.7 78.6 49.3 464.0 80
2021003592 0.569 81.7 294.0 117.0 336.8 80
2021003592 0.563 284.1 182.1 295.6 203.0 80
2021003592 0.558 -1.5 97.9 317.3 378.6 80
2021003592 0.550 290.7 161.9 305.4 202.2 80
2021003592 0.545 287.3 175.5 301.9 207.8 80
2021003592 0.534 19.1 102.0 110.9 412.7 80
2021003592 0.532 79.8 292.5 121.0 341.3 80
2021003592 0.525 130.5 263.7 247.6 325.7 80
2021003592 0.524 1.1 162.3 4.5 214.2 80
2021003592 0.504 317.3 177.6 320.5 264.0 80
2021003592 0.500 318.2 309.4 320.5 371.9 80
2021003592 0.479 39.6 292.4 252.3 400.3 80
2021003592 0.476 316.4 163.2 320.3 193.5 80
2021003592 0.469 102.0 298.3 261.0 392.0 11
2021003592 0.469 287.8 165.4 303.7 205.7 14
2021003592 0.441 303.0 167.7 311.7 198.6 80
2021003592 0.395 4.1 280.1 182.3 426.2 80
2021003592 0.380 287.6 168.6 304.2 206.7 14
2021003592 0.362 318.5 176.8 320.3 367.9 80
2021003592 0.323 14.1 152.0 288.4 348.2 80
2021003592 0.308 7.1 138.3 121.9 356.7 80
2021003592 0.299 -0.9 49.5 12.7 440.7 80
2021003592 0.289 129.2 266.8 246.4 322.2 11
2021003592 0.284 76.6 300.7 286.7 413.8 80
2021003592 0.279 319.8 58.6 320.1 134.8 80
2021003592 0.269 102.0 298.3 261.0 392.0 9
2021003592 0.266 -0.4 68.6 6.7 366.1 80
2021003592 0.257 0.3 98.6 2.4 344.2 80
2021003592 0.253 129.2 266.8 246.4 322.2 80
2021003592 0.232 287.6 168.6 304.2 206.7 80
2021003592 0.229 0.8 13.5 2.4 118.8 80
2021003592 0.224 318.4 321.1 320.7 428.6 80
2021003592 0.214 8.2 190.0 33.7 229.1 80
2021003592 0.210 0.4 212.8 2.9 426.8 80
2021003592 0.195 -1.6 102.9 118.5 432.2 80
2021003592 0.188 79.8 292.5 121.0 341.3 4
2021003592 0.176 -0.6 348.0 10.8 502.9 80
2021003592 0.171 121.4 148.0 303.9 344.6 80
2021003592 0.170 13.1 163.6 104.5 369.2 80
2021003592 0.165 166.4 295.0 314.8 450.1 80
2021003592 0.159 287.8 165.4 303.7 205.7 80
2021003592 0.158 -4.0 253.4 42.6 463.9 80
2021003592 0.148 4.3 367.2 68.3 501.6 80
2021003592 0.146 82.9 431.3 236.7 484.0 80
2021003592 0.143 44.3 314.7 241.6 466.2 80
2021003592 0.140 272.6 403.9 318.8 483.0 80
2021003592 0.136 58.4 209.1 95.5 265.3 80
2021003592 0.136 17.4 199.9 150.9 401.2 80
2021003592 0.129 244.9 277.8 295.0 339.7 80
2021003592 0.129 77.7 229.9 107.9 280.9 80
2021003592 0.128 102.0 298.3 261.0 392.0 80
2021003592 0.127 62.0 248.0 98.0 316.3 80
2021003592 0.127 123.6 281.2 161.1 332.5 80
2021003592 0.127 218.1 452.1 291.1 485.9 80
2021003592 0.126 108.1 456.1 209.6 483.5 80
2021003592 0.124 70.0 266.7 246.0 373.4 80
2021003592 0.122 32.5 188.4 79.5 255.2 80
2021003592 0.121 232.0 280.0 293.4 409.0 80
2021003592 0.121 29.4 450.0 97.2 484.8 80
2021003592 0.120 164.7 442.3 246.4 480.1 80
2021003592 0.120 70.6 444.7 144.8 483.0 80
2021003592 0.119 108.6 180.6 252.3 288.1 80
2021003592 0.118 287.3 175.5 301.9 207.8 14
2021003592 0.117 14.1 217.5 78.3 329.6 80
2021003592 0.116 68.1 141.2 193.6 219.4 80
2021003592 0.115 101.1 156.6 238.3 235.8 80
2021003592 0.113 46.8 146.2 261.0 252.1 80
2021003592 0.113 143.7 198.5 256.7 282.7 80
2021003592 0.111 156.6 199.3 267.2 284.9 80
2021003592 0.110 89.6 245.7 189.8 321.1 80
2021003592 0.108 -15.3 4.3 279.7 76.1 80
2021003592 0.108 40.2 18.7 333.8 104.0 80
2021003592 0.106 6.8 2.6 316.5 57.2 80
2021003592 0.104 0.9 -6.0 26.1 33.9 80
2021003592 0.104 -111.3 -1.8 196.5 33.3 80
2021003592 0.103 48.6 -1.7 367.5 42.5 80
2021003592 0.000 232.7 133.6 316.9 335.8 80
2021003592 0.000 2.4 161.0 126.7 341.0 80
2021003592 0.000 135.1 100.2 266.6 247.6 80
2021003592 0.000 87.1 47.8 215.2 234.3 80
2021003592 0.000 176.0 176.1 320.4 327.5 80
2021003592 0.000 0.6 40.8 65.6 318.2 80
2021003592 0.000 288.7 83.9 319.8 185.6 80
2021003592 0.000 256.9 226.6 309.9 310.0 80
2021003592 0.000 0.8 165.2 65.8 456.0 80
2021003592 0.000 0.6 191.8 30.5 299.8 80
2021003592 0.000 290.4 245.7 319.8 354.1 80
2021003592 0.000 53.0 243.2 101.6 325.1 80
2021003592 0.000 290.5 163.3 319.8 271.5 80
2021003592 0.000 11.4 197.1 67.1 280.6 80
2021003592 0.000 124.9 206.4 178.9 288.8 80
2021003592 0.000 79.8 169.4 147.7 258.3 80
2021003592 0.000 1.3 257.0 30.7 365.2 80
2021003592 0.000 255.0 155.0 319.8 451.4 80
2021003592 0.000 99.4 65.9 317.0 357.8 80
2021003592 0.000 153.5 77.1 291.0 392.7 80
2021003592 0.000 284.3 321.3 319.2 465.5 80
2021003592 0.000 205.2 5.3 322.3 240.0 80
2021003592 0.000 13.8 134.9 198.6 335.5 80
2021003592 0.000 88.0 219.6 143.2 302.3 80
2021003592 0.000 155.3 178.6 212.6 260.3 80
2021003592 0.000 86.1 178.6 238.6 304.7 80
2021003592 0.000 183.0 220.9 239.3 302.6 80
2021003592 0.000 184.4 146.1 308.3 465.4 80
2021003592 0.000 214.4 189.5 273.1 270.8 80
2021003592 0.000 0.4 27.0 33.5 135.1 80
2021003592 0.000 221.1 259.7 275.4 340.0 80
2021003592 0.000 44.5 154.5 103.0 236.5 80
2021003592 0.000 5.8 21.0 146.2 234.2 80
2021003592 0.000 127.6 143.6 184.7 226.5 80
2021003592 0.000 1.6 -16.2 319.7 274.2 80
2021003592 0.000 0.8 320.9 36.9 475.8 80
2021003592 0.000 0.6 114.5 32.9 222.5 80
2021003592 0.000 5.0 187.5 228.7 471.8 80
2021003592 0.000 19.1 33.0 255.5 324.3 80
2021003592 0.000 92.5 273.4 229.4 474.4 80
2021003592 0.000 242.6 129.5 302.1 211.9 80
2021003592 0.000 81.9 114.7 240.4 463.2 80
2021003592 0.000 103.1 165.5 211.1 442.2 80
2021003592 0.000 -0.9 120.3 154.7 475.6 80
2021003592 0.000 155.3 208.2 253.6 427.1 80
2021003592 0.000 61.8 118.2 258.0 380.0 80
2021003592 0.000 191.6 134.0 251.5 215.2 80
2021003592 0.000 -3.9 250.4 126.4 474.0 80
2021003592 0.000 121.3 69.4 181.0 151.1 80
2021003592 0.000 45.7 47.6 273.2 443.4 80
2021003592 0.000 96.0 208.4 303.4 472.7 80
2021003592 0.000 2.8 313.3 212.7 476.7 80
2021003592 0.000 230.2 27.2 319.9 461.7 80
2021003592 0.000 189.1 247.9 312.6 471.3 80
2021003592 0.000 3.0 357.7 84.7 478.9 80
2021003592 0.000 0.7 91.5 235.6 476.8 80
2021003592 0.000 132.9 7.9 323.0 476.6 80
2021003592 0.000 232.3 321.8 315.8 474.3 80
2021003592 0.000 94.0 102.8 327.7 481.3 80
2021003592 0.000 81.4 107.7 139.9 190.1 80
2021003592 0.000 115.3 191.1 222.3 341.4 80
2021003592 0.000 23.6 283.7 75.4 370.7 80
2021003592 0.000 36.1 110.8 294.0 413.1 80
2021003592 0.000 -3.0 9.5 190.8 474.8 80
2021003592 0.000 128.2 336.3 318.7 480.2 80
2021003592 0.000 30.5 51.4 194.5 430.1 80
2021003592 0.000 55.5 136.7 173.0 458.4 80
2021003592 0.000 106.8 260.3 224.2 441.1 80
2021003592 0.000 1.5 297.1 319.2 480.6 80
2021003592 0.000 91.4 -1.8 293.1 149.9 80
2021003592 0.000 1.4 3.3 268.8 477.0 80
2021003592 0.000 87.2 21.7 238.9 462.3 80
2021003592 0.000 85.4 292.5 136.5 372.5 80
2021003592 0.000 25.4 193.0 277.3 357.6 80
2021003592 0.000 48.1 10.9 319.6 479.3 80
2021003592 0.000 0.8 143.7 319.7 476.8 80
2021003592 0.000 4.0 38.7 93.0 465.2 80
2021003592 0.000 9.3 58.5 304.9 482.8 80
2021003592 0.000 1.1 38.9 319.8 439.5 80
2021003592 0.000 0.9 0.7 319.8 479.3 80
2021003592 0.000 158.2 6.9 217.4 93.6 80
2021003592 0.000 203.0 68.6 265.3 150.5 80
2021003592 0.000 149.7 268.4 257.6 369.5 80
2021003592 0.000 5.3 182.7 320.6 378.8 80
2021003592 0.000 272.8 6.8 318.2 109.9 80
2021003592 0.000 138.3 254.1 185.8 334.7 80
2021003592 0.000 20.2 87.4 84.4 170.8 80
2021003592 0.000 207.1 281.8 260.6 359.9 80
2021003592 0.000 0.9 0.7 319.8 479.3 14
2021003592 0.000 0.9 0.7 319.8 479.3 7
2021003592 0.000 48.1 10.9 319.6 479.3 14
2021003592 0.000 0.9 0.7 319.8 479.3 11
2021003592 0.000 45.7 47.6 273.2 443.4 14
2021003592 0.000 132.9 7.9 323.0 476.6 14
2021003592 0.000 9.3 58.5 304.9 482.8 14
2021003592 0.000 -3.0 9.5 190.8 474.8 14
2021003592 0.000 1.4 3.3 268.8 477.0 14
2021003592 0.000 -0.9 120.3 154.7 475.6 14
2021003592 0.000 0.7 91.5 235.6 476.8 14
2021003592 0.000 0.8 143.7 319.7 476.8 17
