2021000000436315 0.777 200.5 479.3 454.6 626.9 80
2021000000436315 0.777 2.5 239.1 401.6 631.0 80
2021000000436315 0.776 211.1 252.9 482.7 626.6 80
2021000000436315 0.774 -5.5 358.0 323.0 623.9 80
2021000000436315 0.773 289.2 547.0 330.6 582.4 80
2021000000436315 0.761 4.0 455.4 353.6 638.7 80
2021000000436315 0.760 443.5 570.7 481.4 644.0 80
2021000000436315 0.759 152.7 519.9 470.8 637.6 80
2021000000436315 0.757 1.7 -2.8 468.0 315.0 80
2021000000436315 0.757 256.8 496.7 466.9 629.5 80
2021000000436315 0.757 212.9 532.1 475.2 638.9 80
2021000000436315 0.754 1.1 441.5 478.1 637.5 80
2021000000436315 0.753 -3.1 379.0 473.9 638.8 80
2021000000436315 0.749 2.0 1.7 478.9 639.7 80
2021000000436315 0.748 465.8 405.6 478.1 638.5 80
2021000000436315 0.748 473.5 162.1 478.3 633.9 80
2021000000436315 0.748 17.4 0.3 65.2 46.6 80
2021000000436315 0.745 0.7 370.6 477.7 633.0 80
2021000000436315 0.744 0.3 534.8 13.1 636.5 80
2021000000436315 0.743 32.0 10.3 368.4 104.7 80
