2021009690 0.717 250.4 222.3 320.8 334.1 8
2021009690 0.691 345.5 192.4 407.6 296.8 8
2021009690 0.650 368.1 187.7 405.4 244.7 80
2021009690 0.644 256.8 205.4 322.9 281.5 80
2021009690 0.638 307.4 190.5 354.4 213.0 80
2021009690 0.635 474.4 288.9 498.6 334.1 80
2021009690 0.633 296.2 96.5 374.9 182.9 80
2021009690 0.631 491.1 167.5 499.8 256.4 80
2021009690 0.628 341.4 202.3 406.3 296.8 80
2021009690 0.616 487.8 195.6 500.2 328.5 80
2021009690 0.604 482.3 229.8 500.7 329.2 80
2021009690 0.598 237.1 188.4 347.5 275.7 80
2021009690 0.594 224.1 201.2 379.9 311.9 80
2021009690 0.590 245.7 195.4 262.1 222.6 80
2021009690 0.590 299.4 93.5 371.6 173.6 80
2021009690 0.584 236.1 201.3 370.0 304.1 80
2021009690 0.577 245.6 191.7 266.7 216.3 80
2021009690 0.575 347.2 196.4 404.6 293.1 80
2021009690 0.573 493.6 86.9 500.2 134.2 80
2021009690 0.551 247.1 202.8 401.5 302.7 80
2021009690 0.547 296.2 91.1 373.0 187.2 19
2021009690 0.543 295.1 189.0 365.0 223.0 80
2021009690 0.530 242.7 188.3 275.1 279.5 80
2021009690 0.521 240.4 191.3 270.4 259.5 80
2021009690 0.519 356.1 193.3 397.9 271.3 80
2021009690 0.507 255.1 184.6 268.2 208.6 80
2021009690 0.501 492.4 149.3 500.2 312.8 80
2021009690 0.477 240.2 189.4 270.4 279.6 8
2021009690 0.462 246.0 205.4 397.4 319.6 10
2021009690 0.450 306.5 211.3 345.3 232.7 80
2021009690 0.407 494.9 65.6 500.4 265.6 80
2021009690 0.316 1.0 75.7 3.4 147.3 80
2021009690 0.270 494.9 43.5 500.3 311.0 80
2021009690 0.266 246.0 205.4 397.4 319.6 80
2021009690 0.239 0.9 186.6 3.6 298.9 80
2021009690 0.238 190.4 322.6 340.9 334.2 80
2021009690 0.234 -0.1 23.7 10.7 263.9 80
2021009690 0.231 0.7 111.0 3.0 222.0 80
2021009690 0.213 219.0 221.1 436.4 331.7 80
2021009690 0.213 0.2 3.0 4.5 76.4 80
2021009690 0.207 219.0 218.6 253.5 253.9 80
2021009690 0.195 296.2 91.1 373.0 187.2 80
2021009690 0.195 -2.6 299.0 25.3 336.3 80
2021009690 0.188 240.2 189.4 270.4 279.6 80
2021009690 0.178 328.7 182.5 367.9 222.5 80
2021009690 0.171 0.4 164.5 28.2 341.1 80
2021009690 0.167 259.8 142.0 416.8 262.6 80
2021009690 0.165 1.4 61.2 27.2 278.2 80
2021009690 0.159 212.2 185.8 244.9 219.4 80
2021009690 0.159 458.6 100.6 504.3 321.0 80
2021009690 0.157 46.4 323.2 163.0 334.7 80
2021009690 0.156 -1.0 154.2 32.8 272.5 80
2021009690 0.149 394.6 307.0 498.9 333.5 80
2021009690 0.148 259.5 224.4 291.3 252.3 80
2021009690 0.147 119.3 319.8 220.2 334.5 80
2021009690 0.145 66.1 292.0 195.8 332.2 80
2021009690 0.145 171.6 305.1 329.6 335.7 80
2021009690 0.144 240.4 191.3 270.4 259.5 8
2021009690 0.143 149.9 281.5 288.6 332.2 80
2021009690 0.138 336.8 319.8 451.5 335.8 80
2021009690 0.137 5.3 104.3 64.2 312.6 80
2021009690 0.137 377.5 186.8 420.8 242.1 80
2021009690 0.135 242.7 188.3 275.1 279.5 8
2021009690 0.134 17.1 304.0 94.5 330.9 80
2021009690 0.134 14.3 185.3 170.8 323.0 80
2021009690 0.132 69.0 200.8 284.2 312.4 80
2021009690 0.131 385.9 207.1 420.6 244.6 80
2021009690 0.129 177.6 211.1 216.7 244.6 80
2021009690 0.129 148.2 235.4 187.5 267.5 80
2021009690 0.126 124.2 201.0 162.6 235.1 80
2021009690 0.126 112.6 180.5 320.1 285.0 80
2021009690 0.125 247.1 202.8 401.5 302.7 10
2021009690 0.125 36.7 166.0 231.0 282.7 80
2021009690 0.123 77.8 188.6 119.9 225.2 80
2021009690 0.122 362.0 132.1 404.7 169.7 80
2021009690 0.121 26.0 139.4 168.9 260.6 80
2021009690 0.120 65.0 152.1 253.5 260.5 80
2021009690 0.120 141.2 115.0 367.5 229.7 80
2021009690 0.119 27.9 155.7 73.0 201.5 80
2021009690 0.117 96.5 217.6 136.8 252.2 80
2021009690 0.116 96.5 136.0 283.8 226.1 80
2021009690 0.114 141.9 176.2 272.7 249.6 80
2021009690 0.113 49.3 125.1 190.8 229.5 80
2021009690 0.112 26.2 159.3 100.0 233.4 80
2021009690 0.112 58.4 63.4 302.1 118.6 80
2021009690 0.110 -96.3 32.6 177.1 82.4 80
2021009690 0.110 410.9 89.6 518.3 170.5 80
2021009690 0.109 138.6 32.4 458.4 92.8 80
2021009690 0.108 57.8 4.1 464.7 39.3 80
2021009690 0.108 -82.7 9.1 365.8 40.2 80
2021009690 0.107 -141.1 9.4 329.7 38.8 80
2021009690 0.106 233.2 8.4 660.9 37.1 80
2021009690 0.105 81.8 0.5 569.5 31.3 80
2021009690 0.102 343.1 11.2 622.1 42.4 80
2021009690 0.101 -46.1 1.1 452.8 23.0 80
2021009690 0.097 124.9 -1.7 623.9 20.6 80
2021009690 0.094 -139.8 -0.5 358.3 20.8 80
2021009690 0.094 -188.9 -2.5 252.6 20.3 80
2021009690 0.093 -39.2 -2.0 459.6 19.0 80
2021009690 0.093 -93.8 0.6 404.4 22.1 80
2021009690 0.717 250.4 222.3 320.8 334.1 8
2021009690 0.691 345.5 192.4 407.6 296.8 8
2021009690 0.650 368.1 187.7 405.4 244.7 80
2021009690 0.644 256.8 205.4 322.9 281.5 80
2021009690 0.638 307.4 190.5 354.4 213.0 80
2021009690 0.635 474.4 288.9 498.6 334.1 80
2021009690 0.633 296.2 96.5 374.9 182.9 80
2021009690 0.631 491.1 167.5 499.8 256.4 80
2021009690 0.628 341.4 202.3 406.3 296.8 80
2021009690 0.616 487.8 195.6 500.2 328.5 80
2021009690 0.604 482.3 229.8 500.7 329.2 80
2021009690 0.598 237.1 188.4 347.5 275.7 80
2021009690 0.594 224.1 201.2 379.9 311.9 80
2021009690 0.590 245.7 195.4 262.1 222.6 80
2021009690 0.590 299.4 93.5 371.6 173.6 80
2021009690 0.584 236.1 201.3 370.0 304.1 80
2021009690 0.577 245.6 191.7 266.7 216.3 80
2021009690 0.575 347.2 196.4 404.6 293.1 80
2021009690 0.573 493.6 86.9 500.2 134.2 80
2021009690 0.551 247.1 202.8 401.5 302.7 80
2021009690 0.547 296.2 91.1 373.0 187.2 19
2021009690 0.543 295.1 189.0 365.0 223.0 80
2021009690 0.530 242.7 188.3 275.1 279.5 80
2021009690 0.521 240.4 191.3 270.4 259.5 80
2021009690 0.519 356.1 193.3 397.9 271.3 80
2021009690 0.507 255.1 184.6 268.2 208.6 80
2021009690 0.501 492.4 149.3 500.2 312.8 80
2021009690 0.477 240.2 189.4 270.4 279.6 8
2021009690 0.462 246.0 205.4 397.4 319.6 10
2021009690 0.450 306.5 211.3 345.3 232.7 80
2021009690 0.407 494.9 65.6 500.4 265.6 80
2021009690 0.316 1.0 75.7 3.4 147.3 80
2021009690 0.270 494.9 43.5 500.3 311.0 80
2021009690 0.266 246.0 205.4 397.4 319.6 80
2021009690 0.239 0.9 186.6 3.6 298.9 80
2021009690 0.238 190.4 322.6 340.9 334.2 80
2021009690 0.234 -0.1 23.7 10.7 263.9 80
2021009690 0.231 0.7 111.0 3.0 222.0 80
2021009690 0.213 219.0 221.1 436.4 331.7 80
2021009690 0.213 0.2 3.0 4.5 76.4 80
2021009690 0.207 219.0 218.6 253.5 253.9 80
2021009690 0.195 296.2 91.1 373.0 187.2 80
2021009690 0.195 -2.6 299.0 25.3 336.3 80
2021009690 0.188 240.2 189.4 270.4 279.6 80
2021009690 0.178 328.7 182.5 367.9 222.5 80
2021009690 0.171 0.4 164.5 28.2 341.1 80
2021009690 0.167 259.8 142.0 416.8 262.6 80
2021009690 0.165 1.4 61.2 27.2 278.2 80
2021009690 0.159 212.2 185.8 244.9 219.4 80
2021009690 0.159 458.6 100.6 504.3 321.0 80
2021009690 0.157 46.4 323.2 163.0 334.7 80
2021009690 0.156 -1.0 154.2 32.8 272.5 80
2021009690 0.149 394.6 307.0 498.9 333.5 80
2021009690 0.148 259.5 224.4 291.3 252.3 80
2021009690 0.147 119.3 319.8 220.2 334.5 80
2021009690 0.145 66.1 292.0 195.8 332.2 80
2021009690 0.145 171.6 305.1 329.6 335.7 80
2021009690 0.144 240.4 191.3 270.4 259.5 8
2021009690 0.143 149.9 281.5 288.6 332.2 80
2021009690 0.138 336.8 319.8 451.5 335.8 80
2021009690 0.137 5.3 104.3 64.2 312.6 80
2021009690 0.137 377.5 186.8 420.8 242.1 80
2021009690 0.135 242.7 188.3 275.1 279.5 8
2021009690 0.134 17.1 304.0 94.5 330.9 80
2021009690 0.134 14.3 185.3 170.8 323.0 80
2021009690 0.132 69.0 200.8 284.2 312.4 80
2021009690 0.131 385.9 207.1 420.6 244.6 80
2021009690 0.129 177.6 211.1 216.7 244.6 80
2021009690 0.129 148.2 235.4 187.5 267.5 80
2021009690 0.126 124.2 201.0 162.6 235.1 80
2021009690 0.126 112.6 180.5 320.1 285.0 80
2021009690 0.125 247.1 202.8 401.5 302.7 10
2021009690 0.125 36.7 166.0 231.0 282.7 80
2021009690 0.123 77.8 188.6 119.9 225.2 80
2021009690 0.122 362.0 132.1 404.7 169.7 80
2021009690 0.121 26.0 139.4 168.9 260.6 80
2021009690 0.120 65.0 152.1 253.5 260.5 80
2021009690 0.120 141.2 115.0 367.5 229.7 80
2021009690 0.119 27.9 155.7 73.0 201.5 80
2021009690 0.117 96.5 217.6 136.8 252.2 80
2021009690 0.116 96.5 136.0 283.8 226.1 80
2021009690 0.114 141.9 176.2 272.7 249.6 80
2021009690 0.113 49.3 125.1 190.8 229.5 80
2021009690 0.112 26.2 159.3 100.0 233.4 80
2021009690 0.112 58.4 63.4 302.1 118.6 80
2021009690 0.110 -96.3 32.6 177.1 82.4 80
2021009690 0.110 410.9 89.6 518.3 170.5 80
2021009690 0.109 138.6 32.4 458.4 92.8 80
2021009690 0.108 57.8 4.1 464.7 39.3 80
2021009690 0.108 -82.7 9.1 365.8 40.2 80
2021009690 0.107 -141.1 9.4 329.7 38.8 80
2021009690 0.106 233.2 8.4 660.9 37.1 80
2021009690 0.105 81.8 0.5 569.5 31.3 80
2021009690 0.102 343.1 11.2 622.1 42.4 80
2021009690 0.101 -46.1 1.1 452.8 23.0 80
2021009690 0.097 124.9 -1.7 623.9 20.6 80
2021009690 0.094 -139.8 -0.5 358.3 20.8 80
2021009690 0.094 -188.9 -2.5 252.6 20.3 80
2021009690 0.093 -39.2 -2.0 459.6 19.0 80
2021009690 0.093 -93.8 0.6 404.4 22.1 80
2021009690 0.000 0.8 39.6 103.7 219.9 80
2021009690 0.000 245.1 64.6 370.2 203.1 80
2021009690 0.000 203.1 44.4 266.1 106.7 80
2021009690 0.000 256.6 123.7 316.4 182.9 80
2021009690 0.000 372.7 97.3 484.8 238.7 80
2021009690 0.000 45.9 193.6 106.8 256.8 80
2021009690 0.000 83.8 105.7 144.8 167.7 80
2021009690 0.000 133.1 93.5 218.1 194.0 80
2021009690 0.000 390.5 85.7 458.7 145.2 80
2021009690 0.000 453.6 114.4 499.6 187.5 80
2021009690 0.000 213.4 101.7 273.6 161.0 80
2021009690 0.000 141.4 73.2 202.4 136.6 80
2021009690 0.000 22.0 26.3 202.7 174.0 80
2021009690 0.000 325.8 10.5 494.5 170.4 80
2021009690 0.000 1.5 179.1 48.0 253.0 80
2021009690 0.000 162.0 29.1 299.4 188.1 80
2021009690 0.000 349.9 130.4 409.9 189.0 80
2021009690 0.000 219.9 213.4 281.0 299.7 80
2021009690 0.000 90.6 167.7 149.2 226.6 80
2021009690 0.000 314.7 90.6 375.2 149.9 80
2021009690 0.000 357.4 176.8 415.0 236.3 80
2021009690 0.000 32.4 113.1 167.8 245.7 80
2021009690 0.000 1.0 134.7 47.1 208.2 80
2021009690 0.000 453.4 171.3 499.7 244.6 80
2021009690 0.000 0.5 112.0 102.1 317.8 80
2021009690 0.000 449.1 48.2 499.7 136.2 80
2021009690 0.000 259.7 2.5 324.6 65.8 80
2021009690 0.000 137.6 194.1 201.5 258.6 80
2021009690 0.000 298.6 152.6 359.4 210.5 80
2021009690 0.000 28.5 138.6 93.6 196.8 80
2021009690 0.000 255.4 112.1 363.3 309.4 80
2021009690 0.000 119.1 143.0 232.5 281.2 80
2021009690 0.000 149.8 153.7 210.5 211.6 80
2021009690 0.000 293.1 118.3 480.6 230.7 80
2021009690 0.000 325.6 194.5 382.1 262.6 80
2021009690 0.000 0.7 20.0 51.8 94.1 80
2021009690 0.000 219.9 176.7 278.2 235.5 80
2021009690 0.000 48.8 19.0 377.9 228.3 80
2021009690 0.000 410.2 156.8 474.8 215.0 80
2021009690 0.000 205.3 105.0 317.1 249.4 80
2021009690 0.000 0.7 221.7 58.3 328.6 80
2021009690 0.000 180.1 197.3 238.1 264.5 80
2021009690 0.000 177.0 51.2 471.7 236.8 80
2021009690 0.000 49.5 97.5 281.8 229.4 80
2021009690 0.000 325.8 41.4 402.7 103.4 80
2021009690 0.000 101.1 43.9 244.3 277.4 80
2021009690 0.000 0.3 80.7 51.5 154.3 80
2021009690 0.000 206.3 143.0 267.2 201.4 80
2021009690 0.000 442.7 217.4 499.6 327.4 80
2021009690 0.000 15.1 12.8 486.3 174.5 80
2021009690 0.000 398.5 98.9 499.4 315.8 80
2021009690 0.000 1.5 5.5 282.2 329.9 80
2021009690 0.000 94.9 14.0 401.8 325.0 80
2021009690 0.000 262.6 37.4 424.1 278.3 80
2021009690 0.000 189.1 7.3 402.0 120.4 80
2021009690 0.000 1.1 21.4 146.5 322.8 80
2021009690 0.000 212.9 5.7 497.4 331.0 80
2021009690 0.000 160.6 175.5 349.3 326.9 80
2021009690 0.000 159.4 25.0 350.2 316.2 80
2021009690 0.000 357.7 16.7 501.3 319.9 80
2021009690 0.000 11.5 79.9 225.9 328.5 80
2021009690 0.000 280.6 212.4 336.4 294.2 80
2021009690 0.000 171.4 94.0 308.9 314.0 80
2021009690 0.000 132.8 69.1 366.0 324.4 80
2021009690 0.000 257.5 148.1 363.0 272.1 80
2021009690 0.000 5.0 248.1 130.5 332.4 80
2021009690 0.000 306.3 160.5 481.9 323.9 80
2021009690 0.000 54.0 226.7 278.3 330.9 80
2021009690 0.000 11.7 162.6 185.3 324.9 80
2021009690 0.000 3.3 1.2 410.3 331.1 80
2021009690 0.000 8.2 203.4 491.3 331.4 80
2021009690 0.000 4.9 57.7 361.3 327.9 80
2021009690 0.000 223.1 227.9 472.3 331.4 80
2021009690 0.000 72.1 57.1 444.5 284.5 80
2021009690 0.000 34.1 131.1 327.0 322.2 80
2021009690 0.000 85.7 1.0 494.7 331.0 80
2021009690 0.000 278.1 77.3 486.3 331.0 80
2021009690 0.000 162.7 118.0 345.4 204.8 80
2021009690 0.000 244.5 179.3 298.1 242.7 80
2021009690 0.000 168.6 134.4 451.1 322.0 80
2021009690 0.000 362.2 218.2 494.6 327.3 80
2021009690 0.000 44.5 53.9 117.2 121.5 80
2021009690 0.000 160.2 58.7 492.6 329.0 80
2021009690 0.000 134.9 91.5 359.6 260.9 80
2021009690 0.000 67.7 127.2 402.2 241.5 80
2021009690 0.000 22.4 38.2 474.5 321.3 80
2021009690 0.000 0.6 89.3 498.5 323.8 80
2021009690 0.000 0.8 0.8 499.6 332.2 80
2021009690 0.000 17.2 85.3 483.8 240.0 80
2021009690 0.000 2.5 21.1 497.4 273.2 80
2021009690 0.000 424.3 5.6 498.8 76.0 80
2021009690 0.000 17.2 85.3 483.8 240.0 0
2021009690 0.000 262.6 37.4 424.1 278.3 14
2021009690 0.000 171.4 94.0 308.9 314.0 14
2021009690 0.000 101.1 43.9 244.3 277.4 14
2021009690 0.000 159.4 25.0 350.2 316.2 14
2021009690 0.000 11.5 79.9 225.9 328.5 14
2021009690 0.000 278.1 77.3 486.3 331.0 14
2021009690 0.000 132.8 69.1 366.0 324.4 14
2021009690 0.000 154.2 268.6 238.2 328.2 80
