2021000000119365 0.762 282.4 302.0 441.0 625.6 80
2021000000119365 0.761 3.7 186.4 299.1 573.6 80
2021000000119365 0.757 277.2 151.1 295.8 167.1 80
2021000000119365 0.754 283.0 263.3 297.5 275.0 80
2021000000119365 0.754 223.8 304.9 424.1 633.4 80
2021000000119365 0.753 432.8 157.3 478.6 222.6 80
2021000000119365 0.748 1.1 198.0 193.6 475.0 80
2021000000119365 0.747 475.6 396.9 479.9 640.7 80
2021000000119365 0.741 77.9 182.7 430.7 636.7 80
2021000000119365 0.740 318.6 316.6 338.9 366.0 80
2021000000119365 0.739 478.7 123.1 480.3 292.0 80
2021000000119365 0.739 3.2 316.4 125.9 506.2 80
2021000000119365 0.738 -0.1 222.7 173.5 599.1 80
2021000000119365 0.735 200.0 33.1 249.2 91.0 80
2021000000119365 0.735 6.7 196.6 274.5 620.8 80
2021000000119365 0.732 319.8 298.6 392.8 369.9 80
2021000000119365 0.732 -2.8 186.3 406.7 558.4 80
2021000000119365 0.731 0.8 351.5 19.0 524.7 80
2021000000119365 0.730 434.5 159.0 479.2 201.0 80
2021000000119365 0.730 472.2 71.8 481.8 634.8 80
2021000000119365 0.762 282.4 302.0 441.0 625.6 80
2021000000119365 0.761 3.7 186.4 299.1 573.6 80
2021000000119365 0.757 277.2 151.1 295.8 167.1 80
2021000000119365 0.754 283.0 263.3 297.5 275.0 80
2021000000119365 0.754 223.8 304.9 424.1 633.4 80
2021000000119365 0.753 432.8 157.3 478.6 222.6 80
2021000000119365 0.748 1.1 198.0 193.6 475.0 80
2021000000119365 0.747 475.6 396.9 479.9 640.7 80
2021000000119365 0.741 77.9 182.7 430.7 636.7 80
2021000000119365 0.740 318.6 316.6 338.9 366.0 80
2021000000119365 0.739 478.7 123.1 480.3 292.0 80
2021000000119365 0.739 3.2 316.4 125.9 506.2 80
2021000000119365 0.738 -0.1 222.7 173.5 599.1 80
2021000000119365 0.735 200.0 33.1 249.2 91.0 80
2021000000119365 0.735 6.7 196.6 274.5 620.8 80
2021000000119365 0.732 319.8 298.6 392.8 369.9 80
2021000000119365 0.732 -2.8 186.3 406.7 558.4 80
2021000000119365 0.731 0.8 351.5 19.0 524.7 80
2021000000119365 0.730 434.5 159.0 479.2 201.0 80
2021000000119365 0.730 472.2 71.8 481.8 634.8 80
2021000000119365 0.729 5.3 199.9 150.7 430.8 80
2021000000119365 0.729 462.6 612.2 481.8 642.8 80
2021000000119365 0.729 5.5 30.3 272.1 617.8 80
2021000000119365 0.726 1.0 419.7 9.0 628.3 80
2021000000119365 0.725 1.9 255.1 128.5 471.9 80
2021000000119365 0.724 0.3 260.9 15.7 507.4 80
2021000000119365 0.722 9.1 440.1 205.4 629.9 80
2021000000119365 0.722 474.9 129.5 480.5 196.8 80
2021000000119365 0.721 0.8 97.6 5.5 507.8 80
2021000000119365 0.720 290.6 148.9 308.8 167.4 80
2021000000119365 0.718 1.1 -13.8 6.5 277.0 80
2021000000119365 0.716 1.0 256.4 41.7 607.5 80
2021000000119365 0.715 55.4 -3.0 93.3 71.4 80
2021000000119365 0.707 44.1 264.2 369.8 605.5 80
2021000000119365 0.680 278.4 150.0 302.7 167.9 80
2021000000119365 0.672 180.7 14.0 209.1 73.3 80
2021000000119365 0.672 158.7 26.0 198.8 86.3 80
2021000000119365 0.671 303.9 0.2 347.6 38.3 80
2021000000119365 0.669 276.4 0.6 327.6 34.0 80
2021000000119365 0.663 200.5 31.5 249.8 90.0 80
2021000000119365 0.655 75.7 307.4 421.8 631.0 80
2021000000119365 0.654 15.4 260.7 391.8 621.0 80
2021000000119365 0.652 0.0 94.1 479.0 640.2 80
2021000000119365 0.650 159.0 -0.0 179.3 49.6 80
2021000000119365 0.649 -18.5 423.7 453.5 638.8 80
2021000000119365 0.645 3.0 203.1 153.0 467.5 80
2021000000119365 0.629 139.5 306.1 417.1 635.1 80
2021000000119365 0.629 278.3 147.4 299.4 163.6 80
2021000000119365 0.621 9.2 276.4 432.3 633.6 80
2021000000119365 0.612 61.3 266.5 343.8 612.3 80
2021000000119365 0.597 6.5 427.1 255.4 636.2 80
2021000000119365 0.595 -6.5 199.0 305.1 641.8 80
2021000000119365 0.595 3.2 429.8 361.2 634.0 80
2021000000119365 0.555 -0.3 186.2 418.5 601.5 80
2021000000119365 0.524 -7.9 328.8 432.6 639.1 80
2021000000119365 0.522 4.3 432.3 247.1 634.3 80
2021000000119365 0.496 -0.1 181.0 430.0 626.7 80
2021000000119365 0.487 3.3 193.6 259.0 590.0 18
2021000000119365 0.485 174.4 1.2 209.5 67.8 80
2021000000119365 0.432 138.4 368.9 267.8 581.0 80
2021000000119365 0.352 -0.1 405.7 415.8 637.7 80
2021000000119365 0.340 37.1 -0.6 91.2 80.7 80
2021000000119365 0.329 37.1 -0.6 91.2 80.7 18
2021000000119365 0.309 -0.1 405.7 415.8 637.7 18
2021000000119365 0.246 138.4 368.9 267.8 581.0 18
2021000000119365 0.234 285.9 278.3 367.1 371.8 80
2021000000119365 0.216 3.3 193.6 259.0 590.0 80
2021000000119365 0.210 174.4 1.2 209.5 67.8 18
2021000000119365 0.197 -0.1 181.0 430.0 626.7 18
2021000000119365 0.182 -7.9 328.8 432.6 639.1 18
2021000000119365 0.177 4.3 432.3 247.1 634.3 18
2021000000119365 0.147 -6.5 199.0 305.1 641.8 18
2021000000119365 0.147 -0.3 186.2 418.5 601.5 18
2021000000119365 0.142 6.5 427.1 255.4 636.2 18
2021000000119365 0.136 61.3 266.5 343.8 612.3 18
2021000000119365 0.134 3.2 429.8 361.2 634.0 18
2021000000119365 0.119 316.7 413.3 401.3 524.3 80
2021000000119365 0.117 318.8 255.3 390.9 339.9 80
2021000000119365 0.115 139.5 306.1 417.1 635.1 18
2021000000119365 0.112 3.0 203.1 153.0 467.5 18
2021000000119365 0.110 9.2 276.4 432.3 633.6 18
2021000000119365 0.110 352.7 246.9 417.8 316.5 80
2021000000119365 0.102 385.8 224.6 449.1 297.9 80
2021000000119365 0.100 209.4 247.6 280.7 339.1 80
2021000000119365 0.099 0.0 94.1 479.0 640.2 18
2021000000119365 0.099 52.8 213.6 139.0 353.6 80
2021000000119365 0.098 75.7 307.4 421.8 631.0 18
2021000000119365 0.096 233.5 290.9 310.3 390.9 80
2021000000119365 0.095 286.2 379.9 357.5 473.5 80
2021000000119365 0.095 400.5 269.0 469.6 370.4 80
2021000000119365 0.095 174.4 218.1 248.9 323.1 80
2021000000119365 0.094 413.0 312.6 488.5 468.6 80
2021000000119365 0.092 -8.0 232.6 61.9 385.7 80
2021000000119365 0.092 159.0 -0.0 179.3 49.6 18
2021000000119365 0.092 142.3 611.3 239.5 641.7 80
2021000000119365 0.092 353.4 385.5 426.8 492.3 80
2021000000119365 0.091 136.7 218.9 212.4 336.1 80
2021000000119365 0.091 375.4 139.5 501.0 673.6 80
2021000000119365 0.091 371.7 305.2 439.0 400.8 80
2021000000119365 0.090 15.4 260.7 391.8 621.0 18
2021000000119365 0.762 282.4 302.0 441.0 625.6 80
2021000000119365 0.761 3.7 186.4 299.1 573.6 80
2021000000119365 0.757 277.2 151.1 295.8 167.1 80
2021000000119365 0.754 283.0 263.3 297.5 275.0 80
2021000000119365 0.754 223.8 304.9 424.1 633.4 80
2021000000119365 0.753 432.8 157.3 478.6 222.6 80
2021000000119365 0.748 1.1 198.0 193.6 475.0 80
2021000000119365 0.747 475.6 396.9 479.9 640.7 80
2021000000119365 0.741 77.9 182.7 430.7 636.7 80
2021000000119365 0.740 318.6 316.6 338.9 366.0 80
2021000000119365 0.739 478.7 123.1 480.3 292.0 80
2021000000119365 0.739 3.2 316.4 125.9 506.2 80
2021000000119365 0.738 -0.1 222.7 173.5 599.1 80
2021000000119365 0.735 200.0 33.1 249.2 91.0 80
2021000000119365 0.735 6.7 196.6 274.5 620.8 80
2021000000119365 0.732 319.8 298.6 392.8 369.9 80
2021000000119365 0.732 -2.8 186.3 406.7 558.4 80
2021000000119365 0.731 0.8 351.5 19.0 524.7 80
2021000000119365 0.730 434.5 159.0 479.2 201.0 80
2021000000119365 0.730 472.2 71.8 481.8 634.8 80
2021000000119365 0.729 5.3 199.9 150.7 430.8 80
2021000000119365 0.729 462.6 612.2 481.8 642.8 80
2021000000119365 0.729 5.5 30.3 272.1 617.8 80
2021000000119365 0.726 1.0 419.7 9.0 628.3 80
2021000000119365 0.725 1.9 255.1 128.5 471.9 80
2021000000119365 0.724 0.3 260.9 15.7 507.4 80
2021000000119365 0.722 9.1 440.1 205.4 629.9 80
2021000000119365 0.722 474.9 129.5 480.5 196.8 80
2021000000119365 0.721 0.8 97.6 5.5 507.8 80
2021000000119365 0.720 290.6 148.9 308.8 167.4 80
2021000000119365 0.718 1.1 -13.8 6.5 277.0 80
2021000000119365 0.716 1.0 256.4 41.7 607.5 80
2021000000119365 0.715 55.4 -3.0 93.3 71.4 80
2021000000119365 0.707 44.1 264.2 369.8 605.5 80
2021000000119365 0.680 278.4 150.0 302.7 167.9 80
2021000000119365 0.672 180.7 14.0 209.1 73.3 80
2021000000119365 0.672 158.7 26.0 198.8 86.3 80
2021000000119365 0.671 303.9 0.2 347.6 38.3 80
2021000000119365 0.669 276.4 0.6 327.6 34.0 80
2021000000119365 0.663 200.5 31.5 249.8 90.0 80
2021000000119365 0.655 75.7 307.4 421.8 631.0 80
2021000000119365 0.654 15.4 260.7 391.8 621.0 80
2021000000119365 0.652 0.0 94.1 479.0 640.2 80
2021000000119365 0.650 159.0 -0.0 179.3 49.6 80
2021000000119365 0.649 -18.5 423.7 453.5 638.8 80
2021000000119365 0.645 3.0 203.1 153.0 467.5 80
2021000000119365 0.629 139.5 306.1 417.1 635.1 80
2021000000119365 0.629 278.3 147.4 299.4 163.6 80
2021000000119365 0.621 9.2 276.4 432.3 633.6 80
2021000000119365 0.612 61.3 266.5 343.8 612.3 80
2021000000119365 0.597 6.5 427.1 255.4 636.2 80
2021000000119365 0.595 -6.5 199.0 305.1 641.8 80
2021000000119365 0.595 3.2 429.8 361.2 634.0 80
2021000000119365 0.555 -0.3 186.2 418.5 601.5 80
2021000000119365 0.524 -7.9 328.8 432.6 639.1 80
2021000000119365 0.522 4.3 432.3 247.1 634.3 80
2021000000119365 0.496 -0.1 181.0 430.0 626.7 80
2021000000119365 0.487 3.3 193.6 259.0 590.0 18
2021000000119365 0.485 174.4 1.2 209.5 67.8 80
2021000000119365 0.432 138.4 368.9 267.8 581.0 80
2021000000119365 0.352 -0.1 405.7 415.8 637.7 80
2021000000119365 0.340 37.1 -0.6 91.2 80.7 80
2021000000119365 0.329 37.1 -0.6 91.2 80.7 18
2021000000119365 0.309 -0.1 405.7 415.8 637.7 18
2021000000119365 0.246 138.4 368.9 267.8 581.0 18
2021000000119365 0.234 285.9 278.3 367.1 371.8 80
2021000000119365 0.216 3.3 193.6 259.0 590.0 80
2021000000119365 0.210 174.4 1.2 209.5 67.8 18
2021000000119365 0.197 -0.1 181.0 430.0 626.7 18
2021000000119365 0.182 -7.9 328.8 432.6 639.1 18
2021000000119365 0.177 4.3 432.3 247.1 634.3 18
2021000000119365 0.147 -6.5 199.0 305.1 641.8 18
2021000000119365 0.147 -0.3 186.2 418.5 601.5 18
2021000000119365 0.142 6.5 427.1 255.4 636.2 18
2021000000119365 0.136 61.3 266.5 343.8 612.3 18
2021000000119365 0.134 3.2 429.8 361.2 634.0 18
2021000000119365 0.119 316.7 413.3 401.3 524.3 80
2021000000119365 0.117 318.8 255.3 390.9 339.9 80
2021000000119365 0.115 139.5 306.1 417.1 635.1 18
2021000000119365 0.112 3.0 203.1 153.0 467.5 18
2021000000119365 0.110 9.2 276.4 432.3 633.6 18
2021000000119365 0.110 352.7 246.9 417.8 316.5 80
2021000000119365 0.102 385.8 224.6 449.1 297.9 80
2021000000119365 0.100 209.4 247.6 280.7 339.1 80
2021000000119365 0.099 0.0 94.1 479.0 640.2 18
2021000000119365 0.099 52.8 213.6 139.0 353.6 80
2021000000119365 0.098 75.7 307.4 421.8 631.0 18
2021000000119365 0.096 233.5 290.9 310.3 390.9 80
2021000000119365 0.095 286.2 379.9 357.5 473.5 80
2021000000119365 0.095 400.5 269.0 469.6 370.4 80
2021000000119365 0.095 174.4 218.1 248.9 323.1 80
2021000000119365 0.094 413.0 312.6 488.5 468.6 80
2021000000119365 0.092 -8.0 232.6 61.9 385.7 80
2021000000119365 0.092 159.0 -0.0 179.3 49.6 18
2021000000119365 0.092 142.3 611.3 239.5 641.7 80
2021000000119365 0.092 353.4 385.5 426.8 492.3 80
2021000000119365 0.091 136.7 218.9 212.4 336.1 80
2021000000119365 0.091 375.4 139.5 501.0 673.6 80
2021000000119365 0.091 371.7 305.2 439.0 400.8 80
2021000000119365 0.090 15.4 260.7 391.8 621.0 18
2021000000119365 0.762 282.4 302.0 441.0 625.6 80
2021000000119365 0.761 3.7 186.4 299.1 573.6 80
2021000000119365 0.757 277.2 151.1 295.8 167.1 80
2021000000119365 0.754 283.0 263.3 297.5 275.0 80
2021000000119365 0.754 223.8 304.9 424.1 633.4 80
2021000000119365 0.753 432.8 157.3 478.6 222.6 80
2021000000119365 0.748 1.1 198.0 193.6 475.0 80
2021000000119365 0.747 475.6 396.9 479.9 640.7 80
2021000000119365 0.741 77.9 182.7 430.7 636.7 80
2021000000119365 0.740 318.6 316.6 338.9 366.0 80
2021000000119365 0.739 478.7 123.1 480.3 292.0 80
2021000000119365 0.739 3.2 316.4 125.9 506.2 80
2021000000119365 0.738 -0.1 222.7 173.5 599.1 80
2021000000119365 0.735 200.0 33.1 249.2 91.0 80
2021000000119365 0.735 6.7 196.6 274.5 620.8 80
2021000000119365 0.732 319.8 298.6 392.8 369.9 80
2021000000119365 0.732 -2.8 186.3 406.7 558.4 80
2021000000119365 0.731 0.8 351.5 19.0 524.7 80
2021000000119365 0.730 434.5 159.0 479.2 201.0 80
2021000000119365 0.730 472.2 71.8 481.8 634.8 80
2021000000119365 0.729 5.3 199.9 150.7 430.8 80
2021000000119365 0.729 462.6 612.2 481.8 642.8 80
2021000000119365 0.729 5.5 30.3 272.1 617.8 80
2021000000119365 0.726 1.0 419.7 9.0 628.3 80
2021000000119365 0.725 1.9 255.1 128.5 471.9 80
2021000000119365 0.724 0.3 260.9 15.7 507.4 80
2021000000119365 0.722 9.1 440.1 205.4 629.9 80
2021000000119365 0.722 474.9 129.5 480.5 196.8 80
2021000000119365 0.721 0.8 97.6 5.5 507.8 80
2021000000119365 0.720 290.6 148.9 308.8 167.4 80
2021000000119365 0.718 1.1 -13.8 6.5 277.0 80
2021000000119365 0.716 1.0 256.4 41.7 607.5 80
2021000000119365 0.715 55.4 -3.0 93.3 71.4 80
2021000000119365 0.707 44.1 264.2 369.8 605.5 80
2021000000119365 0.680 278.4 150.0 302.7 167.9 80
2021000000119365 0.672 180.7 14.0 209.1 73.3 80
2021000000119365 0.672 158.7 26.0 198.8 86.3 80
2021000000119365 0.671 303.9 0.2 347.6 38.3 80
2021000000119365 0.669 276.4 0.6 327.6 34.0 80
2021000000119365 0.663 200.5 31.5 249.8 90.0 80
2021000000119365 0.655 75.7 307.4 421.8 631.0 80
2021000000119365 0.654 15.4 260.7 391.8 621.0 80
2021000000119365 0.652 0.0 94.1 479.0 640.2 80
2021000000119365 0.650 159.0 -0.0 179.3 49.6 80
2021000000119365 0.649 -18.5 423.7 453.5 638.8 80
2021000000119365 0.645 3.0 203.1 153.0 467.5 80
2021000000119365 0.629 139.5 306.1 417.1 635.1 80
2021000000119365 0.629 278.3 147.4 299.4 163.6 80
2021000000119365 0.621 9.2 276.4 432.3 633.6 80
2021000000119365 0.612 61.3 266.5 343.8 612.3 80
2021000000119365 0.597 6.5 427.1 255.4 636.2 80
2021000000119365 0.595 -6.5 199.0 305.1 641.8 80
2021000000119365 0.595 3.2 429.8 361.2 634.0 80
2021000000119365 0.555 -0.3 186.2 418.5 601.5 80
2021000000119365 0.524 -7.9 328.8 432.6 639.1 80
2021000000119365 0.522 4.3 432.3 247.1 634.3 80
2021000000119365 0.496 -0.1 181.0 430.0 626.7 80
2021000000119365 0.487 3.3 193.6 259.0 590.0 18
2021000000119365 0.485 174.4 1.2 209.5 67.8 80
2021000000119365 0.432 138.4 368.9 267.8 581.0 80
2021000000119365 0.352 -0.1 405.7 415.8 637.7 80
2021000000119365 0.340 37.1 -0.6 91.2 80.7 80
2021000000119365 0.329 37.1 -0.6 91.2 80.7 18
2021000000119365 0.309 -0.1 405.7 415.8 637.7 18
2021000000119365 0.246 138.4 368.9 267.8 581.0 18
2021000000119365 0.234 285.9 278.3 367.1 371.8 80
2021000000119365 0.216 3.3 193.6 259.0 590.0 80
2021000000119365 0.210 174.4 1.2 209.5 67.8 18
2021000000119365 0.197 -0.1 181.0 430.0 626.7 18
2021000000119365 0.182 -7.9 328.8 432.6 639.1 18
2021000000119365 0.177 4.3 432.3 247.1 634.3 18
2021000000119365 0.147 -6.5 199.0 305.1 641.8 18
2021000000119365 0.147 -0.3 186.2 418.5 601.5 18
2021000000119365 0.142 6.5 427.1 255.4 636.2 18
2021000000119365 0.136 61.3 266.5 343.8 612.3 18
2021000000119365 0.134 3.2 429.8 361.2 634.0 18
2021000000119365 0.119 316.7 413.3 401.3 524.3 80
2021000000119365 0.117 318.8 255.3 390.9 339.9 80
2021000000119365 0.115 139.5 306.1 417.1 635.1 18
2021000000119365 0.112 3.0 203.1 153.0 467.5 18
2021000000119365 0.110 9.2 276.4 432.3 633.6 18
2021000000119365 0.110 352.7 246.9 417.8 316.5 80
2021000000119365 0.102 385.8 224.6 449.1 297.9 80
2021000000119365 0.100 209.4 247.6 280.7 339.1 80
2021000000119365 0.099 0.0 94.1 479.0 640.2 18
2021000000119365 0.099 52.8 213.6 139.0 353.6 80
2021000000119365 0.098 75.7 307.4 421.8 631.0 18
2021000000119365 0.096 233.5 290.9 310.3 390.9 80
2021000000119365 0.095 286.2 379.9 357.5 473.5 80
2021000000119365 0.095 400.5 269.0 469.6 370.4 80
2021000000119365 0.095 174.4 218.1 248.9 323.1 80
2021000000119365 0.094 413.0 312.6 488.5 468.6 80
2021000000119365 0.092 -8.0 232.6 61.9 385.7 80
2021000000119365 0.092 159.0 -0.0 179.3 49.6 18
2021000000119365 0.092 142.3 611.3 239.5 641.7 80
2021000000119365 0.092 353.4 385.5 426.8 492.3 80
2021000000119365 0.091 136.7 218.9 212.4 336.1 80
2021000000119365 0.091 375.4 139.5 501.0 673.6 80
2021000000119365 0.091 371.7 305.2 439.0 400.8 80
2021000000119365 0.090 15.4 260.7 391.8 621.0 18
2021000000119365 0.762 282.4 302.0 441.0 625.6 80
2021000000119365 0.761 3.7 186.4 299.1 573.6 80
2021000000119365 0.757 277.2 151.1 295.8 167.1 80
2021000000119365 0.754 283.0 263.3 297.5 275.0 80
2021000000119365 0.754 223.8 304.9 424.1 633.4 80
2021000000119365 0.753 432.8 157.3 478.6 222.6 80
2021000000119365 0.748 1.1 198.0 193.6 475.0 80
2021000000119365 0.747 475.6 396.9 479.9 640.7 80
2021000000119365 0.741 77.9 182.7 430.7 636.7 80
2021000000119365 0.740 318.6 316.6 338.9 366.0 80
2021000000119365 0.739 478.7 123.1 480.3 292.0 80
2021000000119365 0.739 3.2 316.4 125.9 506.2 80
2021000000119365 0.738 -0.1 222.7 173.5 599.1 80
2021000000119365 0.735 200.0 33.1 249.2 91.0 80
2021000000119365 0.735 6.7 196.6 274.5 620.8 80
2021000000119365 0.732 319.8 298.6 392.8 369.9 80
2021000000119365 0.732 -2.8 186.3 406.7 558.4 80
2021000000119365 0.731 0.8 351.5 19.0 524.7 80
2021000000119365 0.730 434.5 159.0 479.2 201.0 80
2021000000119365 0.730 472.2 71.8 481.8 634.8 80
2021000000119365 0.729 5.3 199.9 150.7 430.8 80
2021000000119365 0.729 462.6 612.2 481.8 642.8 80
2021000000119365 0.729 5.5 30.3 272.1 617.8 80
2021000000119365 0.726 1.0 419.7 9.0 628.3 80
2021000000119365 0.725 1.9 255.1 128.5 471.9 80
2021000000119365 0.724 0.3 260.9 15.7 507.4 80
2021000000119365 0.722 9.1 440.1 205.4 629.9 80
2021000000119365 0.722 474.9 129.5 480.5 196.8 80
2021000000119365 0.721 0.8 97.6 5.5 507.8 80
2021000000119365 0.720 290.6 148.9 308.8 167.4 80
2021000000119365 0.718 1.1 -13.8 6.5 277.0 80
2021000000119365 0.716 1.0 256.4 41.7 607.5 80
2021000000119365 0.715 55.4 -3.0 93.3 71.4 80
2021000000119365 0.707 44.1 264.2 369.8 605.5 80
2021000000119365 0.680 278.4 150.0 302.7 167.9 80
2021000000119365 0.672 180.7 14.0 209.1 73.3 80
2021000000119365 0.672 158.7 26.0 198.8 86.3 80
2021000000119365 0.671 303.9 0.2 347.6 38.3 80
2021000000119365 0.669 276.4 0.6 327.6 34.0 80
2021000000119365 0.663 200.5 31.5 249.8 90.0 80
2021000000119365 0.655 75.7 307.4 421.8 631.0 80
2021000000119365 0.654 15.4 260.7 391.8 621.0 80
2021000000119365 0.652 0.0 94.1 479.0 640.2 80
2021000000119365 0.650 159.0 -0.0 179.3 49.6 80
2021000000119365 0.649 -18.5 423.7 453.5 638.8 80
2021000000119365 0.645 3.0 203.1 153.0 467.5 80
2021000000119365 0.629 139.5 306.1 417.1 635.1 80
2021000000119365 0.629 278.3 147.4 299.4 163.6 80
2021000000119365 0.621 9.2 276.4 432.3 633.6 80
2021000000119365 0.612 61.3 266.5 343.8 612.3 80
2021000000119365 0.597 6.5 427.1 255.4 636.2 80
2021000000119365 0.595 -6.5 199.0 305.1 641.8 80
2021000000119365 0.595 3.2 429.8 361.2 634.0 80
2021000000119365 0.555 -0.3 186.2 418.5 601.5 80
2021000000119365 0.524 -7.9 328.8 432.6 639.1 80
2021000000119365 0.522 4.3 432.3 247.1 634.3 80
2021000000119365 0.496 -0.1 181.0 430.0 626.7 80
2021000000119365 0.487 3.3 193.6 259.0 590.0 18
2021000000119365 0.485 174.4 1.2 209.5 67.8 80
2021000000119365 0.432 138.4 368.9 267.8 581.0 80
2021000000119365 0.352 -0.1 405.7 415.8 637.7 80
2021000000119365 0.340 37.1 -0.6 91.2 80.7 80
2021000000119365 0.329 37.1 -0.6 91.2 80.7 18
2021000000119365 0.309 -0.1 405.7 415.8 637.7 18
2021000000119365 0.246 138.4 368.9 267.8 581.0 18
2021000000119365 0.234 285.9 278.3 367.1 371.8 80
2021000000119365 0.216 3.3 193.6 259.0 590.0 80
2021000000119365 0.210 174.4 1.2 209.5 67.8 18
2021000000119365 0.197 -0.1 181.0 430.0 626.7 18
2021000000119365 0.182 -7.9 328.8 432.6 639.1 18
2021000000119365 0.177 4.3 432.3 247.1 634.3 18
2021000000119365 0.147 -6.5 199.0 305.1 641.8 18
2021000000119365 0.147 -0.3 186.2 418.5 601.5 18
2021000000119365 0.142 6.5 427.1 255.4 636.2 18
2021000000119365 0.136 61.3 266.5 343.8 612.3 18
2021000000119365 0.134 3.2 429.8 361.2 634.0 18
2021000000119365 0.119 316.7 413.3 401.3 524.3 80
2021000000119365 0.117 318.8 255.3 390.9 339.9 80
2021000000119365 0.115 139.5 306.1 417.1 635.1 18
2021000000119365 0.112 3.0 203.1 153.0 467.5 18
2021000000119365 0.110 9.2 276.4 432.3 633.6 18
2021000000119365 0.110 352.7 246.9 417.8 316.5 80
2021000000119365 0.102 385.8 224.6 449.1 297.9 80
2021000000119365 0.100 209.4 247.6 280.7 339.1 80
2021000000119365 0.099 0.0 94.1 479.0 640.2 18
2021000000119365 0.099 52.8 213.6 139.0 353.6 80
2021000000119365 0.098 75.7 307.4 421.8 631.0 18
2021000000119365 0.096 233.5 290.9 310.3 390.9 80
2021000000119365 0.095 286.2 379.9 357.5 473.5 80
2021000000119365 0.095 400.5 269.0 469.6 370.4 80
2021000000119365 0.095 174.4 218.1 248.9 323.1 80
2021000000119365 0.094 413.0 312.6 488.5 468.6 80
2021000000119365 0.092 -8.0 232.6 61.9 385.7 80
2021000000119365 0.092 159.0 -0.0 179.3 49.6 18
2021000000119365 0.092 142.3 611.3 239.5 641.7 80
2021000000119365 0.092 353.4 385.5 426.8 492.3 80
2021000000119365 0.091 136.7 218.9 212.4 336.1 80
2021000000119365 0.091 375.4 139.5 501.0 673.6 80
2021000000119365 0.091 371.7 305.2 439.0 400.8 80
2021000000119365 0.090 15.4 260.7 391.8 621.0 18
2021000000119365 0.762 282.4 302.0 441.0 625.6 80
2021000000119365 0.761 3.7 186.4 299.1 573.6 80
2021000000119365 0.757 277.2 151.1 295.8 167.1 80
2021000000119365 0.754 283.0 263.3 297.5 275.0 80
2021000000119365 0.754 223.8 304.9 424.1 633.4 80
2021000000119365 0.753 432.8 157.3 478.6 222.6 80
2021000000119365 0.748 1.1 198.0 193.6 475.0 80
2021000000119365 0.747 475.6 396.9 479.9 640.7 80
2021000000119365 0.741 77.9 182.7 430.7 636.7 80
2021000000119365 0.740 318.6 316.6 338.9 366.0 80
2021000000119365 0.739 478.7 123.1 480.3 292.0 80
2021000000119365 0.739 3.2 316.4 125.9 506.2 80
2021000000119365 0.738 -0.1 222.7 173.5 599.1 80
2021000000119365 0.735 200.0 33.1 249.2 91.0 80
2021000000119365 0.735 6.7 196.6 274.5 620.8 80
2021000000119365 0.732 319.8 298.6 392.8 369.9 80
2021000000119365 0.732 -2.8 186.3 406.7 558.4 80
2021000000119365 0.731 0.8 351.5 19.0 524.7 80
2021000000119365 0.730 434.5 159.0 479.2 201.0 80
2021000000119365 0.730 472.2 71.8 481.8 634.8 80
2021000000119365 0.729 5.3 199.9 150.7 430.8 80
2021000000119365 0.729 462.6 612.2 481.8 642.8 80
2021000000119365 0.729 5.5 30.3 272.1 617.8 80
2021000000119365 0.726 1.0 419.7 9.0 628.3 80
2021000000119365 0.725 1.9 255.1 128.5 471.9 80
2021000000119365 0.724 0.3 260.9 15.7 507.4 80
2021000000119365 0.722 9.1 440.1 205.4 629.9 80
2021000000119365 0.722 474.9 129.5 480.5 196.8 80
2021000000119365 0.721 0.8 97.6 5.5 507.8 80
2021000000119365 0.720 290.6 148.9 308.8 167.4 80
2021000000119365 0.718 1.1 -13.8 6.5 277.0 80
2021000000119365 0.716 1.0 256.4 41.7 607.5 80
2021000000119365 0.715 55.4 -3.0 93.3 71.4 80
2021000000119365 0.707 44.1 264.2 369.8 605.5 80
2021000000119365 0.680 278.4 150.0 302.7 167.9 80
2021000000119365 0.672 180.7 14.0 209.1 73.3 80
2021000000119365 0.672 158.7 26.0 198.8 86.3 80
2021000000119365 0.671 303.9 0.2 347.6 38.3 80
2021000000119365 0.669 276.4 0.6 327.6 34.0 80
2021000000119365 0.663 200.5 31.5 249.8 90.0 80
2021000000119365 0.655 75.7 307.4 421.8 631.0 80
2021000000119365 0.654 15.4 260.7 391.8 621.0 80
2021000000119365 0.652 0.0 94.1 479.0 640.2 80
2021000000119365 0.650 159.0 -0.0 179.3 49.6 80
2021000000119365 0.649 -18.5 423.7 453.5 638.8 80
2021000000119365 0.645 3.0 203.1 153.0 467.5 80
2021000000119365 0.629 139.5 306.1 417.1 635.1 80
2021000000119365 0.629 278.3 147.4 299.4 163.6 80
2021000000119365 0.621 9.2 276.4 432.3 633.6 80
2021000000119365 0.612 61.3 266.5 343.8 612.3 80
2021000000119365 0.597 6.5 427.1 255.4 636.2 80
2021000000119365 0.595 -6.5 199.0 305.1 641.8 80
2021000000119365 0.595 3.2 429.8 361.2 634.0 80
2021000000119365 0.555 -0.3 186.2 418.5 601.5 80
2021000000119365 0.524 -7.9 328.8 432.6 639.1 80
2021000000119365 0.522 4.3 432.3 247.1 634.3 80
2021000000119365 0.496 -0.1 181.0 430.0 626.7 80
2021000000119365 0.487 3.3 193.6 259.0 590.0 18
2021000000119365 0.485 174.4 1.2 209.5 67.8 80
2021000000119365 0.432 138.4 368.9 267.8 581.0 80
2021000000119365 0.352 -0.1 405.7 415.8 637.7 80
2021000000119365 0.340 37.1 -0.6 91.2 80.7 80
2021000000119365 0.329 37.1 -0.6 91.2 80.7 18
2021000000119365 0.309 -0.1 405.7 415.8 637.7 18
2021000000119365 0.246 138.4 368.9 267.8 581.0 18
2021000000119365 0.234 285.9 278.3 367.1 371.8 80
2021000000119365 0.216 3.3 193.6 259.0 590.0 80
2021000000119365 0.210 174.4 1.2 209.5 67.8 18
2021000000119365 0.197 -0.1 181.0 430.0 626.7 18
2021000000119365 0.182 -7.9 328.8 432.6 639.1 18
2021000000119365 0.177 4.3 432.3 247.1 634.3 18
2021000000119365 0.147 -6.5 199.0 305.1 641.8 18
2021000000119365 0.147 -0.3 186.2 418.5 601.5 18
2021000000119365 0.142 6.5 427.1 255.4 636.2 18
2021000000119365 0.136 61.3 266.5 343.8 612.3 18
2021000000119365 0.134 3.2 429.8 361.2 634.0 18
2021000000119365 0.119 316.7 413.3 401.3 524.3 80
2021000000119365 0.117 318.8 255.3 390.9 339.9 80
2021000000119365 0.115 139.5 306.1 417.1 635.1 18
2021000000119365 0.112 3.0 203.1 153.0 467.5 18
2021000000119365 0.110 9.2 276.4 432.3 633.6 18
2021000000119365 0.110 352.7 246.9 417.8 316.5 80
2021000000119365 0.102 385.8 224.6 449.1 297.9 80
2021000000119365 0.100 209.4 247.6 280.7 339.1 80
2021000000119365 0.099 0.0 94.1 479.0 640.2 18
2021000000119365 0.099 52.8 213.6 139.0 353.6 80
2021000000119365 0.098 75.7 307.4 421.8 631.0 18
2021000000119365 0.096 233.5 290.9 310.3 390.9 80
2021000000119365 0.095 286.2 379.9 357.5 473.5 80
2021000000119365 0.095 400.5 269.0 469.6 370.4 80
2021000000119365 0.095 174.4 218.1 248.9 323.1 80
2021000000119365 0.094 413.0 312.6 488.5 468.6 80
2021000000119365 0.092 -8.0 232.6 61.9 385.7 80
2021000000119365 0.092 159.0 -0.0 179.3 49.6 18
2021000000119365 0.092 142.3 611.3 239.5 641.7 80
2021000000119365 0.092 353.4 385.5 426.8 492.3 80
2021000000119365 0.091 136.7 218.9 212.4 336.1 80
2021000000119365 0.091 375.4 139.5 501.0 673.6 80
2021000000119365 0.091 371.7 305.2 439.0 400.8 80
2021000000119365 0.090 15.4 260.7 391.8 621.0 18
2021000000119365 0.762 282.4 302.0 441.0 625.6 80
2021000000119365 0.761 3.7 186.4 299.1 573.6 80
2021000000119365 0.757 277.2 151.1 295.8 167.1 80
2021000000119365 0.754 283.0 263.3 297.5 275.0 80
2021000000119365 0.754 223.8 304.9 424.1 633.4 80
2021000000119365 0.753 432.8 157.3 478.6 222.6 80
2021000000119365 0.748 1.1 198.0 193.6 475.0 80
2021000000119365 0.747 475.6 396.9 479.9 640.7 80
2021000000119365 0.741 77.9 182.7 430.7 636.7 80
2021000000119365 0.740 318.6 316.6 338.9 366.0 80
2021000000119365 0.739 478.7 123.1 480.3 292.0 80
2021000000119365 0.739 3.2 316.4 125.9 506.2 80
2021000000119365 0.738 -0.1 222.7 173.5 599.1 80
2021000000119365 0.735 200.0 33.1 249.2 91.0 80
2021000000119365 0.735 6.7 196.6 274.5 620.8 80
2021000000119365 0.732 319.8 298.6 392.8 369.9 80
2021000000119365 0.732 -2.8 186.3 406.7 558.4 80
2021000000119365 0.731 0.8 351.5 19.0 524.7 80
2021000000119365 0.730 434.5 159.0 479.2 201.0 80
2021000000119365 0.730 472.2 71.8 481.8 634.8 80
2021000000119365 0.729 5.3 199.9 150.7 430.8 80
2021000000119365 0.729 462.6 612.2 481.8 642.8 80
2021000000119365 0.729 5.5 30.3 272.1 617.8 80
2021000000119365 0.726 1.0 419.7 9.0 628.3 80
2021000000119365 0.725 1.9 255.1 128.5 471.9 80
2021000000119365 0.724 0.3 260.9 15.7 507.4 80
2021000000119365 0.722 9.1 440.1 205.4 629.9 80
2021000000119365 0.722 474.9 129.5 480.5 196.8 80
2021000000119365 0.721 0.8 97.6 5.5 507.8 80
2021000000119365 0.720 290.6 148.9 308.8 167.4 80
2021000000119365 0.718 1.1 -13.8 6.5 277.0 80
2021000000119365 0.716 1.0 256.4 41.7 607.5 80
2021000000119365 0.715 55.4 -3.0 93.3 71.4 80
2021000000119365 0.707 44.1 264.2 369.8 605.5 80
2021000000119365 0.680 278.4 150.0 302.7 167.9 80
2021000000119365 0.672 180.7 14.0 209.1 73.3 80
2021000000119365 0.672 158.7 26.0 198.8 86.3 80
2021000000119365 0.671 303.9 0.2 347.6 38.3 80
2021000000119365 0.669 276.4 0.6 327.6 34.0 80
2021000000119365 0.663 200.5 31.5 249.8 90.0 80
2021000000119365 0.655 75.7 307.4 421.8 631.0 80
2021000000119365 0.654 15.4 260.7 391.8 621.0 80
2021000000119365 0.652 0.0 94.1 479.0 640.2 80
2021000000119365 0.650 159.0 -0.0 179.3 49.6 80
2021000000119365 0.649 -18.5 423.7 453.5 638.8 80
2021000000119365 0.645 3.0 203.1 153.0 467.5 80
2021000000119365 0.629 139.5 306.1 417.1 635.1 80
2021000000119365 0.629 278.3 147.4 299.4 163.6 80
2021000000119365 0.621 9.2 276.4 432.3 633.6 80
2021000000119365 0.612 61.3 266.5 343.8 612.3 80
2021000000119365 0.597 6.5 427.1 255.4 636.2 80
2021000000119365 0.595 -6.5 199.0 305.1 641.8 80
2021000000119365 0.595 3.2 429.8 361.2 634.0 80
2021000000119365 0.555 -0.3 186.2 418.5 601.5 80
2021000000119365 0.524 -7.9 328.8 432.6 639.1 80
2021000000119365 0.522 4.3 432.3 247.1 634.3 80
2021000000119365 0.496 -0.1 181.0 430.0 626.7 80
2021000000119365 0.487 3.3 193.6 259.0 590.0 18
2021000000119365 0.485 174.4 1.2 209.5 67.8 80
2021000000119365 0.432 138.4 368.9 267.8 581.0 80
2021000000119365 0.352 -0.1 405.7 415.8 637.7 80
2021000000119365 0.340 37.1 -0.6 91.2 80.7 80
2021000000119365 0.329 37.1 -0.6 91.2 80.7 18
2021000000119365 0.309 -0.1 405.7 415.8 637.7 18
2021000000119365 0.246 138.4 368.9 267.8 581.0 18
2021000000119365 0.234 285.9 278.3 367.1 371.8 80
2021000000119365 0.216 3.3 193.6 259.0 590.0 80
2021000000119365 0.210 174.4 1.2 209.5 67.8 18
2021000000119365 0.197 -0.1 181.0 430.0 626.7 18
2021000000119365 0.182 -7.9 328.8 432.6 639.1 18
2021000000119365 0.177 4.3 432.3 247.1 634.3 18
2021000000119365 0.147 -6.5 199.0 305.1 641.8 18
2021000000119365 0.147 -0.3 186.2 418.5 601.5 18
2021000000119365 0.142 6.5 427.1 255.4 636.2 18
2021000000119365 0.136 61.3 266.5 343.8 612.3 18
2021000000119365 0.134 3.2 429.8 361.2 634.0 18
2021000000119365 0.119 316.7 413.3 401.3 524.3 80
2021000000119365 0.117 318.8 255.3 390.9 339.9 80
2021000000119365 0.115 139.5 306.1 417.1 635.1 18
2021000000119365 0.112 3.0 203.1 153.0 467.5 18
2021000000119365 0.110 9.2 276.4 432.3 633.6 18
2021000000119365 0.110 352.7 246.9 417.8 316.5 80
2021000000119365 0.102 385.8 224.6 449.1 297.9 80
2021000000119365 0.100 209.4 247.6 280.7 339.1 80
2021000000119365 0.099 0.0 94.1 479.0 640.2 18
2021000000119365 0.099 52.8 213.6 139.0 353.6 80
2021000000119365 0.098 75.7 307.4 421.8 631.0 18
2021000000119365 0.096 233.5 290.9 310.3 390.9 80
2021000000119365 0.095 286.2 379.9 357.5 473.5 80
2021000000119365 0.095 400.5 269.0 469.6 370.4 80
2021000000119365 0.095 174.4 218.1 248.9 323.1 80
2021000000119365 0.094 413.0 312.6 488.5 468.6 80
2021000000119365 0.092 -8.0 232.6 61.9 385.7 80
2021000000119365 0.092 159.0 -0.0 179.3 49.6 18
2021000000119365 0.092 142.3 611.3 239.5 641.7 80
2021000000119365 0.092 353.4 385.5 426.8 492.3 80
2021000000119365 0.091 136.7 218.9 212.4 336.1 80
2021000000119365 0.091 375.4 139.5 501.0 673.6 80
2021000000119365 0.091 371.7 305.2 439.0 400.8 80
2021000000119365 0.090 15.4 260.7 391.8 621.0 18
2021000000119365 0.762 282.4 302.0 441.0 625.6 80
2021000000119365 0.761 3.7 186.4 299.1 573.6 80
2021000000119365 0.757 277.2 151.1 295.8 167.1 80
2021000000119365 0.754 283.0 263.3 297.5 275.0 80
2021000000119365 0.754 223.8 304.9 424.1 633.4 80
2021000000119365 0.753 432.8 157.3 478.6 222.6 80
2021000000119365 0.748 1.1 198.0 193.6 475.0 80
2021000000119365 0.747 475.6 396.9 479.9 640.7 80
2021000000119365 0.741 77.9 182.7 430.7 636.7 80
2021000000119365 0.740 318.6 316.6 338.9 366.0 80
2021000000119365 0.739 478.7 123.1 480.3 292.0 80
2021000000119365 0.739 3.2 316.4 125.9 506.2 80
2021000000119365 0.738 -0.1 222.7 173.5 599.1 80
2021000000119365 0.735 200.0 33.1 249.2 91.0 80
2021000000119365 0.735 6.7 196.6 274.5 620.8 80
2021000000119365 0.732 319.8 298.6 392.8 369.9 80
2021000000119365 0.732 -2.8 186.3 406.7 558.4 80
2021000000119365 0.731 0.8 351.5 19.0 524.7 80
2021000000119365 0.730 434.5 159.0 479.2 201.0 80
2021000000119365 0.730 472.2 71.8 481.8 634.8 80
2021000000119365 0.729 5.3 199.9 150.7 430.8 80
2021000000119365 0.729 462.6 612.2 481.8 642.8 80
2021000000119365 0.729 5.5 30.3 272.1 617.8 80
2021000000119365 0.726 1.0 419.7 9.0 628.3 80
2021000000119365 0.725 1.9 255.1 128.5 471.9 80
2021000000119365 0.724 0.3 260.9 15.7 507.4 80
2021000000119365 0.722 9.1 440.1 205.4 629.9 80
2021000000119365 0.722 474.9 129.5 480.5 196.8 80
2021000000119365 0.721 0.8 97.6 5.5 507.8 80
2021000000119365 0.720 290.6 148.9 308.8 167.4 80
2021000000119365 0.718 1.1 -13.8 6.5 277.0 80
2021000000119365 0.716 1.0 256.4 41.7 607.5 80
2021000000119365 0.715 55.4 -3.0 93.3 71.4 80
2021000000119365 0.707 44.1 264.2 369.8 605.5 80
2021000000119365 0.680 278.4 150.0 302.7 167.9 80
2021000000119365 0.672 180.7 14.0 209.1 73.3 80
2021000000119365 0.672 158.7 26.0 198.8 86.3 80
2021000000119365 0.671 303.9 0.2 347.6 38.3 80
2021000000119365 0.669 276.4 0.6 327.6 34.0 80
2021000000119365 0.663 200.5 31.5 249.8 90.0 80
2021000000119365 0.655 75.7 307.4 421.8 631.0 80
2021000000119365 0.654 15.4 260.7 391.8 621.0 80
2021000000119365 0.652 0.0 94.1 479.0 640.2 80
2021000000119365 0.650 159.0 -0.0 179.3 49.6 80
2021000000119365 0.649 -18.5 423.7 453.5 638.8 80
2021000000119365 0.645 3.0 203.1 153.0 467.5 80
2021000000119365 0.629 139.5 306.1 417.1 635.1 80
2021000000119365 0.629 278.3 147.4 299.4 163.6 80
2021000000119365 0.621 9.2 276.4 432.3 633.6 80
2021000000119365 0.612 61.3 266.5 343.8 612.3 80
2021000000119365 0.597 6.5 427.1 255.4 636.2 80
2021000000119365 0.595 -6.5 199.0 305.1 641.8 80
2021000000119365 0.595 3.2 429.8 361.2 634.0 80
2021000000119365 0.555 -0.3 186.2 418.5 601.5 80
2021000000119365 0.524 -7.9 328.8 432.6 639.1 80
2021000000119365 0.522 4.3 432.3 247.1 634.3 80
2021000000119365 0.496 -0.1 181.0 430.0 626.7 80
2021000000119365 0.487 3.3 193.6 259.0 590.0 18
2021000000119365 0.485 174.4 1.2 209.5 67.8 80
2021000000119365 0.432 138.4 368.9 267.8 581.0 80
2021000000119365 0.352 -0.1 405.7 415.8 637.7 80
2021000000119365 0.340 37.1 -0.6 91.2 80.7 80
2021000000119365 0.329 37.1 -0.6 91.2 80.7 18
2021000000119365 0.309 -0.1 405.7 415.8 637.7 18
2021000000119365 0.246 138.4 368.9 267.8 581.0 18
2021000000119365 0.234 285.9 278.3 367.1 371.8 80
2021000000119365 0.216 3.3 193.6 259.0 590.0 80
2021000000119365 0.210 174.4 1.2 209.5 67.8 18
2021000000119365 0.197 -0.1 181.0 430.0 626.7 18
2021000000119365 0.182 -7.9 328.8 432.6 639.1 18
2021000000119365 0.177 4.3 432.3 247.1 634.3 18
2021000000119365 0.147 -6.5 199.0 305.1 641.8 18
2021000000119365 0.147 -0.3 186.2 418.5 601.5 18
2021000000119365 0.142 6.5 427.1 255.4 636.2 18
2021000000119365 0.136 61.3 266.5 343.8 612.3 18
2021000000119365 0.134 3.2 429.8 361.2 634.0 18
2021000000119365 0.119 316.7 413.3 401.3 524.3 80
2021000000119365 0.117 318.8 255.3 390.9 339.9 80
2021000000119365 0.115 139.5 306.1 417.1 635.1 18
2021000000119365 0.112 3.0 203.1 153.0 467.5 18
2021000000119365 0.110 9.2 276.4 432.3 633.6 18
2021000000119365 0.110 352.7 246.9 417.8 316.5 80
2021000000119365 0.102 385.8 224.6 449.1 297.9 80
2021000000119365 0.100 209.4 247.6 280.7 339.1 80
2021000000119365 0.099 0.0 94.1 479.0 640.2 18
2021000000119365 0.099 52.8 213.6 139.0 353.6 80
2021000000119365 0.098 75.7 307.4 421.8 631.0 18
2021000000119365 0.096 233.5 290.9 310.3 390.9 80
2021000000119365 0.095 286.2 379.9 357.5 473.5 80
2021000000119365 0.095 400.5 269.0 469.6 370.4 80
2021000000119365 0.095 174.4 218.1 248.9 323.1 80
2021000000119365 0.094 413.0 312.6 488.5 468.6 80
2021000000119365 0.092 -8.0 232.6 61.9 385.7 80
2021000000119365 0.092 159.0 -0.0 179.3 49.6 18
2021000000119365 0.092 142.3 611.3 239.5 641.7 80
2021000000119365 0.092 353.4 385.5 426.8 492.3 80
2021000000119365 0.091 136.7 218.9 212.4 336.1 80
2021000000119365 0.091 375.4 139.5 501.0 673.6 80
2021000000119365 0.091 371.7 305.2 439.0 400.8 80
2021000000119365 0.090 15.4 260.7 391.8 621.0 18
2021000000119365 0.762 282.4 302.0 441.0 625.6 80
2021000000119365 0.761 3.7 186.4 299.1 573.6 80
2021000000119365 0.757 277.2 151.1 295.8 167.1 80
2021000000119365 0.754 283.0 263.3 297.5 275.0 80
2021000000119365 0.754 223.8 304.9 424.1 633.4 80
2021000000119365 0.753 432.8 157.3 478.6 222.6 80
2021000000119365 0.748 1.1 198.0 193.6 475.0 80
2021000000119365 0.747 475.6 396.9 479.9 640.7 80
2021000000119365 0.741 77.9 182.7 430.7 636.7 80
2021000000119365 0.740 318.6 316.6 338.9 366.0 80
2021000000119365 0.739 478.7 123.1 480.3 292.0 80
2021000000119365 0.739 3.2 316.4 125.9 506.2 80
2021000000119365 0.738 -0.1 222.7 173.5 599.1 80
2021000000119365 0.735 200.0 33.1 249.2 91.0 80
2021000000119365 0.735 6.7 196.6 274.5 620.8 80
2021000000119365 0.732 319.8 298.6 392.8 369.9 80
2021000000119365 0.732 -2.8 186.3 406.7 558.4 80
2021000000119365 0.731 0.8 351.5 19.0 524.7 80
2021000000119365 0.730 434.5 159.0 479.2 201.0 80
2021000000119365 0.730 472.2 71.8 481.8 634.8 80
2021000000119365 0.729 5.3 199.9 150.7 430.8 80
2021000000119365 0.729 462.6 612.2 481.8 642.8 80
2021000000119365 0.729 5.5 30.3 272.1 617.8 80
2021000000119365 0.726 1.0 419.7 9.0 628.3 80
2021000000119365 0.725 1.9 255.1 128.5 471.9 80
2021000000119365 0.724 0.3 260.9 15.7 507.4 80
2021000000119365 0.722 9.1 440.1 205.4 629.9 80
2021000000119365 0.722 474.9 129.5 480.5 196.8 80
2021000000119365 0.721 0.8 97.6 5.5 507.8 80
2021000000119365 0.720 290.6 148.9 308.8 167.4 80
2021000000119365 0.718 1.1 -13.8 6.5 277.0 80
2021000000119365 0.716 1.0 256.4 41.7 607.5 80
2021000000119365 0.715 55.4 -3.0 93.3 71.4 80
2021000000119365 0.707 44.1 264.2 369.8 605.5 80
2021000000119365 0.680 278.4 150.0 302.7 167.9 80
2021000000119365 0.672 180.7 14.0 209.1 73.3 80
2021000000119365 0.672 158.7 26.0 198.8 86.3 80
2021000000119365 0.671 303.9 0.2 347.6 38.3 80
2021000000119365 0.669 276.4 0.6 327.6 34.0 80
2021000000119365 0.663 200.5 31.5 249.8 90.0 80
2021000000119365 0.655 75.7 307.4 421.8 631.0 80
2021000000119365 0.654 15.4 260.7 391.8 621.0 80
2021000000119365 0.652 0.0 94.1 479.0 640.2 80
2021000000119365 0.650 159.0 -0.0 179.3 49.6 80
2021000000119365 0.649 -18.5 423.7 453.5 638.8 80
2021000000119365 0.645 3.0 203.1 153.0 467.5 80
2021000000119365 0.629 139.5 306.1 417.1 635.1 80
2021000000119365 0.629 278.3 147.4 299.4 163.6 80
2021000000119365 0.621 9.2 276.4 432.3 633.6 80
2021000000119365 0.612 61.3 266.5 343.8 612.3 80
2021000000119365 0.597 6.5 427.1 255.4 636.2 80
2021000000119365 0.595 -6.5 199.0 305.1 641.8 80
2021000000119365 0.595 3.2 429.8 361.2 634.0 80
2021000000119365 0.555 -0.3 186.2 418.5 601.5 80
2021000000119365 0.524 -7.9 328.8 432.6 639.1 80
2021000000119365 0.522 4.3 432.3 247.1 634.3 80
2021000000119365 0.496 -0.1 181.0 430.0 626.7 80
2021000000119365 0.487 3.3 193.6 259.0 590.0 18
2021000000119365 0.485 174.4 1.2 209.5 67.8 80
2021000000119365 0.432 138.4 368.9 267.8 581.0 80
2021000000119365 0.352 -0.1 405.7 415.8 637.7 80
2021000000119365 0.340 37.1 -0.6 91.2 80.7 80
2021000000119365 0.329 37.1 -0.6 91.2 80.7 18
2021000000119365 0.309 -0.1 405.7 415.8 637.7 18
2021000000119365 0.246 138.4 368.9 267.8 581.0 18
2021000000119365 0.234 285.9 278.3 367.1 371.8 80
2021000000119365 0.216 3.3 193.6 259.0 590.0 80
2021000000119365 0.210 174.4 1.2 209.5 67.8 18
2021000000119365 0.197 -0.1 181.0 430.0 626.7 18
2021000000119365 0.182 -7.9 328.8 432.6 639.1 18
2021000000119365 0.177 4.3 432.3 247.1 634.3 18
2021000000119365 0.147 -6.5 199.0 305.1 641.8 18
2021000000119365 0.147 -0.3 186.2 418.5 601.5 18
2021000000119365 0.142 6.5 427.1 255.4 636.2 18
2021000000119365 0.136 61.3 266.5 343.8 612.3 18
2021000000119365 0.134 3.2 429.8 361.2 634.0 18
2021000000119365 0.119 316.7 413.3 401.3 524.3 80
2021000000119365 0.117 318.8 255.3 390.9 339.9 80
2021000000119365 0.115 139.5 306.1 417.1 635.1 18
2021000000119365 0.112 3.0 203.1 153.0 467.5 18
2021000000119365 0.110 9.2 276.4 432.3 633.6 18
2021000000119365 0.110 352.7 246.9 417.8 316.5 80
2021000000119365 0.102 385.8 224.6 449.1 297.9 80
2021000000119365 0.100 209.4 247.6 280.7 339.1 80
2021000000119365 0.099 0.0 94.1 479.0 640.2 18
2021000000119365 0.099 52.8 213.6 139.0 353.6 80
2021000000119365 0.098 75.7 307.4 421.8 631.0 18
2021000000119365 0.096 233.5 290.9 310.3 390.9 80
2021000000119365 0.095 286.2 379.9 357.5 473.5 80
2021000000119365 0.095 400.5 269.0 469.6 370.4 80
2021000000119365 0.095 174.4 218.1 248.9 323.1 80
2021000000119365 0.094 413.0 312.6 488.5 468.6 80
2021000000119365 0.092 -8.0 232.6 61.9 385.7 80
2021000000119365 0.092 159.0 -0.0 179.3 49.6 18
2021000000119365 0.092 142.3 611.3 239.5 641.7 80
2021000000119365 0.092 353.4 385.5 426.8 492.3 80
2021000000119365 0.091 136.7 218.9 212.4 336.1 80
2021000000119365 0.091 375.4 139.5 501.0 673.6 80
2021000000119365 0.091 371.7 305.2 439.0 400.8 80
2021000000119365 0.090 15.4 260.7 391.8 621.0 18
