2021000000345356 0.788 595.7 401.2 637.2 474.0 80
2021000000345356 0.783 22.1 103.5 143.3 291.3 80
2021000000345356 0.779 19.0 107.1 262.7 450.3 80
2021000000345356 0.777 202.6 113.1 643.6 466.0 80
2021000000345356 0.773 2.9 103.0 269.5 461.2 18
2021000000345356 0.771 11.6 101.5 259.7 325.8 80
2021000000345356 0.769 323.5 93.8 346.5 122.4 80
2021000000345356 0.768 1.1 55.5 640.1 469.1 80
2021000000345356 0.767 282.3 106.9 324.8 139.1 80
2021000000345356 0.767 6.0 102.8 644.2 461.3 80
2021000000345356 0.766 17.3 106.8 158.1 391.0 80
2021000000345356 0.766 245.2 121.8 641.5 470.0 80
2021000000345356 0.766 329.0 91.4 344.2 107.2 80
2021000000345356 0.765 15.2 264.8 260.5 450.5 80
2021000000345356 0.764 332.1 93.1 358.6 125.4 80
2021000000345356 0.764 4.0 248.4 164.3 455.8 80
2021000000345356 0.763 507.8 183.2 524.5 231.0 80
2021000000345356 0.762 376.1 225.3 633.9 456.3 80
2021000000345356 0.759 148.5 119.9 637.9 469.4 80
2021000000345356 0.758 364.0 146.3 561.8 452.6 80
