2021001049 0.669 101.8 71.9 254.9 163.6 3
2021001049 0.652 469.3 200.5 497.4 225.8 80
2021001049 0.522 99.4 71.1 257.1 158.6 80
2021001049 0.493 496.4 136.8 500.0 208.6 80
2021001049 0.442 112.0 75.3 249.6 159.5 80
2021001049 0.441 104.3 78.0 255.5 150.3 80
2021001049 0.440 497.0 94.1 500.2 166.1 80
2021001049 0.434 103.5 71.6 260.6 153.6 80
2021001049 0.403 82.3 56.3 352.5 171.4 80
2021001049 0.362 498.7 45.0 500.2 104.5 80
2021001049 0.291 1.0 101.7 3.1 160.7 80
2021001049 0.286 354.4 217.1 458.8 225.1 80
2021001049 0.268 478.1 172.7 506.8 225.4 80
2021001049 0.252 497.1 62.0 500.6 200.7 80
2021001049 0.250 0.8 127.1 4.0 205.1 80
2021001049 0.229 498.8 35.5 500.4 182.2 80
2021001049 0.224 0.7 29.8 3.2 105.1 80
2021001049 0.217 124.0 155.7 145.6 166.9 80
2021001049 0.215 0.0 0.5 5.6 39.1 80
2021001049 0.206 492.1 33.3 500.1 228.2 80
2021001049 0.199 187.9 217.5 325.7 225.6 80
2021001049 0.193 -0.4 45.2 11.7 208.8 80
2021001049 0.188 -2.5 204.8 25.8 226.9 80
2021001049 0.166 401.2 212.1 498.5 224.1 80
2021001049 0.163 -0.2 116.4 33.9 230.8 80
2021001049 0.161 437.3 66.3 507.1 216.9 80
2021001049 0.159 168.5 215.0 315.7 224.4 80
2021001049 0.156 349.4 179.9 483.2 224.2 80
2021001049 0.154 138.5 146.8 186.6 174.6 80
2021001049 0.151 5.7 146.7 39.0 168.8 80
2021001049 0.146 53.4 216.0 151.1 225.8 80
2021001049 0.146 308.4 207.9 426.9 222.6 80
2021001049 0.144 168.4 132.0 224.5 157.2 80
2021001049 0.144 63.2 89.1 280.1 157.9 80
2021001049 0.143 265.1 214.3 381.4 225.1 80
2021001049 0.143 117.8 214.1 213.4 225.6 80
2021001049 0.142 154.3 131.3 195.7 153.0 80
2021001049 0.141 183.3 131.1 228.5 152.9 80
2021001049 0.141 75.2 199.0 181.1 223.0 80
2021001049 0.141 17.8 126.9 174.1 218.6 80
2021001049 0.140 100.1 105.0 290.8 175.2 80
2021001049 0.139 137.7 136.1 372.3 217.6 80
2021001049 0.138 343.2 61.4 510.2 203.0 80
2021001049 0.137 146.6 198.8 253.9 221.9 80
2021001049 0.137 19.8 208.1 98.5 223.2 80
2021001049 0.136 190.6 123.1 438.6 210.7 80
2021001049 0.135 114.3 63.5 390.0 161.4 80
2021001049 0.134 69.8 118.8 279.3 208.0 80
2021001049 0.134 121.1 100.1 376.6 172.5 80
2021001049 0.133 213.9 203.8 316.0 221.4 80
2021001049 0.132 146.5 110.3 357.7 202.5 80
2021001049 0.132 227.6 112.9 482.4 205.4 80
2021001049 0.132 275.2 84.5 495.8 195.6 80
2021001049 0.130 1.8 92.3 42.5 165.6 80
2021001049 0.129 433.5 131.8 475.7 200.0 80
2021001049 0.128 84.9 141.0 126.7 163.7 80
2021001049 0.127 119.9 97.4 314.5 159.5 80
2021001049 0.127 161.7 92.0 401.8 178.5 80
2021001049 0.127 207.7 120.0 268.5 147.0 80
2021001049 0.127 -2.6 81.0 127.6 199.9 80
2021001049 0.126 209.5 88.8 457.1 177.9 80
2021001049 0.125 9.1 94.2 198.5 171.7 80
2021001049 0.123 38.2 128.5 76.5 152.6 80
2021001049 0.121 225.6 140.2 282.8 164.8 80
2021001049 0.120 83.6 126.1 198.1 160.8 80
2021001049 0.117 228.3 100.0 286.8 131.0 80
2021001049 0.116 73.4 114.4 197.5 152.7 80
2021001049 0.116 372.8 145.6 430.6 179.5 80
2021001049 0.116 156.1 103.4 302.5 149.1 80
2021001049 0.116 279.2 109.2 388.0 150.8 80
2021001049 0.114 332.1 149.5 390.3 178.1 80
2021001049 0.113 44.3 134.2 118.5 161.0 80
2021001049 0.111 264.5 116.8 407.5 163.8 80
2021001049 0.110 235.1 50.1 533.7 90.2 80
2021001049 0.110 275.3 48.5 570.3 91.9 80
2021001049 0.110 172.0 51.7 463.7 92.7 80
2021001049 0.110 -117.4 15.8 202.5 46.0 80
2021001049 0.108 219.2 111.5 385.8 157.8 80
2021001049 0.108 101.8 71.9 254.9 163.6 80
2021001049 0.107 -208.3 -1.1 271.4 9.4 80
2021001049 0.107 362.8 35.3 570.8 77.5 80
2021001049 0.106 -63.6 8.1 354.3 37.5 80
2021001049 0.105 -150.4 5.2 337.4 23.7 80
2021001049 0.103 113.9 6.7 605.9 26.9 80
2021001049 0.102 -46.3 0.4 452.3 17.4 80
2021001049 0.100 -41.9 -0.9 456.9 10.2 80
2021001049 0.099 155.0 3.7 653.9 18.9 80
2021001049 0.099 46.0 1.8 545.0 16.5 80
2021001049 0.097 -0.5 0.9 498.4 15.3 80
2021001049 0.097 225.6 4.4 723.3 18.3 80
2021001049 0.097 79.6 -0.9 578.5 10.3 80
2021001049 0.095 188.9 3.3 687.9 17.3 80
2021001049 0.094 -139.8 0.0 358.9 12.5 80
2021001049 0.093 20.2 -0.9 519.2 12.2 80
2021001049 0.093 -92.7 0.2 406.2 14.1 80
2021001049 0.092 -186.4 1.7 312.3 15.4 80
2021001049 0.092 67.4 1.8 566.4 16.0 80
2021001049 0.092 155.9 0.0 654.8 13.9 80
2021001049 0.091 232.3 1.0 731.0 15.2 80
2021001049 0.091 201.1 0.1 700.1 14.0 80
2021001049 0.669 101.8 71.9 254.9 163.6 3
2021001049 0.652 469.3 200.5 497.4 225.8 80
2021001049 0.522 99.4 71.1 257.1 158.6 80
2021001049 0.493 496.4 136.8 500.0 208.6 80
2021001049 0.442 112.0 75.3 249.6 159.5 80
2021001049 0.441 104.3 78.0 255.5 150.3 80
2021001049 0.440 497.0 94.1 500.2 166.1 80
2021001049 0.434 103.5 71.6 260.6 153.6 80
2021001049 0.403 82.3 56.3 352.5 171.4 80
2021001049 0.362 498.7 45.0 500.2 104.5 80
2021001049 0.291 1.0 101.7 3.1 160.7 80
2021001049 0.286 354.4 217.1 458.8 225.1 80
2021001049 0.268 478.1 172.7 506.8 225.4 80
2021001049 0.252 497.1 62.0 500.6 200.7 80
2021001049 0.250 0.8 127.1 4.0 205.1 80
2021001049 0.229 498.8 35.5 500.4 182.2 80
2021001049 0.224 0.7 29.8 3.2 105.1 80
2021001049 0.217 124.0 155.7 145.6 166.9 80
2021001049 0.215 0.0 0.5 5.6 39.1 80
2021001049 0.206 492.1 33.3 500.1 228.2 80
2021001049 0.199 187.9 217.5 325.7 225.6 80
2021001049 0.193 -0.4 45.2 11.7 208.8 80
2021001049 0.188 -2.5 204.8 25.8 226.9 80
2021001049 0.166 401.2 212.1 498.5 224.1 80
2021001049 0.163 -0.2 116.4 33.9 230.8 80
2021001049 0.161 437.3 66.3 507.1 216.9 80
2021001049 0.159 168.5 215.0 315.7 224.4 80
2021001049 0.156 349.4 179.9 483.2 224.2 80
2021001049 0.154 138.5 146.8 186.6 174.6 80
2021001049 0.151 5.7 146.7 39.0 168.8 80
2021001049 0.146 53.4 216.0 151.1 225.8 80
2021001049 0.146 308.4 207.9 426.9 222.6 80
2021001049 0.144 168.4 132.0 224.5 157.2 80
2021001049 0.144 63.2 89.1 280.1 157.9 80
2021001049 0.143 265.1 214.3 381.4 225.1 80
2021001049 0.143 117.8 214.1 213.4 225.6 80
2021001049 0.142 154.3 131.3 195.7 153.0 80
2021001049 0.141 183.3 131.1 228.5 152.9 80
2021001049 0.141 75.2 199.0 181.1 223.0 80
2021001049 0.141 17.8 126.9 174.1 218.6 80
2021001049 0.140 100.1 105.0 290.8 175.2 80
2021001049 0.139 137.7 136.1 372.3 217.6 80
2021001049 0.138 343.2 61.4 510.2 203.0 80
2021001049 0.137 146.6 198.8 253.9 221.9 80
2021001049 0.137 19.8 208.1 98.5 223.2 80
2021001049 0.136 190.6 123.1 438.6 210.7 80
2021001049 0.135 114.3 63.5 390.0 161.4 80
2021001049 0.134 69.8 118.8 279.3 208.0 80
2021001049 0.134 121.1 100.1 376.6 172.5 80
2021001049 0.133 213.9 203.8 316.0 221.4 80
2021001049 0.132 146.5 110.3 357.7 202.5 80
2021001049 0.132 227.6 112.9 482.4 205.4 80
2021001049 0.132 275.2 84.5 495.8 195.6 80
2021001049 0.130 1.8 92.3 42.5 165.6 80
2021001049 0.129 433.5 131.8 475.7 200.0 80
2021001049 0.128 84.9 141.0 126.7 163.7 80
2021001049 0.127 119.9 97.4 314.5 159.5 80
2021001049 0.127 161.7 92.0 401.8 178.5 80
2021001049 0.127 207.7 120.0 268.5 147.0 80
2021001049 0.127 -2.6 81.0 127.6 199.9 80
2021001049 0.126 209.5 88.8 457.1 177.9 80
2021001049 0.125 9.1 94.2 198.5 171.7 80
2021001049 0.123 38.2 128.5 76.5 152.6 80
2021001049 0.121 225.6 140.2 282.8 164.8 80
2021001049 0.120 83.6 126.1 198.1 160.8 80
2021001049 0.117 228.3 100.0 286.8 131.0 80
2021001049 0.116 73.4 114.4 197.5 152.7 80
2021001049 0.116 372.8 145.6 430.6 179.5 80
2021001049 0.116 156.1 103.4 302.5 149.1 80
2021001049 0.116 279.2 109.2 388.0 150.8 80
2021001049 0.114 332.1 149.5 390.3 178.1 80
2021001049 0.113 44.3 134.2 118.5 161.0 80
2021001049 0.111 264.5 116.8 407.5 163.8 80
2021001049 0.110 235.1 50.1 533.7 90.2 80
2021001049 0.110 275.3 48.5 570.3 91.9 80
2021001049 0.110 172.0 51.7 463.7 92.7 80
2021001049 0.110 -117.4 15.8 202.5 46.0 80
2021001049 0.108 219.2 111.5 385.8 157.8 80
2021001049 0.108 101.8 71.9 254.9 163.6 80
2021001049 0.107 -208.3 -1.1 271.4 9.4 80
2021001049 0.107 362.8 35.3 570.8 77.5 80
2021001049 0.106 -63.6 8.1 354.3 37.5 80
2021001049 0.105 -150.4 5.2 337.4 23.7 80
2021001049 0.103 113.9 6.7 605.9 26.9 80
2021001049 0.102 -46.3 0.4 452.3 17.4 80
2021001049 0.100 -41.9 -0.9 456.9 10.2 80
2021001049 0.099 155.0 3.7 653.9 18.9 80
2021001049 0.099 46.0 1.8 545.0 16.5 80
2021001049 0.097 -0.5 0.9 498.4 15.3 80
2021001049 0.097 225.6 4.4 723.3 18.3 80
2021001049 0.097 79.6 -0.9 578.5 10.3 80
2021001049 0.095 188.9 3.3 687.9 17.3 80
2021001049 0.094 -139.8 0.0 358.9 12.5 80
2021001049 0.093 20.2 -0.9 519.2 12.2 80
2021001049 0.093 -92.7 0.2 406.2 14.1 80
2021001049 0.092 -186.4 1.7 312.3 15.4 80
2021001049 0.092 67.4 1.8 566.4 16.0 80
2021001049 0.092 155.9 0.0 654.8 13.9 80
2021001049 0.091 232.3 1.0 731.0 15.2 80
2021001049 0.091 201.1 0.1 700.1 14.0 80
2021001049 0.000 0.6 35.6 104.2 146.4 80
2021001049 0.000 207.3 29.1 256.9 75.4 80
2021001049 0.000 264.7 0.9 315.6 45.7 80
2021001049 0.000 84.6 72.0 144.1 113.8 80
2021001049 0.000 47.2 131.2 105.3 174.5 80
2021001049 0.000 146.2 82.2 207.9 124.2 80
2021001049 0.000 219.5 139.6 273.2 198.7 80
2021001049 0.000 335.0 30.3 394.7 72.7 80
2021001049 0.000 176.4 24.0 297.3 128.8 80
2021001049 0.000 258.5 84.8 314.2 125.1 80
2021001049 0.000 1.7 121.3 47.9 170.1 80
2021001049 0.000 454.0 78.5 499.2 126.1 80
2021001049 0.000 33.8 20.4 190.0 118.2 80
2021001049 0.000 215.4 68.5 268.7 110.5 80
2021001049 0.000 336.8 8.9 484.0 114.4 80
2021001049 0.000 373.7 64.5 484.7 160.4 80
2021001049 0.000 142.9 49.9 200.2 93.8 80
2021001049 0.000 92.8 113.4 145.5 154.7 80
2021001049 0.000 253.4 46.9 365.5 136.4 80
2021001049 0.000 394.2 59.3 455.5 98.5 80
2021001049 0.000 142.4 132.1 193.9 177.5 80
2021001049 0.000 351.2 89.2 408.9 128.6 80
2021001049 0.000 205.7 2.1 361.4 99.9 80
2021001049 0.000 1.3 91.8 46.9 139.9 80
2021001049 0.000 -0.1 73.6 102.1 214.5 80
2021001049 0.000 299.9 104.2 358.3 143.1 80
2021001049 0.000 50.6 38.9 111.8 82.8 80
2021001049 0.000 316.8 61.7 371.8 102.7 80
2021001049 0.000 1.2 14.5 51.3 63.3 80
2021001049 0.000 38.9 77.0 161.2 166.2 80
2021001049 0.000 359.8 117.7 408.5 161.0 80
2021001049 0.000 29.8 93.9 92.4 132.7 80
2021001049 0.000 0.9 56.4 51.1 104.1 80
2021001049 0.000 328.2 129.4 375.8 175.6 80
2021001049 0.000 448.8 32.0 499.8 92.9 80
2021001049 0.000 453.3 115.2 499.8 164.4 80
2021001049 0.000 150.3 104.1 209.9 143.3 80
2021001049 0.000 411.3 106.8 473.8 145.6 80
2021001049 0.000 281.2 139.0 330.6 198.4 80
2021001049 0.000 24.5 9.9 260.1 219.9 80
2021001049 0.000 255.5 69.4 360.8 210.4 80
2021001049 0.000 75.7 15.9 353.9 141.6 80
2021001049 0.000 281.1 31.0 405.5 193.6 80
2021001049 0.000 208.4 66.0 314.5 171.7 80
2021001049 0.000 168.9 115.3 345.8 218.9 80
2021001049 0.000 1.2 146.0 57.9 218.9 80
2021001049 0.000 182.4 131.5 233.0 174.8 80
2021001049 0.000 220.0 119.2 278.3 158.1 80
2021001049 0.000 307.5 80.0 467.2 157.6 80
2021001049 0.000 171.6 23.2 340.1 209.6 80
2021001049 0.000 208.7 98.2 263.0 138.1 80
2021001049 0.000 194.8 37.3 455.9 152.5 80
2021001049 0.000 104.0 33.1 242.1 181.6 80
2021001049 0.000 221.5 5.3 489.5 222.5 80
2021001049 0.000 100.4 9.4 387.1 219.7 80
2021001049 0.000 122.8 98.0 230.9 190.5 80
2021001049 0.000 52.4 67.4 278.9 154.8 80
2021001049 0.000 1.0 14.9 146.8 216.4 80
2021001049 0.000 25.5 11.1 472.6 115.6 80
2021001049 0.000 75.0 151.8 258.7 222.4 80
2021001049 0.000 5.6 163.3 129.2 222.9 80
2021001049 0.000 356.8 11.2 502.9 214.9 80
2021001049 0.000 308.1 105.7 479.7 217.5 80
2021001049 0.000 442.2 144.2 500.0 216.9 80
2021001049 0.000 399.2 66.2 498.9 212.0 80
2021001049 0.000 177.5 65.3 303.4 211.3 80
2021001049 0.000 140.1 47.7 357.8 218.9 80
2021001049 0.000 88.3 0.9 487.7 222.4 80
2021001049 0.000 245.8 118.9 292.5 162.3 80
2021001049 0.000 15.2 52.5 221.4 220.9 80
2021001049 0.000 4.9 1.3 393.0 222.4 80
2021001049 0.000 17.2 109.2 179.7 216.9 80
2021001049 0.000 54.0 86.4 301.1 215.4 80
2021001049 0.000 260.1 99.9 361.0 185.2 80
2021001049 0.000 229.1 152.4 466.7 223.0 80
2021001049 0.000 3.3 9.5 496.5 223.4 80
2021001049 0.000 42.2 133.9 464.3 218.3 80
2021001049 0.000 196.7 82.9 314.6 143.0 80
2021001049 0.000 285.7 53.3 479.6 220.3 80
2021001049 0.000 175.1 39.4 479.2 206.3 80
2021001049 0.000 12.9 41.7 352.8 221.0 80
2021001049 0.000 81.7 35.3 436.1 182.6 80
2021001049 0.000 170.5 87.0 446.8 215.2 80
2021001049 0.000 362.3 139.9 496.2 220.0 80
2021001049 0.000 145.3 58.3 348.0 172.8 80
2021001049 0.000 4.5 66.7 494.1 216.6 80
2021001049 0.000 21.1 24.7 471.1 210.3 80
2021001049 0.000 78.5 87.3 391.9 161.6 80
2021001049 0.000 5.7 22.5 493.6 184.5 80
2021001049 0.000 27.6 56.7 470.3 159.6 80
2021001049 0.000 424.6 4.1 498.5 50.7 80
2021001049 0.000 27.6 56.7 470.3 159.6 0
2021001049 0.000 104.0 33.1 242.1 181.6 14
2021001049 0.000 15.2 52.5 221.4 220.9 14
2021001049 0.000 177.5 65.3 303.4 211.3 14
2021001049 0.000 78.5 87.3 391.9 161.6 0
2021001049 0.000 171.6 23.2 340.1 209.6 14
2021001049 0.000 281.1 31.0 405.5 193.6 14
2021001049 0.000 140.1 47.7 357.8 218.9 14
2021001049 0.000 255.5 69.4 360.8 210.4 14
