2021006003 0.717 0.4 7.4 98.6 155.2 80
2021006003 0.706 0.4 28.2 40.2 209.4 80
2021006003 0.698 -0.3 212.7 42.0 398.6 80
2021006003 0.688 46.0 10.0 121.7 124.4 80
2021006003 0.685 42.5 15.0 365.5 360.6 80
2021006003 0.684 153.0 32.2 356.7 497.8 80
2021006003 0.674 -3.6 10.1 121.5 151.3 80
2021006003 0.665 1.1 16.9 20.3 191.7 80
2021006003 0.658 131.2 7.7 364.0 201.8 80
2021006003 0.649 0.6 15.9 20.0 232.3 80
2021006003 0.648 348.6 457.0 376.6 494.9 80
2021006003 0.647 47.8 67.1 177.7 475.8 80
2021006003 0.635 -0.8 2.8 28.1 410.9 80
2021006003 0.629 367.5 175.1 375.7 365.3 80
2021006003 0.629 215.4 69.0 338.5 332.0 80
2021006003 0.627 286.0 66.1 334.7 254.1 80
2021006003 0.626 0.4 152.5 374.4 506.6 80
2021006003 0.625 281.5 37.3 372.7 240.5 80
2021006003 0.623 230.7 28.4 367.2 483.2 80
2021006003 0.622 29.1 21.5 240.1 498.6 80
2021006003 0.621 66.4 53.3 126.6 126.0 80
2021006003 0.616 218.5 31.5 357.7 514.6 80
2021006003 0.609 224.1 72.9 345.4 237.2 80
2021006003 0.609 278.8 73.4 342.5 234.2 80
2021006003 0.603 17.5 0.3 188.0 499.2 80
2021006003 0.601 55.4 56.5 169.2 452.2 80
2021006003 0.601 212.5 85.1 337.6 373.5 80
2021006003 0.597 66.3 63.6 172.5 340.8 80
2021006003 0.594 1.5 1.3 374.8 499.8 80
2021006003 0.581 59.5 66.3 168.8 270.7 80
2021006003 0.581 298.1 9.8 375.1 486.5 80
2021006003 0.577 51.2 53.5 172.3 445.3 4
2021006003 0.567 370.8 85.5 375.4 219.1 80
2021006003 0.566 0.5 234.3 374.4 496.9 80
2021006003 0.562 209.2 77.9 334.3 365.6 80
2021006003 0.535 372.0 277.1 375.5 392.4 80
2021006003 0.528 34.8 8.4 365.7 502.1 80
2021006003 0.511 137.7 5.6 370.3 419.3 80
2021006003 0.506 304.9 50.4 369.9 504.1 80
2021006003 0.503 364.3 62.7 376.3 495.8 80
2021006003 0.497 212.3 85.3 319.0 346.2 80
2021006003 0.484 198.2 50.7 338.0 499.9 80
2021006003 0.481 57.6 59.1 170.2 372.7 80
2021006003 0.465 1.6 422.0 375.6 500.5 80
2021006003 0.451 0.6 246.4 5.5 459.6 80
2021006003 0.426 369.4 -2.6 377.0 58.1 80
2021006003 0.407 0.1 67.4 5.1 399.0 80
2021006003 0.397 -2.8 -12.4 25.3 479.1 80
2021006003 0.366 211.2 78.0 330.7 367.8 4
2021006003 0.322 211.2 78.0 330.7 367.8 80
2021006003 0.314 2.0 482.8 375.7 501.0 80
2021006003 0.307 0.4 163.2 19.2 503.9 80
2021006003 0.297 355.9 2.2 384.7 325.3 80
2021006003 0.283 213.6 41.7 336.2 513.9 80
2021006003 0.255 58.4 98.2 152.1 258.1 80
2021006003 0.223 0.3 412.5 10.9 508.2 80
2021006003 0.220 57.6 59.1 170.2 372.7 4
2021006003 0.212 95.0 177.9 145.0 349.1 80
2021006003 0.192 -1.3 49.4 39.8 515.1 80
2021006003 0.175 351.5 351.9 380.0 488.9 80
2021006003 0.173 241.1 484.8 356.7 502.4 80
2021006003 0.167 226.0 199.7 292.8 306.3 80
2021006003 0.166 232.3 217.8 375.5 491.0 80
2021006003 0.161 177.5 336.5 374.7 502.9 80
2021006003 0.156 82.4 344.4 341.2 496.4 80
2021006003 0.154 40.8 370.6 298.8 500.7 80
2021006003 0.151 51.2 53.5 172.3 445.3 80
2021006003 0.150 2.4 369.6 238.1 509.0 80
2021006003 0.147 22.8 479.5 138.5 503.6 80
2021006003 0.145 294.3 451.8 373.6 502.0 80
2021006003 0.144 107.3 270.0 351.2 459.7 80
2021006003 0.142 209.2 77.9 334.3 365.6 4
2021006003 0.140 171.9 476.6 301.8 500.3 80
2021006003 0.138 171.6 241.9 357.5 457.5 80
2021006003 0.137 25.9 251.0 291.0 445.0 80
2021006003 0.137 14.2 278.9 264.5 464.4 80
2021006003 0.136 7.2 454.3 79.9 500.2 80
2021006003 0.136 91.7 136.6 156.8 225.9 80
2021006003 0.135 3.5 113.1 170.6 447.9 80
2021006003 0.134 -5.5 262.8 163.7 483.7 80
2021006003 0.133 281.5 37.3 372.7 240.5 4
2021006003 0.131 14.8 206.0 201.3 441.1 80
2021006003 0.130 57.9 274.9 318.4 446.2 80
2021006003 0.129 71.9 475.6 206.7 501.8 80
2021006003 0.128 95.6 206.2 326.5 409.0 80
2021006003 0.128 122.7 265.5 165.9 342.8 80
2021006003 0.125 58.8 203.9 294.4 410.2 80
2021006003 0.125 23.8 258.1 77.4 401.5 80
2021006003 0.124 34.8 8.4 365.7 502.1 4
2021006003 0.124 179.3 261.3 256.6 369.0 80
2021006003 0.123 35.9 1.1 398.8 178.7 80
2021006003 0.120 161.8 156.3 322.8 370.4 80
2021006003 0.120 75.3 275.2 160.5 380.0 80
2021006003 0.117 -45.1 94.7 228.0 293.0 80
2021006003 0.116 278.8 73.4 342.5 234.2 4
2021006003 0.116 82.9 139.1 171.0 274.4 80
2021006003 0.113 104.9 207.5 278.8 355.6 80
2021006003 0.110 55.9 88.9 350.1 255.1 80
2021006003 0.108 100.4 8.0 441.6 148.9 80
2021006003 0.107 0.5 234.3 374.4 496.9 4
2021006003 0.717 0.4 7.4 98.6 155.2 80
2021006003 0.706 0.4 28.2 40.2 209.4 80
2021006003 0.698 -0.3 212.7 42.0 398.6 80
2021006003 0.688 46.0 10.0 121.7 124.4 80
2021006003 0.685 42.5 15.0 365.5 360.6 80
2021006003 0.684 153.0 32.2 356.7 497.8 80
2021006003 0.674 -3.6 10.1 121.5 151.3 80
2021006003 0.665 1.1 16.9 20.3 191.7 80
2021006003 0.658 131.2 7.7 364.0 201.8 80
2021006003 0.649 0.6 15.9 20.0 232.3 80
2021006003 0.648 348.6 457.0 376.6 494.9 80
2021006003 0.647 47.8 67.1 177.7 475.8 80
2021006003 0.635 -0.8 2.8 28.1 410.9 80
2021006003 0.629 367.5 175.1 375.7 365.3 80
2021006003 0.629 215.4 69.0 338.5 332.0 80
2021006003 0.627 286.0 66.1 334.7 254.1 80
2021006003 0.626 0.4 152.5 374.4 506.6 80
2021006003 0.625 281.5 37.3 372.7 240.5 80
2021006003 0.623 230.7 28.4 367.2 483.2 80
2021006003 0.622 29.1 21.5 240.1 498.6 80
2021006003 0.621 66.4 53.3 126.6 126.0 80
2021006003 0.616 218.5 31.5 357.7 514.6 80
2021006003 0.609 224.1 72.9 345.4 237.2 80
2021006003 0.609 278.8 73.4 342.5 234.2 80
2021006003 0.603 17.5 0.3 188.0 499.2 80
2021006003 0.601 55.4 56.5 169.2 452.2 80
2021006003 0.601 212.5 85.1 337.6 373.5 80
2021006003 0.597 66.3 63.6 172.5 340.8 80
2021006003 0.594 1.5 1.3 374.8 499.8 80
2021006003 0.581 59.5 66.3 168.8 270.7 80
2021006003 0.581 298.1 9.8 375.1 486.5 80
2021006003 0.577 51.2 53.5 172.3 445.3 4
2021006003 0.567 370.8 85.5 375.4 219.1 80
2021006003 0.566 0.5 234.3 374.4 496.9 80
2021006003 0.562 209.2 77.9 334.3 365.6 80
2021006003 0.535 372.0 277.1 375.5 392.4 80
2021006003 0.528 34.8 8.4 365.7 502.1 80
2021006003 0.511 137.7 5.6 370.3 419.3 80
2021006003 0.506 304.9 50.4 369.9 504.1 80
2021006003 0.503 364.3 62.7 376.3 495.8 80
2021006003 0.497 212.3 85.3 319.0 346.2 80
2021006003 0.484 198.2 50.7 338.0 499.9 80
2021006003 0.481 57.6 59.1 170.2 372.7 80
2021006003 0.465 1.6 422.0 375.6 500.5 80
2021006003 0.451 0.6 246.4 5.5 459.6 80
2021006003 0.426 369.4 -2.6 377.0 58.1 80
2021006003 0.407 0.1 67.4 5.1 399.0 80
2021006003 0.397 -2.8 -12.4 25.3 479.1 80
2021006003 0.366 211.2 78.0 330.7 367.8 4
2021006003 0.322 211.2 78.0 330.7 367.8 80
2021006003 0.314 2.0 482.8 375.7 501.0 80
2021006003 0.307 0.4 163.2 19.2 503.9 80
2021006003 0.297 355.9 2.2 384.7 325.3 80
2021006003 0.283 213.6 41.7 336.2 513.9 80
2021006003 0.255 58.4 98.2 152.1 258.1 80
2021006003 0.223 0.3 412.5 10.9 508.2 80
2021006003 0.220 57.6 59.1 170.2 372.7 4
2021006003 0.212 95.0 177.9 145.0 349.1 80
2021006003 0.192 -1.3 49.4 39.8 515.1 80
2021006003 0.175 351.5 351.9 380.0 488.9 80
2021006003 0.173 241.1 484.8 356.7 502.4 80
2021006003 0.167 226.0 199.7 292.8 306.3 80
2021006003 0.166 232.3 217.8 375.5 491.0 80
2021006003 0.161 177.5 336.5 374.7 502.9 80
2021006003 0.156 82.4 344.4 341.2 496.4 80
2021006003 0.154 40.8 370.6 298.8 500.7 80
2021006003 0.151 51.2 53.5 172.3 445.3 80
2021006003 0.150 2.4 369.6 238.1 509.0 80
2021006003 0.147 22.8 479.5 138.5 503.6 80
2021006003 0.145 294.3 451.8 373.6 502.0 80
2021006003 0.144 107.3 270.0 351.2 459.7 80
2021006003 0.142 209.2 77.9 334.3 365.6 4
2021006003 0.140 171.9 476.6 301.8 500.3 80
2021006003 0.138 171.6 241.9 357.5 457.5 80
2021006003 0.137 25.9 251.0 291.0 445.0 80
2021006003 0.137 14.2 278.9 264.5 464.4 80
2021006003 0.136 7.2 454.3 79.9 500.2 80
2021006003 0.136 91.7 136.6 156.8 225.9 80
2021006003 0.135 3.5 113.1 170.6 447.9 80
2021006003 0.134 -5.5 262.8 163.7 483.7 80
2021006003 0.133 281.5 37.3 372.7 240.5 4
2021006003 0.131 14.8 206.0 201.3 441.1 80
2021006003 0.130 57.9 274.9 318.4 446.2 80
2021006003 0.129 71.9 475.6 206.7 501.8 80
2021006003 0.128 95.6 206.2 326.5 409.0 80
2021006003 0.128 122.7 265.5 165.9 342.8 80
2021006003 0.125 58.8 203.9 294.4 410.2 80
2021006003 0.125 23.8 258.1 77.4 401.5 80
2021006003 0.124 34.8 8.4 365.7 502.1 4
2021006003 0.124 179.3 261.3 256.6 369.0 80
2021006003 0.123 35.9 1.1 398.8 178.7 80
2021006003 0.120 161.8 156.3 322.8 370.4 80
2021006003 0.120 75.3 275.2 160.5 380.0 80
2021006003 0.117 -45.1 94.7 228.0 293.0 80
2021006003 0.116 278.8 73.4 342.5 234.2 4
2021006003 0.116 82.9 139.1 171.0 274.4 80
2021006003 0.113 104.9 207.5 278.8 355.6 80
2021006003 0.110 55.9 88.9 350.1 255.1 80
2021006003 0.108 100.4 8.0 441.6 148.9 80
2021006003 0.107 0.5 234.3 374.4 496.9 4
2021006003 0.000 274.2 138.0 369.7 347.9 80
2021006003 0.000 3.6 170.1 147.4 355.4 80
2021006003 0.000 159.5 102.9 310.9 256.1 80
2021006003 0.000 103.6 47.3 248.7 250.8 80
2021006003 0.000 205.5 188.2 375.2 338.3 80
2021006003 0.000 0.6 39.8 77.2 331.8 80
2021006003 0.000 337.9 85.0 374.9 195.1 80
2021006003 0.000 148.0 215.9 208.1 302.0 80
2021006003 0.000 0.6 172.5 77.2 475.3 80
2021006003 0.000 0.5 200.0 35.7 311.7 80
2021006003 0.000 62.3 251.8 118.1 339.7 80
2021006003 0.000 340.0 254.9 374.9 369.7 80
2021006003 0.000 340.3 170.4 374.8 282.3 80
2021006003 0.000 119.2 71.1 368.6 369.0 80
2021006003 0.000 100.1 182.7 166.4 269.0 80
2021006003 0.000 301.8 236.4 362.2 323.5 80
2021006003 0.000 1.4 268.4 36.0 380.1 80
2021006003 0.000 13.3 207.2 78.7 293.8 80
2021006003 0.000 103.5 230.1 167.4 316.1 80
2021006003 0.000 332.8 333.4 374.2 485.8 80
2021006003 0.000 19.8 142.9 228.6 350.8 80
2021006003 0.000 182.2 186.1 248.8 271.3 80
2021006003 0.000 214.8 230.6 279.9 315.8 80
2021006003 0.000 149.6 149.7 216.4 235.9 80
2021006003 0.000 239.7 3.9 379.0 248.6 80
2021006003 0.000 251.8 196.9 319.2 281.9 80
2021006003 0.000 298.6 156.7 375.3 472.3 80
2021006003 0.000 52.2 160.7 120.5 246.1 80
2021006003 0.000 260.5 271.5 321.0 357.5 80
2021006003 0.000 0.4 28.2 39.1 140.9 80
2021006003 0.000 181.5 63.4 337.0 411.1 80
2021006003 0.000 8.3 22.9 168.3 245.8 80
2021006003 0.000 100.0 187.3 279.6 316.6 80
2021006003 0.000 144.1 160.5 252.6 355.3 80
2021006003 0.000 208.1 135.6 368.6 491.0 80
2021006003 0.000 0.5 118.7 38.5 231.7 80
2021006003 0.000 177.6 201.0 296.7 451.0 80
2021006003 0.000 79.0 193.2 190.1 412.5 80
2021006003 0.000 1.4 2.6 374.5 276.2 80
2021006003 0.000 27.4 295.8 88.6 385.4 80
2021006003 0.000 224.5 138.9 294.4 223.7 80
2021006003 0.000 0.7 336.0 43.4 492.6 80
2021006003 0.000 22.2 33.5 298.9 344.9 80
2021006003 0.000 142.3 71.5 211.7 157.2 80
2021006003 0.000 118.9 167.3 248.8 462.4 80
2021006003 0.000 91.7 112.8 285.5 485.5 80
2021006003 0.000 -2.7 123.0 182.9 494.6 80
2021006003 0.000 284.1 135.0 354.1 220.6 80
2021006003 0.000 83.3 133.0 290.8 394.5 80
2021006003 0.000 113.3 104.8 380.6 498.3 80
2021006003 0.000 58.8 31.2 318.3 478.2 80
2021006003 0.000 6.2 193.7 267.3 491.0 80
2021006003 0.000 109.2 282.4 267.9 494.0 80
2021006003 0.000 55.4 65.2 206.8 408.4 80
2021006003 0.000 269.0 26.2 375.4 479.9 80
2021006003 0.000 95.1 114.2 164.6 199.4 80
2021006003 0.000 109.6 216.1 358.3 491.7 80
2021006003 0.000 -1.2 257.1 145.8 493.4 80
2021006003 0.000 6.2 329.7 246.3 497.1 80
2021006003 0.000 157.3 9.2 376.5 496.0 80
2021006003 0.000 221.4 257.5 366.2 491.0 80
2021006003 0.000 -1.9 97.8 279.1 495.3 80
2021006003 0.000 2.8 375.1 99.7 499.1 80
2021006003 0.000 -1.9 10.2 220.9 494.3 80
2021006003 0.000 42.1 106.1 344.7 433.9 80
2021006003 0.000 99.8 304.0 159.9 387.7 80
2021006003 0.000 150.3 350.1 373.1 499.9 80
2021006003 0.000 30.7 199.4 324.1 375.2 80
2021006003 0.000 270.4 335.5 370.9 494.4 80
2021006003 0.000 1.1 303.4 374.1 500.9 80
2021006003 0.000 1.0 2.1 312.9 497.1 80
2021006003 0.000 -1.3 22.1 110.8 486.5 80
2021006003 0.000 97.4 13.4 283.8 488.1 80
2021006003 0.000 60.2 2.4 373.5 495.5 80
2021006003 0.000 101.0 -2.3 348.6 159.1 80
2021006003 0.000 0.4 148.7 374.3 495.6 80
2021006003 0.000 12.6 59.4 358.2 501.6 80
2021006003 0.000 1.0 30.2 374.6 444.6 80
2021006003 0.000 2.0 121.5 374.6 375.6 80
2021006003 0.000 166.8 268.0 310.0 390.2 80
2021006003 0.000 0.8 0.3 374.8 499.0 80
2021006003 0.000 185.7 6.4 254.1 97.0 80
2021006003 0.000 156.2 335.2 235.4 426.5 80
2021006003 0.000 136.0 307.5 193.9 389.0 80
2021006003 0.000 238.1 69.8 310.2 155.8 80
2021006003 0.000 319.2 7.2 373.2 114.4 80
2021006003 0.000 243.3 301.9 305.5 381.3 80
2021006003 0.000 24.2 89.9 98.0 179.5 80
2021006003 0.000 0.8 0.3 374.8 499.0 14
2021006003 0.000 114.7 396.1 176.3 484.8 80
2021006003 0.000 0.8 0.3 374.8 499.0 7
2021006003 0.000 0.8 0.3 374.8 499.0 11
2021006003 0.000 60.2 2.4 373.5 495.5 14
2021006003 0.000 58.8 31.2 318.3 478.2 14
2021006003 0.000 157.3 9.2 376.5 496.0 14
2021006003 0.000 -2.7 123.0 182.9 494.6 14
2021006003 0.000 12.6 59.4 358.2 501.6 14
2021006003 0.000 1.0 2.1 312.9 497.1 14
2021006003 0.000 -1.9 10.2 220.9 494.3 14
2021006003 0.000 91.7 112.8 285.5 485.5 14
