2021002380 0.706 108.0 121.4 399.4 327.2 80
2021002380 0.685 458.9 258.2 499.9 328.0 80
2021002380 0.672 0.9 69.6 17.0 173.6 80
2021002380 0.670 306.9 302.1 376.1 331.7 80
2021002380 0.653 66.6 311.6 169.9 331.8 80
2021002380 0.650 206.6 4.3 271.0 48.3 80
2021002380 0.643 221.1 1.6 293.6 22.6 80
2021002380 0.642 333.5 297.0 379.2 330.1 80
2021002380 0.635 159.1 6.3 200.4 55.2 80
2021002380 0.635 120.3 122.8 274.3 327.5 2
2021002380 0.617 376.8 318.5 452.8 332.2 80
2021002380 0.610 265.5 -0.4 358.1 20.3 80
2021002380 0.607 128.1 122.3 277.1 319.8 80
2021002380 0.580 1.1 56.6 14.4 130.9 80
2021002380 0.544 443.1 317.3 496.2 331.5 80
2021002380 0.537 186.1 0.6 242.4 12.3 80
2021002380 0.514 496.3 244.8 500.1 311.8 80
2021002380 0.486 497.4 51.3 500.3 143.0 80
2021002380 0.457 0.6 21.3 15.1 244.6 80
2021002380 0.451 116.3 125.5 278.3 319.9 80
2021002380 0.451 433.8 320.3 489.3 332.6 80
2021002380 0.450 475.9 129.0 501.0 329.3 80
2021002380 0.405 149.0 321.0 379.2 333.2 80
2021002380 0.386 0.1 308.0 22.3 333.9 80
2021002380 0.380 498.0 125.1 500.3 251.4 80
2021002380 0.301 130.8 113.4 328.0 296.5 80
2021002380 0.277 0.6 55.2 3.7 270.6 80
2021002380 0.269 0.9 200.2 4.5 312.4 80
2021002380 0.242 489.7 17.0 501.0 326.0 80
2021002380 0.232 66.2 0.5 250.4 7.3 80
2021002380 0.220 498.6 45.7 500.6 264.1 80
2021002380 0.216 0.8 28.4 8.8 300.9 80
2021002380 0.215 123.3 318.3 405.3 333.4 80
2021002380 0.191 458.2 87.0 502.8 341.6 80
2021002380 0.183 -2.1 26.2 27.4 312.7 80
2021002380 0.167 320.5 263.7 505.3 335.3 80
2021002380 0.162 -0.8 184.6 36.2 333.7 80
2021002380 0.161 174.2 205.8 237.3 273.6 80
2021002380 0.159 98.2 121.4 271.7 266.8 80
2021002380 0.151 118.7 246.5 292.3 336.5 80
2021002380 0.149 61.3 287.7 217.2 334.1 80
2021002380 0.146 257.8 128.2 506.1 298.4 80
2021002380 0.146 153.7 206.6 247.7 277.3 80
2021002380 0.145 117.5 28.4 389.2 310.6 80
2021002380 0.145 210.7 208.6 262.6 250.2 80
2021002380 0.144 9.3 205.9 190.2 321.9 80
2021002380 0.144 339.9 89.0 504.9 311.3 80
2021002380 0.143 211.5 163.7 496.5 306.2 80
2021002380 0.140 131.6 203.7 382.2 318.7 80
2021002380 0.140 169.8 173.4 459.5 308.8 80
2021002380 0.139 312.8 229.3 362.2 266.7 80
2021002380 0.139 177.5 222.0 223.7 258.7 80
2021002380 0.137 200.3 299.2 338.8 329.6 80
2021002380 0.136 162.9 245.0 210.2 288.9 80
2021002380 0.136 438.4 152.9 486.0 305.6 80
2021002380 0.134 64.5 185.2 294.9 308.2 80
2021002380 0.134 109.3 312.9 229.6 336.1 80
2021002380 0.133 13.3 309.6 111.0 331.8 80
2021002380 0.131 247.8 226.7 292.3 262.9 80
2021002380 0.131 148.8 172.1 344.0 297.7 80
2021002380 0.131 -1.5 93.6 123.6 309.8 80
2021002380 0.130 23.1 161.2 252.9 287.2 80
2021002380 0.126 7.6 121.1 201.8 273.4 80
2021002380 0.126 68.3 147.5 279.7 275.7 80
2021002380 0.125 167.8 149.0 387.1 272.3 80
2021002380 0.123 210.8 151.1 455.4 265.1 80
2021002380 0.120 293.3 100.5 490.3 249.1 80
2021002380 0.120 27.8 90.2 221.1 257.4 80
2021002380 0.119 223.5 115.9 448.9 237.7 80
2021002380 0.118 443.1 317.3 496.2 331.5 2
2021002380 0.118 26.8 174.7 91.2 256.6 80
2021002380 0.118 20.3 147.1 90.6 208.1 80
2021002380 0.117 290.7 133.4 453.5 195.5 80
2021002380 0.117 85.2 163.8 196.9 217.7 80
2021002380 0.116 -6.8 55.6 55.8 120.0 80
2021002380 0.114 -5.2 124.7 205.9 191.8 80
2021002380 0.113 307.8 205.5 406.8 255.8 80
2021002380 0.113 186.7 102.5 438.3 172.0 80
2021002380 0.110 121.9 66.1 429.1 134.2 80
2021002380 0.110 86.7 64.9 447.5 142.7 80
2021002380 0.110 251.1 74.7 586.0 142.2 80
2021002380 0.110 227.5 171.2 382.3 238.6 80
2021002380 0.109 35.7 39.0 428.0 103.0 80
2021002380 0.109 -30.3 18.4 403.4 63.0 80
2021002380 0.107 126.9 15.4 587.6 64.6 80
2021002380 0.106 54.3 166.7 195.2 243.2 80
2021002380 0.106 344.5 50.3 588.9 113.9 80
2021002380 0.106 164.3 8.2 645.2 44.2 80
2021002380 0.106 -149.6 7.9 334.9 38.8 80
2021002380 0.105 120.3 122.8 274.3 327.5 14
2021002380 0.103 -113.2 5.2 385.4 30.5 80
2021002380 0.100 191.9 5.5 690.3 30.0 80
2021002380 0.100 235.2 8.5 719.4 34.2 80
2021002380 0.099 44.2 -0.1 543.2 26.0 80
2021002380 0.097 72.1 -3.0 571.1 21.8 80
2021002380 0.093 -212.9 -1.6 277.7 17.4 80
2021002380 0.093 -138.5 -0.1 360.4 19.2 80
2021002380 0.092 -185.7 1.4 313.2 21.6 80
2021002380 0.091 156.9 -0.2 655.9 21.2 80
2021002380 0.091 123.2 -0.8 622.2 22.3 80
2021002380 0.706 108.0 121.4 399.4 327.2 80
2021002380 0.685 458.9 258.2 499.9 328.0 80
2021002380 0.672 0.9 69.6 17.0 173.6 80
2021002380 0.670 306.9 302.1 376.1 331.7 80
2021002380 0.653 66.6 311.6 169.9 331.8 80
2021002380 0.650 206.6 4.3 271.0 48.3 80
2021002380 0.643 221.1 1.6 293.6 22.6 80
2021002380 0.642 333.5 297.0 379.2 330.1 80
2021002380 0.635 159.1 6.3 200.4 55.2 80
2021002380 0.635 120.3 122.8 274.3 327.5 2
2021002380 0.617 376.8 318.5 452.8 332.2 80
2021002380 0.610 265.5 -0.4 358.1 20.3 80
2021002380 0.607 128.1 122.3 277.1 319.8 80
2021002380 0.580 1.1 56.6 14.4 130.9 80
2021002380 0.544 443.1 317.3 496.2 331.5 80
2021002380 0.537 186.1 0.6 242.4 12.3 80
2021002380 0.514 496.3 244.8 500.1 311.8 80
2021002380 0.486 497.4 51.3 500.3 143.0 80
2021002380 0.457 0.6 21.3 15.1 244.6 80
2021002380 0.451 116.3 125.5 278.3 319.9 80
2021002380 0.451 433.8 320.3 489.3 332.6 80
2021002380 0.450 475.9 129.0 501.0 329.3 80
2021002380 0.405 149.0 321.0 379.2 333.2 80
2021002380 0.386 0.1 308.0 22.3 333.9 80
2021002380 0.380 498.0 125.1 500.3 251.4 80
2021002380 0.301 130.8 113.4 328.0 296.5 80
2021002380 0.277 0.6 55.2 3.7 270.6 80
2021002380 0.269 0.9 200.2 4.5 312.4 80
2021002380 0.242 489.7 17.0 501.0 326.0 80
2021002380 0.232 66.2 0.5 250.4 7.3 80
2021002380 0.220 498.6 45.7 500.6 264.1 80
2021002380 0.216 0.8 28.4 8.8 300.9 80
2021002380 0.215 123.3 318.3 405.3 333.4 80
2021002380 0.191 458.2 87.0 502.8 341.6 80
2021002380 0.183 -2.1 26.2 27.4 312.7 80
2021002380 0.167 320.5 263.7 505.3 335.3 80
2021002380 0.162 -0.8 184.6 36.2 333.7 80
2021002380 0.161 174.2 205.8 237.3 273.6 80
2021002380 0.159 98.2 121.4 271.7 266.8 80
2021002380 0.151 118.7 246.5 292.3 336.5 80
2021002380 0.149 61.3 287.7 217.2 334.1 80
2021002380 0.146 257.8 128.2 506.1 298.4 80
2021002380 0.146 153.7 206.6 247.7 277.3 80
2021002380 0.145 117.5 28.4 389.2 310.6 80
2021002380 0.145 210.7 208.6 262.6 250.2 80
2021002380 0.144 9.3 205.9 190.2 321.9 80
2021002380 0.144 339.9 89.0 504.9 311.3 80
2021002380 0.143 211.5 163.7 496.5 306.2 80
2021002380 0.140 131.6 203.7 382.2 318.7 80
2021002380 0.140 169.8 173.4 459.5 308.8 80
2021002380 0.139 312.8 229.3 362.2 266.7 80
2021002380 0.139 177.5 222.0 223.7 258.7 80
2021002380 0.137 200.3 299.2 338.8 329.6 80
2021002380 0.136 162.9 245.0 210.2 288.9 80
2021002380 0.136 438.4 152.9 486.0 305.6 80
2021002380 0.134 64.5 185.2 294.9 308.2 80
2021002380 0.134 109.3 312.9 229.6 336.1 80
2021002380 0.133 13.3 309.6 111.0 331.8 80
2021002380 0.131 247.8 226.7 292.3 262.9 80
2021002380 0.131 148.8 172.1 344.0 297.7 80
2021002380 0.131 -1.5 93.6 123.6 309.8 80
2021002380 0.130 23.1 161.2 252.9 287.2 80
2021002380 0.126 7.6 121.1 201.8 273.4 80
2021002380 0.126 68.3 147.5 279.7 275.7 80
2021002380 0.125 167.8 149.0 387.1 272.3 80
2021002380 0.123 210.8 151.1 455.4 265.1 80
2021002380 0.120 293.3 100.5 490.3 249.1 80
2021002380 0.120 27.8 90.2 221.1 257.4 80
2021002380 0.119 223.5 115.9 448.9 237.7 80
2021002380 0.118 443.1 317.3 496.2 331.5 2
2021002380 0.118 26.8 174.7 91.2 256.6 80
2021002380 0.118 20.3 147.1 90.6 208.1 80
2021002380 0.117 290.7 133.4 453.5 195.5 80
2021002380 0.117 85.2 163.8 196.9 217.7 80
2021002380 0.116 -6.8 55.6 55.8 120.0 80
2021002380 0.114 -5.2 124.7 205.9 191.8 80
2021002380 0.113 307.8 205.5 406.8 255.8 80
2021002380 0.113 186.7 102.5 438.3 172.0 80
2021002380 0.110 121.9 66.1 429.1 134.2 80
2021002380 0.110 86.7 64.9 447.5 142.7 80
2021002380 0.110 251.1 74.7 586.0 142.2 80
2021002380 0.110 227.5 171.2 382.3 238.6 80
2021002380 0.109 35.7 39.0 428.0 103.0 80
2021002380 0.109 -30.3 18.4 403.4 63.0 80
2021002380 0.107 126.9 15.4 587.6 64.6 80
2021002380 0.106 54.3 166.7 195.2 243.2 80
2021002380 0.106 344.5 50.3 588.9 113.9 80
2021002380 0.106 164.3 8.2 645.2 44.2 80
2021002380 0.106 -149.6 7.9 334.9 38.8 80
2021002380 0.105 120.3 122.8 274.3 327.5 14
2021002380 0.103 -113.2 5.2 385.4 30.5 80
2021002380 0.100 191.9 5.5 690.3 30.0 80
2021002380 0.100 235.2 8.5 719.4 34.2 80
2021002380 0.099 44.2 -0.1 543.2 26.0 80
2021002380 0.097 72.1 -3.0 571.1 21.8 80
2021002380 0.093 -212.9 -1.6 277.7 17.4 80
2021002380 0.093 -138.5 -0.1 360.4 19.2 80
2021002380 0.092 -185.7 1.4 313.2 21.6 80
2021002380 0.091 156.9 -0.2 655.9 21.2 80
2021002380 0.091 123.2 -0.8 622.2 22.3 80
2021002380 0.000 0.8 39.6 103.7 219.9 80
2021002380 0.000 245.1 64.6 370.2 203.1 80
2021002380 0.000 203.1 44.4 266.1 106.7 80
2021002380 0.000 256.6 123.7 316.4 182.9 80
2021002380 0.000 372.7 97.3 484.8 238.7 80
2021002380 0.000 45.9 193.6 106.8 256.8 80
2021002380 0.000 83.8 105.7 144.8 167.7 80
2021002380 0.000 133.1 93.5 218.1 194.0 80
2021002380 0.000 390.5 85.7 458.7 145.2 80
2021002380 0.000 453.6 114.4 499.6 187.5 80
2021002380 0.000 213.4 101.7 273.6 161.0 80
2021002380 0.000 141.4 73.2 202.4 136.6 80
2021002380 0.000 22.0 26.3 202.7 174.0 80
2021002380 0.000 325.8 10.5 494.5 170.4 80
2021002380 0.000 1.5 179.1 48.0 253.0 80
2021002380 0.000 162.0 29.1 299.4 188.1 80
2021002380 0.000 349.9 130.4 409.9 189.0 80
2021002380 0.000 219.9 213.4 281.0 299.7 80
2021002380 0.000 90.6 167.7 149.2 226.6 80
2021002380 0.000 314.7 90.6 375.2 149.9 80
2021002380 0.000 357.4 176.8 415.0 236.3 80
2021002380 0.000 32.4 113.1 167.8 245.7 80
2021002380 0.000 1.0 134.7 47.1 208.2 80
2021002380 0.000 453.4 171.3 499.7 244.6 80
2021002380 0.000 0.5 112.0 102.1 317.8 80
2021002380 0.000 449.1 48.2 499.7 136.2 80
2021002380 0.000 259.7 2.5 324.6 65.8 80
2021002380 0.000 137.6 194.1 201.5 258.6 80
2021002380 0.000 298.6 152.6 359.4 210.5 80
2021002380 0.000 28.5 138.6 93.6 196.8 80
2021002380 0.000 255.4 112.1 363.3 309.4 80
2021002380 0.000 119.1 143.0 232.5 281.2 80
2021002380 0.000 149.8 153.7 210.5 211.6 80
2021002380 0.000 293.1 118.3 480.6 230.7 80
2021002380 0.000 325.6 194.5 382.1 262.6 80
2021002380 0.000 0.7 20.0 51.8 94.1 80
2021002380 0.000 219.9 176.7 278.2 235.5 80
2021002380 0.000 48.8 19.0 377.9 228.3 80
2021002380 0.000 410.2 156.8 474.8 215.0 80
2021002380 0.000 205.3 105.0 317.1 249.4 80
2021002380 0.000 0.7 221.7 58.3 328.6 80
2021002380 0.000 180.1 197.3 238.1 264.5 80
2021002380 0.000 177.0 51.2 471.7 236.8 80
2021002380 0.000 49.5 97.5 281.8 229.4 80
2021002380 0.000 325.8 41.4 402.7 103.4 80
2021002380 0.000 101.1 43.9 244.3 277.4 80
2021002380 0.000 0.3 80.7 51.5 154.3 80
2021002380 0.000 206.3 143.0 267.2 201.4 80
2021002380 0.000 442.7 217.4 499.6 327.4 80
2021002380 0.000 15.1 12.8 486.3 174.5 80
2021002380 0.000 398.5 98.9 499.4 315.8 80
2021002380 0.000 1.5 5.5 282.2 329.9 80
2021002380 0.000 94.9 14.0 401.8 325.0 80
2021002380 0.000 262.6 37.4 424.1 278.3 80
2021002380 0.000 189.1 7.3 402.0 120.4 80
2021002380 0.000 1.1 21.4 146.5 322.8 80
2021002380 0.000 212.9 5.7 497.4 331.0 80
2021002380 0.000 160.6 175.5 349.3 326.9 80
2021002380 0.000 159.4 25.0 350.2 316.2 80
2021002380 0.000 357.7 16.7 501.3 319.9 80
2021002380 0.000 11.5 79.9 225.9 328.5 80
2021002380 0.000 280.6 212.4 336.4 294.2 80
2021002380 0.000 171.4 94.0 308.9 314.0 80
2021002380 0.000 132.8 69.1 366.0 324.4 80
2021002380 0.000 257.5 148.1 363.0 272.1 80
2021002380 0.000 5.0 248.1 130.5 332.4 80
2021002380 0.000 306.3 160.5 481.9 323.9 80
2021002380 0.000 54.0 226.7 278.3 330.9 80
2021002380 0.000 11.7 162.6 185.3 324.9 80
2021002380 0.000 3.3 1.2 410.3 331.1 80
2021002380 0.000 8.2 203.4 491.3 331.4 80
2021002380 0.000 4.9 57.7 361.3 327.9 80
2021002380 0.000 223.1 227.9 472.3 331.4 80
2021002380 0.000 72.1 57.1 444.5 284.5 80
2021002380 0.000 34.1 131.1 327.0 322.2 80
2021002380 0.000 85.7 1.0 494.7 331.0 80
2021002380 0.000 278.1 77.3 486.3 331.0 80
2021002380 0.000 162.7 118.0 345.4 204.8 80
2021002380 0.000 244.5 179.3 298.1 242.7 80
2021002380 0.000 168.6 134.4 451.1 322.0 80
2021002380 0.000 362.2 218.2 494.6 327.3 80
2021002380 0.000 44.5 53.9 117.2 121.5 80
2021002380 0.000 160.2 58.7 492.6 329.0 80
2021002380 0.000 134.9 91.5 359.6 260.9 80
2021002380 0.000 67.7 127.2 402.2 241.5 80
2021002380 0.000 22.4 38.2 474.5 321.3 80
2021002380 0.000 0.6 89.3 498.5 323.8 80
2021002380 0.000 0.8 0.8 499.6 332.2 80
2021002380 0.000 17.2 85.3 483.8 240.0 80
2021002380 0.000 2.5 21.1 497.4 273.2 80
2021002380 0.000 424.3 5.6 498.8 76.0 80
2021002380 0.000 17.2 85.3 483.8 240.0 0
2021002380 0.000 262.6 37.4 424.1 278.3 14
2021002380 0.000 171.4 94.0 308.9 314.0 14
2021002380 0.000 101.1 43.9 244.3 277.4 14
2021002380 0.000 159.4 25.0 350.2 316.2 14
2021002380 0.000 11.5 79.9 225.9 328.5 14
2021002380 0.000 278.1 77.3 486.3 331.0 14
2021002380 0.000 132.8 69.1 366.0 324.4 14
2021002380 0.000 154.2 268.6 238.2 328.2 80
