2021000088 0.677 384.6 131.5 414.8 163.3 80
2021000088 0.661 439.7 189.1 487.4 262.0 80
2021000088 0.632 468.2 340.0 499.3 375.3 80
2021000088 0.615 492.5 226.2 499.7 262.2 80
2021000088 0.614 494.5 221.4 500.2 286.2 80
2021000088 0.593 356.5 130.1 406.0 160.4 80
2021000088 0.541 129.2 4.8 497.3 372.0 18
2021000088 0.472 1.4 222.4 6.4 263.9 80
2021000088 0.446 1.3 267.3 5.5 337.4 80
2021000088 0.425 142.5 12.4 487.4 363.1 80
2021000088 0.411 498.3 81.4 500.3 159.5 80
2021000088 0.375 497.8 175.8 500.1 282.0 80
2021000088 0.357 1.4 137.6 10.9 256.0 80
2021000088 0.322 1.6 338.9 15.0 374.5 80
2021000088 0.318 498.2 102.2 500.1 256.4 80
2021000088 0.296 10.6 15.8 493.0 362.4 80
2021000088 0.287 490.2 53.6 499.8 379.0 80
2021000088 0.242 1.6 100.1 6.7 328.0 80
2021000088 0.241 0.8 69.8 3.1 181.0 80
2021000088 0.233 348.7 33.2 485.1 389.9 80
2021000088 0.229 497.7 237.4 500.9 340.3 80
2021000088 0.219 0.3 5.7 4.8 76.1 80
2021000088 0.188 0.1 31.1 20.2 341.4 80
2021000088 0.185 0.5 201.4 21.1 376.8 80
2021000088 0.163 118.3 53.7 495.9 318.0 80
2021000088 0.157 -0.7 82.5 60.8 377.4 80
2021000088 0.153 166.9 361.8 339.7 377.8 80
2021000088 0.149 12.8 345.8 92.2 374.9 80
2021000088 0.147 161.9 90.8 498.7 310.0 80
2021000088 0.145 179.1 73.4 504.1 302.5 80
2021000088 0.145 65.6 336.7 185.1 373.6 80
2021000088 0.143 308.4 192.1 515.7 360.0 80
2021000088 0.142 112.5 60.9 437.5 315.3 80
2021000088 0.141 12.6 219.6 154.7 373.1 80
2021000088 0.141 44.3 362.6 152.9 377.4 80
2021000088 0.140 121.8 228.7 403.3 359.8 80
2021000088 0.140 295.1 334.2 424.5 371.9 80
2021000088 0.139 123.6 107.6 459.4 317.6 80
2021000088 0.139 238.8 126.4 513.6 309.5 80
2021000088 0.138 63.3 225.8 287.2 355.2 80
2021000088 0.136 210.0 179.6 491.2 331.7 80
2021000088 0.136 171.8 191.8 456.4 340.7 80
2021000088 0.135 145.6 329.0 273.8 372.2 80
2021000088 0.133 170.4 355.0 318.3 375.3 80
2021000088 0.133 119.9 190.7 398.6 338.2 80
2021000088 0.132 103.4 151.5 412.4 314.6 80
2021000088 0.131 84.5 105.9 321.2 305.4 80
2021000088 0.131 114.8 357.4 222.8 377.5 80
2021000088 0.130 213.4 330.8 331.1 370.5 80
2021000088 0.130 104.9 129.7 383.9 310.1 80
2021000088 0.130 77.6 189.1 336.8 325.1 80
2021000088 0.127 223.3 208.1 299.5 305.4 80
2021000088 0.127 28.1 177.5 240.2 323.4 80
2021000088 0.126 18.0 125.1 171.9 316.4 80
2021000088 0.125 339.6 357.7 452.0 378.6 80
2021000088 0.125 46.8 152.2 272.6 303.2 80
2021000088 0.125 247.6 205.8 369.0 304.0 80
2021000088 0.124 219.3 143.3 342.5 265.9 80
2021000088 0.123 66.6 115.2 309.7 270.4 80
2021000088 0.122 27.5 224.4 77.3 284.7 80
2021000088 0.122 163.9 196.6 228.3 269.3 80
2021000088 0.120 152.5 263.1 201.5 307.3 80
2021000088 0.120 217.6 129.5 347.2 242.8 80
2021000088 0.119 186.7 185.3 287.9 302.1 80
2021000088 0.119 401.9 341.7 493.9 372.1 80
2021000088 0.118 194.9 123.2 434.7 268.1 80
2021000088 0.117 43.2 166.6 153.2 269.5 80
2021000088 0.117 266.3 348.8 376.6 375.6 80
2021000088 0.116 271.3 167.6 467.7 301.3 80
2021000088 0.116 60.9 159.5 231.7 231.3 80
2021000088 0.116 159.5 134.1 480.7 298.8 80
2021000088 0.115 13.9 148.9 187.4 212.7 80
2021000088 0.114 81.6 233.4 144.6 284.3 80
2021000088 0.114 84.0 80.8 377.6 166.0 80
2021000088 0.113 291.7 156.2 564.8 295.5 80
2021000088 0.113 -12.3 121.6 122.2 186.6 80
2021000088 0.112 10.3 46.9 358.6 111.1 80
2021000088 0.111 -71.5 32.2 143.7 84.5 80
2021000088 0.111 76.2 21.6 506.3 115.9 80
2021000088 0.111 129.2 4.8 497.3 372.0 80
2021000088 0.111 119.1 55.1 555.9 157.1 80
2021000088 0.110 157.6 106.9 549.1 236.6 80
2021000088 0.108 -79.3 12.2 365.9 59.1 80
2021000088 0.107 -138.9 10.4 329.1 50.9 80
2021000088 0.106 272.5 91.5 625.2 212.8 80
2021000088 0.105 211.1 11.6 667.7 63.9 80
2021000088 0.104 3.4 -0.1 500.8 36.1 80
2021000088 0.103 72.5 -2.5 571.4 35.4 80
2021000088 0.102 291.4 12.2 668.5 58.9 80
2021000088 0.097 -44.0 -0.7 455.0 27.7 80
2021000088 0.094 -144.5 -2.6 207.7 22.2 80
2021000088 0.093 -37.4 -1.5 461.5 21.2 80
2021000088 0.093 -139.5 -0.3 359.1 23.8 80
2021000088 0.093 -185.5 1.4 313.4 24.4 80
2021000088 0.092 126.0 -2.5 625.0 24.3 80
2021000088 0.092 -92.6 0.9 406.3 25.7 80
2021000088 0.091 82.3 -2.0 581.2 21.5 80
2021000088 0.090 24.4 -2.2 523.4 21.3 80
2021000088 0.090 202.3 -0.2 701.3 24.2 80
2021000088 0.090 156.5 -0.1 655.5 25.0 80
2021000088 0.677 384.6 131.5 414.8 163.3 80
2021000088 0.661 439.7 189.1 487.4 262.0 80
2021000088 0.632 468.2 340.0 499.3 375.3 80
2021000088 0.615 492.5 226.2 499.7 262.2 80
2021000088 0.614 494.5 221.4 500.2 286.2 80
2021000088 0.593 356.5 130.1 406.0 160.4 80
2021000088 0.541 129.2 4.8 497.3 372.0 18
2021000088 0.472 1.4 222.4 6.4 263.9 80
2021000088 0.446 1.3 267.3 5.5 337.4 80
2021000088 0.425 142.5 12.4 487.4 363.1 80
2021000088 0.411 498.3 81.4 500.3 159.5 80
2021000088 0.375 497.8 175.8 500.1 282.0 80
2021000088 0.357 1.4 137.6 10.9 256.0 80
2021000088 0.322 1.6 338.9 15.0 374.5 80
2021000088 0.318 498.2 102.2 500.1 256.4 80
2021000088 0.296 10.6 15.8 493.0 362.4 80
2021000088 0.287 490.2 53.6 499.8 379.0 80
2021000088 0.242 1.6 100.1 6.7 328.0 80
2021000088 0.241 0.8 69.8 3.1 181.0 80
2021000088 0.233 348.7 33.2 485.1 389.9 80
2021000088 0.229 497.7 237.4 500.9 340.3 80
2021000088 0.219 0.3 5.7 4.8 76.1 80
2021000088 0.188 0.1 31.1 20.2 341.4 80
2021000088 0.185 0.5 201.4 21.1 376.8 80
2021000088 0.163 118.3 53.7 495.9 318.0 80
2021000088 0.157 -0.7 82.5 60.8 377.4 80
2021000088 0.153 166.9 361.8 339.7 377.8 80
2021000088 0.149 12.8 345.8 92.2 374.9 80
2021000088 0.147 161.9 90.8 498.7 310.0 80
2021000088 0.145 179.1 73.4 504.1 302.5 80
2021000088 0.145 65.6 336.7 185.1 373.6 80
2021000088 0.143 308.4 192.1 515.7 360.0 80
2021000088 0.142 112.5 60.9 437.5 315.3 80
2021000088 0.141 12.6 219.6 154.7 373.1 80
2021000088 0.141 44.3 362.6 152.9 377.4 80
2021000088 0.140 121.8 228.7 403.3 359.8 80
2021000088 0.140 295.1 334.2 424.5 371.9 80
2021000088 0.139 123.6 107.6 459.4 317.6 80
2021000088 0.139 238.8 126.4 513.6 309.5 80
2021000088 0.138 63.3 225.8 287.2 355.2 80
2021000088 0.136 210.0 179.6 491.2 331.7 80
2021000088 0.136 171.8 191.8 456.4 340.7 80
2021000088 0.135 145.6 329.0 273.8 372.2 80
2021000088 0.133 170.4 355.0 318.3 375.3 80
2021000088 0.133 119.9 190.7 398.6 338.2 80
2021000088 0.132 103.4 151.5 412.4 314.6 80
2021000088 0.131 84.5 105.9 321.2 305.4 80
2021000088 0.131 114.8 357.4 222.8 377.5 80
2021000088 0.130 213.4 330.8 331.1 370.5 80
2021000088 0.130 104.9 129.7 383.9 310.1 80
2021000088 0.130 77.6 189.1 336.8 325.1 80
2021000088 0.127 223.3 208.1 299.5 305.4 80
2021000088 0.127 28.1 177.5 240.2 323.4 80
2021000088 0.126 18.0 125.1 171.9 316.4 80
2021000088 0.125 339.6 357.7 452.0 378.6 80
2021000088 0.125 46.8 152.2 272.6 303.2 80
2021000088 0.125 247.6 205.8 369.0 304.0 80
2021000088 0.124 219.3 143.3 342.5 265.9 80
2021000088 0.123 66.6 115.2 309.7 270.4 80
2021000088 0.122 27.5 224.4 77.3 284.7 80
2021000088 0.122 163.9 196.6 228.3 269.3 80
2021000088 0.120 152.5 263.1 201.5 307.3 80
2021000088 0.120 217.6 129.5 347.2 242.8 80
2021000088 0.119 186.7 185.3 287.9 302.1 80
2021000088 0.119 401.9 341.7 493.9 372.1 80
2021000088 0.118 194.9 123.2 434.7 268.1 80
2021000088 0.117 43.2 166.6 153.2 269.5 80
2021000088 0.117 266.3 348.8 376.6 375.6 80
2021000088 0.116 271.3 167.6 467.7 301.3 80
2021000088 0.116 60.9 159.5 231.7 231.3 80
2021000088 0.116 159.5 134.1 480.7 298.8 80
2021000088 0.115 13.9 148.9 187.4 212.7 80
2021000088 0.114 81.6 233.4 144.6 284.3 80
2021000088 0.114 84.0 80.8 377.6 166.0 80
2021000088 0.113 291.7 156.2 564.8 295.5 80
2021000088 0.113 -12.3 121.6 122.2 186.6 80
2021000088 0.112 10.3 46.9 358.6 111.1 80
2021000088 0.111 -71.5 32.2 143.7 84.5 80
2021000088 0.111 76.2 21.6 506.3 115.9 80
2021000088 0.111 129.2 4.8 497.3 372.0 80
2021000088 0.111 119.1 55.1 555.9 157.1 80
2021000088 0.110 157.6 106.9 549.1 236.6 80
2021000088 0.108 -79.3 12.2 365.9 59.1 80
2021000088 0.107 -138.9 10.4 329.1 50.9 80
2021000088 0.106 272.5 91.5 625.2 212.8 80
2021000088 0.105 211.1 11.6 667.7 63.9 80
2021000088 0.104 3.4 -0.1 500.8 36.1 80
2021000088 0.103 72.5 -2.5 571.4 35.4 80
2021000088 0.102 291.4 12.2 668.5 58.9 80
2021000088 0.097 -44.0 -0.7 455.0 27.7 80
2021000088 0.094 -144.5 -2.6 207.7 22.2 80
2021000088 0.093 -37.4 -1.5 461.5 21.2 80
2021000088 0.093 -139.5 -0.3 359.1 23.8 80
2021000088 0.093 -185.5 1.4 313.4 24.4 80
2021000088 0.092 126.0 -2.5 625.0 24.3 80
2021000088 0.092 -92.6 0.9 406.3 25.7 80
2021000088 0.091 82.3 -2.0 581.2 21.5 80
2021000088 0.090 24.4 -2.2 523.4 21.3 80
2021000088 0.090 202.3 -0.2 701.3 24.2 80
2021000088 0.090 156.5 -0.1 655.5 25.0 80
2021000088 0.000 242.0 73.2 372.7 227.7 80
2021000088 0.000 0.9 43.1 103.5 247.8 80
2021000088 0.000 143.7 135.9 210.3 202.4 80
2021000088 0.000 211.4 111.8 275.3 178.0 80
2021000088 0.000 371.0 109.2 486.3 268.7 80
2021000088 0.000 255.8 137.9 317.1 204.5 80
2021000088 0.000 156.6 31.4 304.0 211.6 80
2021000088 0.000 45.5 217.8 107.4 288.9 80
2021000088 0.000 136.3 82.3 207.6 151.5 80
2021000088 0.000 81.5 117.6 146.9 186.5 80
2021000088 0.000 197.9 51.8 272.4 119.8 80
2021000088 0.000 453.6 128.4 499.6 211.2 80
2021000088 0.000 387.8 97.3 461.7 164.2 80
2021000088 0.000 348.6 145.3 411.0 211.1 80
2021000088 0.000 136.9 218.3 201.8 292.7 80
2021000088 0.000 19.5 26.1 206.5 194.8 80
2021000088 0.000 1.5 201.3 48.0 285.0 80
2021000088 0.000 297.9 170.7 359.9 236.2 80
2021000088 0.000 453.4 192.9 499.6 275.6 80
2021000088 0.000 356.3 197.7 415.7 265.7 80
2021000088 0.000 313.5 100.9 376.2 167.7 80
2021000088 0.000 323.9 8.3 496.6 191.8 80
2021000088 0.000 287.5 132.8 485.8 257.7 80
2021000088 0.000 205.6 160.1 267.3 225.4 80
2021000088 0.000 0.9 125.8 102.1 357.9 80
2021000088 0.000 33.3 127.4 166.8 276.8 80
2021000088 0.000 1.0 151.5 47.1 234.6 80
2021000088 0.000 89.9 187.8 149.8 253.9 80
2021000088 0.000 449.0 54.1 499.7 153.4 80
2021000088 0.000 117.9 161.9 233.2 316.5 80
2021000088 0.000 218.0 251.8 286.7 331.9 80
2021000088 0.000 149.3 172.2 210.8 237.6 80
2021000088 0.000 410.1 176.6 474.8 242.3 80
2021000088 0.000 27.0 155.1 94.9 220.9 80
2021000088 0.000 323.9 218.2 384.1 295.1 80
2021000088 0.000 202.7 116.7 319.1 275.9 80
2021000088 0.000 177.6 56.6 471.2 267.4 80
2021000088 0.000 252.3 124.0 366.8 347.9 80
2021000088 0.000 0.5 90.4 51.3 173.8 80
2021000088 0.000 0.7 22.0 51.8 106.0 80
2021000088 0.000 46.4 108.1 284.6 258.9 80
2021000088 0.000 101.1 50.5 245.1 317.1 80
2021000088 0.000 255.5 3.7 329.5 73.3 80
2021000088 0.000 322.9 47.5 406.2 116.3 80
2021000088 0.000 43.3 21.4 383.8 258.4 80
2021000088 0.000 0.6 249.6 58.3 369.8 80
2021000088 0.000 178.6 220.3 238.0 300.5 80
2021000088 0.000 442.7 245.1 499.6 368.5 80
2021000088 0.000 398.6 113.5 499.6 355.5 80
2021000088 0.000 10.6 10.6 491.5 199.6 80
2021000088 0.000 258.6 42.4 428.2 311.1 80
2021000088 0.000 90.0 16.9 408.1 364.6 80
2021000088 0.000 256.1 169.2 365.6 301.9 80
2021000088 0.000 -2.4 5.4 286.1 371.6 80
2021000088 0.000 8.1 89.0 229.6 370.1 80
2021000088 0.000 0.7 22.9 146.6 363.6 80
2021000088 0.000 213.1 6.1 497.0 372.7 80
2021000088 0.000 131.2 78.4 368.1 365.5 80
2021000088 0.000 156.2 201.7 351.1 369.4 80
2021000088 0.000 170.3 106.4 310.3 353.3 80
2021000088 0.000 153.4 21.0 355.4 360.9 80
2021000088 0.000 357.6 18.1 500.9 361.1 80
2021000088 0.000 68.8 68.1 447.4 321.4 80
2021000088 0.000 177.0 8.2 417.9 127.1 80
2021000088 0.000 43.6 254.9 289.5 373.6 80
2021000088 0.000 2.3 68.4 366.1 369.3 80
2021000088 0.000 5.1 279.1 130.5 374.3 80
2021000088 0.000 12.0 183.0 185.2 365.8 80
2021000088 0.000 305.3 180.1 482.3 365.0 80
2021000088 0.000 220.0 199.0 278.3 264.7 80
2021000088 0.000 24.3 146.3 338.1 364.6 80
2021000088 0.000 2.5 1.3 412.8 373.0 80
2021000088 0.000 150.8 131.3 355.6 228.6 80
2021000088 0.000 274.3 86.1 490.6 373.1 80
2021000088 0.000 3.0 228.5 496.0 374.4 80
2021000088 0.000 220.7 257.3 474.7 373.5 80
2021000088 0.000 84.5 1.1 496.2 372.9 80
2021000088 0.000 158.6 67.8 495.0 371.2 80
2021000088 0.000 157.9 150.5 463.3 364.9 80
2021000088 0.000 362.6 245.1 494.3 368.9 80
2021000088 0.000 44.4 60.6 117.3 136.8 80
2021000088 0.000 129.9 101.9 365.9 294.0 80
2021000088 0.000 22.3 43.4 477.5 366.6 80
2021000088 0.000 60.2 142.4 409.5 272.0 80
2021000088 0.000 0.4 100.8 499.0 366.5 80
2021000088 0.000 244.0 202.0 298.7 273.9 80
2021000088 0.000 12.6 94.7 489.8 271.8 80
2021000088 0.000 0.8 0.3 499.7 373.9 80
2021000088 0.000 1.3 18.3 498.9 309.8 80
2021000088 0.000 286.3 250.3 340.8 319.0 80
2021000088 0.000 424.2 6.2 498.9 85.7 80
2021000088 0.000 12.6 94.7 489.8 271.8 0
2021000088 0.000 0.8 0.3 499.7 373.9 7
2021000088 0.000 8.1 89.0 229.6 370.1 14
2021000088 0.000 258.6 42.4 428.2 311.1 14
2021000088 0.000 101.1 50.5 245.1 317.1 14
2021000088 0.000 170.3 106.4 310.3 353.3 14
2021000088 0.000 274.3 86.1 490.6 373.1 14
2021000088 0.000 153.4 21.0 355.4 360.9 14
2021000088 0.000 213.1 6.1 497.0 372.7 14
