2021006732 0.704 279.4 267.8 483.4 376.9 80
2021006732 0.701 273.7 188.6 496.5 376.5 80
2021006732 0.683 212.5 33.4 504.8 376.7 80
2021006732 0.679 333.0 18.9 506.8 236.6 80
2021006732 0.678 442.2 30.2 500.4 224.6 80
2021006732 0.676 5.5 2.5 312.4 376.2 80
2021006732 0.675 0.5 247.3 22.7 361.4 80
2021006732 0.673 1.5 15.4 498.5 375.5 14
2021006732 0.668 13.2 255.6 151.2 376.0 80
2021006732 0.664 1.3 20.0 500.3 305.0 80
2021006732 0.663 21.1 10.5 367.1 374.0 80
2021006732 0.662 16.2 8.6 432.5 374.1 80
2021006732 0.661 7.3 248.4 118.3 357.6 80
2021006732 0.659 101.5 23.7 504.5 376.7 80
2021006732 0.658 354.1 0.6 487.7 128.6 80
2021006732 0.658 365.8 17.5 503.8 215.3 80
2021006732 0.654 9.7 287.1 296.3 375.5 80
2021006732 0.651 273.2 63.9 496.6 369.6 80
2021006732 0.647 464.7 342.0 500.3 375.7 80
2021006732 0.644 385.3 2.2 465.9 87.9 80
2021006732 0.643 1.2 252.5 134.8 373.7 80
2021006732 0.641 8.6 260.4 104.2 371.8 80
2021006732 0.631 348.4 54.6 500.1 365.8 80
2021006732 0.617 0.4 265.2 264.8 372.1 80
2021006732 0.616 60.0 323.3 383.1 373.3 80
2021006732 0.614 456.1 38.3 502.2 367.4 80
2021006732 0.614 315.0 39.0 496.4 377.2 80
2021006732 0.597 426.2 13.1 501.0 383.2 80
2021006732 0.596 389.2 -4.0 477.7 93.3 80
2021006732 0.590 451.7 28.8 501.0 97.9 80
2021006732 0.589 1.2 68.0 500.2 374.2 80
2021006732 0.589 1.2 253.3 500.2 377.3 80
2021006732 0.569 450.0 31.4 501.0 96.6 80
2021006732 0.563 74.7 302.7 459.4 378.7 80
2021006732 0.556 -0.1 288.0 498.9 373.8 80
2021006732 0.537 285.5 49.5 502.6 375.3 80
2021006732 0.534 491.9 -0.4 500.9 355.4 80
2021006732 0.519 282.2 60.0 500.8 370.9 80
2021006732 0.509 0.1 10.2 499.0 373.4 80
2021006732 0.477 496.5 169.0 500.2 356.3 80
2021006732 0.474 453.8 -2.0 499.1 39.6 80
2021006732 0.473 80.9 316.9 289.3 380.0 80
2021006732 0.451 95.3 312.1 304.0 375.9 80
2021006732 0.446 0.5 120.5 7.5 336.6 80
2021006732 0.412 -0.7 1.5 100.2 375.3 80
2021006732 0.408 0.4 7.0 49.6 380.5 80
2021006732 0.400 -0.8 55.1 31.5 372.9 80
2021006732 0.384 -1.2 251.1 149.0 374.1 14
2021006732 0.381 387.9 -2.8 475.7 103.4 80
2021006732 0.352 -1.2 251.1 149.0 374.1 80
2021006732 0.347 150.9 49.4 499.3 353.5 80
2021006732 0.341 102.0 308.1 305.5 375.1 80
2021006732 0.284 387.9 -2.8 475.7 103.4 4
2021006732 0.264 -0.1 15.1 9.8 313.3 80
2021006732 0.242 102.0 308.1 305.5 375.1 11
2021006732 0.241 27.3 11.6 239.6 367.0 80
2021006732 0.218 0.4 43.4 3.5 172.0 80
2021006732 0.217 0.3 2.3 4.8 87.4 80
2021006732 0.206 453.8 -2.0 499.1 39.6 4
2021006732 0.191 474.4 303.0 508.2 372.9 80
2021006732 0.186 282.2 60.0 500.8 370.9 14
2021006732 0.176 285.5 49.5 502.6 375.3 14
2021006732 0.161 215.8 355.1 419.1 376.7 80
2021006732 0.160 211.1 182.8 504.9 358.6 80
2021006732 0.153 41.9 213.4 384.0 354.8 80
2021006732 0.152 363.2 349.4 489.5 375.2 80
2021006732 0.152 303.1 355.8 475.9 379.5 80
2021006732 0.152 450.0 31.4 501.0 96.6 4
2021006732 0.148 -2.9 181.5 289.3 353.7 80
2021006732 0.148 17.9 67.5 391.6 332.4 80
2021006732 0.143 153.7 206.5 473.7 354.6 80
2021006732 0.143 93.8 218.3 417.2 355.0 80
2021006732 0.142 102.0 308.1 305.5 375.1 14
2021006732 0.141 6.8 88.0 207.0 352.8 80
2021006732 0.136 389.2 -4.0 477.7 93.3 4
2021006732 0.135 106.7 133.1 459.4 313.5 80
2021006732 0.132 16.2 118.9 317.8 328.6 80
2021006732 0.131 0.1 10.2 499.0 373.4 14
2021006732 0.129 59.4 131.2 413.0 314.5 80
2021006732 0.127 61.1 89.6 446.7 297.6 80
2021006732 0.127 121.6 97.9 478.7 291.9 80
2021006732 0.127 95.3 312.1 304.0 375.9 11
2021006732 0.124 139.9 147.9 253.5 216.1 80
2021006732 0.123 164.5 199.0 296.7 273.3 80
2021006732 0.122 90.9 165.3 227.8 289.4 80
2021006732 0.121 102.2 169.2 281.7 285.3 80
2021006732 0.120 203.6 214.8 337.1 286.9 80
2021006732 0.119 42.3 165.1 169.7 260.6 80
2021006732 0.118 144.0 133.5 370.7 209.1 80
2021006732 0.117 64.7 114.1 281.3 212.9 80
2021006732 0.115 11.2 142.3 93.3 235.5 80
2021006732 0.114 72.6 150.7 358.6 285.2 80
2021006732 0.113 -45.0 51.3 113.3 121.1 80
2021006732 0.112 108.2 109.9 500.0 207.1 80
2021006732 0.112 138.6 137.7 512.7 279.5 80
2021006732 0.110 170.3 63.6 583.8 219.5 80
2021006732 0.107 -88.1 13.9 365.3 82.3 80
2021006732 0.106 33.4 -2.7 532.3 84.4 80
2021006732 0.106 95.3 312.1 304.0 375.9 14
2021006732 0.106 104.8 21.8 587.4 116.9 80
2021006732 0.704 279.4 267.8 483.4 376.9 80
2021006732 0.701 273.7 188.6 496.5 376.5 80
2021006732 0.683 212.5 33.4 504.8 376.7 80
2021006732 0.679 333.0 18.9 506.8 236.6 80
2021006732 0.678 442.2 30.2 500.4 224.6 80
2021006732 0.676 5.5 2.5 312.4 376.2 80
2021006732 0.675 0.5 247.3 22.7 361.4 80
2021006732 0.673 1.5 15.4 498.5 375.5 14
2021006732 0.668 13.2 255.6 151.2 376.0 80
2021006732 0.664 1.3 20.0 500.3 305.0 80
2021006732 0.663 21.1 10.5 367.1 374.0 80
2021006732 0.662 16.2 8.6 432.5 374.1 80
2021006732 0.661 7.3 248.4 118.3 357.6 80
2021006732 0.659 101.5 23.7 504.5 376.7 80
2021006732 0.658 354.1 0.6 487.7 128.6 80
2021006732 0.658 365.8 17.5 503.8 215.3 80
2021006732 0.654 9.7 287.1 296.3 375.5 80
2021006732 0.651 273.2 63.9 496.6 369.6 80
2021006732 0.647 464.7 342.0 500.3 375.7 80
2021006732 0.644 385.3 2.2 465.9 87.9 80
2021006732 0.643 1.2 252.5 134.8 373.7 80
2021006732 0.641 8.6 260.4 104.2 371.8 80
2021006732 0.631 348.4 54.6 500.1 365.8 80
2021006732 0.617 0.4 265.2 264.8 372.1 80
2021006732 0.616 60.0 323.3 383.1 373.3 80
2021006732 0.614 456.1 38.3 502.2 367.4 80
2021006732 0.614 315.0 39.0 496.4 377.2 80
2021006732 0.597 426.2 13.1 501.0 383.2 80
2021006732 0.596 389.2 -4.0 477.7 93.3 80
2021006732 0.590 451.7 28.8 501.0 97.9 80
2021006732 0.589 1.2 68.0 500.2 374.2 80
2021006732 0.589 1.2 253.3 500.2 377.3 80
2021006732 0.569 450.0 31.4 501.0 96.6 80
2021006732 0.563 74.7 302.7 459.4 378.7 80
2021006732 0.556 -0.1 288.0 498.9 373.8 80
2021006732 0.537 285.5 49.5 502.6 375.3 80
2021006732 0.534 491.9 -0.4 500.9 355.4 80
2021006732 0.519 282.2 60.0 500.8 370.9 80
2021006732 0.509 0.1 10.2 499.0 373.4 80
2021006732 0.477 496.5 169.0 500.2 356.3 80
2021006732 0.474 453.8 -2.0 499.1 39.6 80
2021006732 0.473 80.9 316.9 289.3 380.0 80
2021006732 0.451 95.3 312.1 304.0 375.9 80
2021006732 0.446 0.5 120.5 7.5 336.6 80
2021006732 0.412 -0.7 1.5 100.2 375.3 80
2021006732 0.408 0.4 7.0 49.6 380.5 80
2021006732 0.400 -0.8 55.1 31.5 372.9 80
2021006732 0.384 -1.2 251.1 149.0 374.1 14
2021006732 0.381 387.9 -2.8 475.7 103.4 80
2021006732 0.352 -1.2 251.1 149.0 374.1 80
2021006732 0.347 150.9 49.4 499.3 353.5 80
2021006732 0.341 102.0 308.1 305.5 375.1 80
2021006732 0.284 387.9 -2.8 475.7 103.4 4
2021006732 0.264 -0.1 15.1 9.8 313.3 80
2021006732 0.242 102.0 308.1 305.5 375.1 11
2021006732 0.241 27.3 11.6 239.6 367.0 80
2021006732 0.218 0.4 43.4 3.5 172.0 80
2021006732 0.217 0.3 2.3 4.8 87.4 80
2021006732 0.206 453.8 -2.0 499.1 39.6 4
2021006732 0.191 474.4 303.0 508.2 372.9 80
2021006732 0.186 282.2 60.0 500.8 370.9 14
2021006732 0.176 285.5 49.5 502.6 375.3 14
2021006732 0.161 215.8 355.1 419.1 376.7 80
2021006732 0.160 211.1 182.8 504.9 358.6 80
2021006732 0.153 41.9 213.4 384.0 354.8 80
2021006732 0.152 363.2 349.4 489.5 375.2 80
2021006732 0.152 303.1 355.8 475.9 379.5 80
2021006732 0.152 450.0 31.4 501.0 96.6 4
2021006732 0.148 -2.9 181.5 289.3 353.7 80
2021006732 0.148 17.9 67.5 391.6 332.4 80
2021006732 0.143 153.7 206.5 473.7 354.6 80
2021006732 0.143 93.8 218.3 417.2 355.0 80
2021006732 0.142 102.0 308.1 305.5 375.1 14
2021006732 0.141 6.8 88.0 207.0 352.8 80
2021006732 0.136 389.2 -4.0 477.7 93.3 4
2021006732 0.135 106.7 133.1 459.4 313.5 80
2021006732 0.132 16.2 118.9 317.8 328.6 80
2021006732 0.131 0.1 10.2 499.0 373.4 14
2021006732 0.129 59.4 131.2 413.0 314.5 80
2021006732 0.127 61.1 89.6 446.7 297.6 80
2021006732 0.127 121.6 97.9 478.7 291.9 80
2021006732 0.127 95.3 312.1 304.0 375.9 11
2021006732 0.124 139.9 147.9 253.5 216.1 80
2021006732 0.123 164.5 199.0 296.7 273.3 80
2021006732 0.122 90.9 165.3 227.8 289.4 80
2021006732 0.121 102.2 169.2 281.7 285.3 80
2021006732 0.120 203.6 214.8 337.1 286.9 80
2021006732 0.119 42.3 165.1 169.7 260.6 80
2021006732 0.118 144.0 133.5 370.7 209.1 80
2021006732 0.117 64.7 114.1 281.3 212.9 80
2021006732 0.115 11.2 142.3 93.3 235.5 80
2021006732 0.114 72.6 150.7 358.6 285.2 80
2021006732 0.113 -45.0 51.3 113.3 121.1 80
2021006732 0.112 108.2 109.9 500.0 207.1 80
2021006732 0.112 138.6 137.7 512.7 279.5 80
2021006732 0.110 170.3 63.6 583.8 219.5 80
2021006732 0.107 -88.1 13.9 365.3 82.3 80
2021006732 0.106 33.4 -2.7 532.3 84.4 80
2021006732 0.106 95.3 312.1 304.0 375.9 14
2021006732 0.106 104.8 21.8 587.4 116.9 80
2021006732 0.000 242.0 73.2 372.7 227.7 80
2021006732 0.000 0.9 43.1 103.5 247.8 80
2021006732 0.000 143.7 135.9 210.3 202.4 80
2021006732 0.000 211.4 111.8 275.3 178.0 80
2021006732 0.000 371.0 109.2 486.3 268.7 80
2021006732 0.000 255.8 137.9 317.1 204.5 80
2021006732 0.000 156.6 31.4 304.0 211.6 80
2021006732 0.000 45.5 217.8 107.4 288.9 80
2021006732 0.000 136.3 82.3 207.6 151.5 80
2021006732 0.000 81.5 117.6 146.9 186.5 80
2021006732 0.000 197.9 51.8 272.4 119.8 80
2021006732 0.000 453.6 128.4 499.6 211.2 80
2021006732 0.000 387.8 97.3 461.7 164.2 80
2021006732 0.000 348.6 145.3 411.0 211.1 80
2021006732 0.000 136.9 218.3 201.8 292.7 80
2021006732 0.000 19.5 26.1 206.5 194.8 80
2021006732 0.000 1.5 201.3 48.0 285.0 80
2021006732 0.000 297.9 170.7 359.9 236.2 80
2021006732 0.000 453.4 192.9 499.6 275.6 80
2021006732 0.000 356.3 197.7 415.7 265.7 80
2021006732 0.000 313.5 100.9 376.2 167.7 80
2021006732 0.000 323.9 8.3 496.6 191.8 80
2021006732 0.000 287.5 132.8 485.8 257.7 80
2021006732 0.000 205.6 160.1 267.3 225.4 80
2021006732 0.000 0.9 125.8 102.1 357.9 80
2021006732 0.000 33.3 127.4 166.8 276.8 80
2021006732 0.000 1.0 151.5 47.1 234.6 80
2021006732 0.000 89.9 187.8 149.8 253.9 80
2021006732 0.000 449.0 54.1 499.7 153.4 80
2021006732 0.000 117.9 161.9 233.2 316.5 80
2021006732 0.000 218.0 251.8 286.7 331.9 80
2021006732 0.000 149.3 172.2 210.8 237.6 80
2021006732 0.000 410.1 176.6 474.8 242.3 80
2021006732 0.000 27.0 155.1 94.9 220.9 80
2021006732 0.000 323.9 218.2 384.1 295.1 80
2021006732 0.000 202.7 116.7 319.1 275.9 80
2021006732 0.000 177.6 56.6 471.2 267.4 80
2021006732 0.000 252.3 124.0 366.8 347.9 80
2021006732 0.000 0.5 90.4 51.3 173.8 80
2021006732 0.000 0.7 22.0 51.8 106.0 80
2021006732 0.000 46.4 108.1 284.6 258.9 80
2021006732 0.000 101.1 50.5 245.1 317.1 80
2021006732 0.000 255.5 3.7 329.5 73.3 80
2021006732 0.000 322.9 47.5 406.2 116.3 80
2021006732 0.000 43.3 21.4 383.8 258.4 80
2021006732 0.000 0.6 249.6 58.3 369.8 80
2021006732 0.000 178.6 220.3 238.0 300.5 80
2021006732 0.000 442.7 245.1 499.6 368.5 80
2021006732 0.000 398.6 113.5 499.6 355.5 80
2021006732 0.000 10.6 10.6 491.5 199.6 80
2021006732 0.000 258.6 42.4 428.2 311.1 80
2021006732 0.000 90.0 16.9 408.1 364.6 80
2021006732 0.000 256.1 169.2 365.6 301.9 80
2021006732 0.000 -2.4 5.4 286.1 371.6 80
2021006732 0.000 8.1 89.0 229.6 370.1 80
2021006732 0.000 0.7 22.9 146.6 363.6 80
2021006732 0.000 213.1 6.1 497.0 372.7 80
2021006732 0.000 131.2 78.4 368.1 365.5 80
2021006732 0.000 156.2 201.7 351.1 369.4 80
2021006732 0.000 170.3 106.4 310.3 353.3 80
2021006732 0.000 153.4 21.0 355.4 360.9 80
2021006732 0.000 357.6 18.1 500.9 361.1 80
2021006732 0.000 68.8 68.1 447.4 321.4 80
2021006732 0.000 177.0 8.2 417.9 127.1 80
2021006732 0.000 43.6 254.9 289.5 373.6 80
2021006732 0.000 2.3 68.4 366.1 369.3 80
2021006732 0.000 5.1 279.1 130.5 374.3 80
2021006732 0.000 12.0 183.0 185.2 365.8 80
2021006732 0.000 305.3 180.1 482.3 365.0 80
2021006732 0.000 220.0 199.0 278.3 264.7 80
2021006732 0.000 24.3 146.3 338.1 364.6 80
2021006732 0.000 2.5 1.3 412.8 373.0 80
2021006732 0.000 150.8 131.3 355.6 228.6 80
2021006732 0.000 274.3 86.1 490.6 373.1 80
2021006732 0.000 3.0 228.5 496.0 374.4 80
2021006732 0.000 220.7 257.3 474.7 373.5 80
2021006732 0.000 84.5 1.1 496.2 372.9 80
2021006732 0.000 158.6 67.8 495.0 371.2 80
2021006732 0.000 157.9 150.5 463.3 364.9 80
2021006732 0.000 362.6 245.1 494.3 368.9 80
2021006732 0.000 44.4 60.6 117.3 136.8 80
2021006732 0.000 129.9 101.9 365.9 294.0 80
2021006732 0.000 22.3 43.4 477.5 366.6 80
2021006732 0.000 60.2 142.4 409.5 272.0 80
2021006732 0.000 0.4 100.8 499.0 366.5 80
2021006732 0.000 244.0 202.0 298.7 273.9 80
2021006732 0.000 12.6 94.7 489.8 271.8 80
2021006732 0.000 0.8 0.3 499.7 373.9 80
2021006732 0.000 1.3 18.3 498.9 309.8 80
2021006732 0.000 286.3 250.3 340.8 319.0 80
2021006732 0.000 424.2 6.2 498.9 85.7 80
2021006732 0.000 12.6 94.7 489.8 271.8 0
2021006732 0.000 0.8 0.3 499.7 373.9 7
2021006732 0.000 8.1 89.0 229.6 370.1 14
2021006732 0.000 258.6 42.4 428.2 311.1 14
2021006732 0.000 101.1 50.5 245.1 317.1 14
2021006732 0.000 170.3 106.4 310.3 353.3 14
2021006732 0.000 274.3 86.1 490.6 373.1 14
2021006732 0.000 153.4 21.0 355.4 360.9 14
2021006732 0.000 213.1 6.1 497.0 372.7 14
