2021006973 0.635 136.6 214.7 286.6 333.4 80
2021006973 0.634 468.1 302.6 498.8 333.6 80
2021006973 0.626 30.2 4.1 473.9 248.1 80
2021006973 0.609 44.9 2.2 403.3 327.2 9
2021006973 0.595 45.0 3.6 486.2 325.0 80
2021006973 0.575 303.3 29.6 510.1 243.2 80
2021006973 0.562 296.2 64.8 511.9 239.6 80
2021006973 0.553 296.3 5.7 503.7 249.2 9
2021006973 0.540 284.3 24.4 506.1 243.9 80
2021006973 0.539 119.7 2.5 524.4 269.9 80
2021006973 0.512 26.4 3.2 522.9 207.9 80
2021006973 0.506 43.9 6.4 379.2 318.9 80
2021006973 0.504 495.8 106.0 500.2 219.3 80
2021006973 0.499 1.3 30.0 8.2 104.9 80
2021006973 0.489 497.3 39.6 500.4 129.6 80
2021006973 0.480 232.7 4.5 514.5 234.9 80
2021006973 0.477 1.2 80.1 5.6 147.6 80
2021006973 0.471 38.3 9.8 385.5 318.8 80
2021006973 0.458 496.7 153.4 500.4 283.7 80
2021006973 0.334 498.0 28.7 500.3 189.1 80
2021006973 0.256 498.7 51.8 500.3 271.4 80
2021006973 0.256 296.3 5.7 503.7 249.2 80
2021006973 0.226 0.6 79.6 3.0 214.9 80
2021006973 0.224 0.4 168.1 4.3 304.3 80
2021006973 0.220 498.9 4.9 500.6 29.4 80
2021006973 0.211 418.0 33.4 497.9 323.6 80
2021006973 0.196 -2.5 287.8 23.6 341.0 80
2021006973 0.193 -0.2 46.3 10.6 300.6 80
2021006973 0.188 36.5 29.7 372.4 295.2 80
2021006973 0.183 44.9 2.2 403.3 327.2 80
2021006973 0.178 -0.1 55.5 9.6 181.5 80
2021006973 0.177 -1.3 37.2 23.4 296.6 80
2021006973 0.171 0.6 167.7 28.1 337.1 80
2021006973 0.160 476.4 253.3 507.4 324.5 80
2021006973 0.151 322.3 133.7 507.8 332.3 80
2021006973 0.149 282.1 100.4 501.3 247.7 80
2021006973 0.143 89.3 107.1 409.8 279.3 80
2021006973 0.141 12.5 187.3 185.1 326.4 80
2021006973 0.140 53.0 170.5 306.9 317.3 80
2021006973 0.139 134.0 193.0 373.8 319.9 80
2021006973 0.136 221.3 146.5 485.2 303.8 80
2021006973 0.135 182.7 167.6 443.8 308.0 80
2021006973 0.134 74.6 293.7 198.8 330.3 80
2021006973 0.133 178.4 319.2 316.3 335.7 80
2021006973 0.133 95.2 99.5 364.0 277.0 80
2021006973 0.132 82.4 151.1 332.8 296.9 80
2021006973 0.130 137.6 164.7 361.5 297.8 80
2021006973 0.130 218.4 77.5 504.5 216.4 80
2021006973 0.130 126.5 138.6 308.2 248.9 80
2021006973 0.129 2.7 91.4 102.4 312.5 80
2021006973 0.129 16.7 146.2 263.9 291.1 80
2021006973 0.128 33.7 106.3 303.8 279.4 80
2021006973 0.128 339.4 318.3 455.5 336.3 80
2021006973 0.128 307.9 293.8 424.3 328.8 80
2021006973 0.126 52.8 319.1 166.2 335.2 80
2021006973 0.125 13.1 116.4 197.7 271.0 80
2021006973 0.125 158.4 134.9 401.2 265.0 80
2021006973 0.124 208.2 291.7 321.8 327.3 80
2021006973 0.123 96.8 101.3 342.5 211.1 80
2021006973 0.123 19.0 300.1 100.9 330.6 80
2021006973 0.123 46.6 208.7 93.8 256.8 80
2021006973 0.122 112.5 131.8 318.6 242.1 80
2021006973 0.122 97.8 84.2 376.0 267.3 80
2021006973 0.122 174.3 310.2 295.2 332.6 80
2021006973 0.121 103.1 147.6 222.7 247.7 80
2021006973 0.121 92.9 38.7 570.1 187.0 80
2021006973 0.121 237.3 56.3 612.5 214.5 80
2021006973 0.120 264.7 200.2 401.9 263.2 80
2021006973 0.120 120.3 311.6 228.0 335.3 80
2021006973 0.119 228.4 38.0 559.9 188.4 80
2021006973 0.118 99.0 96.9 263.3 191.0 80
2021006973 0.118 400.9 304.8 493.4 330.1 80
2021006973 0.117 60.9 114.1 229.4 254.4 80
2021006973 0.115 100.4 144.4 294.7 271.6 80
2021006973 0.115 48.6 40.4 541.2 196.6 80
2021006973 0.115 30.1 72.7 461.3 191.5 80
2021006973 0.114 271.3 310.5 380.2 333.4 80
2021006973 0.113 98.1 58.3 570.1 215.6 80
2021006973 0.113 2.4 115.5 219.0 205.0 80
2021006973 0.112 71.6 154.4 179.1 245.3 80
2021006973 0.111 -30.6 13.3 416.9 103.5 80
2021006973 0.109 -4.6 10.3 472.8 96.6 80
2021006973 0.109 287.8 112.1 618.3 224.1 80
2021006973 0.108 17.3 0.4 516.3 12.8 80
2021006973 0.107 41.8 93.9 480.8 216.2 80
2021006973 0.107 87.7 122.2 518.3 236.2 80
2021006973 0.107 -121.8 52.1 268.4 110.0 80
2021006973 0.107 -151.7 13.8 236.3 47.4 80
2021006973 0.106 204.0 30.6 636.9 131.6 80
2021006973 0.106 -80.1 15.2 359.2 76.1 80
2021006973 0.102 -153.7 6.5 341.8 43.1 80
2021006973 0.100 248.9 13.9 693.9 76.3 80
2021006973 0.099 73.1 -5.6 572.1 41.1 80
2021006973 0.097 -138.2 -0.5 360.8 14.7 80
2021006973 0.096 -91.2 -0.7 407.8 17.0 80
2021006973 0.095 -216.1 -0.9 281.6 16.7 80
2021006973 0.095 126.5 -5.6 625.5 27.7 80
2021006973 0.094 207.4 -5.7 706.4 19.8 80
2021006973 0.092 82.8 -0.6 581.8 17.5 80
2021006973 0.091 -184.9 1.8 314.1 22.6 80
2021006973 0.635 136.6 214.7 286.6 333.4 80
2021006973 0.634 468.1 302.6 498.8 333.6 80
2021006973 0.626 30.2 4.1 473.9 248.1 80
2021006973 0.609 44.9 2.2 403.3 327.2 9
2021006973 0.595 45.0 3.6 486.2 325.0 80
2021006973 0.575 303.3 29.6 510.1 243.2 80
2021006973 0.562 296.2 64.8 511.9 239.6 80
2021006973 0.553 296.3 5.7 503.7 249.2 9
2021006973 0.540 284.3 24.4 506.1 243.9 80
2021006973 0.539 119.7 2.5 524.4 269.9 80
2021006973 0.512 26.4 3.2 522.9 207.9 80
2021006973 0.506 43.9 6.4 379.2 318.9 80
2021006973 0.504 495.8 106.0 500.2 219.3 80
2021006973 0.499 1.3 30.0 8.2 104.9 80
2021006973 0.489 497.3 39.6 500.4 129.6 80
2021006973 0.480 232.7 4.5 514.5 234.9 80
2021006973 0.477 1.2 80.1 5.6 147.6 80
2021006973 0.471 38.3 9.8 385.5 318.8 80
2021006973 0.458 496.7 153.4 500.4 283.7 80
2021006973 0.334 498.0 28.7 500.3 189.1 80
2021006973 0.256 498.7 51.8 500.3 271.4 80
2021006973 0.256 296.3 5.7 503.7 249.2 80
2021006973 0.226 0.6 79.6 3.0 214.9 80
2021006973 0.224 0.4 168.1 4.3 304.3 80
2021006973 0.220 498.9 4.9 500.6 29.4 80
2021006973 0.211 418.0 33.4 497.9 323.6 80
2021006973 0.196 -2.5 287.8 23.6 341.0 80
2021006973 0.193 -0.2 46.3 10.6 300.6 80
2021006973 0.188 36.5 29.7 372.4 295.2 80
2021006973 0.183 44.9 2.2 403.3 327.2 80
2021006973 0.178 -0.1 55.5 9.6 181.5 80
2021006973 0.177 -1.3 37.2 23.4 296.6 80
2021006973 0.171 0.6 167.7 28.1 337.1 80
2021006973 0.160 476.4 253.3 507.4 324.5 80
2021006973 0.151 322.3 133.7 507.8 332.3 80
2021006973 0.149 282.1 100.4 501.3 247.7 80
2021006973 0.143 89.3 107.1 409.8 279.3 80
2021006973 0.141 12.5 187.3 185.1 326.4 80
2021006973 0.140 53.0 170.5 306.9 317.3 80
2021006973 0.139 134.0 193.0 373.8 319.9 80
2021006973 0.136 221.3 146.5 485.2 303.8 80
2021006973 0.135 182.7 167.6 443.8 308.0 80
2021006973 0.134 74.6 293.7 198.8 330.3 80
2021006973 0.133 178.4 319.2 316.3 335.7 80
2021006973 0.133 95.2 99.5 364.0 277.0 80
2021006973 0.132 82.4 151.1 332.8 296.9 80
2021006973 0.130 137.6 164.7 361.5 297.8 80
2021006973 0.130 218.4 77.5 504.5 216.4 80
2021006973 0.130 126.5 138.6 308.2 248.9 80
2021006973 0.129 2.7 91.4 102.4 312.5 80
2021006973 0.129 16.7 146.2 263.9 291.1 80
2021006973 0.128 33.7 106.3 303.8 279.4 80
2021006973 0.128 339.4 318.3 455.5 336.3 80
2021006973 0.128 307.9 293.8 424.3 328.8 80
2021006973 0.126 52.8 319.1 166.2 335.2 80
2021006973 0.125 13.1 116.4 197.7 271.0 80
2021006973 0.125 158.4 134.9 401.2 265.0 80
2021006973 0.124 208.2 291.7 321.8 327.3 80
2021006973 0.123 96.8 101.3 342.5 211.1 80
2021006973 0.123 19.0 300.1 100.9 330.6 80
2021006973 0.123 46.6 208.7 93.8 256.8 80
2021006973 0.122 112.5 131.8 318.6 242.1 80
2021006973 0.122 97.8 84.2 376.0 267.3 80
2021006973 0.122 174.3 310.2 295.2 332.6 80
2021006973 0.121 103.1 147.6 222.7 247.7 80
2021006973 0.121 92.9 38.7 570.1 187.0 80
2021006973 0.121 237.3 56.3 612.5 214.5 80
2021006973 0.120 264.7 200.2 401.9 263.2 80
2021006973 0.120 120.3 311.6 228.0 335.3 80
2021006973 0.119 228.4 38.0 559.9 188.4 80
2021006973 0.118 99.0 96.9 263.3 191.0 80
2021006973 0.118 400.9 304.8 493.4 330.1 80
2021006973 0.117 60.9 114.1 229.4 254.4 80
2021006973 0.115 100.4 144.4 294.7 271.6 80
2021006973 0.115 48.6 40.4 541.2 196.6 80
2021006973 0.115 30.1 72.7 461.3 191.5 80
2021006973 0.114 271.3 310.5 380.2 333.4 80
2021006973 0.113 98.1 58.3 570.1 215.6 80
2021006973 0.113 2.4 115.5 219.0 205.0 80
2021006973 0.112 71.6 154.4 179.1 245.3 80
2021006973 0.111 -30.6 13.3 416.9 103.5 80
2021006973 0.109 -4.6 10.3 472.8 96.6 80
2021006973 0.109 287.8 112.1 618.3 224.1 80
2021006973 0.108 17.3 0.4 516.3 12.8 80
2021006973 0.107 41.8 93.9 480.8 216.2 80
2021006973 0.107 87.7 122.2 518.3 236.2 80
2021006973 0.107 -121.8 52.1 268.4 110.0 80
2021006973 0.107 -151.7 13.8 236.3 47.4 80
2021006973 0.106 204.0 30.6 636.9 131.6 80
2021006973 0.106 -80.1 15.2 359.2 76.1 80
2021006973 0.102 -153.7 6.5 341.8 43.1 80
2021006973 0.100 248.9 13.9 693.9 76.3 80
2021006973 0.099 73.1 -5.6 572.1 41.1 80
2021006973 0.097 -138.2 -0.5 360.8 14.7 80
2021006973 0.096 -91.2 -0.7 407.8 17.0 80
2021006973 0.095 -216.1 -0.9 281.6 16.7 80
2021006973 0.095 126.5 -5.6 625.5 27.7 80
2021006973 0.094 207.4 -5.7 706.4 19.8 80
2021006973 0.092 82.8 -0.6 581.8 17.5 80
2021006973 0.091 -184.9 1.8 314.1 22.6 80
2021006973 0.000 0.8 39.6 103.7 219.9 80
2021006973 0.000 245.1 64.6 370.2 203.1 80
2021006973 0.000 203.1 44.4 266.1 106.7 80
2021006973 0.000 256.6 123.7 316.4 182.9 80
2021006973 0.000 372.7 97.3 484.8 238.7 80
2021006973 0.000 45.9 193.6 106.8 256.8 80
2021006973 0.000 83.8 105.7 144.8 167.7 80
2021006973 0.000 133.1 93.5 218.1 194.0 80
2021006973 0.000 390.5 85.7 458.7 145.2 80
2021006973 0.000 453.6 114.4 499.6 187.5 80
2021006973 0.000 213.4 101.7 273.6 161.0 80
2021006973 0.000 141.4 73.2 202.4 136.6 80
2021006973 0.000 22.0 26.3 202.7 174.0 80
2021006973 0.000 325.8 10.5 494.5 170.4 80
2021006973 0.000 1.5 179.1 48.0 253.0 80
2021006973 0.000 162.0 29.1 299.4 188.1 80
2021006973 0.000 349.9 130.4 409.9 189.0 80
2021006973 0.000 219.9 213.4 281.0 299.7 80
2021006973 0.000 90.6 167.7 149.2 226.6 80
2021006973 0.000 314.7 90.6 375.2 149.9 80
2021006973 0.000 357.4 176.8 415.0 236.3 80
2021006973 0.000 32.4 113.1 167.8 245.7 80
2021006973 0.000 1.0 134.7 47.1 208.2 80
2021006973 0.000 453.4 171.3 499.7 244.6 80
2021006973 0.000 0.5 112.0 102.1 317.8 80
2021006973 0.000 449.1 48.2 499.7 136.2 80
2021006973 0.000 259.7 2.5 324.6 65.8 80
2021006973 0.000 137.6 194.1 201.5 258.6 80
2021006973 0.000 298.6 152.6 359.4 210.5 80
2021006973 0.000 28.5 138.6 93.6 196.8 80
2021006973 0.000 255.4 112.1 363.3 309.4 80
2021006973 0.000 119.1 143.0 232.5 281.2 80
2021006973 0.000 149.8 153.7 210.5 211.6 80
2021006973 0.000 293.1 118.3 480.6 230.7 80
2021006973 0.000 325.6 194.5 382.1 262.6 80
2021006973 0.000 0.7 20.0 51.8 94.1 80
2021006973 0.000 219.9 176.7 278.2 235.5 80
2021006973 0.000 48.8 19.0 377.9 228.3 80
2021006973 0.000 410.2 156.8 474.8 215.0 80
2021006973 0.000 205.3 105.0 317.1 249.4 80
2021006973 0.000 0.7 221.7 58.3 328.6 80
2021006973 0.000 180.1 197.3 238.1 264.5 80
2021006973 0.000 177.0 51.2 471.7 236.8 80
2021006973 0.000 49.5 97.5 281.8 229.4 80
2021006973 0.000 325.8 41.4 402.7 103.4 80
2021006973 0.000 101.1 43.9 244.3 277.4 80
2021006973 0.000 0.3 80.7 51.5 154.3 80
2021006973 0.000 206.3 143.0 267.2 201.4 80
2021006973 0.000 442.7 217.4 499.6 327.4 80
2021006973 0.000 15.1 12.8 486.3 174.5 80
2021006973 0.000 398.5 98.9 499.4 315.8 80
2021006973 0.000 1.5 5.5 282.2 329.9 80
2021006973 0.000 94.9 14.0 401.8 325.0 80
2021006973 0.000 262.6 37.4 424.1 278.3 80
2021006973 0.000 189.1 7.3 402.0 120.4 80
2021006973 0.000 1.1 21.4 146.5 322.8 80
2021006973 0.000 212.9 5.7 497.4 331.0 80
2021006973 0.000 160.6 175.5 349.3 326.9 80
2021006973 0.000 159.4 25.0 350.2 316.2 80
2021006973 0.000 357.7 16.7 501.3 319.9 80
2021006973 0.000 11.5 79.9 225.9 328.5 80
2021006973 0.000 280.6 212.4 336.4 294.2 80
2021006973 0.000 171.4 94.0 308.9 314.0 80
2021006973 0.000 132.8 69.1 366.0 324.4 80
2021006973 0.000 257.5 148.1 363.0 272.1 80
2021006973 0.000 5.0 248.1 130.5 332.4 80
2021006973 0.000 306.3 160.5 481.9 323.9 80
2021006973 0.000 54.0 226.7 278.3 330.9 80
2021006973 0.000 11.7 162.6 185.3 324.9 80
2021006973 0.000 3.3 1.2 410.3 331.1 80
2021006973 0.000 8.2 203.4 491.3 331.4 80
2021006973 0.000 4.9 57.7 361.3 327.9 80
2021006973 0.000 223.1 227.9 472.3 331.4 80
2021006973 0.000 72.1 57.1 444.5 284.5 80
2021006973 0.000 34.1 131.1 327.0 322.2 80
2021006973 0.000 85.7 1.0 494.7 331.0 80
2021006973 0.000 278.1 77.3 486.3 331.0 80
2021006973 0.000 162.7 118.0 345.4 204.8 80
2021006973 0.000 244.5 179.3 298.1 242.7 80
2021006973 0.000 168.6 134.4 451.1 322.0 80
2021006973 0.000 362.2 218.2 494.6 327.3 80
2021006973 0.000 44.5 53.9 117.2 121.5 80
2021006973 0.000 160.2 58.7 492.6 329.0 80
2021006973 0.000 134.9 91.5 359.6 260.9 80
2021006973 0.000 67.7 127.2 402.2 241.5 80
2021006973 0.000 22.5 38.2 474.5 321.3 80
2021006973 0.000 0.6 89.3 498.5 323.8 80
2021006973 0.000 0.8 0.8 499.6 332.2 80
2021006973 0.000 17.2 85.3 483.8 240.0 80
2021006973 0.000 2.5 21.1 497.4 273.2 80
2021006973 0.000 424.3 5.6 498.8 76.0 80
2021006973 0.000 17.2 85.3 483.8 240.0 0
2021006973 0.000 262.6 37.4 424.1 278.3 14
2021006973 0.000 171.4 94.0 308.9 314.0 14
2021006973 0.000 101.1 43.9 244.3 277.4 14
2021006973 0.000 159.4 25.0 350.2 316.2 14
2021006973 0.000 11.5 79.9 225.9 328.5 14
2021006973 0.000 278.1 77.3 486.3 331.0 14
2021006973 0.000 132.8 69.1 366.0 324.4 14
2021006973 0.000 154.2 268.6 238.2 328.2 80
