2021004288 0.744 201.2 140.2 394.3 374.5 11
2021004288 0.676 -1.8 155.7 87.9 374.5 80
2021004288 0.676 411.7 6.5 471.3 83.6 80
2021004288 0.672 14.3 3.4 223.6 226.0 80
2021004288 0.665 -1.0 311.3 37.3 374.9 80
2021004288 0.660 326.1 141.6 492.8 375.5 80
2021004288 0.659 188.0 16.4 497.9 275.4 80
2021004288 0.657 46.5 12.9 90.9 92.2 80
2021004288 0.656 25.2 59.5 278.3 369.7 80
2021004288 0.653 142.4 12.0 491.2 328.3 80
2021004288 0.647 -0.0 116.7 232.3 376.3 80
2021004288 0.644 254.8 61.7 492.4 366.2 80
2021004288 0.632 1.8 82.1 152.4 373.1 80
2021004288 0.631 191.6 115.4 493.8 374.6 80
2021004288 0.631 207.9 143.9 492.7 370.5 80
2021004288 0.629 27.4 116.6 354.4 375.6 80
2021004288 0.628 308.3 82.2 494.3 374.2 80
2021004288 0.627 272.1 0.1 497.5 373.9 14
2021004288 0.623 216.8 3.1 492.8 377.1 80
2021004288 0.622 42.0 5.9 501.6 157.0 80
2021004288 0.621 253.2 7.3 489.9 341.5 80
2021004288 0.620 15.4 7.9 366.0 377.3 80
2021004288 0.616 0.6 261.0 18.9 373.8 80
2021004288 0.615 275.0 4.9 499.6 355.9 80
2021004288 0.608 474.8 1.5 499.5 162.0 80
2021004288 0.608 3.7 1.0 190.7 374.9 80
2021004288 0.607 34.4 -0.6 255.4 372.5 80
2021004288 0.604 18.6 1.0 247.5 374.9 14
2021004288 0.599 349.6 4.9 459.3 38.6 80
2021004288 0.598 41.5 10.1 398.0 368.1 80
2021004288 0.597 348.5 129.6 494.9 374.8 80
2021004288 0.597 424.3 20.3 499.2 379.3 80
2021004288 0.590 13.6 81.5 284.0 371.4 80
2021004288 0.589 2.6 58.0 85.6 367.9 80
2021004288 0.584 469.7 3.2 501.9 118.2 80
2021004288 0.584 460.4 -12.8 500.1 358.2 80
2021004288 0.577 462.4 332.5 499.6 378.8 80
2021004288 0.574 10.2 8.7 503.0 301.2 80
2021004288 0.574 10.6 15.0 56.0 164.9 80
2021004288 0.573 6.2 -0.0 279.8 373.9 80
2021004288 0.566 303.5 0.2 495.1 374.2 80
2021004288 0.564 0.5 2.6 99.3 375.0 80
2021004288 0.559 380.3 4.1 494.8 378.1 80
2021004288 0.556 2.8 3.9 498.4 376.4 80
2021004288 0.551 4.5 3.2 76.4 372.5 80
2021004288 0.545 177.2 1.2 504.9 375.2 80
2021004288 0.543 4.9 29.1 245.0 366.8 80
2021004288 0.542 26.1 4.6 233.6 350.4 80
2021004288 0.538 26.9 101.7 404.7 373.4 80
2021004288 0.535 3.6 132.2 499.2 379.3 80
2021004288 0.528 491.3 -11.4 501.5 357.3 80
2021004288 0.527 45.4 96.8 412.3 361.0 80
2021004288 0.517 32.3 56.3 338.6 371.8 80
2021004288 0.509 468.3 0.5 500.0 79.4 80
2021004288 0.507 1.4 94.4 500.1 375.0 80
2021004288 0.493 444.7 143.4 501.0 371.7 80
2021004288 0.487 2.2 7.5 101.3 362.9 80
2021004288 0.486 32.2 254.9 489.1 376.1 80
2021004288 0.462 325.1 1.6 396.5 16.9 80
2021004288 0.461 0.9 0.0 37.6 25.0 80
2021004288 0.455 183.8 146.1 423.0 366.1 80
2021004288 0.454 197.8 0.8 244.4 8.2 80
2021004288 0.432 497.0 117.1 500.3 350.8 80
2021004288 0.415 236.5 0.1 296.4 8.1 80
2021004288 0.409 310.0 -0.1 365.0 7.9 80
2021004288 0.407 5.5 22.9 459.7 307.7 80
2021004288 0.391 298.5 1.6 355.0 11.6 80
2021004288 0.367 192.1 160.3 408.3 322.6 80
2021004288 0.355 0.5 5.1 5.5 69.8 80
2021004288 0.317 178.6 29.8 522.4 373.7 80
2021004288 0.298 0.5 0.7 499.4 374.4 80
2021004288 0.271 0.5 0.7 499.4 374.4 17
2021004288 0.258 -0.3 33.3 4.7 338.6 80
2021004288 0.230 37.1 56.9 466.2 358.6 80
2021004288 0.199 -0.4 38.2 4.3 143.6 80
2021004288 0.183 0.5 0.7 499.4 374.4 14
2021004288 0.183 1.4 94.4 500.1 375.0 17
2021004288 0.181 182.3 191.7 402.5 337.5 80
2021004288 0.179 468.3 0.5 500.0 79.4 19
2021004288 0.167 119.5 359.9 397.3 377.3 80
2021004288 0.166 368.8 326.4 500.0 380.2 80
2021004288 0.166 10.6 15.0 56.0 164.9 8
2021004288 0.163 -31.3 7.8 178.1 111.8 80
2021004288 0.147 179.1 287.5 391.0 378.3 80
2021004288 0.146 -143.9 1.3 354.6 13.0 80
2021004288 0.144 84.2 247.4 358.4 377.1 80
2021004288 0.144 4.0 217.2 302.4 372.1 80
2021004288 0.136 12.2 328.1 109.4 378.3 80
2021004288 0.134 251.6 274.8 317.3 332.3 80
2021004288 0.134 10.2 8.7 503.0 301.2 17
2021004288 0.134 182.8 25.3 579.0 216.0 80
2021004288 0.134 264.0 253.4 333.4 308.3 80
2021004288 0.132 0.5 2.6 99.3 375.0 8
2021004288 0.127 253.0 347.9 392.2 376.4 80
2021004288 0.127 115.0 191.1 402.7 334.8 80
2021004288 0.127 18.6 1.0 247.5 374.9 80
2021004288 0.126 106.0 350.1 244.1 378.1 80
2021004288 0.124 334.0 354.1 454.2 379.7 80
2021004288 0.124 177.2 1.2 504.9 375.2 14
2021004288 0.122 50.3 354.4 160.8 378.3 80
2021004288 0.744 201.2 140.2 394.3 374.5 11
2021004288 0.676 -1.8 155.7 87.9 374.5 80
2021004288 0.676 411.7 6.5 471.3 83.6 80
2021004288 0.672 14.3 3.4 223.6 226.0 80
2021004288 0.665 -1.0 311.3 37.3 374.9 80
2021004288 0.660 326.1 141.6 492.8 375.5 80
2021004288 0.659 188.0 16.4 497.9 275.4 80
2021004288 0.657 46.5 12.9 90.9 92.2 80
2021004288 0.656 25.2 59.5 278.3 369.7 80
2021004288 0.653 142.4 12.0 491.2 328.3 80
2021004288 0.647 -0.0 116.7 232.3 376.3 80
2021004288 0.644 254.8 61.7 492.4 366.2 80
2021004288 0.632 1.8 82.1 152.4 373.1 80
2021004288 0.631 191.6 115.4 493.8 374.6 80
2021004288 0.631 207.9 143.9 492.7 370.5 80
2021004288 0.629 27.4 116.6 354.4 375.6 80
2021004288 0.628 308.3 82.2 494.3 374.2 80
2021004288 0.627 272.1 0.1 497.5 373.9 14
2021004288 0.623 216.8 3.1 492.8 377.1 80
2021004288 0.622 42.0 5.9 501.6 157.0 80
2021004288 0.621 253.2 7.3 489.9 341.5 80
2021004288 0.620 15.4 7.9 366.0 377.3 80
2021004288 0.616 0.6 261.0 18.9 373.8 80
2021004288 0.615 275.0 4.9 499.6 355.9 80
2021004288 0.608 474.8 1.5 499.5 162.0 80
2021004288 0.608 3.7 1.0 190.7 374.9 80
2021004288 0.607 34.4 -0.6 255.4 372.5 80
2021004288 0.604 18.6 1.0 247.5 374.9 14
2021004288 0.599 349.6 4.9 459.3 38.6 80
2021004288 0.598 41.5 10.1 398.0 368.1 80
2021004288 0.597 348.5 129.6 494.9 374.8 80
2021004288 0.597 424.3 20.3 499.2 379.3 80
2021004288 0.590 13.6 81.5 284.0 371.4 80
2021004288 0.589 2.6 58.0 85.6 367.9 80
2021004288 0.584 469.7 3.2 501.9 118.2 80
2021004288 0.584 460.4 -12.8 500.1 358.2 80
2021004288 0.577 462.4 332.5 499.6 378.8 80
2021004288 0.574 10.2 8.7 503.0 301.2 80
2021004288 0.574 10.6 15.0 56.0 164.9 80
2021004288 0.573 6.2 -0.0 279.8 373.9 80
2021004288 0.566 303.5 0.2 495.1 374.2 80
2021004288 0.564 0.5 2.6 99.3 375.0 80
2021004288 0.559 380.3 4.1 494.8 378.1 80
2021004288 0.556 2.8 3.9 498.4 376.4 80
2021004288 0.551 4.5 3.2 76.4 372.5 80
2021004288 0.545 177.2 1.2 504.9 375.2 80
2021004288 0.543 4.9 29.1 245.0 366.8 80
2021004288 0.542 26.1 4.6 233.6 350.4 80
2021004288 0.538 26.9 101.7 404.7 373.4 80
2021004288 0.535 3.6 132.2 499.2 379.3 80
2021004288 0.528 491.3 -11.4 501.5 357.3 80
2021004288 0.527 45.4 96.8 412.3 361.0 80
2021004288 0.517 32.3 56.3 338.6 371.8 80
2021004288 0.509 468.3 0.5 500.0 79.4 80
2021004288 0.507 1.4 94.4 500.1 375.0 80
2021004288 0.493 444.7 143.4 501.0 371.7 80
2021004288 0.487 2.2 7.5 101.3 362.9 80
2021004288 0.486 32.2 254.9 489.1 376.1 80
2021004288 0.462 325.1 1.6 396.5 16.9 80
2021004288 0.461 0.9 0.0 37.6 25.0 80
2021004288 0.455 183.8 146.1 423.0 366.1 80
2021004288 0.454 197.8 0.8 244.4 8.2 80
2021004288 0.432 497.0 117.1 500.3 350.8 80
2021004288 0.415 236.5 0.1 296.4 8.1 80
2021004288 0.409 310.0 -0.1 365.0 7.9 80
2021004288 0.407 5.5 22.9 459.7 307.7 80
2021004288 0.391 298.5 1.6 355.0 11.6 80
2021004288 0.367 192.1 160.3 408.3 322.6 80
2021004288 0.355 0.5 5.1 5.5 69.8 80
2021004288 0.317 178.6 29.8 522.4 373.7 80
2021004288 0.298 0.5 0.7 499.4 374.4 80
2021004288 0.271 0.5 0.7 499.4 374.4 17
2021004288 0.258 -0.3 33.3 4.7 338.6 80
2021004288 0.230 37.1 56.9 466.2 358.6 80
2021004288 0.199 -0.4 38.2 4.3 143.6 80
2021004288 0.183 0.5 0.7 499.4 374.4 14
2021004288 0.183 1.4 94.4 500.1 375.0 17
2021004288 0.181 182.3 191.7 402.5 337.5 80
2021004288 0.179 468.3 0.5 500.0 79.4 19
2021004288 0.167 119.5 359.9 397.3 377.3 80
2021004288 0.166 368.8 326.4 500.0 380.2 80
2021004288 0.166 10.6 15.0 56.0 164.9 8
2021004288 0.163 -31.3 7.8 178.1 111.8 80
2021004288 0.147 179.1 287.5 391.0 378.3 80
2021004288 0.146 -143.9 1.3 354.6 13.0 80
2021004288 0.144 84.2 247.4 358.4 377.1 80
2021004288 0.144 4.0 217.2 302.4 372.1 80
2021004288 0.136 12.2 328.1 109.4 378.3 80
2021004288 0.134 251.6 274.8 317.3 332.3 80
2021004288 0.134 10.2 8.7 503.0 301.2 17
2021004288 0.134 182.8 25.3 579.0 216.0 80
2021004288 0.134 264.0 253.4 333.4 308.3 80
2021004288 0.132 0.5 2.6 99.3 375.0 8
2021004288 0.127 253.0 347.9 392.2 376.4 80
2021004288 0.127 115.0 191.1 402.7 334.8 80
2021004288 0.127 18.6 1.0 247.5 374.9 80
2021004288 0.126 106.0 350.1 244.1 378.1 80
2021004288 0.124 334.0 354.1 454.2 379.7 80
2021004288 0.124 177.2 1.2 504.9 375.2 14
2021004288 0.122 50.3 354.4 160.8 378.3 80
2021004288 0.000 242.0 73.2 372.7 227.7 80
2021004288 0.000 0.9 43.1 103.5 247.8 80
2021004288 0.000 143.7 135.9 210.3 202.4 80
2021004288 0.000 211.4 111.8 275.3 178.0 80
2021004288 0.000 371.0 109.2 486.3 268.7 80
2021004288 0.000 255.8 137.9 317.1 204.5 80
2021004288 0.000 156.6 31.4 304.0 211.6 80
2021004288 0.000 45.5 217.8 107.4 288.9 80
2021004288 0.000 136.3 82.3 207.6 151.5 80
2021004288 0.000 81.5 117.6 146.9 186.5 80
2021004288 0.000 197.9 51.8 272.4 119.8 80
2021004288 0.000 453.6 128.4 499.6 211.2 80
2021004288 0.000 387.8 97.3 461.7 164.2 80
2021004288 0.000 348.6 145.3 411.0 211.1 80
2021004288 0.000 136.9 218.3 201.8 292.7 80
2021004288 0.000 19.5 26.1 206.5 194.8 80
2021004288 0.000 1.5 201.3 48.0 285.0 80
2021004288 0.000 297.9 170.7 359.9 236.2 80
2021004288 0.000 453.4 192.9 499.6 275.6 80
2021004288 0.000 356.3 197.7 415.7 265.7 80
2021004288 0.000 313.5 100.9 376.2 167.7 80
2021004288 0.000 323.9 8.3 496.6 191.8 80
2021004288 0.000 287.5 132.8 485.8 257.7 80
2021004288 0.000 205.6 160.1 267.3 225.4 80
2021004288 0.000 0.9 125.8 102.1 357.9 80
2021004288 0.000 33.3 127.4 166.8 276.8 80
2021004288 0.000 1.0 151.5 47.1 234.6 80
2021004288 0.000 89.9 187.8 149.8 253.9 80
2021004288 0.000 449.0 54.1 499.7 153.4 80
2021004288 0.000 117.9 161.9 233.2 316.5 80
2021004288 0.000 218.0 251.8 286.7 331.9 80
2021004288 0.000 149.3 172.2 210.8 237.6 80
2021004288 0.000 410.1 176.6 474.8 242.3 80
2021004288 0.000 27.0 155.1 94.9 220.9 80
2021004288 0.000 323.9 218.2 384.1 295.1 80
2021004288 0.000 202.7 116.7 319.1 275.9 80
2021004288 0.000 177.6 56.6 471.2 267.4 80
2021004288 0.000 252.3 124.0 366.8 347.9 80
2021004288 0.000 0.5 90.4 51.3 173.8 80
2021004288 0.000 0.7 22.0 51.8 106.0 80
2021004288 0.000 46.4 108.1 284.6 258.9 80
2021004288 0.000 101.1 50.5 245.1 317.1 80
2021004288 0.000 255.5 3.7 329.5 73.3 80
2021004288 0.000 322.9 47.5 406.2 116.3 80
2021004288 0.000 43.3 21.4 383.8 258.4 80
2021004288 0.000 0.6 249.6 58.3 369.8 80
2021004288 0.000 178.6 220.3 238.0 300.5 80
2021004288 0.000 442.7 245.1 499.6 368.5 80
2021004288 0.000 398.6 113.5 499.6 355.5 80
2021004288 0.000 10.6 10.6 491.5 199.6 80
2021004288 0.000 258.6 42.4 428.2 311.1 80
2021004288 0.000 90.0 16.9 408.1 364.6 80
2021004288 0.000 256.1 169.2 365.6 301.9 80
2021004288 0.000 -2.4 5.4 286.1 371.6 80
2021004288 0.000 8.1 89.0 229.6 370.1 80
2021004288 0.000 0.7 22.9 146.6 363.6 80
2021004288 0.000 213.1 6.1 497.0 372.7 80
2021004288 0.000 131.2 78.4 368.1 365.5 80
2021004288 0.000 156.2 201.7 351.1 369.4 80
2021004288 0.000 170.3 106.4 310.3 353.3 80
2021004288 0.000 153.4 21.0 355.4 360.9 80
2021004288 0.000 357.6 18.1 500.9 361.1 80
2021004288 0.000 68.8 68.1 447.4 321.4 80
2021004288 0.000 177.0 8.2 417.9 127.1 80
2021004288 0.000 43.6 254.9 289.5 373.6 80
2021004288 0.000 2.3 68.4 366.1 369.3 80
2021004288 0.000 5.1 279.1 130.5 374.3 80
2021004288 0.000 12.0 183.0 185.2 365.8 80
2021004288 0.000 305.3 180.1 482.3 365.0 80
2021004288 0.000 220.0 199.0 278.3 264.7 80
2021004288 0.000 24.3 146.3 338.1 364.6 80
2021004288 0.000 2.5 1.3 412.8 373.0 80
2021004288 0.000 150.8 131.3 355.6 228.6 80
2021004288 0.000 274.3 86.1 490.6 373.1 80
2021004288 0.000 3.0 228.5 496.0 374.4 80
2021004288 0.000 220.7 257.3 474.7 373.5 80
2021004288 0.000 84.5 1.1 496.2 372.9 80
2021004288 0.000 158.6 67.8 495.0 371.2 80
2021004288 0.000 157.9 150.5 463.3 364.9 80
2021004288 0.000 362.6 245.1 494.3 368.9 80
2021004288 0.000 44.4 60.6 117.3 136.8 80
2021004288 0.000 129.9 101.9 365.9 294.0 80
2021004288 0.000 22.3 43.4 477.5 366.6 80
2021004288 0.000 60.2 142.4 409.5 272.0 80
2021004288 0.000 0.4 100.8 499.0 366.5 80
2021004288 0.000 244.0 202.0 298.7 273.9 80
2021004288 0.000 12.6 94.7 489.8 271.8 80
2021004288 0.000 0.8 0.3 499.7 373.9 80
2021004288 0.000 1.3 18.3 498.9 309.8 80
2021004288 0.000 286.3 250.3 340.8 319.0 80
2021004288 0.000 424.2 6.2 498.9 85.7 80
2021004288 0.000 12.6 94.7 489.8 271.8 0
2021004288 0.000 0.8 0.3 499.7 373.9 7
2021004288 0.000 8.1 89.0 229.6 370.1 14
2021004288 0.000 258.6 42.4 428.2 311.1 14
2021004288 0.000 101.1 50.5 245.1 317.1 14
2021004288 0.000 170.3 106.4 310.3 353.3 14
2021004288 0.000 274.3 86.1 490.6 373.1 14
2021004288 0.000 153.4 21.0 355.4 360.9 14
2021004288 0.000 213.1 6.1 497.0 372.7 14
