2021000000097585 0.738 118.3 230.8 212.4 462.5 80
2021000000097585 0.716 31.0 60.2 95.6 187.5 80
2021000000097585 0.705 118.8 303.4 210.7 457.4 80
2021000000097585 0.703 10.1 285.4 78.3 473.2 80
2021000000097585 0.703 121.9 466.6 199.2 632.1 80
2021000000097585 0.702 443.2 37.4 481.3 101.3 80
2021000000097585 0.702 406.2 122.9 462.4 276.5 80
2021000000097585 0.702 298.2 226.8 352.1 316.4 80
2021000000097585 0.701 398.8 334.1 427.2 394.0 80
2021000000097585 0.701 23.7 196.7 74.5 299.3 80
2021000000097585 0.700 280.1 417.6 340.8 571.3 80
2021000000097585 0.691 275.6 412.9 337.4 568.8 80
2021000000097585 0.691 398.3 465.9 473.7 629.8 80
2021000000097585 0.689 245.4 231.2 350.4 561.3 80
2021000000097585 0.689 128.5 137.0 193.3 266.9 80
2021000000097585 0.685 1.9 517.9 53.7 631.4 80
2021000000097585 0.684 4.2 421.0 60.3 622.8 80
2021000000097585 0.684 9.1 339.1 75.7 472.3 80
2021000000097585 0.681 398.2 114.6 428.4 228.8 80
2021000000097585 0.680 130.9 462.5 195.8 534.4 80
2021000000097585 0.674 235.6 227.9 349.9 402.6 80
2021000000097585 0.673 11.3 342.7 75.4 473.9 80
2021000000097585 0.672 30.6 72.8 88.1 192.3 80
2021000000097585 0.661 239.7 224.5 354.0 573.4 80
2021000000097585 0.652 398.8 346.4 427.8 414.8 80
2021000000097585 0.650 460.3 459.1 479.8 490.3 80
2021000000097585 0.650 415.5 110.0 457.7 240.2 80
2021000000097585 0.645 121.5 462.5 196.4 630.3 80
2021000000097585 0.642 388.8 298.6 483.2 632.5 80
2021000000097585 0.638 454.3 555.4 483.9 637.1 80
2021000000097585 0.634 111.0 293.3 209.4 462.5 80
2021000000097585 0.629 118.5 461.4 199.2 620.0 80
2021000000097585 0.629 403.5 303.9 471.2 467.2 80
2021000000097585 0.624 393.2 483.5 479.8 638.5 80
2021000000097585 0.619 425.0 293.4 452.8 417.8 80
2021000000097585 0.605 411.3 109.4 456.0 156.2 80
2021000000097585 0.593 425.8 80.7 471.5 420.4 80
2021000000097585 0.592 472.9 309.8 480.9 404.4 80
2021000000097585 0.567 252.2 597.0 371.0 639.1 80
2021000000097585 0.566 403.6 333.6 468.6 465.3 80
2021000000097585 0.556 475.2 119.7 481.0 275.7 80
2021000000097585 0.536 34.7 0.9 91.1 33.2 80
2021000000097585 0.518 6.4 165.7 68.4 501.8 80
2021000000097585 0.518 470.5 103.1 480.7 470.1 80
2021000000097585 0.499 396.8 303.5 476.2 465.0 80
2021000000097585 0.498 0.5 139.1 9.8 200.3 80
2021000000097585 0.455 109.2 619.4 405.7 639.6 80
2021000000097585 0.440 1.3 105.9 6.3 170.8 80
2021000000097585 0.418 267.2 277.7 333.4 365.9 80
2021000000097585 0.408 15.9 616.4 466.2 640.2 80
2021000000097585 0.381 419.0 89.7 478.1 685.9 80
2021000000097585 0.359 235.9 226.5 351.7 577.6 15
2021000000097585 0.357 248.3 280.4 337.1 387.2 80
2021000000097585 0.336 272.4 624.4 486.9 641.5 80
2021000000097585 0.318 0.9 45.1 7.2 438.9 80
2021000000097585 0.287 0.6 375.1 4.0 595.6 80
2021000000097585 0.279 235.9 226.5 351.7 577.6 80
2021000000097585 0.265 -0.5 52.0 9.8 190.0 80
2021000000097585 0.248 0.6 187.5 3.2 410.9 80
2021000000097585 0.197 128.4 273.4 175.2 426.8 80
2021000000097585 0.191 19.8 620.6 175.9 642.8 80
2021000000097585 0.181 268.1 82.1 449.4 566.1 80
2021000000097585 0.181 199.4 272.5 297.1 508.4 80
2021000000097585 0.177 6.6 550.6 59.4 646.5 80
2021000000097585 0.174 263.5 516.8 474.1 655.5 80
2021000000097585 0.164 8.5 90.9 107.8 565.9 80
2021000000097585 0.164 88.0 583.3 242.8 650.7 80
2021000000097585 0.158 209.9 574.6 346.3 640.0 80
2021000000097585 0.149 13.0 126.6 94.4 625.1 80
2021000000097585 0.146 0.8 379.2 170.2 636.8 80
2021000000097585 0.139 112.5 403.6 378.0 613.2 80
2021000000097585 0.136 96.8 152.1 383.9 509.3 80
2021000000097585 0.135 279.1 454.9 326.1 558.5 80
2021000000097585 0.133 37.5 295.4 223.8 584.4 80
2021000000097585 0.131 128.1 348.4 362.9 572.3 80
2021000000097585 0.130 110.3 297.7 377.8 533.8 80
2021000000097585 0.130 119.0 358.3 178.0 471.5 80
2021000000097585 0.129 396.8 303.5 476.2 465.0 4
2021000000097585 0.126 111.9 272.1 343.8 517.7 80
2021000000097585 0.124 204.8 355.6 262.0 433.8 80
2021000000097585 0.123 141.0 243.0 196.2 325.9 80
2021000000097585 0.121 188.3 305.1 333.0 486.4 80
2021000000097585 0.121 85.9 221.4 244.0 455.4 80
2021000000097585 0.118 121.9 361.1 182.9 450.1 80
2021000000097585 0.118 403.6 333.6 468.6 465.3 4
2021000000097585 0.117 272.9 229.0 379.4 338.2 80
2021000000097585 0.116 200.0 243.1 325.5 354.5 80
2021000000097585 0.113 12.5 209.0 141.0 332.3 80
2021000000097585 0.112 59.2 322.7 171.4 444.3 80
2021000000097585 0.110 75.9 138.0 435.7 287.1 80
2021000000097585 0.109 -5.5 16.1 400.6 121.6 80
2021000000097585 0.106 293.1 40.9 539.9 184.1 80
2021000000097585 0.106 52.8 10.9 520.2 107.4 80
2021000000097585 0.105 415.5 110.0 457.7 240.2 4
2021000000097585 0.105 -78.7 38.0 338.3 151.3 80
2021000000097585 0.103 73.7 -3.9 552.2 60.8 80
2021000000097585 0.103 5.1 -0.0 483.6 61.2 80
2021000000097585 0.098 403.5 303.9 471.2 467.2 4
2021000000097585 0.096 -32.3 -1.6 88.9 38.7 80
2021000000097585 0.093 -35.3 -4.7 443.7 36.3 80
2021000000097585 0.738 118.3 230.8 212.4 462.5 80
2021000000097585 0.716 31.0 60.2 95.6 187.5 80
2021000000097585 0.705 118.8 303.4 210.7 457.4 80
2021000000097585 0.703 10.1 285.4 78.3 473.2 80
2021000000097585 0.703 121.9 466.6 199.2 632.1 80
2021000000097585 0.702 443.2 37.4 481.3 101.3 80
2021000000097585 0.702 406.2 122.9 462.4 276.5 80
2021000000097585 0.702 298.2 226.8 352.1 316.4 80
2021000000097585 0.701 398.8 334.1 427.2 394.0 80
2021000000097585 0.701 23.7 196.7 74.5 299.3 80
2021000000097585 0.700 280.1 417.6 340.8 571.3 80
2021000000097585 0.691 275.6 412.9 337.4 568.8 80
2021000000097585 0.691 398.3 465.9 473.7 629.8 80
2021000000097585 0.689 245.4 231.2 350.4 561.3 80
2021000000097585 0.689 128.5 137.0 193.3 266.9 80
2021000000097585 0.685 1.9 517.9 53.7 631.4 80
2021000000097585 0.684 4.2 421.0 60.3 622.8 80
2021000000097585 0.684 9.1 339.1 75.7 472.3 80
2021000000097585 0.681 398.2 114.6 428.4 228.8 80
2021000000097585 0.680 130.9 462.5 195.8 534.4 80
2021000000097585 0.674 235.6 227.9 349.9 402.6 80
2021000000097585 0.673 11.3 342.7 75.4 473.9 80
2021000000097585 0.672 30.6 72.8 88.1 192.3 80
2021000000097585 0.661 239.7 224.5 354.0 573.4 80
2021000000097585 0.652 398.8 346.4 427.8 414.8 80
2021000000097585 0.650 460.3 459.1 479.8 490.3 80
2021000000097585 0.650 415.5 110.0 457.7 240.2 80
2021000000097585 0.645 121.5 462.5 196.4 630.3 80
2021000000097585 0.642 388.8 298.6 483.2 632.5 80
2021000000097585 0.638 454.3 555.4 483.9 637.1 80
2021000000097585 0.634 111.0 293.3 209.4 462.5 80
2021000000097585 0.629 118.5 461.4 199.2 620.0 80
2021000000097585 0.629 403.5 303.9 471.2 467.2 80
2021000000097585 0.624 393.2 483.5 479.8 638.5 80
2021000000097585 0.619 425.0 293.4 452.8 417.8 80
2021000000097585 0.605 411.3 109.4 456.0 156.2 80
2021000000097585 0.593 425.8 80.7 471.5 420.4 80
2021000000097585 0.592 472.9 309.8 480.9 404.4 80
2021000000097585 0.567 252.2 597.0 371.0 639.1 80
2021000000097585 0.566 403.6 333.6 468.6 465.3 80
2021000000097585 0.556 475.2 119.7 481.0 275.7 80
2021000000097585 0.536 34.7 0.9 91.1 33.2 80
2021000000097585 0.518 6.4 165.7 68.4 501.8 80
2021000000097585 0.518 470.5 103.1 480.7 470.1 80
2021000000097585 0.499 396.8 303.5 476.2 465.0 80
2021000000097585 0.498 0.5 139.1 9.8 200.3 80
2021000000097585 0.455 109.2 619.4 405.7 639.6 80
2021000000097585 0.440 1.3 105.9 6.3 170.8 80
2021000000097585 0.418 267.2 277.7 333.4 365.9 80
2021000000097585 0.408 15.9 616.4 466.2 640.2 80
2021000000097585 0.381 419.0 89.7 478.1 685.9 80
2021000000097585 0.359 235.9 226.5 351.7 577.6 15
2021000000097585 0.357 248.3 280.4 337.1 387.2 80
2021000000097585 0.336 272.4 624.4 486.9 641.5 80
2021000000097585 0.318 0.9 45.1 7.2 438.9 80
2021000000097585 0.287 0.6 375.1 4.0 595.6 80
2021000000097585 0.279 235.9 226.5 351.7 577.6 80
2021000000097585 0.265 -0.5 52.0 9.8 190.0 80
2021000000097585 0.248 0.6 187.5 3.2 410.9 80
2021000000097585 0.197 128.4 273.4 175.2 426.8 80
2021000000097585 0.191 19.8 620.6 175.9 642.8 80
2021000000097585 0.181 268.1 82.1 449.4 566.1 80
2021000000097585 0.181 199.4 272.5 297.1 508.4 80
2021000000097585 0.177 6.6 550.6 59.4 646.5 80
2021000000097585 0.174 263.5 516.8 474.1 655.5 80
2021000000097585 0.164 8.5 90.9 107.8 565.9 80
2021000000097585 0.164 88.0 583.3 242.8 650.7 80
2021000000097585 0.158 209.9 574.6 346.3 640.0 80
2021000000097585 0.149 13.0 126.6 94.4 625.1 80
2021000000097585 0.146 0.8 379.2 170.2 636.8 80
2021000000097585 0.139 112.5 403.6 378.0 613.2 80
2021000000097585 0.136 96.8 152.1 383.9 509.3 80
2021000000097585 0.135 279.1 454.9 326.1 558.5 80
2021000000097585 0.133 37.5 295.4 223.8 584.4 80
2021000000097585 0.131 128.1 348.4 362.9 572.3 80
2021000000097585 0.130 110.3 297.7 377.8 533.8 80
2021000000097585 0.130 119.0 358.3 178.0 471.5 80
2021000000097585 0.129 396.8 303.5 476.2 465.0 4
2021000000097585 0.126 111.9 272.1 343.8 517.7 80
2021000000097585 0.124 204.8 355.6 262.0 433.8 80
2021000000097585 0.123 141.0 243.0 196.2 325.9 80
2021000000097585 0.121 188.3 305.1 333.0 486.4 80
2021000000097585 0.121 85.9 221.4 244.0 455.4 80
2021000000097585 0.118 121.9 361.1 182.9 450.1 80
2021000000097585 0.118 403.6 333.6 468.6 465.3 4
2021000000097585 0.117 272.9 229.0 379.4 338.2 80
2021000000097585 0.116 200.0 243.1 325.5 354.5 80
2021000000097585 0.113 12.5 209.0 141.0 332.3 80
2021000000097585 0.112 59.2 322.7 171.4 444.3 80
2021000000097585 0.110 75.9 138.0 435.7 287.1 80
2021000000097585 0.109 -5.5 16.1 400.6 121.6 80
2021000000097585 0.106 293.1 40.9 539.9 184.1 80
2021000000097585 0.106 52.8 10.9 520.2 107.4 80
2021000000097585 0.105 415.5 110.0 457.7 240.2 4
2021000000097585 0.105 -78.7 38.0 338.3 151.3 80
2021000000097585 0.103 73.7 -3.9 552.2 60.8 80
2021000000097585 0.103 5.1 -0.0 483.6 61.2 80
2021000000097585 0.098 403.5 303.9 471.2 467.2 4
2021000000097585 0.096 -32.3 -1.6 88.9 38.7 80
2021000000097585 0.093 -35.3 -4.7 443.7 36.3 80
2021000000097585 0.000 350.7 176.3 473.3 445.3 80
2021000000097585 0.000 4.3 217.5 188.6 454.9 80
2021000000097585 0.000 203.8 131.4 398.0 327.8 80
2021000000097585 0.000 132.4 60.2 318.4 321.1 80
2021000000097585 0.000 262.8 240.6 480.3 433.0 80
2021000000097585 0.000 0.5 50.6 98.8 424.7 80
2021000000097585 0.000 432.3 108.5 479.8 249.8 80
2021000000097585 0.000 189.1 276.0 266.3 386.6 80
2021000000097585 0.000 0.5 220.5 98.8 608.4 80
2021000000097585 0.000 0.3 255.7 45.8 399.0 80
2021000000097585 0.000 79.5 322.1 151.2 434.8 80
2021000000097585 0.000 434.9 326.0 479.8 473.2 80
2021000000097585 0.000 435.3 217.9 479.7 361.3 80
2021000000097585 0.000 152.3 90.8 471.8 472.3 80
2021000000097585 0.000 127.8 233.5 212.9 344.4 80
2021000000097585 0.000 386.1 302.3 463.6 414.1 80
2021000000097585 0.000 1.5 343.2 46.1 486.6 80
2021000000097585 0.000 16.8 264.9 100.7 376.1 80
2021000000097585 0.000 132.2 294.3 214.3 404.6 80
2021000000097585 0.000 425.7 426.5 479.0 621.8 80
2021000000097585 0.000 25.1 182.6 292.7 449.0 80
2021000000097585 0.000 232.9 237.9 318.5 347.3 80
2021000000097585 0.000 274.7 294.9 358.2 404.2 80
2021000000097585 0.000 191.2 191.4 276.9 302.0 80
2021000000097585 0.000 306.6 4.8 485.1 318.3 80
2021000000097585 0.000 322.0 251.8 408.6 360.8 80
2021000000097585 0.000 381.9 200.3 480.3 604.6 80
2021000000097585 0.000 66.5 205.4 154.2 315.1 80
2021000000097585 0.000 333.1 347.2 410.9 457.5 80
2021000000097585 0.000 0.3 35.8 50.1 180.4 80
2021000000097585 0.000 232.0 80.9 431.4 526.2 80
2021000000097585 0.000 10.3 29.0 215.5 314.6 80
2021000000097585 0.000 127.8 239.4 357.9 405.3 80
2021000000097585 0.000 184.2 205.1 323.4 454.7 80
2021000000097585 0.000 266.1 173.3 471.8 628.5 80
2021000000097585 0.000 0.4 151.7 49.3 296.5 80
2021000000097585 0.000 227.1 257.0 379.7 577.2 80
2021000000097585 0.000 100.9 247.0 243.3 528.0 80
2021000000097585 0.000 1.5 3.0 479.4 353.6 80
2021000000097585 0.000 34.8 378.3 113.4 493.3 80
2021000000097585 0.000 287.1 177.6 376.9 286.3 80
2021000000097585 0.000 0.6 429.8 55.5 630.5 80
2021000000097585 0.000 28.2 42.6 382.6 441.4 80
2021000000097585 0.000 181.9 91.2 270.9 201.2 80
2021000000097585 0.000 152.0 213.8 318.5 591.8 80
2021000000097585 0.000 117.1 144.1 365.5 621.4 80
2021000000097585 0.000 -3.7 157.2 234.1 633.1 80
2021000000097585 0.000 363.4 172.5 453.2 282.4 80
2021000000097585 0.000 106.3 170.0 372.2 504.9 80
2021000000097585 0.000 144.7 133.9 487.1 637.9 80
2021000000097585 0.000 75.0 39.6 407.5 612.1 80
2021000000097585 0.000 7.6 247.7 342.2 628.4 80
2021000000097585 0.000 139.5 361.2 343.0 632.3 80
2021000000097585 0.000 70.6 83.2 264.8 522.8 80
2021000000097585 0.000 344.0 33.2 480.6 614.3 80
2021000000097585 0.000 121.4 145.9 210.7 255.2 80
2021000000097585 0.000 140.0 276.4 458.7 629.4 80
2021000000097585 0.000 -1.8 328.8 186.7 631.6 80
2021000000097585 0.000 7.6 421.7 315.3 636.3 80
2021000000097585 0.000 201.1 11.5 481.9 634.8 80
2021000000097585 0.000 283.1 329.3 468.8 628.5 80
2021000000097585 0.000 -2.7 124.9 357.3 634.0 80
2021000000097585 0.000 3.3 479.8 127.7 638.8 80
2021000000097585 0.000 -2.8 12.8 282.7 632.7 80
2021000000097585 0.000 53.6 135.6 441.2 555.4 80
2021000000097585 0.000 127.5 388.8 204.7 496.2 80
2021000000097585 0.000 192.1 447.9 477.6 639.9 80
2021000000097585 0.000 39.0 255.0 414.9 480.3 80
2021000000097585 0.000 345.8 429.2 474.8 632.8 80
2021000000097585 0.000 1.2 388.0 478.8 641.2 80
2021000000097585 0.000 1.0 2.4 400.5 636.3 80
2021000000097585 0.000 -1.9 27.9 141.8 622.7 80
2021000000097585 0.000 124.3 16.9 363.3 624.8 80
2021000000097585 0.000 76.7 2.8 478.1 634.3 80
2021000000097585 0.000 129.0 -3.2 446.2 203.7 80
2021000000097585 0.000 0.2 190.0 479.2 634.4 80
2021000000097585 0.000 15.9 75.8 458.5 642.1 80
2021000000097585 0.000 1.0 38.4 479.5 569.1 80
2021000000097585 0.000 2.3 155.2 479.5 480.8 80
2021000000097585 0.000 213.2 342.8 396.8 499.4 80
2021000000097585 0.000 0.8 0.1 479.8 638.8 80
2021000000097585 0.000 237.4 8.0 325.2 124.1 80
2021000000097585 0.000 199.6 428.7 301.4 545.9 80
2021000000097585 0.000 173.8 393.3 248.2 497.9 80
2021000000097585 0.000 304.4 89.0 397.0 199.4 80
2021000000097585 0.000 408.3 9.0 477.7 146.4 80
2021000000097585 0.000 311.2 386.2 391.0 488.1 80
2021000000097585 0.000 30.7 114.7 125.4 229.8 80
2021000000097585 0.000 0.8 0.1 479.8 638.8 14
2021000000097585 0.000 146.6 506.7 225.6 620.5 80
2021000000097585 0.000 0.8 0.1 479.8 638.8 7
2021000000097585 0.000 0.8 0.1 479.8 638.8 11
2021000000097585 0.000 76.7 2.8 478.1 634.3 14
2021000000097585 0.000 75.0 39.6 407.5 612.1 14
2021000000097585 0.000 201.1 11.5 481.9 634.8 14
2021000000097585 0.000 -3.7 157.2 234.1 633.1 14
2021000000097585 0.000 15.9 75.8 458.5 642.1 14
2021000000097585 0.000 1.0 2.4 400.5 636.3 14
2021000000097585 0.000 -2.8 12.8 282.7 632.7 14
2021000000097585 0.000 117.1 144.1 365.5 621.4 14
