2021000000357060 0.793 602.9 372.2 639.8 420.1 80
2021000000357060 0.773 25.0 72.5 619.5 344.0 80
2021000000357060 0.747 579.1 3.0 639.7 58.4 80
2021000000357060 0.747 232.0 177.0 351.1 256.0 80
2021000000357060 0.741 266.8 164.1 339.7 211.2 80
2021000000357060 0.730 231.1 173.6 334.9 249.2 80
2021000000357060 0.720 0.8 243.3 7.8 268.3 80
2021000000357060 0.719 232.9 190.5 277.2 238.4 80
2021000000357060 0.713 541.5 0.8 565.1 11.7 80
2021000000357060 0.707 0.7 264.2 8.1 272.1 80
2021000000357060 0.700 537.1 0.3 633.2 40.6 80
2021000000357060 0.697 539.8 0.7 638.9 74.8 80
2021000000357060 0.685 631.8 70.9 640.4 109.1 80
2021000000357060 0.682 629.0 76.5 641.3 109.4 80
2021000000357060 0.675 230.6 165.7 349.6 251.3 2
2021000000357060 0.655 223.6 151.1 328.6 200.2 80
2021000000357060 0.624 628.6 69.1 640.9 103.2 80
2021000000357060 0.613 630.8 47.0 641.0 435.6 80
2021000000357060 0.405 257.7 212.0 379.9 272.2 80
2021000000357060 0.171 188.7 248.3 289.1 301.1 80
