2021005011 0.651 452.8 202.6 466.9 222.9 80
2021005011 0.643 151.6 187.2 356.5 231.6 80
2021005011 0.637 151.7 195.3 204.2 218.3 80
2021005011 0.624 0.9 206.8 26.1 324.3 80
2021005011 0.622 471.9 311.9 498.8 333.2 80
2021005011 0.619 70.9 185.5 146.4 256.7 80
2021005011 0.611 490.3 197.5 500.1 223.2 80
2021005011 0.611 2.0 234.9 39.0 328.6 80
2021005011 0.605 121.3 194.2 146.1 218.1 80
2021005011 0.604 84.8 183.2 119.3 205.0 80
2021005011 0.600 424.3 205.8 452.3 222.8 80
2021005011 0.577 482.3 198.4 496.3 222.9 80
2021005011 0.563 186.9 186.9 500.7 236.0 80
2021005011 0.560 478.6 197.3 497.5 224.3 80
2021005011 0.560 495.3 241.0 500.1 292.5 80
2021005011 0.556 172.0 196.8 272.6 219.8 80
2021005011 0.552 55.3 198.4 80.1 214.3 80
2021005011 0.551 176.1 200.3 358.4 228.5 80
2021005011 0.550 83.0 176.6 491.7 238.6 80
2021005011 0.547 24.7 207.0 37.5 232.3 80
2021005011 0.547 11.8 199.1 31.7 222.1 80
2021005011 0.546 148.3 179.9 501.5 232.4 80
2021005011 0.544 257.3 206.9 363.5 227.0 80
2021005011 0.531 69.5 180.1 153.0 258.4 18
2021005011 0.529 1.0 197.8 17.2 221.1 80
2021005011 0.525 71.0 181.5 153.1 258.7 80
2021005011 0.524 49.5 200.6 67.0 219.5 80
2021005011 0.520 314.1 205.8 352.2 220.5 80
2021005011 0.509 1.9 189.1 10.0 225.5 80
2021005011 0.486 258.6 208.8 306.7 223.0 80
2021005011 0.480 148.8 187.1 463.5 234.9 80
2021005011 0.474 147.6 198.4 170.1 217.0 80
2021005011 0.474 40.5 205.8 57.2 240.8 80
2021005011 0.474 88.9 181.8 499.1 240.4 80
2021005011 0.472 136.5 198.0 157.9 225.3 80
2021005011 0.462 88.5 186.7 143.9 219.0 80
2021005011 0.458 264.8 206.0 446.3 231.8 80
2021005011 0.444 41.8 205.4 57.8 237.8 80
2021005011 0.435 146.4 202.2 161.8 219.0 80
2021005011 0.432 42.3 205.5 56.8 237.2 80
2021005011 0.431 494.5 256.4 500.3 304.2 80
2021005011 0.419 16.7 156.4 374.6 241.0 80
2021005011 0.415 440.1 198.6 472.7 215.1 80
2021005011 0.396 156.7 188.6 507.5 240.2 80
2021005011 0.388 37.0 153.4 153.0 241.8 80
2021005011 0.344 149.6 186.9 498.3 233.6 80
2021005011 0.336 133.4 189.2 506.5 236.3 80
2021005011 0.312 130.1 189.7 409.9 236.0 80
2021005011 0.304 390.5 226.6 423.8 242.0 80
2021005011 0.290 499.4 85.3 500.2 150.6 80
2021005011 0.239 42.3 205.5 56.8 237.2 14
2021005011 0.224 1.0 45.1 20.7 230.4 80
2021005011 0.222 41.8 205.4 57.8 237.8 14
2021005011 0.220 149.6 186.9 498.3 233.6 18
2021005011 0.215 0.3 1.4 5.1 70.5 80
2021005011 0.195 441.6 225.3 466.6 246.5 80
2021005011 0.167 69.5 180.1 153.0 258.4 80
2021005011 0.166 146.4 202.2 161.8 219.0 5
2021005011 0.160 341.0 321.8 452.4 335.5 80
2021005011 0.154 175.3 322.0 331.4 335.5 80
2021005011 0.148 24.7 207.0 37.5 232.3 14
2021005011 0.147 53.6 110.9 446.5 208.3 80
2021005011 0.146 296.3 288.0 438.1 333.3 80
2021005011 0.145 208.1 199.2 289.6 228.1 80
2021005011 0.145 402.7 233.5 433.1 256.9 80
2021005011 0.145 157.3 196.4 212.0 226.9 80
2021005011 0.145 148.8 187.1 463.5 234.9 18
2021005011 0.144 88.5 186.7 143.9 219.0 18
2021005011 0.144 14.0 280.9 73.3 336.6 80
2021005011 0.142 364.3 225.3 395.4 247.8 80
2021005011 0.141 317.7 187.8 514.8 311.2 80
2021005011 0.139 47.0 207.4 212.2 323.3 80
2021005011 0.138 145.3 279.1 275.0 331.3 80
2021005011 0.135 207.1 286.1 343.6 330.4 80
2021005011 0.135 106.4 206.0 402.5 303.1 80
2021005011 0.133 71.0 181.5 153.1 258.7 18
2021005011 0.131 173.3 313.0 309.0 333.7 80
2021005011 0.130 48.0 318.0 146.9 336.0 80
2021005011 0.130 116.4 316.6 217.4 335.2 80
2021005011 0.130 265.9 315.4 375.1 334.1 80
2021005011 0.129 1.0 197.8 17.2 221.1 14
2021005011 0.129 228.0 195.0 289.4 231.6 80
2021005011 0.129 147.6 198.4 170.1 217.0 5
2021005011 0.128 412.2 305.1 493.5 332.6 80
2021005011 0.127 292.8 209.4 336.5 236.2 80
2021005011 0.126 88.5 186.7 143.9 219.0 5
2021005011 0.124 40.5 205.8 57.2 240.8 14
2021005011 0.124 60.8 193.1 345.9 259.4 80
2021005011 0.123 242.8 176.0 287.4 211.4 80
2021005011 0.121 331.3 228.2 467.4 271.4 80
2021005011 0.116 156.2 124.7 267.7 175.0 80
2021005011 0.115 110.1 123.7 207.6 173.6 80
2021005011 0.113 -35.6 59.7 205.2 124.8 80
2021005011 0.111 -23.1 41.2 286.6 100.5 80
2021005011 0.111 88.9 181.8 499.1 240.4 18
2021005011 0.110 194.2 40.5 518.6 98.3 80
2021005011 0.108 218.5 15.2 598.0 57.4 80
2021005011 0.107 368.5 17.6 589.6 60.8 80
2021005011 0.107 261.6 9.1 633.4 42.0 80
2021005011 0.105 46.9 4.7 542.0 32.2 80
2021005011 0.651 452.8 202.6 466.9 222.9 80
2021005011 0.643 151.6 187.2 356.5 231.6 80
2021005011 0.637 151.7 195.3 204.2 218.3 80
2021005011 0.624 0.9 206.8 26.1 324.3 80
2021005011 0.622 471.9 311.9 498.8 333.2 80
2021005011 0.619 70.9 185.5 146.4 256.7 80
2021005011 0.611 490.3 197.5 500.1 223.2 80
2021005011 0.611 2.0 234.9 39.0 328.6 80
2021005011 0.605 121.3 194.2 146.1 218.1 80
2021005011 0.604 84.8 183.2 119.3 205.0 80
2021005011 0.600 424.3 205.8 452.3 222.8 80
2021005011 0.577 482.3 198.4 496.3 222.9 80
2021005011 0.563 186.9 186.9 500.7 236.0 80
2021005011 0.560 478.6 197.3 497.5 224.3 80
2021005011 0.560 495.3 241.0 500.1 292.5 80
2021005011 0.556 172.0 196.8 272.6 219.8 80
2021005011 0.552 55.3 198.4 80.1 214.3 80
2021005011 0.551 176.1 200.3 358.4 228.5 80
2021005011 0.550 83.0 176.6 491.7 238.6 80
2021005011 0.547 24.7 207.0 37.5 232.3 80
2021005011 0.547 11.8 199.1 31.7 222.1 80
2021005011 0.546 148.3 179.9 501.5 232.4 80
2021005011 0.544 257.3 206.9 363.5 227.0 80
2021005011 0.531 69.5 180.1 153.0 258.4 18
2021005011 0.529 1.0 197.8 17.2 221.1 80
2021005011 0.525 71.0 181.5 153.1 258.7 80
2021005011 0.524 49.5 200.6 67.0 219.5 80
2021005011 0.520 314.1 205.8 352.2 220.5 80
2021005011 0.509 1.9 189.1 10.0 225.5 80
2021005011 0.486 258.6 208.8 306.7 223.0 80
2021005011 0.480 148.8 187.1 463.5 234.9 80
2021005011 0.474 147.6 198.4 170.1 217.0 80
2021005011 0.474 40.5 205.8 57.2 240.8 80
2021005011 0.474 88.9 181.8 499.1 240.4 80
2021005011 0.472 136.5 198.0 157.9 225.3 80
2021005011 0.462 88.5 186.7 143.9 219.0 80
2021005011 0.458 264.8 206.0 446.3 231.8 80
2021005011 0.444 41.8 205.4 57.8 237.8 80
2021005011 0.435 146.4 202.2 161.8 219.0 80
2021005011 0.432 42.3 205.5 56.8 237.2 80
2021005011 0.431 494.5 256.4 500.3 304.2 80
2021005011 0.419 16.7 156.4 374.6 241.0 80
2021005011 0.415 440.1 198.6 472.7 215.1 80
2021005011 0.396 156.7 188.6 507.5 240.2 80
2021005011 0.388 37.0 153.4 153.0 241.8 80
2021005011 0.344 149.6 186.9 498.3 233.6 80
2021005011 0.336 133.4 189.2 506.5 236.3 80
2021005011 0.312 130.1 189.7 409.9 236.0 80
2021005011 0.304 390.5 226.6 423.8 242.0 80
2021005011 0.290 499.4 85.3 500.2 150.6 80
2021005011 0.239 42.3 205.5 56.8 237.2 14
2021005011 0.224 1.0 45.1 20.7 230.4 80
2021005011 0.222 41.8 205.4 57.8 237.8 14
2021005011 0.220 149.6 186.9 498.3 233.6 18
2021005011 0.215 0.3 1.4 5.1 70.5 80
2021005011 0.195 441.6 225.3 466.6 246.5 80
2021005011 0.167 69.5 180.1 153.0 258.4 80
2021005011 0.166 146.4 202.2 161.8 219.0 5
2021005011 0.160 341.0 321.8 452.4 335.5 80
2021005011 0.154 175.3 322.0 331.4 335.5 80
2021005011 0.148 24.7 207.0 37.5 232.3 14
2021005011 0.147 53.6 110.9 446.5 208.3 80
2021005011 0.146 296.3 288.0 438.1 333.3 80
2021005011 0.145 208.1 199.2 289.6 228.1 80
2021005011 0.145 402.7 233.5 433.1 256.9 80
2021005011 0.145 157.3 196.4 212.0 226.9 80
2021005011 0.145 148.8 187.1 463.5 234.9 18
2021005011 0.144 88.5 186.7 143.9 219.0 18
2021005011 0.144 14.0 280.9 73.3 336.6 80
2021005011 0.142 364.3 225.3 395.4 247.8 80
2021005011 0.141 317.7 187.8 514.8 311.2 80
2021005011 0.139 47.0 207.4 212.2 323.3 80
2021005011 0.138 145.3 279.1 275.0 331.3 80
2021005011 0.135 207.1 286.1 343.6 330.4 80
2021005011 0.135 106.4 206.0 402.5 303.1 80
2021005011 0.133 71.0 181.5 153.1 258.7 18
2021005011 0.131 173.3 313.0 309.0 333.7 80
2021005011 0.130 48.0 318.0 146.9 336.0 80
2021005011 0.130 116.4 316.6 217.4 335.2 80
2021005011 0.130 265.9 315.4 375.1 334.1 80
2021005011 0.129 1.0 197.8 17.2 221.1 14
2021005011 0.129 228.0 195.0 289.4 231.6 80
2021005011 0.129 147.6 198.4 170.1 217.0 5
2021005011 0.128 412.2 305.1 493.5 332.6 80
2021005011 0.127 292.8 209.4 336.5 236.2 80
2021005011 0.126 88.5 186.7 143.9 219.0 5
2021005011 0.124 40.5 205.8 57.2 240.8 14
2021005011 0.124 60.8 193.1 345.9 259.4 80
2021005011 0.123 242.8 176.0 287.4 211.4 80
2021005011 0.121 331.3 228.2 467.4 271.4 80
2021005011 0.116 156.2 124.7 267.7 175.0 80
2021005011 0.115 110.1 123.7 207.6 173.6 80
2021005011 0.113 -35.6 59.7 205.2 124.8 80
2021005011 0.111 -23.1 41.2 286.6 100.5 80
2021005011 0.111 88.9 181.8 499.1 240.4 18
2021005011 0.110 194.2 40.5 518.6 98.3 80
2021005011 0.108 218.5 15.2 598.0 57.4 80
2021005011 0.107 368.5 17.6 589.6 60.8 80
2021005011 0.107 261.6 9.1 633.4 42.0 80
2021005011 0.105 46.9 4.7 542.0 32.2 80
2021005011 0.000 0.8 39.6 103.7 219.9 80
2021005011 0.000 245.1 64.6 370.2 203.1 80
2021005011 0.000 203.1 44.4 266.1 106.7 80
2021005011 0.000 256.6 123.7 316.4 182.9 80
2021005011 0.000 372.7 97.3 484.8 238.7 80
2021005011 0.000 45.9 193.6 106.8 256.8 80
2021005011 0.000 83.8 105.7 144.8 167.7 80
2021005011 0.000 133.1 93.5 218.1 194.0 80
2021005011 0.000 390.5 85.7 458.7 145.2 80
2021005011 0.000 453.6 114.4 499.6 187.5 80
2021005011 0.000 213.4 101.7 273.6 161.0 80
2021005011 0.000 141.4 73.2 202.4 136.6 80
2021005011 0.000 22.0 26.3 202.7 174.0 80
2021005011 0.000 325.8 10.5 494.5 170.4 80
2021005011 0.000 1.5 179.1 48.0 253.0 80
2021005011 0.000 162.0 29.1 299.4 188.1 80
2021005011 0.000 349.9 130.4 409.9 189.0 80
2021005011 0.000 219.9 213.4 281.0 299.7 80
2021005011 0.000 90.6 167.7 149.2 226.6 80
2021005011 0.000 314.7 90.6 375.2 149.9 80
2021005011 0.000 357.4 176.8 415.0 236.3 80
2021005011 0.000 32.4 113.1 167.8 245.7 80
2021005011 0.000 1.0 134.7 47.1 208.2 80
2021005011 0.000 453.4 171.3 499.7 244.6 80
2021005011 0.000 0.5 112.0 102.1 317.8 80
2021005011 0.000 449.1 48.2 499.7 136.2 80
2021005011 0.000 259.7 2.5 324.6 65.8 80
2021005011 0.000 137.6 194.1 201.5 258.6 80
2021005011 0.000 298.6 152.6 359.4 210.5 80
2021005011 0.000 28.5 138.6 93.6 196.8 80
2021005011 0.000 255.4 112.1 363.3 309.4 80
2021005011 0.000 119.1 143.0 232.5 281.2 80
2021005011 0.000 149.8 153.7 210.5 211.6 80
2021005011 0.000 293.1 118.3 480.6 230.7 80
2021005011 0.000 325.6 194.5 382.1 262.6 80
2021005011 0.000 0.7 20.0 51.8 94.1 80
2021005011 0.000 219.9 176.7 278.2 235.5 80
2021005011 0.000 48.8 19.0 377.9 228.3 80
2021005011 0.000 410.2 156.8 474.8 215.0 80
2021005011 0.000 205.3 105.0 317.1 249.4 80
2021005011 0.000 0.7 221.7 58.3 328.6 80
2021005011 0.000 180.1 197.3 238.1 264.5 80
2021005011 0.000 177.0 51.2 471.7 236.8 80
2021005011 0.000 49.5 97.5 281.8 229.4 80
2021005011 0.000 325.8 41.4 402.7 103.4 80
2021005011 0.000 101.1 43.9 244.3 277.4 80
2021005011 0.000 0.3 80.7 51.5 154.3 80
2021005011 0.000 206.3 143.0 267.2 201.4 80
2021005011 0.000 442.7 217.4 499.6 327.4 80
2021005011 0.000 15.1 12.8 486.3 174.5 80
2021005011 0.000 398.5 98.9 499.4 315.8 80
2021005011 0.000 1.5 5.5 282.2 329.9 80
2021005011 0.000 94.9 14.0 401.8 325.0 80
2021005011 0.000 262.6 37.4 424.1 278.3 80
2021005011 0.000 189.1 7.3 402.0 120.4 80
2021005011 0.000 1.1 21.4 146.5 322.8 80
2021005011 0.000 212.9 5.7 497.4 331.0 80
2021005011 0.000 160.6 175.5 349.3 326.9 80
2021005011 0.000 159.4 25.0 350.2 316.2 80
2021005011 0.000 357.7 16.7 501.3 319.9 80
2021005011 0.000 11.5 79.9 225.9 328.5 80
2021005011 0.000 280.6 212.4 336.4 294.2 80
2021005011 0.000 171.4 94.0 308.9 314.0 80
2021005011 0.000 132.8 69.1 366.0 324.4 80
2021005011 0.000 257.5 148.1 363.0 272.1 80
2021005011 0.000 5.0 248.1 130.5 332.4 80
2021005011 0.000 306.3 160.5 481.9 323.9 80
2021005011 0.000 54.0 226.7 278.3 330.9 80
2021005011 0.000 11.7 162.6 185.3 324.9 80
2021005011 0.000 3.3 1.2 410.3 331.1 80
2021005011 0.000 8.2 203.4 491.3 331.4 80
2021005011 0.000 4.9 57.7 361.3 327.9 80
2021005011 0.000 223.1 227.9 472.3 331.4 80
2021005011 0.000 72.1 57.1 444.5 284.5 80
2021005011 0.000 34.1 131.1 327.0 322.2 80
2021005011 0.000 85.7 1.0 494.7 331.0 80
2021005011 0.000 278.1 77.3 486.3 331.0 80
2021005011 0.000 162.7 118.0 345.4 204.8 80
2021005011 0.000 244.5 179.3 298.1 242.7 80
2021005011 0.000 168.6 134.4 451.1 322.0 80
2021005011 0.000 362.2 218.2 494.6 327.3 80
2021005011 0.000 44.5 53.9 117.2 121.5 80
2021005011 0.000 160.2 58.7 492.6 329.0 80
2021005011 0.000 134.9 91.5 359.6 260.9 80
2021005011 0.000 67.7 127.2 402.2 241.5 80
2021005011 0.000 22.5 38.2 474.5 321.3 80
2021005011 0.000 0.6 89.3 498.5 323.8 80
2021005011 0.000 0.8 0.8 499.6 332.2 80
2021005011 0.000 17.2 85.3 483.8 240.0 80
2021005011 0.000 2.5 21.1 497.4 273.2 80
2021005011 0.000 424.3 5.6 498.8 76.0 80
2021005011 0.000 17.2 85.3 483.8 240.0 0
2021005011 0.000 262.6 37.4 424.1 278.3 14
2021005011 0.000 171.4 94.0 308.9 314.0 14
2021005011 0.000 101.1 43.9 244.3 277.4 14
2021005011 0.000 159.4 25.0 350.2 316.2 14
2021005011 0.000 11.5 79.9 225.9 328.5 14
2021005011 0.000 278.1 77.3 486.3 331.0 14
2021005011 0.000 132.8 69.1 366.0 324.4 14
2021005011 0.000 154.2 268.6 238.2 328.2 80
