2021000000009448 0.779 134.7 149.7 382.2 637.2 80
2021000000009448 0.774 519.6 586.0 554.5 637.1 80
2021000000009448 0.772 137.8 97.6 381.2 634.6 18
2021000000009448 0.768 1.5 71.7 551.2 614.3 80
2021000000009448 0.768 138.7 106.7 369.6 634.0 80
2021000000009448 0.765 171.6 116.6 375.4 635.2 80
2021000000009448 0.764 166.4 164.7 267.9 381.0 80
2021000000009448 0.761 548.1 337.4 551.4 582.6 80
2021000000009448 0.752 549.1 260.7 551.2 420.6 80
2021000000009448 0.747 126.1 107.7 417.3 418.5 80
2021000000009448 0.743 148.7 186.6 262.4 421.1 80
2021000000009448 0.737 548.6 178.8 551.3 564.9 80
2021000000009448 0.729 486.2 0.7 550.6 12.1 80
2021000000009448 0.721 548.2 -9.7 551.0 139.7 80
2021000000009448 0.683 0.5 129.2 4.8 619.3 80
2021000000009448 0.127 464.3 193.1 574.0 553.1 80
2021000000009448 0.122 158.7 220.3 240.7 296.4 80
2021000000009448 0.121 86.3 268.9 170.1 343.6 80
2021000000009448 0.113 -86.8 627.5 231.2 642.5 80
2021000000009448 0.112 339.5 267.3 422.2 347.9 80
2021000000009448 0.779 134.7 149.7 382.2 637.2 80
2021000000009448 0.774 519.6 586.0 554.5 637.1 80
2021000000009448 0.772 137.8 97.6 381.2 634.6 18
2021000000009448 0.768 1.5 71.7 551.2 614.3 80
2021000000009448 0.768 138.7 106.7 369.6 634.0 80
2021000000009448 0.765 171.6 116.6 375.4 635.2 80
2021000000009448 0.764 166.4 164.7 267.9 381.0 80
2021000000009448 0.761 548.1 337.4 551.4 582.6 80
2021000000009448 0.752 549.1 260.7 551.2 420.6 80
2021000000009448 0.747 126.1 107.7 417.3 418.5 80
2021000000009448 0.743 148.7 186.6 262.4 421.1 80
2021000000009448 0.737 548.6 178.8 551.3 564.9 80
2021000000009448 0.729 486.2 0.7 550.6 12.1 80
2021000000009448 0.721 548.2 -9.7 551.0 139.7 80
2021000000009448 0.683 0.5 129.2 4.8 619.3 80
2021000000009448 0.127 464.3 193.1 574.0 553.1 80
2021000000009448 0.122 158.7 220.3 240.7 296.4 80
2021000000009448 0.121 86.3 268.9 170.1 343.6 80
2021000000009448 0.113 -86.8 627.5 231.2 642.5 80
2021000000009448 0.112 339.5 267.3 422.2 347.9 80
2021000000009448 0.108 264.1 283.6 357.6 387.5 80
2021000000009448 0.107 259.1 419.6 356.5 536.9 80
2021000000009448 0.103 488.6 232.8 567.4 355.3 80
2021000000009448 0.102 309.3 285.4 397.5 381.5 80
2021000000009448 0.101 232.4 476.1 333.1 582.8 80
2021000000009448 0.098 179.8 423.4 279.6 553.7 80
2021000000009448 0.097 119.5 402.8 222.2 531.5 80
2021000000009448 0.096 167.7 367.4 252.9 479.1 80
2021000000009448 0.096 141.7 314.9 226.6 417.5 80
2021000000009448 0.096 291.8 358.3 379.9 464.7 80
2021000000009448 0.095 102.9 357.7 189.7 464.4 80
2021000000009448 0.094 -8.2 1.8 73.3 7.4 80
2021000000009448 0.093 353.9 334.0 443.9 446.5 80
2021000000009448 0.093 384.8 315.4 474.6 433.8 80
2021000000009448 0.092 457.3 259.3 542.1 389.5 80
2021000000009448 0.092 -19.9 309.8 52.5 429.6 80
2021000000009448 0.091 320.7 356.5 423.1 489.3 80
2021000000009448 0.091 423.8 295.0 506.8 408.9 80
2021000000009448 0.090 438.6 324.6 534.3 493.7 80
2021000000009448 0.090 53.1 323.1 135.8 437.7 80
2021000000009448 0.090 378.6 1.3 458.1 5.2 80
2021000000009448 0.088 399.8 359.6 496.8 510.0 80
2021000000009448 0.088 443.8 0.9 520.5 4.1 80
2021000000009448 0.088 -9.2 367.4 76.7 536.5 80
2021000000009448 0.087 408.0 1.3 485.1 4.5 80
2021000000009448 0.087 363.7 389.7 468.3 536.9 80
2021000000009448 0.087 13.0 328.6 92.6 451.8 80
2021000000009448 0.086 139.1 605.2 262.3 640.5 80
2021000000009448 0.086 432.7 145.8 575.8 677.5 80
2021000000009448 0.086 66.9 387.7 165.1 538.9 80
2021000000009448 0.086 295.4 418.5 402.5 562.5 80
2021000000009448 0.081 38.6 1.4 108.8 3.5 80
2021000000009448 0.080 28.3 368.8 121.3 565.0 80
2021000000009448 0.080 -16.5 551.8 61.9 611.1 80
2021000000009448 0.080 298.5 431.0 543.6 645.1 80
2021000000009448 0.079 126.4 585.3 223.5 642.0 80
2021000000009448 0.078 129.0 1.2 197.2 3.2 80
2021000000009448 0.077 -22.6 556.2 44.2 616.0 80
2021000000009448 0.077 435.1 550.9 523.6 613.7 80
2021000000009448 0.077 -3.2 542.2 93.0 608.2 80
2021000000009448 0.075 321.7 400.7 446.2 602.1 80
2021000000009448 0.075 37.3 548.7 146.6 615.0 80
2021000000009448 0.074 112.0 392.5 266.2 638.5 80
2021000000009448 0.074 77.0 543.9 175.0 609.8 80
2021000000009448 0.074 149.7 410.3 343.6 676.2 80
2021000000009448 0.074 385.0 526.6 478.1 595.0 80
2021000000009448 0.073 393.0 315.3 541.2 642.6 80
2021000000009448 0.072 272.0 516.4 376.3 586.6 80
2021000000009448 0.072 308.6 1.0 369.5 2.5 80
2021000000009448 0.071 338.7 506.2 432.9 577.6 80
2021000000009448 0.071 224.3 503.9 325.2 575.2 80
2021000000009448 0.071 235.2 0.6 294.8 1.8 80
2021000000009448 0.069 482.9 0.7 540.7 2.0 80
2021000000009448 0.069 271.6 0.7 328.6 2.0 80
2021000000009448 0.069 302.6 9.2 499.2 73.9 80
2021000000009448 0.068 179.6 6.0 409.0 70.2 80
2021000000009448 0.068 -44.8 9.0 136.1 73.1 80
2021000000009448 0.068 26.5 9.8 196.5 72.8 80
2021000000009448 0.068 368.9 9.7 509.8 70.0 80
2021000000009448 0.068 106.2 8.8 266.4 71.0 80
2021000000009448 0.068 5.2 12.8 150.4 75.8 80
2021000000009448 0.068 139.1 7.3 308.1 69.7 80
2021000000009448 0.068 270.5 7.6 447.6 70.1 80
2021000000009448 0.067 -21.8 12.8 60.6 76.2 80
2021000000009448 0.067 73.1 10.8 215.4 72.2 80
2021000000009448 0.067 176.7 8.2 329.1 69.6 80
2021000000009448 0.066 264.1 15.8 382.4 74.9 80
2021000000009448 0.066 -26.4 39.5 44.6 101.2 80
2021000000009448 0.065 427.5 11.7 503.2 62.3 80
2021000000009448 0.064 219.9 14.6 283.4 62.9 80
2021000000009448 0.063 -2.7 26.0 60.1 75.6 80
2021000000009448 0.063 24.6 16.1 90.6 62.0 80
2021000000009448 0.063 342.9 12.2 412.7 57.9 80
2021000000009448 0.062 92.4 15.5 158.5 59.9 80
2021000000009448 0.062 59.4 15.4 121.3 57.5 80
2021000000009448 0.060 123.5 6.4 181.7 39.3 80
2021000000009448 0.060 256.9 12.4 313.8 46.5 80
2021000000009448 0.059 300.2 11.3 357.4 42.3 80
2021000000009448 0.057 387.0 4.9 443.3 28.3 80
2021000000009448 0.057 73.6 1.6 123.6 4.9 80
2021000000009448 0.779 134.7 149.7 382.2 637.2 80
2021000000009448 0.774 519.6 586.0 554.5 637.1 80
2021000000009448 0.772 137.8 97.6 381.2 634.6 18
2021000000009448 0.768 1.5 71.7 551.2 614.3 80
2021000000009448 0.768 138.7 106.7 369.6 634.0 80
2021000000009448 0.765 171.6 116.6 375.4 635.2 80
2021000000009448 0.764 166.4 164.7 267.9 381.0 80
2021000000009448 0.761 548.1 337.4 551.4 582.6 80
2021000000009448 0.752 549.1 260.7 551.2 420.6 80
2021000000009448 0.747 126.1 107.7 417.3 418.5 80
2021000000009448 0.743 148.7 186.6 262.4 421.1 80
2021000000009448 0.737 548.6 178.8 551.3 564.9 80
2021000000009448 0.729 486.2 0.7 550.6 12.1 80
2021000000009448 0.721 548.2 -9.7 551.0 139.7 80
2021000000009448 0.683 0.5 129.2 4.8 619.3 80
2021000000009448 0.127 464.3 193.1 574.0 553.1 80
2021000000009448 0.122 158.7 220.3 240.7 296.4 80
2021000000009448 0.121 86.3 268.9 170.1 343.6 80
2021000000009448 0.113 -86.8 627.5 231.2 642.5 80
2021000000009448 0.112 339.5 267.3 422.2 347.9 80
2021000000009448 0.108 264.1 283.6 357.6 387.5 80
2021000000009448 0.107 259.1 419.6 356.5 536.9 80
2021000000009448 0.103 488.6 232.8 567.4 355.3 80
2021000000009448 0.102 309.3 285.4 397.5 381.5 80
2021000000009448 0.101 232.4 476.1 333.1 582.8 80
2021000000009448 0.098 179.8 423.4 279.6 553.7 80
2021000000009448 0.097 119.5 402.8 222.2 531.5 80
2021000000009448 0.096 167.7 367.4 252.9 479.1 80
2021000000009448 0.096 141.7 314.9 226.6 417.5 80
2021000000009448 0.096 291.8 358.3 379.9 464.7 80
2021000000009448 0.095 102.9 357.7 189.7 464.4 80
2021000000009448 0.094 -8.2 1.8 73.3 7.4 80
2021000000009448 0.093 353.9 334.0 443.9 446.5 80
2021000000009448 0.093 384.8 315.4 474.6 433.8 80
2021000000009448 0.092 457.3 259.3 542.1 389.5 80
2021000000009448 0.092 -19.9 309.8 52.5 429.6 80
2021000000009448 0.091 320.7 356.5 423.1 489.3 80
2021000000009448 0.091 423.8 295.0 506.8 408.9 80
2021000000009448 0.090 438.6 324.6 534.3 493.7 80
2021000000009448 0.090 53.1 323.1 135.8 437.7 80
2021000000009448 0.090 378.6 1.3 458.1 5.2 80
2021000000009448 0.088 399.8 359.6 496.8 510.0 80
2021000000009448 0.088 443.8 0.9 520.5 4.1 80
2021000000009448 0.088 -9.2 367.4 76.7 536.5 80
2021000000009448 0.087 408.0 1.3 485.1 4.5 80
2021000000009448 0.087 363.7 389.7 468.3 536.9 80
2021000000009448 0.087 13.0 328.6 92.6 451.8 80
2021000000009448 0.086 139.1 605.2 262.3 640.5 80
2021000000009448 0.086 432.7 145.8 575.8 677.5 80
2021000000009448 0.086 66.9 387.7 165.1 538.9 80
2021000000009448 0.086 295.4 418.5 402.5 562.5 80
2021000000009448 0.081 38.6 1.4 108.8 3.5 80
2021000000009448 0.080 28.3 368.8 121.3 565.0 80
2021000000009448 0.080 -16.5 551.8 61.9 611.1 80
2021000000009448 0.080 298.5 431.0 543.6 645.1 80
2021000000009448 0.079 126.4 585.3 223.5 642.0 80
2021000000009448 0.078 129.0 1.2 197.2 3.2 80
2021000000009448 0.077 -22.6 556.2 44.2 616.0 80
2021000000009448 0.077 435.1 550.9 523.6 613.7 80
2021000000009448 0.077 -3.2 542.2 93.0 608.2 80
2021000000009448 0.075 321.7 400.7 446.2 602.1 80
2021000000009448 0.075 37.3 548.7 146.6 615.0 80
2021000000009448 0.074 112.0 392.5 266.2 638.5 80
2021000000009448 0.074 77.0 543.9 175.0 609.8 80
2021000000009448 0.074 149.7 410.3 343.6 676.2 80
2021000000009448 0.074 385.0 526.6 478.1 595.0 80
2021000000009448 0.073 393.0 315.3 541.2 642.6 80
2021000000009448 0.072 272.0 516.4 376.3 586.6 80
2021000000009448 0.072 308.6 1.0 369.5 2.5 80
2021000000009448 0.071 338.7 506.2 432.9 577.6 80
2021000000009448 0.071 224.3 503.9 325.2 575.2 80
2021000000009448 0.071 235.2 0.6 294.8 1.8 80
2021000000009448 0.069 482.9 0.7 540.7 2.0 80
2021000000009448 0.069 271.6 0.7 328.6 2.0 80
2021000000009448 0.069 302.6 9.2 499.2 73.9 80
2021000000009448 0.068 179.6 6.0 409.0 70.2 80
2021000000009448 0.068 -44.8 9.0 136.1 73.1 80
2021000000009448 0.068 26.5 9.8 196.5 72.8 80
2021000000009448 0.068 368.9 9.7 509.8 70.0 80
2021000000009448 0.068 106.2 8.8 266.4 71.0 80
2021000000009448 0.068 5.2 12.8 150.4 75.8 80
2021000000009448 0.068 139.1 7.3 308.1 69.7 80
2021000000009448 0.068 270.5 7.6 447.6 70.1 80
2021000000009448 0.067 -21.8 12.8 60.6 76.2 80
2021000000009448 0.067 73.1 10.8 215.4 72.2 80
2021000000009448 0.067 176.7 8.2 329.1 69.6 80
2021000000009448 0.066 264.1 15.8 382.4 74.9 80
2021000000009448 0.066 -26.4 39.5 44.6 101.2 80
2021000000009448 0.065 427.5 11.7 503.2 62.3 80
2021000000009448 0.064 219.9 14.6 283.4 62.9 80
2021000000009448 0.063 -2.7 26.0 60.1 75.6 80
2021000000009448 0.063 24.6 16.1 90.6 62.0 80
2021000000009448 0.063 342.9 12.2 412.7 57.9 80
2021000000009448 0.062 92.4 15.5 158.5 59.9 80
2021000000009448 0.062 59.4 15.4 121.3 57.5 80
2021000000009448 0.060 123.5 6.4 181.7 39.3 80
2021000000009448 0.060 256.9 12.4 313.8 46.5 80
2021000000009448 0.059 300.2 11.3 357.4 42.3 80
2021000000009448 0.057 387.0 4.9 443.3 28.3 80
2021000000009448 0.057 73.6 1.6 123.6 4.9 80
2021000000009448 0.779 134.7 149.7 382.2 637.2 80
2021000000009448 0.774 519.6 586.0 554.5 637.1 80
2021000000009448 0.772 137.8 97.6 381.2 634.6 18
2021000000009448 0.768 1.5 71.7 551.2 614.3 80
2021000000009448 0.768 138.7 106.7 369.6 634.0 80
2021000000009448 0.765 171.6 116.6 375.4 635.2 80
2021000000009448 0.764 166.4 164.7 267.9 381.0 80
2021000000009448 0.761 548.1 337.4 551.4 582.6 80
2021000000009448 0.752 549.1 260.7 551.2 420.6 80
2021000000009448 0.747 126.1 107.7 417.3 418.5 80
2021000000009448 0.743 148.7 186.6 262.4 421.1 80
2021000000009448 0.737 548.6 178.8 551.3 564.9 80
2021000000009448 0.729 486.2 0.7 550.6 12.1 80
2021000000009448 0.721 548.2 -9.7 551.0 139.7 80
2021000000009448 0.683 0.5 129.2 4.8 619.3 80
2021000000009448 0.127 464.3 193.1 574.0 553.1 80
2021000000009448 0.122 158.7 220.3 240.7 296.4 80
2021000000009448 0.121 86.3 268.9 170.1 343.6 80
2021000000009448 0.113 -86.8 627.5 231.2 642.5 80
2021000000009448 0.112 339.5 267.3 422.2 347.9 80
2021000000009448 0.108 264.1 283.6 357.6 387.5 80
2021000000009448 0.107 259.1 419.6 356.5 536.9 80
2021000000009448 0.103 488.6 232.8 567.4 355.3 80
2021000000009448 0.102 309.3 285.4 397.5 381.5 80
2021000000009448 0.101 232.4 476.1 333.1 582.8 80
2021000000009448 0.098 179.8 423.4 279.6 553.7 80
2021000000009448 0.097 119.5 402.8 222.2 531.5 80
2021000000009448 0.096 167.7 367.4 252.9 479.1 80
2021000000009448 0.096 141.7 314.9 226.6 417.5 80
2021000000009448 0.096 291.8 358.3 379.9 464.7 80
2021000000009448 0.095 102.9 357.7 189.7 464.4 80
2021000000009448 0.094 -8.2 1.8 73.3 7.4 80
2021000000009448 0.093 353.9 334.0 443.9 446.5 80
2021000000009448 0.093 384.8 315.4 474.6 433.8 80
2021000000009448 0.092 457.3 259.3 542.1 389.5 80
2021000000009448 0.092 -19.9 309.8 52.5 429.6 80
2021000000009448 0.091 320.7 356.5 423.1 489.3 80
2021000000009448 0.091 423.8 295.0 506.8 408.9 80
2021000000009448 0.090 438.6 324.6 534.3 493.7 80
2021000000009448 0.090 53.1 323.1 135.8 437.7 80
2021000000009448 0.090 378.6 1.3 458.1 5.2 80
2021000000009448 0.088 399.8 359.6 496.8 510.0 80
2021000000009448 0.088 443.8 0.9 520.5 4.1 80
2021000000009448 0.088 -9.2 367.4 76.7 536.5 80
2021000000009448 0.087 408.0 1.3 485.1 4.5 80
2021000000009448 0.087 363.7 389.7 468.3 536.9 80
2021000000009448 0.087 13.0 328.6 92.6 451.8 80
2021000000009448 0.086 139.1 605.2 262.3 640.5 80
2021000000009448 0.086 432.7 145.8 575.8 677.5 80
2021000000009448 0.086 66.9 387.7 165.1 538.9 80
2021000000009448 0.086 295.4 418.5 402.5 562.5 80
2021000000009448 0.081 38.6 1.4 108.8 3.5 80
2021000000009448 0.080 28.3 368.8 121.3 565.0 80
2021000000009448 0.080 -16.5 551.8 61.9 611.1 80
2021000000009448 0.080 298.5 431.0 543.6 645.1 80
2021000000009448 0.079 126.4 585.3 223.5 642.0 80
2021000000009448 0.078 129.0 1.2 197.2 3.2 80
2021000000009448 0.077 -22.6 556.2 44.2 616.0 80
2021000000009448 0.077 435.1 550.9 523.6 613.7 80
2021000000009448 0.077 -3.2 542.2 93.0 608.2 80
2021000000009448 0.075 321.7 400.7 446.2 602.1 80
2021000000009448 0.075 37.3 548.7 146.6 615.0 80
2021000000009448 0.074 112.0 392.5 266.2 638.5 80
2021000000009448 0.074 77.0 543.9 175.0 609.8 80
2021000000009448 0.074 149.7 410.3 343.6 676.2 80
2021000000009448 0.074 385.0 526.6 478.1 595.0 80
2021000000009448 0.073 393.0 315.3 541.2 642.6 80
2021000000009448 0.072 272.0 516.4 376.3 586.6 80
2021000000009448 0.072 308.6 1.0 369.5 2.5 80
2021000000009448 0.071 338.7 506.2 432.9 577.6 80
2021000000009448 0.071 224.3 503.9 325.2 575.2 80
2021000000009448 0.071 235.2 0.6 294.8 1.8 80
2021000000009448 0.069 482.9 0.7 540.7 2.0 80
2021000000009448 0.069 271.6 0.7 328.6 2.0 80
2021000000009448 0.069 302.6 9.2 499.2 73.9 80
2021000000009448 0.068 179.6 6.0 409.0 70.2 80
2021000000009448 0.068 -44.8 9.0 136.1 73.1 80
2021000000009448 0.068 26.5 9.8 196.5 72.8 80
2021000000009448 0.068 368.9 9.7 509.8 70.0 80
2021000000009448 0.068 106.2 8.8 266.4 71.0 80
2021000000009448 0.068 5.2 12.8 150.4 75.8 80
2021000000009448 0.068 139.1 7.3 308.1 69.7 80
2021000000009448 0.068 270.5 7.6 447.6 70.1 80
2021000000009448 0.067 -21.8 12.8 60.6 76.2 80
2021000000009448 0.067 73.1 10.8 215.4 72.2 80
2021000000009448 0.067 176.7 8.2 329.1 69.6 80
2021000000009448 0.066 264.1 15.8 382.4 74.9 80
2021000000009448 0.066 -26.4 39.5 44.6 101.2 80
2021000000009448 0.065 427.5 11.7 503.2 62.3 80
2021000000009448 0.064 219.9 14.6 283.4 62.9 80
2021000000009448 0.063 -2.7 26.0 60.1 75.6 80
2021000000009448 0.063 24.6 16.1 90.6 62.0 80
2021000000009448 0.063 342.9 12.2 412.7 57.9 80
2021000000009448 0.062 92.4 15.5 158.5 59.9 80
2021000000009448 0.062 59.4 15.4 121.3 57.5 80
2021000000009448 0.060 123.5 6.4 181.7 39.3 80
2021000000009448 0.060 256.9 12.4 313.8 46.5 80
2021000000009448 0.059 300.2 11.3 357.4 42.3 80
2021000000009448 0.057 387.0 4.9 443.3 28.3 80
2021000000009448 0.057 73.6 1.6 123.6 4.9 80
2021000000009448 0.779 134.7 149.7 382.2 637.2 80
2021000000009448 0.774 519.6 586.0 554.5 637.1 80
2021000000009448 0.772 137.8 97.6 381.2 634.6 18
2021000000009448 0.768 1.5 71.7 551.2 614.3 80
2021000000009448 0.768 138.7 106.7 369.6 634.0 80
2021000000009448 0.765 171.6 116.6 375.4 635.2 80
2021000000009448 0.764 166.4 164.7 267.9 381.0 80
2021000000009448 0.761 548.1 337.4 551.4 582.6 80
2021000000009448 0.752 549.1 260.7 551.2 420.6 80
2021000000009448 0.747 126.1 107.7 417.3 418.5 80
2021000000009448 0.743 148.7 186.6 262.4 421.1 80
2021000000009448 0.737 548.6 178.8 551.3 564.9 80
2021000000009448 0.729 486.2 0.7 550.6 12.1 80
2021000000009448 0.721 548.2 -9.7 551.0 139.7 80
2021000000009448 0.683 0.5 129.2 4.8 619.3 80
2021000000009448 0.127 464.3 193.1 574.0 553.1 80
2021000000009448 0.122 158.7 220.3 240.7 296.4 80
2021000000009448 0.121 86.3 268.9 170.1 343.6 80
2021000000009448 0.113 -86.8 627.5 231.2 642.5 80
2021000000009448 0.112 339.5 267.3 422.2 347.9 80
2021000000009448 0.108 264.1 283.6 357.6 387.5 80
2021000000009448 0.107 259.1 419.6 356.5 536.9 80
2021000000009448 0.103 488.6 232.8 567.4 355.3 80
2021000000009448 0.102 309.3 285.4 397.5 381.5 80
2021000000009448 0.101 232.4 476.1 333.1 582.8 80
2021000000009448 0.098 179.8 423.4 279.6 553.7 80
2021000000009448 0.097 119.5 402.8 222.2 531.5 80
2021000000009448 0.096 167.7 367.4 252.9 479.1 80
2021000000009448 0.096 141.7 314.9 226.6 417.5 80
2021000000009448 0.096 291.8 358.3 379.9 464.7 80
2021000000009448 0.095 102.9 357.7 189.7 464.4 80
2021000000009448 0.094 -8.2 1.8 73.3 7.4 80
2021000000009448 0.093 353.9 334.0 443.9 446.5 80
2021000000009448 0.093 384.8 315.4 474.6 433.8 80
2021000000009448 0.092 457.3 259.3 542.1 389.5 80
2021000000009448 0.092 -19.9 309.8 52.5 429.6 80
2021000000009448 0.091 320.7 356.5 423.1 489.3 80
2021000000009448 0.091 423.8 295.0 506.8 408.9 80
2021000000009448 0.090 438.6 324.6 534.3 493.7 80
2021000000009448 0.090 53.1 323.1 135.8 437.7 80
2021000000009448 0.090 378.6 1.3 458.1 5.2 80
2021000000009448 0.088 399.8 359.6 496.8 510.0 80
2021000000009448 0.088 443.8 0.9 520.5 4.1 80
2021000000009448 0.088 -9.2 367.4 76.7 536.5 80
2021000000009448 0.087 408.0 1.3 485.1 4.5 80
2021000000009448 0.087 363.7 389.7 468.3 536.9 80
2021000000009448 0.087 13.0 328.6 92.6 451.8 80
2021000000009448 0.086 139.1 605.2 262.3 640.5 80
2021000000009448 0.086 432.7 145.8 575.8 677.5 80
2021000000009448 0.086 66.9 387.7 165.1 538.9 80
2021000000009448 0.086 295.4 418.5 402.5 562.5 80
2021000000009448 0.081 38.6 1.4 108.8 3.5 80
2021000000009448 0.080 28.3 368.8 121.3 565.0 80
2021000000009448 0.080 -16.5 551.8 61.9 611.1 80
2021000000009448 0.080 298.5 431.0 543.6 645.1 80
2021000000009448 0.079 126.4 585.3 223.5 642.0 80
2021000000009448 0.078 129.0 1.2 197.2 3.2 80
2021000000009448 0.077 -22.6 556.2 44.2 616.0 80
2021000000009448 0.077 435.1 550.9 523.6 613.7 80
2021000000009448 0.077 -3.2 542.2 93.0 608.2 80
2021000000009448 0.075 321.7 400.7 446.2 602.1 80
2021000000009448 0.075 37.3 548.7 146.6 615.0 80
2021000000009448 0.074 112.0 392.5 266.2 638.5 80
2021000000009448 0.074 77.0 543.9 175.0 609.8 80
2021000000009448 0.074 149.7 410.3 343.6 676.2 80
2021000000009448 0.074 385.0 526.6 478.1 595.0 80
2021000000009448 0.073 393.0 315.3 541.2 642.6 80
2021000000009448 0.072 272.0 516.4 376.3 586.6 80
2021000000009448 0.072 308.6 1.0 369.5 2.5 80
2021000000009448 0.071 338.7 506.2 432.9 577.6 80
2021000000009448 0.071 224.3 503.9 325.2 575.2 80
2021000000009448 0.071 235.2 0.6 294.8 1.8 80
2021000000009448 0.069 482.9 0.7 540.7 2.0 80
2021000000009448 0.069 271.6 0.7 328.6 2.0 80
2021000000009448 0.069 302.6 9.2 499.2 73.9 80
2021000000009448 0.068 179.6 6.0 409.0 70.2 80
2021000000009448 0.068 -44.8 9.0 136.1 73.1 80
2021000000009448 0.068 26.5 9.8 196.5 72.8 80
2021000000009448 0.068 368.9 9.7 509.8 70.0 80
2021000000009448 0.068 106.2 8.8 266.4 71.0 80
2021000000009448 0.068 5.2 12.8 150.4 75.8 80
2021000000009448 0.068 139.1 7.3 308.1 69.7 80
2021000000009448 0.068 270.5 7.6 447.6 70.1 80
2021000000009448 0.067 -21.8 12.8 60.6 76.2 80
2021000000009448 0.067 73.1 10.8 215.4 72.2 80
2021000000009448 0.067 176.7 8.2 329.1 69.6 80
2021000000009448 0.066 264.1 15.8 382.4 74.9 80
2021000000009448 0.066 -26.4 39.5 44.6 101.2 80
2021000000009448 0.065 427.5 11.7 503.2 62.3 80
2021000000009448 0.064 219.9 14.6 283.4 62.9 80
2021000000009448 0.063 -2.7 26.0 60.1 75.6 80
2021000000009448 0.063 24.6 16.1 90.6 62.0 80
2021000000009448 0.063 342.9 12.2 412.7 57.9 80
2021000000009448 0.062 92.4 15.5 158.5 59.9 80
2021000000009448 0.062 59.4 15.4 121.3 57.5 80
2021000000009448 0.060 123.5 6.4 181.7 39.3 80
2021000000009448 0.060 256.9 12.4 313.8 46.5 80
2021000000009448 0.059 300.2 11.3 357.4 42.3 80
2021000000009448 0.057 387.0 4.9 443.3 28.3 80
2021000000009448 0.057 73.6 1.6 123.6 4.9 80
2021000000009448 0.779 134.7 149.7 382.2 637.2 80
2021000000009448 0.774 519.6 586.0 554.5 637.1 80
2021000000009448 0.772 137.8 97.6 381.2 634.6 18
2021000000009448 0.768 1.5 71.7 551.2 614.3 80
2021000000009448 0.768 138.7 106.7 369.6 634.0 80
2021000000009448 0.765 171.6 116.6 375.4 635.2 80
2021000000009448 0.764 166.4 164.7 267.9 381.0 80
2021000000009448 0.761 548.1 337.4 551.4 582.6 80
2021000000009448 0.752 549.1 260.7 551.2 420.6 80
2021000000009448 0.747 126.1 107.7 417.3 418.5 80
2021000000009448 0.743 148.7 186.6 262.4 421.1 80
2021000000009448 0.737 548.6 178.8 551.3 564.9 80
2021000000009448 0.729 486.2 0.7 550.6 12.1 80
2021000000009448 0.721 548.2 -9.7 551.0 139.7 80
2021000000009448 0.683 0.5 129.2 4.8 619.3 80
2021000000009448 0.127 464.3 193.1 574.0 553.1 80
2021000000009448 0.122 158.7 220.3 240.7 296.4 80
2021000000009448 0.121 86.3 268.9 170.1 343.6 80
2021000000009448 0.113 -86.8 627.5 231.2 642.5 80
2021000000009448 0.112 339.5 267.3 422.2 347.9 80
2021000000009448 0.108 264.1 283.6 357.6 387.5 80
2021000000009448 0.107 259.1 419.6 356.5 536.9 80
2021000000009448 0.103 488.6 232.8 567.4 355.3 80
2021000000009448 0.102 309.3 285.4 397.5 381.5 80
2021000000009448 0.101 232.4 476.1 333.1 582.8 80
2021000000009448 0.098 179.8 423.4 279.6 553.7 80
2021000000009448 0.097 119.5 402.8 222.2 531.5 80
2021000000009448 0.096 167.7 367.4 252.9 479.1 80
2021000000009448 0.096 141.7 314.9 226.6 417.5 80
2021000000009448 0.096 291.8 358.3 379.9 464.7 80
2021000000009448 0.095 102.9 357.7 189.7 464.4 80
2021000000009448 0.094 -8.2 1.8 73.3 7.4 80
2021000000009448 0.093 353.9 334.0 443.9 446.5 80
2021000000009448 0.093 384.8 315.4 474.6 433.8 80
2021000000009448 0.092 457.3 259.3 542.1 389.5 80
2021000000009448 0.092 -19.9 309.8 52.5 429.6 80
2021000000009448 0.091 320.7 356.5 423.1 489.3 80
2021000000009448 0.091 423.8 295.0 506.8 408.9 80
2021000000009448 0.090 438.6 324.6 534.3 493.7 80
2021000000009448 0.090 53.1 323.1 135.8 437.7 80
2021000000009448 0.090 378.6 1.3 458.1 5.2 80
2021000000009448 0.088 399.8 359.6 496.8 510.0 80
2021000000009448 0.088 443.8 0.9 520.5 4.1 80
2021000000009448 0.088 -9.2 367.4 76.7 536.5 80
2021000000009448 0.087 408.0 1.3 485.1 4.5 80
2021000000009448 0.087 363.7 389.7 468.3 536.9 80
2021000000009448 0.087 13.0 328.6 92.6 451.8 80
2021000000009448 0.086 139.1 605.2 262.3 640.5 80
2021000000009448 0.086 432.7 145.8 575.8 677.5 80
2021000000009448 0.086 66.9 387.7 165.1 538.9 80
2021000000009448 0.086 295.4 418.5 402.5 562.5 80
2021000000009448 0.081 38.6 1.4 108.8 3.5 80
2021000000009448 0.080 28.3 368.8 121.3 565.0 80
2021000000009448 0.080 -16.5 551.8 61.9 611.1 80
2021000000009448 0.080 298.5 431.0 543.6 645.1 80
2021000000009448 0.079 126.4 585.3 223.5 642.0 80
2021000000009448 0.078 129.0 1.2 197.2 3.2 80
2021000000009448 0.077 -22.6 556.2 44.2 616.0 80
2021000000009448 0.077 435.1 550.9 523.6 613.7 80
2021000000009448 0.077 -3.2 542.2 93.0 608.2 80
2021000000009448 0.075 321.7 400.7 446.2 602.1 80
2021000000009448 0.075 37.3 548.7 146.6 615.0 80
2021000000009448 0.074 112.0 392.5 266.2 638.5 80
2021000000009448 0.074 77.0 543.9 175.0 609.8 80
2021000000009448 0.074 149.7 410.3 343.6 676.2 80
2021000000009448 0.074 385.0 526.6 478.1 595.0 80
2021000000009448 0.073 393.0 315.3 541.2 642.6 80
2021000000009448 0.072 272.0 516.4 376.3 586.6 80
2021000000009448 0.072 308.6 1.0 369.5 2.5 80
2021000000009448 0.071 338.7 506.2 432.9 577.6 80
2021000000009448 0.071 224.3 503.9 325.2 575.2 80
2021000000009448 0.071 235.2 0.6 294.8 1.8 80
2021000000009448 0.069 482.9 0.7 540.7 2.0 80
2021000000009448 0.069 271.6 0.7 328.6 2.0 80
2021000000009448 0.069 302.6 9.2 499.2 73.9 80
2021000000009448 0.068 179.6 6.0 409.0 70.2 80
2021000000009448 0.068 -44.8 9.0 136.1 73.1 80
2021000000009448 0.068 26.5 9.8 196.5 72.8 80
2021000000009448 0.068 368.9 9.7 509.8 70.0 80
2021000000009448 0.068 106.2 8.8 266.4 71.0 80
2021000000009448 0.068 5.2 12.8 150.4 75.8 80
2021000000009448 0.068 139.1 7.3 308.1 69.7 80
2021000000009448 0.068 270.5 7.6 447.6 70.1 80
2021000000009448 0.067 -21.8 12.8 60.6 76.2 80
2021000000009448 0.067 73.1 10.8 215.4 72.2 80
2021000000009448 0.067 176.7 8.2 329.1 69.6 80
2021000000009448 0.066 264.1 15.8 382.4 74.9 80
2021000000009448 0.066 -26.4 39.5 44.6 101.2 80
2021000000009448 0.065 427.5 11.7 503.2 62.3 80
2021000000009448 0.064 219.9 14.6 283.4 62.9 80
2021000000009448 0.063 -2.7 26.0 60.1 75.6 80
2021000000009448 0.063 24.6 16.1 90.6 62.0 80
2021000000009448 0.063 342.9 12.2 412.7 57.9 80
2021000000009448 0.062 92.4 15.5 158.5 59.9 80
2021000000009448 0.062 59.4 15.4 121.3 57.5 80
2021000000009448 0.060 123.5 6.4 181.7 39.3 80
2021000000009448 0.060 256.9 12.4 313.8 46.5 80
2021000000009448 0.059 300.2 11.3 357.4 42.3 80
2021000000009448 0.057 387.0 4.9 443.3 28.3 80
2021000000009448 0.057 73.6 1.6 123.6 4.9 80
2021000000009448 0.779 134.7 149.7 382.2 637.2 80
2021000000009448 0.774 519.6 586.0 554.5 637.1 80
2021000000009448 0.772 137.8 97.6 381.2 634.6 18
2021000000009448 0.768 1.5 71.7 551.2 614.3 80
2021000000009448 0.768 138.7 106.7 369.6 634.0 80
2021000000009448 0.765 171.6 116.6 375.4 635.2 80
2021000000009448 0.764 166.4 164.7 267.9 381.0 80
2021000000009448 0.761 548.1 337.4 551.4 582.6 80
2021000000009448 0.752 549.1 260.7 551.2 420.6 80
2021000000009448 0.747 126.1 107.7 417.3 418.5 80
2021000000009448 0.743 148.7 186.6 262.4 421.1 80
2021000000009448 0.737 548.6 178.8 551.3 564.9 80
2021000000009448 0.729 486.2 0.7 550.6 12.1 80
2021000000009448 0.721 548.2 -9.7 551.0 139.7 80
2021000000009448 0.683 0.5 129.2 4.8 619.3 80
2021000000009448 0.127 464.3 193.1 574.0 553.1 80
2021000000009448 0.122 158.7 220.3 240.7 296.4 80
2021000000009448 0.121 86.3 268.9 170.1 343.6 80
2021000000009448 0.113 -86.8 627.5 231.2 642.5 80
2021000000009448 0.112 339.5 267.3 422.2 347.9 80
2021000000009448 0.108 264.1 283.6 357.6 387.5 80
2021000000009448 0.107 259.1 419.6 356.5 536.9 80
2021000000009448 0.103 488.6 232.8 567.4 355.3 80
2021000000009448 0.102 309.3 285.4 397.5 381.5 80
2021000000009448 0.101 232.4 476.1 333.1 582.8 80
2021000000009448 0.098 179.8 423.4 279.6 553.7 80
2021000000009448 0.097 119.5 402.8 222.2 531.5 80
2021000000009448 0.096 167.7 367.4 252.9 479.1 80
2021000000009448 0.096 141.7 314.9 226.6 417.5 80
2021000000009448 0.096 291.8 358.3 379.9 464.7 80
2021000000009448 0.095 102.9 357.7 189.7 464.4 80
2021000000009448 0.094 -8.2 1.8 73.3 7.4 80
2021000000009448 0.093 353.9 334.0 443.9 446.5 80
2021000000009448 0.093 384.8 315.4 474.6 433.8 80
2021000000009448 0.092 457.3 259.3 542.1 389.5 80
2021000000009448 0.092 -19.9 309.8 52.5 429.6 80
2021000000009448 0.091 320.7 356.5 423.1 489.3 80
2021000000009448 0.091 423.8 295.0 506.8 408.9 80
2021000000009448 0.090 438.6 324.6 534.3 493.7 80
2021000000009448 0.090 53.1 323.1 135.8 437.7 80
2021000000009448 0.090 378.6 1.3 458.1 5.2 80
2021000000009448 0.088 399.8 359.6 496.8 510.0 80
2021000000009448 0.088 443.8 0.9 520.5 4.1 80
2021000000009448 0.088 -9.2 367.4 76.7 536.5 80
2021000000009448 0.087 408.0 1.3 485.1 4.5 80
2021000000009448 0.087 363.7 389.7 468.3 536.9 80
2021000000009448 0.087 13.0 328.6 92.6 451.8 80
2021000000009448 0.086 139.1 605.2 262.3 640.5 80
2021000000009448 0.086 432.7 145.8 575.8 677.5 80
2021000000009448 0.086 66.9 387.7 165.1 538.9 80
2021000000009448 0.086 295.4 418.5 402.5 562.5 80
2021000000009448 0.081 38.6 1.4 108.8 3.5 80
2021000000009448 0.080 28.3 368.8 121.3 565.0 80
2021000000009448 0.080 -16.5 551.8 61.9 611.1 80
2021000000009448 0.080 298.5 431.0 543.6 645.1 80
2021000000009448 0.079 126.4 585.3 223.5 642.0 80
2021000000009448 0.078 129.0 1.2 197.2 3.2 80
2021000000009448 0.077 -22.6 556.2 44.2 616.0 80
2021000000009448 0.077 435.1 550.9 523.6 613.7 80
2021000000009448 0.077 -3.2 542.2 93.0 608.2 80
2021000000009448 0.075 321.7 400.7 446.2 602.1 80
2021000000009448 0.075 37.3 548.7 146.6 615.0 80
2021000000009448 0.074 112.0 392.5 266.2 638.5 80
2021000000009448 0.074 77.0 543.9 175.0 609.8 80
2021000000009448 0.074 149.7 410.3 343.6 676.2 80
2021000000009448 0.074 385.0 526.6 478.1 595.0 80
2021000000009448 0.073 393.0 315.3 541.2 642.6 80
2021000000009448 0.072 272.0 516.4 376.3 586.6 80
2021000000009448 0.072 308.6 1.0 369.5 2.5 80
2021000000009448 0.071 338.7 506.2 432.9 577.6 80
2021000000009448 0.071 224.3 503.9 325.2 575.2 80
2021000000009448 0.071 235.2 0.6 294.8 1.8 80
2021000000009448 0.069 482.9 0.7 540.7 2.0 80
2021000000009448 0.069 271.6 0.7 328.6 2.0 80
2021000000009448 0.069 302.6 9.2 499.2 73.9 80
2021000000009448 0.068 179.6 6.0 409.0 70.2 80
2021000000009448 0.068 -44.8 9.0 136.1 73.1 80
2021000000009448 0.068 26.5 9.8 196.5 72.8 80
2021000000009448 0.068 368.9 9.7 509.8 70.0 80
2021000000009448 0.068 106.2 8.8 266.4 71.0 80
2021000000009448 0.068 5.2 12.8 150.4 75.8 80
2021000000009448 0.068 139.1 7.3 308.1 69.7 80
2021000000009448 0.068 270.5 7.6 447.6 70.1 80
2021000000009448 0.067 -21.8 12.8 60.6 76.2 80
2021000000009448 0.067 73.1 10.8 215.4 72.2 80
2021000000009448 0.067 176.7 8.2 329.1 69.6 80
2021000000009448 0.066 264.1 15.8 382.4 74.9 80
2021000000009448 0.066 -26.4 39.5 44.6 101.2 80
2021000000009448 0.065 427.5 11.7 503.2 62.3 80
2021000000009448 0.064 219.9 14.6 283.4 62.9 80
2021000000009448 0.063 -2.7 26.0 60.1 75.6 80
2021000000009448 0.063 24.6 16.1 90.6 62.0 80
2021000000009448 0.063 342.9 12.2 412.7 57.9 80
2021000000009448 0.062 92.4 15.5 158.5 59.9 80
2021000000009448 0.062 59.4 15.4 121.3 57.5 80
2021000000009448 0.060 123.5 6.4 181.7 39.3 80
2021000000009448 0.060 256.9 12.4 313.8 46.5 80
2021000000009448 0.059 300.2 11.3 357.4 42.3 80
2021000000009448 0.057 387.0 4.9 443.3 28.3 80
2021000000009448 0.057 73.6 1.6 123.6 4.9 80
2021000000009448 0.779 134.7 149.7 382.2 637.2 80
2021000000009448 0.774 519.6 586.0 554.5 637.1 80
2021000000009448 0.772 137.8 97.6 381.2 634.6 18
2021000000009448 0.768 1.5 71.7 551.2 614.3 80
2021000000009448 0.768 138.7 106.7 369.6 634.0 80
2021000000009448 0.765 171.6 116.6 375.4 635.2 80
2021000000009448 0.764 166.4 164.7 267.9 381.0 80
2021000000009448 0.761 548.1 337.4 551.4 582.6 80
2021000000009448 0.752 549.1 260.7 551.2 420.6 80
2021000000009448 0.747 126.1 107.7 417.3 418.5 80
2021000000009448 0.743 148.7 186.6 262.4 421.1 80
2021000000009448 0.737 548.6 178.8 551.3 564.9 80
2021000000009448 0.729 486.2 0.7 550.6 12.1 80
2021000000009448 0.721 548.2 -9.7 551.0 139.7 80
2021000000009448 0.683 0.5 129.2 4.8 619.3 80
2021000000009448 0.127 464.3 193.1 574.0 553.1 80
2021000000009448 0.122 158.7 220.3 240.7 296.4 80
2021000000009448 0.121 86.3 268.9 170.1 343.6 80
2021000000009448 0.113 -86.8 627.5 231.2 642.5 80
2021000000009448 0.112 339.5 267.3 422.2 347.9 80
2021000000009448 0.108 264.1 283.6 357.6 387.5 80
2021000000009448 0.107 259.1 419.6 356.5 536.9 80
2021000000009448 0.103 488.6 232.8 567.4 355.3 80
2021000000009448 0.102 309.3 285.4 397.5 381.5 80
2021000000009448 0.101 232.4 476.1 333.1 582.8 80
2021000000009448 0.098 179.8 423.4 279.6 553.7 80
2021000000009448 0.097 119.5 402.8 222.2 531.5 80
2021000000009448 0.096 167.7 367.4 252.9 479.1 80
2021000000009448 0.096 141.7 314.9 226.6 417.5 80
2021000000009448 0.096 291.8 358.3 379.9 464.7 80
2021000000009448 0.095 102.9 357.7 189.7 464.4 80
2021000000009448 0.094 -8.2 1.8 73.3 7.4 80
2021000000009448 0.093 353.9 334.0 443.9 446.5 80
2021000000009448 0.093 384.8 315.4 474.6 433.8 80
2021000000009448 0.092 457.3 259.3 542.1 389.5 80
2021000000009448 0.092 -19.9 309.8 52.5 429.6 80
2021000000009448 0.091 320.7 356.5 423.1 489.3 80
2021000000009448 0.091 423.8 295.0 506.8 408.9 80
2021000000009448 0.090 438.6 324.6 534.3 493.7 80
2021000000009448 0.090 53.1 323.1 135.8 437.7 80
2021000000009448 0.090 378.6 1.3 458.1 5.2 80
2021000000009448 0.088 399.8 359.6 496.8 510.0 80
2021000000009448 0.088 443.8 0.9 520.5 4.1 80
2021000000009448 0.088 -9.2 367.4 76.7 536.5 80
2021000000009448 0.087 408.0 1.3 485.1 4.5 80
2021000000009448 0.087 363.7 389.7 468.3 536.9 80
2021000000009448 0.087 13.0 328.6 92.6 451.8 80
2021000000009448 0.086 139.1 605.2 262.3 640.5 80
2021000000009448 0.086 432.7 145.8 575.8 677.5 80
2021000000009448 0.086 66.9 387.7 165.1 538.9 80
2021000000009448 0.086 295.4 418.5 402.5 562.5 80
2021000000009448 0.081 38.6 1.4 108.8 3.5 80
2021000000009448 0.080 28.3 368.8 121.3 565.0 80
2021000000009448 0.080 -16.5 551.8 61.9 611.1 80
2021000000009448 0.080 298.5 431.0 543.6 645.1 80
2021000000009448 0.079 126.4 585.3 223.5 642.0 80
2021000000009448 0.078 129.0 1.2 197.2 3.2 80
2021000000009448 0.077 -22.6 556.2 44.2 616.0 80
2021000000009448 0.077 435.1 550.9 523.6 613.7 80
2021000000009448 0.077 -3.2 542.2 93.0 608.2 80
2021000000009448 0.075 321.7 400.7 446.2 602.1 80
2021000000009448 0.075 37.3 548.7 146.6 615.0 80
2021000000009448 0.074 112.0 392.5 266.2 638.5 80
2021000000009448 0.074 77.0 543.9 175.0 609.8 80
2021000000009448 0.074 149.7 410.3 343.6 676.2 80
2021000000009448 0.074 385.0 526.6 478.1 595.0 80
2021000000009448 0.073 393.0 315.3 541.2 642.6 80
2021000000009448 0.072 272.0 516.4 376.3 586.6 80
2021000000009448 0.072 308.6 1.0 369.5 2.5 80
2021000000009448 0.071 338.7 506.2 432.9 577.6 80
2021000000009448 0.071 224.3 503.9 325.2 575.2 80
2021000000009448 0.071 235.2 0.6 294.8 1.8 80
2021000000009448 0.069 482.9 0.7 540.7 2.0 80
2021000000009448 0.069 271.6 0.7 328.6 2.0 80
2021000000009448 0.069 302.6 9.2 499.2 73.9 80
2021000000009448 0.068 179.6 6.0 409.0 70.2 80
2021000000009448 0.068 -44.8 9.0 136.1 73.1 80
2021000000009448 0.068 26.5 9.8 196.5 72.8 80
2021000000009448 0.068 368.9 9.7 509.8 70.0 80
2021000000009448 0.068 106.2 8.8 266.4 71.0 80
2021000000009448 0.068 5.2 12.8 150.4 75.8 80
2021000000009448 0.068 139.1 7.3 308.1 69.7 80
2021000000009448 0.068 270.5 7.6 447.6 70.1 80
2021000000009448 0.067 -21.8 12.8 60.6 76.2 80
2021000000009448 0.067 73.1 10.8 215.4 72.2 80
2021000000009448 0.067 176.7 8.2 329.1 69.6 80
2021000000009448 0.066 264.1 15.8 382.4 74.9 80
2021000000009448 0.066 -26.4 39.5 44.6 101.2 80
2021000000009448 0.065 427.5 11.7 503.2 62.3 80
2021000000009448 0.064 219.9 14.6 283.4 62.9 80
2021000000009448 0.063 -2.7 26.0 60.1 75.6 80
2021000000009448 0.063 24.6 16.1 90.6 62.0 80
2021000000009448 0.063 342.9 12.2 412.7 57.9 80
2021000000009448 0.062 92.4 15.5 158.5 59.9 80
2021000000009448 0.062 59.4 15.4 121.3 57.5 80
2021000000009448 0.060 123.5 6.4 181.7 39.3 80
2021000000009448 0.060 256.9 12.4 313.8 46.5 80
2021000000009448 0.059 300.2 11.3 357.4 42.3 80
2021000000009448 0.057 387.0 4.9 443.3 28.3 80
2021000000009448 0.057 73.6 1.6 123.6 4.9 80
2021000000009448 0.779 134.7 149.7 382.2 637.2 80
2021000000009448 0.774 519.6 586.0 554.5 637.1 80
2021000000009448 0.772 137.8 97.6 381.2 634.6 18
2021000000009448 0.768 1.5 71.7 551.2 614.3 80
2021000000009448 0.768 138.7 106.7 369.6 634.0 80
2021000000009448 0.765 171.6 116.6 375.4 635.2 80
2021000000009448 0.764 166.4 164.7 267.9 381.0 80
2021000000009448 0.761 548.1 337.4 551.4 582.6 80
2021000000009448 0.752 549.1 260.7 551.2 420.6 80
2021000000009448 0.747 126.1 107.7 417.3 418.5 80
2021000000009448 0.743 148.7 186.6 262.4 421.1 80
2021000000009448 0.737 548.6 178.8 551.3 564.9 80
2021000000009448 0.729 486.2 0.7 550.6 12.1 80
2021000000009448 0.721 548.2 -9.7 551.0 139.7 80
2021000000009448 0.683 0.5 129.2 4.8 619.3 80
2021000000009448 0.127 464.3 193.1 574.0 553.1 80
2021000000009448 0.122 158.7 220.3 240.7 296.4 80
2021000000009448 0.121 86.3 268.9 170.1 343.6 80
2021000000009448 0.113 -86.8 627.5 231.2 642.5 80
2021000000009448 0.112 339.5 267.3 422.2 347.9 80
2021000000009448 0.108 264.1 283.6 357.6 387.5 80
2021000000009448 0.107 259.1 419.6 356.5 536.9 80
2021000000009448 0.103 488.6 232.8 567.4 355.3 80
2021000000009448 0.102 309.3 285.4 397.5 381.5 80
2021000000009448 0.101 232.4 476.1 333.1 582.8 80
2021000000009448 0.098 179.8 423.4 279.6 553.7 80
2021000000009448 0.097 119.5 402.8 222.2 531.5 80
2021000000009448 0.096 167.7 367.4 252.9 479.1 80
2021000000009448 0.096 141.7 314.9 226.6 417.5 80
2021000000009448 0.096 291.8 358.3 379.9 464.7 80
2021000000009448 0.095 102.9 357.7 189.7 464.4 80
2021000000009448 0.094 -8.2 1.8 73.3 7.4 80
2021000000009448 0.093 353.9 334.0 443.9 446.5 80
2021000000009448 0.093 384.8 315.4 474.6 433.8 80
2021000000009448 0.092 457.3 259.3 542.1 389.5 80
2021000000009448 0.092 -19.9 309.8 52.5 429.6 80
2021000000009448 0.091 320.7 356.5 423.1 489.3 80
2021000000009448 0.091 423.8 295.0 506.8 408.9 80
2021000000009448 0.090 438.6 324.6 534.3 493.7 80
2021000000009448 0.090 53.1 323.1 135.8 437.7 80
2021000000009448 0.090 378.6 1.3 458.1 5.2 80
2021000000009448 0.088 399.8 359.6 496.8 510.0 80
2021000000009448 0.088 443.8 0.9 520.5 4.1 80
2021000000009448 0.088 -9.2 367.4 76.7 536.5 80
2021000000009448 0.087 408.0 1.3 485.1 4.5 80
2021000000009448 0.087 363.7 389.7 468.3 536.9 80
2021000000009448 0.087 13.0 328.6 92.6 451.8 80
2021000000009448 0.086 139.1 605.2 262.3 640.5 80
2021000000009448 0.086 432.7 145.8 575.8 677.5 80
2021000000009448 0.086 66.9 387.7 165.1 538.9 80
2021000000009448 0.086 295.4 418.5 402.5 562.5 80
2021000000009448 0.081 38.6 1.4 108.8 3.5 80
2021000000009448 0.080 28.3 368.8 121.3 565.0 80
2021000000009448 0.080 -16.5 551.8 61.9 611.1 80
2021000000009448 0.080 298.5 431.0 543.6 645.1 80
2021000000009448 0.079 126.4 585.3 223.5 642.0 80
2021000000009448 0.078 129.0 1.2 197.2 3.2 80
2021000000009448 0.077 -22.6 556.2 44.2 616.0 80
2021000000009448 0.077 435.1 550.9 523.6 613.7 80
2021000000009448 0.077 -3.2 542.2 93.0 608.2 80
2021000000009448 0.075 321.7 400.7 446.2 602.1 80
2021000000009448 0.075 37.3 548.7 146.6 615.0 80
2021000000009448 0.074 112.0 392.5 266.2 638.5 80
2021000000009448 0.074 77.0 543.9 175.0 609.8 80
2021000000009448 0.074 149.7 410.3 343.6 676.2 80
2021000000009448 0.074 385.0 526.6 478.1 595.0 80
2021000000009448 0.073 393.0 315.3 541.2 642.6 80
2021000000009448 0.072 272.0 516.4 376.3 586.6 80
2021000000009448 0.072 308.6 1.0 369.5 2.5 80
2021000000009448 0.071 338.7 506.2 432.9 577.6 80
2021000000009448 0.071 224.3 503.9 325.2 575.2 80
2021000000009448 0.071 235.2 0.6 294.8 1.8 80
2021000000009448 0.069 482.9 0.7 540.7 2.0 80
2021000000009448 0.069 271.6 0.7 328.6 2.0 80
2021000000009448 0.069 302.6 9.2 499.2 73.9 80
2021000000009448 0.068 179.6 6.0 409.0 70.2 80
2021000000009448 0.068 -44.8 9.0 136.1 73.1 80
2021000000009448 0.068 26.5 9.8 196.5 72.8 80
2021000000009448 0.068 368.9 9.7 509.8 70.0 80
2021000000009448 0.068 106.2 8.8 266.4 71.0 80
2021000000009448 0.068 5.2 12.8 150.4 75.8 80
2021000000009448 0.068 139.1 7.3 308.1 69.7 80
2021000000009448 0.068 270.5 7.6 447.6 70.1 80
2021000000009448 0.067 -21.8 12.8 60.6 76.2 80
2021000000009448 0.067 73.1 10.8 215.4 72.2 80
2021000000009448 0.067 176.7 8.2 329.1 69.6 80
2021000000009448 0.066 264.1 15.8 382.4 74.9 80
2021000000009448 0.066 -26.4 39.5 44.6 101.2 80
2021000000009448 0.065 427.5 11.7 503.2 62.3 80
2021000000009448 0.064 219.9 14.6 283.4 62.9 80
2021000000009448 0.063 -2.7 26.0 60.1 75.6 80
2021000000009448 0.063 24.6 16.1 90.6 62.0 80
2021000000009448 0.063 342.9 12.2 412.7 57.9 80
2021000000009448 0.062 92.4 15.5 158.5 59.9 80
2021000000009448 0.062 59.4 15.4 121.3 57.5 80
2021000000009448 0.060 123.5 6.4 181.7 39.3 80
2021000000009448 0.060 256.9 12.4 313.8 46.5 80
2021000000009448 0.059 300.2 11.3 357.4 42.3 80
2021000000009448 0.057 387.0 4.9 443.3 28.3 80
2021000000009448 0.057 73.6 1.6 123.6 4.9 80
