2021005795 0.673 0.1 38.2 488.2 500.6 16
2021005795 0.666 457.6 459.8 501.6 498.3 80
2021005795 0.625 3.0 97.2 121.8 481.2 80
2021005795 0.528 340.3 483.8 474.8 499.8 80
2021005795 0.528 497.1 87.1 500.6 201.9 80
2021005795 0.526 496.4 286.5 500.5 402.4 80
2021005795 0.514 1.9 425.0 28.9 499.0 80
2021005795 0.504 0.7 51.2 100.6 497.1 80
2021005795 0.490 -0.1 62.1 498.9 475.0 80
2021005795 0.490 496.8 193.3 500.2 316.1 80
2021005795 0.426 -4.7 33.3 112.2 495.8 80
2021005795 0.422 0.9 301.4 5.6 451.9 80
2021005795 0.395 1.1 141.1 4.5 251.8 80
2021005795 0.323 497.3 5.7 500.8 45.2 80
2021005795 0.307 498.9 82.6 500.0 284.8 80
2021005795 0.305 498.0 99.5 500.1 432.3 80
2021005795 0.279 494.5 18.3 501.2 489.5 80
2021005795 0.276 0.7 43.2 7.3 341.9 80
2021005795 0.259 -0.0 53.0 10.6 470.2 80
2021005795 0.259 12.6 63.7 289.9 459.2 80
2021005795 0.258 0.6 156.9 3.3 334.0 80
2021005795 0.225 0.3 7.1 4.5 116.1 80
2021005795 0.203 486.2 88.1 500.7 488.7 80
2021005795 0.201 409.5 37.7 496.4 508.1 80
2021005795 0.191 73.9 485.9 438.4 501.7 80
2021005795 0.187 -1.0 231.8 27.6 506.1 80
2021005795 0.176 8.7 100.9 480.9 342.6 80
2021005795 0.172 484.1 385.0 505.4 483.1 80
2021005795 0.170 497.5 12.2 500.8 64.9 80
2021005795 0.166 16.9 181.9 94.5 330.8 80
2021005795 0.152 112.2 475.0 380.5 500.1 80
2021005795 0.151 33.1 421.9 268.8 505.1 80
2021005795 0.150 333.4 299.3 499.2 493.2 80
2021005795 0.147 39.4 182.7 459.3 423.9 80
2021005795 0.143 12.3 111.9 201.4 458.2 80
2021005795 0.141 115.5 431.2 316.6 496.4 80
2021005795 0.141 6.4 117.2 379.9 384.6 80
2021005795 0.141 23.2 131.6 193.5 437.6 80
2021005795 0.141 76.1 293.3 427.5 469.3 80
2021005795 0.140 -13.0 258.9 225.2 490.9 80
2021005795 0.138 21.7 278.1 342.6 467.3 80
2021005795 0.138 141.6 140.9 442.0 400.6 80
2021005795 0.137 269.1 169.0 495.0 437.8 80
2021005795 0.137 216.8 250.4 483.5 450.7 80
2021005795 0.137 164.0 268.4 453.7 452.2 80
2021005795 0.136 11.3 142.2 391.7 400.0 80
2021005795 0.136 288.6 456.4 422.0 494.5 80
2021005795 0.134 392.9 470.7 502.0 498.4 80
2021005795 0.134 97.7 179.1 460.3 408.0 80
2021005795 0.134 173.2 166.2 473.5 406.0 80
2021005795 0.134 83.8 256.0 416.6 441.7 80
2021005795 0.133 191.8 448.7 342.6 492.8 80
2021005795 0.133 -2.7 219.8 294.0 438.8 80
2021005795 0.131 42.0 182.8 422.7 399.7 80
2021005795 0.131 35.2 242.7 374.2 432.8 80
2021005795 0.129 143.0 247.9 332.3 348.7 80
2021005795 0.129 130.6 321.9 250.4 424.5 80
2021005795 0.128 6.3 183.0 329.2 411.2 80
2021005795 0.127 23.7 139.2 480.0 374.2 80
2021005795 0.126 254.7 476.9 390.5 500.4 80
2021005795 0.126 13.8 449.2 98.6 498.0 80
2021005795 0.124 153.4 239.5 351.7 360.6 80
2021005795 0.124 128.2 231.8 278.5 362.8 80
2021005795 0.122 70.5 209.2 245.0 363.0 80
2021005795 0.122 116.7 180.9 455.3 382.3 80
2021005795 0.121 47.2 149.6 389.0 292.7 80
2021005795 0.120 44.4 474.4 165.0 504.2 80
2021005795 0.119 57.1 158.9 287.7 272.8 80
2021005795 0.118 37.8 143.5 465.1 291.5 80
2021005795 0.117 9.0 199.7 199.7 333.4 80
2021005795 0.117 281.1 241.9 482.9 384.9 80
2021005795 0.117 56.8 213.4 372.9 356.3 80
2021005795 0.115 206.8 224.0 458.0 403.7 80
2021005795 0.115 111.9 469.4 239.2 502.5 80
2021005795 0.113 355.6 193.2 532.5 387.3 80
2021005795 0.112 29.4 55.2 507.1 185.0 80
2021005795 0.111 54.6 124.9 495.3 285.6 80
2021005795 0.111 -61.0 42.3 125.6 120.2 80
2021005795 0.111 95.2 144.8 510.1 330.2 80
2021005795 0.109 139.1 113.0 568.7 251.8 80
2021005795 0.108 -85.6 40.0 355.7 138.1 80
2021005795 0.107 -1.3 9.0 487.4 95.1 80
2021005795 0.107 91.2 47.3 572.1 170.6 80
2021005795 0.106 -51.3 2.2 443.8 93.9 80
2021005795 0.106 190.0 89.8 632.1 218.9 80
2021005795 0.105 155.0 20.9 627.8 108.2 80
2021005795 0.103 -148.1 13.5 339.0 78.8 80
2021005795 0.103 67.5 -5.3 566.3 60.0 80
2021005795 0.102 271.8 58.9 658.6 172.2 80
2021005795 0.098 192.6 5.2 691.5 55.5 80
2021005795 0.096 126.5 -5.7 625.5 35.3 80
2021005795 0.094 -64.8 -4.1 125.1 30.6 80
2021005795 0.093 -183.2 -1.7 315.8 31.2 80
2021005795 0.091 -137.4 -2.8 361.6 30.8 80
2021005795 0.091 -35.1 -4.6 463.9 29.5 80
2021005795 0.091 -86.6 -4.1 412.4 31.9 80
2021005795 0.090 26.6 -5.2 525.6 29.4 80
2021005795 0.090 83.6 -3.4 582.6 29.2 80
2021005795 0.089 205.9 -1.0 704.9 30.0 80
2021005795 0.089 157.7 -0.9 656.7 32.6 80
2021005795 0.673 0.1 38.2 488.2 500.6 16
2021005795 0.666 457.6 459.8 501.6 498.3 80
2021005795 0.625 3.0 97.2 121.8 481.2 80
2021005795 0.528 340.3 483.8 474.8 499.8 80
2021005795 0.528 497.1 87.1 500.6 201.9 80
2021005795 0.526 496.4 286.5 500.5 402.4 80
2021005795 0.514 1.9 425.0 28.9 499.0 80
2021005795 0.504 0.7 51.2 100.6 497.1 80
2021005795 0.490 -0.1 62.1 498.9 475.0 80
2021005795 0.490 496.8 193.3 500.2 316.1 80
2021005795 0.426 -4.7 33.3 112.2 495.8 80
2021005795 0.422 0.9 301.4 5.6 451.9 80
2021005795 0.395 1.1 141.1 4.5 251.8 80
2021005795 0.323 497.3 5.7 500.8 45.2 80
2021005795 0.307 498.9 82.6 500.0 284.8 80
2021005795 0.305 498.0 99.5 500.1 432.3 80
2021005795 0.279 494.5 18.3 501.2 489.5 80
2021005795 0.276 0.7 43.2 7.3 341.9 80
2021005795 0.259 -0.0 53.0 10.6 470.2 80
2021005795 0.259 12.6 63.7 289.9 459.2 80
2021005795 0.258 0.6 156.9 3.3 334.0 80
2021005795 0.225 0.3 7.1 4.5 116.1 80
2021005795 0.203 486.2 88.1 500.7 488.7 80
2021005795 0.201 409.5 37.7 496.4 508.1 80
2021005795 0.191 73.9 485.9 438.4 501.7 80
2021005795 0.187 -1.0 231.8 27.6 506.1 80
2021005795 0.176 8.7 100.9 480.9 342.6 80
2021005795 0.172 484.1 385.0 505.4 483.1 80
2021005795 0.170 497.5 12.2 500.8 64.9 80
2021005795 0.166 16.9 181.9 94.5 330.8 80
2021005795 0.152 112.2 475.0 380.5 500.1 80
2021005795 0.151 33.1 421.9 268.8 505.1 80
2021005795 0.150 333.4 299.3 499.2 493.2 80
2021005795 0.147 39.4 182.7 459.3 423.9 80
2021005795 0.143 12.3 111.9 201.4 458.2 80
2021005795 0.141 115.5 431.2 316.6 496.4 80
2021005795 0.141 6.4 117.2 379.9 384.6 80
2021005795 0.141 23.2 131.6 193.5 437.6 80
2021005795 0.141 76.1 293.3 427.5 469.3 80
2021005795 0.140 -13.0 258.9 225.2 490.9 80
2021005795 0.138 21.7 278.1 342.6 467.3 80
2021005795 0.138 141.6 140.9 442.0 400.6 80
2021005795 0.137 269.1 169.0 495.0 437.8 80
2021005795 0.137 216.8 250.4 483.5 450.7 80
2021005795 0.137 164.0 268.4 453.7 452.2 80
2021005795 0.136 11.3 142.2 391.7 400.0 80
2021005795 0.136 288.6 456.4 422.0 494.5 80
2021005795 0.134 392.9 470.7 502.0 498.4 80
2021005795 0.134 97.7 179.1 460.3 408.0 80
2021005795 0.134 173.2 166.2 473.5 406.0 80
2021005795 0.134 83.8 256.0 416.6 441.7 80
2021005795 0.133 191.8 448.7 342.6 492.8 80
2021005795 0.133 -2.7 219.8 294.0 438.8 80
2021005795 0.131 42.0 182.8 422.7 399.7 80
2021005795 0.131 35.2 242.7 374.2 432.8 80
2021005795 0.129 143.0 247.9 332.3 348.7 80
2021005795 0.129 130.6 321.9 250.4 424.5 80
2021005795 0.128 6.3 183.0 329.2 411.2 80
2021005795 0.127 23.7 139.2 480.0 374.2 80
2021005795 0.126 254.7 476.9 390.5 500.4 80
2021005795 0.126 13.8 449.2 98.6 498.0 80
2021005795 0.124 153.4 239.5 351.7 360.6 80
2021005795 0.124 128.2 231.8 278.5 362.8 80
2021005795 0.122 70.5 209.2 245.0 363.0 80
2021005795 0.122 116.7 180.9 455.3 382.3 80
2021005795 0.121 47.2 149.6 389.0 292.7 80
2021005795 0.120 44.4 474.4 165.0 504.2 80
2021005795 0.119 57.1 158.9 287.7 272.8 80
2021005795 0.118 37.8 143.5 465.1 291.5 80
2021005795 0.117 9.0 199.7 199.7 333.4 80
2021005795 0.117 281.1 241.9 482.9 384.9 80
2021005795 0.117 56.8 213.4 372.9 356.3 80
2021005795 0.115 206.8 224.0 458.0 403.7 80
2021005795 0.115 111.9 469.4 239.2 502.5 80
2021005795 0.113 355.6 193.2 532.5 387.3 80
2021005795 0.112 29.4 55.2 507.1 185.0 80
2021005795 0.111 54.6 124.9 495.3 285.6 80
2021005795 0.111 -61.0 42.3 125.6 120.2 80
2021005795 0.111 95.2 144.8 510.1 330.2 80
2021005795 0.109 139.1 113.0 568.7 251.8 80
2021005795 0.108 -85.6 40.0 355.7 138.1 80
2021005795 0.107 -1.3 9.0 487.4 95.1 80
2021005795 0.107 91.2 47.3 572.1 170.6 80
2021005795 0.106 -51.3 2.2 443.8 93.9 80
2021005795 0.106 190.0 89.8 632.1 218.9 80
2021005795 0.105 155.0 20.9 627.8 108.2 80
2021005795 0.103 -148.1 13.5 339.0 78.8 80
2021005795 0.103 67.5 -5.3 566.3 60.0 80
2021005795 0.102 271.8 58.9 658.6 172.2 80
2021005795 0.098 192.6 5.2 691.5 55.5 80
2021005795 0.096 126.5 -5.7 625.5 35.3 80
2021005795 0.094 -64.8 -4.1 125.1 30.6 80
2021005795 0.093 -183.2 -1.7 315.8 31.2 80
2021005795 0.091 -137.4 -2.8 361.6 30.8 80
2021005795 0.091 -35.1 -4.6 463.9 29.5 80
2021005795 0.091 -86.6 -4.1 412.4 31.9 80
2021005795 0.090 26.6 -5.2 525.6 29.4 80
2021005795 0.090 83.6 -3.4 582.6 29.2 80
2021005795 0.089 205.9 -1.0 704.9 30.0 80
2021005795 0.089 157.7 -0.9 656.7 32.6 80
2021005795 0.000 214.4 106.8 409.6 266.3 80
2021005795 0.000 367.6 143.3 489.8 355.7 80
2021005795 0.000 1.1 54.6 103.4 329.0 80
2021005795 0.000 96.5 213.8 255.3 404.6 80
2021005795 0.000 203.9 149.4 283.3 236.2 80
2021005795 0.000 198.5 212.8 275.0 299.7 80
2021005795 0.000 147.9 41.9 314.7 275.4 80
2021005795 0.000 133.7 181.5 220.8 268.3 80
2021005795 0.000 276.3 182.4 497.9 338.0 80
2021005795 0.000 246.2 187.5 328.2 272.9 80
2021005795 0.000 19.6 173.4 180.4 361.5 80
2021005795 0.000 140.1 230.0 220.6 316.4 80
2021005795 0.000 86.4 246.5 152.2 338.8 80
2021005795 0.000 453.4 256.7 499.5 368.6 80
2021005795 0.000 165.4 75.0 484.1 365.3 80
2021005795 0.000 453.5 170.8 499.6 281.9 80
2021005795 0.000 288.7 229.4 369.9 315.4 80
2021005795 0.000 70.5 159.5 159.2 245.4 80
2021005795 0.000 1.3 267.7 48.1 381.2 80
2021005795 0.000 340.3 196.0 420.2 282.0 80
2021005795 0.000 302.1 137.8 389.2 223.1 80
2021005795 0.000 0.7 200.0 47.3 312.8 80
2021005795 0.000 40.9 294.3 112.8 386.8 80
2021005795 0.000 1.1 168.5 102.4 477.0 80
2021005795 0.000 405.5 235.5 479.3 323.4 80
2021005795 0.000 349.3 265.0 422.8 359.8 80
2021005795 0.000 381.7 130.6 468.2 219.3 80
2021005795 0.000 193.6 156.5 332.0 355.6 80
2021005795 0.000 448.5 70.9 500.2 205.4 80
2021005795 0.000 132.5 301.6 211.1 391.8 80
2021005795 0.000 20.2 206.5 101.9 293.8 80
2021005795 0.000 16.3 25.6 215.2 254.9 80
2021005795 0.000 33.6 143.0 297.6 348.5 80
2021005795 0.000 218.2 249.4 404.6 384.7 80
2021005795 0.000 233.0 178.4 394.6 463.6 80
2021005795 0.000 245.8 59.4 444.0 410.6 80
2021005795 0.000 127.0 112.3 218.4 198.0 80
2021005795 0.000 322.4 6.8 500.0 253.9 80
2021005795 0.000 0.5 119.2 51.2 231.7 80
2021005795 0.000 318.8 300.5 394.4 391.7 80
2021005795 0.000 442.7 327.3 499.6 490.8 80
2021005795 0.000 0.4 27.9 52.0 141.5 80
2021005795 0.000 191.0 69.7 280.0 157.5 80
2021005795 0.000 135.9 186.2 371.0 314.1 80
2021005795 0.000 398.3 153.6 500.2 473.4 80
2021005795 0.000 81.9 61.1 265.4 405.9 80
2021005795 0.000 29.0 25.6 398.0 353.8 80
2021005795 0.000 0.6 334.1 58.1 492.8 80
2021005795 0.000 166.1 166.4 321.9 461.3 80
2021005795 0.000 120.7 107.2 380.7 488.8 80
2021005795 0.000 0.8 7.3 497.8 276.8 80
2021005795 0.000 2.1 120.2 236.9 495.6 80
2021005795 0.000 84.5 26.1 415.1 482.9 80
2021005795 0.000 152.1 103.3 505.7 497.9 80
2021005795 0.000 271.2 121.4 495.9 495.2 80
2021005795 0.000 -2.5 8.7 292.7 494.5 80
2021005795 0.000 250.4 5.6 335.2 96.1 80
2021005795 0.000 211.6 343.1 297.1 427.1 80
2021005795 0.000 141.2 204.8 482.2 491.3 80
2021005795 0.000 142.0 287.4 360.0 493.1 80
2021005795 0.000 212.3 8.7 498.6 496.7 80
2021005795 0.000 -1.1 92.8 370.0 491.5 80
2021005795 0.000 9.4 193.6 355.0 489.2 80
2021005795 0.000 118.8 142.7 380.1 394.8 80
2021005795 0.000 59.8 99.7 456.8 433.2 80
2021005795 0.000 24.6 338.5 312.1 499.3 80
2021005795 0.000 5.7 249.9 188.5 490.2 80
2021005795 0.000 357.4 23.3 501.2 481.1 80
2021005795 0.000 204.0 344.6 494.5 500.1 80
2021005795 0.000 293.6 250.2 488.0 491.8 80
2021005795 0.000 -1.3 23.8 147.5 485.9 80
2021005795 0.000 45.5 196.4 426.4 371.7 80
2021005795 0.000 147.3 19.1 360.3 487.3 80
2021005795 0.000 2.8 376.7 133.2 499.7 80
2021005795 0.000 0.7 1.7 416.7 497.1 80
2021005795 0.000 0.9 297.5 498.7 501.3 80
2021005795 0.000 137.1 2.4 459.7 164.0 80
2021005795 0.000 3.1 116.7 498.6 372.2 80
2021005795 0.000 80.7 1.7 498.4 496.1 80
2021005795 0.000 358.6 336.1 495.7 494.4 80
2021005795 0.000 18.7 57.6 478.5 498.8 80
2021005795 0.000 318.5 68.2 412.0 154.5 80
2021005795 0.000 0.5 132.9 499.4 492.9 80
2021005795 0.000 1.3 19.3 499.7 420.1 80
2021005795 0.000 0.8 0.1 499.8 498.8 80
2021005795 0.000 181.5 308.9 251.1 392.1 80
2021005795 0.000 36.8 86.2 125.5 183.1 80
2021005795 0.000 423.9 8.0 499.2 114.3 80
2021005795 0.000 0.8 0.1 499.8 498.8 14
2021005795 0.000 0.8 0.1 499.8 498.8 7
2021005795 0.000 0.8 0.1 499.8 498.8 11
2021005795 0.000 3.1 116.7 498.6 372.2 0
2021005795 0.000 2.1 120.2 236.9 495.6 14
2021005795 0.000 80.7 1.7 498.4 496.1 14
2021005795 0.000 84.5 26.1 415.1 482.9 14
2021005795 0.000 212.3 8.7 498.6 496.7 14
2021005795 0.000 271.2 121.4 495.9 495.2 14
2021005795 0.000 120.7 107.2 380.7 488.8 14
2021005795 0.000 -2.5 8.7 292.7 494.5 14
2021005795 0.000 99.0 384.5 182.7 477.2 80
