2021001679 0.659 375.1 228.9 394.2 426.7 80
2021001679 0.655 0.6 235.8 392.0 496.8 13
2021001679 0.649 377.0 113.0 394.0 357.4 80
2021001679 0.646 0.5 8.6 392.5 321.1 80
2021001679 0.637 386.3 249.3 393.1 343.8 80
2021001679 0.636 208.4 256.9 307.6 298.8 80
2021001679 0.615 336.6 207.1 393.3 439.0 80
2021001679 0.607 375.4 446.4 394.8 497.1 80
2021001679 0.598 372.7 121.3 393.0 421.2 80
2021001679 0.590 0.7 2.5 392.7 501.5 80
2021001679 0.588 381.8 0.0 395.3 70.4 80
2021001679 0.582 389.4 290.2 393.7 410.0 80
2021001679 0.580 389.6 106.6 393.2 219.0 80
2021001679 0.563 1.6 311.4 13.5 402.1 80
2021001679 0.540 -0.1 318.0 15.1 469.0 80
2021001679 0.537 380.0 -22.0 395.0 318.8 80
2021001679 0.527 0.9 303.5 6.6 397.3 80
2021001679 0.524 368.3 -43.3 395.7 415.6 80
2021001679 0.509 0.9 31.6 5.9 179.8 80
2021001679 0.499 0.9 145.4 4.7 228.6 80
2021001679 0.479 0.8 349.5 9.6 408.4 80
2021001679 0.446 0.8 41.0 7.8 415.3 80
2021001679 0.444 365.5 -6.3 395.2 481.8 80
2021001679 0.443 0.1 246.8 15.0 475.1 80
2021001679 0.430 -0.1 -0.4 14.1 32.0 80
2021001679 0.374 390.9 270.6 393.0 454.6 80
2021001679 0.354 1.4 260.1 393.1 472.7 80
2021001679 0.344 1.0 -4.2 9.9 261.4 80
2021001679 0.332 0.4 84.4 392.1 482.5 80
2021001679 0.295 0.4 -3.6 12.6 437.3 80
2021001679 0.223 -1.5 7.5 31.6 456.4 80
2021001679 0.219 -1.0 67.2 26.1 504.4 80
2021001679 0.188 303.4 202.9 382.2 494.4 80
2021001679 0.181 130.8 3.7 361.0 501.7 80
2021001679 0.169 -0.8 52.2 20.9 294.4 80
2021001679 0.165 11.0 16.7 137.7 474.6 80
2021001679 0.158 71.7 443.2 329.4 508.8 80
2021001679 0.153 218.4 360.1 254.2 400.6 80
2021001679 0.147 184.5 322.0 393.2 505.9 80
2021001679 0.143 5.4 334.1 238.3 506.0 80
2021001679 0.143 246.2 361.1 314.5 423.6 80
2021001679 0.142 85.5 322.0 354.4 488.8 80
2021001679 0.142 226.9 369.3 283.5 424.4 80
2021001679 0.141 43.0 330.3 304.9 489.9 80
2021001679 0.137 88.7 281.8 389.1 444.4 80
2021001679 0.137 106.8 480.9 283.6 502.2 80
2021001679 0.136 9.4 432.2 65.9 504.8 80
2021001679 0.136 14.1 273.9 313.5 432.8 80
2021001679 0.136 196.0 366.3 311.0 443.3 80
2021001679 0.134 15.7 111.5 108.7 465.6 80
2021001679 0.134 3.3 248.9 147.5 493.3 80
2021001679 0.134 25.0 276.2 366.6 441.7 80
2021001679 0.131 135.1 316.2 362.6 438.8 80
2021001679 0.130 214.2 338.6 350.1 456.3 80
2021001679 0.128 12.7 294.4 275.8 449.7 80
2021001679 0.125 151.3 366.3 196.6 413.6 80
2021001679 0.125 324.7 451.4 391.7 497.8 80
2021001679 0.125 6.8 263.2 228.3 431.9 80
2021001679 0.124 14.0 -22.2 406.0 145.6 80
2021001679 0.122 260.7 332.5 337.8 390.3 80
2021001679 0.122 267.5 474.6 355.1 505.3 80
2021001679 0.121 79.8 302.7 356.3 417.6 80
2021001679 0.120 27.7 148.9 265.5 375.2 80
2021001679 0.120 84.4 464.3 196.1 503.9 80
2021001679 0.120 196.5 470.2 300.0 500.1 80
2021001679 0.120 264.9 329.2 371.7 439.5 80
2021001679 0.118 38.0 471.4 131.2 504.9 80
2021001679 0.118 104.7 348.6 162.9 404.7 80
2021001679 0.116 53.8 287.6 312.0 404.8 80
2021001679 0.116 23.2 263.1 239.8 404.6 80
2021001679 0.116 25.2 151.3 155.9 377.6 80
2021001679 0.115 9.7 188.5 218.0 289.4 80
2021001679 0.115 22.7 179.7 287.1 292.0 80
2021001679 0.115 164.3 349.4 243.0 405.3 80
2021001679 0.114 49.6 274.2 261.8 388.5 80
2021001679 0.114 50.7 192.8 329.9 309.7 80
2021001679 0.111 -28.2 135.6 175.7 241.1 80
2021001679 0.111 155.9 165.3 423.2 299.2 80
2021001679 0.111 66.5 132.4 406.7 277.8 80
2021001679 0.111 -26.2 59.5 307.7 165.9 80
2021001679 0.111 6.1 39.6 395.6 212.7 80
2021001679 0.110 -24.9 29.6 364.7 180.1 80
2021001679 0.109 234.2 93.9 445.1 298.0 80
2021001679 0.106 0.8 349.5 9.6 408.4 13
2021001679 0.106 68.1 28.4 453.4 176.1 80
2021001679 0.105 -95.0 25.4 232.8 109.7 80
2021001679 0.105 -72.4 16.4 290.6 102.7 80
2021001679 0.104 165.6 -4.7 557.6 20.7 80
2021001679 0.103 118.9 13.5 497.4 125.1 80
2021001679 0.101 200.0 4.0 520.7 85.1 80
2021001679 0.101 -142.7 -2.5 241.0 26.2 80
2021001679 0.097 0.8 349.5 9.6 408.4 14
2021001679 0.097 59.0 -6.5 451.0 43.7 80
2021001679 0.096 3.2 -3.4 395.2 44.7 80
2021001679 0.095 -32.8 -4.5 359.2 45.1 80
2021001679 0.093 63.9 -2.0 455.9 27.6 80
2021001679 0.092 -29.8 -2.0 362.2 29.7 80
2021001679 0.091 -108.5 -0.7 283.4 29.7 80
2021001679 0.091 16.2 -1.6 408.2 31.5 80
2021001679 0.091 99.4 -6.0 491.4 34.6 80
2021001679 0.659 375.1 228.9 394.2 426.7 80
2021001679 0.655 0.6 235.8 392.0 496.8 13
2021001679 0.649 377.0 113.0 394.0 357.4 80
2021001679 0.646 0.5 8.6 392.5 321.1 80
2021001679 0.637 386.3 249.3 393.1 343.8 80
2021001679 0.636 208.4 256.9 307.6 298.8 80
2021001679 0.615 336.6 207.1 393.3 439.0 80
2021001679 0.607 375.4 446.4 394.8 497.1 80
2021001679 0.598 372.7 121.3 393.0 421.2 80
2021001679 0.590 0.7 2.5 392.7 501.5 80
2021001679 0.588 381.8 0.0 395.3 70.4 80
2021001679 0.582 389.4 290.2 393.7 410.0 80
2021001679 0.580 389.6 106.6 393.2 219.0 80
2021001679 0.563 1.6 311.4 13.5 402.1 80
2021001679 0.540 -0.1 318.0 15.1 469.0 80
2021001679 0.537 380.0 -22.0 395.0 318.8 80
2021001679 0.527 0.9 303.5 6.6 397.3 80
2021001679 0.524 368.3 -43.3 395.7 415.6 80
2021001679 0.509 0.9 31.6 5.9 179.8 80
2021001679 0.499 0.9 145.4 4.7 228.6 80
2021001679 0.479 0.8 349.5 9.6 408.4 80
2021001679 0.446 0.8 41.0 7.8 415.3 80
2021001679 0.444 365.5 -6.3 395.2 481.8 80
2021001679 0.443 0.1 246.8 15.0 475.1 80
2021001679 0.430 -0.1 -0.4 14.1 32.0 80
2021001679 0.374 390.9 270.6 393.0 454.6 80
2021001679 0.354 1.4 260.1 393.1 472.7 80
2021001679 0.344 1.0 -4.2 9.9 261.4 80
2021001679 0.332 0.4 84.4 392.1 482.5 80
2021001679 0.295 0.4 -3.6 12.6 437.3 80
2021001679 0.223 -1.5 7.5 31.6 456.4 80
2021001679 0.219 -1.0 67.2 26.1 504.4 80
2021001679 0.188 303.4 202.9 382.2 494.4 80
2021001679 0.181 130.8 3.7 361.0 501.7 80
2021001679 0.169 -0.8 52.2 20.9 294.4 80
2021001679 0.165 11.0 16.7 137.7 474.6 80
2021001679 0.158 71.7 443.2 329.4 508.8 80
2021001679 0.153 218.4 360.1 254.2 400.6 80
2021001679 0.147 184.5 322.0 393.2 505.9 80
2021001679 0.143 5.4 334.1 238.3 506.0 80
2021001679 0.143 246.2 361.1 314.5 423.6 80
2021001679 0.142 85.5 322.0 354.4 488.8 80
2021001679 0.142 226.9 369.3 283.5 424.4 80
2021001679 0.141 43.0 330.3 304.9 489.9 80
2021001679 0.137 88.7 281.8 389.1 444.4 80
2021001679 0.137 106.8 480.9 283.6 502.2 80
2021001679 0.136 9.4 432.2 65.9 504.8 80
2021001679 0.136 14.1 273.9 313.5 432.8 80
2021001679 0.136 196.0 366.3 311.0 443.3 80
2021001679 0.134 15.7 111.5 108.7 465.6 80
2021001679 0.134 3.3 248.9 147.5 493.3 80
2021001679 0.134 25.0 276.2 366.6 441.7 80
2021001679 0.131 135.1 316.2 362.6 438.8 80
2021001679 0.130 214.2 338.6 350.1 456.3 80
2021001679 0.128 12.7 294.4 275.8 449.7 80
2021001679 0.125 151.3 366.3 196.6 413.6 80
2021001679 0.125 324.7 451.4 391.7 497.8 80
2021001679 0.125 6.8 263.2 228.3 431.9 80
2021001679 0.124 14.0 -22.2 406.0 145.6 80
2021001679 0.122 260.7 332.5 337.8 390.3 80
2021001679 0.122 267.5 474.6 355.1 505.3 80
2021001679 0.121 79.8 302.7 356.3 417.6 80
2021001679 0.120 27.7 148.9 265.5 375.2 80
2021001679 0.120 84.4 464.3 196.1 503.9 80
2021001679 0.120 196.5 470.2 300.0 500.1 80
2021001679 0.120 264.9 329.2 371.7 439.5 80
2021001679 0.118 38.0 471.4 131.2 504.9 80
2021001679 0.118 104.7 348.6 162.9 404.7 80
2021001679 0.116 53.8 287.6 312.0 404.8 80
2021001679 0.116 23.2 263.1 239.8 404.6 80
2021001679 0.116 25.2 151.3 155.9 377.6 80
2021001679 0.115 9.7 188.5 218.0 289.4 80
2021001679 0.115 22.7 179.7 287.1 292.0 80
2021001679 0.115 164.3 349.4 243.0 405.3 80
2021001679 0.114 49.6 274.2 261.8 388.5 80
2021001679 0.114 50.7 192.8 329.9 309.7 80
2021001679 0.111 -28.2 135.6 175.7 241.1 80
2021001679 0.111 155.9 165.3 423.2 299.2 80
2021001679 0.111 66.5 132.4 406.7 277.8 80
2021001679 0.111 -26.2 59.5 307.7 165.9 80
2021001679 0.111 6.1 39.6 395.6 212.7 80
2021001679 0.110 -24.9 29.6 364.7 180.1 80
2021001679 0.109 234.2 93.9 445.1 298.0 80
2021001679 0.106 0.8 349.5 9.6 408.4 13
2021001679 0.106 68.1 28.4 453.4 176.1 80
2021001679 0.105 -95.0 25.4 232.8 109.7 80
2021001679 0.105 -72.4 16.4 290.6 102.7 80
2021001679 0.104 165.6 -4.7 557.6 20.7 80
2021001679 0.103 118.9 13.5 497.4 125.1 80
2021001679 0.101 200.0 4.0 520.7 85.1 80
2021001679 0.101 -142.7 -2.5 241.0 26.2 80
2021001679 0.097 0.8 349.5 9.6 408.4 14
2021001679 0.097 59.0 -6.5 451.0 43.7 80
2021001679 0.096 3.2 -3.4 395.2 44.7 80
2021001679 0.095 -32.8 -4.5 359.2 45.1 80
2021001679 0.093 63.9 -2.0 455.9 27.6 80
2021001679 0.092 -29.8 -2.0 362.2 29.7 80
2021001679 0.091 -108.5 -0.7 283.4 29.7 80
2021001679 0.091 16.2 -1.6 408.2 31.5 80
2021001679 0.091 99.4 -6.0 491.4 34.6 80
2021001679 0.000 287.3 139.0 387.1 350.8 80
2021001679 0.000 167.7 104.6 324.4 258.8 80
2021001679 0.000 5.5 171.2 152.1 356.7 80
2021001679 0.000 1.0 47.0 81.1 329.7 80
2021001679 0.000 216.4 185.2 392.5 338.9 80
2021001679 0.000 109.3 44.5 259.6 255.4 80
2021001679 0.000 155.7 215.8 217.4 302.1 80
2021001679 0.000 354.3 82.5 392.4 196.9 80
2021001679 0.000 66.1 250.9 122.7 339.8 80
2021001679 0.000 0.6 200.3 37.3 312.2 80
2021001679 0.000 0.6 171.8 81.0 475.6 80
2021001679 0.000 356.6 170.6 392.8 282.0 80
2021001679 0.000 356.3 255.0 392.9 369.4 80
2021001679 0.000 104.8 183.1 174.5 269.4 80
2021001679 0.000 125.1 72.7 386.0 368.4 80
2021001679 0.000 316.8 237.0 379.0 324.1 80
2021001679 0.000 1.4 268.7 37.7 380.0 80
2021001679 0.000 108.4 230.7 175.6 316.5 80
2021001679 0.000 157.4 149.6 226.1 235.8 80
2021001679 0.000 191.3 186.3 260.4 271.6 80
2021001679 0.000 225.5 230.6 292.9 315.9 80
2021001679 0.000 14.1 208.2 82.4 294.7 80
2021001679 0.000 22.8 143.3 237.7 349.9 80
2021001679 0.000 81.6 199.4 198.5 406.8 80
2021001679 0.000 348.3 329.8 392.6 488.2 80
2021001679 0.000 264.1 196.8 334.2 281.9 80
2021001679 0.000 273.2 270.6 335.8 358.1 80
2021001679 0.000 251.0 3.6 397.2 247.7 80
2021001679 0.000 54.7 160.7 126.3 246.2 80
2021001679 0.000 313.0 156.4 393.4 472.6 80
2021001679 0.000 10.1 23.3 173.9 245.8 80
2021001679 0.000 0.4 27.9 41.0 141.1 80
2021001679 0.000 189.6 62.1 353.5 411.7 80
2021001679 0.000 151.1 155.9 263.9 355.3 80
2021001679 0.000 182.7 194.2 313.5 455.9 80
2021001679 0.000 104.9 188.9 292.8 316.3 80
2021001679 0.000 0.3 118.6 40.5 231.5 80
2021001679 0.000 215.5 130.1 388.6 492.0 80
2021001679 0.000 235.3 138.7 308.5 223.5 80
2021001679 0.000 1.3 3.2 392.3 276.5 80
2021001679 0.000 149.3 70.9 221.5 157.1 80
2021001679 0.000 28.9 296.3 92.6 385.9 80
2021001679 0.000 297.9 134.4 370.8 220.4 80
2021001679 0.000 60.9 70.8 214.3 405.8 80
2021001679 0.000 123.5 164.2 261.6 464.0 80
2021001679 0.000 95.7 111.4 299.3 486.6 80
2021001679 0.000 23.2 33.1 313.3 345.4 80
2021001679 0.000 0.6 337.0 45.5 491.2 80
2021001679 0.000 -2.5 121.9 191.2 495.3 80
2021001679 0.000 104.6 304.2 167.3 389.0 80
2021001679 0.000 63.0 30.4 331.2 479.1 80
2021001679 0.000 118.1 105.7 399.8 498.2 80
2021001679 0.000 99.6 114.1 172.5 199.4 80
2021001679 0.000 6.8 193.0 279.8 490.6 80
2021001679 0.000 89.7 137.2 302.5 393.9 80
2021001679 0.000 114.8 282.3 280.5 494.0 80
2021001679 0.000 166.4 9.9 393.1 495.9 80
2021001679 0.000 113.8 215.4 376.6 491.5 80
2021001679 0.000 1.0 256.5 151.3 492.4 80
2021001679 0.000 281.6 25.1 393.6 480.2 80
2021001679 0.000 11.0 335.0 253.9 498.6 80
2021001679 0.000 -2.5 95.8 292.8 493.4 80
2021001679 0.000 231.8 258.3 383.9 491.0 80
2021001679 0.000 -1.5 9.7 229.9 494.7 80
2021001679 0.000 43.6 95.2 364.4 436.9 80
2021001679 0.000 2.7 376.6 104.8 499.2 80
2021001679 0.000 157.5 349.8 391.0 499.7 80
2021001679 0.000 33.2 199.7 338.9 376.4 80
2021001679 0.000 1.1 301.8 392.0 501.0 80
2021001679 0.000 1.0 1.8 327.7 497.2 80
2021001679 0.000 -1.5 21.8 116.2 486.2 80
2021001679 0.000 102.2 12.1 296.8 489.2 80
2021001679 0.000 282.7 336.3 389.2 494.6 80
2021001679 0.000 105.2 -1.1 365.3 160.7 80
2021001679 0.000 63.2 2.1 391.5 495.7 80
2021001679 0.000 0.7 142.8 392.6 494.7 80
2021001679 0.000 2.4 115.7 392.4 371.4 80
2021001679 0.000 14.5 58.0 375.9 500.9 80
2021001679 0.000 170.9 262.3 327.0 391.3 80
2021001679 0.000 0.8 25.0 392.5 438.2 80
2021001679 0.000 194.8 6.1 266.0 96.8 80
2021001679 0.000 0.8 0.3 392.8 499.0 80
2021001679 0.000 167.4 340.9 239.3 425.4 80
2021001679 0.000 253.7 304.4 318.9 388.2 80
2021001679 0.000 142.6 308.8 200.0 389.9 80
2021001679 0.000 249.6 69.0 324.8 155.3 80
2021001679 0.000 333.8 7.8 392.0 114.2 80
2021001679 0.000 25.8 87.8 101.8 179.3 80
2021001679 0.000 0.8 0.3 392.8 499.0 14
2021001679 0.000 0.8 0.3 392.8 499.0 7
2021001679 0.000 0.8 0.3 392.8 499.0 11
2021001679 0.000 63.2 2.1 391.5 495.7 14
2021001679 0.000 63.0 30.4 331.2 479.1 14
2021001679 0.000 166.4 9.9 393.1 495.9 14
2021001679 0.000 -2.5 121.9 191.2 495.3 14
2021001679 0.000 14.5 58.0 375.9 500.9 14
2021001679 0.000 1.0 1.8 327.7 497.2 14
2021001679 0.000 -1.5 9.7 229.9 494.7 14
2021001679 0.000 95.7 111.4 299.3 486.6 14
2021001679 0.000 215.5 130.1 388.6 492.0 14
