2021002991 0.651 349.2 459.1 376.2 497.4 80
2021002991 0.598 22.7 88.5 310.3 499.9 9
2021002991 0.538 371.9 231.2 375.3 306.5 80
2021002991 0.509 372.9 106.8 375.4 177.2 80
2021002991 0.503 372.9 311.6 375.4 399.3 80
2021002991 0.471 1.0 159.9 4.2 233.4 80
2021002991 0.358 373.6 16.8 375.3 64.7 80
2021002991 0.349 373.7 116.4 375.0 260.4 80
2021002991 0.323 373.8 180.9 375.0 396.2 80
2021002991 0.250 373.1 66.5 375.2 414.5 80
2021002991 0.244 1.2 76.3 4.5 261.0 80
2021002991 0.243 11.1 109.4 297.0 455.0 80
2021002991 0.228 0.7 10.2 3.1 115.5 80
2021002991 0.225 0.4 139.5 2.5 305.4 80
2021002991 0.214 0.4 61.9 5.9 434.7 80
2021002991 0.213 370.4 106.5 374.9 476.7 80
2021002991 0.208 0.4 255.0 3.3 434.6 80
2021002991 0.208 -1.1 48.0 14.6 444.8 80
2021002991 0.186 -0.1 373.1 10.0 518.5 80
2021002991 0.184 369.1 350.6 377.4 473.2 80
2021002991 0.183 1.0 212.6 14.1 499.7 80
2021002991 0.172 336.4 48.7 369.4 516.4 80
2021002991 0.167 -0.0 77.4 44.8 515.3 80
2021002991 0.164 372.7 31.8 375.8 113.1 80
2021002991 0.161 21.5 352.9 205.1 512.5 80
2021002991 0.159 11.4 130.2 298.7 425.7 80
2021002991 0.158 53.2 184.6 315.7 429.5 80
2021002991 0.153 95.3 466.6 276.0 501.9 80
2021002991 0.152 79.5 373.8 243.8 501.7 80
2021002991 0.151 0.4 58.4 15.3 136.4 80
2021002991 0.150 210.4 416.6 339.1 504.9 80
2021002991 0.149 52.9 149.9 316.9 395.7 80
2021002991 0.148 254.4 269.5 376.3 484.8 80
2021002991 0.147 135.7 412.5 268.5 501.0 80
2021002991 0.146 37.6 162.5 309.7 420.6 80
2021002991 0.141 41.6 144.9 316.0 412.7 80
2021002991 0.140 120.8 481.0 253.1 503.4 80
2021002991 0.140 -2.9 273.0 165.8 492.4 80
2021002991 0.135 19.3 123.6 152.7 467.9 80
2021002991 0.135 28.7 272.5 240.0 467.6 80
2021002991 0.134 77.6 296.5 297.7 465.4 80
2021002991 0.134 8.0 165.9 249.7 424.3 80
2021002991 0.134 110.0 345.6 185.6 443.0 80
2021002991 0.134 35.9 236.1 271.7 438.2 80
2021002991 0.133 87.8 179.5 315.3 419.4 80
2021002991 0.133 169.5 255.1 357.5 452.7 80
2021002991 0.132 137.1 273.1 325.9 452.4 80
2021002991 0.132 203.7 197.5 371.3 432.9 80
2021002991 0.132 77.6 254.2 295.7 443.6 80
2021002991 0.132 33.1 177.4 199.4 417.6 80
2021002991 0.132 255.0 477.6 347.3 505.4 80
2021002991 0.132 11.1 207.9 209.7 449.7 80
2021002991 0.130 11.0 444.1 76.5 500.1 80
2021002991 0.129 169.4 269.5 260.5 366.8 80
2021002991 0.128 104.9 249.3 229.2 359.5 80
2021002991 0.127 30.5 173.2 298.0 386.1 80
2021002991 0.125 155.2 194.8 328.8 407.6 80
2021002991 0.124 19.3 279.8 62.8 386.0 80
2021002991 0.124 304.7 452.9 372.4 497.8 80
2021002991 0.124 107.1 258.9 199.2 374.8 80
2021002991 0.123 138.9 289.5 232.7 398.1 80
2021002991 0.123 76.3 248.2 158.2 348.9 80
2021002991 0.122 322.9 233.3 370.2 380.8 80
2021002991 0.121 113.2 181.6 256.3 300.6 80
2021002991 0.121 249.3 280.3 340.4 364.6 80
2021002991 0.121 33.7 471.2 120.2 504.7 80
2021002991 0.121 194.1 467.3 284.6 501.1 80
2021002991 0.120 96.8 187.1 232.9 290.5 80
2021002991 0.120 104.4 194.2 250.2 309.0 80
2021002991 0.119 81.5 467.0 170.5 503.2 80
2021002991 0.118 186.7 266.5 334.7 366.4 80
2021002991 0.117 50.4 159.6 206.8 251.5 80
2021002991 0.117 108.6 217.0 248.6 369.2 80
2021002991 0.116 70.0 322.2 135.7 405.6 80
2021002991 0.113 -10.1 183.2 175.4 282.2 80
2021002991 0.112 104.4 170.1 365.7 295.6 80
2021002991 0.112 95.1 151.0 310.4 274.0 80
2021002991 0.111 129.5 116.1 429.2 214.4 80
2021002991 0.111 -24.5 102.5 101.9 183.1 80
2021002991 0.110 57.2 45.6 372.8 137.7 80
2021002991 0.109 91.3 55.3 424.3 149.2 80
2021002991 0.108 -41.4 43.7 251.0 123.2 80
2021002991 0.108 0.5 -6.1 28.1 35.7 80
2021002991 0.107 171.9 77.8 469.5 173.9 80
2021002991 0.107 19.0 8.6 360.7 79.0 80
2021002991 0.107 -26.0 3.9 334.5 72.5 80
2021002991 0.106 139.2 21.1 468.5 90.7 80
2021002991 0.105 -91.9 22.1 238.5 91.8 80
2021002991 0.104 304.5 54.5 413.8 146.5 80
2021002991 0.104 56.5 -2.3 429.7 49.5 80
2021002991 0.100 158.0 8.1 523.5 53.9 80
2021002991 0.096 -137.2 -1.9 236.6 28.6 80
2021002991 0.092 -66.2 -3.0 307.7 30.4 80
2021002991 0.092 -103.5 -2.1 269.9 30.1 80
2021002991 0.092 -27.4 -4.0 346.5 28.1 80
2021002991 0.091 95.3 -3.2 469.3 33.1 80
2021002991 0.091 154.9 -1.3 528.9 28.8 80
2021002991 0.091 17.9 -4.7 391.9 28.9 80
2021002991 0.091 118.3 -0.9 492.2 31.5 80
2021002991 0.090 62.1 -3.6 436.1 28.0 80
2021002991 0.651 349.2 459.1 376.2 497.4 80
2021002991 0.598 22.7 88.5 310.3 499.9 9
2021002991 0.538 371.9 231.2 375.3 306.5 80
2021002991 0.509 372.9 106.8 375.4 177.2 80
2021002991 0.503 372.9 311.6 375.4 399.3 80
2021002991 0.471 1.0 159.9 4.2 233.4 80
2021002991 0.358 373.6 16.8 375.3 64.7 80
2021002991 0.349 373.7 116.4 375.0 260.4 80
2021002991 0.323 373.8 180.9 375.0 396.2 80
2021002991 0.250 373.1 66.5 375.2 414.5 80
2021002991 0.244 1.2 76.3 4.5 261.0 80
2021002991 0.243 11.1 109.4 297.0 455.0 80
2021002991 0.228 0.7 10.2 3.1 115.5 80
2021002991 0.225 0.4 139.5 2.5 305.4 80
2021002991 0.214 0.4 61.9 5.9 434.7 80
2021002991 0.213 370.4 106.5 374.9 476.7 80
2021002991 0.208 0.4 255.0 3.3 434.6 80
2021002991 0.208 -1.1 48.0 14.6 444.8 80
2021002991 0.186 -0.1 373.1 10.0 518.5 80
2021002991 0.184 369.1 350.6 377.4 473.2 80
2021002991 0.183 1.0 212.6 14.1 499.7 80
2021002991 0.172 336.4 48.7 369.4 516.4 80
2021002991 0.167 -0.0 77.4 44.8 515.3 80
2021002991 0.164 372.7 31.8 375.8 113.1 80
2021002991 0.161 21.5 352.9 205.1 512.5 80
2021002991 0.159 11.4 130.2 298.7 425.7 80
2021002991 0.158 53.2 184.6 315.7 429.5 80
2021002991 0.153 95.3 466.6 276.0 501.9 80
2021002991 0.152 79.5 373.8 243.8 501.7 80
2021002991 0.151 0.4 58.4 15.3 136.4 80
2021002991 0.150 210.4 416.6 339.1 504.9 80
2021002991 0.149 52.9 149.9 316.9 395.7 80
2021002991 0.148 254.4 269.5 376.3 484.8 80
2021002991 0.147 135.7 412.5 268.5 501.0 80
2021002991 0.146 37.6 162.5 309.7 420.6 80
2021002991 0.141 41.6 144.9 316.0 412.7 80
2021002991 0.140 120.8 481.0 253.1 503.4 80
2021002991 0.140 -2.9 273.0 165.8 492.4 80
2021002991 0.135 19.3 123.6 152.7 467.9 80
2021002991 0.135 28.7 272.5 240.0 467.6 80
2021002991 0.134 77.6 296.5 297.7 465.4 80
2021002991 0.134 8.0 165.9 249.7 424.3 80
2021002991 0.134 110.0 345.6 185.6 443.0 80
2021002991 0.134 35.9 236.1 271.7 438.2 80
2021002991 0.133 87.8 179.5 315.3 419.4 80
2021002991 0.133 169.5 255.1 357.5 452.7 80
2021002991 0.132 137.1 273.1 325.9 452.4 80
2021002991 0.132 203.7 197.5 371.3 432.9 80
2021002991 0.132 77.6 254.2 295.7 443.6 80
2021002991 0.132 33.1 177.4 199.4 417.6 80
2021002991 0.132 255.0 477.6 347.3 505.4 80
2021002991 0.132 11.1 207.9 209.7 449.7 80
2021002991 0.130 11.0 444.1 76.5 500.1 80
2021002991 0.129 169.4 269.5 260.5 366.8 80
2021002991 0.128 104.9 249.3 229.2 359.5 80
2021002991 0.127 30.5 173.2 298.0 386.1 80
2021002991 0.125 155.2 194.8 328.8 407.6 80
2021002991 0.124 19.3 279.8 62.8 386.0 80
2021002991 0.124 304.7 452.9 372.4 497.8 80
2021002991 0.124 107.1 258.9 199.2 374.8 80
2021002991 0.123 138.9 289.5 232.7 398.1 80
2021002991 0.123 76.3 248.2 158.2 348.9 80
2021002991 0.122 322.9 233.3 370.2 380.8 80
2021002991 0.121 113.2 181.6 256.3 300.6 80
2021002991 0.121 249.3 280.3 340.4 364.6 80
2021002991 0.121 33.7 471.2 120.2 504.7 80
2021002991 0.121 194.1 467.3 284.6 501.1 80
2021002991 0.120 96.8 187.1 232.9 290.5 80
2021002991 0.120 104.4 194.2 250.2 309.0 80
2021002991 0.119 81.5 467.0 170.5 503.2 80
2021002991 0.118 186.7 266.5 334.7 366.4 80
2021002991 0.117 50.4 159.6 206.8 251.5 80
2021002991 0.117 108.6 217.0 248.6 369.2 80
2021002991 0.116 70.0 322.2 135.7 405.6 80
2021002991 0.113 -10.1 183.2 175.4 282.2 80
2021002991 0.112 104.4 170.1 365.7 295.6 80
2021002991 0.112 95.1 151.0 310.4 274.0 80
2021002991 0.111 129.5 116.1 429.2 214.4 80
2021002991 0.111 -24.5 102.5 101.9 183.1 80
2021002991 0.110 57.2 45.6 372.8 137.7 80
2021002991 0.109 91.3 55.3 424.3 149.2 80
2021002991 0.108 -41.4 43.7 251.0 123.2 80
2021002991 0.108 0.5 -6.1 28.1 35.7 80
2021002991 0.107 171.9 77.8 469.5 173.9 80
2021002991 0.107 19.0 8.6 360.7 79.0 80
2021002991 0.107 -26.0 3.9 334.5 72.5 80
2021002991 0.106 139.2 21.1 468.5 90.7 80
2021002991 0.105 -91.9 22.1 238.5 91.8 80
2021002991 0.104 304.5 54.5 413.8 146.5 80
2021002991 0.104 56.5 -2.3 429.7 49.5 80
2021002991 0.100 158.0 8.1 523.5 53.9 80
2021002991 0.096 -137.2 -1.9 236.6 28.6 80
2021002991 0.092 -66.2 -3.0 307.7 30.4 80
2021002991 0.092 -103.5 -2.1 269.9 30.1 80
2021002991 0.092 -27.4 -4.0 346.5 28.1 80
2021002991 0.091 95.3 -3.2 469.3 33.1 80
2021002991 0.091 154.9 -1.3 528.9 28.8 80
2021002991 0.091 17.9 -4.7 391.9 28.9 80
2021002991 0.091 118.3 -0.9 492.2 31.5 80
2021002991 0.090 62.1 -3.6 436.1 28.0 80
2021002991 0.000 274.2 138.0 369.7 347.9 80
2021002991 0.000 3.6 170.1 147.4 355.4 80
2021002991 0.000 159.5 102.9 310.9 256.1 80
2021002991 0.000 103.6 47.3 248.7 250.8 80
2021002991 0.000 205.5 188.2 375.2 338.3 80
2021002991 0.000 0.6 39.8 77.2 331.8 80
2021002991 0.000 337.9 85.0 374.9 195.1 80
2021002991 0.000 148.0 215.9 208.1 302.0 80
2021002991 0.000 0.6 172.5 77.2 475.3 80
2021002991 0.000 0.5 200.0 35.7 311.7 80
2021002991 0.000 62.3 251.8 118.1 339.7 80
2021002991 0.000 340.0 254.9 374.9 369.7 80
2021002991 0.000 340.3 170.4 374.8 282.3 80
2021002991 0.000 119.2 71.1 368.6 369.0 80
2021002991 0.000 100.1 182.7 166.4 269.0 80
2021002991 0.000 301.8 236.4 362.2 323.5 80
2021002991 0.000 1.4 268.4 36.0 380.1 80
2021002991 0.000 13.3 207.2 78.7 293.8 80
2021002991 0.000 103.5 230.1 167.4 316.1 80
2021002991 0.000 332.8 333.4 374.2 485.8 80
2021002991 0.000 19.8 142.9 228.6 350.8 80
2021002991 0.000 182.2 186.1 248.8 271.3 80
2021002991 0.000 214.8 230.6 279.9 315.8 80
2021002991 0.000 149.6 149.7 216.4 235.9 80
2021002991 0.000 239.7 3.9 379.0 248.6 80
2021002991 0.000 251.8 196.9 319.2 281.9 80
2021002991 0.000 298.6 156.7 375.3 472.3 80
2021002991 0.000 52.2 160.7 120.5 246.1 80
2021002991 0.000 260.5 271.5 321.0 357.5 80
2021002991 0.000 0.4 28.2 39.1 140.9 80
2021002991 0.000 181.5 63.4 337.0 411.1 80
2021002991 0.000 8.3 22.9 168.3 245.8 80
2021002991 0.000 100.0 187.3 279.6 316.6 80
2021002991 0.000 144.1 160.5 252.6 355.3 80
2021002991 0.000 208.1 135.6 368.6 491.0 80
2021002991 0.000 0.5 118.7 38.5 231.7 80
2021002991 0.000 177.6 201.0 296.7 451.0 80
2021002991 0.000 79.0 193.2 190.1 412.5 80
2021002991 0.000 1.4 2.6 374.5 276.2 80
2021002991 0.000 27.4 295.8 88.6 385.4 80
2021002991 0.000 224.5 138.9 294.4 223.7 80
2021002991 0.000 0.7 336.0 43.4 492.6 80
2021002991 0.000 22.2 33.5 298.9 344.9 80
2021002991 0.000 142.3 71.5 211.7 157.2 80
2021002991 0.000 118.9 167.3 248.8 462.4 80
2021002991 0.000 91.7 112.8 285.5 485.5 80
2021002991 0.000 -2.7 123.0 182.9 494.6 80
2021002991 0.000 284.1 135.0 354.1 220.6 80
2021002991 0.000 83.3 133.0 290.8 394.5 80
2021002991 0.000 113.3 104.8 380.6 498.3 80
2021002991 0.000 58.8 31.2 318.3 478.2 80
2021002991 0.000 6.2 193.7 267.3 491.0 80
2021002991 0.000 109.2 282.4 267.9 494.0 80
2021002991 0.000 55.4 65.2 206.8 408.4 80
2021002991 0.000 269.0 26.2 375.4 479.9 80
2021002991 0.000 95.1 114.2 164.6 199.4 80
2021002991 0.000 109.6 216.1 358.3 491.7 80
2021002991 0.000 -1.2 257.1 145.8 493.4 80
2021002991 0.000 6.2 329.7 246.3 497.1 80
2021002991 0.000 157.3 9.2 376.5 496.0 80
2021002991 0.000 221.4 257.5 366.2 491.0 80
2021002991 0.000 -1.9 97.8 279.1 495.3 80
2021002991 0.000 2.8 375.1 99.7 499.1 80
2021002991 0.000 -1.9 10.2 220.9 494.3 80
2021002991 0.000 42.1 106.1 344.7 433.9 80
2021002991 0.000 99.8 304.0 159.9 387.7 80
2021002991 0.000 150.3 350.1 373.1 499.9 80
2021002991 0.000 30.7 199.4 324.1 375.2 80
2021002991 0.000 270.4 335.5 370.9 494.4 80
2021002991 0.000 1.1 303.4 374.1 500.9 80
2021002991 0.000 1.0 2.1 312.9 497.1 80
2021002991 0.000 -1.3 22.1 110.8 486.5 80
2021002991 0.000 97.4 13.4 283.8 488.1 80
2021002991 0.000 60.2 2.4 373.5 495.5 80
2021002991 0.000 101.0 -2.3 348.6 159.1 80
2021002991 0.000 0.4 148.7 374.3 495.6 80
2021002991 0.000 12.6 59.4 358.2 501.6 80
2021002991 0.000 1.0 30.2 374.6 444.6 80
2021002991 0.000 2.0 121.5 374.6 375.6 80
2021002991 0.000 166.8 268.0 310.0 390.2 80
2021002991 0.000 0.8 0.3 374.8 499.0 80
2021002991 0.000 185.7 6.4 254.1 97.0 80
2021002991 0.000 156.2 335.2 235.4 426.5 80
2021002991 0.000 136.0 307.5 193.9 389.0 80
2021002991 0.000 238.1 69.8 310.2 155.8 80
2021002991 0.000 319.2 7.2 373.2 114.4 80
2021002991 0.000 243.3 301.9 305.5 381.3 80
2021002991 0.000 24.2 89.9 98.0 179.5 80
2021002991 0.000 0.8 0.3 374.8 499.0 14
2021002991 0.000 114.7 396.1 176.3 484.8 80
2021002991 0.000 0.8 0.3 374.8 499.0 7
2021002991 0.000 0.8 0.3 374.8 499.0 11
2021002991 0.000 60.2 2.4 373.5 495.5 14
2021002991 0.000 58.8 31.2 318.3 478.2 14
2021002991 0.000 157.3 9.2 376.5 496.0 14
2021002991 0.000 -2.7 123.0 182.9 494.6 14
2021002991 0.000 12.6 59.4 358.2 501.6 14
2021002991 0.000 1.0 2.1 312.9 497.1 14
2021002991 0.000 -1.9 10.2 220.9 494.3 14
2021002991 0.000 91.7 112.8 285.5 485.5 14
