2021000000417043 0.803 598.7 418.0 641.3 478.7 80
2021000000417043 0.777 48.8 112.6 596.9 360.0 80
2021000000417043 0.767 514.8 214.7 540.1 243.6 80
2021000000417043 0.759 343.5 116.8 360.8 126.5 80
2021000000417043 0.757 289.4 148.3 297.3 161.9 80
2021000000417043 0.757 172.8 237.1 183.1 248.6 80
2021000000417043 0.752 190.7 219.4 206.5 242.4 80
2021000000417043 0.745 147.7 216.2 161.1 233.2 80
2021000000417043 0.745 464.1 184.4 491.8 224.6 80
2021000000417043 0.737 193.0 220.1 238.8 248.7 80
2021000000417043 0.736 485.7 172.9 519.8 213.3 80
2021000000417043 0.735 188.8 129.2 304.8 256.0 80
2021000000417043 0.725 632.8 181.3 639.9 244.1 80
2021000000417043 0.722 595.3 197.6 638.1 245.6 80
2021000000417043 0.721 146.5 216.3 160.8 232.7 80
2021000000417043 0.720 576.8 149.3 608.1 222.0 80
2021000000417043 0.720 396.4 175.8 415.7 202.2 80
2021000000417043 0.720 383.9 175.0 396.4 192.7 80
2021000000417043 0.716 174.4 236.2 183.2 246.9 80
2021000000417043 0.715 405.0 147.9 433.1 188.9 80
