2021000000173830 0.789 552.7 583.2 598.7 634.5 80
2021000000173830 0.779 185.0 182.3 436.5 577.6 18
2021000000173830 0.776 195.0 220.6 438.7 573.0 80
2021000000173830 0.769 3.5 79.9 591.6 577.9 80
2021000000173830 0.756 197.5 245.7 217.6 266.4 80
2021000000173830 0.746 191.8 267.7 387.0 563.7 80
2021000000173830 0.746 232.3 186.4 404.0 386.1 80
2021000000173830 0.738 3.1 -0.1 38.7 23.5 80
2021000000173830 0.737 590.0 368.4 593.0 580.1 80
2021000000173830 0.141 514.9 195.5 633.2 656.4 80
2021000000173830 0.122 363.5 208.7 459.4 282.8 80
2021000000173830 0.115 10.7 629.8 492.1 643.8 80
2021000000173830 0.115 172.1 616.9 614.3 644.5 80
2021000000173830 0.110 251.1 238.2 352.6 341.1 80
2021000000173830 0.109 338.0 294.6 422.6 371.1 80
2021000000173830 0.108 309.2 363.7 403.9 460.4 80
2021000000173830 0.107 231.3 305.7 330.2 414.5 80
2021000000173830 0.105 61.4 622.7 283.9 642.0 80
2021000000173830 0.102 216.9 363.2 309.8 468.3 80
2021000000173830 0.102 539.6 285.2 626.2 409.3 80
