2021000000148508 0.757 580.8 345.0 635.6 421.3 80
2021000000148508 0.733 211.4 126.6 230.2 142.1 80
2021000000148508 0.726 171.1 117.8 276.9 261.9 80
2021000000148508 0.716 246.9 286.9 371.7 420.4 80
2021000000148508 0.712 166.6 198.7 180.8 237.8 80
2021000000148508 0.710 630.5 162.0 640.1 368.3 80
2021000000148508 0.706 188.5 126.7 207.4 143.1 80
2021000000148508 0.703 577.9 174.2 612.6 207.8 80
2021000000148508 0.696 567.4 175.1 582.4 194.1 80
2021000000148508 0.695 575.0 175.4 611.6 212.6 80
2021000000148508 0.682 501.1 174.6 634.9 423.5 80
2021000000148508 0.679 185.5 126.8 206.6 145.0 80
2021000000148508 0.670 458.5 187.0 531.5 400.4 80
2021000000148508 0.670 409.4 214.3 560.3 415.3 80
2021000000148508 0.669 568.8 178.6 576.8 193.7 80
2021000000148508 0.666 151.1 217.8 164.8 259.8 80
2021000000148508 0.662 620.6 176.4 640.3 208.9 80
2021000000148508 0.652 623.5 172.1 640.5 198.6 80
2021000000148508 0.638 506.6 170.1 523.6 189.6 80
2021000000148508 0.635 241.4 285.0 374.0 424.0 18
