2021000000541291 0.788 608.7 384.2 639.1 422.9 80
2021000000541291 0.783 145.5 32.4 563.1 365.2 80
2021000000541291 0.781 206.7 80.2 431.6 223.0 80
2021000000541291 0.778 178.9 37.9 543.4 260.1 80
2021000000541291 0.778 216.4 77.9 435.6 198.8 80
2021000000541291 0.765 35.5 130.9 521.5 427.2 80
2021000000541291 0.765 43.8 258.2 166.6 302.7 80
2021000000541291 0.757 54.3 256.5 95.9 272.8 80
2021000000541291 0.757 11.8 364.5 29.1 386.1 80
2021000000541291 0.754 1.4 171.3 638.1 414.5 80
2021000000541291 0.751 81.7 21.5 604.6 422.5 80
2021000000541291 0.749 41.4 257.5 330.4 416.5 80
2021000000541291 0.749 155.3 259.8 175.3 269.0 80
2021000000541291 0.747 26.6 232.7 602.4 419.7 80
2021000000541291 0.743 10.8 366.6 29.1 385.6 80
2021000000541291 0.743 69.5 263.4 189.5 286.1 80
2021000000541291 0.734 52.0 253.0 91.3 272.5 80
2021000000541291 0.730 33.2 273.5 441.4 418.8 80
2021000000541291 0.726 56.0 256.6 169.7 283.7 80
2021000000541291 0.724 24.7 265.4 287.4 417.5 80
2021000000541291 0.788 608.7 384.2 639.1 422.9 80
2021000000541291 0.783 145.5 32.4 563.1 365.2 80
2021000000541291 0.781 206.7 80.2 431.6 223.0 80
2021000000541291 0.778 178.9 37.9 543.4 260.1 80
2021000000541291 0.778 216.4 77.9 435.6 198.8 80
2021000000541291 0.765 35.5 130.9 521.5 427.2 80
2021000000541291 0.765 43.8 258.2 166.6 302.7 80
2021000000541291 0.757 54.3 256.5 95.9 272.8 80
2021000000541291 0.757 11.8 364.5 29.1 386.1 80
2021000000541291 0.754 1.4 171.3 638.1 414.5 80
2021000000541291 0.751 81.7 21.5 604.6 422.5 80
2021000000541291 0.749 41.4 257.5 330.4 416.5 80
2021000000541291 0.749 155.3 259.8 175.3 269.0 80
2021000000541291 0.747 26.6 232.7 602.4 419.7 80
2021000000541291 0.743 10.8 366.6 29.1 385.6 80
2021000000541291 0.743 69.5 263.4 189.5 286.1 80
2021000000541291 0.734 52.0 253.0 91.3 272.5 80
2021000000541291 0.730 33.2 273.5 441.4 418.8 80
2021000000541291 0.726 56.0 256.6 169.7 283.7 80
2021000000541291 0.724 24.7 265.4 287.4 417.5 80
2021000000541291 0.722 39.5 258.2 225.6 330.3 80
2021000000541291 0.722 24.1 34.1 562.5 421.3 80
2021000000541291 0.717 24.6 200.1 273.8 390.2 80
2021000000541291 0.717 48.8 29.0 581.4 425.1 80
2021000000541291 0.715 14.9 200.0 280.5 419.4 80
2021000000541291 0.692 15.9 259.3 247.5 412.4 80
2021000000541291 0.690 145.0 27.8 586.6 423.8 80
2021000000541291 0.636 3.2 14.5 638.2 423.4 80
2021000000541291 0.475 30.9 27.0 585.3 423.3 80
2021000000541291 0.415 15.3 256.8 274.2 418.0 80
2021000000541291 0.309 15.3 256.8 274.2 418.0 3
2021000000541291 0.157 589.9 47.1 645.0 457.1 80
2021000000541291 0.151 30.9 27.0 585.3 423.3 12
2021000000541291 0.137 194.1 153.5 405.0 299.4 80
2021000000541291 0.131 -0.1 71.2 68.3 466.4 80
2021000000541291 0.124 250.1 25.7 363.0 58.2 80
2021000000541291 0.121 165.4 223.4 318.4 335.8 80
2021000000541291 0.120 441.2 400.6 793.3 431.7 80
2021000000541291 0.119 337.3 204.6 506.1 334.6 80
2021000000541291 0.119 30.9 27.0 585.3 423.3 3
2021000000541291 0.117 327.3 172.2 477.1 269.4 80
2021000000541291 0.112 325.1 276.1 468.3 366.6 80
2021000000541291 0.111 227.7 148.7 328.5 204.4 80
2021000000541291 0.111 3.2 14.5 638.2 423.4 12
2021000000541291 0.111 590.8 201.2 667.5 275.6 80
2021000000541291 0.111 260.3 415.8 546.9 426.5 80
2021000000541291 0.109 390.7 184.5 487.1 237.2 80
2021000000541291 0.108 435.9 166.8 518.9 213.1 80
2021000000541291 0.108 191.2 173.9 328.3 270.2 80
2021000000541291 0.103 135.0 412.1 253.5 429.6 80
2021000000541291 0.103 564.0 2.3 665.8 8.0 80
2021000000541291 0.097 471.1 1.6 569.0 5.2 80
2021000000541291 0.097 187.3 153.4 277.5 210.1 80
2021000000541291 0.096 156.4 206.4 270.4 291.6 80
2021000000541291 0.095 152.1 411.0 298.8 426.7 80
2021000000541291 0.095 339.8 0.1 438.0 3.3 80
2021000000541291 0.094 377.0 0.4 474.3 3.3 80
2021000000541291 0.094 451.0 214.5 545.4 283.5 80
2021000000541291 0.094 405.9 219.1 517.0 299.0 80
2021000000541291 0.093 535.3 180.7 624.4 247.8 80
2021000000541291 0.093 81.6 156.5 175.0 223.8 80
2021000000541291 0.093 -24.9 205.9 62.8 298.9 80
2021000000541291 0.091 30.9 27.0 585.3 423.3 18
2021000000541291 0.091 494.2 198.2 586.7 270.4 80
2021000000541291 0.090 -17.6 158.8 144.5 495.9 80
2021000000541291 0.089 551.5 211.5 649.9 311.8 80
2021000000541291 0.088 -6.1 173.5 78.1 236.1 80
2021000000541291 0.088 509.3 207.1 620.1 330.8 80
2021000000541291 0.087 467.2 238.5 574.6 338.1 80
2021000000541291 0.085 423.7 252.8 542.0 361.2 80
2021000000541291 0.084 119.8 0.6 205.7 1.9 80
2021000000541291 0.084 15.9 259.3 247.5 412.4 3
2021000000541291 0.082 145.0 27.8 586.6 423.8 12
2021000000541291 0.079 3.2 14.5 638.2 423.4 3
2021000000541291 0.078 515.2 115.3 653.6 450.0 80
2021000000541291 0.077 519.9 1.0 596.5 1.8 80
2021000000541291 0.076 510.6 356.9 612.4 399.9 80
2021000000541291 0.074 441.0 357.7 535.3 400.6 80
2021000000541291 0.074 230.5 360.2 334.0 403.4 80
2021000000541291 0.073 295.6 356.7 397.9 400.5 80
2021000000541291 0.073 466.0 199.5 619.4 432.9 80
2021000000541291 0.073 350.9 247.4 525.8 418.6 80
2021000000541291 0.071 384.8 332.8 477.9 378.6 80
2021000000541291 0.069 24.6 200.1 273.8 390.2 3
2021000000541291 0.069 513.9 9.4 661.2 52.7 80
2021000000541291 0.069 375.0 8.0 550.5 51.2 80
2021000000541291 0.068 428.2 9.2 588.2 51.1 80
2021000000541291 0.068 -40.9 6.8 145.9 49.3 80
2021000000541291 0.068 99.8 7.3 339.9 49.6 80
2021000000541291 0.068 17.5 6.0 245.1 47.8 80
2021000000541291 0.068 330.6 6.6 497.6 48.4 80
2021000000541291 0.067 -1.1 8.1 184.4 49.5 80
2021000000541291 0.067 247.5 3.0 431.8 44.2 80
2021000000541291 0.067 -31.9 32.4 52.4 74.4 80
2021000000541291 0.067 -31.0 7.1 77.6 48.0 80
2021000000541291 0.067 89.9 6.2 247.8 46.6 80
2021000000541291 0.067 569.4 24.7 662.0 65.5 80
2021000000541291 0.067 173.6 3.7 348.7 43.2 80
2021000000541291 0.066 223.4 3.4 362.7 41.8 80
2021000000541291 0.066 14.9 200.0 280.5 419.4 3
2021000000541291 0.788 608.7 384.2 639.1 422.9 80
2021000000541291 0.783 145.5 32.4 563.1 365.2 80
2021000000541291 0.781 206.7 80.2 431.6 223.0 80
2021000000541291 0.778 178.9 37.9 543.4 260.1 80
2021000000541291 0.778 216.4 77.9 435.6 198.8 80
2021000000541291 0.765 35.5 130.9 521.5 427.2 80
2021000000541291 0.765 43.8 258.2 166.6 302.7 80
2021000000541291 0.757 54.3 256.5 95.9 272.8 80
2021000000541291 0.757 11.8 364.5 29.1 386.1 80
2021000000541291 0.754 1.4 171.3 638.1 414.5 80
2021000000541291 0.751 81.7 21.5 604.6 422.5 80
2021000000541291 0.749 41.4 257.5 330.4 416.5 80
2021000000541291 0.749 155.3 259.8 175.3 269.0 80
2021000000541291 0.747 26.6 232.7 602.4 419.7 80
2021000000541291 0.743 10.8 366.6 29.1 385.6 80
2021000000541291 0.743 69.5 263.4 189.5 286.1 80
2021000000541291 0.734 52.0 253.0 91.3 272.5 80
2021000000541291 0.730 33.2 273.5 441.4 418.8 80
2021000000541291 0.726 56.0 256.6 169.7 283.7 80
2021000000541291 0.724 24.7 265.4 287.4 417.5 80
2021000000541291 0.722 39.5 258.2 225.6 330.3 80
2021000000541291 0.722 24.1 34.1 562.5 421.3 80
2021000000541291 0.717 24.6 200.1 273.8 390.2 80
2021000000541291 0.717 48.8 29.0 581.4 425.1 80
2021000000541291 0.715 14.9 200.0 280.5 419.4 80
2021000000541291 0.692 15.9 259.3 247.5 412.4 80
2021000000541291 0.690 145.0 27.8 586.6 423.8 80
2021000000541291 0.636 3.2 14.5 638.2 423.4 80
2021000000541291 0.475 30.9 27.0 585.3 423.3 80
2021000000541291 0.415 15.3 256.8 274.2 418.0 80
2021000000541291 0.309 15.3 256.8 274.2 418.0 3
2021000000541291 0.157 589.9 47.1 645.0 457.1 80
2021000000541291 0.151 30.9 27.0 585.3 423.3 12
2021000000541291 0.137 194.1 153.5 405.0 299.4 80
2021000000541291 0.131 -0.1 71.2 68.3 466.4 80
2021000000541291 0.124 250.1 25.7 363.0 58.2 80
2021000000541291 0.121 165.4 223.4 318.4 335.8 80
2021000000541291 0.120 441.2 400.6 793.3 431.7 80
2021000000541291 0.119 337.3 204.6 506.1 334.6 80
2021000000541291 0.119 30.9 27.0 585.3 423.3 3
2021000000541291 0.117 327.3 172.2 477.1 269.4 80
2021000000541291 0.112 325.1 276.1 468.3 366.6 80
2021000000541291 0.111 227.7 148.7 328.5 204.4 80
2021000000541291 0.111 3.2 14.5 638.2 423.4 12
2021000000541291 0.111 590.8 201.2 667.5 275.6 80
2021000000541291 0.111 260.3 415.8 546.9 426.5 80
2021000000541291 0.109 390.7 184.5 487.1 237.2 80
2021000000541291 0.108 435.9 166.8 518.9 213.1 80
2021000000541291 0.108 191.2 173.9 328.3 270.2 80
2021000000541291 0.103 135.0 412.1 253.5 429.6 80
2021000000541291 0.103 564.0 2.3 665.8 8.0 80
2021000000541291 0.097 471.1 1.6 569.0 5.2 80
2021000000541291 0.097 187.3 153.4 277.5 210.1 80
2021000000541291 0.096 156.4 206.4 270.4 291.6 80
2021000000541291 0.095 152.1 411.0 298.8 426.7 80
2021000000541291 0.095 339.8 0.1 438.0 3.3 80
2021000000541291 0.094 377.0 0.4 474.3 3.3 80
2021000000541291 0.094 451.0 214.5 545.4 283.5 80
2021000000541291 0.094 405.9 219.1 517.0 299.0 80
2021000000541291 0.093 535.3 180.7 624.4 247.8 80
2021000000541291 0.093 81.6 156.5 175.0 223.8 80
2021000000541291 0.093 -24.9 205.9 62.8 298.9 80
2021000000541291 0.091 30.9 27.0 585.3 423.3 18
2021000000541291 0.091 494.2 198.2 586.7 270.4 80
2021000000541291 0.090 -17.6 158.8 144.5 495.9 80
2021000000541291 0.089 551.5 211.5 649.9 311.8 80
2021000000541291 0.088 -6.1 173.5 78.1 236.1 80
2021000000541291 0.088 509.3 207.1 620.1 330.8 80
2021000000541291 0.087 467.2 238.5 574.6 338.1 80
2021000000541291 0.085 423.7 252.8 542.0 361.2 80
2021000000541291 0.084 119.8 0.6 205.7 1.9 80
2021000000541291 0.084 15.9 259.3 247.5 412.4 3
2021000000541291 0.082 145.0 27.8 586.6 423.8 12
2021000000541291 0.079 3.2 14.5 638.2 423.4 3
2021000000541291 0.078 515.2 115.3 653.6 450.0 80
2021000000541291 0.077 519.9 1.0 596.5 1.8 80
2021000000541291 0.076 510.6 356.9 612.4 399.9 80
2021000000541291 0.074 441.0 357.7 535.3 400.6 80
2021000000541291 0.074 230.5 360.2 334.0 403.4 80
2021000000541291 0.073 295.6 356.7 397.9 400.5 80
2021000000541291 0.073 466.0 199.5 619.4 432.9 80
2021000000541291 0.073 350.9 247.4 525.8 418.6 80
2021000000541291 0.071 384.8 332.8 477.9 378.6 80
2021000000541291 0.069 24.6 200.1 273.8 390.2 3
2021000000541291 0.069 513.9 9.4 661.2 52.7 80
2021000000541291 0.069 375.0 8.0 550.5 51.2 80
2021000000541291 0.068 428.2 9.2 588.2 51.1 80
2021000000541291 0.068 -40.9 6.8 145.9 49.3 80
2021000000541291 0.068 99.8 7.3 339.9 49.6 80
2021000000541291 0.068 17.5 6.0 245.1 47.8 80
2021000000541291 0.068 330.6 6.6 497.6 48.4 80
2021000000541291 0.067 -1.1 8.1 184.4 49.5 80
2021000000541291 0.067 247.5 3.0 431.8 44.2 80
2021000000541291 0.067 -31.9 32.4 52.4 74.4 80
2021000000541291 0.067 -31.0 7.1 77.6 48.0 80
2021000000541291 0.067 89.9 6.2 247.8 46.6 80
2021000000541291 0.067 569.4 24.7 662.0 65.5 80
2021000000541291 0.067 173.6 3.7 348.7 43.2 80
2021000000541291 0.066 223.4 3.4 362.7 41.8 80
2021000000541291 0.066 14.9 200.0 280.5 419.4 3
2021000000541291 0.788 608.7 384.2 639.1 422.9 80
2021000000541291 0.783 145.5 32.4 563.1 365.2 80
2021000000541291 0.781 206.7 80.2 431.6 223.0 80
2021000000541291 0.778 178.9 37.9 543.4 260.1 80
2021000000541291 0.778 216.4 77.9 435.6 198.8 80
2021000000541291 0.765 35.5 130.9 521.5 427.2 80
2021000000541291 0.765 43.8 258.2 166.6 302.7 80
2021000000541291 0.757 54.3 256.5 95.9 272.8 80
2021000000541291 0.757 11.8 364.5 29.1 386.1 80
2021000000541291 0.754 1.4 171.3 638.1 414.5 80
2021000000541291 0.751 81.7 21.5 604.6 422.5 80
2021000000541291 0.749 41.4 257.5 330.4 416.5 80
2021000000541291 0.749 155.3 259.8 175.3 269.0 80
2021000000541291 0.747 26.6 232.7 602.4 419.7 80
2021000000541291 0.743 10.8 366.6 29.1 385.6 80
2021000000541291 0.743 69.5 263.4 189.5 286.1 80
2021000000541291 0.734 52.0 253.0 91.3 272.5 80
2021000000541291 0.730 33.2 273.5 441.4 418.8 80
2021000000541291 0.726 56.0 256.6 169.7 283.7 80
2021000000541291 0.724 24.7 265.4 287.4 417.5 80
2021000000541291 0.722 39.5 258.2 225.6 330.3 80
2021000000541291 0.722 24.1 34.1 562.5 421.3 80
2021000000541291 0.717 24.6 200.1 273.8 390.2 80
2021000000541291 0.717 48.8 29.0 581.4 425.1 80
2021000000541291 0.715 14.9 200.0 280.5 419.4 80
2021000000541291 0.692 15.9 259.3 247.5 412.4 80
2021000000541291 0.690 145.0 27.8 586.6 423.8 80
2021000000541291 0.636 3.2 14.5 638.2 423.4 80
2021000000541291 0.475 30.9 27.0 585.3 423.3 80
2021000000541291 0.415 15.3 256.8 274.2 418.0 80
2021000000541291 0.309 15.3 256.8 274.2 418.0 3
2021000000541291 0.157 589.9 47.1 645.0 457.1 80
2021000000541291 0.151 30.9 27.0 585.3 423.3 12
2021000000541291 0.137 194.1 153.5 405.0 299.4 80
2021000000541291 0.131 -0.1 71.2 68.3 466.4 80
2021000000541291 0.124 250.1 25.7 363.0 58.2 80
2021000000541291 0.121 165.4 223.4 318.4 335.8 80
2021000000541291 0.120 441.2 400.6 793.3 431.7 80
2021000000541291 0.119 337.3 204.6 506.1 334.6 80
2021000000541291 0.119 30.9 27.0 585.3 423.3 3
2021000000541291 0.117 327.3 172.2 477.1 269.4 80
2021000000541291 0.112 325.1 276.1 468.3 366.6 80
2021000000541291 0.111 227.7 148.7 328.5 204.4 80
2021000000541291 0.111 3.2 14.5 638.2 423.4 12
2021000000541291 0.111 590.8 201.2 667.5 275.6 80
2021000000541291 0.111 260.3 415.8 546.9 426.5 80
2021000000541291 0.109 390.7 184.5 487.1 237.2 80
2021000000541291 0.108 435.9 166.8 518.9 213.1 80
2021000000541291 0.108 191.2 173.9 328.3 270.2 80
2021000000541291 0.103 135.0 412.1 253.5 429.6 80
2021000000541291 0.103 564.0 2.3 665.8 8.0 80
2021000000541291 0.097 471.1 1.6 569.0 5.2 80
2021000000541291 0.097 187.3 153.4 277.5 210.1 80
2021000000541291 0.096 156.4 206.4 270.4 291.6 80
2021000000541291 0.095 152.1 411.0 298.8 426.7 80
2021000000541291 0.095 339.8 0.1 438.0 3.3 80
2021000000541291 0.094 377.0 0.4 474.3 3.3 80
2021000000541291 0.094 451.0 214.5 545.4 283.5 80
2021000000541291 0.094 405.9 219.1 517.0 299.0 80
2021000000541291 0.093 535.3 180.7 624.4 247.8 80
2021000000541291 0.093 81.6 156.5 175.0 223.8 80
2021000000541291 0.093 -24.9 205.9 62.8 298.9 80
2021000000541291 0.091 30.9 27.0 585.3 423.3 18
2021000000541291 0.091 494.2 198.2 586.7 270.4 80
2021000000541291 0.090 -17.6 158.8 144.5 495.9 80
2021000000541291 0.089 551.5 211.5 649.9 311.8 80
2021000000541291 0.088 -6.1 173.5 78.1 236.1 80
2021000000541291 0.088 509.3 207.1 620.1 330.8 80
2021000000541291 0.087 467.2 238.5 574.6 338.1 80
2021000000541291 0.085 423.7 252.8 542.0 361.2 80
2021000000541291 0.084 119.8 0.6 205.7 1.9 80
2021000000541291 0.084 15.9 259.3 247.5 412.4 3
2021000000541291 0.082 145.0 27.8 586.6 423.8 12
2021000000541291 0.079 3.2 14.5 638.2 423.4 3
2021000000541291 0.078 515.2 115.3 653.6 450.0 80
2021000000541291 0.077 519.9 1.0 596.5 1.8 80
2021000000541291 0.076 510.6 356.9 612.4 399.9 80
2021000000541291 0.074 441.0 357.7 535.3 400.6 80
2021000000541291 0.074 230.5 360.2 334.0 403.4 80
2021000000541291 0.073 295.6 356.7 397.9 400.5 80
2021000000541291 0.073 466.0 199.5 619.4 432.9 80
2021000000541291 0.073 350.9 247.4 525.8 418.6 80
2021000000541291 0.071 384.8 332.8 477.9 378.6 80
2021000000541291 0.069 24.6 200.1 273.8 390.2 3
2021000000541291 0.069 513.9 9.4 661.2 52.7 80
2021000000541291 0.069 375.0 8.0 550.5 51.2 80
2021000000541291 0.068 428.2 9.2 588.2 51.1 80
2021000000541291 0.068 -40.9 6.8 145.9 49.3 80
2021000000541291 0.068 99.8 7.3 339.9 49.6 80
2021000000541291 0.068 17.5 6.0 245.1 47.8 80
2021000000541291 0.068 330.6 6.6 497.6 48.4 80
2021000000541291 0.067 -1.1 8.1 184.4 49.5 80
2021000000541291 0.067 247.5 3.0 431.8 44.2 80
2021000000541291 0.067 -31.9 32.4 52.4 74.4 80
2021000000541291 0.067 -31.0 7.1 77.6 48.0 80
2021000000541291 0.067 89.9 6.2 247.8 46.6 80
2021000000541291 0.067 569.4 24.7 662.0 65.5 80
2021000000541291 0.067 173.6 3.7 348.7 43.2 80
2021000000541291 0.066 223.4 3.4 362.7 41.8 80
2021000000541291 0.066 14.9 200.0 280.5 419.4 3
2021000000541291 0.788 608.7 384.2 639.1 422.9 80
2021000000541291 0.783 145.5 32.4 563.1 365.2 80
2021000000541291 0.781 206.7 80.2 431.6 223.0 80
2021000000541291 0.778 178.9 37.9 543.4 260.1 80
2021000000541291 0.778 216.4 77.9 435.6 198.8 80
2021000000541291 0.765 35.5 130.9 521.5 427.2 80
2021000000541291 0.765 43.8 258.2 166.6 302.7 80
2021000000541291 0.757 54.3 256.5 95.9 272.8 80
2021000000541291 0.757 11.8 364.5 29.1 386.1 80
2021000000541291 0.754 1.4 171.3 638.1 414.5 80
2021000000541291 0.751 81.7 21.5 604.6 422.5 80
2021000000541291 0.749 41.4 257.5 330.4 416.5 80
2021000000541291 0.749 155.3 259.8 175.3 269.0 80
2021000000541291 0.747 26.6 232.7 602.4 419.7 80
2021000000541291 0.743 10.8 366.6 29.1 385.6 80
2021000000541291 0.743 69.5 263.4 189.5 286.1 80
2021000000541291 0.734 52.0 253.0 91.3 272.5 80
2021000000541291 0.730 33.2 273.5 441.4 418.8 80
2021000000541291 0.726 56.0 256.6 169.7 283.7 80
2021000000541291 0.724 24.7 265.4 287.4 417.5 80
2021000000541291 0.722 39.5 258.2 225.6 330.3 80
2021000000541291 0.722 24.1 34.1 562.5 421.3 80
2021000000541291 0.717 24.6 200.1 273.8 390.2 80
2021000000541291 0.717 48.8 29.0 581.4 425.1 80
2021000000541291 0.715 14.9 200.0 280.5 419.4 80
2021000000541291 0.692 15.9 259.3 247.5 412.4 80
2021000000541291 0.690 145.0 27.8 586.6 423.8 80
2021000000541291 0.636 3.2 14.5 638.2 423.4 80
2021000000541291 0.475 30.9 27.0 585.3 423.3 80
2021000000541291 0.415 15.3 256.8 274.2 418.0 80
2021000000541291 0.309 15.3 256.8 274.2 418.0 3
2021000000541291 0.157 589.9 47.1 645.0 457.1 80
2021000000541291 0.151 30.9 27.0 585.3 423.3 12
2021000000541291 0.137 194.1 153.5 405.0 299.4 80
2021000000541291 0.131 -0.1 71.2 68.3 466.4 80
2021000000541291 0.124 250.1 25.7 363.0 58.2 80
2021000000541291 0.121 165.4 223.4 318.4 335.8 80
2021000000541291 0.120 441.2 400.6 793.3 431.7 80
2021000000541291 0.119 337.3 204.6 506.1 334.6 80
2021000000541291 0.119 30.9 27.0 585.3 423.3 3
2021000000541291 0.117 327.3 172.2 477.1 269.4 80
2021000000541291 0.112 325.1 276.1 468.3 366.6 80
2021000000541291 0.111 227.7 148.7 328.5 204.4 80
2021000000541291 0.111 3.2 14.5 638.2 423.4 12
2021000000541291 0.111 590.8 201.2 667.5 275.6 80
2021000000541291 0.111 260.3 415.8 546.9 426.5 80
2021000000541291 0.109 390.7 184.5 487.1 237.2 80
2021000000541291 0.108 435.9 166.8 518.9 213.1 80
2021000000541291 0.108 191.2 173.9 328.3 270.2 80
2021000000541291 0.103 135.0 412.1 253.5 429.6 80
2021000000541291 0.103 564.0 2.3 665.8 8.0 80
2021000000541291 0.097 471.1 1.6 569.0 5.2 80
2021000000541291 0.097 187.3 153.4 277.5 210.1 80
2021000000541291 0.096 156.4 206.4 270.4 291.6 80
2021000000541291 0.095 152.1 411.0 298.8 426.7 80
2021000000541291 0.095 339.8 0.1 438.0 3.3 80
2021000000541291 0.094 377.0 0.4 474.3 3.3 80
2021000000541291 0.094 451.0 214.5 545.4 283.5 80
2021000000541291 0.094 405.9 219.1 517.0 299.0 80
2021000000541291 0.093 535.3 180.7 624.4 247.8 80
2021000000541291 0.093 81.6 156.5 175.0 223.8 80
2021000000541291 0.093 -24.9 205.9 62.8 298.9 80
2021000000541291 0.091 30.9 27.0 585.3 423.3 18
2021000000541291 0.091 494.2 198.2 586.7 270.4 80
2021000000541291 0.090 -17.6 158.8 144.5 495.9 80
2021000000541291 0.089 551.5 211.5 649.9 311.8 80
2021000000541291 0.088 -6.1 173.5 78.1 236.1 80
2021000000541291 0.088 509.3 207.1 620.1 330.8 80
2021000000541291 0.087 467.2 238.5 574.6 338.1 80
2021000000541291 0.085 423.7 252.8 542.0 361.2 80
2021000000541291 0.084 119.8 0.6 205.7 1.9 80
2021000000541291 0.084 15.9 259.3 247.5 412.4 3
2021000000541291 0.082 145.0 27.8 586.6 423.8 12
2021000000541291 0.079 3.2 14.5 638.2 423.4 3
2021000000541291 0.078 515.2 115.3 653.6 450.0 80
2021000000541291 0.077 519.9 1.0 596.5 1.8 80
2021000000541291 0.076 510.6 356.9 612.4 399.9 80
2021000000541291 0.074 441.0 357.7 535.3 400.6 80
2021000000541291 0.074 230.5 360.2 334.0 403.4 80
2021000000541291 0.073 295.6 356.7 397.9 400.5 80
2021000000541291 0.073 466.0 199.5 619.4 432.9 80
2021000000541291 0.073 350.9 247.4 525.8 418.6 80
2021000000541291 0.071 384.8 332.8 477.9 378.6 80
2021000000541291 0.069 24.6 200.1 273.8 390.2 3
2021000000541291 0.069 513.9 9.4 661.2 52.7 80
2021000000541291 0.069 375.0 8.0 550.5 51.2 80
2021000000541291 0.068 428.2 9.2 588.2 51.1 80
2021000000541291 0.068 -40.9 6.8 145.9 49.3 80
2021000000541291 0.068 99.8 7.3 339.9 49.6 80
2021000000541291 0.068 17.5 6.0 245.1 47.8 80
2021000000541291 0.068 330.6 6.6 497.6 48.4 80
2021000000541291 0.067 -1.1 8.1 184.4 49.5 80
2021000000541291 0.067 247.5 3.0 431.8 44.2 80
2021000000541291 0.067 -31.9 32.4 52.4 74.4 80
2021000000541291 0.067 -31.0 7.1 77.6 48.0 80
2021000000541291 0.067 89.9 6.2 247.8 46.6 80
2021000000541291 0.067 569.4 24.7 662.0 65.5 80
2021000000541291 0.067 173.6 3.7 348.7 43.2 80
2021000000541291 0.066 223.4 3.4 362.7 41.8 80
2021000000541291 0.066 14.9 200.0 280.5 419.4 3
2021000000541291 0.788 608.7 384.2 639.1 422.9 80
2021000000541291 0.783 145.5 32.4 563.1 365.2 80
2021000000541291 0.781 206.7 80.2 431.6 223.0 80
2021000000541291 0.778 178.9 37.9 543.4 260.1 80
2021000000541291 0.778 216.4 77.9 435.6 198.8 80
2021000000541291 0.765 35.5 130.9 521.5 427.2 80
2021000000541291 0.765 43.8 258.2 166.6 302.7 80
2021000000541291 0.757 54.3 256.5 95.9 272.8 80
2021000000541291 0.757 11.8 364.5 29.1 386.1 80
2021000000541291 0.754 1.4 171.3 638.1 414.5 80
2021000000541291 0.751 81.7 21.5 604.6 422.5 80
2021000000541291 0.749 41.4 257.5 330.4 416.5 80
2021000000541291 0.749 155.3 259.8 175.3 269.0 80
2021000000541291 0.747 26.6 232.7 602.4 419.7 80
2021000000541291 0.743 10.8 366.6 29.1 385.6 80
2021000000541291 0.743 69.5 263.4 189.5 286.1 80
2021000000541291 0.734 52.0 253.0 91.3 272.5 80
2021000000541291 0.730 33.2 273.5 441.4 418.8 80
2021000000541291 0.726 56.0 256.6 169.7 283.7 80
2021000000541291 0.724 24.7 265.4 287.4 417.5 80
2021000000541291 0.722 39.5 258.2 225.6 330.3 80
2021000000541291 0.722 24.1 34.1 562.5 421.3 80
2021000000541291 0.717 24.6 200.1 273.8 390.2 80
2021000000541291 0.717 48.8 29.0 581.4 425.1 80
2021000000541291 0.715 14.9 200.0 280.5 419.4 80
2021000000541291 0.692 15.9 259.3 247.5 412.4 80
2021000000541291 0.690 145.0 27.8 586.6 423.8 80
2021000000541291 0.636 3.2 14.5 638.2 423.4 80
2021000000541291 0.475 30.9 27.0 585.3 423.3 80
2021000000541291 0.415 15.3 256.8 274.2 418.0 80
2021000000541291 0.309 15.3 256.8 274.2 418.0 3
2021000000541291 0.157 589.9 47.1 645.0 457.1 80
2021000000541291 0.151 30.9 27.0 585.3 423.3 12
2021000000541291 0.137 194.1 153.5 405.0 299.4 80
2021000000541291 0.131 -0.1 71.2 68.3 466.4 80
2021000000541291 0.124 250.1 25.7 363.0 58.2 80
2021000000541291 0.121 165.4 223.4 318.4 335.8 80
2021000000541291 0.120 441.2 400.6 793.3 431.7 80
2021000000541291 0.119 337.3 204.6 506.1 334.6 80
2021000000541291 0.119 30.9 27.0 585.3 423.3 3
2021000000541291 0.117 327.3 172.2 477.1 269.4 80
2021000000541291 0.112 325.1 276.1 468.3 366.6 80
2021000000541291 0.111 227.7 148.7 328.5 204.4 80
2021000000541291 0.111 3.2 14.5 638.2 423.4 12
2021000000541291 0.111 590.8 201.2 667.5 275.6 80
2021000000541291 0.111 260.3 415.8 546.9 426.5 80
2021000000541291 0.109 390.7 184.5 487.1 237.2 80
2021000000541291 0.108 435.9 166.8 518.9 213.1 80
2021000000541291 0.108 191.2 173.9 328.3 270.2 80
2021000000541291 0.103 135.0 412.1 253.5 429.6 80
2021000000541291 0.103 564.0 2.3 665.8 8.0 80
2021000000541291 0.097 471.1 1.6 569.0 5.2 80
2021000000541291 0.097 187.3 153.4 277.5 210.1 80
2021000000541291 0.096 156.4 206.4 270.4 291.6 80
2021000000541291 0.095 152.1 411.0 298.8 426.7 80
2021000000541291 0.095 339.8 0.1 438.0 3.3 80
2021000000541291 0.094 377.0 0.4 474.3 3.3 80
2021000000541291 0.094 451.0 214.5 545.4 283.5 80
2021000000541291 0.094 405.9 219.1 517.0 299.0 80
2021000000541291 0.093 535.3 180.7 624.4 247.8 80
2021000000541291 0.093 81.6 156.5 175.0 223.8 80
2021000000541291 0.093 -24.9 205.9 62.8 298.9 80
2021000000541291 0.091 30.9 27.0 585.3 423.3 18
2021000000541291 0.091 494.2 198.2 586.7 270.4 80
2021000000541291 0.090 -17.6 158.8 144.5 495.9 80
2021000000541291 0.089 551.5 211.5 649.9 311.8 80
2021000000541291 0.088 -6.1 173.5 78.1 236.1 80
2021000000541291 0.088 509.3 207.1 620.1 330.8 80
2021000000541291 0.087 467.2 238.5 574.6 338.1 80
2021000000541291 0.085 423.7 252.8 542.0 361.2 80
2021000000541291 0.084 119.8 0.6 205.7 1.9 80
2021000000541291 0.084 15.9 259.3 247.5 412.4 3
2021000000541291 0.082 145.0 27.8 586.6 423.8 12
2021000000541291 0.079 3.2 14.5 638.2 423.4 3
2021000000541291 0.078 515.2 115.3 653.6 450.0 80
2021000000541291 0.077 519.9 1.0 596.5 1.8 80
2021000000541291 0.076 510.6 356.9 612.4 399.9 80
2021000000541291 0.074 441.0 357.7 535.3 400.6 80
2021000000541291 0.074 230.5 360.2 334.0 403.4 80
2021000000541291 0.073 295.6 356.7 397.9 400.5 80
2021000000541291 0.073 466.0 199.5 619.4 432.9 80
2021000000541291 0.073 350.9 247.4 525.8 418.6 80
2021000000541291 0.071 384.8 332.8 477.9 378.6 80
2021000000541291 0.069 24.6 200.1 273.8 390.2 3
2021000000541291 0.069 513.9 9.4 661.2 52.7 80
2021000000541291 0.069 375.0 8.0 550.5 51.2 80
2021000000541291 0.068 428.2 9.2 588.2 51.1 80
2021000000541291 0.068 -40.9 6.8 145.9 49.3 80
2021000000541291 0.068 99.8 7.3 339.9 49.6 80
2021000000541291 0.068 17.5 6.0 245.1 47.8 80
2021000000541291 0.068 330.6 6.6 497.6 48.4 80
2021000000541291 0.067 -1.1 8.1 184.4 49.5 80
2021000000541291 0.067 247.5 3.0 431.8 44.2 80
2021000000541291 0.067 -31.9 32.4 52.4 74.4 80
2021000000541291 0.067 -31.0 7.1 77.6 48.0 80
2021000000541291 0.067 89.9 6.2 247.8 46.6 80
2021000000541291 0.067 569.4 24.7 662.0 65.5 80
2021000000541291 0.067 173.6 3.7 348.7 43.2 80
2021000000541291 0.066 223.4 3.4 362.7 41.8 80
2021000000541291 0.066 14.9 200.0 280.5 419.4 3
2021000000541291 0.788 608.7 384.2 639.1 422.9 80
2021000000541291 0.783 145.5 32.4 563.1 365.2 80
2021000000541291 0.781 206.7 80.2 431.6 223.0 80
2021000000541291 0.778 178.9 37.9 543.4 260.1 80
2021000000541291 0.778 216.4 77.9 435.6 198.8 80
2021000000541291 0.765 35.5 130.9 521.5 427.2 80
2021000000541291 0.765 43.8 258.2 166.6 302.7 80
2021000000541291 0.757 54.3 256.5 95.9 272.8 80
2021000000541291 0.757 11.8 364.5 29.1 386.1 80
2021000000541291 0.754 1.4 171.3 638.1 414.5 80
2021000000541291 0.751 81.7 21.5 604.6 422.5 80
2021000000541291 0.749 41.4 257.5 330.4 416.5 80
2021000000541291 0.749 155.3 259.8 175.3 269.0 80
2021000000541291 0.747 26.6 232.7 602.4 419.7 80
2021000000541291 0.743 10.8 366.6 29.1 385.6 80
2021000000541291 0.743 69.5 263.4 189.5 286.1 80
2021000000541291 0.734 52.0 253.0 91.3 272.5 80
2021000000541291 0.730 33.2 273.5 441.4 418.8 80
2021000000541291 0.726 56.0 256.6 169.7 283.7 80
2021000000541291 0.724 24.7 265.4 287.4 417.5 80
2021000000541291 0.722 39.5 258.2 225.6 330.3 80
2021000000541291 0.722 24.1 34.1 562.5 421.3 80
2021000000541291 0.717 24.6 200.1 273.8 390.2 80
2021000000541291 0.717 48.8 29.0 581.4 425.1 80
2021000000541291 0.715 14.9 200.0 280.5 419.4 80
2021000000541291 0.692 15.9 259.3 247.5 412.4 80
2021000000541291 0.690 145.0 27.8 586.6 423.8 80
2021000000541291 0.636 3.2 14.5 638.2 423.4 80
2021000000541291 0.475 30.9 27.0 585.3 423.3 80
2021000000541291 0.415 15.3 256.8 274.2 418.0 80
2021000000541291 0.309 15.3 256.8 274.2 418.0 3
2021000000541291 0.157 589.9 47.1 645.0 457.1 80
2021000000541291 0.151 30.9 27.0 585.3 423.3 12
2021000000541291 0.137 194.1 153.5 405.0 299.4 80
2021000000541291 0.131 -0.1 71.2 68.3 466.4 80
2021000000541291 0.124 250.1 25.7 363.0 58.2 80
2021000000541291 0.121 165.4 223.4 318.4 335.8 80
2021000000541291 0.120 441.2 400.6 793.3 431.7 80
2021000000541291 0.119 337.3 204.6 506.1 334.6 80
2021000000541291 0.119 30.9 27.0 585.3 423.3 3
2021000000541291 0.117 327.3 172.2 477.1 269.4 80
2021000000541291 0.112 325.1 276.1 468.3 366.6 80
2021000000541291 0.111 227.7 148.7 328.5 204.4 80
2021000000541291 0.111 3.2 14.5 638.2 423.4 12
2021000000541291 0.111 590.8 201.2 667.5 275.6 80
2021000000541291 0.111 260.3 415.8 546.9 426.5 80
2021000000541291 0.109 390.7 184.5 487.1 237.2 80
2021000000541291 0.108 435.9 166.8 518.9 213.1 80
2021000000541291 0.108 191.2 173.9 328.3 270.2 80
2021000000541291 0.103 135.0 412.1 253.5 429.6 80
2021000000541291 0.103 564.0 2.3 665.8 8.0 80
2021000000541291 0.097 471.1 1.6 569.0 5.2 80
2021000000541291 0.097 187.3 153.4 277.5 210.1 80
2021000000541291 0.096 156.4 206.4 270.4 291.6 80
2021000000541291 0.095 152.1 411.0 298.8 426.7 80
2021000000541291 0.095 339.8 0.1 438.0 3.3 80
2021000000541291 0.094 377.0 0.4 474.3 3.3 80
2021000000541291 0.094 451.0 214.5 545.4 283.5 80
2021000000541291 0.094 405.9 219.1 517.0 299.0 80
2021000000541291 0.093 535.3 180.7 624.4 247.8 80
2021000000541291 0.093 81.6 156.5 175.0 223.8 80
2021000000541291 0.093 -24.9 205.9 62.8 298.9 80
2021000000541291 0.091 30.9 27.0 585.3 423.3 18
2021000000541291 0.091 494.2 198.2 586.7 270.4 80
2021000000541291 0.090 -17.6 158.8 144.5 495.9 80
2021000000541291 0.089 551.5 211.5 649.9 311.8 80
2021000000541291 0.088 -6.1 173.5 78.1 236.1 80
2021000000541291 0.088 509.3 207.1 620.1 330.8 80
2021000000541291 0.087 467.2 238.5 574.6 338.1 80
2021000000541291 0.085 423.7 252.8 542.0 361.2 80
2021000000541291 0.084 119.8 0.6 205.7 1.9 80
2021000000541291 0.084 15.9 259.3 247.5 412.4 3
2021000000541291 0.082 145.0 27.8 586.6 423.8 12
2021000000541291 0.079 3.2 14.5 638.2 423.4 3
2021000000541291 0.078 515.2 115.3 653.6 450.0 80
2021000000541291 0.077 519.9 1.0 596.5 1.8 80
2021000000541291 0.076 510.6 356.9 612.4 399.9 80
2021000000541291 0.074 441.0 357.7 535.3 400.6 80
2021000000541291 0.074 230.5 360.2 334.0 403.4 80
2021000000541291 0.073 295.6 356.7 397.9 400.5 80
2021000000541291 0.073 466.0 199.5 619.4 432.9 80
2021000000541291 0.073 350.9 247.4 525.8 418.6 80
2021000000541291 0.071 384.8 332.8 477.9 378.6 80
2021000000541291 0.069 24.6 200.1 273.8 390.2 3
2021000000541291 0.069 513.9 9.4 661.2 52.7 80
2021000000541291 0.069 375.0 8.0 550.5 51.2 80
2021000000541291 0.068 428.2 9.2 588.2 51.1 80
2021000000541291 0.068 -40.9 6.8 145.9 49.3 80
2021000000541291 0.068 99.8 7.3 339.9 49.6 80
2021000000541291 0.068 17.5 6.0 245.1 47.8 80
2021000000541291 0.068 330.6 6.6 497.6 48.4 80
2021000000541291 0.067 -1.1 8.1 184.4 49.5 80
2021000000541291 0.067 247.5 3.0 431.8 44.2 80
2021000000541291 0.067 -31.9 32.4 52.4 74.4 80
2021000000541291 0.067 -31.0 7.1 77.6 48.0 80
2021000000541291 0.067 89.9 6.2 247.8 46.6 80
2021000000541291 0.067 569.4 24.7 662.0 65.5 80
2021000000541291 0.067 173.6 3.7 348.7 43.2 80
2021000000541291 0.066 223.4 3.4 362.7 41.8 80
2021000000541291 0.066 14.9 200.0 280.5 419.4 3
2021000000541291 0.788 608.7 384.2 639.1 422.9 80
2021000000541291 0.783 145.5 32.4 563.1 365.2 80
2021000000541291 0.781 206.7 80.2 431.6 223.0 80
2021000000541291 0.778 178.9 37.9 543.4 260.1 80
2021000000541291 0.778 216.4 77.9 435.6 198.8 80
2021000000541291 0.765 35.5 130.9 521.5 427.2 80
2021000000541291 0.765 43.8 258.2 166.6 302.7 80
2021000000541291 0.757 54.3 256.5 95.9 272.8 80
2021000000541291 0.757 11.8 364.5 29.1 386.1 80
2021000000541291 0.754 1.4 171.3 638.1 414.5 80
2021000000541291 0.751 81.7 21.5 604.6 422.5 80
2021000000541291 0.749 41.4 257.5 330.4 416.5 80
2021000000541291 0.749 155.3 259.8 175.3 269.0 80
2021000000541291 0.747 26.6 232.7 602.4 419.7 80
2021000000541291 0.743 10.8 366.6 29.1 385.6 80
2021000000541291 0.743 69.5 263.4 189.5 286.1 80
2021000000541291 0.734 52.0 253.0 91.3 272.5 80
2021000000541291 0.730 33.2 273.5 441.4 418.8 80
2021000000541291 0.726 56.0 256.6 169.7 283.7 80
2021000000541291 0.724 24.7 265.4 287.4 417.5 80
2021000000541291 0.722 39.5 258.2 225.6 330.3 80
2021000000541291 0.722 24.1 34.1 562.5 421.3 80
2021000000541291 0.717 24.6 200.1 273.8 390.2 80
2021000000541291 0.717 48.8 29.0 581.4 425.1 80
2021000000541291 0.715 14.9 200.0 280.5 419.4 80
2021000000541291 0.692 15.9 259.3 247.5 412.4 80
2021000000541291 0.690 145.0 27.8 586.6 423.8 80
2021000000541291 0.636 3.2 14.5 638.2 423.4 80
2021000000541291 0.475 30.9 27.0 585.3 423.3 80
2021000000541291 0.415 15.3 256.8 274.2 418.0 80
2021000000541291 0.309 15.3 256.8 274.2 418.0 3
2021000000541291 0.157 589.9 47.1 645.0 457.1 80
2021000000541291 0.151 30.9 27.0 585.3 423.3 12
2021000000541291 0.137 194.1 153.5 405.0 299.4 80
2021000000541291 0.131 -0.1 71.2 68.3 466.4 80
2021000000541291 0.124 250.1 25.7 363.0 58.2 80
2021000000541291 0.121 165.4 223.4 318.4 335.8 80
2021000000541291 0.120 441.2 400.6 793.3 431.7 80
2021000000541291 0.119 337.3 204.6 506.1 334.6 80
2021000000541291 0.119 30.9 27.0 585.3 423.3 3
2021000000541291 0.117 327.3 172.2 477.1 269.4 80
2021000000541291 0.112 325.1 276.1 468.3 366.6 80
2021000000541291 0.111 227.7 148.7 328.5 204.4 80
2021000000541291 0.111 3.2 14.5 638.2 423.4 12
2021000000541291 0.111 590.8 201.2 667.5 275.6 80
2021000000541291 0.111 260.3 415.8 546.9 426.5 80
2021000000541291 0.109 390.7 184.5 487.1 237.2 80
2021000000541291 0.108 435.9 166.8 518.9 213.1 80
2021000000541291 0.108 191.2 173.9 328.3 270.2 80
2021000000541291 0.103 135.0 412.1 253.5 429.6 80
2021000000541291 0.103 564.0 2.3 665.8 8.0 80
2021000000541291 0.097 471.1 1.6 569.0 5.2 80
2021000000541291 0.097 187.3 153.4 277.5 210.1 80
2021000000541291 0.096 156.4 206.4 270.4 291.6 80
2021000000541291 0.095 152.1 411.0 298.8 426.7 80
2021000000541291 0.095 339.8 0.1 438.0 3.3 80
2021000000541291 0.094 377.0 0.4 474.3 3.3 80
2021000000541291 0.094 451.0 214.5 545.4 283.5 80
2021000000541291 0.094 405.9 219.1 517.0 299.0 80
2021000000541291 0.093 535.3 180.7 624.4 247.8 80
2021000000541291 0.093 81.6 156.5 175.0 223.8 80
2021000000541291 0.093 -24.9 205.9 62.8 298.9 80
2021000000541291 0.091 30.9 27.0 585.3 423.3 18
2021000000541291 0.091 494.2 198.2 586.7 270.4 80
2021000000541291 0.090 -17.6 158.8 144.5 495.9 80
2021000000541291 0.089 551.5 211.5 649.9 311.8 80
2021000000541291 0.088 -6.1 173.5 78.1 236.1 80
2021000000541291 0.088 509.3 207.1 620.1 330.8 80
2021000000541291 0.087 467.2 238.5 574.6 338.1 80
2021000000541291 0.085 423.7 252.8 542.0 361.2 80
2021000000541291 0.084 119.8 0.6 205.7 1.9 80
2021000000541291 0.084 15.9 259.3 247.5 412.4 3
2021000000541291 0.082 145.0 27.8 586.6 423.8 12
2021000000541291 0.079 3.2 14.5 638.2 423.4 3
2021000000541291 0.078 515.2 115.3 653.6 450.0 80
2021000000541291 0.077 519.9 1.0 596.5 1.8 80
2021000000541291 0.076 510.6 356.9 612.4 399.9 80
2021000000541291 0.074 441.0 357.7 535.3 400.6 80
2021000000541291 0.074 230.5 360.2 334.0 403.4 80
2021000000541291 0.073 295.6 356.7 397.9 400.5 80
2021000000541291 0.073 466.0 199.5 619.4 432.9 80
2021000000541291 0.073 350.9 247.4 525.8 418.6 80
2021000000541291 0.071 384.8 332.8 477.9 378.6 80
2021000000541291 0.069 24.6 200.1 273.8 390.2 3
2021000000541291 0.069 513.9 9.4 661.2 52.7 80
2021000000541291 0.069 375.0 8.0 550.5 51.2 80
2021000000541291 0.068 428.2 9.2 588.2 51.1 80
2021000000541291 0.068 -40.9 6.8 145.9 49.3 80
2021000000541291 0.068 99.8 7.3 339.9 49.6 80
2021000000541291 0.068 17.5 6.0 245.1 47.8 80
2021000000541291 0.068 330.6 6.6 497.6 48.4 80
2021000000541291 0.067 -1.1 8.1 184.4 49.5 80
2021000000541291 0.067 247.5 3.0 431.8 44.2 80
2021000000541291 0.067 -31.9 32.4 52.4 74.4 80
2021000000541291 0.067 -31.0 7.1 77.6 48.0 80
2021000000541291 0.067 89.9 6.2 247.8 46.6 80
2021000000541291 0.067 569.4 24.7 662.0 65.5 80
2021000000541291 0.067 173.6 3.7 348.7 43.2 80
2021000000541291 0.066 223.4 3.4 362.7 41.8 80
2021000000541291 0.066 14.9 200.0 280.5 419.4 3
2021000000541291 0.788 608.7 384.2 639.1 422.9 80
2021000000541291 0.783 145.5 32.4 563.1 365.2 80
2021000000541291 0.781 206.7 80.2 431.6 223.0 80
2021000000541291 0.778 178.9 37.9 543.4 260.1 80
2021000000541291 0.778 216.4 77.9 435.6 198.8 80
2021000000541291 0.765 35.5 130.9 521.5 427.2 80
2021000000541291 0.765 43.8 258.2 166.6 302.7 80
2021000000541291 0.757 54.3 256.5 95.9 272.8 80
2021000000541291 0.757 11.8 364.5 29.1 386.1 80
2021000000541291 0.754 1.4 171.3 638.1 414.5 80
2021000000541291 0.751 81.7 21.5 604.6 422.5 80
2021000000541291 0.749 41.4 257.5 330.4 416.5 80
2021000000541291 0.749 155.3 259.8 175.3 269.0 80
2021000000541291 0.747 26.6 232.7 602.4 419.7 80
2021000000541291 0.743 10.8 366.6 29.1 385.6 80
2021000000541291 0.743 69.5 263.4 189.5 286.1 80
2021000000541291 0.734 52.0 253.0 91.3 272.5 80
2021000000541291 0.730 33.2 273.5 441.4 418.8 80
2021000000541291 0.726 56.0 256.6 169.7 283.7 80
2021000000541291 0.724 24.7 265.4 287.4 417.5 80
2021000000541291 0.722 39.5 258.2 225.6 330.3 80
2021000000541291 0.722 24.1 34.1 562.5 421.3 80
2021000000541291 0.717 24.6 200.1 273.8 390.2 80
2021000000541291 0.717 48.8 29.0 581.4 425.1 80
2021000000541291 0.715 14.9 200.0 280.5 419.4 80
2021000000541291 0.692 15.9 259.3 247.5 412.4 80
2021000000541291 0.690 145.0 27.8 586.6 423.8 80
2021000000541291 0.636 3.2 14.5 638.2 423.4 80
2021000000541291 0.475 30.9 27.0 585.3 423.3 80
2021000000541291 0.415 15.3 256.8 274.2 418.0 80
2021000000541291 0.309 15.3 256.8 274.2 418.0 3
2021000000541291 0.157 589.9 47.1 645.0 457.1 80
2021000000541291 0.151 30.9 27.0 585.3 423.3 12
2021000000541291 0.137 194.1 153.5 405.0 299.4 80
2021000000541291 0.131 -0.1 71.2 68.3 466.4 80
2021000000541291 0.124 250.1 25.7 363.0 58.2 80
2021000000541291 0.121 165.4 223.4 318.4 335.8 80
2021000000541291 0.120 441.2 400.6 793.3 431.7 80
2021000000541291 0.119 337.3 204.6 506.1 334.6 80
2021000000541291 0.119 30.9 27.0 585.3 423.3 3
2021000000541291 0.117 327.3 172.2 477.1 269.4 80
2021000000541291 0.112 325.1 276.1 468.3 366.6 80
2021000000541291 0.111 227.7 148.7 328.5 204.4 80
2021000000541291 0.111 3.2 14.5 638.2 423.4 12
2021000000541291 0.111 590.8 201.2 667.5 275.6 80
2021000000541291 0.111 260.3 415.8 546.9 426.5 80
2021000000541291 0.109 390.7 184.5 487.1 237.2 80
2021000000541291 0.108 435.9 166.8 518.9 213.1 80
2021000000541291 0.108 191.2 173.9 328.3 270.2 80
2021000000541291 0.103 135.0 412.1 253.5 429.6 80
2021000000541291 0.103 564.0 2.3 665.8 8.0 80
2021000000541291 0.097 471.1 1.6 569.0 5.2 80
2021000000541291 0.097 187.3 153.4 277.5 210.1 80
2021000000541291 0.096 156.4 206.4 270.4 291.6 80
2021000000541291 0.095 152.1 411.0 298.8 426.7 80
2021000000541291 0.095 339.8 0.1 438.0 3.3 80
2021000000541291 0.094 377.0 0.4 474.3 3.3 80
2021000000541291 0.094 451.0 214.5 545.4 283.5 80
2021000000541291 0.094 405.9 219.1 517.0 299.0 80
2021000000541291 0.093 535.3 180.7 624.4 247.8 80
2021000000541291 0.093 81.6 156.5 175.0 223.8 80
2021000000541291 0.093 -24.9 205.9 62.8 298.9 80
2021000000541291 0.091 30.9 27.0 585.3 423.3 18
2021000000541291 0.091 494.2 198.2 586.7 270.4 80
2021000000541291 0.090 -17.6 158.8 144.5 495.9 80
2021000000541291 0.089 551.5 211.5 649.9 311.8 80
2021000000541291 0.088 -6.1 173.5 78.1 236.1 80
2021000000541291 0.088 509.3 207.1 620.1 330.8 80
2021000000541291 0.087 467.2 238.5 574.6 338.1 80
2021000000541291 0.085 423.7 252.8 542.0 361.2 80
2021000000541291 0.084 119.8 0.6 205.7 1.9 80
2021000000541291 0.084 15.9 259.3 247.5 412.4 3
2021000000541291 0.082 145.0 27.8 586.6 423.8 12
2021000000541291 0.079 3.2 14.5 638.2 423.4 3
2021000000541291 0.078 515.2 115.3 653.6 450.0 80
2021000000541291 0.077 519.9 1.0 596.5 1.8 80
2021000000541291 0.076 510.6 356.9 612.4 399.9 80
2021000000541291 0.074 441.0 357.7 535.3 400.6 80
2021000000541291 0.074 230.5 360.2 334.0 403.4 80
2021000000541291 0.073 295.6 356.7 397.9 400.5 80
2021000000541291 0.073 466.0 199.5 619.4 432.9 80
2021000000541291 0.073 350.9 247.4 525.8 418.6 80
2021000000541291 0.071 384.8 332.8 477.9 378.6 80
2021000000541291 0.069 24.6 200.1 273.8 390.2 3
2021000000541291 0.069 513.9 9.4 661.2 52.7 80
2021000000541291 0.069 375.0 8.0 550.5 51.2 80
2021000000541291 0.068 428.2 9.2 588.2 51.1 80
2021000000541291 0.068 -40.9 6.8 145.9 49.3 80
2021000000541291 0.068 99.8 7.3 339.9 49.6 80
2021000000541291 0.068 17.5 6.0 245.1 47.8 80
2021000000541291 0.068 330.6 6.6 497.6 48.4 80
2021000000541291 0.067 -1.1 8.1 184.4 49.5 80
2021000000541291 0.067 247.5 3.0 431.8 44.2 80
2021000000541291 0.067 -31.9 32.4 52.4 74.4 80
2021000000541291 0.067 -31.0 7.1 77.6 48.0 80
2021000000541291 0.067 89.9 6.2 247.8 46.6 80
2021000000541291 0.067 569.4 24.7 662.0 65.5 80
2021000000541291 0.067 173.6 3.7 348.7 43.2 80
2021000000541291 0.066 223.4 3.4 362.7 41.8 80
2021000000541291 0.066 14.9 200.0 280.5 419.4 3
