2021000000309173 0.773 324.0 440.1 336.0 501.0 80
2021000000309173 0.771 1.3 46.2 335.1 457.0 80
2021000000309173 0.757 275.6 253.1 308.7 298.0 80
2021000000309173 0.754 24.8 393.5 34.1 437.0 80
2021000000309173 0.751 37.8 359.3 51.4 392.2 80
2021000000309173 0.747 326.6 390.7 335.5 408.8 80
2021000000309173 0.747 63.2 394.3 71.5 411.9 80
2021000000309173 0.739 271.3 249.7 308.7 290.2 80
2021000000309173 0.736 83.3 370.6 106.5 407.6 80
2021000000309173 0.735 199.3 316.5 206.5 329.7 80
2021000000309173 0.728 333.2 190.6 335.1 268.2 80
2021000000309173 0.728 82.0 370.6 108.3 413.0 80
2021000000309173 0.720 332.8 218.4 335.0 272.4 80
2021000000309173 0.714 332.7 111.5 335.3 442.7 80
2021000000309173 0.713 1.0 379.3 1.5 434.0 80
2021000000309173 0.707 0.9 463.3 2.8 501.2 80
2021000000309173 0.691 333.1 209.4 334.9 260.6 80
2021000000309173 0.669 321.3 402.6 335.5 412.7 80
2021000000309173 0.636 321.6 403.1 337.0 412.1 80
2021000000309173 0.337 81.6 373.0 109.8 419.3 80
