2021000000322352 0.721 150.8 181.0 253.2 354.4 8
2021000000322352 0.688 271.3 69.3 296.8 92.9 80
2021000000322352 0.680 425.1 126.9 451.7 157.7 80
2021000000322352 0.674 272.5 69.9 297.5 93.3 80
2021000000322352 0.671 193.2 113.7 264.9 153.6 80
2021000000322352 0.657 235.1 142.4 357.4 343.3 8
2021000000322352 0.657 377.1 89.7 436.0 148.2 80
2021000000322352 0.645 51.8 63.1 115.0 203.9 80
2021000000322352 0.641 376.1 97.4 428.7 154.8 80
2021000000322352 0.640 374.7 91.1 435.1 154.8 15
2021000000322352 0.636 152.1 65.1 177.6 94.1 80
2021000000322352 0.635 132.2 159.1 284.4 341.1 80
2021000000322352 0.634 472.9 311.1 499.1 380.6 80
2021000000322352 0.634 53.1 69.1 128.8 194.5 80
2021000000322352 0.630 231.9 155.7 353.0 339.6 80
2021000000322352 0.628 470.6 131.7 500.0 213.8 80
2021000000322352 0.628 432.1 134.1 496.2 216.8 80
2021000000322352 0.625 293.9 140.6 350.4 207.2 80
2021000000322352 0.623 109.3 139.5 321.1 326.7 80
2021000000322352 0.622 90.1 127.8 324.2 342.0 80
2021000000322352 0.615 105.5 139.4 285.2 316.7 80
2021000000322352 0.598 108.2 145.6 265.6 336.5 80
2021000000322352 0.598 94.2 154.0 356.9 352.9 80
2021000000322352 0.598 107.9 167.8 282.1 350.5 80
2021000000322352 0.596 430.4 130.9 500.3 214.5 15
2021000000322352 0.590 293.3 143.4 350.1 199.5 80
2021000000322352 0.585 480.5 91.4 500.0 205.5 80
2021000000322352 0.583 485.0 199.4 501.3 308.9 80
2021000000322352 0.579 108.0 149.9 344.3 346.8 80
2021000000322352 0.578 153.5 181.3 250.2 336.8 80
2021000000322352 0.575 104.5 126.3 132.2 166.4 80
2021000000322352 0.574 257.1 63.5 281.7 90.1 80
2021000000322352 0.565 285.7 139.3 356.9 265.5 80
2021000000322352 0.556 402.1 150.6 472.6 306.8 80
2021000000322352 0.552 456.5 58.2 500.1 259.4 80
2021000000322352 0.549 381.6 141.0 429.4 232.1 80
2021000000322352 0.549 122.2 121.4 331.1 181.7 80
2021000000322352 0.546 153.5 67.4 176.7 92.1 80
2021000000322352 0.542 92.5 134.0 345.7 336.4 80
2021000000322352 0.526 102.6 140.5 171.9 328.9 80
2021000000322352 0.524 236.2 139.1 353.4 314.8 80
2021000000322352 0.523 206.4 121.3 262.4 151.6 80
2021000000322352 0.522 411.9 97.6 442.2 155.2 80
2021000000322352 0.515 52.3 63.9 113.2 198.8 8
2021000000322352 0.515 259.7 142.2 356.1 307.0 80
2021000000322352 0.511 105.0 139.9 135.7 192.3 80
2021000000322352 0.510 50.5 83.8 124.3 216.3 80
2021000000322352 0.489 429.0 199.1 498.9 313.7 80
2021000000322352 0.474 429.2 199.5 491.0 322.8 8
2021000000322352 0.471 117.6 145.9 291.4 311.3 80
2021000000322352 0.467 103.4 139.1 134.9 192.4 8
2021000000322352 0.448 98.5 138.9 341.7 353.7 10
2021000000322352 0.446 429.8 201.0 496.6 321.9 80
2021000000322352 0.440 1.4 256.1 7.0 361.0 80
2021000000322352 0.433 385.9 138.4 491.2 270.3 10
2021000000322352 0.431 395.4 151.6 454.2 277.0 80
2021000000322352 0.409 192.5 129.0 491.4 262.3 80
2021000000322352 0.397 290.3 137.1 356.6 220.7 80
2021000000322352 0.382 208.1 120.7 262.7 153.6 8
2021000000322352 0.381 264.7 196.3 324.7 290.4 80
2021000000322352 0.342 152.7 66.6 174.2 93.1 80
2021000000322352 0.306 290.3 137.1 356.6 220.7 8
2021000000322352 0.296 385.9 138.4 491.2 270.3 80
2021000000322352 0.271 429.2 199.5 491.0 322.8 80
2021000000322352 0.265 395.4 151.6 454.2 277.0 8
2021000000322352 0.253 75.1 162.2 209.9 263.0 80
2021000000322352 0.250 98.5 138.9 341.7 353.7 80
2021000000322352 0.250 208.1 120.7 262.7 153.6 80
2021000000322352 0.242 -0.8 319.0 23.0 378.7 80
2021000000322352 0.223 429.0 199.1 498.9 313.7 10
2021000000322352 0.221 0.5 107.1 3.3 256.0 80
2021000000322352 0.215 0.4 46.4 3.5 155.1 80
2021000000322352 0.213 52.3 63.9 113.2 198.8 80
2021000000322352 0.204 -0.1 6.6 5.7 69.8 80
2021000000322352 0.202 259.7 142.2 356.1 307.0 8
2021000000322352 0.189 236.2 139.1 353.4 314.8 8
2021000000322352 0.182 -1.3 69.1 13.6 349.9 80
2021000000322352 0.178 103.4 139.1 134.9 192.4 80
2021000000322352 0.176 102.6 140.5 171.9 328.9 8
2021000000322352 0.175 151.1 213.3 251.5 266.7 80
2021000000322352 0.175 335.6 363.6 471.1 377.4 80
2021000000322352 0.173 152.7 66.6 174.2 93.1 7
2021000000322352 0.172 105.0 139.9 135.7 192.3 8
2021000000322352 0.168 117.6 145.9 291.4 311.3 10
2021000000322352 0.162 57.9 168.8 193.5 263.0 80
2021000000322352 0.161 127.9 119.0 396.3 283.8 80
2021000000322352 0.159 429.8 201.0 496.6 321.9 8
2021000000322352 0.156 50.5 83.8 124.3 216.3 8
2021000000322352 0.150 -0.5 118.0 15.7 210.5 80
2021000000322352 0.148 291.5 320.8 436.9 377.7 80
2021000000322352 0.143 153.5 181.3 250.2 336.8 8
2021000000322352 0.142 43.2 246.5 253.8 374.1 80
2021000000322352 0.141 176.2 233.7 386.6 373.4 80
2021000000322352 0.140 -8.0 198.9 61.9 384.7 80
2021000000322352 0.139 381.6 141.0 429.4 232.1 8
2021000000322352 0.138 285.7 139.3 356.9 265.5 8
2021000000322352 0.137 176.1 358.3 320.3 378.7 80
2021000000322352 0.135 109.8 234.0 332.4 364.4 80
2021000000322352 0.135 215.8 133.4 259.7 173.1 80
2021000000322352 0.134 206.4 121.3 262.4 151.6 8
2021000000322352 0.721 150.8 181.0 253.2 354.4 8
2021000000322352 0.688 271.3 69.3 296.8 92.9 80
2021000000322352 0.680 425.1 126.9 451.7 157.7 80
2021000000322352 0.674 272.5 69.9 297.5 93.3 80
2021000000322352 0.671 193.2 113.7 264.9 153.6 80
2021000000322352 0.657 235.1 142.4 357.4 343.3 8
2021000000322352 0.657 377.1 89.7 436.0 148.2 80
2021000000322352 0.645 51.8 63.1 115.0 203.9 80
2021000000322352 0.641 376.1 97.4 428.7 154.8 80
2021000000322352 0.640 374.7 91.1 435.1 154.8 15
2021000000322352 0.636 152.1 65.1 177.6 94.1 80
2021000000322352 0.635 132.2 159.1 284.4 341.1 80
2021000000322352 0.634 472.9 311.1 499.1 380.6 80
2021000000322352 0.634 53.1 69.1 128.8 194.5 80
2021000000322352 0.630 231.9 155.7 353.0 339.6 80
2021000000322352 0.628 470.6 131.7 500.0 213.8 80
2021000000322352 0.628 432.1 134.1 496.2 216.8 80
2021000000322352 0.625 293.9 140.6 350.4 207.2 80
2021000000322352 0.623 109.3 139.5 321.1 326.7 80
2021000000322352 0.622 90.1 127.8 324.2 342.0 80
2021000000322352 0.615 105.5 139.4 285.2 316.7 80
2021000000322352 0.598 108.2 145.6 265.6 336.5 80
2021000000322352 0.598 94.2 154.0 356.9 352.9 80
2021000000322352 0.598 107.9 167.8 282.1 350.5 80
2021000000322352 0.596 430.4 130.9 500.3 214.5 15
2021000000322352 0.590 293.3 143.4 350.1 199.5 80
2021000000322352 0.585 480.5 91.4 500.0 205.5 80
2021000000322352 0.583 485.0 199.4 501.3 308.9 80
2021000000322352 0.579 108.0 149.9 344.3 346.8 80
2021000000322352 0.578 153.5 181.3 250.2 336.8 80
2021000000322352 0.575 104.5 126.3 132.2 166.4 80
2021000000322352 0.574 257.1 63.5 281.7 90.1 80
2021000000322352 0.565 285.7 139.3 356.9 265.5 80
2021000000322352 0.556 402.1 150.6 472.6 306.8 80
2021000000322352 0.552 456.5 58.2 500.1 259.4 80
2021000000322352 0.549 381.6 141.0 429.4 232.1 80
2021000000322352 0.549 122.2 121.4 331.1 181.7 80
2021000000322352 0.546 153.5 67.4 176.7 92.1 80
2021000000322352 0.542 92.5 134.0 345.7 336.4 80
2021000000322352 0.526 102.6 140.5 171.9 328.9 80
2021000000322352 0.524 236.2 139.1 353.4 314.8 80
2021000000322352 0.523 206.4 121.3 262.4 151.6 80
2021000000322352 0.522 411.9 97.6 442.2 155.2 80
2021000000322352 0.515 52.3 63.9 113.2 198.8 8
2021000000322352 0.515 259.7 142.2 356.1 307.0 80
2021000000322352 0.511 105.0 139.9 135.7 192.3 80
2021000000322352 0.510 50.5 83.8 124.3 216.3 80
2021000000322352 0.489 429.0 199.1 498.9 313.7 80
2021000000322352 0.474 429.2 199.5 491.0 322.8 8
2021000000322352 0.471 117.6 145.9 291.4 311.3 80
2021000000322352 0.467 103.4 139.1 134.9 192.4 8
2021000000322352 0.448 98.5 138.9 341.7 353.7 10
2021000000322352 0.446 429.8 201.0 496.6 321.9 80
2021000000322352 0.440 1.4 256.1 7.0 361.0 80
2021000000322352 0.433 385.9 138.4 491.2 270.3 10
2021000000322352 0.431 395.4 151.6 454.2 277.0 80
2021000000322352 0.409 192.5 129.0 491.4 262.3 80
2021000000322352 0.397 290.3 137.1 356.6 220.7 80
2021000000322352 0.382 208.1 120.7 262.7 153.6 8
2021000000322352 0.381 264.7 196.3 324.7 290.4 80
2021000000322352 0.342 152.7 66.6 174.2 93.1 80
2021000000322352 0.306 290.3 137.1 356.6 220.7 8
2021000000322352 0.296 385.9 138.4 491.2 270.3 80
2021000000322352 0.271 429.2 199.5 491.0 322.8 80
2021000000322352 0.265 395.4 151.6 454.2 277.0 8
2021000000322352 0.253 75.1 162.2 209.9 263.0 80
2021000000322352 0.250 98.5 138.9 341.7 353.7 80
2021000000322352 0.250 208.1 120.7 262.7 153.6 80
2021000000322352 0.242 -0.8 319.0 23.0 378.7 80
2021000000322352 0.223 429.0 199.1 498.9 313.7 10
2021000000322352 0.221 0.5 107.1 3.3 256.0 80
2021000000322352 0.215 0.4 46.4 3.5 155.1 80
2021000000322352 0.213 52.3 63.9 113.2 198.8 80
2021000000322352 0.204 -0.1 6.6 5.7 69.8 80
2021000000322352 0.202 259.7 142.2 356.1 307.0 8
2021000000322352 0.189 236.2 139.1 353.4 314.8 8
2021000000322352 0.182 -1.3 69.1 13.6 349.9 80
2021000000322352 0.178 103.4 139.1 134.9 192.4 80
2021000000322352 0.176 102.6 140.5 171.9 328.9 8
2021000000322352 0.175 151.1 213.3 251.5 266.7 80
2021000000322352 0.175 335.6 363.6 471.1 377.4 80
2021000000322352 0.173 152.7 66.6 174.2 93.1 7
2021000000322352 0.172 105.0 139.9 135.7 192.3 8
2021000000322352 0.168 117.6 145.9 291.4 311.3 10
2021000000322352 0.162 57.9 168.8 193.5 263.0 80
2021000000322352 0.161 127.9 119.0 396.3 283.8 80
2021000000322352 0.159 429.8 201.0 496.6 321.9 8
2021000000322352 0.156 50.5 83.8 124.3 216.3 8
2021000000322352 0.150 -0.5 118.0 15.7 210.5 80
2021000000322352 0.148 291.5 320.8 436.9 377.7 80
2021000000322352 0.143 153.5 181.3 250.2 336.8 8
2021000000322352 0.142 43.2 246.5 253.8 374.1 80
2021000000322352 0.141 176.2 233.7 386.6 373.4 80
2021000000322352 0.140 -8.0 198.9 61.9 384.7 80
2021000000322352 0.139 381.6 141.0 429.4 232.1 8
2021000000322352 0.138 285.7 139.3 356.9 265.5 8
2021000000322352 0.137 176.1 358.3 320.3 378.7 80
2021000000322352 0.135 109.8 234.0 332.4 364.4 80
2021000000322352 0.135 215.8 133.4 259.7 173.1 80
2021000000322352 0.134 206.4 121.3 262.4 151.6 8
2021000000322352 0.000 242.0 73.2 372.7 227.7 80
2021000000322352 0.000 0.9 43.1 103.5 247.8 80
2021000000322352 0.000 143.7 135.9 210.3 202.4 80
2021000000322352 0.000 211.4 111.8 275.3 178.0 80
2021000000322352 0.000 371.0 109.2 486.3 268.7 80
2021000000322352 0.000 255.8 137.9 317.1 204.5 80
2021000000322352 0.000 156.6 31.4 304.0 211.6 80
2021000000322352 0.000 45.5 217.8 107.4 288.9 80
2021000000322352 0.000 136.3 82.3 207.6 151.5 80
2021000000322352 0.000 81.5 117.6 146.9 186.5 80
2021000000322352 0.000 197.9 51.8 272.4 119.8 80
2021000000322352 0.000 453.6 128.4 499.6 211.2 80
2021000000322352 0.000 387.8 97.3 461.7 164.2 80
2021000000322352 0.000 348.6 145.3 411.0 211.1 80
2021000000322352 0.000 136.9 218.3 201.8 292.7 80
2021000000322352 0.000 19.5 26.1 206.5 194.8 80
2021000000322352 0.000 1.5 201.3 48.0 285.0 80
2021000000322352 0.000 297.9 170.7 359.9 236.2 80
2021000000322352 0.000 453.4 192.9 499.6 275.6 80
2021000000322352 0.000 356.3 197.7 415.7 265.7 80
2021000000322352 0.000 313.5 100.9 376.2 167.7 80
2021000000322352 0.000 323.9 8.3 496.6 191.8 80
2021000000322352 0.000 287.5 132.8 485.8 257.7 80
2021000000322352 0.000 205.6 160.1 267.3 225.4 80
2021000000322352 0.000 0.9 125.8 102.1 357.9 80
2021000000322352 0.000 33.3 127.4 166.8 276.8 80
2021000000322352 0.000 1.0 151.5 47.1 234.6 80
2021000000322352 0.000 89.9 187.8 149.8 253.9 80
2021000000322352 0.000 449.0 54.1 499.7 153.4 80
2021000000322352 0.000 117.9 161.9 233.2 316.5 80
2021000000322352 0.000 218.0 251.8 286.7 331.9 80
2021000000322352 0.000 149.3 172.2 210.8 237.6 80
2021000000322352 0.000 410.1 176.6 474.8 242.3 80
2021000000322352 0.000 27.0 155.1 94.9 220.9 80
2021000000322352 0.000 323.9 218.2 384.1 295.1 80
2021000000322352 0.000 202.7 116.7 319.1 275.9 80
2021000000322352 0.000 177.6 56.6 471.2 267.4 80
2021000000322352 0.000 252.3 124.0 366.8 347.9 80
2021000000322352 0.000 0.5 90.4 51.3 173.8 80
2021000000322352 0.000 0.7 22.0 51.8 106.0 80
2021000000322352 0.000 46.4 108.1 284.6 258.9 80
2021000000322352 0.000 101.1 50.5 245.1 317.1 80
2021000000322352 0.000 255.5 3.7 329.5 73.3 80
2021000000322352 0.000 322.9 47.5 406.2 116.3 80
2021000000322352 0.000 43.3 21.4 383.8 258.4 80
2021000000322352 0.000 0.6 249.6 58.3 369.8 80
2021000000322352 0.000 178.6 220.3 238.0 300.5 80
2021000000322352 0.000 442.7 245.1 499.6 368.5 80
2021000000322352 0.000 398.6 113.5 499.6 355.5 80
2021000000322352 0.000 10.6 10.6 491.5 199.6 80
2021000000322352 0.000 258.6 42.4 428.2 311.1 80
2021000000322352 0.000 90.0 16.9 408.1 364.6 80
2021000000322352 0.000 256.1 169.2 365.6 301.9 80
2021000000322352 0.000 -2.4 5.4 286.1 371.6 80
2021000000322352 0.000 8.1 89.0 229.6 370.1 80
2021000000322352 0.000 0.7 22.9 146.6 363.6 80
2021000000322352 0.000 213.1 6.1 497.0 372.7 80
2021000000322352 0.000 131.2 78.4 368.1 365.5 80
2021000000322352 0.000 156.2 201.7 351.1 369.4 80
2021000000322352 0.000 170.3 106.4 310.3 353.3 80
2021000000322352 0.000 153.4 21.0 355.4 360.9 80
2021000000322352 0.000 357.6 18.1 500.9 361.1 80
2021000000322352 0.000 68.8 68.1 447.4 321.4 80
2021000000322352 0.000 177.0 8.2 417.9 127.1 80
2021000000322352 0.000 43.6 254.9 289.5 373.6 80
2021000000322352 0.000 2.3 68.4 366.1 369.3 80
2021000000322352 0.000 5.1 279.1 130.5 374.3 80
2021000000322352 0.000 12.0 183.0 185.2 365.8 80
2021000000322352 0.000 305.3 180.1 482.3 365.0 80
2021000000322352 0.000 220.0 199.0 278.3 264.7 80
2021000000322352 0.000 24.3 146.3 338.1 364.6 80
2021000000322352 0.000 2.5 1.3 412.8 373.0 80
2021000000322352 0.000 150.8 131.3 355.6 228.6 80
2021000000322352 0.000 274.3 86.1 490.6 373.1 80
2021000000322352 0.000 3.0 228.5 496.0 374.4 80
2021000000322352 0.000 220.7 257.3 474.7 373.5 80
2021000000322352 0.000 84.5 1.1 496.2 372.9 80
2021000000322352 0.000 158.6 67.8 495.0 371.2 80
2021000000322352 0.000 157.9 150.5 463.3 364.9 80
2021000000322352 0.000 362.6 245.1 494.3 368.9 80
2021000000322352 0.000 44.4 60.6 117.3 136.8 80
2021000000322352 0.000 129.9 101.9 365.9 294.0 80
2021000000322352 0.000 22.3 43.4 477.5 366.6 80
2021000000322352 0.000 60.2 142.4 409.5 272.0 80
2021000000322352 0.000 0.4 100.8 499.0 366.5 80
2021000000322352 0.000 244.0 202.0 298.7 273.9 80
2021000000322352 0.000 12.6 94.7 489.8 271.8 80
2021000000322352 0.000 0.8 0.3 499.7 373.9 80
2021000000322352 0.000 1.3 18.3 498.9 309.8 80
2021000000322352 0.000 286.3 250.3 340.8 319.0 80
2021000000322352 0.000 424.2 6.2 498.9 85.7 80
2021000000322352 0.000 12.6 94.7 489.8 271.8 0
2021000000322352 0.000 0.8 0.3 499.7 373.9 7
2021000000322352 0.000 8.1 89.0 229.6 370.1 14
2021000000322352 0.000 258.6 42.4 428.2 311.1 14
2021000000322352 0.000 101.1 50.5 245.1 317.1 14
2021000000322352 0.000 170.3 106.4 310.3 353.3 14
2021000000322352 0.000 274.3 86.1 490.6 373.1 14
2021000000322352 0.000 153.4 21.0 355.4 360.9 14
2021000000322352 0.000 213.1 6.1 497.0 372.7 14
