2021000000397133 0.794 604.8 377.7 640.6 423.9 80
2021000000397133 0.769 393.2 75.0 483.2 208.0 80
2021000000397133 0.768 5.5 15.2 635.7 391.3 80
2021000000397133 0.762 104.5 317.7 182.0 348.8 80
2021000000397133 0.757 353.5 204.2 398.0 297.7 80
2021000000397133 0.753 -6.5 255.6 64.8 387.0 80
2021000000397133 0.750 381.0 150.1 508.0 344.1 80
2021000000397133 0.746 389.1 72.5 502.1 343.8 80
2021000000397133 0.743 373.6 100.3 472.2 349.4 80
2021000000397133 0.739 638.9 176.3 640.1 266.7 80
2021000000397133 0.738 637.9 256.2 640.1 422.6 80
2021000000397133 0.733 383.6 69.2 500.2 348.8 18
2021000000397133 0.727 -0.8 254.0 59.0 308.6 80
2021000000397133 0.721 -2.3 258.4 43.1 308.3 80
2021000000397133 0.700 4.8 85.7 46.6 334.5 80
2021000000397133 0.684 -1.7 24.2 63.3 341.4 80
2021000000397133 0.657 2.7 206.7 54.7 300.5 80
2021000000397133 0.643 -2.5 103.9 47.2 370.4 80
2021000000397133 0.631 -0.4 40.2 57.0 340.1 80
2021000000397133 0.620 2.2 229.0 50.1 254.4 80
