2021000000151657 0.704 1.1 148.7 376.7 653.3 80
2021000000151657 0.693 -0.4 340.2 54.8 608.8 80
2021000000151657 0.689 145.0 241.9 186.6 309.8 80
2021000000151657 0.675 -10.4 28.0 352.9 472.1 80
2021000000151657 0.669 12.5 22.4 246.4 637.2 80
2021000000151657 0.669 136.1 94.6 364.3 630.6 80
2021000000151657 0.666 1.8 13.8 225.4 630.0 80
2021000000151657 0.656 4.2 56.2 376.2 644.2 80
2021000000151657 0.654 10.4 18.9 348.6 639.2 80
2021000000151657 0.635 12.9 20.4 206.5 533.5 80
2021000000151657 0.629 1.2 433.9 9.5 565.3 80
2021000000151657 0.628 365.0 574.9 386.2 634.5 80
2021000000151657 0.616 176.1 100.3 370.9 637.6 14
2021000000151657 0.616 14.8 24.2 217.7 624.8 80
2021000000151657 0.588 10.0 24.3 207.2 402.7 80
2021000000151657 0.558 9.1 12.9 218.7 636.4 14
2021000000151657 0.552 381.9 430.4 385.4 533.6 80
2021000000151657 0.529 382.3 133.9 385.3 220.8 80
2021000000151657 0.509 381.8 280.3 385.4 384.8 80
2021000000151657 0.478 -0.2 92.2 20.9 608.8 80
2021000000151657 0.349 18.7 587.4 375.0 643.9 80
2021000000151657 0.342 14.5 617.4 377.4 642.5 80
2021000000151657 0.340 -0.1 118.5 4.0 503.6 80
2021000000151657 0.321 383.0 167.9 385.4 580.5 80
2021000000151657 0.308 384.0 125.6 385.1 344.7 80
2021000000151657 0.291 381.9 444.0 385.8 610.8 80
2021000000151657 0.287 384.4 26.6 385.2 91.7 80
2021000000151657 0.264 192.5 106.9 362.8 582.4 80
2021000000151657 0.262 0.8 487.3 11.5 658.8 80
2021000000151657 0.259 376.1 100.7 385.1 663.4 80
2021000000151657 0.258 -0.8 31.0 22.5 611.2 80
2021000000151657 0.258 -0.4 40.0 6.9 491.1 80
2021000000151657 0.254 381.9 40.4 385.7 606.5 80
2021000000151657 0.230 0.3 74.2 2.7 268.0 80
2021000000151657 0.217 0.4 4.7 3.4 146.2 80
2021000000151657 0.189 2.2 78.1 63.4 681.2 80
2021000000151657 0.185 18.5 138.4 229.5 593.6 80
2021000000151657 0.180 158.1 152.4 363.4 588.2 80
2021000000151657 0.176 196.3 167.4 347.7 500.2 80
2021000000151657 0.173 205.1 177.3 344.3 421.1 80
2021000000151657 0.172 247.2 110.1 356.3 638.6 80
2021000000151657 0.169 382.3 44.8 385.9 191.2 80
2021000000151657 0.164 118.8 543.0 308.5 647.7 80
2021000000151657 0.161 197.6 487.2 362.4 656.9 80
2021000000151657 0.159 173.9 609.8 314.5 643.7 80
2021000000151657 0.158 17.9 474.7 219.5 662.2 80
2021000000151657 0.156 53.3 371.9 337.7 614.7 80
2021000000151657 0.155 70.8 522.1 275.1 646.9 80
2021000000151657 0.155 169.8 277.1 369.4 608.7 80
2021000000151657 0.152 257.5 295.1 377.6 660.2 80
2021000000151657 0.152 241.1 607.3 354.0 649.1 80
2021000000151657 0.152 3.6 538.0 79.1 657.2 80
2021000000151657 0.150 176.1 100.3 370.9 637.6 80
2021000000151657 0.150 193.2 209.8 369.5 570.0 80
2021000000151657 0.149 -0.0 303.3 157.0 648.8 80
2021000000151657 0.148 318.5 564.4 384.6 648.4 80
2021000000151657 0.147 143.9 153.0 353.7 550.1 80
2021000000151657 0.144 33.9 277.0 294.3 589.0 80
2021000000151657 0.144 134.2 318.7 348.3 609.5 80
2021000000151657 0.144 10.7 210.9 211.0 596.8 80
2021000000151657 0.142 9.1 12.9 218.7 636.4 80
2021000000151657 0.142 25.5 329.4 255.7 620.6 80
2021000000151657 0.139 41.7 141.7 241.7 569.8 80
2021000000151657 0.138 232.0 263.5 311.6 386.7 80
2021000000151657 0.137 103.6 213.4 338.0 569.1 80
2021000000151657 0.137 74.0 320.3 315.8 587.8 80
2021000000151657 0.135 28.8 609.6 128.5 645.9 80
2021000000151657 0.134 74.4 606.4 200.4 643.9 80
2021000000151657 0.129 59.5 234.9 302.3 539.9 80
2021000000151657 0.128 5.1 178.4 172.5 560.2 80
2021000000151657 0.127 292.3 317.6 360.4 536.3 80
2021000000151657 0.123 252.4 221.0 318.2 317.5 80
2021000000151657 0.122 113.0 391.5 163.6 482.3 80
2021000000151657 0.120 167.0 321.5 282.8 480.4 80
2021000000151657 0.120 51.3 162.1 161.4 354.4 80
2021000000151657 0.119 41.0 245.2 152.6 425.0 80
2021000000151657 0.118 44.7 254.1 143.9 459.8 80
2021000000151657 0.117 184.7 233.6 312.0 430.2 80
2021000000151657 0.113 -26.8 61.6 72.0 158.1 80
2021000000151657 0.112 208.2 206.9 384.8 367.0 80
2021000000151657 0.112 -12.4 190.9 97.9 330.5 80
2021000000151657 0.112 20.3 229.2 107.9 469.6 80
2021000000151657 0.111 -18.4 47.6 279.1 228.5 80
2021000000151657 0.111 -48.9 1.0 291.1 146.3 80
2021000000151657 0.110 96.1 264.8 298.3 483.0 80
2021000000151657 0.110 -3.6 101.9 274.7 317.8 80
2021000000151657 0.108 71.8 28.8 412.4 160.9 80
2021000000151657 0.107 -90.1 38.2 240.4 190.0 80
2021000000151657 0.106 19.6 65.7 385.8 250.1 80
2021000000151657 0.106 25.1 31.9 400.2 209.0 80
2021000000151657 0.105 0.8 -8.3 29.2 43.0 80
2021000000151657 0.105 -3.5 2.3 370.0 134.1 80
2021000000151657 0.105 94.8 -11.7 474.5 88.4 80
2021000000151657 0.104 175.1 25.5 505.2 133.3 80
2021000000151657 0.103 212.4 106.0 492.7 283.5 80
2021000000151657 0.099 -140.1 -4.5 242.9 42.9 80
2021000000151657 0.097 -99.5 -17.7 284.5 47.3 80
2021000000151657 0.092 -18.9 -14.2 365.1 34.2 80
2021000000151657 0.090 23.5 -11.1 407.5 38.0 80
2021000000151657 0.089 123.6 -5.2 507.6 40.3 80
2021000000151657 0.704 1.1 148.7 376.7 653.3 80
2021000000151657 0.693 -0.4 340.2 54.8 608.8 80
2021000000151657 0.689 145.0 241.9 186.6 309.8 80
2021000000151657 0.675 -10.4 28.0 352.9 472.1 80
2021000000151657 0.669 12.5 22.4 246.4 637.2 80
2021000000151657 0.669 136.1 94.6 364.3 630.6 80
2021000000151657 0.666 1.8 13.8 225.4 630.0 80
2021000000151657 0.656 4.2 56.2 376.2 644.2 80
2021000000151657 0.654 10.4 18.9 348.6 639.2 80
2021000000151657 0.635 12.9 20.4 206.5 533.5 80
2021000000151657 0.629 1.2 433.9 9.5 565.3 80
2021000000151657 0.628 365.0 574.9 386.2 634.5 80
2021000000151657 0.616 176.1 100.3 370.9 637.6 14
2021000000151657 0.616 14.8 24.2 217.7 624.8 80
2021000000151657 0.588 10.0 24.3 207.2 402.7 80
2021000000151657 0.558 9.1 12.9 218.7 636.4 14
2021000000151657 0.552 381.9 430.4 385.4 533.6 80
2021000000151657 0.529 382.3 133.9 385.3 220.8 80
2021000000151657 0.509 381.8 280.3 385.4 384.8 80
2021000000151657 0.478 -0.2 92.2 20.9 608.8 80
2021000000151657 0.349 18.7 587.4 375.0 643.9 80
2021000000151657 0.342 14.5 617.4 377.4 642.5 80
2021000000151657 0.340 -0.1 118.5 4.0 503.6 80
2021000000151657 0.321 383.0 167.9 385.4 580.5 80
2021000000151657 0.308 384.0 125.6 385.1 344.7 80
2021000000151657 0.291 381.9 444.0 385.8 610.8 80
2021000000151657 0.287 384.4 26.6 385.2 91.7 80
2021000000151657 0.264 192.5 106.9 362.8 582.4 80
2021000000151657 0.262 0.8 487.3 11.5 658.8 80
2021000000151657 0.259 376.1 100.7 385.1 663.4 80
2021000000151657 0.258 -0.8 31.0 22.5 611.2 80
2021000000151657 0.258 -0.4 40.0 6.9 491.1 80
2021000000151657 0.254 381.9 40.4 385.7 606.5 80
2021000000151657 0.230 0.3 74.2 2.7 268.0 80
2021000000151657 0.217 0.4 4.7 3.4 146.2 80
2021000000151657 0.189 2.2 78.1 63.4 681.2 80
2021000000151657 0.185 18.5 138.4 229.5 593.6 80
2021000000151657 0.180 158.1 152.4 363.4 588.2 80
2021000000151657 0.176 196.3 167.4 347.7 500.2 80
2021000000151657 0.173 205.1 177.3 344.3 421.1 80
2021000000151657 0.172 247.2 110.1 356.3 638.6 80
2021000000151657 0.169 382.3 44.8 385.9 191.2 80
2021000000151657 0.164 118.8 543.0 308.5 647.7 80
2021000000151657 0.161 197.6 487.2 362.4 656.9 80
2021000000151657 0.159 173.9 609.8 314.5 643.7 80
2021000000151657 0.158 17.9 474.7 219.5 662.2 80
2021000000151657 0.156 53.3 371.9 337.7 614.7 80
2021000000151657 0.155 70.8 522.1 275.1 646.9 80
2021000000151657 0.155 169.8 277.1 369.4 608.7 80
2021000000151657 0.152 257.5 295.1 377.6 660.2 80
2021000000151657 0.152 241.1 607.3 354.0 649.1 80
2021000000151657 0.152 3.6 538.0 79.1 657.2 80
2021000000151657 0.150 176.1 100.3 370.9 637.6 80
2021000000151657 0.150 193.2 209.8 369.5 570.0 80
2021000000151657 0.149 -0.0 303.3 157.0 648.8 80
2021000000151657 0.148 318.5 564.4 384.6 648.4 80
2021000000151657 0.147 143.9 153.0 353.7 550.1 80
2021000000151657 0.144 33.9 277.0 294.3 589.0 80
2021000000151657 0.144 134.2 318.7 348.3 609.5 80
2021000000151657 0.144 10.7 210.9 211.0 596.8 80
2021000000151657 0.142 9.1 12.9 218.7 636.4 80
2021000000151657 0.142 25.5 329.4 255.7 620.6 80
2021000000151657 0.139 41.7 141.7 241.7 569.8 80
2021000000151657 0.138 232.0 263.5 311.6 386.7 80
2021000000151657 0.137 103.6 213.4 338.0 569.1 80
2021000000151657 0.137 74.0 320.3 315.8 587.8 80
2021000000151657 0.135 28.8 609.6 128.5 645.9 80
2021000000151657 0.134 74.4 606.4 200.4 643.9 80
2021000000151657 0.129 59.5 234.9 302.3 539.9 80
2021000000151657 0.128 5.1 178.4 172.5 560.2 80
2021000000151657 0.127 292.3 317.6 360.4 536.3 80
2021000000151657 0.123 252.4 221.0 318.2 317.5 80
2021000000151657 0.122 113.0 391.5 163.6 482.3 80
2021000000151657 0.120 167.0 321.5 282.8 480.4 80
2021000000151657 0.120 51.3 162.1 161.4 354.4 80
2021000000151657 0.119 41.0 245.2 152.6 425.0 80
2021000000151657 0.118 44.7 254.1 143.9 459.8 80
2021000000151657 0.117 184.7 233.6 312.0 430.2 80
2021000000151657 0.113 -26.8 61.6 72.0 158.1 80
2021000000151657 0.112 208.2 206.9 384.8 367.0 80
2021000000151657 0.112 -12.4 190.9 97.9 330.5 80
2021000000151657 0.112 20.3 229.2 107.9 469.6 80
2021000000151657 0.111 -18.4 47.6 279.1 228.5 80
2021000000151657 0.111 -48.9 1.0 291.1 146.3 80
2021000000151657 0.110 96.1 264.8 298.3 483.0 80
2021000000151657 0.110 -3.6 101.9 274.7 317.8 80
2021000000151657 0.108 71.8 28.8 412.4 160.9 80
2021000000151657 0.107 -90.1 38.2 240.4 190.0 80
2021000000151657 0.106 19.6 65.7 385.8 250.1 80
2021000000151657 0.106 25.1 31.9 400.2 209.0 80
2021000000151657 0.105 0.8 -8.3 29.2 43.0 80
2021000000151657 0.105 -3.5 2.3 370.0 134.1 80
2021000000151657 0.105 94.8 -11.7 474.5 88.4 80
2021000000151657 0.104 175.1 25.5 505.2 133.3 80
2021000000151657 0.103 212.4 106.0 492.7 283.5 80
2021000000151657 0.099 -140.1 -4.5 242.9 42.9 80
2021000000151657 0.097 -99.5 -17.7 284.5 47.3 80
2021000000151657 0.092 -18.9 -14.2 365.1 34.2 80
2021000000151657 0.090 23.5 -11.1 407.5 38.0 80
2021000000151657 0.089 123.6 -5.2 507.6 40.3 80
2021000000151657 0.000 277.1 178.5 383.7 452.3 80
2021000000151657 0.000 287.7 204.3 392.0 443.6 80
2021000000151657 0.000 2.0 208.5 153.5 456.8 80
2021000000151657 0.000 212.6 230.2 384.7 439.2 80
2021000000151657 0.000 102.0 64.3 263.0 306.8 80
2021000000151657 0.000 160.7 133.7 323.1 325.4 80
2021000000151657 0.000 1.0 223.4 78.7 606.7 80
2021000000151657 0.000 174.0 152.2 365.7 519.4 80
2021000000151657 0.000 306.9 217.8 384.5 598.5 80
2021000000151657 0.000 347.0 110.3 385.0 246.9 80
2021000000151657 0.000 0.2 253.5 36.8 400.2 80
2021000000151657 0.000 63.9 324.4 121.8 434.6 80
2021000000151657 0.000 349.4 328.6 384.7 470.7 80
2021000000151657 0.000 246.7 7.8 386.9 321.7 80
2021000000151657 0.000 349.4 218.5 384.7 360.8 80
2021000000151657 0.000 341.8 428.3 384.0 620.6 80
2021000000151657 0.000 19.6 167.5 238.2 423.6 80
2021000000151657 0.000 13.6 264.6 80.8 375.9 80
2021000000151657 0.000 1.1 340.5 37.2 486.2 80
2021000000151657 0.000 117.4 87.2 383.5 477.7 80
2021000000151657 0.000 0.8 47.7 77.8 425.7 80
2021000000151657 0.000 148.6 272.8 216.5 382.9 80
2021000000151657 0.000 104.8 291.3 173.0 401.9 80
2021000000151657 0.000 264.9 343.4 331.9 451.4 80
2021000000151657 0.000 222.6 198.2 370.2 618.7 80
2021000000151657 0.000 102.5 242.1 287.1 409.4 80
2021000000151657 0.000 219.2 295.4 289.0 404.1 80
2021000000151657 0.000 0.2 35.5 40.3 180.1 80
2021000000151657 0.000 53.4 203.0 123.6 313.3 80
2021000000151657 0.000 186.1 237.0 256.3 346.4 80
2021000000151657 0.000 101.0 233.9 172.6 345.7 80
2021000000151657 0.000 257.6 253.4 328.9 361.8 80
2021000000151657 0.000 5.9 27.6 177.4 313.1 80
2021000000151657 0.000 1.7 434.2 43.4 629.9 80
2021000000151657 0.000 280.8 57.3 382.5 604.7 80
2021000000151657 0.000 4.1 250.7 277.2 629.6 80
2021000000151657 0.000 110.3 368.7 276.7 633.3 80
2021000000151657 0.000 0.5 152.6 39.5 296.8 80
2021000000151657 0.000 -6.5 339.3 153.4 632.3 80
2021000000151657 0.000 121.8 70.5 270.3 535.6 80
2021000000151657 0.000 3.4 471.9 101.9 637.2 80
2021000000151657 0.000 280.4 428.8 379.6 631.9 80
2021000000151657 0.000 62.1 138.7 322.5 513.6 80
2021000000151657 0.000 5.0 166.8 179.7 632.2 80
2021000000151657 0.000 114.8 270.6 365.4 631.1 80
2021000000151657 0.000 291.6 172.5 363.6 282.8 80
2021000000151657 0.000 136.8 177.4 238.5 303.4 80
2021000000151657 0.000 80.2 144.4 308.4 637.6 80
2021000000151657 0.000 4.8 419.5 254.6 636.7 80
2021000000151657 0.000 121.6 281.8 264.0 573.4 80
2021000000151657 0.000 29.8 63.9 304.1 360.8 80
2021000000151657 0.000 123.1 215.6 254.0 592.6 80
2021000000151657 0.000 226.3 338.8 376.7 627.7 80
2021000000151657 0.000 46.2 74.5 345.6 596.9 80
2021000000151657 0.000 163.1 11.2 385.0 636.1 80
2021000000151657 0.000 -5.8 130.4 291.3 647.7 80
2021000000151657 0.000 230.0 179.6 303.0 287.9 80
2021000000151657 0.000 119.3 6.9 342.1 200.5 80
2021000000151657 0.000 153.0 445.9 384.8 640.3 80
2021000000151657 0.000 97.6 141.8 168.1 252.6 80
2021000000151657 0.000 24.3 83.7 249.2 578.2 80
2021000000151657 0.000 8.3 42.8 380.0 521.1 80
2021000000151657 0.000 -3.8 30.2 227.3 621.1 80
2021000000151657 0.000 44.1 190.4 355.3 503.4 80
2021000000151657 0.000 2.2 400.9 384.0 640.3 80
2021000000151657 0.000 145.0 94.0 218.8 202.4 80
2021000000151657 0.000 0.8 7.6 322.8 637.0 80
2021000000151657 0.000 111.5 133.7 395.1 646.4 80
2021000000151657 0.000 140.9 291.2 271.3 449.4 80
2021000000151657 0.000 0.8 192.1 384.7 637.2 80
2021000000151657 0.000 43.9 85.1 228.2 687.9 80
2021000000151657 0.000 48.5 34.8 385.1 640.8 80
2021000000151657 0.000 187.9 346.2 313.4 560.5 80
2021000000151657 0.000 26.8 258.1 337.5 479.2 80
2021000000151657 0.000 17.8 129.3 104.5 576.7 80
2021000000151657 0.000 9.7 79.3 365.8 645.6 80
2021000000151657 0.000 1.2 86.9 384.7 608.2 80
2021000000151657 0.000 0.7 1.2 384.7 639.1 80
2021000000151657 0.000 245.3 385.6 312.9 491.4 80
2021000000151657 0.000 189.7 9.6 262.1 124.5 80
2021000000151657 0.000 329.7 9.9 381.1 147.1 80
2021000000151657 0.000 244.0 91.6 319.3 201.0 80
2021000000151657 0.000 163.6 339.2 223.7 446.8 80
2021000000151657 0.000 27.0 366.4 91.2 486.4 80
2021000000151657 0.000 105.6 385.6 164.1 491.9 80
2021000000151657 0.000 175.5 357.3 310.1 492.1 80
2021000000151657 0.000 24.2 116.1 101.4 227.7 80
2021000000151657 0.000 146.2 424.1 256.9 559.2 80
2021000000151657 0.000 0.7 1.2 384.7 639.1 14
2021000000151657 0.000 0.7 1.2 384.7 639.1 7
2021000000151657 0.000 48.5 34.8 385.1 640.8 14
2021000000151657 0.000 0.7 1.2 384.7 639.1 11
2021000000151657 0.000 9.7 79.3 365.8 645.6 14
2021000000151657 0.000 46.2 74.5 345.6 596.9 14
2021000000151657 0.000 163.1 11.2 385.0 636.1 14
2021000000151657 0.000 48.5 34.8 385.1 640.8 7
2021000000151657 0.000 0.8 7.6 322.8 637.0 14
2021000000151657 0.000 48.5 34.8 385.1 640.8 11
2021000000151657 0.000 0.8 192.1 384.7 637.2 17
2021000000151657 0.000 5.0 166.8 179.7 632.2 14
