2021000000562229 0.793 597.3 574.4 644.5 635.8 80
2021000000562229 0.772 266.8 121.2 455.2 571.0 18
2021000000562229 0.761 262.5 167.8 455.8 562.9 80
2021000000562229 0.754 274.4 125.2 451.5 570.1 80
2021000000562229 0.753 201.2 267.4 217.4 284.1 80
2021000000562229 0.752 387.8 229.5 413.0 257.2 80
2021000000562229 0.750 319.9 213.4 434.6 350.5 80
2021000000562229 0.749 638.5 280.8 640.0 435.8 80
2021000000562229 0.747 591.0 253.9 605.7 270.0 80
2021000000562229 0.742 33.0 210.5 605.1 298.8 80
2021000000562229 0.741 137.7 257.3 156.9 286.0 80
2021000000562229 0.736 211.3 236.1 230.1 268.0 80
2021000000562229 0.736 147.3 250.9 172.8 286.8 80
2021000000562229 0.735 281.1 295.0 309.3 384.8 80
2021000000562229 0.734 281.6 333.4 301.4 383.9 80
2021000000562229 0.732 282.5 334.5 306.8 384.7 80
2021000000562229 0.729 282.9 334.8 306.0 383.3 80
2021000000562229 0.729 221.5 231.8 234.2 262.1 80
2021000000562229 0.729 593.6 249.8 604.6 267.8 80
2021000000562229 0.724 448.3 254.8 454.6 265.1 80
2021000000562229 0.793 597.3 574.4 644.5 635.8 80
2021000000562229 0.772 266.8 121.2 455.2 571.0 18
2021000000562229 0.761 262.5 167.8 455.8 562.9 80
2021000000562229 0.754 274.4 125.2 451.5 570.1 80
2021000000562229 0.753 201.2 267.4 217.4 284.1 80
2021000000562229 0.752 387.8 229.5 413.0 257.2 80
2021000000562229 0.750 319.9 213.4 434.6 350.5 80
2021000000562229 0.749 638.5 280.8 640.0 435.8 80
2021000000562229 0.747 591.0 253.9 605.7 270.0 80
2021000000562229 0.742 33.0 210.5 605.1 298.8 80
2021000000562229 0.741 137.7 257.3 156.9 286.0 80
2021000000562229 0.736 211.3 236.1 230.1 268.0 80
2021000000562229 0.736 147.3 250.9 172.8 286.8 80
2021000000562229 0.735 281.1 295.0 309.3 384.8 80
2021000000562229 0.734 281.6 333.4 301.4 383.9 80
2021000000562229 0.732 282.5 334.5 306.8 384.7 80
2021000000562229 0.729 282.9 334.8 306.0 383.3 80
2021000000562229 0.729 221.5 231.8 234.2 262.1 80
2021000000562229 0.729 593.6 249.8 604.6 267.8 80
2021000000562229 0.724 448.3 254.8 454.6 265.1 80
2021000000562229 0.717 39.1 254.8 50.2 288.1 80
2021000000562229 0.716 410.2 251.4 425.0 265.7 80
2021000000562229 0.715 157.4 178.1 171.3 211.8 80
2021000000562229 0.714 612.4 237.6 641.1 270.7 80
2021000000562229 0.713 529.5 251.7 541.2 267.2 80
2021000000562229 0.703 1.1 180.5 2.5 282.9 80
2021000000562229 0.702 251.6 231.0 262.6 262.3 80
2021000000562229 0.700 469.5 248.8 475.4 264.2 80
2021000000562229 0.700 158.9 177.7 174.0 214.8 80
2021000000562229 0.700 610.9 246.4 641.3 272.9 80
2021000000562229 0.699 486.5 262.4 505.2 289.1 80
2021000000562229 0.699 531.9 249.8 539.0 264.5 80
2021000000562229 0.694 466.9 248.6 473.2 262.9 80
2021000000562229 0.683 223.6 240.0 234.5 263.5 80
2021000000562229 0.679 487.6 262.4 511.3 288.9 80
2021000000562229 0.673 536.2 251.4 545.2 265.4 80
2021000000562229 0.673 257.9 223.2 298.5 262.2 80
2021000000562229 0.672 447.7 251.3 454.3 263.1 80
2021000000562229 0.672 194.7 277.9 209.7 289.0 80
2021000000562229 0.658 529.9 249.0 537.9 263.8 80
2021000000562229 0.651 36.5 257.2 46.2 288.7 80
2021000000562229 0.648 76.6 192.2 88.0 207.2 80
2021000000562229 0.633 609.6 237.8 641.4 270.6 80
2021000000562229 0.626 91.0 188.9 101.6 202.1 80
2021000000562229 0.619 107.1 188.0 118.1 199.7 80
2021000000562229 0.610 486.0 257.2 509.3 288.3 18
2021000000562229 0.605 74.2 190.9 83.8 205.8 80
2021000000562229 0.588 532.6 248.1 540.1 263.4 80
2021000000562229 0.583 501.4 256.0 514.0 282.3 80
2021000000562229 0.566 497.7 253.6 507.5 267.5 80
2021000000562229 0.553 108.3 190.2 120.1 203.3 80
2021000000562229 0.540 69.7 191.5 79.1 205.8 80
2021000000562229 0.527 280.8 331.4 304.9 384.1 80
2021000000562229 0.526 100.7 186.0 110.0 200.2 80
2021000000562229 0.499 98.7 187.6 110.7 202.2 80
2021000000562229 0.442 502.7 257.0 517.1 287.3 18
2021000000562229 0.438 78.1 190.5 90.5 206.6 80
2021000000562229 0.261 598.9 95.1 657.5 723.7 80
2021000000562229 0.250 78.1 190.5 90.5 206.6 18
2021000000562229 0.233 502.7 257.0 517.1 287.3 80
2021000000562229 0.198 98.7 187.6 110.7 202.2 18
2021000000562229 0.184 100.7 186.0 110.0 200.2 18
2021000000562229 0.152 69.7 191.5 79.1 205.8 18
2021000000562229 0.145 497.7 253.6 507.5 267.5 18
2021000000562229 0.139 501.4 256.0 514.0 282.3 18
2021000000562229 0.136 486.0 257.2 509.3 288.3 80
2021000000562229 0.135 108.3 190.2 120.1 203.3 18
2021000000562229 0.134 362.0 306.5 446.8 371.7 80
2021000000562229 0.131 74.2 190.9 83.8 205.8 18
2021000000562229 0.127 280.8 331.4 304.9 384.1 18
2021000000562229 0.126 532.6 248.1 540.1 263.4 18
2021000000562229 0.123 418.9 7.1 528.2 53.6 80
2021000000562229 0.117 386.7 -1.2 502.2 21.3 80
2021000000562229 0.115 302.7 194.4 382.0 258.2 80
2021000000562229 0.115 385.5 383.6 468.5 449.5 80
2021000000562229 0.106 91.0 188.9 101.6 202.1 18
2021000000562229 0.104 89.1 425.8 173.8 499.0 80
2021000000562229 0.101 336.8 147.3 417.3 216.5 80
2021000000562229 0.101 107.1 188.0 118.1 199.7 18
2021000000562229 0.098 356.9 446.9 445.5 525.6 80
2021000000562229 0.097 76.6 192.2 88.0 207.2 18
2021000000562229 0.097 437.9 426.9 523.9 500.9 80
2021000000562229 0.095 218.8 446.6 310.4 527.3 80
2021000000562229 0.094 151.2 422.7 241.8 505.9 80
2021000000562229 0.091 403.2 451.7 495.0 540.2 80
2021000000562229 0.087 500.0 437.6 594.0 542.7 80
2021000000562229 0.087 43.9 420.9 133.6 516.4 80
2021000000562229 0.087 -2.9 404.7 83.1 501.4 80
2021000000562229 0.086 36.5 257.2 46.2 288.7 18
2021000000562229 0.083 16.1 575.2 130.7 628.9 80
2021000000562229 0.082 169.6 444.9 280.4 579.6 80
2021000000562229 0.082 450.9 450.8 558.1 590.4 80
2021000000562229 0.082 257.9 223.2 298.5 262.2 5
2021000000562229 0.082 188.6 -0.6 272.4 2.6 80
2021000000562229 0.081 532.9 373.2 638.2 574.3 80
2021000000562229 0.081 529.9 249.0 537.9 263.8 18
2021000000562229 0.080 280.8 331.4 304.9 384.1 8
2021000000562229 0.079 274.2 445.2 395.3 614.1 80
2021000000562229 0.079 487.6 262.4 511.3 288.9 18
2021000000562229 0.077 -17.7 526.2 75.2 592.3 80
2021000000562229 0.793 597.3 574.4 644.5 635.8 80
2021000000562229 0.772 266.8 121.2 455.2 571.0 18
2021000000562229 0.761 262.5 167.8 455.8 562.9 80
2021000000562229 0.754 274.4 125.2 451.5 570.1 80
2021000000562229 0.753 201.2 267.4 217.4 284.1 80
2021000000562229 0.752 387.8 229.5 413.0 257.2 80
2021000000562229 0.750 319.9 213.4 434.6 350.5 80
2021000000562229 0.749 638.5 280.8 640.0 435.8 80
2021000000562229 0.747 591.0 253.9 605.7 270.0 80
2021000000562229 0.742 33.0 210.5 605.1 298.8 80
2021000000562229 0.741 137.7 257.3 156.9 286.0 80
2021000000562229 0.736 211.3 236.1 230.1 268.0 80
2021000000562229 0.736 147.3 250.9 172.8 286.8 80
2021000000562229 0.735 281.1 295.0 309.3 384.8 80
2021000000562229 0.734 281.6 333.4 301.4 383.9 80
2021000000562229 0.732 282.5 334.5 306.8 384.7 80
2021000000562229 0.729 282.9 334.8 306.0 383.3 80
2021000000562229 0.729 221.5 231.8 234.2 262.1 80
2021000000562229 0.729 593.6 249.8 604.6 267.8 80
2021000000562229 0.724 448.3 254.8 454.6 265.1 80
2021000000562229 0.717 39.1 254.8 50.2 288.1 80
2021000000562229 0.716 410.2 251.4 425.0 265.7 80
2021000000562229 0.715 157.4 178.1 171.3 211.8 80
2021000000562229 0.714 612.4 237.6 641.1 270.7 80
2021000000562229 0.713 529.5 251.7 541.2 267.2 80
2021000000562229 0.703 1.1 180.5 2.5 282.9 80
2021000000562229 0.702 251.6 231.0 262.6 262.3 80
2021000000562229 0.700 469.5 248.8 475.4 264.2 80
2021000000562229 0.700 158.9 177.7 174.0 214.8 80
2021000000562229 0.700 610.9 246.4 641.3 272.9 80
2021000000562229 0.699 486.5 262.4 505.2 289.1 80
2021000000562229 0.699 531.9 249.8 539.0 264.5 80
2021000000562229 0.694 466.9 248.6 473.2 262.9 80
2021000000562229 0.683 223.6 240.0 234.5 263.5 80
2021000000562229 0.679 487.6 262.4 511.3 288.9 80
2021000000562229 0.673 536.2 251.4 545.2 265.4 80
2021000000562229 0.673 257.9 223.2 298.5 262.2 80
2021000000562229 0.672 447.7 251.3 454.3 263.1 80
2021000000562229 0.672 194.7 277.9 209.7 289.0 80
2021000000562229 0.658 529.9 249.0 537.9 263.8 80
2021000000562229 0.651 36.5 257.2 46.2 288.7 80
2021000000562229 0.648 76.6 192.2 88.0 207.2 80
2021000000562229 0.633 609.6 237.8 641.4 270.6 80
2021000000562229 0.626 91.0 188.9 101.6 202.1 80
2021000000562229 0.619 107.1 188.0 118.1 199.7 80
2021000000562229 0.610 486.0 257.2 509.3 288.3 18
2021000000562229 0.605 74.2 190.9 83.8 205.8 80
2021000000562229 0.588 532.6 248.1 540.1 263.4 80
2021000000562229 0.583 501.4 256.0 514.0 282.3 80
2021000000562229 0.566 497.7 253.6 507.5 267.5 80
2021000000562229 0.553 108.3 190.2 120.1 203.3 80
2021000000562229 0.540 69.7 191.5 79.1 205.8 80
2021000000562229 0.527 280.8 331.4 304.9 384.1 80
2021000000562229 0.526 100.7 186.0 110.0 200.2 80
2021000000562229 0.499 98.7 187.6 110.7 202.2 80
2021000000562229 0.442 502.7 257.0 517.1 287.3 18
2021000000562229 0.438 78.1 190.5 90.5 206.6 80
2021000000562229 0.261 598.9 95.1 657.5 723.7 80
2021000000562229 0.250 78.1 190.5 90.5 206.6 18
2021000000562229 0.233 502.7 257.0 517.1 287.3 80
2021000000562229 0.198 98.7 187.6 110.7 202.2 18
2021000000562229 0.184 100.7 186.0 110.0 200.2 18
2021000000562229 0.152 69.7 191.5 79.1 205.8 18
2021000000562229 0.145 497.7 253.6 507.5 267.5 18
2021000000562229 0.139 501.4 256.0 514.0 282.3 18
2021000000562229 0.136 486.0 257.2 509.3 288.3 80
2021000000562229 0.135 108.3 190.2 120.1 203.3 18
2021000000562229 0.134 362.0 306.5 446.8 371.7 80
2021000000562229 0.131 74.2 190.9 83.8 205.8 18
2021000000562229 0.127 280.8 331.4 304.9 384.1 18
2021000000562229 0.126 532.6 248.1 540.1 263.4 18
2021000000562229 0.123 418.9 7.1 528.2 53.6 80
2021000000562229 0.117 386.7 -1.2 502.2 21.3 80
2021000000562229 0.115 302.7 194.4 382.0 258.2 80
2021000000562229 0.115 385.5 383.6 468.5 449.5 80
2021000000562229 0.106 91.0 188.9 101.6 202.1 18
2021000000562229 0.104 89.1 425.8 173.8 499.0 80
2021000000562229 0.101 336.8 147.3 417.3 216.5 80
2021000000562229 0.101 107.1 188.0 118.1 199.7 18
2021000000562229 0.098 356.9 446.9 445.5 525.6 80
2021000000562229 0.097 76.6 192.2 88.0 207.2 18
2021000000562229 0.097 437.9 426.9 523.9 500.9 80
2021000000562229 0.095 218.8 446.6 310.4 527.3 80
2021000000562229 0.094 151.2 422.7 241.8 505.9 80
2021000000562229 0.091 403.2 451.7 495.0 540.2 80
2021000000562229 0.087 500.0 437.6 594.0 542.7 80
2021000000562229 0.087 43.9 420.9 133.6 516.4 80
2021000000562229 0.087 -2.9 404.7 83.1 501.4 80
2021000000562229 0.086 36.5 257.2 46.2 288.7 18
2021000000562229 0.083 16.1 575.2 130.7 628.9 80
2021000000562229 0.082 169.6 444.9 280.4 579.6 80
2021000000562229 0.082 450.9 450.8 558.1 590.4 80
2021000000562229 0.082 257.9 223.2 298.5 262.2 5
2021000000562229 0.082 188.6 -0.6 272.4 2.6 80
2021000000562229 0.081 532.9 373.2 638.2 574.3 80
2021000000562229 0.081 529.9 249.0 537.9 263.8 18
2021000000562229 0.080 280.8 331.4 304.9 384.1 8
2021000000562229 0.079 274.2 445.2 395.3 614.1 80
2021000000562229 0.079 487.6 262.4 511.3 288.9 18
2021000000562229 0.077 -17.7 526.2 75.2 592.3 80
2021000000562229 0.793 597.3 574.4 644.5 635.8 80
2021000000562229 0.772 266.8 121.2 455.2 571.0 18
2021000000562229 0.761 262.5 167.8 455.8 562.9 80
2021000000562229 0.754 274.4 125.2 451.5 570.1 80
2021000000562229 0.753 201.2 267.4 217.4 284.1 80
2021000000562229 0.752 387.8 229.5 413.0 257.2 80
2021000000562229 0.750 319.9 213.4 434.6 350.5 80
2021000000562229 0.749 638.5 280.8 640.0 435.8 80
2021000000562229 0.747 591.0 253.9 605.7 270.0 80
2021000000562229 0.742 33.0 210.5 605.1 298.8 80
2021000000562229 0.741 137.7 257.3 156.9 286.0 80
2021000000562229 0.736 211.3 236.1 230.1 268.0 80
2021000000562229 0.736 147.3 250.9 172.8 286.8 80
2021000000562229 0.735 281.1 295.0 309.3 384.8 80
2021000000562229 0.734 281.6 333.4 301.4 383.9 80
2021000000562229 0.732 282.5 334.5 306.8 384.7 80
2021000000562229 0.729 282.9 334.8 306.0 383.3 80
2021000000562229 0.729 221.5 231.8 234.2 262.1 80
2021000000562229 0.729 593.6 249.8 604.6 267.8 80
2021000000562229 0.724 448.3 254.8 454.6 265.1 80
2021000000562229 0.717 39.1 254.8 50.2 288.1 80
2021000000562229 0.716 410.2 251.4 425.0 265.7 80
2021000000562229 0.715 157.4 178.1 171.3 211.8 80
2021000000562229 0.714 612.4 237.6 641.1 270.7 80
2021000000562229 0.713 529.5 251.7 541.2 267.2 80
2021000000562229 0.703 1.1 180.5 2.5 282.9 80
2021000000562229 0.702 251.6 231.0 262.6 262.3 80
2021000000562229 0.700 469.5 248.8 475.4 264.2 80
2021000000562229 0.700 158.9 177.7 174.0 214.8 80
2021000000562229 0.700 610.9 246.4 641.3 272.9 80
2021000000562229 0.699 486.5 262.4 505.2 289.1 80
2021000000562229 0.699 531.9 249.8 539.0 264.5 80
2021000000562229 0.694 466.9 248.6 473.2 262.9 80
2021000000562229 0.683 223.6 240.0 234.5 263.5 80
2021000000562229 0.679 487.6 262.4 511.3 288.9 80
2021000000562229 0.673 536.2 251.4 545.2 265.4 80
2021000000562229 0.673 257.9 223.2 298.5 262.2 80
2021000000562229 0.672 447.7 251.3 454.3 263.1 80
2021000000562229 0.672 194.7 277.9 209.7 289.0 80
2021000000562229 0.658 529.9 249.0 537.9 263.8 80
2021000000562229 0.651 36.5 257.2 46.2 288.7 80
2021000000562229 0.648 76.6 192.2 88.0 207.2 80
2021000000562229 0.633 609.6 237.8 641.4 270.6 80
2021000000562229 0.626 91.0 188.9 101.6 202.1 80
2021000000562229 0.619 107.1 188.0 118.1 199.7 80
2021000000562229 0.610 486.0 257.2 509.3 288.3 18
2021000000562229 0.605 74.2 190.9 83.8 205.8 80
2021000000562229 0.588 532.6 248.1 540.1 263.4 80
2021000000562229 0.583 501.4 256.0 514.0 282.3 80
2021000000562229 0.566 497.7 253.6 507.5 267.5 80
2021000000562229 0.553 108.3 190.2 120.1 203.3 80
2021000000562229 0.540 69.7 191.5 79.1 205.8 80
2021000000562229 0.527 280.8 331.4 304.9 384.1 80
2021000000562229 0.526 100.7 186.0 110.0 200.2 80
2021000000562229 0.499 98.7 187.6 110.7 202.2 80
2021000000562229 0.442 502.7 257.0 517.1 287.3 18
2021000000562229 0.438 78.1 190.5 90.5 206.6 80
2021000000562229 0.261 598.9 95.1 657.5 723.7 80
2021000000562229 0.250 78.1 190.5 90.5 206.6 18
2021000000562229 0.233 502.7 257.0 517.1 287.3 80
2021000000562229 0.198 98.7 187.6 110.7 202.2 18
2021000000562229 0.184 100.7 186.0 110.0 200.2 18
2021000000562229 0.152 69.7 191.5 79.1 205.8 18
2021000000562229 0.145 497.7 253.6 507.5 267.5 18
2021000000562229 0.139 501.4 256.0 514.0 282.3 18
2021000000562229 0.136 486.0 257.2 509.3 288.3 80
2021000000562229 0.135 108.3 190.2 120.1 203.3 18
2021000000562229 0.134 362.0 306.5 446.8 371.7 80
2021000000562229 0.131 74.2 190.9 83.8 205.8 18
2021000000562229 0.127 280.8 331.4 304.9 384.1 18
2021000000562229 0.126 532.6 248.1 540.1 263.4 18
2021000000562229 0.123 418.9 7.1 528.2 53.6 80
2021000000562229 0.117 386.7 -1.2 502.2 21.3 80
2021000000562229 0.115 302.7 194.4 382.0 258.2 80
2021000000562229 0.115 385.5 383.6 468.5 449.5 80
2021000000562229 0.106 91.0 188.9 101.6 202.1 18
2021000000562229 0.104 89.1 425.8 173.8 499.0 80
2021000000562229 0.101 336.8 147.3 417.3 216.5 80
2021000000562229 0.101 107.1 188.0 118.1 199.7 18
2021000000562229 0.098 356.9 446.9 445.5 525.6 80
2021000000562229 0.097 76.6 192.2 88.0 207.2 18
2021000000562229 0.097 437.9 426.9 523.9 500.9 80
2021000000562229 0.095 218.8 446.6 310.4 527.3 80
2021000000562229 0.094 151.2 422.7 241.8 505.9 80
2021000000562229 0.091 403.2 451.7 495.0 540.2 80
2021000000562229 0.087 500.0 437.6 594.0 542.7 80
2021000000562229 0.087 43.9 420.9 133.6 516.4 80
2021000000562229 0.087 -2.9 404.7 83.1 501.4 80
2021000000562229 0.086 36.5 257.2 46.2 288.7 18
2021000000562229 0.083 16.1 575.2 130.7 628.9 80
2021000000562229 0.082 169.6 444.9 280.4 579.6 80
2021000000562229 0.082 450.9 450.8 558.1 590.4 80
2021000000562229 0.082 257.9 223.2 298.5 262.2 5
2021000000562229 0.082 188.6 -0.6 272.4 2.6 80
2021000000562229 0.081 532.9 373.2 638.2 574.3 80
2021000000562229 0.081 529.9 249.0 537.9 263.8 18
2021000000562229 0.080 280.8 331.4 304.9 384.1 8
2021000000562229 0.079 274.2 445.2 395.3 614.1 80
2021000000562229 0.079 487.6 262.4 511.3 288.9 18
2021000000562229 0.077 -17.7 526.2 75.2 592.3 80
2021000000562229 0.793 597.3 574.4 644.5 635.8 80
2021000000562229 0.772 266.8 121.2 455.2 571.0 18
2021000000562229 0.761 262.5 167.8 455.8 562.9 80
2021000000562229 0.754 274.4 125.2 451.5 570.1 80
2021000000562229 0.753 201.2 267.4 217.4 284.1 80
2021000000562229 0.752 387.8 229.5 413.0 257.2 80
2021000000562229 0.750 319.9 213.4 434.6 350.5 80
2021000000562229 0.749 638.5 280.8 640.0 435.8 80
2021000000562229 0.747 591.0 253.9 605.7 270.0 80
2021000000562229 0.742 33.0 210.5 605.1 298.8 80
2021000000562229 0.741 137.7 257.3 156.9 286.0 80
2021000000562229 0.736 211.3 236.1 230.1 268.0 80
2021000000562229 0.736 147.3 250.9 172.8 286.8 80
2021000000562229 0.735 281.1 295.0 309.3 384.8 80
2021000000562229 0.734 281.6 333.4 301.4 383.9 80
2021000000562229 0.732 282.5 334.5 306.8 384.7 80
2021000000562229 0.729 282.9 334.8 306.0 383.3 80
2021000000562229 0.729 221.5 231.8 234.2 262.1 80
2021000000562229 0.729 593.6 249.8 604.6 267.8 80
2021000000562229 0.724 448.3 254.8 454.6 265.1 80
2021000000562229 0.717 39.1 254.8 50.2 288.1 80
2021000000562229 0.716 410.2 251.4 425.0 265.7 80
2021000000562229 0.715 157.4 178.1 171.3 211.8 80
2021000000562229 0.714 612.4 237.6 641.1 270.7 80
2021000000562229 0.713 529.5 251.7 541.2 267.2 80
2021000000562229 0.703 1.1 180.5 2.5 282.9 80
2021000000562229 0.702 251.6 231.0 262.6 262.3 80
2021000000562229 0.700 469.5 248.8 475.4 264.2 80
2021000000562229 0.700 158.9 177.7 174.0 214.8 80
2021000000562229 0.700 610.9 246.4 641.3 272.9 80
2021000000562229 0.699 486.5 262.4 505.2 289.1 80
2021000000562229 0.699 531.9 249.8 539.0 264.5 80
2021000000562229 0.694 466.9 248.6 473.2 262.9 80
2021000000562229 0.683 223.6 240.0 234.5 263.5 80
2021000000562229 0.679 487.6 262.4 511.3 288.9 80
2021000000562229 0.673 536.2 251.4 545.2 265.4 80
2021000000562229 0.673 257.9 223.2 298.5 262.2 80
2021000000562229 0.672 447.7 251.3 454.3 263.1 80
2021000000562229 0.672 194.7 277.9 209.7 289.0 80
2021000000562229 0.658 529.9 249.0 537.9 263.8 80
2021000000562229 0.651 36.5 257.2 46.2 288.7 80
2021000000562229 0.648 76.6 192.2 88.0 207.2 80
2021000000562229 0.633 609.6 237.8 641.4 270.6 80
2021000000562229 0.626 91.0 188.9 101.6 202.1 80
2021000000562229 0.619 107.1 188.0 118.1 199.7 80
2021000000562229 0.610 486.0 257.2 509.3 288.3 18
2021000000562229 0.605 74.2 190.9 83.8 205.8 80
2021000000562229 0.588 532.6 248.1 540.1 263.4 80
2021000000562229 0.583 501.4 256.0 514.0 282.3 80
2021000000562229 0.566 497.7 253.6 507.5 267.5 80
2021000000562229 0.553 108.3 190.2 120.1 203.3 80
2021000000562229 0.540 69.7 191.5 79.1 205.8 80
2021000000562229 0.527 280.8 331.4 304.9 384.1 80
2021000000562229 0.526 100.7 186.0 110.0 200.2 80
2021000000562229 0.499 98.7 187.6 110.7 202.2 80
2021000000562229 0.442 502.7 257.0 517.1 287.3 18
2021000000562229 0.438 78.1 190.5 90.5 206.6 80
2021000000562229 0.261 598.9 95.1 657.5 723.7 80
2021000000562229 0.250 78.1 190.5 90.5 206.6 18
2021000000562229 0.233 502.7 257.0 517.1 287.3 80
2021000000562229 0.198 98.7 187.6 110.7 202.2 18
2021000000562229 0.184 100.7 186.0 110.0 200.2 18
2021000000562229 0.152 69.7 191.5 79.1 205.8 18
2021000000562229 0.145 497.7 253.6 507.5 267.5 18
2021000000562229 0.139 501.4 256.0 514.0 282.3 18
2021000000562229 0.136 486.0 257.2 509.3 288.3 80
2021000000562229 0.135 108.3 190.2 120.1 203.3 18
2021000000562229 0.134 362.0 306.5 446.8 371.7 80
2021000000562229 0.131 74.2 190.9 83.8 205.8 18
2021000000562229 0.127 280.8 331.4 304.9 384.1 18
2021000000562229 0.126 532.6 248.1 540.1 263.4 18
2021000000562229 0.123 418.9 7.1 528.2 53.6 80
2021000000562229 0.117 386.7 -1.2 502.2 21.3 80
2021000000562229 0.115 302.7 194.4 382.0 258.2 80
2021000000562229 0.115 385.5 383.6 468.5 449.5 80
2021000000562229 0.106 91.0 188.9 101.6 202.1 18
2021000000562229 0.104 89.1 425.8 173.8 499.0 80
2021000000562229 0.101 336.8 147.3 417.3 216.5 80
2021000000562229 0.101 107.1 188.0 118.1 199.7 18
2021000000562229 0.098 356.9 446.9 445.5 525.6 80
2021000000562229 0.097 76.6 192.2 88.0 207.2 18
2021000000562229 0.097 437.9 426.9 523.9 500.9 80
2021000000562229 0.095 218.8 446.6 310.4 527.3 80
2021000000562229 0.094 151.2 422.7 241.8 505.9 80
2021000000562229 0.091 403.2 451.7 495.0 540.2 80
2021000000562229 0.087 500.0 437.6 594.0 542.7 80
2021000000562229 0.087 43.9 420.9 133.6 516.4 80
2021000000562229 0.087 -2.9 404.7 83.1 501.4 80
2021000000562229 0.086 36.5 257.2 46.2 288.7 18
2021000000562229 0.083 16.1 575.2 130.7 628.9 80
2021000000562229 0.082 169.6 444.9 280.4 579.6 80
2021000000562229 0.082 450.9 450.8 558.1 590.4 80
2021000000562229 0.082 257.9 223.2 298.5 262.2 5
2021000000562229 0.082 188.6 -0.6 272.4 2.6 80
2021000000562229 0.081 532.9 373.2 638.2 574.3 80
2021000000562229 0.081 529.9 249.0 537.9 263.8 18
2021000000562229 0.080 280.8 331.4 304.9 384.1 8
2021000000562229 0.079 274.2 445.2 395.3 614.1 80
2021000000562229 0.079 487.6 262.4 511.3 288.9 18
2021000000562229 0.077 -17.7 526.2 75.2 592.3 80
2021000000562229 0.793 597.3 574.4 644.5 635.8 80
2021000000562229 0.772 266.8 121.2 455.2 571.0 18
2021000000562229 0.761 262.5 167.8 455.8 562.9 80
2021000000562229 0.754 274.4 125.2 451.5 570.1 80
2021000000562229 0.753 201.2 267.4 217.4 284.1 80
2021000000562229 0.752 387.8 229.5 413.0 257.2 80
2021000000562229 0.750 319.9 213.4 434.6 350.5 80
2021000000562229 0.749 638.5 280.8 640.0 435.8 80
2021000000562229 0.747 591.0 253.9 605.7 270.0 80
2021000000562229 0.742 33.0 210.5 605.1 298.8 80
2021000000562229 0.741 137.7 257.3 156.9 286.0 80
2021000000562229 0.736 211.3 236.1 230.1 268.0 80
2021000000562229 0.736 147.3 250.9 172.8 286.8 80
2021000000562229 0.735 281.1 295.0 309.3 384.8 80
2021000000562229 0.734 281.6 333.4 301.4 383.9 80
2021000000562229 0.732 282.5 334.5 306.8 384.7 80
2021000000562229 0.729 282.9 334.8 306.0 383.3 80
2021000000562229 0.729 221.5 231.8 234.2 262.1 80
2021000000562229 0.729 593.6 249.8 604.6 267.8 80
2021000000562229 0.724 448.3 254.8 454.6 265.1 80
2021000000562229 0.717 39.1 254.8 50.2 288.1 80
2021000000562229 0.716 410.2 251.4 425.0 265.7 80
2021000000562229 0.715 157.4 178.1 171.3 211.8 80
2021000000562229 0.714 612.4 237.6 641.1 270.7 80
2021000000562229 0.713 529.5 251.7 541.2 267.2 80
2021000000562229 0.703 1.1 180.5 2.5 282.9 80
2021000000562229 0.702 251.6 231.0 262.6 262.3 80
2021000000562229 0.700 469.5 248.8 475.4 264.2 80
2021000000562229 0.700 158.9 177.7 174.0 214.8 80
2021000000562229 0.700 610.9 246.4 641.3 272.9 80
2021000000562229 0.699 486.5 262.4 505.2 289.1 80
2021000000562229 0.699 531.9 249.8 539.0 264.5 80
2021000000562229 0.694 466.9 248.6 473.2 262.9 80
2021000000562229 0.683 223.6 240.0 234.5 263.5 80
2021000000562229 0.679 487.6 262.4 511.3 288.9 80
2021000000562229 0.673 536.2 251.4 545.2 265.4 80
2021000000562229 0.673 257.9 223.2 298.5 262.2 80
2021000000562229 0.672 447.7 251.3 454.3 263.1 80
2021000000562229 0.672 194.7 277.9 209.7 289.0 80
2021000000562229 0.658 529.9 249.0 537.9 263.8 80
2021000000562229 0.651 36.5 257.2 46.2 288.7 80
2021000000562229 0.648 76.6 192.2 88.0 207.2 80
2021000000562229 0.633 609.6 237.8 641.4 270.6 80
2021000000562229 0.626 91.0 188.9 101.6 202.1 80
2021000000562229 0.619 107.1 188.0 118.1 199.7 80
2021000000562229 0.610 486.0 257.2 509.3 288.3 18
2021000000562229 0.605 74.2 190.9 83.8 205.8 80
2021000000562229 0.588 532.6 248.1 540.1 263.4 80
2021000000562229 0.583 501.4 256.0 514.0 282.3 80
2021000000562229 0.566 497.7 253.6 507.5 267.5 80
2021000000562229 0.553 108.3 190.2 120.1 203.3 80
2021000000562229 0.540 69.7 191.5 79.1 205.8 80
2021000000562229 0.527 280.8 331.4 304.9 384.1 80
2021000000562229 0.526 100.7 186.0 110.0 200.2 80
2021000000562229 0.499 98.7 187.6 110.7 202.2 80
2021000000562229 0.442 502.7 257.0 517.1 287.3 18
2021000000562229 0.438 78.1 190.5 90.5 206.6 80
2021000000562229 0.261 598.9 95.1 657.5 723.7 80
2021000000562229 0.250 78.1 190.5 90.5 206.6 18
2021000000562229 0.233 502.7 257.0 517.1 287.3 80
2021000000562229 0.198 98.7 187.6 110.7 202.2 18
2021000000562229 0.184 100.7 186.0 110.0 200.2 18
2021000000562229 0.152 69.7 191.5 79.1 205.8 18
2021000000562229 0.145 497.7 253.6 507.5 267.5 18
2021000000562229 0.139 501.4 256.0 514.0 282.3 18
2021000000562229 0.136 486.0 257.2 509.3 288.3 80
2021000000562229 0.135 108.3 190.2 120.1 203.3 18
2021000000562229 0.134 362.0 306.5 446.8 371.7 80
2021000000562229 0.131 74.2 190.9 83.8 205.8 18
2021000000562229 0.127 280.8 331.4 304.9 384.1 18
2021000000562229 0.126 532.6 248.1 540.1 263.4 18
2021000000562229 0.123 418.9 7.1 528.2 53.6 80
2021000000562229 0.117 386.7 -1.2 502.2 21.3 80
2021000000562229 0.115 302.7 194.4 382.0 258.2 80
2021000000562229 0.115 385.5 383.6 468.5 449.5 80
2021000000562229 0.106 91.0 188.9 101.6 202.1 18
2021000000562229 0.104 89.1 425.8 173.8 499.0 80
2021000000562229 0.101 336.8 147.3 417.3 216.5 80
2021000000562229 0.101 107.1 188.0 118.1 199.7 18
2021000000562229 0.098 356.9 446.9 445.5 525.6 80
2021000000562229 0.097 76.6 192.2 88.0 207.2 18
2021000000562229 0.097 437.9 426.9 523.9 500.9 80
2021000000562229 0.095 218.8 446.6 310.4 527.3 80
2021000000562229 0.094 151.2 422.7 241.8 505.9 80
2021000000562229 0.091 403.2 451.7 495.0 540.2 80
2021000000562229 0.087 500.0 437.6 594.0 542.7 80
2021000000562229 0.087 43.9 420.9 133.6 516.4 80
2021000000562229 0.087 -2.9 404.7 83.1 501.4 80
2021000000562229 0.086 36.5 257.2 46.2 288.7 18
2021000000562229 0.083 16.1 575.2 130.7 628.9 80
2021000000562229 0.082 169.6 444.9 280.4 579.6 80
2021000000562229 0.082 450.9 450.8 558.1 590.4 80
2021000000562229 0.082 257.9 223.2 298.5 262.2 5
2021000000562229 0.082 188.6 -0.6 272.4 2.6 80
2021000000562229 0.081 532.9 373.2 638.2 574.3 80
2021000000562229 0.081 529.9 249.0 537.9 263.8 18
2021000000562229 0.080 280.8 331.4 304.9 384.1 8
2021000000562229 0.079 274.2 445.2 395.3 614.1 80
2021000000562229 0.079 487.6 262.4 511.3 288.9 18
2021000000562229 0.077 -17.7 526.2 75.2 592.3 80
2021000000562229 0.793 597.3 574.4 644.5 635.8 80
2021000000562229 0.772 266.8 121.2 455.2 571.0 18
2021000000562229 0.761 262.5 167.8 455.8 562.9 80
2021000000562229 0.754 274.4 125.2 451.5 570.1 80
2021000000562229 0.753 201.2 267.4 217.4 284.1 80
2021000000562229 0.752 387.8 229.5 413.0 257.2 80
2021000000562229 0.750 319.9 213.4 434.6 350.5 80
2021000000562229 0.749 638.5 280.8 640.0 435.8 80
2021000000562229 0.747 591.0 253.9 605.7 270.0 80
2021000000562229 0.742 33.0 210.5 605.1 298.8 80
2021000000562229 0.741 137.7 257.3 156.9 286.0 80
2021000000562229 0.736 211.3 236.1 230.1 268.0 80
2021000000562229 0.736 147.3 250.9 172.8 286.8 80
2021000000562229 0.735 281.1 295.0 309.3 384.8 80
2021000000562229 0.734 281.6 333.4 301.4 383.9 80
2021000000562229 0.732 282.5 334.5 306.8 384.7 80
2021000000562229 0.729 282.9 334.8 306.0 383.3 80
2021000000562229 0.729 221.5 231.8 234.2 262.1 80
2021000000562229 0.729 593.6 249.8 604.6 267.8 80
2021000000562229 0.724 448.3 254.8 454.6 265.1 80
2021000000562229 0.717 39.1 254.8 50.2 288.1 80
2021000000562229 0.716 410.2 251.4 425.0 265.7 80
2021000000562229 0.715 157.4 178.1 171.3 211.8 80
2021000000562229 0.714 612.4 237.6 641.1 270.7 80
2021000000562229 0.713 529.5 251.7 541.2 267.2 80
2021000000562229 0.703 1.1 180.5 2.5 282.9 80
2021000000562229 0.702 251.6 231.0 262.6 262.3 80
2021000000562229 0.700 469.5 248.8 475.4 264.2 80
2021000000562229 0.700 158.9 177.7 174.0 214.8 80
2021000000562229 0.700 610.9 246.4 641.3 272.9 80
2021000000562229 0.699 486.5 262.4 505.2 289.1 80
2021000000562229 0.699 531.9 249.8 539.0 264.5 80
2021000000562229 0.694 466.9 248.6 473.2 262.9 80
2021000000562229 0.683 223.6 240.0 234.5 263.5 80
2021000000562229 0.679 487.6 262.4 511.3 288.9 80
2021000000562229 0.673 536.2 251.4 545.2 265.4 80
2021000000562229 0.673 257.9 223.2 298.5 262.2 80
2021000000562229 0.672 447.7 251.3 454.3 263.1 80
2021000000562229 0.672 194.7 277.9 209.7 289.0 80
2021000000562229 0.658 529.9 249.0 537.9 263.8 80
2021000000562229 0.651 36.5 257.2 46.2 288.7 80
2021000000562229 0.648 76.6 192.2 88.0 207.2 80
2021000000562229 0.633 609.6 237.8 641.4 270.6 80
2021000000562229 0.626 91.0 188.9 101.6 202.1 80
2021000000562229 0.619 107.1 188.0 118.1 199.7 80
2021000000562229 0.610 486.0 257.2 509.3 288.3 18
2021000000562229 0.605 74.2 190.9 83.8 205.8 80
2021000000562229 0.588 532.6 248.1 540.1 263.4 80
2021000000562229 0.583 501.4 256.0 514.0 282.3 80
2021000000562229 0.566 497.7 253.6 507.5 267.5 80
2021000000562229 0.553 108.3 190.2 120.1 203.3 80
2021000000562229 0.540 69.7 191.5 79.1 205.8 80
2021000000562229 0.527 280.8 331.4 304.9 384.1 80
2021000000562229 0.526 100.7 186.0 110.0 200.2 80
2021000000562229 0.499 98.7 187.6 110.7 202.2 80
2021000000562229 0.442 502.7 257.0 517.1 287.3 18
2021000000562229 0.438 78.1 190.5 90.5 206.6 80
2021000000562229 0.261 598.9 95.1 657.5 723.7 80
2021000000562229 0.250 78.1 190.5 90.5 206.6 18
2021000000562229 0.233 502.7 257.0 517.1 287.3 80
2021000000562229 0.198 98.7 187.6 110.7 202.2 18
2021000000562229 0.184 100.7 186.0 110.0 200.2 18
2021000000562229 0.152 69.7 191.5 79.1 205.8 18
2021000000562229 0.145 497.7 253.6 507.5 267.5 18
2021000000562229 0.139 501.4 256.0 514.0 282.3 18
2021000000562229 0.136 486.0 257.2 509.3 288.3 80
2021000000562229 0.135 108.3 190.2 120.1 203.3 18
2021000000562229 0.134 362.0 306.5 446.8 371.7 80
2021000000562229 0.131 74.2 190.9 83.8 205.8 18
2021000000562229 0.127 280.8 331.4 304.9 384.1 18
2021000000562229 0.126 532.6 248.1 540.1 263.4 18
2021000000562229 0.123 418.9 7.1 528.2 53.6 80
2021000000562229 0.117 386.7 -1.2 502.2 21.3 80
2021000000562229 0.115 302.7 194.4 382.0 258.2 80
2021000000562229 0.115 385.5 383.6 468.5 449.5 80
2021000000562229 0.106 91.0 188.9 101.6 202.1 18
2021000000562229 0.104 89.1 425.8 173.8 499.0 80
2021000000562229 0.101 336.8 147.3 417.3 216.5 80
2021000000562229 0.101 107.1 188.0 118.1 199.7 18
2021000000562229 0.098 356.9 446.9 445.5 525.6 80
2021000000562229 0.097 76.6 192.2 88.0 207.2 18
2021000000562229 0.097 437.9 426.9 523.9 500.9 80
2021000000562229 0.095 218.8 446.6 310.4 527.3 80
2021000000562229 0.094 151.2 422.7 241.8 505.9 80
2021000000562229 0.091 403.2 451.7 495.0 540.2 80
2021000000562229 0.087 500.0 437.6 594.0 542.7 80
2021000000562229 0.087 43.9 420.9 133.6 516.4 80
2021000000562229 0.087 -2.9 404.7 83.1 501.4 80
2021000000562229 0.086 36.5 257.2 46.2 288.7 18
2021000000562229 0.083 16.1 575.2 130.7 628.9 80
2021000000562229 0.082 169.6 444.9 280.4 579.6 80
2021000000562229 0.082 450.9 450.8 558.1 590.4 80
2021000000562229 0.082 257.9 223.2 298.5 262.2 5
2021000000562229 0.082 188.6 -0.6 272.4 2.6 80
2021000000562229 0.081 532.9 373.2 638.2 574.3 80
2021000000562229 0.081 529.9 249.0 537.9 263.8 18
2021000000562229 0.080 280.8 331.4 304.9 384.1 8
2021000000562229 0.079 274.2 445.2 395.3 614.1 80
2021000000562229 0.079 487.6 262.4 511.3 288.9 18
2021000000562229 0.077 -17.7 526.2 75.2 592.3 80
2021000000562229 0.793 597.3 574.4 644.5 635.8 80
2021000000562229 0.772 266.8 121.2 455.2 571.0 18
2021000000562229 0.761 262.5 167.8 455.8 562.9 80
2021000000562229 0.754 274.4 125.2 451.5 570.1 80
2021000000562229 0.753 201.2 267.4 217.4 284.1 80
2021000000562229 0.752 387.8 229.5 413.0 257.2 80
2021000000562229 0.750 319.9 213.4 434.6 350.5 80
2021000000562229 0.749 638.5 280.8 640.0 435.8 80
2021000000562229 0.747 591.0 253.9 605.7 270.0 80
2021000000562229 0.742 33.0 210.5 605.1 298.8 80
2021000000562229 0.741 137.7 257.3 156.9 286.0 80
2021000000562229 0.736 211.3 236.1 230.1 268.0 80
2021000000562229 0.736 147.3 250.9 172.8 286.8 80
2021000000562229 0.735 281.1 295.0 309.3 384.8 80
2021000000562229 0.734 281.6 333.4 301.4 383.9 80
2021000000562229 0.732 282.5 334.5 306.8 384.7 80
2021000000562229 0.729 282.9 334.8 306.0 383.3 80
2021000000562229 0.729 221.5 231.8 234.2 262.1 80
2021000000562229 0.729 593.6 249.8 604.6 267.8 80
2021000000562229 0.724 448.3 254.8 454.6 265.1 80
2021000000562229 0.717 39.1 254.8 50.2 288.1 80
2021000000562229 0.716 410.2 251.4 425.0 265.7 80
2021000000562229 0.715 157.4 178.1 171.3 211.8 80
2021000000562229 0.714 612.4 237.6 641.1 270.7 80
2021000000562229 0.713 529.5 251.7 541.2 267.2 80
2021000000562229 0.703 1.1 180.5 2.5 282.9 80
2021000000562229 0.702 251.6 231.0 262.6 262.3 80
2021000000562229 0.700 469.5 248.8 475.4 264.2 80
2021000000562229 0.700 158.9 177.7 174.0 214.8 80
2021000000562229 0.700 610.9 246.4 641.3 272.9 80
2021000000562229 0.699 486.5 262.4 505.2 289.1 80
2021000000562229 0.699 531.9 249.8 539.0 264.5 80
2021000000562229 0.694 466.9 248.6 473.2 262.9 80
2021000000562229 0.683 223.6 240.0 234.5 263.5 80
2021000000562229 0.679 487.6 262.4 511.3 288.9 80
2021000000562229 0.673 536.2 251.4 545.2 265.4 80
2021000000562229 0.673 257.9 223.2 298.5 262.2 80
2021000000562229 0.672 447.7 251.3 454.3 263.1 80
2021000000562229 0.672 194.7 277.9 209.7 289.0 80
2021000000562229 0.658 529.9 249.0 537.9 263.8 80
2021000000562229 0.651 36.5 257.2 46.2 288.7 80
2021000000562229 0.648 76.6 192.2 88.0 207.2 80
2021000000562229 0.633 609.6 237.8 641.4 270.6 80
2021000000562229 0.626 91.0 188.9 101.6 202.1 80
2021000000562229 0.619 107.1 188.0 118.1 199.7 80
2021000000562229 0.610 486.0 257.2 509.3 288.3 18
2021000000562229 0.605 74.2 190.9 83.8 205.8 80
2021000000562229 0.588 532.6 248.1 540.1 263.4 80
2021000000562229 0.583 501.4 256.0 514.0 282.3 80
2021000000562229 0.566 497.7 253.6 507.5 267.5 80
2021000000562229 0.553 108.3 190.2 120.1 203.3 80
2021000000562229 0.540 69.7 191.5 79.1 205.8 80
2021000000562229 0.527 280.8 331.4 304.9 384.1 80
2021000000562229 0.526 100.7 186.0 110.0 200.2 80
2021000000562229 0.499 98.7 187.6 110.7 202.2 80
2021000000562229 0.442 502.7 257.0 517.1 287.3 18
2021000000562229 0.438 78.1 190.5 90.5 206.6 80
2021000000562229 0.261 598.9 95.1 657.5 723.7 80
2021000000562229 0.250 78.1 190.5 90.5 206.6 18
2021000000562229 0.233 502.7 257.0 517.1 287.3 80
2021000000562229 0.198 98.7 187.6 110.7 202.2 18
2021000000562229 0.184 100.7 186.0 110.0 200.2 18
2021000000562229 0.152 69.7 191.5 79.1 205.8 18
2021000000562229 0.145 497.7 253.6 507.5 267.5 18
2021000000562229 0.139 501.4 256.0 514.0 282.3 18
2021000000562229 0.136 486.0 257.2 509.3 288.3 80
2021000000562229 0.135 108.3 190.2 120.1 203.3 18
2021000000562229 0.134 362.0 306.5 446.8 371.7 80
2021000000562229 0.131 74.2 190.9 83.8 205.8 18
2021000000562229 0.127 280.8 331.4 304.9 384.1 18
2021000000562229 0.126 532.6 248.1 540.1 263.4 18
2021000000562229 0.123 418.9 7.1 528.2 53.6 80
2021000000562229 0.117 386.7 -1.2 502.2 21.3 80
2021000000562229 0.115 302.7 194.4 382.0 258.2 80
2021000000562229 0.115 385.5 383.6 468.5 449.5 80
2021000000562229 0.106 91.0 188.9 101.6 202.1 18
2021000000562229 0.104 89.1 425.8 173.8 499.0 80
2021000000562229 0.101 336.8 147.3 417.3 216.5 80
2021000000562229 0.101 107.1 188.0 118.1 199.7 18
2021000000562229 0.098 356.9 446.9 445.5 525.6 80
2021000000562229 0.097 76.6 192.2 88.0 207.2 18
2021000000562229 0.097 437.9 426.9 523.9 500.9 80
2021000000562229 0.095 218.8 446.6 310.4 527.3 80
2021000000562229 0.094 151.2 422.7 241.8 505.9 80
2021000000562229 0.091 403.2 451.7 495.0 540.2 80
2021000000562229 0.087 500.0 437.6 594.0 542.7 80
2021000000562229 0.087 43.9 420.9 133.6 516.4 80
2021000000562229 0.087 -2.9 404.7 83.1 501.4 80
2021000000562229 0.086 36.5 257.2 46.2 288.7 18
2021000000562229 0.083 16.1 575.2 130.7 628.9 80
2021000000562229 0.082 169.6 444.9 280.4 579.6 80
2021000000562229 0.082 450.9 450.8 558.1 590.4 80
2021000000562229 0.082 257.9 223.2 298.5 262.2 5
2021000000562229 0.082 188.6 -0.6 272.4 2.6 80
2021000000562229 0.081 532.9 373.2 638.2 574.3 80
2021000000562229 0.081 529.9 249.0 537.9 263.8 18
2021000000562229 0.080 280.8 331.4 304.9 384.1 8
2021000000562229 0.079 274.2 445.2 395.3 614.1 80
2021000000562229 0.079 487.6 262.4 511.3 288.9 18
2021000000562229 0.077 -17.7 526.2 75.2 592.3 80
2021000000562229 0.793 597.3 574.4 644.5 635.8 80
2021000000562229 0.772 266.8 121.2 455.2 571.0 18
2021000000562229 0.761 262.5 167.8 455.8 562.9 80
2021000000562229 0.754 274.4 125.2 451.5 570.1 80
2021000000562229 0.753 201.2 267.4 217.4 284.1 80
2021000000562229 0.752 387.8 229.5 413.0 257.2 80
2021000000562229 0.750 319.9 213.4 434.6 350.5 80
2021000000562229 0.749 638.5 280.8 640.0 435.8 80
2021000000562229 0.747 591.0 253.9 605.7 270.0 80
2021000000562229 0.742 33.0 210.5 605.1 298.8 80
2021000000562229 0.741 137.7 257.3 156.9 286.0 80
2021000000562229 0.736 211.3 236.1 230.1 268.0 80
2021000000562229 0.736 147.3 250.9 172.8 286.8 80
2021000000562229 0.735 281.1 295.0 309.3 384.8 80
2021000000562229 0.734 281.6 333.4 301.4 383.9 80
2021000000562229 0.732 282.5 334.5 306.8 384.7 80
2021000000562229 0.729 282.9 334.8 306.0 383.3 80
2021000000562229 0.729 221.5 231.8 234.2 262.1 80
2021000000562229 0.729 593.6 249.8 604.6 267.8 80
2021000000562229 0.724 448.3 254.8 454.6 265.1 80
2021000000562229 0.717 39.1 254.8 50.2 288.1 80
2021000000562229 0.716 410.2 251.4 425.0 265.7 80
2021000000562229 0.715 157.4 178.1 171.3 211.8 80
2021000000562229 0.714 612.4 237.6 641.1 270.7 80
2021000000562229 0.713 529.5 251.7 541.2 267.2 80
2021000000562229 0.703 1.1 180.5 2.5 282.9 80
2021000000562229 0.702 251.6 231.0 262.6 262.3 80
2021000000562229 0.700 469.5 248.8 475.4 264.2 80
2021000000562229 0.700 158.9 177.7 174.0 214.8 80
2021000000562229 0.700 610.9 246.4 641.3 272.9 80
2021000000562229 0.699 486.5 262.4 505.2 289.1 80
2021000000562229 0.699 531.9 249.8 539.0 264.5 80
2021000000562229 0.694 466.9 248.6 473.2 262.9 80
2021000000562229 0.683 223.6 240.0 234.5 263.5 80
2021000000562229 0.679 487.6 262.4 511.3 288.9 80
2021000000562229 0.673 536.2 251.4 545.2 265.4 80
2021000000562229 0.673 257.9 223.2 298.5 262.2 80
2021000000562229 0.672 447.7 251.3 454.3 263.1 80
2021000000562229 0.672 194.7 277.9 209.7 289.0 80
2021000000562229 0.658 529.9 249.0 537.9 263.8 80
2021000000562229 0.651 36.5 257.2 46.2 288.7 80
2021000000562229 0.648 76.6 192.2 88.0 207.2 80
2021000000562229 0.633 609.6 237.8 641.4 270.6 80
2021000000562229 0.626 91.0 188.9 101.6 202.1 80
2021000000562229 0.619 107.1 188.0 118.1 199.7 80
2021000000562229 0.610 486.0 257.2 509.3 288.3 18
2021000000562229 0.605 74.2 190.9 83.8 205.8 80
2021000000562229 0.588 532.6 248.1 540.1 263.4 80
2021000000562229 0.583 501.4 256.0 514.0 282.3 80
2021000000562229 0.566 497.7 253.6 507.5 267.5 80
2021000000562229 0.553 108.3 190.2 120.1 203.3 80
2021000000562229 0.540 69.7 191.5 79.1 205.8 80
2021000000562229 0.527 280.8 331.4 304.9 384.1 80
2021000000562229 0.526 100.7 186.0 110.0 200.2 80
2021000000562229 0.499 98.7 187.6 110.7 202.2 80
2021000000562229 0.442 502.7 257.0 517.1 287.3 18
2021000000562229 0.438 78.1 190.5 90.5 206.6 80
2021000000562229 0.261 598.9 95.1 657.5 723.7 80
2021000000562229 0.250 78.1 190.5 90.5 206.6 18
2021000000562229 0.233 502.7 257.0 517.1 287.3 80
2021000000562229 0.198 98.7 187.6 110.7 202.2 18
2021000000562229 0.184 100.7 186.0 110.0 200.2 18
2021000000562229 0.152 69.7 191.5 79.1 205.8 18
2021000000562229 0.145 497.7 253.6 507.5 267.5 18
2021000000562229 0.139 501.4 256.0 514.0 282.3 18
2021000000562229 0.136 486.0 257.2 509.3 288.3 80
2021000000562229 0.135 108.3 190.2 120.1 203.3 18
2021000000562229 0.134 362.0 306.5 446.8 371.7 80
2021000000562229 0.131 74.2 190.9 83.8 205.8 18
2021000000562229 0.127 280.8 331.4 304.9 384.1 18
2021000000562229 0.126 532.6 248.1 540.1 263.4 18
2021000000562229 0.123 418.9 7.1 528.2 53.6 80
2021000000562229 0.117 386.7 -1.2 502.2 21.3 80
2021000000562229 0.115 302.7 194.4 382.0 258.2 80
2021000000562229 0.115 385.5 383.6 468.5 449.5 80
2021000000562229 0.106 91.0 188.9 101.6 202.1 18
2021000000562229 0.104 89.1 425.8 173.8 499.0 80
2021000000562229 0.101 336.8 147.3 417.3 216.5 80
2021000000562229 0.101 107.1 188.0 118.1 199.7 18
2021000000562229 0.098 356.9 446.9 445.5 525.6 80
2021000000562229 0.097 76.6 192.2 88.0 207.2 18
2021000000562229 0.097 437.9 426.9 523.9 500.9 80
2021000000562229 0.095 218.8 446.6 310.4 527.3 80
2021000000562229 0.094 151.2 422.7 241.8 505.9 80
2021000000562229 0.091 403.2 451.7 495.0 540.2 80
2021000000562229 0.087 500.0 437.6 594.0 542.7 80
2021000000562229 0.087 43.9 420.9 133.6 516.4 80
2021000000562229 0.087 -2.9 404.7 83.1 501.4 80
2021000000562229 0.086 36.5 257.2 46.2 288.7 18
2021000000562229 0.083 16.1 575.2 130.7 628.9 80
2021000000562229 0.082 169.6 444.9 280.4 579.6 80
2021000000562229 0.082 450.9 450.8 558.1 590.4 80
2021000000562229 0.082 257.9 223.2 298.5 262.2 5
2021000000562229 0.082 188.6 -0.6 272.4 2.6 80
2021000000562229 0.081 532.9 373.2 638.2 574.3 80
2021000000562229 0.081 529.9 249.0 537.9 263.8 18
2021000000562229 0.080 280.8 331.4 304.9 384.1 8
2021000000562229 0.079 274.2 445.2 395.3 614.1 80
2021000000562229 0.079 487.6 262.4 511.3 288.9 18
2021000000562229 0.077 -17.7 526.2 75.2 592.3 80
