2021000000565563 0.796 605.4 432.7 638.1 475.9 80
2021000000565563 0.753 30.2 159.9 609.2 290.7 80
2021000000565563 0.747 359.7 4.1 421.3 29.4 80
2021000000565563 0.744 638.4 294.2 640.1 448.8 80
2021000000565563 0.738 638.9 183.0 640.0 333.9 80
2021000000565563 0.727 2.0 207.4 25.3 233.7 80
2021000000565563 0.726 8.5 212.9 75.8 257.5 80
2021000000565563 0.714 333.7 290.6 350.0 315.9 80
2021000000565563 0.708 600.7 416.0 625.1 438.9 80
2021000000565563 0.700 275.5 213.5 302.7 245.1 80
2021000000565563 0.696 0.8 215.5 3.0 259.6 80
2021000000565563 0.689 39.3 222.3 82.1 254.7 80
2021000000565563 0.676 1.0 219.3 5.2 226.8 80
2021000000565563 0.670 250.9 366.2 280.3 388.5 80
2021000000565563 0.669 110.0 222.6 162.9 270.0 80
2021000000565563 0.665 102.3 219.5 121.2 237.9 80
2021000000565563 0.663 259.2 209.0 295.2 238.4 5
2021000000565563 0.658 -0.3 221.1 79.8 281.7 5
2021000000565563 0.653 53.2 213.3 66.7 223.9 80
2021000000565563 0.647 79.0 224.4 266.5 336.5 5
