2021001438 0.735 118.2 4.1 354.4 267.5 14
2021001438 0.698 3.6 42.0 372.4 256.9 80
2021001438 0.696 142.1 171.9 236.7 252.3 80
2021001438 0.685 91.7 28.9 347.7 256.6 80
2021001438 0.683 145.0 172.5 223.5 248.3 80
2021001438 0.668 10.0 116.1 92.7 265.5 80
2021001438 0.661 -7.5 82.1 261.5 466.7 80
2021001438 0.660 1.4 101.5 321.0 489.2 80
2021001438 0.658 14.0 117.9 155.9 227.5 80
2021001438 0.657 243.3 283.5 368.1 439.4 80
2021001438 0.655 346.3 233.2 376.5 469.1 80
2021001438 0.655 270.9 443.0 370.0 496.6 80
2021001438 0.654 354.3 298.8 374.0 467.9 80
2021001438 0.654 72.6 13.4 364.1 496.2 80
2021001438 0.651 26.9 131.2 84.6 231.1 80
2021001438 0.647 124.0 24.3 361.2 259.1 80
2021001438 0.636 230.1 306.5 372.0 430.8 80
2021001438 0.635 -0.1 106.7 373.6 504.4 80
2021001438 0.634 -0.0 87.2 96.3 348.6 80
2021001438 0.632 224.7 295.1 374.3 415.9 80
2021001438 0.627 0.1 22.8 374.1 501.4 80
2021001438 0.627 225.3 306.5 353.3 414.6 80
2021001438 0.624 368.6 216.8 375.6 366.9 80
2021001438 0.617 8.9 97.6 114.1 150.5 80
2021001438 0.609 0.9 112.2 24.1 231.1 80
2021001438 0.605 342.0 421.5 376.0 503.7 80
2021001438 0.604 350.5 -3.4 376.8 270.0 80
2021001438 0.594 0.3 127.6 262.2 245.8 80
2021001438 0.589 3.7 12.6 52.8 186.1 80
2021001438 0.589 128.7 9.9 356.2 256.4 80
2021001438 0.588 0.7 120.6 374.6 508.9 10
2021001438 0.578 371.2 98.7 375.4 200.6 80
2021001438 0.563 99.5 10.9 371.4 251.9 80
2021001438 0.562 346.2 416.9 375.1 498.0 80
2021001438 0.558 108.7 115.3 355.1 260.2 80
2021001438 0.557 1.7 428.8 375.7 499.4 80
2021001438 0.557 21.2 130.2 84.2 232.8 4
2021001438 0.554 0.7 13.3 17.8 151.1 80
2021001438 0.545 216.1 0.8 361.4 491.8 80
2021001438 0.524 -0.1 78.7 7.5 372.8 80
2021001438 0.523 227.0 304.5 361.4 412.0 80
2021001438 0.520 351.6 -6.3 377.8 483.3 80
2021001438 0.520 3.3 80.0 161.4 475.4 80
2021001438 0.513 294.4 -10.4 375.6 488.1 80
2021001438 0.511 1.1 85.7 99.6 162.1 80
2021001438 0.510 0.9 25.2 20.0 235.6 80
2021001438 0.506 371.1 109.8 374.7 252.5 80
2021001438 0.499 2.3 3.4 51.8 106.5 80
2021001438 0.496 322.4 422.2 374.8 501.2 80
2021001438 0.493 0.4 0.4 49.7 106.5 80
2021001438 0.464 2.7 476.5 372.0 498.8 80
2021001438 0.453 57.7 487.2 210.2 500.1 80
2021001438 0.413 0.8 269.5 4.7 449.3 80
2021001438 0.398 -0.7 8.2 15.5 472.3 80
2021001438 0.397 22.8 489.4 205.1 500.2 80
2021001438 0.386 -1.6 29.0 71.7 502.6 80
2021001438 0.371 118.4 457.5 387.1 503.9 80
2021001438 0.331 374.1 23.1 375.2 67.0 80
2021001438 0.315 172.2 316.6 393.8 496.1 80
2021001438 0.298 -13.9 121.7 240.0 435.1 80
2021001438 0.245 76.1 41.3 351.6 240.4 80
2021001438 0.221 0.4 0.4 49.7 106.5 14
2021001438 0.211 1.1 85.7 99.6 162.1 10
2021001438 0.200 0.2 393.0 8.7 514.3 80
2021001438 0.199 0.9 25.2 20.0 235.6 4
2021001438 0.185 21.2 130.2 84.2 232.8 80
2021001438 0.181 2.3 3.4 51.8 106.5 14
2021001438 0.177 227.0 304.5 361.4 412.0 8
2021001438 0.170 -1.0 202.7 23.6 513.1 80
2021001438 0.170 1.0 166.2 280.6 426.9 80
2021001438 0.169 84.7 210.6 135.6 270.4 80
2021001438 0.158 322.4 422.2 374.8 501.2 8
2021001438 0.155 23.2 273.1 352.3 463.5 80
2021001438 0.150 94.8 352.0 330.2 503.1 80
2021001438 0.150 27.7 428.1 201.5 504.9 80
2021001438 0.149 66.0 406.7 274.9 502.1 80
2021001438 0.139 105.3 267.5 359.9 450.9 80
2021001438 0.139 156.9 78.2 316.0 256.6 80
2021001438 0.138 147.8 179.2 336.4 445.6 80
2021001438 0.136 -8.4 265.2 165.5 486.9 80
2021001438 0.133 15.3 273.7 256.5 462.9 80
2021001438 0.133 21.2 236.1 287.8 432.4 80
2021001438 0.130 54.9 262.2 320.1 439.4 80
2021001438 0.128 -1.1 220.6 216.1 433.8 80
2021001438 0.127 10.7 451.1 79.9 498.4 80
2021001438 0.126 146.8 213.9 357.1 400.4 80
2021001438 0.124 160.0 302.6 272.7 396.3 80
2021001438 0.123 34.2 209.8 314.2 394.6 80
2021001438 0.123 6.1 192.9 247.7 402.9 80
2021001438 0.123 65.2 225.3 353.6 397.0 80
2021001438 0.120 16.5 196.9 281.0 378.2 80
2021001438 0.120 100.3 308.5 275.8 410.9 80
2021001438 0.120 94.3 194.1 228.2 270.5 80
2021001438 0.113 230.1 306.5 372.0 430.8 8
2021001438 0.111 0.7 13.3 17.8 151.1 14
2021001438 0.111 0.7 120.6 374.6 508.9 80
2021001438 0.110 -27.7 137.6 341.7 288.6 80
2021001438 0.109 216.0 27.9 482.6 198.6 80
2021001438 0.109 86.3 2.9 437.0 149.4 80
2021001438 0.106 0.9 112.2 24.1 231.1 4
2021001438 0.735 118.2 4.1 354.4 267.5 14
2021001438 0.698 3.6 42.0 372.4 256.9 80
2021001438 0.696 142.1 171.9 236.7 252.3 80
2021001438 0.685 91.7 28.9 347.7 256.6 80
2021001438 0.683 145.0 172.5 223.5 248.3 80
2021001438 0.668 10.0 116.1 92.7 265.5 80
2021001438 0.661 -7.5 82.1 261.5 466.7 80
2021001438 0.660 1.4 101.5 321.0 489.2 80
2021001438 0.658 14.0 117.9 155.9 227.5 80
2021001438 0.657 243.3 283.5 368.1 439.4 80
2021001438 0.655 346.3 233.2 376.5 469.1 80
2021001438 0.655 270.9 443.0 370.0 496.6 80
2021001438 0.654 354.3 298.8 374.0 467.9 80
2021001438 0.654 72.6 13.4 364.1 496.2 80
2021001438 0.651 26.9 131.2 84.6 231.1 80
2021001438 0.647 124.0 24.3 361.2 259.1 80
2021001438 0.636 230.1 306.5 372.0 430.8 80
2021001438 0.635 -0.1 106.7 373.6 504.4 80
2021001438 0.634 -0.0 87.2 96.3 348.6 80
2021001438 0.632 224.7 295.1 374.3 415.9 80
2021001438 0.627 0.1 22.8 374.1 501.4 80
2021001438 0.627 225.3 306.5 353.3 414.6 80
2021001438 0.624 368.6 216.8 375.6 366.9 80
2021001438 0.617 8.9 97.6 114.1 150.5 80
2021001438 0.609 0.9 112.2 24.1 231.1 80
2021001438 0.605 342.0 421.5 376.0 503.7 80
2021001438 0.604 350.5 -3.4 376.8 270.0 80
2021001438 0.594 0.3 127.6 262.2 245.8 80
2021001438 0.589 3.7 12.6 52.8 186.1 80
2021001438 0.589 128.7 9.9 356.2 256.4 80
2021001438 0.588 0.7 120.6 374.6 508.9 10
2021001438 0.578 371.2 98.7 375.4 200.6 80
2021001438 0.563 99.5 10.9 371.4 251.9 80
2021001438 0.562 346.2 416.9 375.1 498.0 80
2021001438 0.558 108.7 115.3 355.1 260.2 80
2021001438 0.557 1.7 428.8 375.7 499.4 80
2021001438 0.557 21.2 130.2 84.2 232.8 4
2021001438 0.554 0.7 13.3 17.8 151.1 80
2021001438 0.545 216.1 0.8 361.4 491.8 80
2021001438 0.524 -0.1 78.7 7.5 372.8 80
2021001438 0.523 227.0 304.5 361.4 412.0 80
2021001438 0.520 351.6 -6.3 377.8 483.3 80
2021001438 0.520 3.3 80.0 161.4 475.4 80
2021001438 0.513 294.4 -10.4 375.6 488.1 80
2021001438 0.511 1.1 85.7 99.6 162.1 80
2021001438 0.510 0.9 25.2 20.0 235.6 80
2021001438 0.506 371.1 109.8 374.7 252.5 80
2021001438 0.499 2.3 3.4 51.8 106.5 80
2021001438 0.496 322.4 422.2 374.8 501.2 80
2021001438 0.493 0.4 0.4 49.7 106.5 80
2021001438 0.464 2.7 476.5 372.0 498.8 80
2021001438 0.453 57.7 487.2 210.2 500.1 80
2021001438 0.413 0.8 269.5 4.7 449.3 80
2021001438 0.398 -0.7 8.2 15.5 472.3 80
2021001438 0.397 22.8 489.4 205.1 500.2 80
2021001438 0.386 -1.6 29.0 71.7 502.6 80
2021001438 0.371 118.4 457.5 387.1 503.9 80
2021001438 0.331 374.1 23.1 375.2 67.0 80
2021001438 0.315 172.2 316.6 393.8 496.1 80
2021001438 0.298 -13.9 121.7 240.0 435.1 80
2021001438 0.245 76.1 41.3 351.6 240.4 80
2021001438 0.221 0.4 0.4 49.7 106.5 14
2021001438 0.211 1.1 85.7 99.6 162.1 10
2021001438 0.200 0.2 393.0 8.7 514.3 80
2021001438 0.199 0.9 25.2 20.0 235.6 4
2021001438 0.185 21.2 130.2 84.2 232.8 80
2021001438 0.181 2.3 3.4 51.8 106.5 14
2021001438 0.177 227.0 304.5 361.4 412.0 8
2021001438 0.170 -1.0 202.7 23.6 513.1 80
2021001438 0.170 1.0 166.2 280.6 426.9 80
2021001438 0.169 84.7 210.6 135.6 270.4 80
2021001438 0.158 322.4 422.2 374.8 501.2 8
2021001438 0.155 23.2 273.1 352.3 463.5 80
2021001438 0.150 94.8 352.0 330.2 503.1 80
2021001438 0.150 27.7 428.1 201.5 504.9 80
2021001438 0.149 66.0 406.7 274.9 502.1 80
2021001438 0.139 105.3 267.5 359.9 450.9 80
2021001438 0.139 156.9 78.2 316.0 256.6 80
2021001438 0.138 147.8 179.2 336.4 445.6 80
2021001438 0.136 -8.4 265.2 165.5 486.9 80
2021001438 0.133 15.3 273.7 256.5 462.9 80
2021001438 0.133 21.2 236.1 287.8 432.4 80
2021001438 0.130 54.9 262.2 320.1 439.4 80
2021001438 0.128 -1.1 220.6 216.1 433.8 80
2021001438 0.127 10.7 451.1 79.9 498.4 80
2021001438 0.126 146.8 213.9 357.1 400.4 80
2021001438 0.124 160.0 302.6 272.7 396.3 80
2021001438 0.123 34.2 209.8 314.2 394.6 80
2021001438 0.123 6.1 192.9 247.7 402.9 80
2021001438 0.123 65.2 225.3 353.6 397.0 80
2021001438 0.120 16.5 196.9 281.0 378.2 80
2021001438 0.120 100.3 308.5 275.8 410.9 80
2021001438 0.120 94.3 194.1 228.2 270.5 80
2021001438 0.113 230.1 306.5 372.0 430.8 8
2021001438 0.111 0.7 13.3 17.8 151.1 14
2021001438 0.111 0.7 120.6 374.6 508.9 80
2021001438 0.110 -27.7 137.6 341.7 288.6 80
2021001438 0.109 216.0 27.9 482.6 198.6 80
2021001438 0.109 86.3 2.9 437.0 149.4 80
2021001438 0.106 0.9 112.2 24.1 231.1 4
2021001438 0.000 274.2 138.0 369.7 347.9 80
2021001438 0.000 3.6 170.1 147.4 355.4 80
2021001438 0.000 159.5 102.9 310.9 256.1 80
2021001438 0.000 103.6 47.3 248.7 250.8 80
2021001438 0.000 205.5 188.2 375.2 338.3 80
2021001438 0.000 0.6 39.8 77.2 331.8 80
2021001438 0.000 337.9 85.0 374.9 195.1 80
2021001438 0.000 148.0 215.9 208.1 302.0 80
2021001438 0.000 0.6 172.5 77.2 475.3 80
2021001438 0.000 0.5 200.0 35.7 311.7 80
2021001438 0.000 62.3 251.8 118.1 339.7 80
2021001438 0.000 340.0 254.9 374.9 369.7 80
2021001438 0.000 340.3 170.4 374.8 282.3 80
2021001438 0.000 119.2 71.1 368.6 369.0 80
2021001438 0.000 100.1 182.7 166.4 269.0 80
2021001438 0.000 301.8 236.4 362.2 323.5 80
2021001438 0.000 1.4 268.4 36.0 380.1 80
2021001438 0.000 13.3 207.2 78.7 293.8 80
2021001438 0.000 103.5 230.1 167.4 316.1 80
2021001438 0.000 332.8 333.4 374.2 485.8 80
2021001438 0.000 19.8 142.9 228.6 350.8 80
2021001438 0.000 182.2 186.1 248.8 271.3 80
2021001438 0.000 214.8 230.6 279.9 315.8 80
2021001438 0.000 149.6 149.7 216.4 235.9 80
2021001438 0.000 239.7 3.9 379.0 248.6 80
2021001438 0.000 251.8 196.9 319.2 281.9 80
2021001438 0.000 298.6 156.7 375.3 472.3 80
2021001438 0.000 52.2 160.7 120.5 246.1 80
2021001438 0.000 260.5 271.5 321.0 357.5 80
2021001438 0.000 0.4 28.2 39.1 140.9 80
2021001438 0.000 181.5 63.4 337.0 411.1 80
2021001438 0.000 8.3 22.9 168.3 245.8 80
2021001438 0.000 100.0 187.3 279.6 316.6 80
2021001438 0.000 144.1 160.5 252.6 355.3 80
2021001438 0.000 208.1 135.6 368.6 491.0 80
2021001438 0.000 0.5 118.7 38.5 231.7 80
2021001438 0.000 177.6 201.0 296.7 451.0 80
2021001438 0.000 79.0 193.2 190.1 412.5 80
2021001438 0.000 1.4 2.6 374.5 276.2 80
2021001438 0.000 27.4 295.8 88.6 385.4 80
2021001438 0.000 224.5 138.9 294.4 223.7 80
2021001438 0.000 0.7 336.0 43.4 492.6 80
2021001438 0.000 22.2 33.5 298.9 344.9 80
2021001438 0.000 142.3 71.5 211.7 157.2 80
2021001438 0.000 118.9 167.3 248.8 462.4 80
2021001438 0.000 91.7 112.8 285.5 485.5 80
2021001438 0.000 -2.7 123.0 182.9 494.6 80
2021001438 0.000 284.1 135.0 354.1 220.6 80
2021001438 0.000 83.3 133.0 290.8 394.5 80
2021001438 0.000 113.3 104.8 380.6 498.3 80
2021001438 0.000 58.8 31.2 318.3 478.2 80
2021001438 0.000 6.2 193.7 267.3 491.0 80
2021001438 0.000 109.2 282.4 267.9 494.0 80
2021001438 0.000 55.4 65.2 206.8 408.4 80
2021001438 0.000 269.0 26.2 375.4 479.9 80
2021001438 0.000 95.1 114.2 164.6 199.4 80
2021001438 0.000 109.6 216.1 358.3 491.7 80
2021001438 0.000 -1.2 257.1 145.8 493.4 80
2021001438 0.000 6.2 329.7 246.3 497.1 80
2021001438 0.000 157.3 9.2 376.5 496.0 80
2021001438 0.000 221.4 257.5 366.2 491.0 80
2021001438 0.000 -1.9 97.8 279.1 495.3 80
2021001438 0.000 2.8 375.1 99.7 499.1 80
2021001438 0.000 -1.9 10.2 220.9 494.3 80
2021001438 0.000 42.1 106.1 344.7 433.9 80
2021001438 0.000 99.8 304.0 159.9 387.7 80
2021001438 0.000 150.3 350.1 373.1 499.9 80
2021001438 0.000 30.7 199.4 324.1 375.2 80
2021001438 0.000 270.4 335.5 370.9 494.4 80
2021001438 0.000 1.1 303.4 374.1 500.9 80
2021001438 0.000 1.0 2.1 312.9 497.1 80
2021001438 0.000 -1.3 22.1 110.8 486.5 80
2021001438 0.000 97.4 13.4 283.8 488.1 80
2021001438 0.000 60.2 2.4 373.5 495.5 80
2021001438 0.000 101.0 -2.3 348.6 159.1 80
2021001438 0.000 0.4 148.7 374.3 495.6 80
2021001438 0.000 12.6 59.4 358.2 501.6 80
2021001438 0.000 1.0 30.2 374.6 444.6 80
2021001438 0.000 2.0 121.5 374.6 375.6 80
2021001438 0.000 166.8 268.0 310.0 390.2 80
2021001438 0.000 0.8 0.3 374.8 499.0 80
2021001438 0.000 185.7 6.4 254.1 97.0 80
2021001438 0.000 156.2 335.2 235.4 426.5 80
2021001438 0.000 136.0 307.5 193.9 389.0 80
2021001438 0.000 238.1 69.8 310.2 155.8 80
2021001438 0.000 319.2 7.2 373.2 114.4 80
2021001438 0.000 243.3 301.9 305.5 381.3 80
2021001438 0.000 24.2 89.9 98.0 179.5 80
2021001438 0.000 0.8 0.3 374.8 499.0 14
2021001438 0.000 114.7 396.1 176.3 484.8 80
2021001438 0.000 0.8 0.3 374.8 499.0 7
2021001438 0.000 0.8 0.3 374.8 499.0 11
2021001438 0.000 60.2 2.4 373.5 495.5 14
2021001438 0.000 58.8 31.2 318.3 478.2 14
2021001438 0.000 157.3 9.2 376.5 496.0 14
2021001438 0.000 -2.7 123.0 182.9 494.6 14
2021001438 0.000 12.6 59.4 358.2 501.6 14
2021001438 0.000 1.0 2.1 312.9 497.1 14
2021001438 0.000 -1.9 10.2 220.9 494.3 14
2021001438 0.000 91.7 112.8 285.5 485.5 14
