2021000000447342 0.728 125.0 302.0 580.9 372.2 80
2021000000447342 0.727 36.8 328.4 51.2 344.3 80
2021000000447342 0.724 444.6 27.8 472.8 39.5 80
2021000000447342 0.723 33.8 327.0 83.3 357.5 80
2021000000447342 0.717 188.8 306.9 579.5 361.1 80
2021000000447342 0.715 413.9 305.4 646.5 371.4 80
2021000000447342 0.714 277.0 302.4 286.9 318.9 80
2021000000447342 0.712 255.5 302.9 265.9 318.8 80
2021000000447342 0.706 221.6 312.4 231.4 324.3 80
2021000000447342 0.701 67.6 332.6 91.6 357.1 80
2021000000447342 0.699 64.5 328.9 84.7 343.1 80
2021000000447342 0.698 218.9 302.7 231.5 318.8 80
2021000000447342 0.698 478.1 312.0 489.0 327.4 80
2021000000447342 0.696 99.6 255.7 305.7 376.7 80
2021000000447342 0.696 385.7 291.5 508.4 391.4 80
2021000000447342 0.695 294.9 336.0 310.6 353.7 80
2021000000447342 0.695 13.9 294.8 630.2 385.2 80
2021000000447342 0.693 1.0 289.8 3.1 414.9 80
2021000000447342 0.690 47.9 332.4 89.6 362.1 80
2021000000447342 0.684 79.2 329.4 91.6 341.0 80
2021000000447342 0.728 125.0 302.0 580.9 372.2 80
2021000000447342 0.727 36.8 328.4 51.2 344.3 80
2021000000447342 0.724 444.6 27.8 472.8 39.5 80
2021000000447342 0.723 33.8 327.0 83.3 357.5 80
2021000000447342 0.717 188.8 306.9 579.5 361.1 80
2021000000447342 0.715 413.9 305.4 646.5 371.4 80
2021000000447342 0.714 277.0 302.4 286.9 318.9 80
2021000000447342 0.712 255.5 302.9 265.9 318.8 80
2021000000447342 0.706 221.6 312.4 231.4 324.3 80
2021000000447342 0.701 67.6 332.6 91.6 357.1 80
2021000000447342 0.699 64.5 328.9 84.7 343.1 80
2021000000447342 0.698 218.9 302.7 231.5 318.8 80
2021000000447342 0.698 478.1 312.0 489.0 327.4 80
2021000000447342 0.696 99.6 255.7 305.7 376.7 80
2021000000447342 0.696 385.7 291.5 508.4 391.4 80
2021000000447342 0.695 294.9 336.0 310.6 353.7 80
2021000000447342 0.695 13.9 294.8 630.2 385.2 80
2021000000447342 0.693 1.0 289.8 3.1 414.9 80
2021000000447342 0.690 47.9 332.4 89.6 362.1 80
2021000000447342 0.684 79.2 329.4 91.6 341.0 80
2021000000447342 0.669 445.9 315.9 460.6 329.9 80
2021000000447342 0.663 411.8 315.5 434.3 332.7 80
2021000000447342 0.661 608.0 355.2 639.8 393.3 80
2021000000447342 0.661 0.9 368.1 3.4 416.1 80
2021000000447342 0.661 169.4 298.0 181.4 337.5 80
2021000000447342 0.660 300.0 327.6 326.3 349.9 80
2021000000447342 0.658 82.3 262.2 307.8 382.7 80
2021000000447342 0.656 300.4 325.2 339.5 352.1 80
2021000000447342 0.655 408.8 319.6 425.2 333.6 80
2021000000447342 0.650 216.1 306.9 227.4 319.3 80
2021000000447342 0.650 564.9 296.3 585.0 309.4 80
2021000000447342 0.646 380.4 324.3 389.5 337.5 80
2021000000447342 0.634 202.1 299.9 213.6 317.9 80
2021000000447342 0.634 0.6 397.6 7.8 416.7 80
2021000000447342 0.628 91.1 260.5 308.3 382.6 4
2021000000447342 0.627 335.5 322.9 340.9 332.7 80
2021000000447342 0.626 367.5 279.4 526.3 410.8 80
2021000000447342 0.617 528.6 314.8 534.0 321.8 80
2021000000447342 0.615 336.0 323.0 339.2 332.0 80
2021000000447342 0.609 553.1 313.2 581.1 325.3 5
2021000000447342 0.606 171.7 295.1 183.7 318.3 80
2021000000447342 0.586 336.9 313.9 387.7 349.3 80
2021000000447342 0.585 531.0 313.1 542.2 320.7 80
2021000000447342 0.584 125.5 294.2 140.4 315.5 80
2021000000447342 0.567 366.6 277.6 532.7 413.5 4
2021000000447342 0.566 530.7 318.7 536.8 327.2 80
2021000000447342 0.553 118.4 293.6 140.4 318.4 80
2021000000447342 0.548 22.9 328.8 94.3 367.9 5
2021000000447342 0.546 622.4 297.5 633.2 307.0 80
2021000000447342 0.535 549.4 314.1 576.0 327.1 80
2021000000447342 0.532 173.0 296.4 184.3 327.6 80
2021000000447342 0.532 302.7 327.5 339.6 351.8 80
2021000000447342 0.522 580.4 304.1 592.0 313.6 80
2021000000447342 0.520 550.1 304.7 563.4 312.4 80
2021000000447342 0.491 604.9 321.0 639.3 355.6 80
2021000000447342 0.483 530.0 311.9 555.2 323.2 80
2021000000447342 0.483 124.4 294.1 153.0 320.5 80
2021000000447342 0.431 629.4 292.4 638.5 298.9 80
2021000000447342 0.414 378.1 325.9 389.6 344.5 80
2021000000447342 0.413 605.5 299.2 618.2 306.8 80
2021000000447342 0.411 302.2 326.7 339.8 351.4 5
2021000000447342 0.404 549.9 310.9 567.2 323.6 80
2021000000447342 0.401 171.2 294.9 183.7 351.8 18
2021000000447342 0.400 336.1 313.9 385.8 348.8 17
2021000000447342 0.392 608.7 302.3 618.8 309.1 5
2021000000447342 0.392 379.7 325.5 389.4 343.5 80
2021000000447342 0.381 596.1 301.1 602.9 308.4 80
2021000000447342 0.377 563.2 302.6 581.5 311.7 80
2021000000447342 0.308 604.6 320.7 638.9 359.1 17
2021000000447342 0.297 563.2 302.6 581.5 311.7 5
2021000000447342 0.295 604.6 320.7 638.9 359.1 5
2021000000447342 0.283 596.1 301.1 602.9 308.4 5
2021000000447342 0.281 379.7 325.5 389.4 343.5 5
2021000000447342 0.281 171.2 294.9 183.7 351.8 80
2021000000447342 0.271 608.7 302.3 618.8 309.1 80
2021000000447342 0.263 549.9 310.9 567.2 323.6 5
2021000000447342 0.249 605.5 299.2 618.2 306.8 5
2021000000447342 0.248 378.1 325.9 389.6 344.5 5
2021000000447342 0.242 302.2 326.7 339.8 351.4 17
2021000000447342 0.233 336.1 313.9 385.8 348.8 4
2021000000447342 0.225 629.4 292.4 638.5 298.9 5
2021000000447342 0.220 124.4 294.1 153.0 320.5 18
2021000000447342 0.215 604.6 320.7 638.9 359.1 4
2021000000447342 0.210 530.0 311.9 555.2 323.2 5
2021000000447342 0.198 604.9 321.0 639.3 355.6 17
2021000000447342 0.192 22.9 328.8 94.3 367.9 17
2021000000447342 0.189 336.1 313.9 385.8 348.8 5
2021000000447342 0.177 550.1 304.7 563.4 312.4 5
2021000000447342 0.171 580.4 304.1 592.0 313.6 5
2021000000447342 0.163 173.0 296.4 184.3 327.6 18
2021000000447342 0.163 118.4 293.6 140.4 318.4 18
2021000000447342 0.161 302.2 326.7 339.8 351.4 80
2021000000447342 0.153 622.4 297.5 633.2 307.0 5
2021000000447342 0.153 302.7 327.5 339.6 351.8 17
2021000000447342 0.152 366.6 277.6 532.7 413.5 17
2021000000447342 0.151 549.4 314.1 576.0 327.1 5
2021000000447342 0.147 125.5 294.2 140.4 315.5 18
2021000000447342 0.136 553.1 313.2 581.1 325.3 80
2021000000447342 0.130 531.0 313.1 542.2 320.7 5
2021000000447342 0.127 336.1 313.9 385.8 348.8 80
2021000000447342 0.728 125.0 302.0 580.9 372.2 80
2021000000447342 0.727 36.8 328.4 51.2 344.3 80
2021000000447342 0.724 444.6 27.8 472.8 39.5 80
2021000000447342 0.723 33.8 327.0 83.3 357.5 80
2021000000447342 0.717 188.8 306.9 579.5 361.1 80
2021000000447342 0.715 413.9 305.4 646.5 371.4 80
2021000000447342 0.714 277.0 302.4 286.9 318.9 80
2021000000447342 0.712 255.5 302.9 265.9 318.8 80
2021000000447342 0.706 221.6 312.4 231.4 324.3 80
2021000000447342 0.701 67.6 332.6 91.6 357.1 80
2021000000447342 0.699 64.5 328.9 84.7 343.1 80
2021000000447342 0.698 218.9 302.7 231.5 318.8 80
2021000000447342 0.698 478.1 312.0 489.0 327.4 80
2021000000447342 0.696 99.6 255.7 305.7 376.7 80
2021000000447342 0.696 385.7 291.5 508.4 391.4 80
2021000000447342 0.695 294.9 336.0 310.6 353.7 80
2021000000447342 0.695 13.9 294.8 630.2 385.2 80
2021000000447342 0.693 1.0 289.8 3.1 414.9 80
2021000000447342 0.690 47.9 332.4 89.6 362.1 80
2021000000447342 0.684 79.2 329.4 91.6 341.0 80
2021000000447342 0.669 445.9 315.9 460.6 329.9 80
2021000000447342 0.663 411.8 315.5 434.3 332.7 80
2021000000447342 0.661 608.0 355.2 639.8 393.3 80
2021000000447342 0.661 0.9 368.1 3.4 416.1 80
2021000000447342 0.661 169.4 298.0 181.4 337.5 80
2021000000447342 0.660 300.0 327.6 326.3 349.9 80
2021000000447342 0.658 82.3 262.2 307.8 382.7 80
2021000000447342 0.656 300.4 325.2 339.5 352.1 80
2021000000447342 0.655 408.8 319.6 425.2 333.6 80
2021000000447342 0.650 216.1 306.9 227.4 319.3 80
2021000000447342 0.650 564.9 296.3 585.0 309.4 80
2021000000447342 0.646 380.4 324.3 389.5 337.5 80
2021000000447342 0.634 202.1 299.9 213.6 317.9 80
2021000000447342 0.634 0.6 397.6 7.8 416.7 80
2021000000447342 0.628 91.1 260.5 308.3 382.6 4
2021000000447342 0.627 335.5 322.9 340.9 332.7 80
2021000000447342 0.626 367.5 279.4 526.3 410.8 80
2021000000447342 0.617 528.6 314.8 534.0 321.8 80
2021000000447342 0.615 336.0 323.0 339.2 332.0 80
2021000000447342 0.609 553.1 313.2 581.1 325.3 5
2021000000447342 0.606 171.7 295.1 183.7 318.3 80
2021000000447342 0.586 336.9 313.9 387.7 349.3 80
2021000000447342 0.585 531.0 313.1 542.2 320.7 80
2021000000447342 0.584 125.5 294.2 140.4 315.5 80
2021000000447342 0.567 366.6 277.6 532.7 413.5 4
2021000000447342 0.566 530.7 318.7 536.8 327.2 80
2021000000447342 0.553 118.4 293.6 140.4 318.4 80
2021000000447342 0.548 22.9 328.8 94.3 367.9 5
2021000000447342 0.546 622.4 297.5 633.2 307.0 80
2021000000447342 0.535 549.4 314.1 576.0 327.1 80
2021000000447342 0.532 173.0 296.4 184.3 327.6 80
2021000000447342 0.532 302.7 327.5 339.6 351.8 80
2021000000447342 0.522 580.4 304.1 592.0 313.6 80
2021000000447342 0.520 550.1 304.7 563.4 312.4 80
2021000000447342 0.491 604.9 321.0 639.3 355.6 80
2021000000447342 0.483 530.0 311.9 555.2 323.2 80
2021000000447342 0.483 124.4 294.1 153.0 320.5 80
2021000000447342 0.431 629.4 292.4 638.5 298.9 80
2021000000447342 0.414 378.1 325.9 389.6 344.5 80
2021000000447342 0.413 605.5 299.2 618.2 306.8 80
2021000000447342 0.411 302.2 326.7 339.8 351.4 5
2021000000447342 0.404 549.9 310.9 567.2 323.6 80
2021000000447342 0.401 171.2 294.9 183.7 351.8 18
2021000000447342 0.400 336.1 313.9 385.8 348.8 17
2021000000447342 0.392 608.7 302.3 618.8 309.1 5
2021000000447342 0.392 379.7 325.5 389.4 343.5 80
2021000000447342 0.381 596.1 301.1 602.9 308.4 80
2021000000447342 0.377 563.2 302.6 581.5 311.7 80
2021000000447342 0.308 604.6 320.7 638.9 359.1 17
2021000000447342 0.297 563.2 302.6 581.5 311.7 5
2021000000447342 0.295 604.6 320.7 638.9 359.1 5
2021000000447342 0.283 596.1 301.1 602.9 308.4 5
2021000000447342 0.281 379.7 325.5 389.4 343.5 5
2021000000447342 0.281 171.2 294.9 183.7 351.8 80
2021000000447342 0.271 608.7 302.3 618.8 309.1 80
2021000000447342 0.263 549.9 310.9 567.2 323.6 5
2021000000447342 0.249 605.5 299.2 618.2 306.8 5
2021000000447342 0.248 378.1 325.9 389.6 344.5 5
2021000000447342 0.242 302.2 326.7 339.8 351.4 17
2021000000447342 0.233 336.1 313.9 385.8 348.8 4
2021000000447342 0.225 629.4 292.4 638.5 298.9 5
2021000000447342 0.220 124.4 294.1 153.0 320.5 18
2021000000447342 0.215 604.6 320.7 638.9 359.1 4
2021000000447342 0.210 530.0 311.9 555.2 323.2 5
2021000000447342 0.198 604.9 321.0 639.3 355.6 17
2021000000447342 0.192 22.9 328.8 94.3 367.9 17
2021000000447342 0.189 336.1 313.9 385.8 348.8 5
2021000000447342 0.177 550.1 304.7 563.4 312.4 5
2021000000447342 0.171 580.4 304.1 592.0 313.6 5
2021000000447342 0.163 173.0 296.4 184.3 327.6 18
2021000000447342 0.163 118.4 293.6 140.4 318.4 18
2021000000447342 0.161 302.2 326.7 339.8 351.4 80
2021000000447342 0.153 622.4 297.5 633.2 307.0 5
2021000000447342 0.153 302.7 327.5 339.6 351.8 17
2021000000447342 0.152 366.6 277.6 532.7 413.5 17
2021000000447342 0.151 549.4 314.1 576.0 327.1 5
2021000000447342 0.147 125.5 294.2 140.4 315.5 18
2021000000447342 0.136 553.1 313.2 581.1 325.3 80
2021000000447342 0.130 531.0 313.1 542.2 320.7 5
2021000000447342 0.127 336.1 313.9 385.8 348.8 80
2021000000447342 0.728 125.0 302.0 580.9 372.2 80
2021000000447342 0.727 36.8 328.4 51.2 344.3 80
2021000000447342 0.724 444.6 27.8 472.8 39.5 80
2021000000447342 0.723 33.8 327.0 83.3 357.5 80
2021000000447342 0.717 188.8 306.9 579.5 361.1 80
2021000000447342 0.715 413.9 305.4 646.5 371.4 80
2021000000447342 0.714 277.0 302.4 286.9 318.9 80
2021000000447342 0.712 255.5 302.9 265.9 318.8 80
2021000000447342 0.706 221.6 312.4 231.4 324.3 80
2021000000447342 0.701 67.6 332.6 91.6 357.1 80
2021000000447342 0.699 64.5 328.9 84.7 343.1 80
2021000000447342 0.698 218.9 302.7 231.5 318.8 80
2021000000447342 0.698 478.1 312.0 489.0 327.4 80
2021000000447342 0.696 99.6 255.7 305.7 376.7 80
2021000000447342 0.696 385.7 291.5 508.4 391.4 80
2021000000447342 0.695 294.9 336.0 310.6 353.7 80
2021000000447342 0.695 13.9 294.8 630.2 385.2 80
2021000000447342 0.693 1.0 289.8 3.1 414.9 80
2021000000447342 0.690 47.9 332.4 89.6 362.1 80
2021000000447342 0.684 79.2 329.4 91.6 341.0 80
2021000000447342 0.669 445.9 315.9 460.6 329.9 80
2021000000447342 0.663 411.8 315.5 434.3 332.7 80
2021000000447342 0.661 608.0 355.2 639.8 393.3 80
2021000000447342 0.661 0.9 368.1 3.4 416.1 80
2021000000447342 0.661 169.4 298.0 181.4 337.5 80
2021000000447342 0.660 300.0 327.6 326.3 349.9 80
2021000000447342 0.658 82.3 262.2 307.8 382.7 80
2021000000447342 0.656 300.4 325.2 339.5 352.1 80
2021000000447342 0.655 408.8 319.6 425.2 333.6 80
2021000000447342 0.650 216.1 306.9 227.4 319.3 80
2021000000447342 0.650 564.9 296.3 585.0 309.4 80
2021000000447342 0.646 380.4 324.3 389.5 337.5 80
2021000000447342 0.634 202.1 299.9 213.6 317.9 80
2021000000447342 0.634 0.6 397.6 7.8 416.7 80
2021000000447342 0.628 91.1 260.5 308.3 382.6 4
2021000000447342 0.627 335.5 322.9 340.9 332.7 80
2021000000447342 0.626 367.5 279.4 526.3 410.8 80
2021000000447342 0.617 528.6 314.8 534.0 321.8 80
2021000000447342 0.615 336.0 323.0 339.2 332.0 80
2021000000447342 0.609 553.1 313.2 581.1 325.3 5
2021000000447342 0.606 171.7 295.1 183.7 318.3 80
2021000000447342 0.586 336.9 313.9 387.7 349.3 80
2021000000447342 0.585 531.0 313.1 542.2 320.7 80
2021000000447342 0.584 125.5 294.2 140.4 315.5 80
2021000000447342 0.567 366.6 277.6 532.7 413.5 4
2021000000447342 0.566 530.7 318.7 536.8 327.2 80
2021000000447342 0.553 118.4 293.6 140.4 318.4 80
2021000000447342 0.548 22.9 328.8 94.3 367.9 5
2021000000447342 0.546 622.4 297.5 633.2 307.0 80
2021000000447342 0.535 549.4 314.1 576.0 327.1 80
2021000000447342 0.532 173.0 296.4 184.3 327.6 80
2021000000447342 0.532 302.7 327.5 339.6 351.8 80
2021000000447342 0.522 580.4 304.1 592.0 313.6 80
2021000000447342 0.520 550.1 304.7 563.4 312.4 80
2021000000447342 0.491 604.9 321.0 639.3 355.6 80
2021000000447342 0.483 530.0 311.9 555.2 323.2 80
2021000000447342 0.483 124.4 294.1 153.0 320.5 80
2021000000447342 0.431 629.4 292.4 638.5 298.9 80
2021000000447342 0.414 378.1 325.9 389.6 344.5 80
2021000000447342 0.413 605.5 299.2 618.2 306.8 80
2021000000447342 0.411 302.2 326.7 339.8 351.4 5
2021000000447342 0.404 549.9 310.9 567.2 323.6 80
2021000000447342 0.401 171.2 294.9 183.7 351.8 18
2021000000447342 0.400 336.1 313.9 385.8 348.8 17
2021000000447342 0.392 608.7 302.3 618.8 309.1 5
2021000000447342 0.392 379.7 325.5 389.4 343.5 80
2021000000447342 0.381 596.1 301.1 602.9 308.4 80
2021000000447342 0.377 563.2 302.6 581.5 311.7 80
2021000000447342 0.308 604.6 320.7 638.9 359.1 17
2021000000447342 0.297 563.2 302.6 581.5 311.7 5
2021000000447342 0.295 604.6 320.7 638.9 359.1 5
2021000000447342 0.283 596.1 301.1 602.9 308.4 5
2021000000447342 0.281 379.7 325.5 389.4 343.5 5
2021000000447342 0.281 171.2 294.9 183.7 351.8 80
2021000000447342 0.271 608.7 302.3 618.8 309.1 80
2021000000447342 0.263 549.9 310.9 567.2 323.6 5
2021000000447342 0.249 605.5 299.2 618.2 306.8 5
2021000000447342 0.248 378.1 325.9 389.6 344.5 5
2021000000447342 0.242 302.2 326.7 339.8 351.4 17
2021000000447342 0.233 336.1 313.9 385.8 348.8 4
2021000000447342 0.225 629.4 292.4 638.5 298.9 5
2021000000447342 0.220 124.4 294.1 153.0 320.5 18
2021000000447342 0.215 604.6 320.7 638.9 359.1 4
2021000000447342 0.210 530.0 311.9 555.2 323.2 5
2021000000447342 0.198 604.9 321.0 639.3 355.6 17
2021000000447342 0.192 22.9 328.8 94.3 367.9 17
2021000000447342 0.189 336.1 313.9 385.8 348.8 5
2021000000447342 0.177 550.1 304.7 563.4 312.4 5
2021000000447342 0.171 580.4 304.1 592.0 313.6 5
2021000000447342 0.163 173.0 296.4 184.3 327.6 18
2021000000447342 0.163 118.4 293.6 140.4 318.4 18
2021000000447342 0.161 302.2 326.7 339.8 351.4 80
2021000000447342 0.153 622.4 297.5 633.2 307.0 5
2021000000447342 0.153 302.7 327.5 339.6 351.8 17
2021000000447342 0.152 366.6 277.6 532.7 413.5 17
2021000000447342 0.151 549.4 314.1 576.0 327.1 5
2021000000447342 0.147 125.5 294.2 140.4 315.5 18
2021000000447342 0.136 553.1 313.2 581.1 325.3 80
2021000000447342 0.130 531.0 313.1 542.2 320.7 5
2021000000447342 0.127 336.1 313.9 385.8 348.8 80
2021000000447342 0.728 125.0 302.0 580.9 372.2 80
2021000000447342 0.727 36.8 328.4 51.2 344.3 80
2021000000447342 0.724 444.6 27.8 472.8 39.5 80
2021000000447342 0.723 33.8 327.0 83.3 357.5 80
2021000000447342 0.717 188.8 306.9 579.5 361.1 80
2021000000447342 0.715 413.9 305.4 646.5 371.4 80
2021000000447342 0.714 277.0 302.4 286.9 318.9 80
2021000000447342 0.712 255.5 302.9 265.9 318.8 80
2021000000447342 0.706 221.6 312.4 231.4 324.3 80
2021000000447342 0.701 67.6 332.6 91.6 357.1 80
2021000000447342 0.699 64.5 328.9 84.7 343.1 80
2021000000447342 0.698 218.9 302.7 231.5 318.8 80
2021000000447342 0.698 478.1 312.0 489.0 327.4 80
2021000000447342 0.696 99.6 255.7 305.7 376.7 80
2021000000447342 0.696 385.7 291.5 508.4 391.4 80
2021000000447342 0.695 294.9 336.0 310.6 353.7 80
2021000000447342 0.695 13.9 294.8 630.2 385.2 80
2021000000447342 0.693 1.0 289.8 3.1 414.9 80
2021000000447342 0.690 47.9 332.4 89.6 362.1 80
2021000000447342 0.684 79.2 329.4 91.6 341.0 80
2021000000447342 0.669 445.9 315.9 460.6 329.9 80
2021000000447342 0.663 411.8 315.5 434.3 332.7 80
2021000000447342 0.661 608.0 355.2 639.8 393.3 80
2021000000447342 0.661 0.9 368.1 3.4 416.1 80
2021000000447342 0.661 169.4 298.0 181.4 337.5 80
2021000000447342 0.660 300.0 327.6 326.3 349.9 80
2021000000447342 0.658 82.3 262.2 307.8 382.7 80
2021000000447342 0.656 300.4 325.2 339.5 352.1 80
2021000000447342 0.655 408.8 319.6 425.2 333.6 80
2021000000447342 0.650 216.1 306.9 227.4 319.3 80
2021000000447342 0.650 564.9 296.3 585.0 309.4 80
2021000000447342 0.646 380.4 324.3 389.5 337.5 80
2021000000447342 0.634 202.1 299.9 213.6 317.9 80
2021000000447342 0.634 0.6 397.6 7.8 416.7 80
2021000000447342 0.628 91.1 260.5 308.3 382.6 4
2021000000447342 0.627 335.5 322.9 340.9 332.7 80
2021000000447342 0.626 367.5 279.4 526.3 410.8 80
2021000000447342 0.617 528.6 314.8 534.0 321.8 80
2021000000447342 0.615 336.0 323.0 339.2 332.0 80
2021000000447342 0.609 553.1 313.2 581.1 325.3 5
2021000000447342 0.606 171.7 295.1 183.7 318.3 80
2021000000447342 0.586 336.9 313.9 387.7 349.3 80
2021000000447342 0.585 531.0 313.1 542.2 320.7 80
2021000000447342 0.584 125.5 294.2 140.4 315.5 80
2021000000447342 0.567 366.6 277.6 532.7 413.5 4
2021000000447342 0.566 530.7 318.7 536.8 327.2 80
2021000000447342 0.553 118.4 293.6 140.4 318.4 80
2021000000447342 0.548 22.9 328.8 94.3 367.9 5
2021000000447342 0.546 622.4 297.5 633.2 307.0 80
2021000000447342 0.535 549.4 314.1 576.0 327.1 80
2021000000447342 0.532 173.0 296.4 184.3 327.6 80
2021000000447342 0.532 302.7 327.5 339.6 351.8 80
2021000000447342 0.522 580.4 304.1 592.0 313.6 80
2021000000447342 0.520 550.1 304.7 563.4 312.4 80
2021000000447342 0.491 604.9 321.0 639.3 355.6 80
2021000000447342 0.483 530.0 311.9 555.2 323.2 80
2021000000447342 0.483 124.4 294.1 153.0 320.5 80
2021000000447342 0.431 629.4 292.4 638.5 298.9 80
2021000000447342 0.414 378.1 325.9 389.6 344.5 80
2021000000447342 0.413 605.5 299.2 618.2 306.8 80
2021000000447342 0.411 302.2 326.7 339.8 351.4 5
2021000000447342 0.404 549.9 310.9 567.2 323.6 80
2021000000447342 0.401 171.2 294.9 183.7 351.8 18
2021000000447342 0.400 336.1 313.9 385.8 348.8 17
2021000000447342 0.392 608.7 302.3 618.8 309.1 5
2021000000447342 0.392 379.7 325.5 389.4 343.5 80
2021000000447342 0.381 596.1 301.1 602.9 308.4 80
2021000000447342 0.377 563.2 302.6 581.5 311.7 80
2021000000447342 0.308 604.6 320.7 638.9 359.1 17
2021000000447342 0.297 563.2 302.6 581.5 311.7 5
2021000000447342 0.295 604.6 320.7 638.9 359.1 5
2021000000447342 0.283 596.1 301.1 602.9 308.4 5
2021000000447342 0.281 379.7 325.5 389.4 343.5 5
2021000000447342 0.281 171.2 294.9 183.7 351.8 80
2021000000447342 0.271 608.7 302.3 618.8 309.1 80
2021000000447342 0.263 549.9 310.9 567.2 323.6 5
2021000000447342 0.249 605.5 299.2 618.2 306.8 5
2021000000447342 0.248 378.1 325.9 389.6 344.5 5
2021000000447342 0.242 302.2 326.7 339.8 351.4 17
2021000000447342 0.233 336.1 313.9 385.8 348.8 4
2021000000447342 0.225 629.4 292.4 638.5 298.9 5
2021000000447342 0.220 124.4 294.1 153.0 320.5 18
2021000000447342 0.215 604.6 320.7 638.9 359.1 4
2021000000447342 0.210 530.0 311.9 555.2 323.2 5
2021000000447342 0.198 604.9 321.0 639.3 355.6 17
2021000000447342 0.192 22.9 328.8 94.3 367.9 17
2021000000447342 0.189 336.1 313.9 385.8 348.8 5
2021000000447342 0.177 550.1 304.7 563.4 312.4 5
2021000000447342 0.171 580.4 304.1 592.0 313.6 5
2021000000447342 0.163 173.0 296.4 184.3 327.6 18
2021000000447342 0.163 118.4 293.6 140.4 318.4 18
2021000000447342 0.161 302.2 326.7 339.8 351.4 80
2021000000447342 0.153 622.4 297.5 633.2 307.0 5
2021000000447342 0.153 302.7 327.5 339.6 351.8 17
2021000000447342 0.152 366.6 277.6 532.7 413.5 17
2021000000447342 0.151 549.4 314.1 576.0 327.1 5
2021000000447342 0.147 125.5 294.2 140.4 315.5 18
2021000000447342 0.136 553.1 313.2 581.1 325.3 80
2021000000447342 0.130 531.0 313.1 542.2 320.7 5
2021000000447342 0.127 336.1 313.9 385.8 348.8 80
2021000000447342 0.728 125.0 302.0 580.9 372.2 80
2021000000447342 0.727 36.8 328.4 51.2 344.3 80
2021000000447342 0.724 444.6 27.8 472.8 39.5 80
2021000000447342 0.723 33.8 327.0 83.3 357.5 80
2021000000447342 0.717 188.8 306.9 579.5 361.1 80
2021000000447342 0.715 413.9 305.4 646.5 371.4 80
2021000000447342 0.714 277.0 302.4 286.9 318.9 80
2021000000447342 0.712 255.5 302.9 265.9 318.8 80
2021000000447342 0.706 221.6 312.4 231.4 324.3 80
2021000000447342 0.701 67.6 332.6 91.6 357.1 80
2021000000447342 0.699 64.5 328.9 84.7 343.1 80
2021000000447342 0.698 218.9 302.7 231.5 318.8 80
2021000000447342 0.698 478.1 312.0 489.0 327.4 80
2021000000447342 0.696 99.6 255.7 305.7 376.7 80
2021000000447342 0.696 385.7 291.5 508.4 391.4 80
2021000000447342 0.695 294.9 336.0 310.6 353.7 80
2021000000447342 0.695 13.9 294.8 630.2 385.2 80
2021000000447342 0.693 1.0 289.8 3.1 414.9 80
2021000000447342 0.690 47.9 332.4 89.6 362.1 80
2021000000447342 0.684 79.2 329.4 91.6 341.0 80
2021000000447342 0.669 445.9 315.9 460.6 329.9 80
2021000000447342 0.663 411.8 315.5 434.3 332.7 80
2021000000447342 0.661 608.0 355.2 639.8 393.3 80
2021000000447342 0.661 0.9 368.1 3.4 416.1 80
2021000000447342 0.661 169.4 298.0 181.4 337.5 80
2021000000447342 0.660 300.0 327.6 326.3 349.9 80
2021000000447342 0.658 82.3 262.2 307.8 382.7 80
2021000000447342 0.656 300.4 325.2 339.5 352.1 80
2021000000447342 0.655 408.8 319.6 425.2 333.6 80
2021000000447342 0.650 216.1 306.9 227.4 319.3 80
2021000000447342 0.650 564.9 296.3 585.0 309.4 80
2021000000447342 0.646 380.4 324.3 389.5 337.5 80
2021000000447342 0.634 202.1 299.9 213.6 317.9 80
2021000000447342 0.634 0.6 397.6 7.8 416.7 80
2021000000447342 0.628 91.1 260.5 308.3 382.6 4
2021000000447342 0.627 335.5 322.9 340.9 332.7 80
2021000000447342 0.626 367.5 279.4 526.3 410.8 80
2021000000447342 0.617 528.6 314.8 534.0 321.8 80
2021000000447342 0.615 336.0 323.0 339.2 332.0 80
2021000000447342 0.609 553.1 313.2 581.1 325.3 5
2021000000447342 0.606 171.7 295.1 183.7 318.3 80
2021000000447342 0.586 336.9 313.9 387.7 349.3 80
2021000000447342 0.585 531.0 313.1 542.2 320.7 80
2021000000447342 0.584 125.5 294.2 140.4 315.5 80
2021000000447342 0.567 366.6 277.6 532.7 413.5 4
2021000000447342 0.566 530.7 318.7 536.8 327.2 80
2021000000447342 0.553 118.4 293.6 140.4 318.4 80
2021000000447342 0.548 22.9 328.8 94.3 367.9 5
2021000000447342 0.546 622.4 297.5 633.2 307.0 80
2021000000447342 0.535 549.4 314.1 576.0 327.1 80
2021000000447342 0.532 173.0 296.4 184.3 327.6 80
2021000000447342 0.532 302.7 327.5 339.6 351.8 80
2021000000447342 0.522 580.4 304.1 592.0 313.6 80
2021000000447342 0.520 550.1 304.7 563.4 312.4 80
2021000000447342 0.491 604.9 321.0 639.3 355.6 80
2021000000447342 0.483 530.0 311.9 555.2 323.2 80
2021000000447342 0.483 124.4 294.1 153.0 320.5 80
2021000000447342 0.431 629.4 292.4 638.5 298.9 80
2021000000447342 0.414 378.1 325.9 389.6 344.5 80
2021000000447342 0.413 605.5 299.2 618.2 306.8 80
2021000000447342 0.411 302.2 326.7 339.8 351.4 5
2021000000447342 0.404 549.9 310.9 567.2 323.6 80
2021000000447342 0.401 171.2 294.9 183.7 351.8 18
2021000000447342 0.400 336.1 313.9 385.8 348.8 17
2021000000447342 0.392 608.7 302.3 618.8 309.1 5
2021000000447342 0.392 379.7 325.5 389.4 343.5 80
2021000000447342 0.381 596.1 301.1 602.9 308.4 80
2021000000447342 0.377 563.2 302.6 581.5 311.7 80
2021000000447342 0.308 604.6 320.7 638.9 359.1 17
2021000000447342 0.297 563.2 302.6 581.5 311.7 5
2021000000447342 0.295 604.6 320.7 638.9 359.1 5
2021000000447342 0.283 596.1 301.1 602.9 308.4 5
2021000000447342 0.281 379.7 325.5 389.4 343.5 5
2021000000447342 0.281 171.2 294.9 183.7 351.8 80
2021000000447342 0.271 608.7 302.3 618.8 309.1 80
2021000000447342 0.263 549.9 310.9 567.2 323.6 5
2021000000447342 0.249 605.5 299.2 618.2 306.8 5
2021000000447342 0.248 378.1 325.9 389.6 344.5 5
2021000000447342 0.242 302.2 326.7 339.8 351.4 17
2021000000447342 0.233 336.1 313.9 385.8 348.8 4
2021000000447342 0.225 629.4 292.4 638.5 298.9 5
2021000000447342 0.220 124.4 294.1 153.0 320.5 18
2021000000447342 0.215 604.6 320.7 638.9 359.1 4
2021000000447342 0.210 530.0 311.9 555.2 323.2 5
2021000000447342 0.198 604.9 321.0 639.3 355.6 17
2021000000447342 0.192 22.9 328.8 94.3 367.9 17
2021000000447342 0.189 336.1 313.9 385.8 348.8 5
2021000000447342 0.177 550.1 304.7 563.4 312.4 5
2021000000447342 0.171 580.4 304.1 592.0 313.6 5
2021000000447342 0.163 173.0 296.4 184.3 327.6 18
2021000000447342 0.163 118.4 293.6 140.4 318.4 18
2021000000447342 0.161 302.2 326.7 339.8 351.4 80
2021000000447342 0.153 622.4 297.5 633.2 307.0 5
2021000000447342 0.153 302.7 327.5 339.6 351.8 17
2021000000447342 0.152 366.6 277.6 532.7 413.5 17
2021000000447342 0.151 549.4 314.1 576.0 327.1 5
2021000000447342 0.147 125.5 294.2 140.4 315.5 18
2021000000447342 0.136 553.1 313.2 581.1 325.3 80
2021000000447342 0.130 531.0 313.1 542.2 320.7 5
2021000000447342 0.127 336.1 313.9 385.8 348.8 80
2021000000447342 0.728 125.0 302.0 580.9 372.2 80
2021000000447342 0.727 36.8 328.4 51.2 344.3 80
2021000000447342 0.724 444.6 27.8 472.8 39.5 80
2021000000447342 0.723 33.8 327.0 83.3 357.5 80
2021000000447342 0.717 188.8 306.9 579.5 361.1 80
2021000000447342 0.715 413.9 305.4 646.5 371.4 80
2021000000447342 0.714 277.0 302.4 286.9 318.9 80
2021000000447342 0.712 255.5 302.9 265.9 318.8 80
2021000000447342 0.706 221.6 312.4 231.4 324.3 80
2021000000447342 0.701 67.6 332.6 91.6 357.1 80
2021000000447342 0.699 64.5 328.9 84.7 343.1 80
2021000000447342 0.698 218.9 302.7 231.5 318.8 80
2021000000447342 0.698 478.1 312.0 489.0 327.4 80
2021000000447342 0.696 99.6 255.7 305.7 376.7 80
2021000000447342 0.696 385.7 291.5 508.4 391.4 80
2021000000447342 0.695 294.9 336.0 310.6 353.7 80
2021000000447342 0.695 13.9 294.8 630.2 385.2 80
2021000000447342 0.693 1.0 289.8 3.1 414.9 80
2021000000447342 0.690 47.9 332.4 89.6 362.1 80
2021000000447342 0.684 79.2 329.4 91.6 341.0 80
2021000000447342 0.669 445.9 315.9 460.6 329.9 80
2021000000447342 0.663 411.8 315.5 434.3 332.7 80
2021000000447342 0.661 608.0 355.2 639.8 393.3 80
2021000000447342 0.661 0.9 368.1 3.4 416.1 80
2021000000447342 0.661 169.4 298.0 181.4 337.5 80
2021000000447342 0.660 300.0 327.6 326.3 349.9 80
2021000000447342 0.658 82.3 262.2 307.8 382.7 80
2021000000447342 0.656 300.4 325.2 339.5 352.1 80
2021000000447342 0.655 408.8 319.6 425.2 333.6 80
2021000000447342 0.650 216.1 306.9 227.4 319.3 80
2021000000447342 0.650 564.9 296.3 585.0 309.4 80
2021000000447342 0.646 380.4 324.3 389.5 337.5 80
2021000000447342 0.634 202.1 299.9 213.6 317.9 80
2021000000447342 0.634 0.6 397.6 7.8 416.7 80
2021000000447342 0.628 91.1 260.5 308.3 382.6 4
2021000000447342 0.627 335.5 322.9 340.9 332.7 80
2021000000447342 0.626 367.5 279.4 526.3 410.8 80
2021000000447342 0.617 528.6 314.8 534.0 321.8 80
2021000000447342 0.615 336.0 323.0 339.2 332.0 80
2021000000447342 0.609 553.1 313.2 581.1 325.3 5
2021000000447342 0.606 171.7 295.1 183.7 318.3 80
2021000000447342 0.586 336.9 313.9 387.7 349.3 80
2021000000447342 0.585 531.0 313.1 542.2 320.7 80
2021000000447342 0.584 125.5 294.2 140.4 315.5 80
2021000000447342 0.567 366.6 277.6 532.7 413.5 4
2021000000447342 0.566 530.7 318.7 536.8 327.2 80
2021000000447342 0.553 118.4 293.6 140.4 318.4 80
2021000000447342 0.548 22.9 328.8 94.3 367.9 5
2021000000447342 0.546 622.4 297.5 633.2 307.0 80
2021000000447342 0.535 549.4 314.1 576.0 327.1 80
2021000000447342 0.532 173.0 296.4 184.3 327.6 80
2021000000447342 0.532 302.7 327.5 339.6 351.8 80
2021000000447342 0.522 580.4 304.1 592.0 313.6 80
2021000000447342 0.520 550.1 304.7 563.4 312.4 80
2021000000447342 0.491 604.9 321.0 639.3 355.6 80
2021000000447342 0.483 530.0 311.9 555.2 323.2 80
2021000000447342 0.483 124.4 294.1 153.0 320.5 80
2021000000447342 0.431 629.4 292.4 638.5 298.9 80
2021000000447342 0.414 378.1 325.9 389.6 344.5 80
2021000000447342 0.413 605.5 299.2 618.2 306.8 80
2021000000447342 0.411 302.2 326.7 339.8 351.4 5
2021000000447342 0.404 549.9 310.9 567.2 323.6 80
2021000000447342 0.401 171.2 294.9 183.7 351.8 18
2021000000447342 0.400 336.1 313.9 385.8 348.8 17
2021000000447342 0.392 608.7 302.3 618.8 309.1 5
2021000000447342 0.392 379.7 325.5 389.4 343.5 80
2021000000447342 0.381 596.1 301.1 602.9 308.4 80
2021000000447342 0.377 563.2 302.6 581.5 311.7 80
2021000000447342 0.308 604.6 320.7 638.9 359.1 17
2021000000447342 0.297 563.2 302.6 581.5 311.7 5
2021000000447342 0.295 604.6 320.7 638.9 359.1 5
2021000000447342 0.283 596.1 301.1 602.9 308.4 5
2021000000447342 0.281 379.7 325.5 389.4 343.5 5
2021000000447342 0.281 171.2 294.9 183.7 351.8 80
2021000000447342 0.271 608.7 302.3 618.8 309.1 80
2021000000447342 0.263 549.9 310.9 567.2 323.6 5
2021000000447342 0.249 605.5 299.2 618.2 306.8 5
2021000000447342 0.248 378.1 325.9 389.6 344.5 5
2021000000447342 0.242 302.2 326.7 339.8 351.4 17
2021000000447342 0.233 336.1 313.9 385.8 348.8 4
2021000000447342 0.225 629.4 292.4 638.5 298.9 5
2021000000447342 0.220 124.4 294.1 153.0 320.5 18
2021000000447342 0.215 604.6 320.7 638.9 359.1 4
2021000000447342 0.210 530.0 311.9 555.2 323.2 5
2021000000447342 0.198 604.9 321.0 639.3 355.6 17
2021000000447342 0.192 22.9 328.8 94.3 367.9 17
2021000000447342 0.189 336.1 313.9 385.8 348.8 5
2021000000447342 0.177 550.1 304.7 563.4 312.4 5
2021000000447342 0.171 580.4 304.1 592.0 313.6 5
2021000000447342 0.163 173.0 296.4 184.3 327.6 18
2021000000447342 0.163 118.4 293.6 140.4 318.4 18
2021000000447342 0.161 302.2 326.7 339.8 351.4 80
2021000000447342 0.153 622.4 297.5 633.2 307.0 5
2021000000447342 0.153 302.7 327.5 339.6 351.8 17
2021000000447342 0.152 366.6 277.6 532.7 413.5 17
2021000000447342 0.151 549.4 314.1 576.0 327.1 5
2021000000447342 0.147 125.5 294.2 140.4 315.5 18
2021000000447342 0.136 553.1 313.2 581.1 325.3 80
2021000000447342 0.130 531.0 313.1 542.2 320.7 5
2021000000447342 0.127 336.1 313.9 385.8 348.8 80
2021000000447342 0.728 125.0 302.0 580.9 372.2 80
2021000000447342 0.727 36.8 328.4 51.2 344.3 80
2021000000447342 0.724 444.6 27.8 472.8 39.5 80
2021000000447342 0.723 33.8 327.0 83.3 357.5 80
2021000000447342 0.717 188.8 306.9 579.5 361.1 80
2021000000447342 0.715 413.9 305.4 646.5 371.4 80
2021000000447342 0.714 277.0 302.4 286.9 318.9 80
2021000000447342 0.712 255.5 302.9 265.9 318.8 80
2021000000447342 0.706 221.6 312.4 231.4 324.3 80
2021000000447342 0.701 67.6 332.6 91.6 357.1 80
2021000000447342 0.699 64.5 328.9 84.7 343.1 80
2021000000447342 0.698 218.9 302.7 231.5 318.8 80
2021000000447342 0.698 478.1 312.0 489.0 327.4 80
2021000000447342 0.696 99.6 255.7 305.7 376.7 80
2021000000447342 0.696 385.7 291.5 508.4 391.4 80
2021000000447342 0.695 294.9 336.0 310.6 353.7 80
2021000000447342 0.695 13.9 294.8 630.2 385.2 80
2021000000447342 0.693 1.0 289.8 3.1 414.9 80
2021000000447342 0.690 47.9 332.4 89.6 362.1 80
2021000000447342 0.684 79.2 329.4 91.6 341.0 80
2021000000447342 0.669 445.9 315.9 460.6 329.9 80
2021000000447342 0.663 411.8 315.5 434.3 332.7 80
2021000000447342 0.661 608.0 355.2 639.8 393.3 80
2021000000447342 0.661 0.9 368.1 3.4 416.1 80
2021000000447342 0.661 169.4 298.0 181.4 337.5 80
2021000000447342 0.660 300.0 327.6 326.3 349.9 80
2021000000447342 0.658 82.3 262.2 307.8 382.7 80
2021000000447342 0.656 300.4 325.2 339.5 352.1 80
2021000000447342 0.655 408.8 319.6 425.2 333.6 80
2021000000447342 0.650 216.1 306.9 227.4 319.3 80
2021000000447342 0.650 564.9 296.3 585.0 309.4 80
2021000000447342 0.646 380.4 324.3 389.5 337.5 80
2021000000447342 0.634 202.1 299.9 213.6 317.9 80
2021000000447342 0.634 0.6 397.6 7.8 416.7 80
2021000000447342 0.628 91.1 260.5 308.3 382.6 4
2021000000447342 0.627 335.5 322.9 340.9 332.7 80
2021000000447342 0.626 367.5 279.4 526.3 410.8 80
2021000000447342 0.617 528.6 314.8 534.0 321.8 80
2021000000447342 0.615 336.0 323.0 339.2 332.0 80
2021000000447342 0.609 553.1 313.2 581.1 325.3 5
2021000000447342 0.606 171.7 295.1 183.7 318.3 80
2021000000447342 0.586 336.9 313.9 387.7 349.3 80
2021000000447342 0.585 531.0 313.1 542.2 320.7 80
2021000000447342 0.584 125.5 294.2 140.4 315.5 80
2021000000447342 0.567 366.6 277.6 532.7 413.5 4
2021000000447342 0.566 530.7 318.7 536.8 327.2 80
2021000000447342 0.553 118.4 293.6 140.4 318.4 80
2021000000447342 0.548 22.9 328.8 94.3 367.9 5
2021000000447342 0.546 622.4 297.5 633.2 307.0 80
2021000000447342 0.535 549.4 314.1 576.0 327.1 80
2021000000447342 0.532 173.0 296.4 184.3 327.6 80
2021000000447342 0.532 302.7 327.5 339.6 351.8 80
2021000000447342 0.522 580.4 304.1 592.0 313.6 80
2021000000447342 0.520 550.1 304.7 563.4 312.4 80
2021000000447342 0.491 604.9 321.0 639.3 355.6 80
2021000000447342 0.483 530.0 311.9 555.2 323.2 80
2021000000447342 0.483 124.4 294.1 153.0 320.5 80
2021000000447342 0.431 629.4 292.4 638.5 298.9 80
2021000000447342 0.414 378.1 325.9 389.6 344.5 80
2021000000447342 0.413 605.5 299.2 618.2 306.8 80
2021000000447342 0.411 302.2 326.7 339.8 351.4 5
2021000000447342 0.404 549.9 310.9 567.2 323.6 80
2021000000447342 0.401 171.2 294.9 183.7 351.8 18
2021000000447342 0.400 336.1 313.9 385.8 348.8 17
2021000000447342 0.392 608.7 302.3 618.8 309.1 5
2021000000447342 0.392 379.7 325.5 389.4 343.5 80
2021000000447342 0.381 596.1 301.1 602.9 308.4 80
2021000000447342 0.377 563.2 302.6 581.5 311.7 80
2021000000447342 0.308 604.6 320.7 638.9 359.1 17
2021000000447342 0.297 563.2 302.6 581.5 311.7 5
2021000000447342 0.295 604.6 320.7 638.9 359.1 5
2021000000447342 0.283 596.1 301.1 602.9 308.4 5
2021000000447342 0.281 379.7 325.5 389.4 343.5 5
2021000000447342 0.281 171.2 294.9 183.7 351.8 80
2021000000447342 0.271 608.7 302.3 618.8 309.1 80
2021000000447342 0.263 549.9 310.9 567.2 323.6 5
2021000000447342 0.249 605.5 299.2 618.2 306.8 5
2021000000447342 0.248 378.1 325.9 389.6 344.5 5
2021000000447342 0.242 302.2 326.7 339.8 351.4 17
2021000000447342 0.233 336.1 313.9 385.8 348.8 4
2021000000447342 0.225 629.4 292.4 638.5 298.9 5
2021000000447342 0.220 124.4 294.1 153.0 320.5 18
2021000000447342 0.215 604.6 320.7 638.9 359.1 4
2021000000447342 0.210 530.0 311.9 555.2 323.2 5
2021000000447342 0.198 604.9 321.0 639.3 355.6 17
2021000000447342 0.192 22.9 328.8 94.3 367.9 17
2021000000447342 0.189 336.1 313.9 385.8 348.8 5
2021000000447342 0.177 550.1 304.7 563.4 312.4 5
2021000000447342 0.171 580.4 304.1 592.0 313.6 5
2021000000447342 0.163 173.0 296.4 184.3 327.6 18
2021000000447342 0.163 118.4 293.6 140.4 318.4 18
2021000000447342 0.161 302.2 326.7 339.8 351.4 80
2021000000447342 0.153 622.4 297.5 633.2 307.0 5
2021000000447342 0.153 302.7 327.5 339.6 351.8 17
2021000000447342 0.152 366.6 277.6 532.7 413.5 17
2021000000447342 0.151 549.4 314.1 576.0 327.1 5
2021000000447342 0.147 125.5 294.2 140.4 315.5 18
2021000000447342 0.136 553.1 313.2 581.1 325.3 80
2021000000447342 0.130 531.0 313.1 542.2 320.7 5
2021000000447342 0.127 336.1 313.9 385.8 348.8 80
2021000000447342 0.728 125.0 302.0 580.9 372.2 80
2021000000447342 0.727 36.8 328.4 51.2 344.3 80
2021000000447342 0.724 444.6 27.8 472.8 39.5 80
2021000000447342 0.723 33.8 327.0 83.3 357.5 80
2021000000447342 0.717 188.8 306.9 579.5 361.1 80
2021000000447342 0.715 413.9 305.4 646.5 371.4 80
2021000000447342 0.714 277.0 302.4 286.9 318.9 80
2021000000447342 0.712 255.5 302.9 265.9 318.8 80
2021000000447342 0.706 221.6 312.4 231.4 324.3 80
2021000000447342 0.701 67.6 332.6 91.6 357.1 80
2021000000447342 0.699 64.5 328.9 84.7 343.1 80
2021000000447342 0.698 218.9 302.7 231.5 318.8 80
2021000000447342 0.698 478.1 312.0 489.0 327.4 80
2021000000447342 0.696 99.6 255.7 305.7 376.7 80
2021000000447342 0.696 385.7 291.5 508.4 391.4 80
2021000000447342 0.695 294.9 336.0 310.6 353.7 80
2021000000447342 0.695 13.9 294.8 630.2 385.2 80
2021000000447342 0.693 1.0 289.8 3.1 414.9 80
2021000000447342 0.690 47.9 332.4 89.6 362.1 80
2021000000447342 0.684 79.2 329.4 91.6 341.0 80
2021000000447342 0.669 445.9 315.9 460.6 329.9 80
2021000000447342 0.663 411.8 315.5 434.3 332.7 80
2021000000447342 0.661 608.0 355.2 639.8 393.3 80
2021000000447342 0.661 0.9 368.1 3.4 416.1 80
2021000000447342 0.661 169.4 298.0 181.4 337.5 80
2021000000447342 0.660 300.0 327.6 326.3 349.9 80
2021000000447342 0.658 82.3 262.2 307.8 382.7 80
2021000000447342 0.656 300.4 325.2 339.5 352.1 80
2021000000447342 0.655 408.8 319.6 425.2 333.6 80
2021000000447342 0.650 216.1 306.9 227.4 319.3 80
2021000000447342 0.650 564.9 296.3 585.0 309.4 80
2021000000447342 0.646 380.4 324.3 389.5 337.5 80
2021000000447342 0.634 202.1 299.9 213.6 317.9 80
2021000000447342 0.634 0.6 397.6 7.8 416.7 80
2021000000447342 0.628 91.1 260.5 308.3 382.6 4
2021000000447342 0.627 335.5 322.9 340.9 332.7 80
2021000000447342 0.626 367.5 279.4 526.3 410.8 80
2021000000447342 0.617 528.6 314.8 534.0 321.8 80
2021000000447342 0.615 336.0 323.0 339.2 332.0 80
2021000000447342 0.609 553.1 313.2 581.1 325.3 5
2021000000447342 0.606 171.7 295.1 183.7 318.3 80
2021000000447342 0.586 336.9 313.9 387.7 349.3 80
2021000000447342 0.585 531.0 313.1 542.2 320.7 80
2021000000447342 0.584 125.5 294.2 140.4 315.5 80
2021000000447342 0.567 366.6 277.6 532.7 413.5 4
2021000000447342 0.566 530.7 318.7 536.8 327.2 80
2021000000447342 0.553 118.4 293.6 140.4 318.4 80
2021000000447342 0.548 22.9 328.8 94.3 367.9 5
2021000000447342 0.546 622.4 297.5 633.2 307.0 80
2021000000447342 0.535 549.4 314.1 576.0 327.1 80
2021000000447342 0.532 173.0 296.4 184.3 327.6 80
2021000000447342 0.532 302.7 327.5 339.6 351.8 80
2021000000447342 0.522 580.4 304.1 592.0 313.6 80
2021000000447342 0.520 550.1 304.7 563.4 312.4 80
2021000000447342 0.491 604.9 321.0 639.3 355.6 80
2021000000447342 0.483 530.0 311.9 555.2 323.2 80
2021000000447342 0.483 124.4 294.1 153.0 320.5 80
2021000000447342 0.431 629.4 292.4 638.5 298.9 80
2021000000447342 0.414 378.1 325.9 389.6 344.5 80
2021000000447342 0.413 605.5 299.2 618.2 306.8 80
2021000000447342 0.411 302.2 326.7 339.8 351.4 5
2021000000447342 0.404 549.9 310.9 567.2 323.6 80
2021000000447342 0.401 171.2 294.9 183.7 351.8 18
2021000000447342 0.400 336.1 313.9 385.8 348.8 17
2021000000447342 0.392 608.7 302.3 618.8 309.1 5
2021000000447342 0.392 379.7 325.5 389.4 343.5 80
2021000000447342 0.381 596.1 301.1 602.9 308.4 80
2021000000447342 0.377 563.2 302.6 581.5 311.7 80
2021000000447342 0.308 604.6 320.7 638.9 359.1 17
2021000000447342 0.297 563.2 302.6 581.5 311.7 5
2021000000447342 0.295 604.6 320.7 638.9 359.1 5
2021000000447342 0.283 596.1 301.1 602.9 308.4 5
2021000000447342 0.281 379.7 325.5 389.4 343.5 5
2021000000447342 0.281 171.2 294.9 183.7 351.8 80
2021000000447342 0.271 608.7 302.3 618.8 309.1 80
2021000000447342 0.263 549.9 310.9 567.2 323.6 5
2021000000447342 0.249 605.5 299.2 618.2 306.8 5
2021000000447342 0.248 378.1 325.9 389.6 344.5 5
2021000000447342 0.242 302.2 326.7 339.8 351.4 17
2021000000447342 0.233 336.1 313.9 385.8 348.8 4
2021000000447342 0.225 629.4 292.4 638.5 298.9 5
2021000000447342 0.220 124.4 294.1 153.0 320.5 18
2021000000447342 0.215 604.6 320.7 638.9 359.1 4
2021000000447342 0.210 530.0 311.9 555.2 323.2 5
2021000000447342 0.198 604.9 321.0 639.3 355.6 17
2021000000447342 0.192 22.9 328.8 94.3 367.9 17
2021000000447342 0.189 336.1 313.9 385.8 348.8 5
2021000000447342 0.177 550.1 304.7 563.4 312.4 5
2021000000447342 0.171 580.4 304.1 592.0 313.6 5
2021000000447342 0.163 173.0 296.4 184.3 327.6 18
2021000000447342 0.163 118.4 293.6 140.4 318.4 18
2021000000447342 0.161 302.2 326.7 339.8 351.4 80
2021000000447342 0.153 622.4 297.5 633.2 307.0 5
2021000000447342 0.153 302.7 327.5 339.6 351.8 17
2021000000447342 0.152 366.6 277.6 532.7 413.5 17
2021000000447342 0.151 549.4 314.1 576.0 327.1 5
2021000000447342 0.147 125.5 294.2 140.4 315.5 18
2021000000447342 0.136 553.1 313.2 581.1 325.3 80
2021000000447342 0.130 531.0 313.1 542.2 320.7 5
2021000000447342 0.127 336.1 313.9 385.8 348.8 80
