2021009090 0.722 184.0 185.2 230.8 232.6 80
2021009090 0.706 317.2 182.4 358.6 218.5 80
2021009090 0.701 153.6 177.2 199.1 222.6 80
2021009090 0.696 224.5 74.9 342.2 197.4 80
2021009090 0.690 311.0 183.1 349.8 223.2 80
2021009090 0.685 155.8 181.7 198.1 221.9 80
2021009090 0.683 223.1 80.7 334.9 173.9 80
2021009090 0.676 272.7 82.9 343.4 185.5 80
2021009090 0.673 467.4 345.0 497.5 374.1 80
2021009090 0.667 253.6 78.5 339.4 185.0 7
2021009090 0.655 275.2 84.0 344.3 174.3 80
2021009090 0.652 411.9 212.1 462.4 236.8 80
2021009090 0.631 412.0 203.8 496.5 238.3 80
2021009090 0.624 151.4 179.8 196.6 221.8 80
2021009090 0.613 0.3 333.7 37.0 371.9 80
2021009090 0.609 483.1 126.1 500.4 219.2 80
2021009090 0.595 186.6 103.7 358.4 177.1 80
2021009090 0.589 278.4 75.7 334.0 136.6 80
2021009090 0.587 476.3 236.5 501.6 372.2 80
2021009090 0.568 496.1 171.8 499.7 226.1 80
2021009090 0.565 0.6 187.6 499.6 368.0 80
2021009090 0.563 429.4 169.4 500.8 382.0 80
2021009090 0.530 497.4 76.8 500.1 171.1 80
2021009090 0.478 1.3 232.9 6.8 356.5 80
2021009090 0.455 498.0 204.1 500.1 329.0 80
2021009090 0.422 1.9 212.0 46.7 379.6 80
2021009090 0.422 329.3 360.1 493.3 374.9 80
2021009090 0.408 6.8 356.8 500.6 376.4 80
2021009090 0.386 1.3 195.3 500.2 373.7 17
2021009090 0.343 258.7 101.7 311.0 153.4 80
2021009090 0.338 304.9 213.1 334.8 242.5 80
2021009090 0.313 497.3 81.5 500.4 359.9 80
2021009090 0.282 0.9 124.5 3.2 288.5 80
2021009090 0.228 0.8 15.8 6.9 275.0 80
2021009090 0.228 0.6 46.4 3.1 163.6 80
2021009090 0.222 0.7 51.3 8.9 345.2 80
2021009090 0.216 327.9 197.4 512.2 365.4 80
2021009090 0.214 0.8 18.7 18.0 350.8 80
2021009090 0.212 0.2 2.4 4.5 81.2 80
2021009090 0.207 417.0 33.5 489.0 403.3 80
2021009090 0.201 215.9 284.6 507.8 383.4 80
2021009090 0.195 6.9 204.7 174.7 359.2 80
2021009090 0.189 391.6 352.5 511.5 376.0 80
2021009090 0.188 223.6 232.7 255.1 262.5 80
2021009090 0.182 116.0 209.6 490.8 341.7 80
2021009090 0.175 1.3 195.3 500.2 373.7 10
2021009090 0.172 1.3 195.3 500.2 373.7 80
2021009090 0.162 492.5 25.1 502.6 159.0 80
2021009090 0.161 144.6 254.6 174.9 282.5 80
2021009090 0.158 38.9 363.6 165.6 376.9 80
2021009090 0.157 1.2 92.8 86.1 376.1 80
2021009090 0.154 184.3 202.9 499.6 340.4 80
2021009090 0.151 249.1 360.9 408.5 375.4 80
2021009090 0.149 8.0 68.6 84.1 325.7 80
2021009090 0.148 66.6 275.8 436.2 380.0 80
2021009090 0.146 104.4 245.4 459.2 367.9 80
2021009090 0.144 51.8 250.1 395.8 368.9 80
2021009090 0.141 3.4 244.7 306.4 373.2 80
2021009090 0.138 223.5 253.1 288.3 292.7 80
2021009090 0.135 13.3 342.2 101.7 374.1 80
2021009090 0.134 43.1 110.6 452.2 273.7 80
2021009090 0.133 36.3 204.8 376.1 323.7 80
2021009090 0.131 18.4 223.2 344.4 340.8 80
2021009090 0.130 78.3 215.7 424.4 329.0 80
2021009090 0.130 155.2 206.9 189.2 240.8 80
2021009090 0.130 184.1 255.5 293.4 296.9 80
2021009090 0.130 200.6 198.7 242.6 236.1 80
2021009090 0.129 108.8 359.1 235.7 376.4 80
2021009090 0.128 275.3 177.4 485.6 309.8 80
2021009090 0.128 32.4 85.6 179.1 297.7 80
2021009090 0.128 11.7 197.7 268.0 323.9 80
2021009090 0.127 288.8 183.8 335.8 225.7 80
2021009090 0.126 18.5 139.5 185.5 310.9 80
2021009090 0.122 253.6 78.5 339.4 185.0 80
2021009090 0.121 67.6 205.7 122.8 250.0 80
2021009090 0.121 15.4 146.7 62.8 213.2 80
2021009090 0.121 46.7 178.2 271.9 293.2 80
2021009090 0.120 372.4 249.2 429.9 295.7 80
2021009090 0.120 75.4 150.6 298.0 251.9 80
2021009090 0.117 146.2 204.6 418.3 287.2 80
2021009090 0.117 290.8 226.7 367.5 277.8 80
2021009090 0.117 125.9 159.2 378.9 250.7 80
2021009090 0.115 93.8 251.0 158.8 292.0 80
2021009090 0.114 439.4 117.0 502.3 221.2 80
2021009090 0.112 -23.9 49.8 84.5 110.4 80
2021009090 0.110 278.7 97.4 562.2 169.9 80
2021009090 0.106 -73.6 12.9 360.4 62.9 80
2021009090 0.105 208.9 22.9 597.7 80.4 80
2021009090 0.105 -130.9 10.8 322.3 54.7 80
2021009090 0.103 248.1 9.1 651.5 51.7 80
2021009090 0.101 3.4 -0.2 501.8 35.4 80
2021009090 0.099 -44.8 -0.2 454.2 27.9 80
2021009090 0.098 126.1 -3.7 625.1 26.3 80
2021009090 0.093 -38.0 -2.0 461.0 19.7 80
2021009090 0.093 -138.7 -0.7 360.2 22.0 80
2021009090 0.092 -92.1 0.1 406.9 23.7 80
2021009090 0.092 -184.9 0.7 314.0 24.2 80
2021009090 0.092 -201.6 -2.7 266.0 22.0 80
2021009090 0.092 22.3 -2.2 521.3 20.8 80
2021009090 0.091 156.6 -1.1 655.6 23.6 80
2021009090 0.722 184.0 185.2 230.8 232.6 80
2021009090 0.706 317.2 182.4 358.6 218.5 80
2021009090 0.701 153.6 177.2 199.1 222.6 80
2021009090 0.696 224.5 74.9 342.2 197.4 80
2021009090 0.690 311.0 183.1 349.8 223.2 80
2021009090 0.685 155.8 181.7 198.1 221.9 80
2021009090 0.683 223.1 80.7 334.9 173.9 80
2021009090 0.676 272.7 82.9 343.4 185.5 80
2021009090 0.673 467.4 345.0 497.5 374.1 80
2021009090 0.667 253.6 78.5 339.4 185.0 7
2021009090 0.655 275.2 84.0 344.3 174.3 80
2021009090 0.652 411.9 212.1 462.4 236.8 80
2021009090 0.631 412.0 203.8 496.5 238.3 80
2021009090 0.624 151.4 179.8 196.6 221.8 80
2021009090 0.613 0.3 333.7 37.0 371.9 80
2021009090 0.609 483.1 126.1 500.4 219.2 80
2021009090 0.595 186.6 103.7 358.4 177.1 80
2021009090 0.589 278.4 75.7 334.0 136.6 80
2021009090 0.587 476.3 236.5 501.6 372.2 80
2021009090 0.568 496.1 171.8 499.7 226.1 80
2021009090 0.565 0.6 187.6 499.6 368.0 80
2021009090 0.563 429.4 169.4 500.8 382.0 80
2021009090 0.530 497.4 76.8 500.1 171.1 80
2021009090 0.478 1.3 232.9 6.8 356.5 80
2021009090 0.455 498.0 204.1 500.1 329.0 80
2021009090 0.422 1.9 212.0 46.7 379.6 80
2021009090 0.422 329.3 360.1 493.3 374.9 80
2021009090 0.408 6.8 356.8 500.6 376.4 80
2021009090 0.386 1.3 195.3 500.2 373.7 17
2021009090 0.343 258.7 101.7 311.0 153.4 80
2021009090 0.338 304.9 213.1 334.8 242.5 80
2021009090 0.313 497.3 81.5 500.4 359.9 80
2021009090 0.282 0.9 124.5 3.2 288.5 80
2021009090 0.228 0.8 15.8 6.9 275.0 80
2021009090 0.228 0.6 46.4 3.1 163.6 80
2021009090 0.222 0.7 51.3 8.9 345.2 80
2021009090 0.216 327.9 197.4 512.2 365.4 80
2021009090 0.214 0.8 18.7 18.0 350.8 80
2021009090 0.212 0.2 2.4 4.5 81.2 80
2021009090 0.207 417.0 33.5 489.0 403.3 80
2021009090 0.201 215.9 284.6 507.8 383.4 80
2021009090 0.195 6.9 204.7 174.7 359.2 80
2021009090 0.189 391.6 352.5 511.5 376.0 80
2021009090 0.188 223.6 232.7 255.1 262.5 80
2021009090 0.182 116.0 209.6 490.8 341.7 80
2021009090 0.175 1.3 195.3 500.2 373.7 10
2021009090 0.172 1.3 195.3 500.2 373.7 80
2021009090 0.162 492.5 25.1 502.6 159.0 80
2021009090 0.161 144.6 254.6 174.9 282.5 80
2021009090 0.158 38.9 363.6 165.6 376.9 80
2021009090 0.157 1.2 92.8 86.1 376.1 80
2021009090 0.154 184.3 202.9 499.6 340.4 80
2021009090 0.151 249.1 360.9 408.5 375.4 80
2021009090 0.149 8.0 68.6 84.1 325.7 80
2021009090 0.148 66.6 275.8 436.2 380.0 80
2021009090 0.146 104.4 245.4 459.2 367.9 80
2021009090 0.144 51.8 250.1 395.8 368.9 80
2021009090 0.141 3.4 244.7 306.4 373.2 80
2021009090 0.138 223.5 253.1 288.3 292.7 80
2021009090 0.135 13.3 342.2 101.7 374.1 80
2021009090 0.134 43.1 110.6 452.2 273.7 80
2021009090 0.133 36.3 204.8 376.1 323.7 80
2021009090 0.131 18.4 223.2 344.4 340.8 80
2021009090 0.130 78.3 215.7 424.4 329.0 80
2021009090 0.130 155.2 206.9 189.2 240.8 80
2021009090 0.130 184.1 255.5 293.4 296.9 80
2021009090 0.130 200.6 198.7 242.6 236.1 80
2021009090 0.129 108.8 359.1 235.7 376.4 80
2021009090 0.128 275.3 177.4 485.6 309.8 80
2021009090 0.128 32.4 85.6 179.1 297.7 80
2021009090 0.128 11.7 197.7 268.0 323.9 80
2021009090 0.127 288.8 183.8 335.8 225.7 80
2021009090 0.126 18.5 139.5 185.5 310.9 80
2021009090 0.122 253.6 78.5 339.4 185.0 80
2021009090 0.121 67.6 205.7 122.8 250.0 80
2021009090 0.121 15.4 146.7 62.8 213.2 80
2021009090 0.121 46.7 178.2 271.9 293.2 80
2021009090 0.120 372.4 249.2 429.9 295.7 80
2021009090 0.120 75.4 150.6 298.0 251.9 80
2021009090 0.117 146.2 204.6 418.3 287.2 80
2021009090 0.117 290.8 226.7 367.5 277.8 80
2021009090 0.117 125.9 159.2 378.9 250.7 80
2021009090 0.115 93.8 251.0 158.8 292.0 80
2021009090 0.114 439.4 117.0 502.3 221.2 80
2021009090 0.112 -23.9 49.8 84.5 110.4 80
2021009090 0.110 278.7 97.4 562.2 169.9 80
2021009090 0.106 -73.6 12.9 360.4 62.9 80
2021009090 0.105 208.9 22.9 597.7 80.4 80
2021009090 0.105 -130.9 10.8 322.3 54.7 80
2021009090 0.103 248.1 9.1 651.5 51.7 80
2021009090 0.101 3.4 -0.2 501.8 35.4 80
2021009090 0.099 -44.8 -0.2 454.2 27.9 80
2021009090 0.098 126.1 -3.7 625.1 26.3 80
2021009090 0.093 -38.0 -2.0 461.0 19.7 80
2021009090 0.093 -138.7 -0.7 360.2 22.0 80
2021009090 0.092 -92.1 0.1 406.9 23.7 80
2021009090 0.092 -184.9 0.7 314.0 24.2 80
2021009090 0.092 -201.6 -2.7 266.0 22.0 80
2021009090 0.092 22.3 -2.2 521.3 20.8 80
2021009090 0.091 156.6 -1.1 655.6 23.6 80
2021009090 0.000 242.0 73.2 372.7 227.7 80
2021009090 0.000 0.9 43.1 103.5 247.8 80
2021009090 0.000 143.7 135.9 210.3 202.4 80
2021009090 0.000 211.4 111.8 275.3 178.0 80
2021009090 0.000 371.0 109.2 486.3 268.7 80
2021009090 0.000 255.8 137.9 317.1 204.5 80
2021009090 0.000 156.6 31.4 304.0 211.6 80
2021009090 0.000 45.5 217.8 107.4 288.9 80
2021009090 0.000 136.3 82.3 207.6 151.5 80
2021009090 0.000 81.5 117.6 146.9 186.5 80
2021009090 0.000 197.9 51.8 272.4 119.8 80
2021009090 0.000 453.6 128.4 499.6 211.2 80
2021009090 0.000 387.8 97.3 461.7 164.2 80
2021009090 0.000 348.6 145.3 411.0 211.1 80
2021009090 0.000 136.9 218.3 201.8 292.7 80
2021009090 0.000 19.5 26.1 206.5 194.8 80
2021009090 0.000 1.5 201.3 48.0 285.0 80
2021009090 0.000 297.9 170.7 359.9 236.2 80
2021009090 0.000 453.4 192.9 499.6 275.6 80
2021009090 0.000 356.3 197.7 415.7 265.7 80
2021009090 0.000 313.5 100.9 376.2 167.7 80
2021009090 0.000 323.9 8.3 496.6 191.8 80
2021009090 0.000 287.5 132.8 485.8 257.7 80
2021009090 0.000 205.6 160.1 267.3 225.4 80
2021009090 0.000 0.9 125.8 102.1 357.9 80
2021009090 0.000 33.3 127.4 166.8 276.8 80
2021009090 0.000 1.0 151.5 47.1 234.6 80
2021009090 0.000 89.9 187.8 149.8 253.9 80
2021009090 0.000 449.0 54.1 499.7 153.4 80
2021009090 0.000 117.9 161.9 233.2 316.5 80
2021009090 0.000 218.0 251.8 286.7 331.9 80
2021009090 0.000 149.3 172.2 210.8 237.6 80
2021009090 0.000 410.1 176.6 474.8 242.3 80
2021009090 0.000 27.0 155.1 94.9 220.9 80
2021009090 0.000 323.9 218.2 384.1 295.1 80
2021009090 0.000 202.7 116.7 319.1 275.9 80
2021009090 0.000 177.6 56.6 471.2 267.4 80
2021009090 0.000 252.3 124.0 366.8 347.9 80
2021009090 0.000 0.5 90.4 51.3 173.8 80
2021009090 0.000 0.7 22.0 51.8 106.0 80
2021009090 0.000 46.4 108.1 284.6 258.9 80
2021009090 0.000 101.1 50.5 245.1 317.1 80
2021009090 0.000 255.5 3.7 329.5 73.3 80
2021009090 0.000 322.9 47.5 406.2 116.3 80
2021009090 0.000 43.3 21.4 383.8 258.4 80
2021009090 0.000 0.6 249.6 58.3 369.8 80
2021009090 0.000 178.6 220.3 238.0 300.5 80
2021009090 0.000 442.7 245.1 499.6 368.5 80
2021009090 0.000 398.6 113.5 499.6 355.5 80
2021009090 0.000 10.6 10.6 491.5 199.6 80
2021009090 0.000 258.6 42.4 428.2 311.1 80
2021009090 0.000 90.0 16.9 408.1 364.6 80
2021009090 0.000 256.1 169.2 365.6 301.9 80
2021009090 0.000 -2.4 5.4 286.1 371.6 80
2021009090 0.000 8.1 89.0 229.6 370.1 80
2021009090 0.000 0.7 22.9 146.6 363.6 80
2021009090 0.000 213.1 6.1 497.0 372.7 80
2021009090 0.000 131.2 78.4 368.1 365.5 80
2021009090 0.000 156.2 201.7 351.1 369.4 80
2021009090 0.000 170.3 106.4 310.3 353.3 80
2021009090 0.000 153.4 21.0 355.4 360.9 80
2021009090 0.000 357.6 18.1 500.9 361.1 80
2021009090 0.000 68.8 68.1 447.4 321.4 80
2021009090 0.000 177.0 8.2 417.9 127.1 80
2021009090 0.000 43.6 254.9 289.5 373.6 80
2021009090 0.000 2.3 68.4 366.1 369.3 80
2021009090 0.000 5.1 279.1 130.5 374.3 80
2021009090 0.000 12.0 183.0 185.2 365.8 80
2021009090 0.000 305.3 180.1 482.3 365.0 80
2021009090 0.000 220.0 199.0 278.3 264.7 80
2021009090 0.000 24.3 146.3 338.1 364.6 80
2021009090 0.000 2.5 1.3 412.8 373.0 80
2021009090 0.000 150.8 131.3 355.6 228.6 80
2021009090 0.000 274.3 86.1 490.6 373.1 80
2021009090 0.000 3.0 228.5 496.0 374.4 80
2021009090 0.000 220.7 257.3 474.7 373.5 80
2021009090 0.000 84.5 1.1 496.2 372.9 80
2021009090 0.000 158.6 67.8 495.0 371.2 80
2021009090 0.000 157.9 150.5 463.3 364.9 80
2021009090 0.000 362.6 245.1 494.3 368.9 80
2021009090 0.000 44.4 60.6 117.3 136.8 80
2021009090 0.000 129.9 101.9 365.9 294.0 80
2021009090 0.000 22.3 43.4 477.5 366.6 80
2021009090 0.000 60.2 142.4 409.5 272.0 80
2021009090 0.000 0.4 100.8 499.0 366.5 80
2021009090 0.000 244.0 202.0 298.7 273.9 80
2021009090 0.000 12.6 94.7 489.8 271.8 80
2021009090 0.000 0.8 0.3 499.7 373.9 80
2021009090 0.000 1.3 18.3 498.9 309.8 80
2021009090 0.000 286.3 250.3 340.8 319.0 80
2021009090 0.000 424.2 6.2 498.9 85.7 80
2021009090 0.000 12.6 94.7 489.8 271.8 0
2021009090 0.000 0.8 0.3 499.7 373.9 7
2021009090 0.000 8.1 89.0 229.6 370.1 14
2021009090 0.000 258.6 42.4 428.2 311.1 14
2021009090 0.000 101.1 50.5 245.1 317.1 14
2021009090 0.000 170.3 106.4 310.3 353.3 14
2021009090 0.000 274.3 86.1 490.6 373.1 14
2021009090 0.000 153.4 21.0 355.4 360.9 14
2021009090 0.000 213.1 6.1 497.0 372.7 14
