2021000000326082 0.791 604.9 374.6 637.7 421.1 80
2021000000326082 0.771 10.4 77.6 632.6 401.1 80
2021000000326082 0.763 212.7 274.5 229.7 285.0 80
2021000000326082 0.759 354.3 216.1 367.7 228.7 80
2021000000326082 0.758 527.3 239.0 578.5 278.8 80
2021000000326082 0.756 344.9 213.3 355.0 221.7 80
2021000000326082 0.754 181.7 405.2 251.8 426.1 80
2021000000326082 0.752 6.9 303.6 52.1 418.0 80
2021000000326082 0.750 343.4 151.6 372.2 177.7 80
2021000000326082 0.749 264.6 190.3 269.5 202.1 80
2021000000326082 0.749 322.6 210.9 334.5 218.8 80
2021000000326082 0.749 2.0 260.8 82.4 424.4 80
2021000000326082 0.748 178.3 94.0 189.6 98.7 80
2021000000326082 0.748 0.5 77.7 19.1 88.4 80
2021000000326082 0.739 344.1 213.5 353.4 221.1 80
2021000000326082 0.733 142.9 350.0 265.8 427.8 80
2021000000326082 0.729 638.9 227.7 639.9 401.5 80
2021000000326082 0.729 231.7 191.2 238.5 201.5 80
2021000000326082 0.725 343.1 161.0 371.3 185.9 80
2021000000326082 0.725 639.4 166.7 640.1 237.6 80
