2021003076 0.672 149.6 45.8 179.6 153.3 4
2021003076 0.669 118.3 43.3 146.1 153.1 4
2021003076 0.666 153.8 314.6 183.0 369.6 80
2021003076 0.662 92.7 311.7 120.9 368.4 80
2021003076 0.660 88.1 311.7 119.6 369.9 80
2021003076 0.646 186.3 47.3 212.6 154.0 4
2021003076 0.643 277.8 222.6 307.4 289.8 80
2021003076 0.634 156.5 215.2 191.8 276.6 80
2021003076 0.632 272.2 307.8 303.9 369.4 80
2021003076 0.631 369.6 338.9 375.5 384.4 80
2021003076 0.625 88.2 50.0 115.7 131.1 80
2021003076 0.624 353.3 9.7 376.4 364.3 80
2021003076 0.618 183.5 42.0 213.9 140.1 80
2021003076 0.616 355.7 460.9 377.6 493.8 80
2021003076 0.616 60.0 217.2 86.2 278.3 80
2021003076 0.615 60.8 222.1 83.2 281.4 80
2021003076 0.614 124.5 315.1 148.9 371.6 80
2021003076 0.612 313.3 45.7 345.2 153.7 80
2021003076 0.609 215.9 46.4 244.6 155.4 4
2021003076 0.606 80.7 46.7 107.2 98.6 80
2021003076 0.605 147.1 38.9 177.5 116.3 80
2021003076 0.603 188.7 319.8 211.7 363.6 80
2021003076 0.602 370.2 55.7 375.3 171.0 80
2021003076 0.601 120.4 55.0 144.8 151.1 80
2021003076 0.599 217.8 56.3 242.3 149.7 80
2021003076 0.599 314.8 44.1 344.7 152.1 80
2021003076 0.595 248.7 225.3 276.2 292.9 80
2021003076 0.595 282.5 47.7 312.2 150.1 80
2021003076 0.585 217.4 44.6 252.3 137.2 80
2021003076 0.577 85.0 48.5 116.1 150.8 4
2021003076 0.535 251.6 45.2 279.6 156.3 4
2021003076 0.524 215.2 213.8 243.7 278.5 80
2021003076 0.524 187.7 56.9 210.6 145.8 80
2021003076 0.514 125.4 308.7 147.4 366.4 80
2021003076 0.510 370.1 10.6 375.6 108.8 80
2021003076 0.494 185.6 318.0 211.0 369.1 80
2021003076 0.485 372.9 170.3 375.3 324.3 80
2021003076 0.480 119.6 214.3 150.9 281.4 80
2021003076 0.479 282.4 45.7 311.8 157.2 4
2021003076 0.476 151.8 217.6 181.2 285.7 80
2021003076 0.468 151.7 214.7 180.2 283.6 4
2021003076 0.465 273.3 307.0 304.1 369.2 80
2021003076 0.462 246.0 214.3 274.1 278.8 80
2021003076 0.453 217.7 47.0 244.9 151.5 80
2021003076 0.452 60.1 217.9 82.7 279.8 80
2021003076 0.449 314.1 46.9 345.0 153.8 4
2021003076 0.435 277.4 214.3 305.2 279.3 80
2021003076 0.431 150.1 52.6 178.6 150.9 80
2021003076 0.398 215.9 303.2 242.3 362.5 80
2021003076 0.395 214.1 304.7 242.2 366.1 80
2021003076 0.394 371.0 94.9 375.2 456.8 80
2021003076 0.393 119.5 211.8 150.0 282.0 80
2021003076 0.392 181.4 215.5 213.2 283.8 80
2021003076 0.384 362.5 -5.2 377.3 481.8 80
2021003076 0.369 244.7 305.2 272.2 364.8 80
2021003076 0.339 244.7 305.2 272.2 364.8 4
2021003076 0.334 215.7 216.2 244.4 285.2 80
2021003076 0.314 215.7 216.2 244.4 285.2 4
2021003076 0.313 362.9 75.9 374.9 500.6 80
2021003076 0.300 119.5 211.8 150.0 282.0 4
2021003076 0.292 181.4 215.5 213.2 283.8 4
2021003076 0.284 214.1 304.7 242.2 366.1 4
2021003076 0.269 277.4 214.3 305.2 279.3 4
2021003076 0.262 215.9 303.2 242.3 362.5 4
2021003076 0.255 273.3 307.0 304.1 369.2 4
2021003076 0.253 314.1 46.9 345.0 153.8 80
2021003076 0.252 371.1 336.0 376.0 471.6 80
2021003076 0.244 60.1 217.9 82.7 279.8 4
2021003076 0.238 246.0 214.3 274.1 278.8 4
2021003076 0.236 151.8 217.6 181.2 285.7 4
2021003076 0.236 151.7 214.7 180.2 283.6 80
2021003076 0.234 150.1 52.6 178.6 150.9 4
2021003076 0.227 119.6 214.3 150.9 281.4 4
2021003076 0.224 0.8 10.4 3.1 103.5 80
2021003076 0.223 185.6 318.0 211.0 369.1 4
2021003076 0.221 0.5 60.1 2.6 187.7 80
2021003076 0.220 282.4 45.7 311.8 157.2 80
2021003076 0.216 0.5 155.1 2.6 301.6 80
2021003076 0.211 0.3 258.7 3.5 443.0 80
2021003076 0.207 217.7 47.0 244.9 151.5 4
2021003076 0.204 0.4 83.6 6.5 442.6 80
2021003076 0.196 215.2 213.8 243.7 278.5 4
2021003076 0.182 63.4 461.7 328.7 501.7 80
2021003076 0.179 0.2 98.3 7.2 223.0 80
2021003076 0.178 251.6 45.2 279.6 156.3 80
2021003076 0.173 0.7 263.4 19.8 492.9 80
2021003076 0.166 85.0 48.5 116.1 150.8 80
2021003076 0.165 -2.0 406.6 16.9 509.6 80
2021003076 0.159 125.4 308.7 147.4 366.4 4
2021003076 0.156 202.6 425.3 343.4 501.3 80
2021003076 0.153 187.7 56.9 210.6 145.8 4
2021003076 0.152 93.0 481.9 293.3 502.1 80
2021003076 0.152 124.9 422.9 288.7 497.7 80
2021003076 0.149 253.6 270.1 373.2 480.4 80
2021003076 0.149 84.8 428.3 250.1 496.7 80
2021003076 0.148 251.7 483.6 353.7 502.5 80
2021003076 0.148 38.6 421.0 180.0 500.4 80
2021003076 0.144 2.5 118.8 43.8 494.7 80
2021003076 0.137 0.7 217.8 25.4 375.7 80
2021003076 0.137 80.2 321.1 303.9 468.6 80
2021003076 0.672 149.6 45.8 179.6 153.3 4
2021003076 0.669 118.3 43.3 146.1 153.1 4
2021003076 0.666 153.8 314.6 183.0 369.6 80
2021003076 0.662 92.7 311.7 120.9 368.4 80
2021003076 0.660 88.1 311.7 119.6 369.9 80
2021003076 0.646 186.3 47.3 212.6 154.0 4
2021003076 0.643 277.8 222.6 307.4 289.8 80
2021003076 0.634 156.5 215.2 191.8 276.6 80
2021003076 0.632 272.2 307.8 303.9 369.4 80
2021003076 0.631 369.6 338.9 375.5 384.4 80
2021003076 0.625 88.2 50.0 115.7 131.1 80
2021003076 0.624 353.3 9.7 376.4 364.3 80
2021003076 0.618 183.5 42.0 213.9 140.1 80
2021003076 0.616 355.7 460.9 377.6 493.8 80
2021003076 0.616 60.0 217.2 86.2 278.3 80
2021003076 0.615 60.8 222.1 83.2 281.4 80
2021003076 0.614 124.5 315.1 148.9 371.6 80
2021003076 0.612 313.3 45.7 345.2 153.7 80
2021003076 0.609 215.9 46.4 244.6 155.4 4
2021003076 0.606 80.7 46.7 107.2 98.6 80
2021003076 0.605 147.1 38.9 177.5 116.3 80
2021003076 0.603 188.7 319.8 211.7 363.6 80
2021003076 0.602 370.2 55.7 375.3 171.0 80
2021003076 0.601 120.4 55.0 144.8 151.1 80
2021003076 0.599 217.8 56.3 242.3 149.7 80
2021003076 0.599 314.8 44.1 344.7 152.1 80
2021003076 0.595 248.7 225.3 276.2 292.9 80
2021003076 0.595 282.5 47.7 312.2 150.1 80
2021003076 0.585 217.4 44.6 252.3 137.2 80
2021003076 0.577 85.0 48.5 116.1 150.8 4
2021003076 0.535 251.6 45.2 279.6 156.3 4
2021003076 0.524 215.2 213.8 243.7 278.5 80
2021003076 0.524 187.7 56.9 210.6 145.8 80
2021003076 0.514 125.4 308.7 147.4 366.4 80
2021003076 0.510 370.1 10.6 375.6 108.8 80
2021003076 0.494 185.6 318.0 211.0 369.1 80
2021003076 0.485 372.9 170.3 375.3 324.3 80
2021003076 0.480 119.6 214.3 150.9 281.4 80
2021003076 0.479 282.4 45.7 311.8 157.2 4
2021003076 0.476 151.8 217.6 181.2 285.7 80
2021003076 0.468 151.7 214.7 180.2 283.6 4
2021003076 0.465 273.3 307.0 304.1 369.2 80
2021003076 0.462 246.0 214.3 274.1 278.8 80
2021003076 0.453 217.7 47.0 244.9 151.5 80
2021003076 0.452 60.1 217.9 82.7 279.8 80
2021003076 0.449 314.1 46.9 345.0 153.8 4
2021003076 0.435 277.4 214.3 305.2 279.3 80
2021003076 0.431 150.1 52.6 178.6 150.9 80
2021003076 0.398 215.9 303.2 242.3 362.5 80
2021003076 0.395 214.1 304.7 242.2 366.1 80
2021003076 0.394 371.0 94.9 375.2 456.8 80
2021003076 0.393 119.5 211.8 150.0 282.0 80
2021003076 0.392 181.4 215.5 213.2 283.8 80
2021003076 0.384 362.5 -5.2 377.3 481.8 80
2021003076 0.369 244.7 305.2 272.2 364.8 80
2021003076 0.339 244.7 305.2 272.2 364.8 4
2021003076 0.334 215.7 216.2 244.4 285.2 80
2021003076 0.314 215.7 216.2 244.4 285.2 4
2021003076 0.313 362.9 75.9 374.9 500.6 80
2021003076 0.300 119.5 211.8 150.0 282.0 4
2021003076 0.292 181.4 215.5 213.2 283.8 4
2021003076 0.284 214.1 304.7 242.2 366.1 4
2021003076 0.269 277.4 214.3 305.2 279.3 4
2021003076 0.262 215.9 303.2 242.3 362.5 4
2021003076 0.255 273.3 307.0 304.1 369.2 4
2021003076 0.253 314.1 46.9 345.0 153.8 80
2021003076 0.252 371.1 336.0 376.0 471.6 80
2021003076 0.244 60.1 217.9 82.7 279.8 4
2021003076 0.238 246.0 214.3 274.1 278.8 4
2021003076 0.236 151.8 217.6 181.2 285.7 4
2021003076 0.236 151.7 214.7 180.2 283.6 80
2021003076 0.234 150.1 52.6 178.6 150.9 4
2021003076 0.227 119.6 214.3 150.9 281.4 4
2021003076 0.224 0.8 10.4 3.1 103.5 80
2021003076 0.223 185.6 318.0 211.0 369.1 4
2021003076 0.221 0.5 60.1 2.6 187.7 80
2021003076 0.220 282.4 45.7 311.8 157.2 80
2021003076 0.216 0.5 155.1 2.6 301.6 80
2021003076 0.211 0.3 258.7 3.5 443.0 80
2021003076 0.207 217.7 47.0 244.9 151.5 4
2021003076 0.204 0.4 83.6 6.5 442.6 80
2021003076 0.196 215.2 213.8 243.7 278.5 4
2021003076 0.182 63.4 461.7 328.7 501.7 80
2021003076 0.179 0.2 98.3 7.2 223.0 80
2021003076 0.178 251.6 45.2 279.6 156.3 80
2021003076 0.173 0.7 263.4 19.8 492.9 80
2021003076 0.166 85.0 48.5 116.1 150.8 80
2021003076 0.165 -2.0 406.6 16.9 509.6 80
2021003076 0.159 125.4 308.7 147.4 366.4 4
2021003076 0.156 202.6 425.3 343.4 501.3 80
2021003076 0.153 187.7 56.9 210.6 145.8 4
2021003076 0.152 93.0 481.9 293.3 502.1 80
2021003076 0.152 124.9 422.9 288.7 497.7 80
2021003076 0.149 253.6 270.1 373.2 480.4 80
2021003076 0.149 84.8 428.3 250.1 496.7 80
2021003076 0.148 251.7 483.6 353.7 502.5 80
2021003076 0.148 38.6 421.0 180.0 500.4 80
2021003076 0.144 2.5 118.8 43.8 494.7 80
2021003076 0.137 0.7 217.8 25.4 375.7 80
2021003076 0.137 80.2 321.1 303.9 468.6 80
2021003076 0.000 274.2 138.0 369.7 347.9 80
2021003076 0.000 3.6 170.1 147.4 355.4 80
2021003076 0.000 159.5 102.9 310.9 256.1 80
2021003076 0.000 103.6 47.3 248.7 250.8 80
2021003076 0.000 205.5 188.2 375.2 338.3 80
2021003076 0.000 0.6 39.8 77.2 331.8 80
2021003076 0.000 337.9 85.0 374.9 195.1 80
2021003076 0.000 148.0 215.9 208.1 302.0 80
2021003076 0.000 0.6 172.5 77.2 475.3 80
2021003076 0.000 0.5 200.0 35.7 311.7 80
2021003076 0.000 62.3 251.8 118.1 339.7 80
2021003076 0.000 340.0 254.9 374.9 369.7 80
2021003076 0.000 340.3 170.4 374.8 282.3 80
2021003076 0.000 119.2 71.1 368.6 369.0 80
2021003076 0.000 100.1 182.7 166.4 269.0 80
2021003076 0.000 301.8 236.4 362.2 323.5 80
2021003076 0.000 1.4 268.4 36.0 380.1 80
2021003076 0.000 13.3 207.2 78.7 293.8 80
2021003076 0.000 103.5 230.1 167.4 316.1 80
2021003076 0.000 332.8 333.4 374.2 485.8 80
2021003076 0.000 19.8 142.9 228.6 350.8 80
2021003076 0.000 182.2 186.1 248.8 271.3 80
2021003076 0.000 214.8 230.6 279.9 315.8 80
2021003076 0.000 149.6 149.7 216.4 235.9 80
2021003076 0.000 239.7 3.9 379.0 248.6 80
2021003076 0.000 251.8 196.9 319.2 281.9 80
2021003076 0.000 298.6 156.7 375.3 472.3 80
2021003076 0.000 52.2 160.7 120.5 246.1 80
2021003076 0.000 260.5 271.5 321.0 357.5 80
2021003076 0.000 0.4 28.2 39.1 140.9 80
2021003076 0.000 181.5 63.4 337.0 411.1 80
2021003076 0.000 8.3 22.9 168.3 245.8 80
2021003076 0.000 100.0 187.3 279.6 316.6 80
2021003076 0.000 144.1 160.5 252.6 355.3 80
2021003076 0.000 208.1 135.6 368.6 491.0 80
2021003076 0.000 0.5 118.7 38.5 231.7 80
2021003076 0.000 177.6 201.0 296.7 451.0 80
2021003076 0.000 79.0 193.2 190.1 412.5 80
2021003076 0.000 1.4 2.6 374.5 276.2 80
2021003076 0.000 27.4 295.8 88.6 385.4 80
2021003076 0.000 224.5 138.9 294.4 223.7 80
2021003076 0.000 0.7 336.0 43.4 492.6 80
2021003076 0.000 22.2 33.5 298.9 344.9 80
2021003076 0.000 142.3 71.5 211.7 157.2 80
2021003076 0.000 118.9 167.3 248.8 462.4 80
2021003076 0.000 91.7 112.8 285.5 485.5 80
2021003076 0.000 -2.7 123.0 182.9 494.6 80
2021003076 0.000 284.1 135.0 354.1 220.6 80
2021003076 0.000 83.3 133.0 290.8 394.5 80
2021003076 0.000 113.3 104.8 380.6 498.3 80
2021003076 0.000 58.8 31.2 318.3 478.2 80
2021003076 0.000 6.2 193.7 267.3 491.0 80
2021003076 0.000 109.2 282.4 267.9 494.0 80
2021003076 0.000 55.4 65.2 206.8 408.4 80
2021003076 0.000 269.0 26.2 375.4 479.9 80
2021003076 0.000 95.1 114.2 164.6 199.4 80
2021003076 0.000 109.6 216.1 358.3 491.7 80
2021003076 0.000 -1.2 257.1 145.8 493.4 80
2021003076 0.000 6.2 329.7 246.3 497.1 80
2021003076 0.000 157.3 9.2 376.5 496.0 80
2021003076 0.000 221.4 257.5 366.2 491.0 80
2021003076 0.000 -1.9 97.8 279.1 495.3 80
2021003076 0.000 2.8 375.1 99.7 499.1 80
2021003076 0.000 -1.9 10.2 220.9 494.3 80
2021003076 0.000 42.1 106.1 344.7 433.9 80
2021003076 0.000 99.8 304.0 159.9 387.7 80
2021003076 0.000 150.3 350.1 373.1 499.9 80
2021003076 0.000 30.7 199.4 324.1 375.2 80
2021003076 0.000 270.4 335.5 370.9 494.4 80
2021003076 0.000 1.1 303.4 374.1 500.9 80
2021003076 0.000 1.0 2.1 312.9 497.1 80
2021003076 0.000 -1.3 22.1 110.8 486.5 80
2021003076 0.000 97.4 13.4 283.8 488.1 80
2021003076 0.000 60.2 2.4 373.5 495.5 80
2021003076 0.000 101.0 -2.3 348.6 159.1 80
2021003076 0.000 0.4 148.7 374.3 495.6 80
2021003076 0.000 12.6 59.4 358.2 501.6 80
2021003076 0.000 1.0 30.2 374.6 444.6 80
2021003076 0.000 2.0 121.5 374.6 375.6 80
2021003076 0.000 166.8 268.0 310.0 390.2 80
2021003076 0.000 0.8 0.3 374.8 499.0 80
2021003076 0.000 185.7 6.4 254.1 97.0 80
2021003076 0.000 156.2 335.2 235.4 426.5 80
2021003076 0.000 136.0 307.5 193.9 389.0 80
2021003076 0.000 238.1 69.8 310.2 155.8 80
2021003076 0.000 319.2 7.2 373.2 114.4 80
2021003076 0.000 243.3 301.9 305.5 381.3 80
2021003076 0.000 24.2 89.9 98.0 179.5 80
2021003076 0.000 0.8 0.3 374.8 499.0 14
2021003076 0.000 114.7 396.1 176.3 484.8 80
2021003076 0.000 0.8 0.3 374.8 499.0 7
2021003076 0.000 0.8 0.3 374.8 499.0 11
2021003076 0.000 60.2 2.4 373.5 495.5 14
2021003076 0.000 58.8 31.2 318.3 478.2 14
2021003076 0.000 157.3 9.2 376.5 496.0 14
2021003076 0.000 -2.7 123.0 182.9 494.6 14
2021003076 0.000 12.6 59.4 358.2 501.6 14
2021003076 0.000 1.0 2.1 312.9 497.1 14
2021003076 0.000 -1.9 10.2 220.9 494.3 14
2021003076 0.000 91.7 112.8 285.5 485.5 14
