2021003785 0.660 132.9 32.7 504.2 332.4 11
2021003785 0.657 140.4 33.9 395.5 333.4 80
2021003785 0.631 468.5 303.1 497.7 332.9 80
2021003785 0.599 43.9 20.1 489.5 328.3 80
2021003785 0.580 130.0 27.3 481.5 328.4 80
2021003785 0.549 140.1 37.3 381.5 243.8 80
2021003785 0.545 143.4 34.4 366.8 330.5 80
2021003785 0.488 496.5 114.8 500.2 250.6 80
2021003785 0.462 497.4 48.9 500.4 170.9 80
2021003785 0.452 497.0 166.9 500.2 315.5 80
2021003785 0.443 141.6 38.2 495.4 319.7 80
2021003785 0.387 1.5 291.4 23.0 335.7 80
2021003785 0.331 495.6 38.7 500.6 320.2 80
2021003785 0.298 498.2 23.4 500.4 242.3 80
2021003785 0.262 0.9 204.3 4.4 319.9 80
2021003785 0.245 0.6 3.8 4.5 74.6 80
2021003785 0.234 430.8 44.3 501.3 343.0 80
2021003785 0.229 0.5 35.4 3.3 141.1 80
2021003785 0.222 0.5 86.0 3.2 224.5 80
2021003785 0.210 165.9 58.5 496.8 306.4 80
2021003785 0.200 0.8 38.8 8.2 204.7 80
2021003785 0.199 0.1 54.2 11.0 307.6 80
2021003785 0.190 -0.3 21.3 23.8 310.4 80
2021003785 0.186 475.6 223.8 507.4 334.1 80
2021003785 0.179 307.9 62.0 495.8 320.3 80
2021003785 0.169 -1.1 173.9 31.0 342.8 80
2021003785 0.162 159.9 322.0 359.9 335.3 80
2021003785 0.156 157.9 84.3 507.2 287.3 80
2021003785 0.156 117.6 66.9 385.1 304.2 80
2021003785 0.156 277.3 293.5 446.5 333.4 80
2021003785 0.154 128.4 79.1 475.8 299.8 80
2021003785 0.150 204.1 164.2 326.9 303.5 80
2021003785 0.149 227.5 97.0 514.3 294.8 80
2021003785 0.148 107.3 108.2 431.3 293.7 80
2021003785 0.147 193.6 153.9 367.7 311.5 80
2021003785 0.144 116.3 319.5 224.5 334.6 80
2021003785 0.143 299.3 168.4 521.1 320.9 80
2021003785 0.142 66.4 295.8 197.4 331.1 80
2021003785 0.141 201.1 145.3 501.3 302.4 80
2021003785 0.141 12.9 200.3 177.8 324.3 80
2021003785 0.140 40.4 320.9 170.5 335.2 80
2021003785 0.139 132.9 32.7 504.2 332.4 80
2021003785 0.138 196.0 288.1 361.3 330.2 80
2021003785 0.138 138.3 283.2 290.1 330.5 80
2021003785 0.137 163.2 161.8 470.8 308.3 80
2021003785 0.137 59.9 192.0 291.6 314.8 80
2021003785 0.137 112.7 193.6 408.6 317.7 80
2021003785 0.137 166.0 313.9 335.5 333.2 80
2021003785 0.134 2.7 88.8 97.9 321.0 80
2021003785 0.132 15.2 302.9 101.9 331.8 80
2021003785 0.131 216.4 144.4 344.0 246.3 80
2021003785 0.130 120.3 164.1 401.0 302.1 80
2021003785 0.129 331.0 318.0 450.3 336.3 80
2021003785 0.128 76.7 161.1 341.6 293.6 80
2021003785 0.128 279.6 169.3 443.6 282.4 80
2021003785 0.127 27.2 155.2 243.7 289.0 80
2021003785 0.127 150.0 236.1 197.6 280.1 80
2021003785 0.127 96.7 85.3 329.9 284.2 80
2021003785 0.126 393.3 306.4 493.2 331.7 80
2021003785 0.126 258.0 314.0 385.4 333.9 80
2021003785 0.125 48.7 125.8 272.6 275.5 80
2021003785 0.125 16.9 110.2 189.0 280.7 80
2021003785 0.125 167.4 175.9 237.6 238.5 80
2021003785 0.123 208.5 150.0 451.2 280.0 80
2021003785 0.122 431.2 98.5 523.4 305.7 80
2021003785 0.118 177.6 128.5 429.7 224.2 80
2021003785 0.118 80.7 103.3 306.9 254.5 80
2021003785 0.118 66.6 140.1 223.7 202.3 80
2021003785 0.117 131.1 104.6 326.0 182.2 80
2021003785 0.117 35.6 197.3 89.7 259.2 80
2021003785 0.116 -3.8 114.5 214.8 176.9 80
2021003785 0.114 303.4 154.9 542.3 273.5 80
2021003785 0.114 54.2 134.1 176.1 248.7 80
2021003785 0.113 181.0 119.9 529.3 215.0 80
2021003785 0.112 -62.1 79.0 189.6 137.7 80
2021003785 0.112 4.4 38.2 366.0 92.5 80
2021003785 0.111 97.5 38.2 478.9 110.7 80
2021003785 0.111 227.4 99.4 578.1 188.6 80
2021003785 0.110 -109.6 18.6 187.4 56.2 80
2021003785 0.109 77.2 194.0 157.3 255.2 80
2021003785 0.108 116.6 38.4 572.1 116.7 80
2021003785 0.107 -105.5 7.7 380.2 38.0 80
2021003785 0.105 -155.8 7.1 339.5 34.0 80
2021003785 0.105 257.5 65.0 645.2 151.9 80
2021003785 0.105 2.8 0.3 497.3 39.3 80
2021003785 0.105 164.7 12.5 631.7 65.4 80
2021003785 0.103 198.7 6.2 685.6 42.8 80
2021003785 0.101 74.6 -0.6 573.4 29.9 80
2021003785 0.100 280.4 8.4 681.8 43.0 80
2021003785 0.098 -44.9 -0.4 454.1 24.9 80
2021003785 0.093 -212.8 -2.1 277.8 18.1 80
2021003785 0.092 -185.5 1.1 313.4 21.7 80
2021003785 0.092 -139.0 -0.1 360.0 21.1 80
2021003785 0.092 -37.4 -1.7 461.6 19.6 80
2021003785 0.092 -92.9 0.8 406.0 22.8 80
2021003785 0.091 25.3 -3.1 524.3 19.3 80
2021003785 0.090 156.3 -0.1 655.3 22.2 80
2021003785 0.090 82.7 -2.5 581.7 19.7 80
2021003785 0.089 122.8 0.3 621.8 23.7 80
2021003785 0.089 203.7 -1.2 702.7 20.7 80
2021003785 0.660 132.9 32.7 504.2 332.4 11
2021003785 0.657 140.4 33.9 395.5 333.4 80
2021003785 0.631 468.5 303.1 497.7 332.9 80
2021003785 0.599 43.9 20.1 489.5 328.3 80
2021003785 0.580 130.0 27.3 481.5 328.4 80
2021003785 0.549 140.1 37.3 381.5 243.8 80
2021003785 0.545 143.4 34.4 366.8 330.5 80
2021003785 0.488 496.5 114.8 500.2 250.6 80
2021003785 0.462 497.4 48.9 500.4 170.9 80
2021003785 0.452 497.0 166.9 500.2 315.5 80
2021003785 0.443 141.6 38.2 495.4 319.7 80
2021003785 0.387 1.5 291.4 23.0 335.7 80
2021003785 0.331 495.6 38.7 500.6 320.2 80
2021003785 0.298 498.2 23.4 500.4 242.3 80
2021003785 0.262 0.9 204.3 4.4 319.9 80
2021003785 0.245 0.6 3.8 4.5 74.6 80
2021003785 0.234 430.8 44.3 501.3 343.0 80
2021003785 0.229 0.5 35.4 3.3 141.1 80
2021003785 0.222 0.5 86.0 3.2 224.5 80
2021003785 0.210 165.9 58.5 496.8 306.4 80
2021003785 0.200 0.8 38.8 8.2 204.7 80
2021003785 0.199 0.1 54.2 11.0 307.6 80
2021003785 0.190 -0.3 21.3 23.8 310.4 80
2021003785 0.186 475.6 223.8 507.4 334.1 80
2021003785 0.179 307.9 62.0 495.8 320.3 80
2021003785 0.169 -1.1 173.9 31.0 342.8 80
2021003785 0.162 159.9 322.0 359.9 335.3 80
2021003785 0.156 157.9 84.3 507.2 287.3 80
2021003785 0.156 117.6 66.9 385.1 304.2 80
2021003785 0.156 277.3 293.5 446.5 333.4 80
2021003785 0.154 128.4 79.1 475.8 299.8 80
2021003785 0.150 204.1 164.2 326.9 303.5 80
2021003785 0.149 227.5 97.0 514.3 294.8 80
2021003785 0.148 107.3 108.2 431.3 293.7 80
2021003785 0.147 193.6 153.9 367.7 311.5 80
2021003785 0.144 116.3 319.5 224.5 334.6 80
2021003785 0.143 299.3 168.4 521.1 320.9 80
2021003785 0.142 66.4 295.8 197.4 331.1 80
2021003785 0.141 201.1 145.3 501.3 302.4 80
2021003785 0.141 12.9 200.3 177.8 324.3 80
2021003785 0.140 40.4 320.9 170.5 335.2 80
2021003785 0.139 132.9 32.7 504.2 332.4 80
2021003785 0.138 196.0 288.1 361.3 330.2 80
2021003785 0.138 138.3 283.2 290.1 330.5 80
2021003785 0.137 163.2 161.8 470.8 308.3 80
2021003785 0.137 59.9 192.0 291.6 314.8 80
2021003785 0.137 112.7 193.6 408.6 317.7 80
2021003785 0.137 166.0 313.9 335.5 333.2 80
2021003785 0.134 2.7 88.8 97.9 321.0 80
2021003785 0.132 15.2 302.9 101.9 331.8 80
2021003785 0.131 216.4 144.4 344.0 246.3 80
2021003785 0.130 120.3 164.1 401.0 302.1 80
2021003785 0.129 331.0 318.0 450.3 336.3 80
2021003785 0.128 76.7 161.1 341.6 293.6 80
2021003785 0.128 279.6 169.3 443.6 282.4 80
2021003785 0.127 27.2 155.2 243.7 289.0 80
2021003785 0.127 150.0 236.1 197.6 280.1 80
2021003785 0.127 96.7 85.3 329.9 284.2 80
2021003785 0.126 393.3 306.4 493.2 331.7 80
2021003785 0.126 258.0 314.0 385.4 333.9 80
2021003785 0.125 48.7 125.8 272.6 275.5 80
2021003785 0.125 16.9 110.2 189.0 280.7 80
2021003785 0.125 167.4 175.9 237.6 238.5 80
2021003785 0.123 208.5 150.0 451.2 280.0 80
2021003785 0.122 431.2 98.5 523.4 305.7 80
2021003785 0.118 177.6 128.5 429.7 224.2 80
2021003785 0.118 80.7 103.3 306.9 254.5 80
2021003785 0.118 66.6 140.1 223.7 202.3 80
2021003785 0.117 131.1 104.6 326.0 182.2 80
2021003785 0.117 35.6 197.3 89.7 259.2 80
2021003785 0.116 -3.8 114.5 214.8 176.9 80
2021003785 0.114 303.4 154.9 542.3 273.5 80
2021003785 0.114 54.2 134.1 176.1 248.7 80
2021003785 0.113 181.0 119.9 529.3 215.0 80
2021003785 0.112 -62.1 79.0 189.6 137.7 80
2021003785 0.112 4.4 38.2 366.0 92.5 80
2021003785 0.111 97.5 38.2 478.9 110.7 80
2021003785 0.111 227.4 99.4 578.1 188.6 80
2021003785 0.110 -109.6 18.6 187.4 56.2 80
2021003785 0.109 77.2 194.0 157.3 255.2 80
2021003785 0.108 116.6 38.4 572.1 116.7 80
2021003785 0.107 -105.5 7.7 380.2 38.0 80
2021003785 0.105 -155.8 7.1 339.5 34.0 80
2021003785 0.105 257.5 65.0 645.2 151.9 80
2021003785 0.105 2.8 0.3 497.3 39.3 80
2021003785 0.105 164.7 12.5 631.7 65.4 80
2021003785 0.103 198.7 6.2 685.6 42.8 80
2021003785 0.101 74.6 -0.6 573.4 29.9 80
2021003785 0.100 280.4 8.4 681.8 43.0 80
2021003785 0.098 -44.9 -0.4 454.1 24.9 80
2021003785 0.093 -212.8 -2.1 277.8 18.1 80
2021003785 0.092 -185.5 1.1 313.4 21.7 80
2021003785 0.092 -139.0 -0.1 360.0 21.1 80
2021003785 0.092 -37.4 -1.7 461.6 19.6 80
2021003785 0.092 -92.9 0.8 406.0 22.8 80
2021003785 0.091 25.3 -3.1 524.3 19.3 80
2021003785 0.090 156.3 -0.1 655.3 22.2 80
2021003785 0.090 82.7 -2.5 581.7 19.7 80
2021003785 0.089 122.8 0.3 621.8 23.7 80
2021003785 0.089 203.7 -1.2 702.7 20.7 80
2021003785 0.000 0.8 39.6 103.7 219.9 80
2021003785 0.000 245.1 64.6 370.2 203.1 80
2021003785 0.000 203.1 44.4 266.1 106.7 80
2021003785 0.000 256.6 123.7 316.4 182.9 80
2021003785 0.000 372.7 97.3 484.8 238.7 80
2021003785 0.000 45.9 193.6 106.8 256.8 80
2021003785 0.000 83.8 105.7 144.8 167.7 80
2021003785 0.000 133.1 93.5 218.1 194.0 80
2021003785 0.000 390.5 85.7 458.7 145.2 80
2021003785 0.000 453.6 114.4 499.6 187.5 80
2021003785 0.000 213.4 101.7 273.6 161.0 80
2021003785 0.000 141.4 73.2 202.4 136.6 80
2021003785 0.000 22.0 26.3 202.7 174.0 80
2021003785 0.000 325.8 10.5 494.5 170.4 80
2021003785 0.000 1.5 179.1 48.0 253.0 80
2021003785 0.000 162.0 29.1 299.4 188.1 80
2021003785 0.000 349.9 130.4 409.9 189.0 80
2021003785 0.000 219.9 213.4 281.0 299.7 80
2021003785 0.000 90.6 167.7 149.2 226.6 80
2021003785 0.000 314.7 90.6 375.2 149.9 80
2021003785 0.000 357.4 176.8 415.0 236.3 80
2021003785 0.000 32.4 113.1 167.8 245.7 80
2021003785 0.000 1.0 134.7 47.1 208.2 80
2021003785 0.000 453.4 171.3 499.7 244.6 80
2021003785 0.000 0.5 112.0 102.1 317.8 80
2021003785 0.000 449.1 48.2 499.7 136.2 80
2021003785 0.000 259.7 2.5 324.6 65.8 80
2021003785 0.000 137.6 194.1 201.5 258.6 80
2021003785 0.000 298.6 152.6 359.4 210.5 80
2021003785 0.000 28.5 138.6 93.6 196.8 80
2021003785 0.000 255.4 112.1 363.3 309.4 80
2021003785 0.000 119.1 143.0 232.5 281.2 80
2021003785 0.000 149.8 153.7 210.5 211.6 80
2021003785 0.000 293.1 118.3 480.6 230.7 80
2021003785 0.000 325.6 194.5 382.1 262.6 80
2021003785 0.000 0.7 20.0 51.8 94.1 80
2021003785 0.000 219.9 176.7 278.2 235.5 80
2021003785 0.000 48.8 19.0 377.9 228.3 80
2021003785 0.000 410.2 156.8 474.8 215.0 80
2021003785 0.000 205.3 105.0 317.1 249.4 80
2021003785 0.000 0.7 221.7 58.3 328.6 80
2021003785 0.000 180.1 197.3 238.1 264.5 80
2021003785 0.000 177.0 51.2 471.7 236.8 80
2021003785 0.000 49.5 97.5 281.8 229.4 80
2021003785 0.000 325.8 41.4 402.7 103.4 80
2021003785 0.000 101.1 43.9 244.3 277.4 80
2021003785 0.000 0.3 80.7 51.5 154.3 80
2021003785 0.000 206.3 143.0 267.2 201.4 80
2021003785 0.000 442.7 217.4 499.6 327.4 80
2021003785 0.000 15.1 12.8 486.3 174.5 80
2021003785 0.000 398.5 98.9 499.4 315.8 80
2021003785 0.000 1.5 5.5 282.2 329.9 80
2021003785 0.000 94.9 14.0 401.8 325.0 80
2021003785 0.000 262.6 37.4 424.1 278.3 80
2021003785 0.000 189.1 7.3 402.0 120.4 80
2021003785 0.000 1.1 21.4 146.5 322.8 80
2021003785 0.000 212.9 5.7 497.4 331.0 80
2021003785 0.000 160.6 175.5 349.3 326.9 80
2021003785 0.000 159.4 25.0 350.2 316.2 80
2021003785 0.000 357.7 16.7 501.3 319.9 80
2021003785 0.000 11.5 79.9 225.9 328.5 80
2021003785 0.000 280.6 212.4 336.4 294.2 80
2021003785 0.000 171.4 94.0 308.9 314.0 80
2021003785 0.000 132.8 69.1 366.0 324.4 80
2021003785 0.000 257.5 148.1 363.0 272.1 80
2021003785 0.000 5.0 248.1 130.5 332.4 80
2021003785 0.000 306.3 160.5 481.9 323.9 80
2021003785 0.000 54.0 226.7 278.3 330.9 80
2021003785 0.000 11.7 162.6 185.3 324.9 80
2021003785 0.000 3.3 1.2 410.3 331.1 80
2021003785 0.000 8.2 203.4 491.3 331.4 80
2021003785 0.000 4.9 57.7 361.3 327.9 80
2021003785 0.000 223.1 227.9 472.3 331.4 80
2021003785 0.000 72.1 57.1 444.5 284.5 80
2021003785 0.000 34.1 131.1 327.0 322.2 80
2021003785 0.000 85.7 1.0 494.7 331.0 80
2021003785 0.000 278.1 77.3 486.3 331.0 80
2021003785 0.000 162.7 118.0 345.4 204.8 80
2021003785 0.000 244.5 179.3 298.1 242.7 80
2021003785 0.000 168.6 134.4 451.1 322.0 80
2021003785 0.000 362.2 218.2 494.6 327.3 80
2021003785 0.000 44.5 53.9 117.2 121.5 80
2021003785 0.000 160.2 58.7 492.6 329.0 80
2021003785 0.000 134.9 91.5 359.6 260.9 80
2021003785 0.000 67.7 127.2 402.2 241.5 80
2021003785 0.000 22.5 38.2 474.5 321.3 80
2021003785 0.000 0.6 89.3 498.5 323.8 80
2021003785 0.000 0.8 0.8 499.6 332.2 80
2021003785 0.000 17.2 85.3 483.8 240.0 80
2021003785 0.000 2.5 21.1 497.4 273.2 80
2021003785 0.000 424.3 5.6 498.8 76.0 80
2021003785 0.000 17.2 85.3 483.8 240.0 0
2021003785 0.000 262.6 37.4 424.1 278.3 14
2021003785 0.000 171.4 94.0 308.9 314.0 14
2021003785 0.000 101.1 43.9 244.3 277.4 14
2021003785 0.000 159.4 25.0 350.2 316.2 14
2021003785 0.000 11.5 79.9 225.9 328.5 14
2021003785 0.000 278.1 77.3 486.3 331.0 14
2021003785 0.000 132.8 69.1 366.0 324.4 14
2021003785 0.000 154.2 268.6 238.2 328.2 80
