2021001696 0.750 125.0 164.4 213.8 331.4 14
2021001696 0.703 139.3 167.1 218.0 330.4 80
2021001696 0.697 318.9 7.4 451.2 331.0 14
2021001696 0.691 137.5 163.5 196.3 284.6 80
2021001696 0.691 139.2 167.3 209.5 283.9 80
2021001696 0.671 9.1 203.4 37.7 289.3 80
2021001696 0.663 265.8 137.8 320.7 222.5 80
2021001696 0.655 195.4 206.8 325.8 259.9 80
2021001696 0.653 433.6 138.0 488.1 246.8 80
2021001696 0.653 97.3 91.1 144.1 267.8 80
2021001696 0.651 117.8 108.5 154.6 255.0 80
2021001696 0.632 431.1 137.7 482.0 245.8 80
2021001696 0.622 466.3 303.4 499.7 332.3 80
2021001696 0.617 324.4 132.4 360.8 232.3 80
2021001696 0.617 438.7 155.6 469.0 226.5 80
2021001696 0.616 102.5 78.8 145.4 265.2 80
2021001696 0.608 32.3 213.9 48.4 241.3 80
2021001696 0.608 326.2 126.1 468.0 324.6 80
2021001696 0.601 137.1 164.4 192.7 246.1 80
2021001696 0.598 82.9 209.1 141.1 275.8 80
2021001696 0.595 432.8 140.4 485.0 246.4 8
2021001696 0.593 261.5 130.2 326.3 245.4 80
2021001696 0.593 320.9 73.6 455.2 317.1 80
2021001696 0.574 0.9 191.1 18.2 230.2 80
2021001696 0.572 494.5 134.2 500.3 227.9 80
2021001696 0.559 86.8 211.8 140.4 274.5 80
2021001696 0.551 112.0 181.5 221.9 329.4 80
2021001696 0.549 201.0 74.3 246.7 95.1 80
2021001696 0.539 87.2 210.8 138.8 276.5 80
2021001696 0.532 269.5 138.2 316.2 183.6 80
2021001696 0.531 202.4 75.1 247.8 95.0 80
2021001696 0.520 80.6 320.5 172.2 330.8 80
2021001696 0.505 125.0 306.7 225.3 330.5 80
2021001696 0.501 326.2 143.7 348.8 207.2 80
2021001696 0.499 1.3 208.2 58.0 327.4 80
2021001696 0.491 454.4 155.0 486.3 237.1 80
2021001696 0.449 -0.3 67.9 16.9 312.6 80
2021001696 0.436 151.8 185.0 204.8 235.2 80
2021001696 0.427 1.9 217.6 43.0 331.3 80
2021001696 0.422 498.0 151.1 500.2 278.7 80
2021001696 0.420 1.0 192.2 44.8 332.8 17
2021001696 0.365 321.6 7.2 450.0 314.0 80
2021001696 0.363 498.6 43.4 500.2 189.7 80
2021001696 0.352 1.0 85.4 4.5 216.7 80
2021001696 0.341 304.2 -2.3 462.0 323.4 80
2021001696 0.324 443.2 -14.8 497.5 314.4 80
2021001696 0.312 261.8 135.6 323.6 243.5 8
2021001696 0.300 261.8 135.6 323.6 243.5 80
2021001696 0.227 226.2 126.2 356.0 247.0 80
2021001696 0.214 324.4 64.2 476.7 315.9 80
2021001696 0.208 177.0 322.2 344.4 332.4 80
2021001696 0.206 -0.0 4.0 5.7 65.5 80
2021001696 0.198 1.0 192.2 44.8 332.8 80
2021001696 0.197 5.1 115.6 35.6 334.0 80
2021001696 0.189 1.3 208.2 58.0 327.4 17
2021001696 0.161 432.8 140.4 485.0 246.4 80
2021001696 0.155 286.1 193.9 478.0 335.1 80
2021001696 0.154 11.1 286.2 81.7 333.0 80
2021001696 0.152 292.0 133.3 471.5 312.6 80
2021001696 0.151 462.7 234.4 509.7 325.2 80
2021001696 0.150 201.0 74.3 246.7 95.1 15
2021001696 0.147 202.4 75.1 247.8 95.0 15
2021001696 0.146 479.8 -0.8 507.6 11.3 80
2021001696 0.145 339.1 85.9 437.8 248.4 80
2021001696 0.143 134.0 269.8 257.9 332.5 80
2021001696 0.142 87.2 210.8 138.8 276.5 15
2021001696 0.142 261.8 135.6 323.6 243.5 19
2021001696 0.139 170.5 313.1 314.4 331.2 80
2021001696 0.137 1.9 217.6 43.0 331.3 17
2021001696 0.134 337.1 316.3 445.1 334.2 80
2021001696 0.133 213.1 281.7 326.4 327.3 80
2021001696 0.133 204.3 173.7 429.6 301.6 80
2021001696 0.132 147.4 204.9 366.0 313.2 80
2021001696 0.129 261.9 313.1 378.0 331.7 80
2021001696 0.126 112.9 121.1 229.2 246.2 80
2021001696 0.126 55.9 86.2 172.4 254.1 80
2021001696 0.125 136.3 141.6 338.0 257.9 80
2021001696 0.125 16.0 85.7 142.4 247.1 80
2021001696 0.124 327.9 148.4 377.5 200.4 80
2021001696 0.124 1.0 192.2 44.8 332.8 8
2021001696 0.124 162.9 117.0 361.1 227.3 80
2021001696 0.123 143.2 165.4 366.3 259.1 80
2021001696 0.121 398.6 299.5 488.4 328.6 80
2021001696 0.121 139.6 149.6 195.3 205.8 80
2021001696 0.120 269.5 138.2 316.2 183.6 19
2021001696 0.120 211.0 167.3 332.0 230.7 80
2021001696 0.119 82.9 209.1 141.1 275.8 15
2021001696 0.118 209.8 168.1 272.1 220.9 80
2021001696 0.117 22.9 150.7 75.1 207.6 80
2021001696 0.117 326.3 111.2 445.0 251.6 80
2021001696 0.116 155.8 197.1 217.3 241.9 80
2021001696 0.114 317.4 77.4 454.9 186.4 80
2021001696 0.113 197.3 127.4 324.2 204.9 80
2021001696 0.112 45.1 70.4 209.6 144.4 80
2021001696 0.112 -50.0 45.4 121.2 103.6 80
2021001696 0.108 155.7 91.6 359.1 168.3 80
2021001696 0.107 86.8 211.8 140.4 274.5 15
2021001696 0.107 325.6 18.4 626.3 82.6 80
2021001696 0.105 -141.3 8.8 332.3 45.7 80
2021001696 0.104 80.9 6.5 522.4 58.0 80
2021001696 0.750 125.0 164.4 213.8 331.4 14
2021001696 0.703 139.3 167.1 218.0 330.4 80
2021001696 0.697 318.9 7.4 451.2 331.0 14
2021001696 0.691 137.5 163.5 196.3 284.6 80
2021001696 0.691 139.2 167.3 209.5 283.9 80
2021001696 0.671 9.1 203.4 37.7 289.3 80
2021001696 0.663 265.8 137.8 320.7 222.5 80
2021001696 0.655 195.4 206.8 325.8 259.9 80
2021001696 0.653 433.6 138.0 488.1 246.8 80
2021001696 0.653 97.3 91.1 144.1 267.8 80
2021001696 0.651 117.8 108.5 154.6 255.0 80
2021001696 0.632 431.1 137.7 482.0 245.8 80
2021001696 0.622 466.3 303.4 499.7 332.3 80
2021001696 0.617 324.4 132.4 360.8 232.3 80
2021001696 0.617 438.7 155.6 469.0 226.5 80
2021001696 0.616 102.5 78.8 145.4 265.2 80
2021001696 0.608 32.3 213.9 48.4 241.3 80
2021001696 0.608 326.2 126.1 468.0 324.6 80
2021001696 0.601 137.1 164.4 192.7 246.1 80
2021001696 0.598 82.9 209.1 141.1 275.8 80
2021001696 0.595 432.8 140.4 485.0 246.4 8
2021001696 0.593 261.5 130.2 326.3 245.4 80
2021001696 0.593 320.9 73.6 455.2 317.1 80
2021001696 0.574 0.9 191.1 18.2 230.2 80
2021001696 0.572 494.5 134.2 500.3 227.9 80
2021001696 0.559 86.8 211.8 140.4 274.5 80
2021001696 0.551 112.0 181.5 221.9 329.4 80
2021001696 0.549 201.0 74.3 246.7 95.1 80
2021001696 0.539 87.2 210.8 138.8 276.5 80
2021001696 0.532 269.5 138.2 316.2 183.6 80
2021001696 0.531 202.4 75.1 247.8 95.0 80
2021001696 0.520 80.6 320.5 172.2 330.8 80
2021001696 0.505 125.0 306.7 225.3 330.5 80
2021001696 0.501 326.2 143.7 348.8 207.2 80
2021001696 0.499 1.3 208.2 58.0 327.4 80
2021001696 0.491 454.4 155.0 486.3 237.1 80
2021001696 0.449 -0.3 67.9 16.9 312.6 80
2021001696 0.436 151.8 185.0 204.8 235.2 80
2021001696 0.427 1.9 217.6 43.0 331.3 80
2021001696 0.422 498.0 151.1 500.2 278.7 80
2021001696 0.420 1.0 192.2 44.8 332.8 17
2021001696 0.365 321.6 7.2 450.0 314.0 80
2021001696 0.363 498.6 43.4 500.2 189.7 80
2021001696 0.352 1.0 85.4 4.5 216.7 80
2021001696 0.341 304.2 -2.3 462.0 323.4 80
2021001696 0.324 443.2 -14.8 497.5 314.4 80
2021001696 0.312 261.8 135.6 323.6 243.5 8
2021001696 0.300 261.8 135.6 323.6 243.5 80
2021001696 0.227 226.2 126.2 356.0 247.0 80
2021001696 0.214 324.4 64.2 476.7 315.9 80
2021001696 0.208 177.0 322.2 344.4 332.4 80
2021001696 0.206 -0.0 4.0 5.7 65.5 80
2021001696 0.198 1.0 192.2 44.8 332.8 80
2021001696 0.197 5.1 115.6 35.6 334.0 80
2021001696 0.189 1.3 208.2 58.0 327.4 17
2021001696 0.161 432.8 140.4 485.0 246.4 80
2021001696 0.155 286.1 193.9 478.0 335.1 80
2021001696 0.154 11.1 286.2 81.7 333.0 80
2021001696 0.152 292.0 133.3 471.5 312.6 80
2021001696 0.151 462.7 234.4 509.7 325.2 80
2021001696 0.150 201.0 74.3 246.7 95.1 15
2021001696 0.147 202.4 75.1 247.8 95.0 15
2021001696 0.146 479.8 -0.8 507.6 11.3 80
2021001696 0.145 339.1 85.9 437.8 248.4 80
2021001696 0.143 134.0 269.8 257.9 332.5 80
2021001696 0.142 87.2 210.8 138.8 276.5 15
2021001696 0.142 261.8 135.6 323.6 243.5 19
2021001696 0.139 170.5 313.1 314.4 331.2 80
2021001696 0.137 1.9 217.6 43.0 331.3 17
2021001696 0.134 337.1 316.3 445.1 334.2 80
2021001696 0.133 213.1 281.7 326.4 327.3 80
2021001696 0.133 204.3 173.7 429.6 301.6 80
2021001696 0.132 147.4 204.9 366.0 313.2 80
2021001696 0.129 261.9 313.1 378.0 331.7 80
2021001696 0.126 112.9 121.1 229.2 246.2 80
2021001696 0.126 55.9 86.2 172.4 254.1 80
2021001696 0.125 136.3 141.6 338.0 257.9 80
2021001696 0.125 16.0 85.7 142.4 247.1 80
2021001696 0.124 327.9 148.4 377.5 200.4 80
2021001696 0.124 1.0 192.2 44.8 332.8 8
2021001696 0.124 162.9 117.0 361.1 227.3 80
2021001696 0.123 143.2 165.4 366.3 259.1 80
2021001696 0.121 398.6 299.5 488.4 328.6 80
2021001696 0.121 139.6 149.6 195.3 205.8 80
2021001696 0.120 269.5 138.2 316.2 183.6 19
2021001696 0.120 211.0 167.3 332.0 230.7 80
2021001696 0.119 82.9 209.1 141.1 275.8 15
2021001696 0.118 209.8 168.1 272.1 220.9 80
2021001696 0.117 22.9 150.7 75.1 207.6 80
2021001696 0.117 326.3 111.2 445.0 251.6 80
2021001696 0.116 155.8 197.1 217.3 241.9 80
2021001696 0.114 317.4 77.4 454.9 186.4 80
2021001696 0.113 197.3 127.4 324.2 204.9 80
2021001696 0.112 45.1 70.4 209.6 144.4 80
2021001696 0.112 -50.0 45.4 121.2 103.6 80
2021001696 0.108 155.7 91.6 359.1 168.3 80
2021001696 0.107 86.8 211.8 140.4 274.5 15
2021001696 0.107 325.6 18.4 626.3 82.6 80
2021001696 0.105 -141.3 8.8 332.3 45.7 80
2021001696 0.104 80.9 6.5 522.4 58.0 80
2021001696 0.000 0.8 39.4 103.7 218.6 80
2021001696 0.000 245.1 64.2 370.2 201.9 80
2021001696 0.000 203.1 44.1 266.1 106.0 80
2021001696 0.000 256.6 122.9 316.4 181.8 80
2021001696 0.000 372.7 96.7 484.8 237.3 80
2021001696 0.000 45.9 192.4 106.8 255.3 80
2021001696 0.000 83.8 105.1 144.8 166.6 80
2021001696 0.000 133.1 93.0 218.1 192.8 80
2021001696 0.000 390.5 85.2 458.7 144.3 80
2021001696 0.000 453.6 113.7 499.6 186.4 80
2021001696 0.000 213.4 101.1 273.6 160.1 80
2021001696 0.000 141.4 72.8 202.4 135.7 80
2021001696 0.000 22.0 26.2 202.7 172.9 80
2021001696 0.000 325.8 10.4 494.5 169.4 80
2021001696 0.000 1.5 178.0 48.0 251.5 80
2021001696 0.000 162.0 28.9 299.4 186.9 80
2021001696 0.000 349.9 129.6 409.9 187.8 80
2021001696 0.000 219.9 212.1 281.0 297.9 80
2021001696 0.000 90.6 166.7 149.2 225.3 80
2021001696 0.000 314.7 90.1 375.2 149.0 80
2021001696 0.000 357.4 175.7 415.0 234.9 80
2021001696 0.000 32.4 112.4 167.8 244.2 80
2021001696 0.000 1.0 133.9 47.1 206.9 80
2021001696 0.000 453.4 170.3 499.7 243.1 80
2021001696 0.000 0.5 111.3 102.1 315.9 80
2021001696 0.000 449.1 47.9 499.7 135.4 80
2021001696 0.000 259.7 2.5 324.6 65.4 80
2021001696 0.000 137.6 192.9 201.5 257.0 80
2021001696 0.000 298.6 151.7 359.4 209.3 80
2021001696 0.000 28.5 137.8 93.6 195.6 80
2021001696 0.000 255.4 111.4 363.3 307.6 80
2021001696 0.000 119.1 142.2 232.5 279.5 80
2021001696 0.000 149.8 152.8 210.5 210.4 80
2021001696 0.000 293.1 117.6 480.6 229.3 80
2021001696 0.000 325.6 193.4 382.1 261.0 80
2021001696 0.000 0.7 19.8 51.8 93.6 80
2021001696 0.000 219.9 175.7 278.2 234.1 80
2021001696 0.000 48.8 18.9 377.9 226.9 80
2021001696 0.000 410.2 155.9 474.8 213.7 80
2021001696 0.000 205.3 104.4 317.1 247.9 80
2021001696 0.000 0.7 220.4 58.3 326.6 80
2021001696 0.000 180.1 196.2 238.1 262.9 80
2021001696 0.000 177.0 50.9 471.7 235.4 80
2021001696 0.000 49.5 96.9 281.8 228.0 80
2021001696 0.000 325.8 41.2 402.7 102.8 80
2021001696 0.000 101.1 43.7 244.3 275.7 80
2021001696 0.000 0.3 80.2 51.5 153.3 80
2021001696 0.000 206.3 142.1 267.2 200.2 80
2021001696 0.000 442.7 216.1 499.6 325.5 80
2021001696 0.000 15.1 12.7 486.3 173.4 80
2021001696 0.000 398.5 98.3 499.4 313.9 80
2021001696 0.000 1.5 5.5 282.2 327.9 80
2021001696 0.000 94.9 13.9 401.8 323.0 80
2021001696 0.000 262.6 37.2 424.1 276.6 80
2021001696 0.000 189.1 7.2 402.0 119.7 80
2021001696 0.000 1.1 21.3 146.5 320.9 80
2021001696 0.000 212.9 5.6 497.4 329.0 80
2021001696 0.000 160.6 174.5 349.3 324.9 80
2021001696 0.000 159.4 24.8 350.2 314.3 80
2021001696 0.000 357.7 16.6 501.3 318.0 80
2021001696 0.000 11.5 79.4 225.9 326.5 80
2021001696 0.000 280.6 211.1 336.4 292.4 80
2021001696 0.000 171.4 93.4 308.9 312.2 80
2021001696 0.000 132.8 68.7 366.0 322.5 80
2021001696 0.000 257.5 147.2 363.0 270.5 80
2021001696 0.000 5.0 246.6 130.5 330.4 80
2021001696 0.000 306.3 159.6 481.9 322.0 80
2021001696 0.000 54.0 225.3 278.3 328.9 80
2021001696 0.000 11.7 161.7 185.3 322.9 80
2021001696 0.000 3.3 1.2 410.3 329.1 80
2021001696 0.000 8.2 202.2 491.3 329.4 80
2021001696 0.000 4.9 57.4 361.3 325.9 80
2021001696 0.000 223.1 226.5 472.3 329.4 80
2021001696 0.000 72.1 56.8 444.5 282.8 80
2021001696 0.000 34.1 130.3 327.0 320.3 80
2021001696 0.000 85.7 1.0 494.7 329.0 80
2021001696 0.000 278.1 76.8 486.3 329.0 80
2021001696 0.000 162.7 117.3 345.4 203.6 80
2021001696 0.000 244.5 178.3 298.1 241.2 80
2021001696 0.000 168.6 133.5 451.1 320.1 80
2021001696 0.000 362.2 216.9 494.6 325.4 80
2021001696 0.000 44.5 53.6 117.2 120.8 80
2021001696 0.000 160.2 58.4 492.6 327.1 80
2021001696 0.000 134.9 91.0 359.6 259.3 80
2021001696 0.000 67.7 126.5 402.2 240.0 80
2021001696 0.000 22.5 38.0 474.5 319.4 80
2021001696 0.000 0.6 88.8 498.5 321.8 80
2021001696 0.000 0.8 0.8 499.6 330.2 80
2021001696 0.000 17.2 84.7 483.8 238.6 80
2021001696 0.000 2.5 20.9 497.4 271.6 80
2021001696 0.000 424.3 5.5 498.8 75.5 80
2021001696 0.000 17.2 84.7 483.8 238.6 0
2021001696 0.000 262.6 37.2 424.1 276.6 14
2021001696 0.000 171.4 93.4 308.9 312.2 14
2021001696 0.000 101.1 43.7 244.3 275.7 14
2021001696 0.000 159.4 24.8 350.2 314.3 14
2021001696 0.000 11.5 79.4 225.9 326.5 14
2021001696 0.000 278.1 76.8 486.3 329.0 14
2021001696 0.000 132.8 68.7 366.0 322.5 14
2021001696 0.000 154.2 267.0 238.2 326.3 80
