2021007628 0.729 58.4 237.3 248.2 373.7 80
2021007628 0.685 71.9 2.3 504.8 375.8 14
2021007628 0.680 61.3 240.5 248.9 378.6 80
2021007628 0.665 462.3 340.4 499.4 375.3 80
2021007628 0.659 61.5 13.5 498.8 314.4 80
2021007628 0.639 207.8 -0.7 502.2 373.1 80
2021007628 0.635 162.2 1.1 504.1 374.9 80
2021007628 0.629 19.2 312.7 145.9 370.7 80
2021007628 0.627 85.5 1.3 502.3 374.9 80
2021007628 0.625 60.9 301.8 101.5 358.6 80
2021007628 0.611 -0.1 283.2 498.9 375.9 80
2021007628 0.591 1.3 1.8 499.8 375.4 80
2021007628 0.587 4.3 264.2 63.0 361.9 80
2021007628 0.569 30.6 60.0 496.4 369.2 80
2021007628 0.547 -2.5 -2.8 212.9 371.2 80
2021007628 0.529 22.3 281.0 76.8 366.9 80
2021007628 0.528 496.2 143.8 500.2 281.8 80
2021007628 0.500 47.1 88.9 287.5 373.9 80
2021007628 0.472 28.0 300.0 69.9 376.3 80
2021007628 0.472 497.9 225.6 500.2 321.0 80
2021007628 0.465 2.8 353.7 501.5 376.2 80
2021007628 0.444 0.9 293.2 59.0 375.7 80
2021007628 0.416 19.9 304.5 72.5 376.8 80
2021007628 0.391 498.8 51.1 500.2 163.9 80
2021007628 0.370 18.7 300.7 74.3 378.0 80
2021007628 0.333 -0.5 -5.8 129.9 368.1 80
2021007628 0.309 -1.3 3.6 35.6 376.6 80
2021007628 0.304 498.0 10.5 500.3 291.9 80
2021007628 0.296 498.2 56.5 500.2 346.4 80
2021007628 0.277 1.1 54.5 3.1 161.8 80
2021007628 0.265 0.8 118.8 3.2 272.3 80
2021007628 0.261 57.8 190.8 472.1 364.1 80
2021007628 0.259 308.8 16.4 483.5 373.4 80
2021007628 0.255 18.7 300.7 74.3 378.0 8
2021007628 0.252 19.9 304.5 72.5 376.8 8
2021007628 0.234 0.7 3.6 4.3 80.5 80
2021007628 0.233 456.0 29.4 500.7 382.1 80
2021007628 0.224 1.1 -0.0 5.9 267.0 80
2021007628 0.209 0.9 293.2 59.0 375.7 10
2021007628 0.207 28.0 300.0 69.9 376.3 8
2021007628 0.205 488.5 263.8 504.0 368.5 80
2021007628 0.187 56.0 44.2 337.4 352.4 80
2021007628 0.174 45.5 26.6 269.0 354.5 80
2021007628 0.170 16.8 10.3 215.1 359.8 80
2021007628 0.169 17.6 85.3 171.5 280.0 80
2021007628 0.163 263.6 333.7 445.8 375.1 80
2021007628 0.163 43.5 40.7 348.7 331.7 80
2021007628 0.161 433.8 10.7 530.4 384.2 80
2021007628 0.159 231.5 85.8 506.3 334.7 80
2021007628 0.152 97.3 319.4 332.5 376.9 80
2021007628 0.144 180.2 335.9 359.6 372.1 80
2021007628 0.144 303.6 186.6 517.5 362.7 80
2021007628 0.142 92.5 106.4 474.5 320.3 80
2021007628 0.141 156.8 96.0 501.7 315.1 80
2021007628 0.140 197.0 174.1 502.6 337.7 80
2021007628 0.140 144.2 185.1 477.4 344.2 80
2021007628 0.139 11.0 85.2 185.9 350.7 80
2021007628 0.137 330.5 360.7 449.7 378.0 80
2021007628 0.137 73.5 66.6 450.3 311.4 80
2021007628 0.136 93.6 354.3 237.7 377.8 80
2021007628 0.135 106.7 65.0 494.0 309.1 80
2021007628 0.134 92.7 182.9 422.3 340.9 80
2021007628 0.133 55.8 179.1 363.2 334.2 80
2021007628 0.132 9.9 172.9 268.9 339.7 80
2021007628 0.131 72.6 118.6 420.6 317.4 80
2021007628 0.129 75.8 -0.8 574.8 10.3 80
2021007628 0.128 394.2 347.1 496.2 373.3 80
2021007628 0.126 148.5 216.5 234.4 295.6 80
2021007628 0.126 200.3 212.8 310.4 291.2 80
2021007628 0.125 95.0 202.6 188.8 285.0 80
2021007628 0.125 253.8 355.8 383.9 375.3 80
2021007628 0.125 30.4 8.3 521.6 155.4 80
2021007628 0.121 275.4 46.9 565.2 355.9 80
2021007628 0.121 181.0 119.6 478.5 329.3 80
2021007628 0.120 19.2 150.1 96.5 257.0 80
2021007628 0.119 188.4 199.1 362.3 283.3 80
2021007628 0.118 141.0 132.2 385.0 233.3 80
2021007628 0.117 99.8 125.4 333.3 218.6 80
2021007628 0.116 33.4 106.1 286.0 193.8 80
2021007628 0.116 130.5 155.1 328.9 304.5 80
2021007628 0.116 4.4 89.1 230.3 184.2 80
2021007628 0.115 195.6 112.4 511.8 271.0 80
2021007628 0.114 107.7 110.8 486.5 251.0 80
2021007628 0.113 -42.3 35.3 102.6 97.6 80
2021007628 0.113 -57.8 64.2 236.8 170.0 80
2021007628 0.112 145.0 65.9 529.5 188.9 80
2021007628 0.106 167.9 66.5 613.4 214.7 80
2021007628 0.104 231.5 44.7 661.2 199.6 80
2021007628 0.103 268.7 15.3 675.0 107.7 80
2021007628 0.103 141.9 10.5 631.5 100.8 80
2021007628 0.100 188.4 4.9 680.8 62.0 80
2021007628 0.100 19.9 304.5 72.5 376.8 10
2021007628 0.098 -43.6 -2.2 455.4 34.1 80
2021007628 0.097 18.7 300.7 74.3 378.0 10
2021007628 0.095 3.6 -0.7 502.6 29.9 80
2021007628 0.095 157.2 0.0 656.2 19.5 80
2021007628 0.094 76.1 -3.2 575.1 28.6 80
2021007628 0.094 -208.5 -1.6 272.9 20.7 80
2021007628 0.092 -37.9 -1.2 461.1 21.8 80
2021007628 0.092 21.7 -1.0 520.7 21.7 80
2021007628 0.729 58.4 237.3 248.2 373.7 80
2021007628 0.685 71.9 2.3 504.8 375.8 14
2021007628 0.680 61.3 240.5 248.9 378.6 80
2021007628 0.665 462.3 340.4 499.4 375.3 80
2021007628 0.659 61.5 13.5 498.8 314.4 80
2021007628 0.639 207.8 -0.7 502.2 373.1 80
2021007628 0.635 162.2 1.1 504.1 374.9 80
2021007628 0.629 19.2 312.7 145.9 370.7 80
2021007628 0.627 85.5 1.3 502.3 374.9 80
2021007628 0.625 60.9 301.8 101.5 358.6 80
2021007628 0.611 -0.1 283.2 498.9 375.9 80
2021007628 0.591 1.3 1.8 499.8 375.4 80
2021007628 0.587 4.3 264.2 63.0 361.9 80
2021007628 0.569 30.6 60.0 496.4 369.2 80
2021007628 0.547 -2.5 -2.8 212.9 371.2 80
2021007628 0.529 22.3 281.0 76.8 366.9 80
2021007628 0.528 496.2 143.8 500.2 281.8 80
2021007628 0.500 47.1 88.9 287.5 373.9 80
2021007628 0.472 28.0 300.0 69.9 376.3 80
2021007628 0.472 497.9 225.6 500.2 321.0 80
2021007628 0.465 2.8 353.7 501.5 376.2 80
2021007628 0.444 0.9 293.2 59.0 375.7 80
2021007628 0.416 19.9 304.5 72.5 376.8 80
2021007628 0.391 498.8 51.1 500.2 163.9 80
2021007628 0.370 18.7 300.7 74.3 378.0 80
2021007628 0.333 -0.5 -5.8 129.9 368.1 80
2021007628 0.309 -1.3 3.6 35.6 376.6 80
2021007628 0.304 498.0 10.5 500.3 291.9 80
2021007628 0.296 498.2 56.5 500.2 346.4 80
2021007628 0.277 1.1 54.5 3.1 161.8 80
2021007628 0.265 0.8 118.8 3.2 272.3 80
2021007628 0.261 57.8 190.8 472.1 364.1 80
2021007628 0.259 308.8 16.4 483.5 373.4 80
2021007628 0.255 18.7 300.7 74.3 378.0 8
2021007628 0.252 19.9 304.5 72.5 376.8 8
2021007628 0.234 0.7 3.6 4.3 80.5 80
2021007628 0.233 456.0 29.4 500.7 382.1 80
2021007628 0.224 1.1 -0.0 5.9 267.0 80
2021007628 0.209 0.9 293.2 59.0 375.7 10
2021007628 0.207 28.0 300.0 69.9 376.3 8
2021007628 0.205 488.5 263.8 504.0 368.5 80
2021007628 0.187 56.0 44.2 337.4 352.4 80
2021007628 0.174 45.5 26.6 269.0 354.5 80
2021007628 0.170 16.8 10.3 215.1 359.8 80
2021007628 0.169 17.6 85.3 171.5 280.0 80
2021007628 0.163 263.6 333.7 445.8 375.1 80
2021007628 0.163 43.5 40.7 348.7 331.7 80
2021007628 0.161 433.8 10.7 530.4 384.2 80
2021007628 0.159 231.5 85.8 506.3 334.7 80
2021007628 0.152 97.3 319.4 332.5 376.9 80
2021007628 0.144 180.2 335.9 359.6 372.1 80
2021007628 0.144 303.6 186.6 517.5 362.7 80
2021007628 0.142 92.5 106.4 474.5 320.3 80
2021007628 0.141 156.8 96.0 501.7 315.1 80
2021007628 0.140 197.0 174.1 502.6 337.7 80
2021007628 0.140 144.2 185.1 477.4 344.2 80
2021007628 0.139 11.0 85.2 185.9 350.7 80
2021007628 0.137 330.5 360.7 449.7 378.0 80
2021007628 0.137 73.5 66.6 450.3 311.4 80
2021007628 0.136 93.6 354.3 237.7 377.8 80
2021007628 0.135 106.7 65.0 494.0 309.1 80
2021007628 0.134 92.7 182.9 422.3 340.9 80
2021007628 0.133 55.8 179.1 363.2 334.2 80
2021007628 0.132 9.9 172.9 268.9 339.7 80
2021007628 0.131 72.6 118.6 420.6 317.4 80
2021007628 0.129 75.8 -0.8 574.8 10.3 80
2021007628 0.128 394.2 347.1 496.2 373.3 80
2021007628 0.126 148.5 216.5 234.4 295.6 80
2021007628 0.126 200.3 212.8 310.4 291.2 80
2021007628 0.125 95.0 202.6 188.8 285.0 80
2021007628 0.125 253.8 355.8 383.9 375.3 80
2021007628 0.125 30.4 8.3 521.6 155.4 80
2021007628 0.121 275.4 46.9 565.2 355.9 80
2021007628 0.121 181.0 119.6 478.5 329.3 80
2021007628 0.120 19.2 150.1 96.5 257.0 80
2021007628 0.119 188.4 199.1 362.3 283.3 80
2021007628 0.118 141.0 132.2 385.0 233.3 80
2021007628 0.117 99.8 125.4 333.3 218.6 80
2021007628 0.116 33.4 106.1 286.0 193.8 80
2021007628 0.116 130.5 155.1 328.9 304.5 80
2021007628 0.116 4.4 89.1 230.3 184.2 80
2021007628 0.115 195.6 112.4 511.8 271.0 80
2021007628 0.114 107.7 110.8 486.5 251.0 80
2021007628 0.113 -42.3 35.3 102.6 97.6 80
2021007628 0.113 -57.8 64.2 236.8 170.0 80
2021007628 0.112 145.0 65.9 529.5 188.9 80
2021007628 0.106 167.9 66.5 613.4 214.7 80
2021007628 0.104 231.5 44.7 661.2 199.6 80
2021007628 0.103 268.7 15.3 675.0 107.7 80
2021007628 0.103 141.9 10.5 631.5 100.8 80
2021007628 0.100 188.4 4.9 680.8 62.0 80
2021007628 0.100 19.9 304.5 72.5 376.8 10
2021007628 0.098 -43.6 -2.2 455.4 34.1 80
2021007628 0.097 18.7 300.7 74.3 378.0 10
2021007628 0.095 3.6 -0.7 502.6 29.9 80
2021007628 0.095 157.2 0.0 656.2 19.5 80
2021007628 0.094 76.1 -3.2 575.1 28.6 80
2021007628 0.094 -208.5 -1.6 272.9 20.7 80
2021007628 0.092 -37.9 -1.2 461.1 21.8 80
2021007628 0.092 21.7 -1.0 520.7 21.7 80
2021007628 0.000 242.0 73.2 372.7 227.7 80
2021007628 0.000 0.9 43.1 103.5 247.8 80
2021007628 0.000 143.7 135.9 210.3 202.4 80
2021007628 0.000 211.4 111.8 275.3 178.0 80
2021007628 0.000 371.0 109.2 486.3 268.7 80
2021007628 0.000 255.8 137.9 317.1 204.5 80
2021007628 0.000 156.6 31.4 304.0 211.6 80
2021007628 0.000 45.5 217.8 107.4 288.9 80
2021007628 0.000 136.3 82.3 207.6 151.5 80
2021007628 0.000 81.5 117.6 146.9 186.5 80
2021007628 0.000 197.9 51.8 272.4 119.8 80
2021007628 0.000 453.6 128.4 499.6 211.2 80
2021007628 0.000 387.8 97.3 461.7 164.2 80
2021007628 0.000 348.6 145.3 411.0 211.1 80
2021007628 0.000 136.9 218.3 201.8 292.7 80
2021007628 0.000 19.5 26.1 206.5 194.8 80
2021007628 0.000 1.5 201.3 48.0 285.0 80
2021007628 0.000 297.9 170.7 359.9 236.2 80
2021007628 0.000 453.4 192.9 499.6 275.6 80
2021007628 0.000 356.3 197.7 415.7 265.7 80
2021007628 0.000 313.5 100.9 376.2 167.7 80
2021007628 0.000 323.9 8.3 496.6 191.8 80
2021007628 0.000 287.5 132.8 485.8 257.7 80
2021007628 0.000 205.6 160.1 267.3 225.4 80
2021007628 0.000 0.9 125.8 102.1 357.9 80
2021007628 0.000 33.3 127.4 166.8 276.8 80
2021007628 0.000 1.0 151.5 47.1 234.6 80
2021007628 0.000 89.9 187.8 149.8 253.9 80
2021007628 0.000 449.0 54.1 499.7 153.4 80
2021007628 0.000 117.9 161.9 233.2 316.5 80
2021007628 0.000 218.0 251.8 286.7 331.9 80
2021007628 0.000 149.3 172.2 210.8 237.6 80
2021007628 0.000 410.1 176.6 474.8 242.3 80
2021007628 0.000 27.0 155.1 94.9 220.9 80
2021007628 0.000 323.9 218.2 384.1 295.1 80
2021007628 0.000 202.7 116.7 319.1 275.9 80
2021007628 0.000 177.6 56.6 471.2 267.4 80
2021007628 0.000 252.3 124.0 366.8 347.9 80
2021007628 0.000 0.5 90.4 51.3 173.8 80
2021007628 0.000 0.7 22.0 51.8 106.0 80
2021007628 0.000 46.4 108.1 284.6 258.9 80
2021007628 0.000 101.1 50.5 245.1 317.1 80
2021007628 0.000 255.5 3.7 329.5 73.3 80
2021007628 0.000 322.9 47.5 406.2 116.3 80
2021007628 0.000 43.3 21.4 383.8 258.4 80
2021007628 0.000 0.6 249.6 58.3 369.8 80
2021007628 0.000 178.6 220.3 238.0 300.5 80
2021007628 0.000 442.7 245.1 499.6 368.5 80
2021007628 0.000 398.6 113.5 499.6 355.5 80
2021007628 0.000 10.6 10.6 491.5 199.6 80
2021007628 0.000 258.6 42.4 428.2 311.1 80
2021007628 0.000 90.0 16.9 408.1 364.6 80
2021007628 0.000 256.1 169.2 365.6 301.9 80
2021007628 0.000 -2.4 5.4 286.1 371.6 80
2021007628 0.000 8.1 89.0 229.6 370.1 80
2021007628 0.000 0.7 22.9 146.6 363.6 80
2021007628 0.000 213.1 6.1 497.0 372.7 80
2021007628 0.000 131.2 78.4 368.1 365.5 80
2021007628 0.000 156.2 201.7 351.1 369.4 80
2021007628 0.000 170.3 106.4 310.3 353.3 80
2021007628 0.000 153.4 21.0 355.4 360.9 80
2021007628 0.000 357.6 18.1 500.9 361.1 80
2021007628 0.000 68.8 68.1 447.4 321.4 80
2021007628 0.000 177.0 8.2 417.9 127.1 80
2021007628 0.000 43.6 254.9 289.5 373.6 80
2021007628 0.000 2.3 68.4 366.1 369.3 80
2021007628 0.000 5.1 279.1 130.5 374.3 80
2021007628 0.000 12.0 183.0 185.2 365.8 80
2021007628 0.000 305.3 180.1 482.3 365.0 80
2021007628 0.000 220.0 199.0 278.3 264.7 80
2021007628 0.000 24.3 146.3 338.1 364.6 80
2021007628 0.000 2.5 1.3 412.8 373.0 80
2021007628 0.000 150.8 131.3 355.6 228.6 80
2021007628 0.000 274.3 86.1 490.6 373.1 80
2021007628 0.000 3.0 228.5 496.0 374.4 80
2021007628 0.000 220.7 257.3 474.7 373.5 80
2021007628 0.000 84.5 1.1 496.2 372.9 80
2021007628 0.000 158.6 67.8 495.0 371.2 80
2021007628 0.000 157.9 150.5 463.3 364.9 80
2021007628 0.000 362.6 245.1 494.3 368.9 80
2021007628 0.000 44.4 60.6 117.3 136.8 80
2021007628 0.000 129.9 101.9 365.9 294.0 80
2021007628 0.000 22.3 43.4 477.5 366.6 80
2021007628 0.000 60.2 142.4 409.5 272.0 80
2021007628 0.000 0.4 100.8 499.0 366.5 80
2021007628 0.000 244.0 202.0 298.7 273.9 80
2021007628 0.000 12.6 94.7 489.8 271.8 80
2021007628 0.000 0.8 0.3 499.7 373.9 80
2021007628 0.000 1.3 18.3 498.9 309.8 80
2021007628 0.000 286.3 250.3 340.8 319.0 80
2021007628 0.000 424.2 6.2 498.9 85.7 80
2021007628 0.000 12.6 94.7 489.8 271.8 0
2021007628 0.000 0.8 0.3 499.7 373.9 7
2021007628 0.000 8.1 89.0 229.6 370.1 14
2021007628 0.000 258.6 42.4 428.2 311.1 14
2021007628 0.000 101.1 50.5 245.1 317.1 14
2021007628 0.000 170.3 106.4 310.3 353.3 14
2021007628 0.000 274.3 86.1 490.6 373.1 14
2021007628 0.000 153.4 21.0 355.4 360.9 14
2021007628 0.000 213.1 6.1 497.0 372.7 14
