2021007766 0.790 192.6 35.1 310.1 200.5 14
2021007766 0.736 6.2 128.0 181.1 353.0 80
2021007766 0.729 2.1 149.3 129.6 356.9 80
2021007766 0.726 182.7 105.8 305.7 196.2 80
2021007766 0.717 326.2 107.0 406.6 192.3 80
2021007766 0.715 2.4 156.0 170.0 355.7 80
2021007766 0.714 171.6 95.7 359.2 200.1 80
2021007766 0.701 237.7 104.4 408.3 280.6 80
2021007766 0.696 259.1 99.0 409.4 190.2 80
2021007766 0.695 189.4 113.4 254.9 189.3 80
2021007766 0.695 2.5 115.0 152.6 346.4 80
2021007766 0.679 185.4 103.9 401.2 205.3 80
2021007766 0.668 25.2 100.6 409.8 317.8 12
2021007766 0.661 449.1 339.3 478.9 373.6 80
2021007766 0.657 299.9 118.5 409.5 263.9 80
2021007766 0.655 82.9 90.4 389.5 216.9 80
2021007766 0.651 211.7 42.0 307.5 130.4 80
2021007766 0.640 193.2 40.8 310.6 195.7 80
2021007766 0.624 0.9 96.0 14.0 249.7 80
2021007766 0.605 223.2 122.2 407.9 199.0 80
2021007766 0.591 1.1 158.6 19.1 289.4 80
2021007766 0.582 1.7 122.2 16.1 273.2 80
2021007766 0.575 475.7 156.3 480.0 248.6 80
2021007766 0.555 0.6 141.4 15.4 354.0 80
2021007766 0.549 78.0 108.0 417.2 283.3 80
2021007766 0.547 0.7 142.8 18.1 347.2 80
2021007766 0.530 477.3 73.3 480.3 159.2 80
2021007766 0.493 477.6 211.1 480.2 319.6 80
2021007766 0.486 44.1 100.0 408.6 289.8 80
2021007766 0.476 37.9 99.5 413.7 291.8 80
2021007766 0.461 16.5 113.4 419.7 320.2 80
2021007766 0.439 14.5 99.7 398.3 305.6 80
2021007766 0.371 32.1 113.7 408.6 302.3 80
2021007766 0.361 1.0 24.7 4.4 128.0 80
2021007766 0.344 477.9 67.4 480.3 223.0 80
2021007766 0.324 -0.8 111.7 19.6 373.5 80
2021007766 0.293 17.3 112.8 399.7 298.3 80
2021007766 0.288 -2.9 18.0 25.9 361.0 80
2021007766 0.273 478.5 101.8 480.3 315.0 80
2021007766 0.224 30.5 117.2 438.1 275.2 80
2021007766 0.222 2.6 118.7 293.3 308.4 80
2021007766 0.194 227.9 147.5 280.3 217.4 80
2021007766 0.186 122.8 142.7 390.0 306.3 80
2021007766 0.183 -0.5 272.2 15.4 389.1 80
2021007766 0.181 459.9 84.0 480.3 364.4 80
2021007766 0.166 458.5 293.4 487.2 366.3 80
2021007766 0.162 79.9 139.1 415.9 297.4 80
2021007766 0.155 155.1 220.6 194.7 250.3 80
2021007766 0.148 340.2 188.5 476.3 371.0 80
2021007766 0.146 45.9 278.1 228.5 379.6 80
2021007766 0.141 112.2 225.2 183.0 270.6 80
2021007766 0.139 23.5 170.2 367.4 313.4 80
2021007766 0.139 156.4 230.3 254.1 278.2 80
2021007766 0.139 125.3 241.2 256.1 324.4 80
2021007766 0.137 99.1 214.5 381.5 346.1 80
2021007766 0.137 105.6 191.2 140.2 222.1 80
2021007766 0.136 463.5 148.2 483.5 322.2 80
2021007766 0.136 135.9 314.2 266.0 369.8 80
2021007766 0.136 2.5 148.8 326.9 297.2 80
2021007766 0.135 19.9 196.6 319.3 340.5 80
2021007766 0.135 95.4 153.7 415.7 280.2 80
2021007766 0.135 69.5 216.2 132.1 261.8 80
2021007766 0.134 296.9 327.6 405.8 370.2 80
2021007766 0.133 3.3 165.5 267.1 320.2 80
2021007766 0.133 97.8 191.0 379.8 318.2 80
2021007766 0.132 170.3 357.4 305.0 376.2 80
2021007766 0.132 326.9 144.2 479.4 319.4 80
2021007766 0.132 328.6 355.8 435.6 377.1 80
2021007766 0.132 285.8 185.4 405.9 281.2 80
2021007766 0.131 16.6 325.8 89.8 374.9 80
2021007766 0.130 179.6 205.4 415.6 329.6 80
2021007766 0.130 232.5 188.3 442.3 329.7 80
2021007766 0.130 77.7 252.4 167.1 313.4 80
2021007766 0.130 203.0 322.5 314.9 367.9 80
2021007766 0.126 163.8 348.8 293.0 372.9 80
2021007766 0.126 390.2 342.4 474.5 371.3 80
2021007766 0.124 -1.8 59.6 36.1 126.3 80
2021007766 0.122 49.0 354.0 150.4 376.6 80
2021007766 0.120 255.9 346.8 360.3 374.2 80
2021007766 0.120 218.9 214.8 364.8 305.3 80
2021007766 0.119 112.6 349.4 216.5 375.9 80
2021007766 0.117 18.5 182.9 98.1 248.4 80
2021007766 0.116 311.6 121.7 425.8 173.9 80
2021007766 0.112 307.6 166.3 532.3 255.5 80
2021007766 0.107 25.2 100.6 409.8 317.8 80
2021007766 0.106 -101.3 29.2 282.6 87.7 80
2021007766 0.106 -3.1 15.1 394.4 88.2 80
2021007766 0.105 255.4 11.6 605.6 52.0 80
2021007766 0.104 297.4 69.2 589.2 147.0 80
2021007766 0.099 31.9 -8.8 510.9 22.1 80
2021007766 0.099 -21.3 -2.9 76.5 20.2 80
2021007766 0.098 1.1 158.6 19.1 289.4 12
2021007766 0.098 123.0 -2.9 601.9 25.2 80
2021007766 0.097 259.9 9.4 665.8 40.8 80
2021007766 0.095 302.9 0.0 636.7 22.2 80
2021007766 0.094 -177.3 0.0 301.5 23.6 80
2021007766 0.093 -133.5 -1.2 345.0 23.0 80
2021007766 0.093 -86.6 -1.4 392.3 22.6 80
2021007766 0.093 151.3 -0.7 630.3 20.6 80
2021007766 0.092 -36.7 -2.3 442.2 21.6 80
2021007766 0.790 192.6 35.1 310.1 200.5 14
2021007766 0.736 6.2 128.0 181.1 353.0 80
2021007766 0.729 2.1 149.3 129.6 356.9 80
2021007766 0.726 182.7 105.8 305.7 196.2 80
2021007766 0.717 326.2 107.0 406.6 192.3 80
2021007766 0.715 2.4 156.0 170.0 355.7 80
2021007766 0.714 171.6 95.7 359.2 200.1 80
2021007766 0.701 237.7 104.4 408.3 280.6 80
2021007766 0.696 259.1 99.0 409.4 190.2 80
2021007766 0.695 189.4 113.4 254.9 189.3 80
2021007766 0.695 2.5 115.0 152.6 346.4 80
2021007766 0.679 185.4 103.9 401.2 205.3 80
2021007766 0.668 25.2 100.6 409.8 317.8 12
2021007766 0.661 449.1 339.3 478.9 373.6 80
2021007766 0.657 299.9 118.5 409.5 263.9 80
2021007766 0.655 82.9 90.4 389.5 216.9 80
2021007766 0.651 211.7 42.0 307.5 130.4 80
2021007766 0.640 193.2 40.8 310.6 195.7 80
2021007766 0.624 0.9 96.0 14.0 249.7 80
2021007766 0.605 223.2 122.2 407.9 199.0 80
2021007766 0.591 1.1 158.6 19.1 289.4 80
2021007766 0.582 1.7 122.2 16.1 273.2 80
2021007766 0.575 475.7 156.3 480.0 248.6 80
2021007766 0.555 0.6 141.4 15.4 354.0 80
2021007766 0.549 78.0 108.0 417.2 283.3 80
2021007766 0.547 0.7 142.8 18.1 347.2 80
2021007766 0.530 477.3 73.3 480.3 159.2 80
2021007766 0.493 477.6 211.1 480.2 319.6 80
2021007766 0.486 44.1 100.0 408.6 289.8 80
2021007766 0.476 37.9 99.5 413.7 291.8 80
2021007766 0.461 16.5 113.4 419.7 320.2 80
2021007766 0.439 14.5 99.7 398.3 305.6 80
2021007766 0.371 32.1 113.7 408.6 302.3 80
2021007766 0.361 1.0 24.7 4.4 128.0 80
2021007766 0.344 477.9 67.4 480.3 223.0 80
2021007766 0.324 -0.8 111.7 19.6 373.5 80
2021007766 0.293 17.3 112.8 399.7 298.3 80
2021007766 0.288 -2.9 18.0 25.9 361.0 80
2021007766 0.273 478.5 101.8 480.3 315.0 80
2021007766 0.224 30.5 117.2 438.1 275.2 80
2021007766 0.222 2.6 118.7 293.3 308.4 80
2021007766 0.194 227.9 147.5 280.3 217.4 80
2021007766 0.186 122.8 142.7 390.0 306.3 80
2021007766 0.183 -0.5 272.2 15.4 389.1 80
2021007766 0.181 459.9 84.0 480.3 364.4 80
2021007766 0.166 458.5 293.4 487.2 366.3 80
2021007766 0.162 79.9 139.1 415.9 297.4 80
2021007766 0.155 155.1 220.6 194.7 250.3 80
2021007766 0.148 340.2 188.5 476.3 371.0 80
2021007766 0.146 45.9 278.1 228.5 379.6 80
2021007766 0.141 112.2 225.2 183.0 270.6 80
2021007766 0.139 23.5 170.2 367.4 313.4 80
2021007766 0.139 156.4 230.3 254.1 278.2 80
2021007766 0.139 125.3 241.2 256.1 324.4 80
2021007766 0.137 99.1 214.5 381.5 346.1 80
2021007766 0.137 105.6 191.2 140.2 222.1 80
2021007766 0.136 463.5 148.2 483.5 322.2 80
2021007766 0.136 135.9 314.2 266.0 369.8 80
2021007766 0.136 2.5 148.8 326.9 297.2 80
2021007766 0.135 19.9 196.6 319.3 340.5 80
2021007766 0.135 95.4 153.7 415.7 280.2 80
2021007766 0.135 69.5 216.2 132.1 261.8 80
2021007766 0.134 296.9 327.6 405.8 370.2 80
2021007766 0.133 3.3 165.5 267.1 320.2 80
2021007766 0.133 97.8 191.0 379.8 318.2 80
2021007766 0.132 170.3 357.4 305.0 376.2 80
2021007766 0.132 326.9 144.2 479.4 319.4 80
2021007766 0.132 328.6 355.8 435.6 377.1 80
2021007766 0.132 285.8 185.4 405.9 281.2 80
2021007766 0.131 16.6 325.8 89.8 374.9 80
2021007766 0.130 179.6 205.4 415.6 329.6 80
2021007766 0.130 232.5 188.3 442.3 329.7 80
2021007766 0.130 77.7 252.4 167.1 313.4 80
2021007766 0.130 203.0 322.5 314.9 367.9 80
2021007766 0.126 163.8 348.8 293.0 372.9 80
2021007766 0.126 390.2 342.4 474.5 371.3 80
2021007766 0.124 -1.8 59.6 36.1 126.3 80
2021007766 0.122 49.0 354.0 150.4 376.6 80
2021007766 0.120 255.9 346.8 360.3 374.2 80
2021007766 0.120 218.9 214.8 364.8 305.3 80
2021007766 0.119 112.6 349.4 216.5 375.9 80
2021007766 0.117 18.5 182.9 98.1 248.4 80
2021007766 0.116 311.6 121.7 425.8 173.9 80
2021007766 0.112 307.6 166.3 532.3 255.5 80
2021007766 0.107 25.2 100.6 409.8 317.8 80
2021007766 0.106 -101.3 29.2 282.6 87.7 80
2021007766 0.106 -3.1 15.1 394.4 88.2 80
2021007766 0.105 255.4 11.6 605.6 52.0 80
2021007766 0.104 297.4 69.2 589.2 147.0 80
2021007766 0.099 31.9 -8.8 510.9 22.1 80
2021007766 0.099 -21.3 -2.9 76.5 20.2 80
2021007766 0.098 1.1 158.6 19.1 289.4 12
2021007766 0.098 123.0 -2.9 601.9 25.2 80
2021007766 0.097 259.9 9.4 665.8 40.8 80
2021007766 0.095 302.9 0.0 636.7 22.2 80
2021007766 0.094 -177.3 0.0 301.5 23.6 80
2021007766 0.093 -133.5 -1.2 345.0 23.0 80
2021007766 0.093 -86.6 -1.4 392.3 22.6 80
2021007766 0.093 151.3 -0.7 630.3 20.6 80
2021007766 0.092 -36.7 -2.3 442.2 21.6 80
2021007766 0.000 231.5 72.1 358.6 226.7 80
2021007766 0.000 0.9 42.0 99.3 246.6 80
2021007766 0.000 137.8 135.1 202.0 201.2 80
2021007766 0.000 202.7 111.1 264.5 176.9 80
2021007766 0.000 245.5 137.2 304.4 203.4 80
2021007766 0.000 356.1 108.6 466.9 267.3 80
2021007766 0.000 150.3 31.3 291.9 210.5 80
2021007766 0.000 43.8 216.7 103.0 287.5 80
2021007766 0.000 130.7 81.9 199.5 150.7 80
2021007766 0.000 78.2 116.9 141.2 185.4 80
2021007766 0.000 435.5 127.8 479.6 210.1 80
2021007766 0.000 372.0 96.8 443.6 163.3 80
2021007766 0.000 131.3 217.3 193.9 291.1 80
2021007766 0.000 189.6 51.6 261.9 119.1 80
2021007766 0.000 334.7 144.5 394.6 210.0 80
2021007766 0.000 18.8 25.7 198.2 193.9 80
2021007766 0.000 435.4 191.8 479.6 274.1 80
2021007766 0.000 286.0 169.7 345.5 234.8 80
2021007766 0.000 1.4 200.2 46.1 283.5 80
2021007766 0.000 342.0 196.6 399.1 264.2 80
2021007766 0.000 300.9 100.4 361.2 166.8 80
2021007766 0.000 275.8 132.2 466.5 256.3 80
2021007766 0.000 310.8 8.2 476.9 190.6 80
2021007766 0.000 197.4 159.2 256.6 224.2 80
2021007766 0.000 1.0 125.2 98.0 356.0 80
2021007766 0.000 32.3 126.9 159.8 275.2 80
2021007766 0.000 1.0 150.6 45.2 233.3 80
2021007766 0.000 86.3 186.8 143.8 252.5 80
2021007766 0.000 113.2 161.1 223.9 314.8 80
2021007766 0.000 208.9 250.5 274.6 329.2 80
2021007766 0.000 431.1 53.8 479.8 152.6 80
2021007766 0.000 143.3 171.2 202.4 236.3 80
2021007766 0.000 194.3 116.7 306.7 273.7 80
2021007766 0.000 26.0 154.2 91.2 219.7 80
2021007766 0.000 310.9 217.0 368.8 293.6 80
2021007766 0.000 393.5 175.7 456.1 241.1 80
2021007766 0.000 170.5 56.0 452.4 266.1 80
2021007766 0.000 0.5 89.9 49.2 172.8 80
2021007766 0.000 241.7 123.1 352.7 346.1 80
2021007766 0.000 0.7 21.8 49.7 105.5 80
2021007766 0.000 44.5 107.5 273.3 257.6 80
2021007766 0.000 97.0 50.3 235.3 315.2 80
2021007766 0.000 309.9 47.2 390.1 115.7 80
2021007766 0.000 245.2 3.7 316.4 72.9 80
2021007766 0.000 41.3 21.4 368.7 257.1 80
2021007766 0.000 171.4 219.1 228.5 299.0 80
2021007766 0.000 0.6 248.3 56.0 367.7 80
2021007766 0.000 425.1 243.8 479.6 366.5 80
2021007766 0.000 382.8 112.8 479.6 353.6 80
2021007766 0.000 9.9 10.4 472.0 198.8 80
2021007766 0.000 248.2 42.2 411.2 309.3 80
2021007766 0.000 86.4 16.8 391.8 362.6 80
2021007766 0.000 245.8 168.1 351.1 300.3 80
2021007766 0.000 -2.3 5.4 274.7 369.6 80
2021007766 0.000 7.8 88.5 220.5 368.1 80
2021007766 0.000 0.8 22.8 140.7 361.7 80
2021007766 0.000 125.7 78.1 353.7 363.6 80
2021007766 0.000 204.8 6.1 477.0 370.7 80
2021007766 0.000 149.3 201.4 337.2 367.5 80
2021007766 0.000 163.4 105.7 298.1 351.5 80
2021007766 0.000 146.8 20.9 341.9 359.0 80
2021007766 0.000 343.2 17.8 481.0 359.1 80
2021007766 0.000 65.8 67.9 429.7 319.8 80
2021007766 0.000 169.3 8.1 401.9 126.3 80
2021007766 0.000 2.3 68.0 351.3 367.3 80
2021007766 0.000 41.7 253.6 278.1 371.6 80
2021007766 0.000 4.9 277.6 125.2 372.3 80
2021007766 0.000 11.7 182.1 177.7 363.8 80
2021007766 0.000 293.2 178.8 463.0 363.1 80
2021007766 0.000 144.9 130.7 341.3 227.5 80
2021007766 0.000 23.3 145.6 324.6 362.6 80
2021007766 0.000 2.3 1.3 396.4 371.0 80
2021007766 0.000 263.4 85.7 471.0 371.1 80
2021007766 0.000 2.8 227.1 476.2 372.4 80
2021007766 0.000 211.8 256.0 455.8 371.6 80
2021007766 0.000 81.1 1.1 476.4 370.9 80
2021007766 0.000 152.1 67.4 475.4 369.3 80
2021007766 0.000 211.2 197.9 267.2 263.2 80
2021007766 0.000 151.6 149.8 444.8 363.0 80
2021007766 0.000 348.1 244.1 474.5 366.9 80
2021007766 0.000 42.8 60.4 112.4 136.1 80
2021007766 0.000 124.3 101.2 351.7 292.5 80
2021007766 0.000 21.4 43.1 458.6 365.0 80
2021007766 0.000 57.9 141.7 393.1 270.5 80
2021007766 0.000 0.4 100.5 479.1 364.7 80
2021007766 0.000 234.2 200.9 286.8 272.4 80
2021007766 0.000 12.0 94.1 470.4 270.4 80
2021007766 0.000 0.8 0.3 479.7 372.0 80
2021007766 0.000 1.3 18.2 479.0 308.5 80
2021007766 0.000 274.9 249.1 327.2 317.1 80
2021007766 0.000 407.3 6.1 478.9 85.2 80
2021007766 0.000 12.0 94.1 470.4 270.4 0
2021007766 0.000 0.8 0.3 479.7 372.0 7
2021007766 0.000 7.8 88.5 220.5 368.1 14
2021007766 0.000 248.2 42.2 411.2 309.3 14
2021007766 0.000 97.0 50.3 235.3 315.2 14
2021007766 0.000 163.4 105.7 298.1 351.5 14
2021007766 0.000 263.4 85.7 471.0 371.1 14
2021007766 0.000 146.8 20.9 341.9 359.0 14
2021007766 0.000 204.8 6.1 477.0 370.7 14
