2021004021 0.670 0.9 2.0 499.6 375.6 11
2021004021 0.659 0.5 163.5 499.5 377.3 80
2021004021 0.652 1.9 12.4 500.4 300.1 80
2021004021 0.652 -1.2 253.6 497.6 375.1 80
2021004021 0.647 97.3 1.1 498.5 374.8 80
2021004021 0.636 169.0 1.5 495.6 375.4 80
2021004021 0.614 469.8 337.2 499.9 376.3 80
2021004021 0.578 1.1 116.9 8.4 182.7 80
2021004021 0.574 495.2 45.4 500.5 197.3 80
2021004021 0.566 216.7 3.4 498.5 373.6 80
2021004021 0.558 0.2 1.3 499.2 375.2 80
2021004021 0.536 0.8 334.4 497.3 375.2 80
2021004021 0.484 0.5 65.0 499.4 365.5 80
2021004021 0.474 496.3 73.3 500.1 260.3 80
2021004021 0.391 498.2 186.2 500.1 314.6 80
2021004021 0.375 496.1 -10.1 500.6 296.8 80
2021004021 0.341 0.9 82.4 4.0 275.9 80
2021004021 0.310 1.3 21.8 4.5 127.1 80
2021004021 0.266 1.3 10.8 6.5 259.5 80
2021004021 0.262 1.0 208.5 4.0 337.0 80
2021004021 0.261 497.4 21.4 500.4 339.8 80
2021004021 0.225 -0.6 6.7 22.6 357.7 80
2021004021 0.225 0.8 32.5 8.3 334.0 80
2021004021 0.212 -9.1 276.5 330.2 374.8 80
2021004021 0.191 -0.7 294.9 17.1 389.5 80
2021004021 0.178 438.1 43.2 498.3 388.8 80
2021004021 0.177 26.5 27.2 244.8 347.2 80
2021004021 0.176 310.2 34.8 489.6 367.1 80
2021004021 0.174 -0.1 59.2 111.4 380.6 80
2021004021 0.173 51.2 357.2 324.6 376.8 80
2021004021 0.168 -0.7 195.6 36.6 376.0 80
2021004021 0.166 56.6 319.2 389.2 377.3 80
2021004021 0.164 26.7 360.2 220.9 377.8 80
2021004021 0.164 135.1 336.4 397.2 374.4 80
2021004021 0.161 254.4 336.5 438.6 373.7 80
2021004021 0.153 6.5 59.4 91.1 330.3 80
2021004021 0.151 470.9 294.3 508.0 364.4 80
2021004021 0.147 306.8 189.8 512.4 366.2 80
2021004021 0.144 129.3 54.7 528.5 250.7 80
2021004021 0.142 -3.1 234.4 216.2 368.2 80
2021004021 0.140 144.6 191.7 470.8 342.8 80
2021004021 0.138 25.5 223.1 338.9 355.0 80
2021004021 0.138 201.2 180.3 493.3 336.4 80
2021004021 0.138 17.1 70.1 367.8 297.1 80
2021004021 0.137 248.0 116.2 501.8 321.1 80
2021004021 0.135 76.3 190.5 426.3 335.6 80
2021004021 0.135 11.2 343.0 113.7 374.6 80
2021004021 0.135 169.4 104.4 485.4 309.9 80
2021004021 0.134 95.2 125.6 465.5 312.0 80
2021004021 0.132 32.6 179.7 380.7 327.6 80
2021004021 0.131 6.8 103.7 215.5 332.6 80
2021004021 0.130 49.4 136.5 416.8 304.7 80
2021004021 0.130 22.6 101.2 376.3 305.7 80
2021004021 0.129 5.9 175.4 279.7 327.9 80
2021004021 0.128 58.1 87.8 447.4 295.8 80
2021004021 0.127 33.9 4.6 524.8 161.2 80
2021004021 0.127 230.5 355.0 380.9 375.2 80
2021004021 0.126 144.3 216.9 236.5 278.2 80
2021004021 0.126 106.1 208.6 193.3 274.4 80
2021004021 0.125 219.2 214.9 335.1 288.5 80
2021004021 0.125 173.8 206.5 278.1 270.8 80
2021004021 0.125 19.7 145.8 313.4 304.9 80
2021004021 0.124 117.6 84.9 484.2 296.6 80
2021004021 0.124 390.8 344.7 492.7 373.1 80
2021004021 0.122 335.0 355.9 452.7 379.0 80
2021004021 0.119 49.9 181.1 156.7 250.8 80
2021004021 0.118 410.3 4.9 540.6 355.2 80
2021004021 0.118 77.8 -0.6 576.8 11.7 80
2021004021 0.118 -3.9 40.5 47.3 94.7 80
2021004021 0.117 156.0 82.5 541.3 272.2 80
2021004021 0.115 96.8 79.4 514.2 244.9 80
2021004021 0.115 133.8 113.9 514.6 306.1 80
2021004021 0.114 55.3 128.2 370.2 266.9 80
2021004021 0.114 53.2 74.9 472.9 191.9 80
2021004021 0.114 -7.8 65.3 362.6 144.2 80
2021004021 0.113 27.2 136.7 226.7 281.0 80
2021004021 0.112 2.2 65.6 434.7 162.0 80
2021004021 0.112 -39.5 98.0 153.8 177.3 80
2021004021 0.109 146.1 23.5 614.2 154.0 80
2021004021 0.109 216.8 80.8 621.3 285.5 80
2021004021 0.108 67.8 185.7 281.6 282.5 80
2021004021 0.107 169.9 62.3 611.6 220.1 80
2021004021 0.107 -95.7 10.8 377.7 60.6 80
2021004021 0.104 -151.7 8.5 337.5 48.1 80
2021004021 0.103 215.3 37.0 676.5 183.7 80
2021004021 0.102 1.1 -2.9 500.1 42.9 80
2021004021 0.102 65.8 -10.2 564.6 61.8 80
2021004021 0.102 185.4 6.3 668.1 99.4 80
2021004021 0.101 238.3 8.1 704.6 81.3 80
2021004021 0.100 120.5 -12.1 619.5 47.3 80
2021004021 0.098 0.9 2.0 499.6 375.6 80
2021004021 0.097 -43.0 -2.0 456.0 31.4 80
2021004021 0.093 -123.5 -2.6 185.6 21.6 80
2021004021 0.092 -185.2 1.1 313.6 23.9 80
2021004021 0.092 -37.6 -1.5 461.4 21.7 80
2021004021 0.092 -139.3 -0.0 359.6 23.3 80
2021004021 0.091 -92.4 0.8 406.6 25.5 80
2021004021 0.089 26.0 -2.5 525.0 22.0 80
2021004021 0.089 238.3 -1.2 737.2 23.0 80
2021004021 0.088 161.3 -2.1 660.3 22.0 80
2021004021 0.670 0.9 2.0 499.6 375.6 11
2021004021 0.659 0.5 163.5 499.5 377.3 80
2021004021 0.652 1.9 12.4 500.4 300.1 80
2021004021 0.652 -1.2 253.6 497.6 375.1 80
2021004021 0.647 97.3 1.1 498.5 374.8 80
2021004021 0.636 169.0 1.5 495.6 375.4 80
2021004021 0.614 469.8 337.2 499.9 376.3 80
2021004021 0.578 1.1 116.9 8.4 182.7 80
2021004021 0.574 495.2 45.4 500.5 197.3 80
2021004021 0.566 216.7 3.4 498.5 373.6 80
2021004021 0.558 0.2 1.3 499.2 375.2 80
2021004021 0.536 0.8 334.4 497.3 375.2 80
2021004021 0.484 0.5 65.0 499.4 365.5 80
2021004021 0.474 496.3 73.3 500.1 260.3 80
2021004021 0.391 498.2 186.2 500.1 314.6 80
2021004021 0.375 496.1 -10.1 500.6 296.8 80
2021004021 0.341 0.9 82.4 4.0 275.9 80
2021004021 0.310 1.3 21.8 4.5 127.1 80
2021004021 0.266 1.3 10.8 6.5 259.5 80
2021004021 0.262 1.0 208.5 4.0 337.0 80
2021004021 0.261 497.4 21.4 500.4 339.8 80
2021004021 0.225 -0.6 6.7 22.6 357.7 80
2021004021 0.225 0.8 32.5 8.3 334.0 80
2021004021 0.212 -9.1 276.5 330.2 374.8 80
2021004021 0.191 -0.7 294.9 17.1 389.5 80
2021004021 0.178 438.1 43.2 498.3 388.8 80
2021004021 0.177 26.5 27.2 244.8 347.2 80
2021004021 0.176 310.2 34.8 489.6 367.1 80
2021004021 0.174 -0.1 59.2 111.4 380.6 80
2021004021 0.173 51.2 357.2 324.6 376.8 80
2021004021 0.168 -0.7 195.6 36.6 376.0 80
2021004021 0.166 56.6 319.2 389.2 377.3 80
2021004021 0.164 26.7 360.2 220.9 377.8 80
2021004021 0.164 135.1 336.4 397.2 374.4 80
2021004021 0.161 254.4 336.5 438.6 373.7 80
2021004021 0.153 6.5 59.4 91.1 330.3 80
2021004021 0.151 470.9 294.3 508.0 364.4 80
2021004021 0.147 306.8 189.8 512.4 366.2 80
2021004021 0.144 129.3 54.7 528.5 250.7 80
2021004021 0.142 -3.1 234.4 216.2 368.2 80
2021004021 0.140 144.6 191.7 470.8 342.8 80
2021004021 0.138 25.5 223.1 338.9 355.0 80
2021004021 0.138 201.2 180.3 493.3 336.4 80
2021004021 0.138 17.1 70.1 367.8 297.1 80
2021004021 0.137 248.0 116.2 501.8 321.1 80
2021004021 0.135 76.3 190.5 426.3 335.6 80
2021004021 0.135 11.2 343.0 113.7 374.6 80
2021004021 0.135 169.4 104.4 485.4 309.9 80
2021004021 0.134 95.2 125.6 465.5 312.0 80
2021004021 0.132 32.6 179.7 380.7 327.6 80
2021004021 0.131 6.8 103.7 215.5 332.6 80
2021004021 0.130 49.4 136.5 416.8 304.7 80
2021004021 0.130 22.6 101.2 376.3 305.7 80
2021004021 0.129 5.9 175.4 279.7 327.9 80
2021004021 0.128 58.1 87.8 447.4 295.8 80
2021004021 0.127 33.9 4.6 524.8 161.2 80
2021004021 0.127 230.5 355.0 380.9 375.2 80
2021004021 0.126 144.3 216.9 236.5 278.2 80
2021004021 0.126 106.1 208.6 193.3 274.4 80
2021004021 0.125 219.2 214.9 335.1 288.5 80
2021004021 0.125 173.8 206.5 278.1 270.8 80
2021004021 0.125 19.7 145.8 313.4 304.9 80
2021004021 0.124 117.6 84.9 484.2 296.6 80
2021004021 0.124 390.8 344.7 492.7 373.1 80
2021004021 0.122 335.0 355.9 452.7 379.0 80
2021004021 0.119 49.9 181.1 156.7 250.8 80
2021004021 0.118 410.3 4.9 540.6 355.2 80
2021004021 0.118 77.8 -0.6 576.8 11.7 80
2021004021 0.118 -3.9 40.5 47.3 94.7 80
2021004021 0.117 156.0 82.5 541.3 272.2 80
2021004021 0.115 96.8 79.4 514.2 244.9 80
2021004021 0.115 133.8 113.9 514.6 306.1 80
2021004021 0.114 55.3 128.2 370.2 266.9 80
2021004021 0.114 53.2 74.9 472.9 191.9 80
2021004021 0.114 -7.8 65.3 362.6 144.2 80
2021004021 0.113 27.2 136.7 226.7 281.0 80
2021004021 0.112 2.2 65.6 434.7 162.0 80
2021004021 0.112 -39.5 98.0 153.8 177.3 80
2021004021 0.109 146.1 23.5 614.2 154.0 80
2021004021 0.109 216.8 80.8 621.3 285.5 80
2021004021 0.108 67.8 185.7 281.6 282.5 80
2021004021 0.107 169.9 62.3 611.6 220.1 80
2021004021 0.107 -95.7 10.8 377.7 60.6 80
2021004021 0.104 -151.7 8.5 337.5 48.1 80
2021004021 0.103 215.3 37.0 676.5 183.7 80
2021004021 0.102 1.1 -2.9 500.1 42.9 80
2021004021 0.102 65.8 -10.2 564.6 61.8 80
2021004021 0.102 185.4 6.3 668.1 99.4 80
2021004021 0.101 238.3 8.1 704.6 81.3 80
2021004021 0.100 120.5 -12.1 619.5 47.3 80
2021004021 0.098 0.9 2.0 499.6 375.6 80
2021004021 0.097 -43.0 -2.0 456.0 31.4 80
2021004021 0.093 -123.5 -2.6 185.6 21.6 80
2021004021 0.092 -185.2 1.1 313.6 23.9 80
2021004021 0.092 -37.6 -1.5 461.4 21.7 80
2021004021 0.092 -139.3 -0.0 359.6 23.3 80
2021004021 0.091 -92.4 0.8 406.6 25.5 80
2021004021 0.089 26.0 -2.5 525.0 22.0 80
2021004021 0.089 238.3 -1.2 737.2 23.0 80
2021004021 0.088 161.3 -2.1 660.3 22.0 80
2021004021 0.000 242.0 73.2 372.7 227.7 80
2021004021 0.000 0.9 43.1 103.5 247.8 80
2021004021 0.000 143.7 135.9 210.3 202.4 80
2021004021 0.000 211.4 111.8 275.3 178.0 80
2021004021 0.000 371.0 109.2 486.3 268.7 80
2021004021 0.000 255.8 137.9 317.1 204.5 80
2021004021 0.000 156.6 31.4 304.0 211.6 80
2021004021 0.000 45.5 217.8 107.4 288.9 80
2021004021 0.000 136.3 82.3 207.6 151.5 80
2021004021 0.000 81.5 117.6 146.9 186.5 80
2021004021 0.000 197.9 51.8 272.4 119.8 80
2021004021 0.000 453.6 128.4 499.6 211.2 80
2021004021 0.000 387.8 97.3 461.7 164.2 80
2021004021 0.000 348.6 145.3 411.0 211.1 80
2021004021 0.000 136.9 218.3 201.8 292.7 80
2021004021 0.000 19.5 26.1 206.5 194.8 80
2021004021 0.000 1.5 201.3 48.0 285.0 80
2021004021 0.000 297.9 170.7 359.9 236.2 80
2021004021 0.000 453.4 192.9 499.6 275.6 80
2021004021 0.000 356.3 197.7 415.7 265.7 80
2021004021 0.000 313.5 100.9 376.2 167.7 80
2021004021 0.000 323.9 8.3 496.6 191.8 80
2021004021 0.000 287.5 132.8 485.8 257.7 80
2021004021 0.000 205.6 160.1 267.3 225.4 80
2021004021 0.000 0.9 125.8 102.1 357.9 80
2021004021 0.000 33.3 127.4 166.8 276.8 80
2021004021 0.000 1.0 151.5 47.1 234.6 80
2021004021 0.000 89.9 187.8 149.8 253.9 80
2021004021 0.000 449.0 54.1 499.7 153.4 80
2021004021 0.000 117.9 161.9 233.2 316.5 80
2021004021 0.000 218.0 251.8 286.7 331.9 80
2021004021 0.000 149.3 172.2 210.8 237.6 80
2021004021 0.000 410.1 176.6 474.8 242.3 80
2021004021 0.000 27.0 155.1 94.9 220.9 80
2021004021 0.000 323.9 218.2 384.1 295.1 80
2021004021 0.000 202.7 116.7 319.1 275.9 80
2021004021 0.000 177.6 56.6 471.2 267.4 80
2021004021 0.000 252.3 124.0 366.8 347.9 80
2021004021 0.000 0.5 90.4 51.3 173.8 80
2021004021 0.000 0.7 22.0 51.8 106.0 80
2021004021 0.000 46.4 108.1 284.6 258.9 80
2021004021 0.000 101.1 50.5 245.1 317.1 80
2021004021 0.000 255.5 3.7 329.5 73.3 80
2021004021 0.000 322.9 47.5 406.2 116.3 80
2021004021 0.000 43.3 21.4 383.8 258.4 80
2021004021 0.000 0.6 249.6 58.3 369.8 80
2021004021 0.000 178.6 220.3 238.0 300.5 80
2021004021 0.000 442.7 245.1 499.6 368.5 80
2021004021 0.000 398.6 113.5 499.6 355.5 80
2021004021 0.000 10.6 10.6 491.5 199.6 80
2021004021 0.000 258.6 42.4 428.2 311.1 80
2021004021 0.000 90.0 16.9 408.1 364.6 80
2021004021 0.000 256.1 169.2 365.6 301.9 80
2021004021 0.000 -2.4 5.4 286.1 371.6 80
2021004021 0.000 8.1 89.0 229.6 370.1 80
2021004021 0.000 0.7 22.9 146.6 363.6 80
2021004021 0.000 213.1 6.1 497.0 372.7 80
2021004021 0.000 131.2 78.4 368.1 365.5 80
2021004021 0.000 156.2 201.7 351.1 369.4 80
2021004021 0.000 170.3 106.4 310.3 353.3 80
2021004021 0.000 153.4 21.0 355.4 360.9 80
2021004021 0.000 357.6 18.1 500.9 361.1 80
2021004021 0.000 68.8 68.1 447.4 321.4 80
2021004021 0.000 177.0 8.2 417.9 127.1 80
2021004021 0.000 43.6 254.9 289.5 373.6 80
2021004021 0.000 2.3 68.4 366.1 369.3 80
2021004021 0.000 5.1 279.1 130.5 374.3 80
2021004021 0.000 12.0 183.0 185.2 365.8 80
2021004021 0.000 305.3 180.1 482.3 365.0 80
2021004021 0.000 220.0 199.0 278.3 264.7 80
2021004021 0.000 24.3 146.3 338.1 364.6 80
2021004021 0.000 2.5 1.3 412.8 373.0 80
2021004021 0.000 150.8 131.3 355.6 228.6 80
2021004021 0.000 274.3 86.1 490.6 373.1 80
2021004021 0.000 3.0 228.5 496.0 374.4 80
2021004021 0.000 220.7 257.3 474.7 373.5 80
2021004021 0.000 84.5 1.1 496.2 372.9 80
2021004021 0.000 158.6 67.8 495.0 371.2 80
2021004021 0.000 157.9 150.5 463.3 364.9 80
2021004021 0.000 362.6 245.1 494.3 368.9 80
2021004021 0.000 44.4 60.6 117.3 136.8 80
2021004021 0.000 129.9 101.9 365.9 294.0 80
2021004021 0.000 22.3 43.4 477.5 366.6 80
2021004021 0.000 60.2 142.4 409.5 272.0 80
2021004021 0.000 0.4 100.8 499.0 366.5 80
2021004021 0.000 244.0 202.0 298.7 273.9 80
2021004021 0.000 12.6 94.7 489.8 271.8 80
2021004021 0.000 0.8 0.3 499.7 373.9 80
2021004021 0.000 1.3 18.3 498.9 309.8 80
2021004021 0.000 286.3 250.3 340.8 319.0 80
2021004021 0.000 424.2 6.2 498.9 85.7 80
2021004021 0.000 12.6 94.7 489.8 271.8 0
2021004021 0.000 0.8 0.3 499.7 373.9 7
2021004021 0.000 8.1 89.0 229.6 370.1 14
2021004021 0.000 258.6 42.4 428.2 311.1 14
2021004021 0.000 101.1 50.5 245.1 317.1 14
2021004021 0.000 170.3 106.4 310.3 353.3 14
2021004021 0.000 274.3 86.1 490.6 373.1 14
2021004021 0.000 153.4 21.0 355.4 360.9 14
2021004021 0.000 213.1 6.1 497.0 372.7 14
