2021003215 0.691 388.5 202.6 445.3 227.6 80
2021003215 0.671 402.3 203.7 449.6 229.6 80
2021003215 0.668 464.3 308.8 499.4 335.6 80
2021003215 0.641 110.1 230.8 177.2 286.7 80
2021003215 0.603 358.8 200.6 436.6 232.0 80
2021003215 0.601 492.9 158.9 500.2 241.1 80
2021003215 0.589 108.3 232.4 165.8 288.0 80
2021003215 0.547 495.8 196.0 500.2 298.4 80
2021003215 0.546 121.2 230.1 165.9 266.7 80
2021003215 0.530 108.1 231.9 168.9 287.7 9
2021003215 0.484 1.5 236.8 8.8 317.6 80
2021003215 0.463 361.1 324.7 458.3 335.4 80
2021003215 0.462 1.1 208.7 5.7 285.1 80
2021003215 0.442 194.2 324.9 328.7 335.1 80
2021003215 0.410 0.7 297.0 14.6 333.7 80
2021003215 0.397 498.6 65.2 500.3 139.5 80
2021003215 0.395 2.4 174.3 12.5 304.8 80
2021003215 0.295 496.5 77.6 500.6 308.6 80
2021003215 0.269 498.3 47.6 500.3 246.5 80
2021003215 0.250 1.0 22.3 7.9 273.9 80
2021003215 0.230 0.8 167.0 18.8 341.8 80
2021003215 0.229 151.5 235.8 175.4 262.2 80
2021003215 0.220 0.6 43.7 3.2 158.5 80
2021003215 0.216 0.3 4.1 5.1 68.2 80
2021003215 0.204 479.3 255.1 507.2 332.2 80
2021003215 0.199 488.2 47.4 502.1 355.1 80
2021003215 0.192 0.5 22.4 25.5 309.0 80
2021003215 0.176 267.1 323.9 396.2 335.6 80
2021003215 0.175 156.2 324.5 346.6 335.1 80
2021003215 0.166 450.6 77.4 502.8 333.9 80
2021003215 0.158 108.1 231.9 168.9 287.7 80
2021003215 0.151 403.4 316.7 497.8 334.0 80
2021003215 0.150 2.1 102.2 69.0 327.4 80
2021003215 0.150 51.3 323.7 154.3 337.0 80
2021003215 0.148 337.5 197.9 502.4 331.9 80
2021003215 0.146 310.2 309.4 431.9 332.9 80
2021003215 0.142 16.7 305.7 88.8 334.1 80
2021003215 0.141 111.9 320.4 217.9 337.0 80
2021003215 0.137 141.5 294.1 256.6 331.9 80
2021003215 0.135 131.5 212.2 381.9 319.3 80
2021003215 0.134 192.5 184.9 444.5 313.7 80
2021003215 0.133 11.8 199.6 191.1 309.0 80
2021003215 0.132 213.5 304.2 327.9 330.8 80
2021003215 0.132 235.4 173.0 478.1 303.8 80
2021003215 0.129 30.5 77.2 199.5 255.0 80
2021003215 0.129 125.4 226.6 164.1 260.6 80
2021003215 0.128 227.1 236.5 268.0 266.7 80
2021003215 0.128 143.6 184.4 366.7 297.8 80
2021003215 0.127 19.9 141.3 188.1 272.4 80
2021003215 0.126 11.8 77.5 119.5 258.6 80
2021003215 0.126 358.9 261.5 422.0 298.8 80
2021003215 0.125 91.4 182.3 179.8 259.2 80
2021003215 0.124 99.1 183.7 289.3 284.2 80
2021003215 0.124 102.9 106.5 396.1 226.5 80
2021003215 0.124 165.8 219.1 208.0 253.7 80
2021003215 0.124 215.5 214.9 257.5 249.4 80
2021003215 0.124 75.8 106.2 279.3 240.4 80
2021003215 0.124 118.6 164.7 387.7 268.9 80
2021003215 0.123 165.7 144.3 406.6 270.7 80
2021003215 0.123 257.0 213.6 300.1 250.3 80
2021003215 0.122 311.7 198.1 366.9 243.5 80
2021003215 0.122 218.5 141.9 452.3 263.6 80
2021003215 0.122 126.6 110.4 375.4 230.0 80
2021003215 0.122 75.0 198.1 122.4 239.6 80
2021003215 0.120 107.1 153.7 264.0 249.8 80
2021003215 0.117 330.8 148.3 421.8 206.9 80
2021003215 0.117 233.3 114.1 445.6 241.3 80
2021003215 0.117 23.4 145.7 80.3 207.8 80
2021003215 0.115 347.5 128.6 485.4 198.7 80
2021003215 0.113 145.7 180.4 315.2 257.6 80
2021003215 0.113 202.2 91.1 434.7 153.0 80
2021003215 0.112 -72.9 28.8 148.4 76.2 80
2021003215 0.111 319.2 208.1 425.5 251.3 80
2021003215 0.111 100.1 67.8 435.7 137.6 80
2021003215 0.111 140.5 60.6 419.6 116.2 80
2021003215 0.111 31.9 50.0 327.5 106.0 80
2021003215 0.111 72.7 51.1 388.0 106.6 80
2021003215 0.110 210.5 147.4 405.4 236.7 80
2021003215 0.110 154.6 168.9 266.6 229.9 80
2021003215 0.109 381.1 77.9 544.8 153.3 80
2021003215 0.107 -92.1 8.4 370.3 39.9 80
2021003215 0.106 142.4 13.0 588.6 49.8 80
2021003215 0.106 -143.2 8.7 330.1 37.1 80
2021003215 0.104 165.2 7.4 653.0 36.6 80
2021003215 0.102 272.1 9.6 684.4 38.4 80
2021003215 0.101 194.3 5.7 690.5 30.2 80
2021003215 0.100 46.4 2.5 545.4 25.3 80
2021003215 0.095 -47.9 1.6 451.1 23.7 80
2021003215 0.095 -0.9 1.8 498.1 22.9 80
2021003215 0.093 -39.1 -1.6 459.8 18.6 80
2021003215 0.093 -200.0 -2.3 264.0 19.2 80
2021003215 0.093 -139.4 -0.4 359.3 20.4 80
2021003215 0.092 -93.6 0.8 405.3 22.1 80
2021003215 0.092 -185.7 1.4 313.0 22.0 80
2021003215 0.092 20.5 -1.6 519.5 19.5 80
2021003215 0.092 70.1 1.7 569.1 23.7 80
2021003215 0.092 80.5 -1.7 579.5 18.5 80
2021003215 0.092 155.2 0.0 654.1 21.9 80
2021003215 0.091 201.2 -0.1 700.1 21.2 80
2021003215 0.090 119.5 1.8 618.5 23.8 80
2021003215 0.691 388.5 202.6 445.3 227.6 80
2021003215 0.671 402.3 203.7 449.6 229.6 80
2021003215 0.668 464.3 308.8 499.4 335.6 80
2021003215 0.641 110.1 230.8 177.2 286.7 80
2021003215 0.603 358.8 200.6 436.6 232.0 80
2021003215 0.601 492.9 158.9 500.2 241.1 80
2021003215 0.589 108.3 232.4 165.8 288.0 80
2021003215 0.547 495.8 196.0 500.2 298.4 80
2021003215 0.546 121.2 230.1 165.9 266.7 80
2021003215 0.530 108.1 231.9 168.9 287.7 9
2021003215 0.484 1.5 236.8 8.8 317.6 80
2021003215 0.463 361.1 324.7 458.3 335.4 80
2021003215 0.462 1.1 208.7 5.7 285.1 80
2021003215 0.442 194.2 324.9 328.7 335.1 80
2021003215 0.410 0.7 297.0 14.6 333.7 80
2021003215 0.397 498.6 65.2 500.3 139.5 80
2021003215 0.395 2.4 174.3 12.5 304.8 80
2021003215 0.295 496.5 77.6 500.6 308.6 80
2021003215 0.269 498.3 47.6 500.3 246.5 80
2021003215 0.250 1.0 22.3 7.9 273.9 80
2021003215 0.230 0.8 167.0 18.8 341.8 80
2021003215 0.229 151.5 235.8 175.4 262.2 80
2021003215 0.220 0.6 43.7 3.2 158.5 80
2021003215 0.216 0.3 4.1 5.1 68.2 80
2021003215 0.204 479.3 255.1 507.2 332.2 80
2021003215 0.199 488.2 47.4 502.1 355.1 80
2021003215 0.192 0.5 22.4 25.5 309.0 80
2021003215 0.176 267.1 323.9 396.2 335.6 80
2021003215 0.175 156.2 324.5 346.6 335.1 80
2021003215 0.166 450.6 77.4 502.8 333.9 80
2021003215 0.158 108.1 231.9 168.9 287.7 80
2021003215 0.151 403.4 316.7 497.8 334.0 80
2021003215 0.150 2.1 102.2 69.0 327.4 80
2021003215 0.150 51.3 323.7 154.3 337.0 80
2021003215 0.148 337.5 197.9 502.4 331.9 80
2021003215 0.146 310.2 309.4 431.9 332.9 80
2021003215 0.142 16.7 305.7 88.8 334.1 80
2021003215 0.141 111.9 320.4 217.9 337.0 80
2021003215 0.137 141.5 294.1 256.6 331.9 80
2021003215 0.135 131.5 212.2 381.9 319.3 80
2021003215 0.134 192.5 184.9 444.5 313.7 80
2021003215 0.133 11.8 199.6 191.1 309.0 80
2021003215 0.132 213.5 304.2 327.9 330.8 80
2021003215 0.132 235.4 173.0 478.1 303.8 80
2021003215 0.129 30.5 77.2 199.5 255.0 80
2021003215 0.129 125.4 226.6 164.1 260.6 80
2021003215 0.128 227.1 236.5 268.0 266.7 80
2021003215 0.128 143.6 184.4 366.7 297.8 80
2021003215 0.127 19.9 141.3 188.1 272.4 80
2021003215 0.126 11.8 77.5 119.5 258.6 80
2021003215 0.126 358.9 261.5 422.0 298.8 80
2021003215 0.125 91.4 182.3 179.8 259.2 80
2021003215 0.124 99.1 183.7 289.3 284.2 80
2021003215 0.124 102.9 106.5 396.1 226.5 80
2021003215 0.124 165.8 219.1 208.0 253.7 80
2021003215 0.124 215.5 214.9 257.5 249.4 80
2021003215 0.124 75.8 106.2 279.3 240.4 80
2021003215 0.124 118.6 164.7 387.7 268.9 80
2021003215 0.123 165.7 144.3 406.6 270.7 80
2021003215 0.123 257.0 213.6 300.1 250.3 80
2021003215 0.122 311.7 198.1 366.9 243.5 80
2021003215 0.122 218.5 141.9 452.3 263.6 80
2021003215 0.122 126.6 110.4 375.4 230.0 80
2021003215 0.122 75.0 198.1 122.4 239.6 80
2021003215 0.120 107.1 153.7 264.0 249.8 80
2021003215 0.117 330.8 148.3 421.8 206.9 80
2021003215 0.117 233.3 114.1 445.6 241.3 80
2021003215 0.117 23.4 145.7 80.3 207.8 80
2021003215 0.115 347.5 128.6 485.4 198.7 80
2021003215 0.113 145.7 180.4 315.2 257.6 80
2021003215 0.113 202.2 91.1 434.7 153.0 80
2021003215 0.112 -72.9 28.8 148.4 76.2 80
2021003215 0.111 319.2 208.1 425.5 251.3 80
2021003215 0.111 100.1 67.8 435.7 137.6 80
2021003215 0.111 140.5 60.6 419.6 116.2 80
2021003215 0.111 31.9 50.0 327.5 106.0 80
2021003215 0.111 72.7 51.1 388.0 106.6 80
2021003215 0.110 210.5 147.4 405.4 236.7 80
2021003215 0.110 154.6 168.9 266.6 229.9 80
2021003215 0.109 381.1 77.9 544.8 153.3 80
2021003215 0.107 -92.1 8.4 370.3 39.9 80
2021003215 0.106 142.4 13.0 588.6 49.8 80
2021003215 0.106 -143.2 8.7 330.1 37.1 80
2021003215 0.104 165.2 7.4 653.0 36.6 80
2021003215 0.102 272.1 9.6 684.4 38.4 80
2021003215 0.101 194.3 5.7 690.5 30.2 80
2021003215 0.100 46.4 2.5 545.4 25.3 80
2021003215 0.095 -47.9 1.6 451.1 23.7 80
2021003215 0.095 -0.9 1.8 498.1 22.9 80
2021003215 0.093 -39.1 -1.6 459.8 18.6 80
2021003215 0.093 -200.0 -2.3 264.0 19.2 80
2021003215 0.093 -139.4 -0.4 359.3 20.4 80
2021003215 0.092 -93.6 0.8 405.3 22.1 80
2021003215 0.092 -185.7 1.4 313.0 22.0 80
2021003215 0.092 20.5 -1.6 519.5 19.5 80
2021003215 0.092 70.1 1.7 569.1 23.7 80
2021003215 0.092 80.5 -1.7 579.5 18.5 80
2021003215 0.092 155.2 0.0 654.1 21.9 80
2021003215 0.091 201.2 -0.1 700.1 21.2 80
2021003215 0.090 119.5 1.8 618.5 23.8 80
2021003215 0.000 0.8 39.8 103.7 221.2 80
2021003215 0.000 245.1 65.0 370.2 204.3 80
2021003215 0.000 203.1 44.6 266.1 107.3 80
2021003215 0.000 256.6 124.4 316.4 184.0 80
2021003215 0.000 372.7 97.9 484.8 240.1 80
2021003215 0.000 45.9 194.7 106.8 258.4 80
2021003215 0.000 83.8 106.3 144.8 168.7 80
2021003215 0.000 133.1 94.1 218.1 195.1 80
2021003215 0.000 390.5 86.2 458.7 146.0 80
2021003215 0.000 453.6 115.1 499.6 188.6 80
2021003215 0.000 213.4 102.3 273.6 162.0 80
2021003215 0.000 141.4 73.7 202.4 137.4 80
2021003215 0.000 22.2 26.4 202.4 175.1 80
2021003215 0.000 325.8 10.5 494.5 171.4 80
2021003215 0.000 1.5 180.2 48.0 254.6 80
2021003215 0.000 162.1 29.2 299.4 189.2 80
2021003215 0.000 349.9 131.1 409.9 190.1 80
2021003215 0.000 219.9 214.7 281.0 301.5 80
2021003215 0.000 90.6 168.7 149.2 228.0 80
2021003215 0.000 314.7 91.2 375.2 150.8 80
2021003215 0.000 357.4 177.8 415.0 237.7 80
2021003215 0.000 32.3 113.8 167.9 247.1 80
2021003215 0.000 1.0 135.5 47.1 209.4 80
2021003215 0.000 453.4 172.3 499.7 246.0 80
2021003215 0.000 0.5 112.6 102.1 319.7 80
2021003215 0.000 449.1 48.5 499.7 137.0 80
2021003215 0.000 259.7 2.5 324.6 66.2 80
2021003215 0.000 137.6 195.3 201.5 260.1 80
2021003215 0.000 298.6 153.5 359.4 211.8 80
2021003215 0.000 28.5 139.4 93.6 198.0 80
2021003215 0.000 255.4 112.7 363.3 311.3 80
2021003215 0.000 119.1 143.9 232.5 282.9 80
2021003215 0.000 149.8 154.6 210.5 212.9 80
2021003215 0.000 293.0 119.1 480.6 232.1 80
2021003215 0.000 325.5 195.7 382.1 264.2 80
2021003215 0.000 0.7 20.1 51.8 94.7 80
2021003215 0.000 219.9 177.8 278.2 237.0 80
2021003215 0.000 48.8 19.1 377.9 229.6 80
2021003215 0.000 410.2 157.8 474.7 216.3 80
2021003215 0.000 205.3 105.7 317.1 250.9 80
2021003215 0.000 0.7 223.0 58.3 330.6 80
2021003215 0.000 180.1 198.5 238.1 266.1 80
2021003215 0.000 177.0 51.5 471.7 238.2 80
2021003215 0.000 49.5 98.1 281.8 230.7 80
2021003215 0.000 325.8 41.7 402.7 104.0 80
2021003215 0.000 101.1 44.2 244.3 279.1 80
2021003215 0.000 0.3 81.2 51.5 155.2 80
2021003215 0.000 206.3 143.8 267.1 202.6 80
2021003215 0.000 442.7 218.7 499.6 329.4 80
2021003215 0.000 15.1 12.8 486.3 175.5 80
2021003215 0.000 398.5 99.5 499.4 317.6 80
2021003215 0.000 1.5 5.5 282.2 331.9 80
2021003215 0.000 94.9 14.1 401.8 326.9 80
2021003215 0.000 262.6 37.6 424.1 279.9 80
2021003215 0.000 189.1 7.3 402.1 121.0 80
2021003215 0.000 1.1 21.5 146.5 324.7 80
2021003215 0.000 160.6 176.6 349.3 328.8 80
2021003215 0.000 212.9 5.7 497.4 333.0 80
2021003215 0.000 159.4 25.1 350.2 318.1 80
2021003215 0.000 11.5 80.4 225.9 330.5 80
2021003215 0.000 357.6 16.8 501.4 321.8 80
2021003215 0.000 280.6 213.6 336.4 295.9 80
2021003215 0.000 171.4 94.5 308.9 315.9 80
2021003215 0.000 132.8 69.6 366.0 326.4 80
2021003215 0.000 257.5 148.9 363.0 273.8 80
2021003215 0.000 5.0 249.6 130.5 334.4 80
2021003215 0.000 306.3 161.5 481.9 325.8 80
2021003215 0.000 54.0 228.0 278.3 332.9 80
2021003215 0.000 11.7 163.6 185.3 326.9 80
2021003215 0.000 3.3 1.2 410.3 333.1 80
2021003215 0.000 8.1 204.6 491.3 333.3 80
2021003215 0.000 4.9 58.1 361.3 329.9 80
2021003215 0.000 223.1 229.2 472.3 333.4 80
2021003215 0.000 72.1 57.5 444.4 286.2 80
2021003215 0.000 34.1 131.9 327.1 324.1 80
2021003215 0.000 85.7 1.0 494.7 333.0 80
2021003215 0.000 278.1 77.7 486.3 333.0 80
2021003215 0.000 162.7 118.7 345.3 206.0 80
2021003215 0.000 244.5 180.4 298.0 244.2 80
2021003215 0.000 168.6 135.2 451.1 323.9 80
2021003215 0.000 362.2 219.5 494.6 329.3 80
2021003215 0.000 44.5 54.2 117.2 122.2 80
2021003215 0.000 160.2 59.1 492.6 331.0 80
2021003215 0.000 134.9 92.1 359.7 262.5 80
2021003215 0.000 67.7 128.0 402.2 243.0 80
2021003215 0.000 22.4 38.4 474.4 323.3 80
2021003215 0.000 0.6 89.9 498.5 325.7 80
2021003215 0.000 0.8 0.8 499.6 334.2 80
2021003215 0.000 17.1 85.8 484.0 241.5 80
2021003215 0.000 2.5 21.2 497.4 274.9 80
2021003215 0.000 424.3 5.6 498.8 76.4 80
2021003215 0.000 17.1 85.8 484.0 241.5 0
2021003215 0.000 262.6 37.6 424.1 279.9 14
2021003215 0.000 171.4 94.5 308.9 315.9 14
2021003215 0.000 101.1 44.2 244.3 279.1 14
2021003215 0.000 159.4 25.1 350.2 318.1 14
2021003215 0.000 11.5 80.4 225.9 330.5 14
2021003215 0.000 278.1 77.7 486.3 333.0 14
2021003215 0.000 132.8 69.6 366.0 326.4 14
2021003215 0.000 154.2 270.2 238.2 330.2 80
