2021000000197004 0.792 595.6 375.0 642.8 425.3 80
2021000000197004 0.781 169.3 4.1 628.2 221.2 80
2021000000197004 0.769 1.3 10.0 640.3 384.3 80
2021000000197004 0.767 18.2 0.8 650.2 206.6 80
2021000000197004 0.762 168.7 4.4 450.6 58.3 80
2021000000197004 0.761 420.5 -0.6 645.5 111.0 80
2021000000197004 0.756 163.5 1.9 545.4 54.7 80
2021000000197004 0.755 371.1 211.8 468.0 273.4 80
2021000000197004 0.754 228.7 1.7 551.5 36.8 80
2021000000197004 0.752 18.6 3.0 625.3 108.6 80
2021000000197004 0.751 182.7 4.9 358.0 62.3 80
2021000000197004 0.746 9.8 -1.6 357.4 104.4 80
2021000000197004 0.745 -4.3 -4.2 634.7 131.8 80
2021000000197004 0.744 -3.6 5.5 546.2 98.2 80
2021000000197004 0.742 -4.5 -0.1 104.9 56.6 80
2021000000197004 0.742 -12.0 8.3 615.8 111.3 80
2021000000197004 0.740 100.4 414.7 239.3 427.7 80
2021000000197004 0.740 415.3 214.5 461.3 273.1 80
2021000000197004 0.739 182.2 5.0 622.0 133.5 80
2021000000197004 0.738 170.6 4.4 614.1 140.4 80
2021000000197004 0.792 595.6 375.0 642.8 425.3 80
2021000000197004 0.781 169.3 4.1 628.2 221.2 80
2021000000197004 0.769 1.3 10.0 640.3 384.3 80
2021000000197004 0.767 18.2 0.8 650.2 206.6 80
2021000000197004 0.762 168.7 4.4 450.6 58.3 80
2021000000197004 0.761 420.5 -0.6 645.5 111.0 80
2021000000197004 0.756 163.5 1.9 545.4 54.7 80
2021000000197004 0.755 371.1 211.8 468.0 273.4 80
2021000000197004 0.754 228.7 1.7 551.5 36.8 80
2021000000197004 0.752 18.6 3.0 625.3 108.6 80
2021000000197004 0.751 182.7 4.9 358.0 62.3 80
2021000000197004 0.746 9.8 -1.6 357.4 104.4 80
2021000000197004 0.745 -4.3 -4.2 634.7 131.8 80
2021000000197004 0.744 -3.6 5.5 546.2 98.2 80
2021000000197004 0.742 -4.5 -0.1 104.9 56.6 80
2021000000197004 0.742 -12.0 8.3 615.8 111.3 80
2021000000197004 0.740 100.4 414.7 239.3 427.7 80
2021000000197004 0.740 415.3 214.5 461.3 273.1 80
2021000000197004 0.739 182.2 5.0 622.0 133.5 80
2021000000197004 0.738 170.6 4.4 614.1 140.4 80
2021000000197004 0.738 638.7 152.8 640.0 383.1 80
2021000000197004 0.733 545.8 0.7 639.2 421.8 80
2021000000197004 0.733 -13.9 2.9 618.6 78.0 80
2021000000197004 0.732 553.7 10.4 636.7 249.2 80
2021000000197004 0.729 3.8 -4.6 228.5 99.5 80
2021000000197004 0.728 181.2 7.2 592.3 94.0 80
2021000000197004 0.727 -2.1 3.6 523.2 68.5 80
2021000000197004 0.721 18.7 3.3 386.6 63.6 80
2021000000197004 0.714 1.9 -0.8 195.9 63.4 80
2021000000197004 0.704 635.0 5.6 640.1 112.4 80
2021000000197004 0.698 11.8 1.6 384.8 65.5 80
2021000000197004 0.694 442.3 0.9 589.5 3.5 80
2021000000197004 0.688 585.6 1.6 637.9 113.9 80
2021000000197004 0.686 3.4 0.0 89.7 52.1 80
2021000000197004 0.684 544.4 0.6 633.5 116.9 80
2021000000197004 0.683 562.4 0.8 641.2 17.6 80
2021000000197004 0.679 3.7 -0.2 293.2 66.9 80
2021000000197004 0.678 9.3 3.8 328.4 64.2 80
2021000000197004 0.675 535.8 0.5 635.5 157.7 80
2021000000197004 0.667 503.5 0.8 638.5 149.3 80
2021000000197004 0.666 531.5 1.0 630.8 13.7 80
2021000000197004 0.664 499.7 0.7 629.2 11.3 80
2021000000197004 0.649 622.6 -0.3 639.7 20.6 80
2021000000197004 0.609 1.0 0.1 143.4 56.0 80
2021000000197004 0.575 609.1 36.8 639.3 439.8 80
2021000000197004 0.573 1.7 1.1 210.4 61.1 80
2021000000197004 0.296 410.2 100.7 613.4 212.2 80
2021000000197004 0.236 458.3 40.9 675.7 425.8 80
2021000000197004 0.159 242.6 2.3 381.2 12.3 80
2021000000197004 0.155 468.9 162.9 609.7 263.2 80
2021000000197004 0.151 295.8 184.5 473.7 308.9 80
2021000000197004 0.142 1.7 1.1 210.4 61.1 18
2021000000197004 0.138 391.7 -1.1 530.5 10.8 80
2021000000197004 0.131 436.8 191.6 558.4 263.0 80
2021000000197004 0.127 1.0 0.1 143.4 56.0 18
2021000000197004 0.125 392.9 392.5 774.5 439.5 80
2021000000197004 0.124 263.4 210.7 405.0 299.9 80
2021000000197004 0.111 -121.4 415.7 431.5 429.7 80
2021000000197004 0.111 168.3 220.1 315.0 323.8 80
2021000000197004 0.110 -44.0 420.1 534.4 429.4 80
2021000000197004 0.109 211.7 221.0 352.2 316.9 80
2021000000197004 0.106 174.9 1.7 277.4 5.0 80
2021000000197004 0.105 105.8 220.6 229.2 310.7 80
2021000000197004 0.104 296.0 411.3 513.2 426.8 80
2021000000197004 0.101 67.2 3.6 166.1 8.8 80
2021000000197004 0.096 249.2 259.6 382.4 354.6 80
2021000000197004 0.095 399.6 0.9 495.9 3.7 80
2021000000197004 0.093 458.4 210.4 584.7 349.5 80
2021000000197004 0.092 419.0 243.1 548.0 359.8 80
2021000000197004 0.092 -10.1 81.5 40.6 478.9 80
2021000000197004 0.091 296.2 263.8 432.4 367.1 80
2021000000197004 0.091 68.1 238.4 200.4 361.9 80
2021000000197004 0.090 14.5 219.8 107.7 294.9 80
2021000000197004 0.089 -26.3 203.8 64.5 292.3 80
2021000000197004 0.088 129.3 250.2 264.2 365.5 80
2021000000197004 0.087 329.5 253.1 478.1 384.6 80
2021000000197004 0.085 9.3 3.8 328.4 64.2 18
2021000000197004 0.085 466.3 86.8 632.8 454.6 80
2021000000197004 0.085 16.0 390.6 112.6 421.0 80
2021000000197004 0.083 439.4 0.9 524.2 2.3 80
2021000000197004 0.083 -9.7 244.7 89.2 354.4 80
2021000000197004 0.083 64.7 384.4 160.2 421.0 80
2021000000197004 0.082 622.6 -0.3 639.7 20.6 18
2021000000197004 0.079 -22.9 366.4 46.5 406.1 80
2021000000197004 0.079 456.8 0.5 536.4 1.3 80
2021000000197004 0.078 226.4 1.2 302.3 2.1 80
2021000000197004 0.078 124.1 206.1 392.3 426.2 80
2021000000197004 0.077 372.7 230.5 517.5 416.5 80
2021000000197004 0.076 22.7 181.9 146.0 410.6 80
2021000000197004 0.076 159.3 377.0 255.1 417.9 80
2021000000197004 0.075 115.7 353.3 230.1 395.8 80
2021000000197004 0.074 499.7 0.7 629.2 11.3 18
2021000000197004 0.074 3.4 0.0 89.7 52.1 18
2021000000197004 0.073 -13.1 322.9 69.3 369.0 80
2021000000197004 0.073 195.7 350.2 307.1 394.4 80
2021000000197004 0.073 4.9 335.2 100.4 380.7 80
2021000000197004 0.073 300.3 349.6 405.4 394.3 80
2021000000197004 0.072 444.2 343.7 537.9 389.0 80
2021000000197004 0.072 562.4 0.8 641.2 17.6 18
2021000000197004 0.071 113.3 1.4 181.1 2.4 80
2021000000197004 0.792 595.6 375.0 642.8 425.3 80
2021000000197004 0.781 169.3 4.1 628.2 221.2 80
2021000000197004 0.769 1.3 10.0 640.3 384.3 80
2021000000197004 0.767 18.2 0.8 650.2 206.6 80
2021000000197004 0.762 168.7 4.4 450.6 58.3 80
2021000000197004 0.761 420.5 -0.6 645.5 111.0 80
2021000000197004 0.756 163.5 1.9 545.4 54.7 80
2021000000197004 0.755 371.1 211.8 468.0 273.4 80
2021000000197004 0.754 228.7 1.7 551.5 36.8 80
2021000000197004 0.752 18.6 3.0 625.3 108.6 80
2021000000197004 0.751 182.7 4.9 358.0 62.3 80
2021000000197004 0.746 9.8 -1.6 357.4 104.4 80
2021000000197004 0.745 -4.3 -4.2 634.7 131.8 80
2021000000197004 0.744 -3.6 5.5 546.2 98.2 80
2021000000197004 0.742 -4.5 -0.1 104.9 56.6 80
2021000000197004 0.742 -12.0 8.3 615.8 111.3 80
2021000000197004 0.740 100.4 414.7 239.3 427.7 80
2021000000197004 0.740 415.3 214.5 461.3 273.1 80
2021000000197004 0.739 182.2 5.0 622.0 133.5 80
2021000000197004 0.738 170.6 4.4 614.1 140.4 80
2021000000197004 0.738 638.7 152.8 640.0 383.1 80
2021000000197004 0.733 545.8 0.7 639.2 421.8 80
2021000000197004 0.733 -13.9 2.9 618.6 78.0 80
2021000000197004 0.732 553.7 10.4 636.7 249.2 80
2021000000197004 0.729 3.8 -4.6 228.5 99.5 80
2021000000197004 0.728 181.2 7.2 592.3 94.0 80
2021000000197004 0.727 -2.1 3.6 523.2 68.5 80
2021000000197004 0.721 18.7 3.3 386.6 63.6 80
2021000000197004 0.714 1.9 -0.8 195.9 63.4 80
2021000000197004 0.704 635.0 5.6 640.1 112.4 80
2021000000197004 0.698 11.8 1.6 384.8 65.5 80
2021000000197004 0.694 442.3 0.9 589.5 3.5 80
2021000000197004 0.688 585.6 1.6 637.9 113.9 80
2021000000197004 0.686 3.4 0.0 89.7 52.1 80
2021000000197004 0.684 544.4 0.6 633.5 116.9 80
2021000000197004 0.683 562.4 0.8 641.2 17.6 80
2021000000197004 0.679 3.7 -0.2 293.2 66.9 80
2021000000197004 0.678 9.3 3.8 328.4 64.2 80
2021000000197004 0.675 535.8 0.5 635.5 157.7 80
2021000000197004 0.667 503.5 0.8 638.5 149.3 80
2021000000197004 0.666 531.5 1.0 630.8 13.7 80
2021000000197004 0.664 499.7 0.7 629.2 11.3 80
2021000000197004 0.649 622.6 -0.3 639.7 20.6 80
2021000000197004 0.609 1.0 0.1 143.4 56.0 80
2021000000197004 0.575 609.1 36.8 639.3 439.8 80
2021000000197004 0.573 1.7 1.1 210.4 61.1 80
2021000000197004 0.296 410.2 100.7 613.4 212.2 80
2021000000197004 0.236 458.3 40.9 675.7 425.8 80
2021000000197004 0.159 242.6 2.3 381.2 12.3 80
2021000000197004 0.155 468.9 162.9 609.7 263.2 80
2021000000197004 0.151 295.8 184.5 473.7 308.9 80
2021000000197004 0.142 1.7 1.1 210.4 61.1 18
2021000000197004 0.138 391.7 -1.1 530.5 10.8 80
2021000000197004 0.131 436.8 191.6 558.4 263.0 80
2021000000197004 0.127 1.0 0.1 143.4 56.0 18
2021000000197004 0.125 392.9 392.5 774.5 439.5 80
2021000000197004 0.124 263.4 210.7 405.0 299.9 80
2021000000197004 0.111 -121.4 415.7 431.5 429.7 80
2021000000197004 0.111 168.3 220.1 315.0 323.8 80
2021000000197004 0.110 -44.0 420.1 534.4 429.4 80
2021000000197004 0.109 211.7 221.0 352.2 316.9 80
2021000000197004 0.106 174.9 1.7 277.4 5.0 80
2021000000197004 0.105 105.8 220.6 229.2 310.7 80
2021000000197004 0.104 296.0 411.3 513.2 426.8 80
2021000000197004 0.101 67.2 3.6 166.1 8.8 80
2021000000197004 0.096 249.2 259.6 382.4 354.6 80
2021000000197004 0.095 399.6 0.9 495.9 3.7 80
2021000000197004 0.093 458.4 210.4 584.7 349.5 80
2021000000197004 0.092 419.0 243.1 548.0 359.8 80
2021000000197004 0.092 -10.1 81.5 40.6 478.9 80
2021000000197004 0.091 296.2 263.8 432.4 367.1 80
2021000000197004 0.091 68.1 238.4 200.4 361.9 80
2021000000197004 0.090 14.5 219.8 107.7 294.9 80
2021000000197004 0.089 -26.3 203.8 64.5 292.3 80
2021000000197004 0.088 129.3 250.2 264.2 365.5 80
2021000000197004 0.087 329.5 253.1 478.1 384.6 80
2021000000197004 0.085 9.3 3.8 328.4 64.2 18
2021000000197004 0.085 466.3 86.8 632.8 454.6 80
2021000000197004 0.085 16.0 390.6 112.6 421.0 80
2021000000197004 0.083 439.4 0.9 524.2 2.3 80
2021000000197004 0.083 -9.7 244.7 89.2 354.4 80
2021000000197004 0.083 64.7 384.4 160.2 421.0 80
2021000000197004 0.082 622.6 -0.3 639.7 20.6 18
2021000000197004 0.079 -22.9 366.4 46.5 406.1 80
2021000000197004 0.079 456.8 0.5 536.4 1.3 80
2021000000197004 0.078 226.4 1.2 302.3 2.1 80
2021000000197004 0.078 124.1 206.1 392.3 426.2 80
2021000000197004 0.077 372.7 230.5 517.5 416.5 80
2021000000197004 0.076 22.7 181.9 146.0 410.6 80
2021000000197004 0.076 159.3 377.0 255.1 417.9 80
2021000000197004 0.075 115.7 353.3 230.1 395.8 80
2021000000197004 0.074 499.7 0.7 629.2 11.3 18
2021000000197004 0.074 3.4 0.0 89.7 52.1 18
2021000000197004 0.073 -13.1 322.9 69.3 369.0 80
2021000000197004 0.073 195.7 350.2 307.1 394.4 80
2021000000197004 0.073 4.9 335.2 100.4 380.7 80
2021000000197004 0.073 300.3 349.6 405.4 394.3 80
2021000000197004 0.072 444.2 343.7 537.9 389.0 80
2021000000197004 0.072 562.4 0.8 641.2 17.6 18
2021000000197004 0.071 113.3 1.4 181.1 2.4 80
2021000000197004 0.792 595.6 375.0 642.8 425.3 80
2021000000197004 0.781 169.3 4.1 628.2 221.2 80
2021000000197004 0.769 1.3 10.0 640.3 384.3 80
2021000000197004 0.767 18.2 0.8 650.2 206.6 80
2021000000197004 0.762 168.7 4.4 450.6 58.3 80
2021000000197004 0.761 420.5 -0.6 645.5 111.0 80
2021000000197004 0.756 163.5 1.9 545.4 54.7 80
2021000000197004 0.755 371.1 211.8 468.0 273.4 80
2021000000197004 0.754 228.7 1.7 551.5 36.8 80
2021000000197004 0.752 18.6 3.0 625.3 108.6 80
2021000000197004 0.751 182.7 4.9 358.0 62.3 80
2021000000197004 0.746 9.8 -1.6 357.4 104.4 80
2021000000197004 0.745 -4.3 -4.2 634.7 131.8 80
2021000000197004 0.744 -3.6 5.5 546.2 98.2 80
2021000000197004 0.742 -4.5 -0.1 104.9 56.6 80
2021000000197004 0.742 -12.0 8.3 615.8 111.3 80
2021000000197004 0.740 100.4 414.7 239.3 427.7 80
2021000000197004 0.740 415.3 214.5 461.3 273.1 80
2021000000197004 0.739 182.2 5.0 622.0 133.5 80
2021000000197004 0.738 170.6 4.4 614.1 140.4 80
2021000000197004 0.738 638.7 152.8 640.0 383.1 80
2021000000197004 0.733 545.8 0.7 639.2 421.8 80
2021000000197004 0.733 -13.9 2.9 618.6 78.0 80
2021000000197004 0.732 553.7 10.4 636.7 249.2 80
2021000000197004 0.729 3.8 -4.6 228.5 99.5 80
2021000000197004 0.728 181.2 7.2 592.3 94.0 80
2021000000197004 0.727 -2.1 3.6 523.2 68.5 80
2021000000197004 0.721 18.7 3.3 386.6 63.6 80
2021000000197004 0.714 1.9 -0.8 195.9 63.4 80
2021000000197004 0.704 635.0 5.6 640.1 112.4 80
2021000000197004 0.698 11.8 1.6 384.8 65.5 80
2021000000197004 0.694 442.3 0.9 589.5 3.5 80
2021000000197004 0.688 585.6 1.6 637.9 113.9 80
2021000000197004 0.686 3.4 0.0 89.7 52.1 80
2021000000197004 0.684 544.4 0.6 633.5 116.9 80
2021000000197004 0.683 562.4 0.8 641.2 17.6 80
2021000000197004 0.679 3.7 -0.2 293.2 66.9 80
2021000000197004 0.678 9.3 3.8 328.4 64.2 80
2021000000197004 0.675 535.8 0.5 635.5 157.7 80
2021000000197004 0.667 503.5 0.8 638.5 149.3 80
2021000000197004 0.666 531.5 1.0 630.8 13.7 80
2021000000197004 0.664 499.7 0.7 629.2 11.3 80
2021000000197004 0.649 622.6 -0.3 639.7 20.6 80
2021000000197004 0.609 1.0 0.1 143.4 56.0 80
2021000000197004 0.575 609.1 36.8 639.3 439.8 80
2021000000197004 0.573 1.7 1.1 210.4 61.1 80
2021000000197004 0.296 410.2 100.7 613.4 212.2 80
2021000000197004 0.236 458.3 40.9 675.7 425.8 80
2021000000197004 0.159 242.6 2.3 381.2 12.3 80
2021000000197004 0.155 468.9 162.9 609.7 263.2 80
2021000000197004 0.151 295.8 184.5 473.7 308.9 80
2021000000197004 0.142 1.7 1.1 210.4 61.1 18
2021000000197004 0.138 391.7 -1.1 530.5 10.8 80
2021000000197004 0.131 436.8 191.6 558.4 263.0 80
2021000000197004 0.127 1.0 0.1 143.4 56.0 18
2021000000197004 0.125 392.9 392.5 774.5 439.5 80
2021000000197004 0.124 263.4 210.7 405.0 299.9 80
2021000000197004 0.111 -121.4 415.7 431.5 429.7 80
2021000000197004 0.111 168.3 220.1 315.0 323.8 80
2021000000197004 0.110 -44.0 420.1 534.4 429.4 80
2021000000197004 0.109 211.7 221.0 352.2 316.9 80
2021000000197004 0.106 174.9 1.7 277.4 5.0 80
2021000000197004 0.105 105.8 220.6 229.2 310.7 80
2021000000197004 0.104 296.0 411.3 513.2 426.8 80
2021000000197004 0.101 67.2 3.6 166.1 8.8 80
2021000000197004 0.096 249.2 259.6 382.4 354.6 80
2021000000197004 0.095 399.6 0.9 495.9 3.7 80
2021000000197004 0.093 458.4 210.4 584.7 349.5 80
2021000000197004 0.092 419.0 243.1 548.0 359.8 80
2021000000197004 0.092 -10.1 81.5 40.6 478.9 80
2021000000197004 0.091 296.2 263.8 432.4 367.1 80
2021000000197004 0.091 68.1 238.4 200.4 361.9 80
2021000000197004 0.090 14.5 219.8 107.7 294.9 80
2021000000197004 0.089 -26.3 203.8 64.5 292.3 80
2021000000197004 0.088 129.3 250.2 264.2 365.5 80
2021000000197004 0.087 329.5 253.1 478.1 384.6 80
2021000000197004 0.085 9.3 3.8 328.4 64.2 18
2021000000197004 0.085 466.3 86.8 632.8 454.6 80
2021000000197004 0.085 16.0 390.6 112.6 421.0 80
2021000000197004 0.083 439.4 0.9 524.2 2.3 80
2021000000197004 0.083 -9.7 244.7 89.2 354.4 80
2021000000197004 0.083 64.7 384.4 160.2 421.0 80
2021000000197004 0.082 622.6 -0.3 639.7 20.6 18
2021000000197004 0.079 -22.9 366.4 46.5 406.1 80
2021000000197004 0.079 456.8 0.5 536.4 1.3 80
2021000000197004 0.078 226.4 1.2 302.3 2.1 80
2021000000197004 0.078 124.1 206.1 392.3 426.2 80
2021000000197004 0.077 372.7 230.5 517.5 416.5 80
2021000000197004 0.076 22.7 181.9 146.0 410.6 80
2021000000197004 0.076 159.3 377.0 255.1 417.9 80
2021000000197004 0.075 115.7 353.3 230.1 395.8 80
2021000000197004 0.074 499.7 0.7 629.2 11.3 18
2021000000197004 0.074 3.4 0.0 89.7 52.1 18
2021000000197004 0.073 -13.1 322.9 69.3 369.0 80
2021000000197004 0.073 195.7 350.2 307.1 394.4 80
2021000000197004 0.073 4.9 335.2 100.4 380.7 80
2021000000197004 0.073 300.3 349.6 405.4 394.3 80
2021000000197004 0.072 444.2 343.7 537.9 389.0 80
2021000000197004 0.072 562.4 0.8 641.2 17.6 18
2021000000197004 0.071 113.3 1.4 181.1 2.4 80
2021000000197004 0.792 595.6 375.0 642.8 425.3 80
2021000000197004 0.781 169.3 4.1 628.2 221.2 80
2021000000197004 0.769 1.3 10.0 640.3 384.3 80
2021000000197004 0.767 18.2 0.8 650.2 206.6 80
2021000000197004 0.762 168.7 4.4 450.6 58.3 80
2021000000197004 0.761 420.5 -0.6 645.5 111.0 80
2021000000197004 0.756 163.5 1.9 545.4 54.7 80
2021000000197004 0.755 371.1 211.8 468.0 273.4 80
2021000000197004 0.754 228.7 1.7 551.5 36.8 80
2021000000197004 0.752 18.6 3.0 625.3 108.6 80
2021000000197004 0.751 182.7 4.9 358.0 62.3 80
2021000000197004 0.746 9.8 -1.6 357.4 104.4 80
2021000000197004 0.745 -4.3 -4.2 634.7 131.8 80
2021000000197004 0.744 -3.6 5.5 546.2 98.2 80
2021000000197004 0.742 -4.5 -0.1 104.9 56.6 80
2021000000197004 0.742 -12.0 8.3 615.8 111.3 80
2021000000197004 0.740 100.4 414.7 239.3 427.7 80
2021000000197004 0.740 415.3 214.5 461.3 273.1 80
2021000000197004 0.739 182.2 5.0 622.0 133.5 80
2021000000197004 0.738 170.6 4.4 614.1 140.4 80
2021000000197004 0.738 638.7 152.8 640.0 383.1 80
2021000000197004 0.733 545.8 0.7 639.2 421.8 80
2021000000197004 0.733 -13.9 2.9 618.6 78.0 80
2021000000197004 0.732 553.7 10.4 636.7 249.2 80
2021000000197004 0.729 3.8 -4.6 228.5 99.5 80
2021000000197004 0.728 181.2 7.2 592.3 94.0 80
2021000000197004 0.727 -2.1 3.6 523.2 68.5 80
2021000000197004 0.721 18.7 3.3 386.6 63.6 80
2021000000197004 0.714 1.9 -0.8 195.9 63.4 80
2021000000197004 0.704 635.0 5.6 640.1 112.4 80
2021000000197004 0.698 11.8 1.6 384.8 65.5 80
2021000000197004 0.694 442.3 0.9 589.5 3.5 80
2021000000197004 0.688 585.6 1.6 637.9 113.9 80
2021000000197004 0.686 3.4 0.0 89.7 52.1 80
2021000000197004 0.684 544.4 0.6 633.5 116.9 80
2021000000197004 0.683 562.4 0.8 641.2 17.6 80
2021000000197004 0.679 3.7 -0.2 293.2 66.9 80
2021000000197004 0.678 9.3 3.8 328.4 64.2 80
2021000000197004 0.675 535.8 0.5 635.5 157.7 80
2021000000197004 0.667 503.5 0.8 638.5 149.3 80
2021000000197004 0.666 531.5 1.0 630.8 13.7 80
2021000000197004 0.664 499.7 0.7 629.2 11.3 80
2021000000197004 0.649 622.6 -0.3 639.7 20.6 80
2021000000197004 0.609 1.0 0.1 143.4 56.0 80
2021000000197004 0.575 609.1 36.8 639.3 439.8 80
2021000000197004 0.573 1.7 1.1 210.4 61.1 80
2021000000197004 0.296 410.2 100.7 613.4 212.2 80
2021000000197004 0.236 458.3 40.9 675.7 425.8 80
2021000000197004 0.159 242.6 2.3 381.2 12.3 80
2021000000197004 0.155 468.9 162.9 609.7 263.2 80
2021000000197004 0.151 295.8 184.5 473.7 308.9 80
2021000000197004 0.142 1.7 1.1 210.4 61.1 18
2021000000197004 0.138 391.7 -1.1 530.5 10.8 80
2021000000197004 0.131 436.8 191.6 558.4 263.0 80
2021000000197004 0.127 1.0 0.1 143.4 56.0 18
2021000000197004 0.125 392.9 392.5 774.5 439.5 80
2021000000197004 0.124 263.4 210.7 405.0 299.9 80
2021000000197004 0.111 -121.4 415.7 431.5 429.7 80
2021000000197004 0.111 168.3 220.1 315.0 323.8 80
2021000000197004 0.110 -44.0 420.1 534.4 429.4 80
2021000000197004 0.109 211.7 221.0 352.2 316.9 80
2021000000197004 0.106 174.9 1.7 277.4 5.0 80
2021000000197004 0.105 105.8 220.6 229.2 310.7 80
2021000000197004 0.104 296.0 411.3 513.2 426.8 80
2021000000197004 0.101 67.2 3.6 166.1 8.8 80
2021000000197004 0.096 249.2 259.6 382.4 354.6 80
2021000000197004 0.095 399.6 0.9 495.9 3.7 80
2021000000197004 0.093 458.4 210.4 584.7 349.5 80
2021000000197004 0.092 419.0 243.1 548.0 359.8 80
2021000000197004 0.092 -10.1 81.5 40.6 478.9 80
2021000000197004 0.091 296.2 263.8 432.4 367.1 80
2021000000197004 0.091 68.1 238.4 200.4 361.9 80
2021000000197004 0.090 14.5 219.8 107.7 294.9 80
2021000000197004 0.089 -26.3 203.8 64.5 292.3 80
2021000000197004 0.088 129.3 250.2 264.2 365.5 80
2021000000197004 0.087 329.5 253.1 478.1 384.6 80
2021000000197004 0.085 9.3 3.8 328.4 64.2 18
2021000000197004 0.085 466.3 86.8 632.8 454.6 80
2021000000197004 0.085 16.0 390.6 112.6 421.0 80
2021000000197004 0.083 439.4 0.9 524.2 2.3 80
2021000000197004 0.083 -9.7 244.7 89.2 354.4 80
2021000000197004 0.083 64.7 384.4 160.2 421.0 80
2021000000197004 0.082 622.6 -0.3 639.7 20.6 18
2021000000197004 0.079 -22.9 366.4 46.5 406.1 80
2021000000197004 0.079 456.8 0.5 536.4 1.3 80
2021000000197004 0.078 226.4 1.2 302.3 2.1 80
2021000000197004 0.078 124.1 206.1 392.3 426.2 80
2021000000197004 0.077 372.7 230.5 517.5 416.5 80
2021000000197004 0.076 22.7 181.9 146.0 410.6 80
2021000000197004 0.076 159.3 377.0 255.1 417.9 80
2021000000197004 0.075 115.7 353.3 230.1 395.8 80
2021000000197004 0.074 499.7 0.7 629.2 11.3 18
2021000000197004 0.074 3.4 0.0 89.7 52.1 18
2021000000197004 0.073 -13.1 322.9 69.3 369.0 80
2021000000197004 0.073 195.7 350.2 307.1 394.4 80
2021000000197004 0.073 4.9 335.2 100.4 380.7 80
2021000000197004 0.073 300.3 349.6 405.4 394.3 80
2021000000197004 0.072 444.2 343.7 537.9 389.0 80
2021000000197004 0.072 562.4 0.8 641.2 17.6 18
2021000000197004 0.071 113.3 1.4 181.1 2.4 80
2021000000197004 0.792 595.6 375.0 642.8 425.3 80
2021000000197004 0.781 169.3 4.1 628.2 221.2 80
2021000000197004 0.769 1.3 10.0 640.3 384.3 80
2021000000197004 0.767 18.2 0.8 650.2 206.6 80
2021000000197004 0.762 168.7 4.4 450.6 58.3 80
2021000000197004 0.761 420.5 -0.6 645.5 111.0 80
2021000000197004 0.756 163.5 1.9 545.4 54.7 80
2021000000197004 0.755 371.1 211.8 468.0 273.4 80
2021000000197004 0.754 228.7 1.7 551.5 36.8 80
2021000000197004 0.752 18.6 3.0 625.3 108.6 80
2021000000197004 0.751 182.7 4.9 358.0 62.3 80
2021000000197004 0.746 9.8 -1.6 357.4 104.4 80
2021000000197004 0.745 -4.3 -4.2 634.7 131.8 80
2021000000197004 0.744 -3.6 5.5 546.2 98.2 80
2021000000197004 0.742 -4.5 -0.1 104.9 56.6 80
2021000000197004 0.742 -12.0 8.3 615.8 111.3 80
2021000000197004 0.740 100.4 414.7 239.3 427.7 80
2021000000197004 0.740 415.3 214.5 461.3 273.1 80
2021000000197004 0.739 182.2 5.0 622.0 133.5 80
2021000000197004 0.738 170.6 4.4 614.1 140.4 80
2021000000197004 0.738 638.7 152.8 640.0 383.1 80
2021000000197004 0.733 545.8 0.7 639.2 421.8 80
2021000000197004 0.733 -13.9 2.9 618.6 78.0 80
2021000000197004 0.732 553.7 10.4 636.7 249.2 80
2021000000197004 0.729 3.8 -4.6 228.5 99.5 80
2021000000197004 0.728 181.2 7.2 592.3 94.0 80
2021000000197004 0.727 -2.1 3.6 523.2 68.5 80
2021000000197004 0.721 18.7 3.3 386.6 63.6 80
2021000000197004 0.714 1.9 -0.8 195.9 63.4 80
2021000000197004 0.704 635.0 5.6 640.1 112.4 80
2021000000197004 0.698 11.8 1.6 384.8 65.5 80
2021000000197004 0.694 442.3 0.9 589.5 3.5 80
2021000000197004 0.688 585.6 1.6 637.9 113.9 80
2021000000197004 0.686 3.4 0.0 89.7 52.1 80
2021000000197004 0.684 544.4 0.6 633.5 116.9 80
2021000000197004 0.683 562.4 0.8 641.2 17.6 80
2021000000197004 0.679 3.7 -0.2 293.2 66.9 80
2021000000197004 0.678 9.3 3.8 328.4 64.2 80
2021000000197004 0.675 535.8 0.5 635.5 157.7 80
2021000000197004 0.667 503.5 0.8 638.5 149.3 80
2021000000197004 0.666 531.5 1.0 630.8 13.7 80
2021000000197004 0.664 499.7 0.7 629.2 11.3 80
2021000000197004 0.649 622.6 -0.3 639.7 20.6 80
2021000000197004 0.609 1.0 0.1 143.4 56.0 80
2021000000197004 0.575 609.1 36.8 639.3 439.8 80
2021000000197004 0.573 1.7 1.1 210.4 61.1 80
2021000000197004 0.296 410.2 100.7 613.4 212.2 80
2021000000197004 0.236 458.3 40.9 675.7 425.8 80
2021000000197004 0.159 242.6 2.3 381.2 12.3 80
2021000000197004 0.155 468.9 162.9 609.7 263.2 80
2021000000197004 0.151 295.8 184.5 473.7 308.9 80
2021000000197004 0.142 1.7 1.1 210.4 61.1 18
2021000000197004 0.138 391.7 -1.1 530.5 10.8 80
2021000000197004 0.131 436.8 191.6 558.4 263.0 80
2021000000197004 0.127 1.0 0.1 143.4 56.0 18
2021000000197004 0.125 392.9 392.5 774.5 439.5 80
2021000000197004 0.124 263.4 210.7 405.0 299.9 80
2021000000197004 0.111 -121.4 415.7 431.5 429.7 80
2021000000197004 0.111 168.3 220.1 315.0 323.8 80
2021000000197004 0.110 -44.0 420.1 534.4 429.4 80
2021000000197004 0.109 211.7 221.0 352.2 316.9 80
2021000000197004 0.106 174.9 1.7 277.4 5.0 80
2021000000197004 0.105 105.8 220.6 229.2 310.7 80
2021000000197004 0.104 296.0 411.3 513.2 426.8 80
2021000000197004 0.101 67.2 3.6 166.1 8.8 80
2021000000197004 0.096 249.2 259.6 382.4 354.6 80
2021000000197004 0.095 399.6 0.9 495.9 3.7 80
2021000000197004 0.093 458.4 210.4 584.7 349.5 80
2021000000197004 0.092 419.0 243.1 548.0 359.8 80
2021000000197004 0.092 -10.1 81.5 40.6 478.9 80
2021000000197004 0.091 296.2 263.8 432.4 367.1 80
2021000000197004 0.091 68.1 238.4 200.4 361.9 80
2021000000197004 0.090 14.5 219.8 107.7 294.9 80
2021000000197004 0.089 -26.3 203.8 64.5 292.3 80
2021000000197004 0.088 129.3 250.2 264.2 365.5 80
2021000000197004 0.087 329.5 253.1 478.1 384.6 80
2021000000197004 0.085 9.3 3.8 328.4 64.2 18
2021000000197004 0.085 466.3 86.8 632.8 454.6 80
2021000000197004 0.085 16.0 390.6 112.6 421.0 80
2021000000197004 0.083 439.4 0.9 524.2 2.3 80
2021000000197004 0.083 -9.7 244.7 89.2 354.4 80
2021000000197004 0.083 64.7 384.4 160.2 421.0 80
2021000000197004 0.082 622.6 -0.3 639.7 20.6 18
2021000000197004 0.079 -22.9 366.4 46.5 406.1 80
2021000000197004 0.079 456.8 0.5 536.4 1.3 80
2021000000197004 0.078 226.4 1.2 302.3 2.1 80
2021000000197004 0.078 124.1 206.1 392.3 426.2 80
2021000000197004 0.077 372.7 230.5 517.5 416.5 80
2021000000197004 0.076 22.7 181.9 146.0 410.6 80
2021000000197004 0.076 159.3 377.0 255.1 417.9 80
2021000000197004 0.075 115.7 353.3 230.1 395.8 80
2021000000197004 0.074 499.7 0.7 629.2 11.3 18
2021000000197004 0.074 3.4 0.0 89.7 52.1 18
2021000000197004 0.073 -13.1 322.9 69.3 369.0 80
2021000000197004 0.073 195.7 350.2 307.1 394.4 80
2021000000197004 0.073 4.9 335.2 100.4 380.7 80
2021000000197004 0.073 300.3 349.6 405.4 394.3 80
2021000000197004 0.072 444.2 343.7 537.9 389.0 80
2021000000197004 0.072 562.4 0.8 641.2 17.6 18
2021000000197004 0.071 113.3 1.4 181.1 2.4 80
2021000000197004 0.792 595.6 375.0 642.8 425.3 80
2021000000197004 0.781 169.3 4.1 628.2 221.2 80
2021000000197004 0.769 1.3 10.0 640.3 384.3 80
2021000000197004 0.767 18.2 0.8 650.2 206.6 80
2021000000197004 0.762 168.7 4.4 450.6 58.3 80
2021000000197004 0.761 420.5 -0.6 645.5 111.0 80
2021000000197004 0.756 163.5 1.9 545.4 54.7 80
2021000000197004 0.755 371.1 211.8 468.0 273.4 80
2021000000197004 0.754 228.7 1.7 551.5 36.8 80
2021000000197004 0.752 18.6 3.0 625.3 108.6 80
2021000000197004 0.751 182.7 4.9 358.0 62.3 80
2021000000197004 0.746 9.8 -1.6 357.4 104.4 80
2021000000197004 0.745 -4.3 -4.2 634.7 131.8 80
2021000000197004 0.744 -3.6 5.5 546.2 98.2 80
2021000000197004 0.742 -4.5 -0.1 104.9 56.6 80
2021000000197004 0.742 -12.0 8.3 615.8 111.3 80
2021000000197004 0.740 100.4 414.7 239.3 427.7 80
2021000000197004 0.740 415.3 214.5 461.3 273.1 80
2021000000197004 0.739 182.2 5.0 622.0 133.5 80
2021000000197004 0.738 170.6 4.4 614.1 140.4 80
2021000000197004 0.738 638.7 152.8 640.0 383.1 80
2021000000197004 0.733 545.8 0.7 639.2 421.8 80
2021000000197004 0.733 -13.9 2.9 618.6 78.0 80
2021000000197004 0.732 553.7 10.4 636.7 249.2 80
2021000000197004 0.729 3.8 -4.6 228.5 99.5 80
2021000000197004 0.728 181.2 7.2 592.3 94.0 80
2021000000197004 0.727 -2.1 3.6 523.2 68.5 80
2021000000197004 0.721 18.7 3.3 386.6 63.6 80
2021000000197004 0.714 1.9 -0.8 195.9 63.4 80
2021000000197004 0.704 635.0 5.6 640.1 112.4 80
2021000000197004 0.698 11.8 1.6 384.8 65.5 80
2021000000197004 0.694 442.3 0.9 589.5 3.5 80
2021000000197004 0.688 585.6 1.6 637.9 113.9 80
2021000000197004 0.686 3.4 0.0 89.7 52.1 80
2021000000197004 0.684 544.4 0.6 633.5 116.9 80
2021000000197004 0.683 562.4 0.8 641.2 17.6 80
2021000000197004 0.679 3.7 -0.2 293.2 66.9 80
2021000000197004 0.678 9.3 3.8 328.4 64.2 80
2021000000197004 0.675 535.8 0.5 635.5 157.7 80
2021000000197004 0.667 503.5 0.8 638.5 149.3 80
2021000000197004 0.666 531.5 1.0 630.8 13.7 80
2021000000197004 0.664 499.7 0.7 629.2 11.3 80
2021000000197004 0.649 622.6 -0.3 639.7 20.6 80
2021000000197004 0.609 1.0 0.1 143.4 56.0 80
2021000000197004 0.575 609.1 36.8 639.3 439.8 80
2021000000197004 0.573 1.7 1.1 210.4 61.1 80
2021000000197004 0.296 410.2 100.7 613.4 212.2 80
2021000000197004 0.236 458.3 40.9 675.7 425.8 80
2021000000197004 0.159 242.6 2.3 381.2 12.3 80
2021000000197004 0.155 468.9 162.9 609.7 263.2 80
2021000000197004 0.151 295.8 184.5 473.7 308.9 80
2021000000197004 0.142 1.7 1.1 210.4 61.1 18
2021000000197004 0.138 391.7 -1.1 530.5 10.8 80
2021000000197004 0.131 436.8 191.6 558.4 263.0 80
2021000000197004 0.127 1.0 0.1 143.4 56.0 18
2021000000197004 0.125 392.9 392.5 774.5 439.5 80
2021000000197004 0.124 263.4 210.7 405.0 299.9 80
2021000000197004 0.111 -121.4 415.7 431.5 429.7 80
2021000000197004 0.111 168.3 220.1 315.0 323.8 80
2021000000197004 0.110 -44.0 420.1 534.4 429.4 80
2021000000197004 0.109 211.7 221.0 352.2 316.9 80
2021000000197004 0.106 174.9 1.7 277.4 5.0 80
2021000000197004 0.105 105.8 220.6 229.2 310.7 80
2021000000197004 0.104 296.0 411.3 513.2 426.8 80
2021000000197004 0.101 67.2 3.6 166.1 8.8 80
2021000000197004 0.096 249.2 259.6 382.4 354.6 80
2021000000197004 0.095 399.6 0.9 495.9 3.7 80
2021000000197004 0.093 458.4 210.4 584.7 349.5 80
2021000000197004 0.092 419.0 243.1 548.0 359.8 80
2021000000197004 0.092 -10.1 81.5 40.6 478.9 80
2021000000197004 0.091 296.2 263.8 432.4 367.1 80
2021000000197004 0.091 68.1 238.4 200.4 361.9 80
2021000000197004 0.090 14.5 219.8 107.7 294.9 80
2021000000197004 0.089 -26.3 203.8 64.5 292.3 80
2021000000197004 0.088 129.3 250.2 264.2 365.5 80
2021000000197004 0.087 329.5 253.1 478.1 384.6 80
2021000000197004 0.085 9.3 3.8 328.4 64.2 18
2021000000197004 0.085 466.3 86.8 632.8 454.6 80
2021000000197004 0.085 16.0 390.6 112.6 421.0 80
2021000000197004 0.083 439.4 0.9 524.2 2.3 80
2021000000197004 0.083 -9.7 244.7 89.2 354.4 80
2021000000197004 0.083 64.7 384.4 160.2 421.0 80
2021000000197004 0.082 622.6 -0.3 639.7 20.6 18
2021000000197004 0.079 -22.9 366.4 46.5 406.1 80
2021000000197004 0.079 456.8 0.5 536.4 1.3 80
2021000000197004 0.078 226.4 1.2 302.3 2.1 80
2021000000197004 0.078 124.1 206.1 392.3 426.2 80
2021000000197004 0.077 372.7 230.5 517.5 416.5 80
2021000000197004 0.076 22.7 181.9 146.0 410.6 80
2021000000197004 0.076 159.3 377.0 255.1 417.9 80
2021000000197004 0.075 115.7 353.3 230.1 395.8 80
2021000000197004 0.074 499.7 0.7 629.2 11.3 18
2021000000197004 0.074 3.4 0.0 89.7 52.1 18
2021000000197004 0.073 -13.1 322.9 69.3 369.0 80
2021000000197004 0.073 195.7 350.2 307.1 394.4 80
2021000000197004 0.073 4.9 335.2 100.4 380.7 80
2021000000197004 0.073 300.3 349.6 405.4 394.3 80
2021000000197004 0.072 444.2 343.7 537.9 389.0 80
2021000000197004 0.072 562.4 0.8 641.2 17.6 18
2021000000197004 0.071 113.3 1.4 181.1 2.4 80
2021000000197004 0.792 595.6 375.0 642.8 425.3 80
2021000000197004 0.781 169.3 4.1 628.2 221.2 80
2021000000197004 0.769 1.3 10.0 640.3 384.3 80
2021000000197004 0.767 18.2 0.8 650.2 206.6 80
2021000000197004 0.762 168.7 4.4 450.6 58.3 80
2021000000197004 0.761 420.5 -0.6 645.5 111.0 80
2021000000197004 0.756 163.5 1.9 545.4 54.7 80
2021000000197004 0.755 371.1 211.8 468.0 273.4 80
2021000000197004 0.754 228.7 1.7 551.5 36.8 80
2021000000197004 0.752 18.6 3.0 625.3 108.6 80
2021000000197004 0.751 182.7 4.9 358.0 62.3 80
2021000000197004 0.746 9.8 -1.6 357.4 104.4 80
2021000000197004 0.745 -4.3 -4.2 634.7 131.8 80
2021000000197004 0.744 -3.6 5.5 546.2 98.2 80
2021000000197004 0.742 -4.5 -0.1 104.9 56.6 80
2021000000197004 0.742 -12.0 8.3 615.8 111.3 80
2021000000197004 0.740 100.4 414.7 239.3 427.7 80
2021000000197004 0.740 415.3 214.5 461.3 273.1 80
2021000000197004 0.739 182.2 5.0 622.0 133.5 80
2021000000197004 0.738 170.6 4.4 614.1 140.4 80
2021000000197004 0.738 638.7 152.8 640.0 383.1 80
2021000000197004 0.733 545.8 0.7 639.2 421.8 80
2021000000197004 0.733 -13.9 2.9 618.6 78.0 80
2021000000197004 0.732 553.7 10.4 636.7 249.2 80
2021000000197004 0.729 3.8 -4.6 228.5 99.5 80
2021000000197004 0.728 181.2 7.2 592.3 94.0 80
2021000000197004 0.727 -2.1 3.6 523.2 68.5 80
2021000000197004 0.721 18.7 3.3 386.6 63.6 80
2021000000197004 0.714 1.9 -0.8 195.9 63.4 80
2021000000197004 0.704 635.0 5.6 640.1 112.4 80
2021000000197004 0.698 11.8 1.6 384.8 65.5 80
2021000000197004 0.694 442.3 0.9 589.5 3.5 80
2021000000197004 0.688 585.6 1.6 637.9 113.9 80
2021000000197004 0.686 3.4 0.0 89.7 52.1 80
2021000000197004 0.684 544.4 0.6 633.5 116.9 80
2021000000197004 0.683 562.4 0.8 641.2 17.6 80
2021000000197004 0.679 3.7 -0.2 293.2 66.9 80
2021000000197004 0.678 9.3 3.8 328.4 64.2 80
2021000000197004 0.675 535.8 0.5 635.5 157.7 80
2021000000197004 0.667 503.5 0.8 638.5 149.3 80
2021000000197004 0.666 531.5 1.0 630.8 13.7 80
2021000000197004 0.664 499.7 0.7 629.2 11.3 80
2021000000197004 0.649 622.6 -0.3 639.7 20.6 80
2021000000197004 0.609 1.0 0.1 143.4 56.0 80
2021000000197004 0.575 609.1 36.8 639.3 439.8 80
2021000000197004 0.573 1.7 1.1 210.4 61.1 80
2021000000197004 0.296 410.2 100.7 613.4 212.2 80
2021000000197004 0.236 458.3 40.9 675.7 425.8 80
2021000000197004 0.159 242.6 2.3 381.2 12.3 80
2021000000197004 0.155 468.9 162.9 609.7 263.2 80
2021000000197004 0.151 295.8 184.5 473.7 308.9 80
2021000000197004 0.142 1.7 1.1 210.4 61.1 18
2021000000197004 0.138 391.7 -1.1 530.5 10.8 80
2021000000197004 0.131 436.8 191.6 558.4 263.0 80
2021000000197004 0.127 1.0 0.1 143.4 56.0 18
2021000000197004 0.125 392.9 392.5 774.5 439.5 80
2021000000197004 0.124 263.4 210.7 405.0 299.9 80
2021000000197004 0.111 -121.4 415.7 431.5 429.7 80
2021000000197004 0.111 168.3 220.1 315.0 323.8 80
2021000000197004 0.110 -44.0 420.1 534.4 429.4 80
2021000000197004 0.109 211.7 221.0 352.2 316.9 80
2021000000197004 0.106 174.9 1.7 277.4 5.0 80
2021000000197004 0.105 105.8 220.6 229.2 310.7 80
2021000000197004 0.104 296.0 411.3 513.2 426.8 80
2021000000197004 0.101 67.2 3.6 166.1 8.8 80
2021000000197004 0.096 249.2 259.6 382.4 354.6 80
2021000000197004 0.095 399.6 0.9 495.9 3.7 80
2021000000197004 0.093 458.4 210.4 584.7 349.5 80
2021000000197004 0.092 419.0 243.1 548.0 359.8 80
2021000000197004 0.092 -10.1 81.5 40.6 478.9 80
2021000000197004 0.091 296.2 263.8 432.4 367.1 80
2021000000197004 0.091 68.1 238.4 200.4 361.9 80
2021000000197004 0.090 14.5 219.8 107.7 294.9 80
2021000000197004 0.089 -26.3 203.8 64.5 292.3 80
2021000000197004 0.088 129.3 250.2 264.2 365.5 80
2021000000197004 0.087 329.5 253.1 478.1 384.6 80
2021000000197004 0.085 9.3 3.8 328.4 64.2 18
2021000000197004 0.085 466.3 86.8 632.8 454.6 80
2021000000197004 0.085 16.0 390.6 112.6 421.0 80
2021000000197004 0.083 439.4 0.9 524.2 2.3 80
2021000000197004 0.083 -9.7 244.7 89.2 354.4 80
2021000000197004 0.083 64.7 384.4 160.2 421.0 80
2021000000197004 0.082 622.6 -0.3 639.7 20.6 18
2021000000197004 0.079 -22.9 366.4 46.5 406.1 80
2021000000197004 0.079 456.8 0.5 536.4 1.3 80
2021000000197004 0.078 226.4 1.2 302.3 2.1 80
2021000000197004 0.078 124.1 206.1 392.3 426.2 80
2021000000197004 0.077 372.7 230.5 517.5 416.5 80
2021000000197004 0.076 22.7 181.9 146.0 410.6 80
2021000000197004 0.076 159.3 377.0 255.1 417.9 80
2021000000197004 0.075 115.7 353.3 230.1 395.8 80
2021000000197004 0.074 499.7 0.7 629.2 11.3 18
2021000000197004 0.074 3.4 0.0 89.7 52.1 18
2021000000197004 0.073 -13.1 322.9 69.3 369.0 80
2021000000197004 0.073 195.7 350.2 307.1 394.4 80
2021000000197004 0.073 4.9 335.2 100.4 380.7 80
2021000000197004 0.073 300.3 349.6 405.4 394.3 80
2021000000197004 0.072 444.2 343.7 537.9 389.0 80
2021000000197004 0.072 562.4 0.8 641.2 17.6 18
2021000000197004 0.071 113.3 1.4 181.1 2.4 80
2021000000197004 0.792 595.6 375.0 642.8 425.3 80
2021000000197004 0.781 169.3 4.1 628.2 221.2 80
2021000000197004 0.769 1.3 10.0 640.3 384.3 80
2021000000197004 0.767 18.2 0.8 650.2 206.6 80
2021000000197004 0.762 168.7 4.4 450.6 58.3 80
2021000000197004 0.761 420.5 -0.6 645.5 111.0 80
2021000000197004 0.756 163.5 1.9 545.4 54.7 80
2021000000197004 0.755 371.1 211.8 468.0 273.4 80
2021000000197004 0.754 228.7 1.7 551.5 36.8 80
2021000000197004 0.752 18.6 3.0 625.3 108.6 80
2021000000197004 0.751 182.7 4.9 358.0 62.3 80
2021000000197004 0.746 9.8 -1.6 357.4 104.4 80
2021000000197004 0.745 -4.3 -4.2 634.7 131.8 80
2021000000197004 0.744 -3.6 5.5 546.2 98.2 80
2021000000197004 0.742 -4.5 -0.1 104.9 56.6 80
2021000000197004 0.742 -12.0 8.3 615.8 111.3 80
2021000000197004 0.740 100.4 414.7 239.3 427.7 80
2021000000197004 0.740 415.3 214.5 461.3 273.1 80
2021000000197004 0.739 182.2 5.0 622.0 133.5 80
2021000000197004 0.738 170.6 4.4 614.1 140.4 80
2021000000197004 0.738 638.7 152.8 640.0 383.1 80
2021000000197004 0.733 545.8 0.7 639.2 421.8 80
2021000000197004 0.733 -13.9 2.9 618.6 78.0 80
2021000000197004 0.732 553.7 10.4 636.7 249.2 80
2021000000197004 0.729 3.8 -4.6 228.5 99.5 80
2021000000197004 0.728 181.2 7.2 592.3 94.0 80
2021000000197004 0.727 -2.1 3.6 523.2 68.5 80
2021000000197004 0.721 18.7 3.3 386.6 63.6 80
2021000000197004 0.714 1.9 -0.8 195.9 63.4 80
2021000000197004 0.704 635.0 5.6 640.1 112.4 80
2021000000197004 0.698 11.8 1.6 384.8 65.5 80
2021000000197004 0.694 442.3 0.9 589.5 3.5 80
2021000000197004 0.688 585.6 1.6 637.9 113.9 80
2021000000197004 0.686 3.4 0.0 89.7 52.1 80
2021000000197004 0.684 544.4 0.6 633.5 116.9 80
2021000000197004 0.683 562.4 0.8 641.2 17.6 80
2021000000197004 0.679 3.7 -0.2 293.2 66.9 80
2021000000197004 0.678 9.3 3.8 328.4 64.2 80
2021000000197004 0.675 535.8 0.5 635.5 157.7 80
2021000000197004 0.667 503.5 0.8 638.5 149.3 80
2021000000197004 0.666 531.5 1.0 630.8 13.7 80
2021000000197004 0.664 499.7 0.7 629.2 11.3 80
2021000000197004 0.649 622.6 -0.3 639.7 20.6 80
2021000000197004 0.609 1.0 0.1 143.4 56.0 80
2021000000197004 0.575 609.1 36.8 639.3 439.8 80
2021000000197004 0.573 1.7 1.1 210.4 61.1 80
2021000000197004 0.296 410.2 100.7 613.4 212.2 80
2021000000197004 0.236 458.3 40.9 675.7 425.8 80
2021000000197004 0.159 242.6 2.3 381.2 12.3 80
2021000000197004 0.155 468.9 162.9 609.7 263.2 80
2021000000197004 0.151 295.8 184.5 473.7 308.9 80
2021000000197004 0.142 1.7 1.1 210.4 61.1 18
2021000000197004 0.138 391.7 -1.1 530.5 10.8 80
2021000000197004 0.131 436.8 191.6 558.4 263.0 80
2021000000197004 0.127 1.0 0.1 143.4 56.0 18
2021000000197004 0.125 392.9 392.5 774.5 439.5 80
2021000000197004 0.124 263.4 210.7 405.0 299.9 80
2021000000197004 0.111 -121.4 415.7 431.5 429.7 80
2021000000197004 0.111 168.3 220.1 315.0 323.8 80
2021000000197004 0.110 -44.0 420.1 534.4 429.4 80
2021000000197004 0.109 211.7 221.0 352.2 316.9 80
2021000000197004 0.106 174.9 1.7 277.4 5.0 80
2021000000197004 0.105 105.8 220.6 229.2 310.7 80
2021000000197004 0.104 296.0 411.3 513.2 426.8 80
2021000000197004 0.101 67.2 3.6 166.1 8.8 80
2021000000197004 0.096 249.2 259.6 382.4 354.6 80
2021000000197004 0.095 399.6 0.9 495.9 3.7 80
2021000000197004 0.093 458.4 210.4 584.7 349.5 80
2021000000197004 0.092 419.0 243.1 548.0 359.8 80
2021000000197004 0.092 -10.1 81.5 40.6 478.9 80
2021000000197004 0.091 296.2 263.8 432.4 367.1 80
2021000000197004 0.091 68.1 238.4 200.4 361.9 80
2021000000197004 0.090 14.5 219.8 107.7 294.9 80
2021000000197004 0.089 -26.3 203.8 64.5 292.3 80
2021000000197004 0.088 129.3 250.2 264.2 365.5 80
2021000000197004 0.087 329.5 253.1 478.1 384.6 80
2021000000197004 0.085 9.3 3.8 328.4 64.2 18
2021000000197004 0.085 466.3 86.8 632.8 454.6 80
2021000000197004 0.085 16.0 390.6 112.6 421.0 80
2021000000197004 0.083 439.4 0.9 524.2 2.3 80
2021000000197004 0.083 -9.7 244.7 89.2 354.4 80
2021000000197004 0.083 64.7 384.4 160.2 421.0 80
2021000000197004 0.082 622.6 -0.3 639.7 20.6 18
2021000000197004 0.079 -22.9 366.4 46.5 406.1 80
2021000000197004 0.079 456.8 0.5 536.4 1.3 80
2021000000197004 0.078 226.4 1.2 302.3 2.1 80
2021000000197004 0.078 124.1 206.1 392.3 426.2 80
2021000000197004 0.077 372.7 230.5 517.5 416.5 80
2021000000197004 0.076 22.7 181.9 146.0 410.6 80
2021000000197004 0.076 159.3 377.0 255.1 417.9 80
2021000000197004 0.075 115.7 353.3 230.1 395.8 80
2021000000197004 0.074 499.7 0.7 629.2 11.3 18
2021000000197004 0.074 3.4 0.0 89.7 52.1 18
2021000000197004 0.073 -13.1 322.9 69.3 369.0 80
2021000000197004 0.073 195.7 350.2 307.1 394.4 80
2021000000197004 0.073 4.9 335.2 100.4 380.7 80
2021000000197004 0.073 300.3 349.6 405.4 394.3 80
2021000000197004 0.072 444.2 343.7 537.9 389.0 80
2021000000197004 0.072 562.4 0.8 641.2 17.6 18
2021000000197004 0.071 113.3 1.4 181.1 2.4 80
