2021000000210273 0.786 597.7 383.7 636.7 422.8 80
2021000000210273 0.712 8.3 253.2 23.4 290.1 80
2021000000210273 0.702 2.5 150.4 30.9 193.1 80
2021000000210273 0.699 67.3 212.8 79.1 249.9 80
2021000000210273 0.666 0.4 243.4 10.2 306.2 80
2021000000210273 0.649 0.4 254.7 18.1 308.3 80
2021000000210273 0.638 143.6 139.7 173.4 177.8 80
2021000000210273 0.626 93.1 186.6 226.3 330.8 4
2021000000210273 0.626 300.6 253.0 373.7 321.1 5
2021000000210273 0.623 575.8 156.9 587.4 185.0 80
2021000000210273 0.618 177.7 297.5 255.4 367.8 5
2021000000210273 0.615 58.5 144.5 241.0 237.1 80
2021000000210273 0.615 177.4 295.3 255.2 370.5 80
2021000000210273 0.614 554.9 129.6 649.3 203.8 80
2021000000210273 0.609 419.8 266.4 500.9 342.3 5
2021000000210273 0.598 634.5 109.3 640.8 147.9 80
2021000000210273 0.596 575.3 159.5 644.6 243.2 80
2021000000210273 0.595 301.0 249.2 373.7 319.9 80
2021000000210273 0.584 404.6 193.3 492.8 287.9 80
2021000000210273 0.575 320.5 310.1 375.5 365.9 80
2021000000210273 0.786 597.7 383.7 636.7 422.8 80
2021000000210273 0.712 8.3 253.2 23.4 290.1 80
2021000000210273 0.702 2.5 150.4 30.9 193.1 80
2021000000210273 0.699 67.3 212.8 79.1 249.9 80
2021000000210273 0.666 0.4 243.4 10.2 306.2 80
2021000000210273 0.649 0.4 254.7 18.1 308.3 80
2021000000210273 0.638 143.6 139.7 173.4 177.8 80
2021000000210273 0.626 93.1 186.6 226.3 330.8 4
2021000000210273 0.626 300.6 253.0 373.7 321.1 5
2021000000210273 0.623 575.8 156.9 587.4 185.0 80
2021000000210273 0.618 177.7 297.5 255.4 367.8 5
2021000000210273 0.615 58.5 144.5 241.0 237.1 80
2021000000210273 0.615 177.4 295.3 255.2 370.5 80
2021000000210273 0.614 554.9 129.6 649.3 203.8 80
2021000000210273 0.609 419.8 266.4 500.9 342.3 5
2021000000210273 0.598 634.5 109.3 640.8 147.9 80
2021000000210273 0.596 575.3 159.5 644.6 243.2 80
2021000000210273 0.595 301.0 249.2 373.7 319.9 80
2021000000210273 0.584 404.6 193.3 492.8 287.9 80
2021000000210273 0.575 320.5 310.1 375.5 365.9 80
2021000000210273 0.573 69.6 99.0 496.5 301.9 80
2021000000210273 0.568 69.5 212.2 81.5 251.2 80
2021000000210273 0.559 116.0 247.3 137.5 273.3 80
2021000000210273 0.554 268.4 219.9 326.8 268.9 5
2021000000210273 0.546 65.9 69.9 528.8 236.7 80
2021000000210273 0.541 225.2 134.8 297.4 224.6 4
2021000000210273 0.531 408.4 202.2 489.7 290.8 80
2021000000210273 0.528 367.7 121.0 426.7 195.2 4
2021000000210273 0.525 295.5 103.2 341.3 167.4 80
2021000000210273 0.524 354.2 67.4 582.7 182.6 80
2021000000210273 0.518 510.9 104.3 541.3 132.1 80
2021000000210273 0.514 266.4 164.9 285.5 187.3 80
2021000000210273 0.505 75.7 64.3 575.9 294.3 80
2021000000210273 0.501 253.5 55.0 594.9 222.8 80
2021000000210273 0.501 470.2 160.4 484.2 200.5 80
2021000000210273 0.498 505.3 140.5 540.8 168.7 5
2021000000210273 0.497 595.1 79.8 632.3 120.5 80
2021000000210273 0.497 313.3 143.4 378.5 223.1 4
2021000000210273 0.491 522.9 145.3 542.1 179.2 80
2021000000210273 0.477 570.5 70.5 611.3 114.4 4
2021000000210273 0.475 329.4 203.0 379.9 242.8 5
2021000000210273 0.475 115.0 168.7 128.9 189.8 80
2021000000210273 0.474 164.4 238.9 183.4 277.5 80
2021000000210273 0.472 221.7 112.8 231.4 137.2 80
2021000000210273 0.468 248.6 103.0 259.3 117.8 80
2021000000210273 0.467 126.1 50.3 615.5 298.4 80
2021000000210273 0.466 575.4 161.0 641.5 241.3 4
2021000000210273 0.459 533.0 158.9 551.2 197.5 18
2021000000210273 0.447 149.3 162.2 161.8 177.7 80
2021000000210273 0.446 0.6 256.1 19.0 315.4 18
2021000000210273 0.445 477.0 169.1 492.8 198.0 80
2021000000210273 0.440 318.0 309.7 392.4 373.4 5
2021000000210273 0.440 296.2 102.1 344.1 163.1 4
2021000000210273 0.440 148.1 170.1 160.0 190.6 80
2021000000210273 0.439 584.3 122.2 623.6 160.2 5
2021000000210273 0.438 341.1 90.8 387.5 145.9 80
2021000000210273 0.438 327.6 206.8 375.7 247.0 80
2021000000210273 0.436 449.9 73.9 481.6 112.9 4
2021000000210273 0.430 116.2 166.5 129.6 190.2 80
2021000000210273 0.429 147.5 173.6 158.8 191.4 80
2021000000210273 0.425 216.0 114.2 224.4 137.5 80
2021000000210273 0.424 256.1 124.4 269.8 134.6 80
2021000000210273 0.422 286.9 90.3 305.1 102.6 80
2021000000210273 0.422 234.3 115.0 243.1 135.5 80
2021000000210273 0.422 338.9 88.1 386.8 142.3 4
2021000000210273 0.404 628.4 133.4 640.1 169.6 80
2021000000210273 0.401 408.8 174.6 456.5 212.6 80
2021000000210273 0.400 111.7 246.2 144.3 275.5 80
2021000000210273 0.398 521.0 116.2 550.6 138.2 5
2021000000210273 0.397 114.8 166.3 127.9 193.6 80
2021000000210273 0.392 110.9 187.0 125.2 209.6 80
2021000000210273 0.392 532.5 84.2 551.8 99.6 80
2021000000210273 0.391 409.8 172.6 455.5 210.4 5
2021000000210273 0.391 498.4 76.9 520.4 97.4 80
2021000000210273 0.390 392.7 90.0 414.2 110.1 80
2021000000210273 0.386 191.9 147.1 203.2 169.0 80
2021000000210273 0.383 130.5 177.8 141.1 198.6 80
2021000000210273 0.382 234.4 113.1 243.0 134.6 80
2021000000210273 0.376 489.7 180.8 507.9 199.0 80
2021000000210273 0.370 357.4 69.7 386.9 95.2 80
2021000000210273 0.370 488.6 180.1 506.4 198.7 80
2021000000210273 0.366 447.7 72.2 479.6 110.0 80
2021000000210273 0.362 321.9 72.1 350.3 101.6 80
2021000000210273 0.361 595.3 80.7 632.4 123.0 4
2021000000210273 0.359 68.0 209.9 80.7 249.3 80
2021000000210273 0.359 357.4 69.7 386.9 95.2 4
2021000000210273 0.357 472.6 163.0 488.1 200.9 18
2021000000210273 0.353 308.7 228.8 374.8 271.1 80
2021000000210273 0.350 257.4 124.0 270.7 133.6 80
2021000000210273 0.350 45.0 60.4 616.3 283.3 80
2021000000210273 0.346 413.4 116.5 437.1 136.7 80
2021000000210273 0.344 205.1 125.8 213.8 153.3 80
2021000000210273 0.343 45.0 60.4 616.3 283.3 18
2021000000210273 0.343 404.6 99.6 430.5 119.4 80
2021000000210273 0.341 190.9 135.7 201.7 165.6 18
2021000000210273 0.341 157.2 170.2 176.5 190.1 80
2021000000210273 0.337 407.6 200.4 490.3 289.2 4
2021000000210273 0.336 157.2 170.2 176.5 190.1 18
2021000000210273 0.332 321.9 72.1 350.3 101.6 4
2021000000210273 0.331 190.9 135.7 201.7 165.6 80
2021000000210273 0.786 597.7 383.7 636.7 422.8 80
2021000000210273 0.712 8.3 253.2 23.4 290.1 80
2021000000210273 0.702 2.5 150.4 30.9 193.1 80
2021000000210273 0.699 67.3 212.8 79.1 249.9 80
2021000000210273 0.666 0.4 243.4 10.2 306.2 80
2021000000210273 0.649 0.4 254.7 18.1 308.3 80
2021000000210273 0.638 143.6 139.7 173.4 177.8 80
2021000000210273 0.626 93.1 186.6 226.3 330.8 4
2021000000210273 0.626 300.6 253.0 373.7 321.1 5
2021000000210273 0.623 575.8 156.9 587.4 185.0 80
2021000000210273 0.618 177.7 297.5 255.4 367.8 5
2021000000210273 0.615 58.5 144.5 241.0 237.1 80
2021000000210273 0.615 177.4 295.3 255.2 370.5 80
2021000000210273 0.614 554.9 129.6 649.3 203.8 80
2021000000210273 0.609 419.8 266.4 500.9 342.3 5
2021000000210273 0.598 634.5 109.3 640.8 147.9 80
2021000000210273 0.596 575.3 159.5 644.6 243.2 80
2021000000210273 0.595 301.0 249.2 373.7 319.9 80
2021000000210273 0.584 404.6 193.3 492.8 287.9 80
2021000000210273 0.575 320.5 310.1 375.5 365.9 80
2021000000210273 0.573 69.6 99.0 496.5 301.9 80
2021000000210273 0.568 69.5 212.2 81.5 251.2 80
2021000000210273 0.559 116.0 247.3 137.5 273.3 80
2021000000210273 0.554 268.4 219.9 326.8 268.9 5
2021000000210273 0.546 65.9 69.9 528.8 236.7 80
2021000000210273 0.541 225.2 134.8 297.4 224.6 4
2021000000210273 0.531 408.4 202.2 489.7 290.8 80
2021000000210273 0.528 367.7 121.0 426.7 195.2 4
2021000000210273 0.525 295.5 103.2 341.3 167.4 80
2021000000210273 0.524 354.2 67.4 582.7 182.6 80
2021000000210273 0.518 510.9 104.3 541.3 132.1 80
2021000000210273 0.514 266.4 164.9 285.5 187.3 80
2021000000210273 0.505 75.7 64.3 575.9 294.3 80
2021000000210273 0.501 253.5 55.0 594.9 222.8 80
2021000000210273 0.501 470.2 160.4 484.2 200.5 80
2021000000210273 0.498 505.3 140.5 540.8 168.7 5
2021000000210273 0.497 595.1 79.8 632.3 120.5 80
2021000000210273 0.497 313.3 143.4 378.5 223.1 4
2021000000210273 0.491 522.9 145.3 542.1 179.2 80
2021000000210273 0.477 570.5 70.5 611.3 114.4 4
2021000000210273 0.475 329.4 203.0 379.9 242.8 5
2021000000210273 0.475 115.0 168.7 128.9 189.8 80
2021000000210273 0.474 164.4 238.9 183.4 277.5 80
2021000000210273 0.472 221.7 112.8 231.4 137.2 80
2021000000210273 0.468 248.6 103.0 259.3 117.8 80
2021000000210273 0.467 126.1 50.3 615.5 298.4 80
2021000000210273 0.466 575.4 161.0 641.5 241.3 4
2021000000210273 0.459 533.0 158.9 551.2 197.5 18
2021000000210273 0.447 149.3 162.2 161.8 177.7 80
2021000000210273 0.446 0.6 256.1 19.0 315.4 18
2021000000210273 0.445 477.0 169.1 492.8 198.0 80
2021000000210273 0.440 318.0 309.7 392.4 373.4 5
2021000000210273 0.440 296.2 102.1 344.1 163.1 4
2021000000210273 0.440 148.1 170.1 160.0 190.6 80
2021000000210273 0.439 584.3 122.2 623.6 160.2 5
2021000000210273 0.438 341.1 90.8 387.5 145.9 80
2021000000210273 0.438 327.6 206.8 375.7 247.0 80
2021000000210273 0.436 449.9 73.9 481.6 112.9 4
2021000000210273 0.430 116.2 166.5 129.6 190.2 80
2021000000210273 0.429 147.5 173.6 158.8 191.4 80
2021000000210273 0.425 216.0 114.2 224.4 137.5 80
2021000000210273 0.424 256.1 124.4 269.8 134.6 80
2021000000210273 0.422 286.9 90.3 305.1 102.6 80
2021000000210273 0.422 234.3 115.0 243.1 135.5 80
2021000000210273 0.422 338.9 88.1 386.8 142.3 4
2021000000210273 0.404 628.4 133.4 640.1 169.6 80
2021000000210273 0.401 408.8 174.6 456.5 212.6 80
2021000000210273 0.400 111.7 246.2 144.3 275.5 80
2021000000210273 0.398 521.0 116.2 550.6 138.2 5
2021000000210273 0.397 114.8 166.3 127.9 193.6 80
2021000000210273 0.392 110.9 187.0 125.2 209.6 80
2021000000210273 0.392 532.5 84.2 551.8 99.6 80
2021000000210273 0.391 409.8 172.6 455.5 210.4 5
2021000000210273 0.391 498.4 76.9 520.4 97.4 80
2021000000210273 0.390 392.7 90.0 414.2 110.1 80
2021000000210273 0.386 191.9 147.1 203.2 169.0 80
2021000000210273 0.383 130.5 177.8 141.1 198.6 80
2021000000210273 0.382 234.4 113.1 243.0 134.6 80
2021000000210273 0.376 489.7 180.8 507.9 199.0 80
2021000000210273 0.370 357.4 69.7 386.9 95.2 80
2021000000210273 0.370 488.6 180.1 506.4 198.7 80
2021000000210273 0.366 447.7 72.2 479.6 110.0 80
2021000000210273 0.362 321.9 72.1 350.3 101.6 80
2021000000210273 0.361 595.3 80.7 632.4 123.0 4
2021000000210273 0.359 68.0 209.9 80.7 249.3 80
2021000000210273 0.359 357.4 69.7 386.9 95.2 4
2021000000210273 0.357 472.6 163.0 488.1 200.9 18
2021000000210273 0.353 308.7 228.8 374.8 271.1 80
2021000000210273 0.350 257.4 124.0 270.7 133.6 80
2021000000210273 0.350 45.0 60.4 616.3 283.3 80
2021000000210273 0.346 413.4 116.5 437.1 136.7 80
2021000000210273 0.344 205.1 125.8 213.8 153.3 80
2021000000210273 0.343 45.0 60.4 616.3 283.3 18
2021000000210273 0.343 404.6 99.6 430.5 119.4 80
2021000000210273 0.341 190.9 135.7 201.7 165.6 18
2021000000210273 0.341 157.2 170.2 176.5 190.1 80
2021000000210273 0.337 407.6 200.4 490.3 289.2 4
2021000000210273 0.336 157.2 170.2 176.5 190.1 18
2021000000210273 0.332 321.9 72.1 350.3 101.6 4
2021000000210273 0.331 190.9 135.7 201.7 165.6 80
2021000000210273 0.786 597.7 383.7 636.7 422.8 80
2021000000210273 0.712 8.3 253.2 23.4 290.1 80
2021000000210273 0.702 2.5 150.4 30.9 193.1 80
2021000000210273 0.699 67.3 212.8 79.1 249.9 80
2021000000210273 0.666 0.4 243.4 10.2 306.2 80
2021000000210273 0.649 0.4 254.7 18.1 308.3 80
2021000000210273 0.638 143.6 139.7 173.4 177.8 80
2021000000210273 0.626 93.1 186.6 226.3 330.8 4
2021000000210273 0.626 300.6 253.0 373.7 321.1 5
2021000000210273 0.623 575.8 156.9 587.4 185.0 80
2021000000210273 0.618 177.7 297.5 255.4 367.8 5
2021000000210273 0.615 58.5 144.5 241.0 237.1 80
2021000000210273 0.615 177.4 295.3 255.2 370.5 80
2021000000210273 0.614 554.9 129.6 649.3 203.8 80
2021000000210273 0.609 419.8 266.4 500.9 342.3 5
2021000000210273 0.598 634.5 109.3 640.8 147.9 80
2021000000210273 0.596 575.3 159.5 644.6 243.2 80
2021000000210273 0.595 301.0 249.2 373.7 319.9 80
2021000000210273 0.584 404.6 193.3 492.8 287.9 80
2021000000210273 0.575 320.5 310.1 375.5 365.9 80
2021000000210273 0.573 69.6 99.0 496.5 301.9 80
2021000000210273 0.568 69.5 212.2 81.5 251.2 80
2021000000210273 0.559 116.0 247.3 137.5 273.3 80
2021000000210273 0.554 268.4 219.9 326.8 268.9 5
2021000000210273 0.546 65.9 69.9 528.8 236.7 80
2021000000210273 0.541 225.2 134.8 297.4 224.6 4
2021000000210273 0.531 408.4 202.2 489.7 290.8 80
2021000000210273 0.528 367.7 121.0 426.7 195.2 4
2021000000210273 0.525 295.5 103.2 341.3 167.4 80
2021000000210273 0.524 354.2 67.4 582.7 182.6 80
2021000000210273 0.518 510.9 104.3 541.3 132.1 80
2021000000210273 0.514 266.4 164.9 285.5 187.3 80
2021000000210273 0.505 75.7 64.3 575.9 294.3 80
2021000000210273 0.501 253.5 55.0 594.9 222.8 80
2021000000210273 0.501 470.2 160.4 484.2 200.5 80
2021000000210273 0.498 505.3 140.5 540.8 168.7 5
2021000000210273 0.497 595.1 79.8 632.3 120.5 80
2021000000210273 0.497 313.3 143.4 378.5 223.1 4
2021000000210273 0.491 522.9 145.3 542.1 179.2 80
2021000000210273 0.477 570.5 70.5 611.3 114.4 4
2021000000210273 0.475 329.4 203.0 379.9 242.8 5
2021000000210273 0.475 115.0 168.7 128.9 189.8 80
2021000000210273 0.474 164.4 238.9 183.4 277.5 80
2021000000210273 0.472 221.7 112.8 231.4 137.2 80
2021000000210273 0.468 248.6 103.0 259.3 117.8 80
2021000000210273 0.467 126.1 50.3 615.5 298.4 80
2021000000210273 0.466 575.4 161.0 641.5 241.3 4
2021000000210273 0.459 533.0 158.9 551.2 197.5 18
2021000000210273 0.447 149.3 162.2 161.8 177.7 80
2021000000210273 0.446 0.6 256.1 19.0 315.4 18
2021000000210273 0.445 477.0 169.1 492.8 198.0 80
2021000000210273 0.440 318.0 309.7 392.4 373.4 5
2021000000210273 0.440 296.2 102.1 344.1 163.1 4
2021000000210273 0.440 148.1 170.1 160.0 190.6 80
2021000000210273 0.439 584.3 122.2 623.6 160.2 5
2021000000210273 0.438 341.1 90.8 387.5 145.9 80
2021000000210273 0.438 327.6 206.8 375.7 247.0 80
2021000000210273 0.436 449.9 73.9 481.6 112.9 4
2021000000210273 0.430 116.2 166.5 129.6 190.2 80
2021000000210273 0.429 147.5 173.6 158.8 191.4 80
2021000000210273 0.425 216.0 114.2 224.4 137.5 80
2021000000210273 0.424 256.1 124.4 269.8 134.6 80
2021000000210273 0.422 286.9 90.3 305.1 102.6 80
2021000000210273 0.422 234.3 115.0 243.1 135.5 80
2021000000210273 0.422 338.9 88.1 386.8 142.3 4
2021000000210273 0.404 628.4 133.4 640.1 169.6 80
2021000000210273 0.401 408.8 174.6 456.5 212.6 80
2021000000210273 0.400 111.7 246.2 144.3 275.5 80
2021000000210273 0.398 521.0 116.2 550.6 138.2 5
2021000000210273 0.397 114.8 166.3 127.9 193.6 80
2021000000210273 0.392 110.9 187.0 125.2 209.6 80
2021000000210273 0.392 532.5 84.2 551.8 99.6 80
2021000000210273 0.391 409.8 172.6 455.5 210.4 5
2021000000210273 0.391 498.4 76.9 520.4 97.4 80
2021000000210273 0.390 392.7 90.0 414.2 110.1 80
2021000000210273 0.386 191.9 147.1 203.2 169.0 80
2021000000210273 0.383 130.5 177.8 141.1 198.6 80
2021000000210273 0.382 234.4 113.1 243.0 134.6 80
2021000000210273 0.376 489.7 180.8 507.9 199.0 80
2021000000210273 0.370 357.4 69.7 386.9 95.2 80
2021000000210273 0.370 488.6 180.1 506.4 198.7 80
2021000000210273 0.366 447.7 72.2 479.6 110.0 80
2021000000210273 0.362 321.9 72.1 350.3 101.6 80
2021000000210273 0.361 595.3 80.7 632.4 123.0 4
2021000000210273 0.359 68.0 209.9 80.7 249.3 80
2021000000210273 0.359 357.4 69.7 386.9 95.2 4
2021000000210273 0.357 472.6 163.0 488.1 200.9 18
2021000000210273 0.353 308.7 228.8 374.8 271.1 80
2021000000210273 0.350 257.4 124.0 270.7 133.6 80
2021000000210273 0.350 45.0 60.4 616.3 283.3 80
2021000000210273 0.346 413.4 116.5 437.1 136.7 80
2021000000210273 0.344 205.1 125.8 213.8 153.3 80
2021000000210273 0.343 45.0 60.4 616.3 283.3 18
2021000000210273 0.343 404.6 99.6 430.5 119.4 80
2021000000210273 0.341 190.9 135.7 201.7 165.6 18
2021000000210273 0.341 157.2 170.2 176.5 190.1 80
2021000000210273 0.337 407.6 200.4 490.3 289.2 4
2021000000210273 0.336 157.2 170.2 176.5 190.1 18
2021000000210273 0.332 321.9 72.1 350.3 101.6 4
2021000000210273 0.331 190.9 135.7 201.7 165.6 80
2021000000210273 0.786 597.7 383.7 636.7 422.8 80
2021000000210273 0.712 8.3 253.2 23.4 290.1 80
2021000000210273 0.702 2.5 150.4 30.9 193.1 80
2021000000210273 0.699 67.3 212.8 79.1 249.9 80
2021000000210273 0.666 0.4 243.4 10.2 306.2 80
2021000000210273 0.649 0.4 254.7 18.1 308.3 80
2021000000210273 0.638 143.6 139.7 173.4 177.8 80
2021000000210273 0.626 93.1 186.6 226.3 330.8 4
2021000000210273 0.626 300.6 253.0 373.7 321.1 5
2021000000210273 0.623 575.8 156.9 587.4 185.0 80
2021000000210273 0.618 177.7 297.5 255.4 367.8 5
2021000000210273 0.615 58.5 144.5 241.0 237.1 80
2021000000210273 0.615 177.4 295.3 255.2 370.5 80
2021000000210273 0.614 554.9 129.6 649.3 203.8 80
2021000000210273 0.609 419.8 266.4 500.9 342.3 5
2021000000210273 0.598 634.5 109.3 640.8 147.9 80
2021000000210273 0.596 575.3 159.5 644.6 243.2 80
2021000000210273 0.595 301.0 249.2 373.7 319.9 80
2021000000210273 0.584 404.6 193.3 492.8 287.9 80
2021000000210273 0.575 320.5 310.1 375.5 365.9 80
2021000000210273 0.573 69.6 99.0 496.5 301.9 80
2021000000210273 0.568 69.5 212.2 81.5 251.2 80
2021000000210273 0.559 116.0 247.3 137.5 273.3 80
2021000000210273 0.554 268.4 219.9 326.8 268.9 5
2021000000210273 0.546 65.9 69.9 528.8 236.7 80
2021000000210273 0.541 225.2 134.8 297.4 224.6 4
2021000000210273 0.531 408.4 202.2 489.7 290.8 80
2021000000210273 0.528 367.7 121.0 426.7 195.2 4
2021000000210273 0.525 295.5 103.2 341.3 167.4 80
2021000000210273 0.524 354.2 67.4 582.7 182.6 80
2021000000210273 0.518 510.9 104.3 541.3 132.1 80
2021000000210273 0.514 266.4 164.9 285.5 187.3 80
2021000000210273 0.505 75.7 64.3 575.9 294.3 80
2021000000210273 0.501 253.5 55.0 594.9 222.8 80
2021000000210273 0.501 470.2 160.4 484.2 200.5 80
2021000000210273 0.498 505.3 140.5 540.8 168.7 5
2021000000210273 0.497 595.1 79.8 632.3 120.5 80
2021000000210273 0.497 313.3 143.4 378.5 223.1 4
2021000000210273 0.491 522.9 145.3 542.1 179.2 80
2021000000210273 0.477 570.5 70.5 611.3 114.4 4
2021000000210273 0.475 329.4 203.0 379.9 242.8 5
2021000000210273 0.475 115.0 168.7 128.9 189.8 80
2021000000210273 0.474 164.4 238.9 183.4 277.5 80
2021000000210273 0.472 221.7 112.8 231.4 137.2 80
2021000000210273 0.468 248.6 103.0 259.3 117.8 80
2021000000210273 0.467 126.1 50.3 615.5 298.4 80
2021000000210273 0.466 575.4 161.0 641.5 241.3 4
2021000000210273 0.459 533.0 158.9 551.2 197.5 18
2021000000210273 0.447 149.3 162.2 161.8 177.7 80
2021000000210273 0.446 0.6 256.1 19.0 315.4 18
2021000000210273 0.445 477.0 169.1 492.8 198.0 80
2021000000210273 0.440 318.0 309.7 392.4 373.4 5
2021000000210273 0.440 296.2 102.1 344.1 163.1 4
2021000000210273 0.440 148.1 170.1 160.0 190.6 80
2021000000210273 0.439 584.3 122.2 623.6 160.2 5
2021000000210273 0.438 341.1 90.8 387.5 145.9 80
2021000000210273 0.438 327.6 206.8 375.7 247.0 80
2021000000210273 0.436 449.9 73.9 481.6 112.9 4
2021000000210273 0.430 116.2 166.5 129.6 190.2 80
2021000000210273 0.429 147.5 173.6 158.8 191.4 80
2021000000210273 0.425 216.0 114.2 224.4 137.5 80
2021000000210273 0.424 256.1 124.4 269.8 134.6 80
2021000000210273 0.422 286.9 90.3 305.1 102.6 80
2021000000210273 0.422 234.3 115.0 243.1 135.5 80
2021000000210273 0.422 338.9 88.1 386.8 142.3 4
2021000000210273 0.404 628.4 133.4 640.1 169.6 80
2021000000210273 0.401 408.8 174.6 456.5 212.6 80
2021000000210273 0.400 111.7 246.2 144.3 275.5 80
2021000000210273 0.398 521.0 116.2 550.6 138.2 5
2021000000210273 0.397 114.8 166.3 127.9 193.6 80
2021000000210273 0.392 110.9 187.0 125.2 209.6 80
2021000000210273 0.392 532.5 84.2 551.8 99.6 80
2021000000210273 0.391 409.8 172.6 455.5 210.4 5
2021000000210273 0.391 498.4 76.9 520.4 97.4 80
2021000000210273 0.390 392.7 90.0 414.2 110.1 80
2021000000210273 0.386 191.9 147.1 203.2 169.0 80
2021000000210273 0.383 130.5 177.8 141.1 198.6 80
2021000000210273 0.382 234.4 113.1 243.0 134.6 80
2021000000210273 0.376 489.7 180.8 507.9 199.0 80
2021000000210273 0.370 357.4 69.7 386.9 95.2 80
2021000000210273 0.370 488.6 180.1 506.4 198.7 80
2021000000210273 0.366 447.7 72.2 479.6 110.0 80
2021000000210273 0.362 321.9 72.1 350.3 101.6 80
2021000000210273 0.361 595.3 80.7 632.4 123.0 4
2021000000210273 0.359 68.0 209.9 80.7 249.3 80
2021000000210273 0.359 357.4 69.7 386.9 95.2 4
2021000000210273 0.357 472.6 163.0 488.1 200.9 18
2021000000210273 0.353 308.7 228.8 374.8 271.1 80
2021000000210273 0.350 257.4 124.0 270.7 133.6 80
2021000000210273 0.350 45.0 60.4 616.3 283.3 80
2021000000210273 0.346 413.4 116.5 437.1 136.7 80
2021000000210273 0.344 205.1 125.8 213.8 153.3 80
2021000000210273 0.343 45.0 60.4 616.3 283.3 18
2021000000210273 0.343 404.6 99.6 430.5 119.4 80
2021000000210273 0.341 190.9 135.7 201.7 165.6 18
2021000000210273 0.341 157.2 170.2 176.5 190.1 80
2021000000210273 0.337 407.6 200.4 490.3 289.2 4
2021000000210273 0.336 157.2 170.2 176.5 190.1 18
2021000000210273 0.332 321.9 72.1 350.3 101.6 4
2021000000210273 0.331 190.9 135.7 201.7 165.6 80
2021000000210273 0.786 597.7 383.7 636.7 422.8 80
2021000000210273 0.712 8.3 253.2 23.4 290.1 80
2021000000210273 0.702 2.5 150.4 30.9 193.1 80
2021000000210273 0.699 67.3 212.8 79.1 249.9 80
2021000000210273 0.666 0.4 243.4 10.2 306.2 80
2021000000210273 0.649 0.4 254.7 18.1 308.3 80
2021000000210273 0.638 143.6 139.7 173.4 177.8 80
2021000000210273 0.626 93.1 186.6 226.3 330.8 4
2021000000210273 0.626 300.6 253.0 373.7 321.1 5
2021000000210273 0.623 575.8 156.9 587.4 185.0 80
2021000000210273 0.618 177.7 297.5 255.4 367.8 5
2021000000210273 0.615 58.5 144.5 241.0 237.1 80
2021000000210273 0.615 177.4 295.3 255.2 370.5 80
2021000000210273 0.614 554.9 129.6 649.3 203.8 80
2021000000210273 0.609 419.8 266.4 500.9 342.3 5
2021000000210273 0.598 634.5 109.3 640.8 147.9 80
2021000000210273 0.596 575.3 159.5 644.6 243.2 80
2021000000210273 0.595 301.0 249.2 373.7 319.9 80
2021000000210273 0.584 404.6 193.3 492.8 287.9 80
2021000000210273 0.575 320.5 310.1 375.5 365.9 80
2021000000210273 0.573 69.6 99.0 496.5 301.9 80
2021000000210273 0.568 69.5 212.2 81.5 251.2 80
2021000000210273 0.559 116.0 247.3 137.5 273.3 80
2021000000210273 0.554 268.4 219.9 326.8 268.9 5
2021000000210273 0.546 65.9 69.9 528.8 236.7 80
2021000000210273 0.541 225.2 134.8 297.4 224.6 4
2021000000210273 0.531 408.4 202.2 489.7 290.8 80
2021000000210273 0.528 367.7 121.0 426.7 195.2 4
2021000000210273 0.525 295.5 103.2 341.3 167.4 80
2021000000210273 0.524 354.2 67.4 582.7 182.6 80
2021000000210273 0.518 510.9 104.3 541.3 132.1 80
2021000000210273 0.514 266.4 164.9 285.5 187.3 80
2021000000210273 0.505 75.7 64.3 575.9 294.3 80
2021000000210273 0.501 253.5 55.0 594.9 222.8 80
2021000000210273 0.501 470.2 160.4 484.2 200.5 80
2021000000210273 0.498 505.3 140.5 540.8 168.7 5
2021000000210273 0.497 595.1 79.8 632.3 120.5 80
2021000000210273 0.497 313.3 143.4 378.5 223.1 4
2021000000210273 0.491 522.9 145.3 542.1 179.2 80
2021000000210273 0.477 570.5 70.5 611.3 114.4 4
2021000000210273 0.475 329.4 203.0 379.9 242.8 5
2021000000210273 0.475 115.0 168.7 128.9 189.8 80
2021000000210273 0.474 164.4 238.9 183.4 277.5 80
2021000000210273 0.472 221.7 112.8 231.4 137.2 80
2021000000210273 0.468 248.6 103.0 259.3 117.8 80
2021000000210273 0.467 126.1 50.3 615.5 298.4 80
2021000000210273 0.466 575.4 161.0 641.5 241.3 4
2021000000210273 0.459 533.0 158.9 551.2 197.5 18
2021000000210273 0.447 149.3 162.2 161.8 177.7 80
2021000000210273 0.446 0.6 256.1 19.0 315.4 18
2021000000210273 0.445 477.0 169.1 492.8 198.0 80
2021000000210273 0.440 318.0 309.7 392.4 373.4 5
2021000000210273 0.440 296.2 102.1 344.1 163.1 4
2021000000210273 0.440 148.1 170.1 160.0 190.6 80
2021000000210273 0.439 584.3 122.2 623.6 160.2 5
2021000000210273 0.438 341.1 90.8 387.5 145.9 80
2021000000210273 0.438 327.6 206.8 375.7 247.0 80
2021000000210273 0.436 449.9 73.9 481.6 112.9 4
2021000000210273 0.430 116.2 166.5 129.6 190.2 80
2021000000210273 0.429 147.5 173.6 158.8 191.4 80
2021000000210273 0.425 216.0 114.2 224.4 137.5 80
2021000000210273 0.424 256.1 124.4 269.8 134.6 80
2021000000210273 0.422 286.9 90.3 305.1 102.6 80
2021000000210273 0.422 234.3 115.0 243.1 135.5 80
2021000000210273 0.422 338.9 88.1 386.8 142.3 4
2021000000210273 0.404 628.4 133.4 640.1 169.6 80
2021000000210273 0.401 408.8 174.6 456.5 212.6 80
2021000000210273 0.400 111.7 246.2 144.3 275.5 80
2021000000210273 0.398 521.0 116.2 550.6 138.2 5
2021000000210273 0.397 114.8 166.3 127.9 193.6 80
2021000000210273 0.392 110.9 187.0 125.2 209.6 80
2021000000210273 0.392 532.5 84.2 551.8 99.6 80
2021000000210273 0.391 409.8 172.6 455.5 210.4 5
2021000000210273 0.391 498.4 76.9 520.4 97.4 80
2021000000210273 0.390 392.7 90.0 414.2 110.1 80
2021000000210273 0.386 191.9 147.1 203.2 169.0 80
2021000000210273 0.383 130.5 177.8 141.1 198.6 80
2021000000210273 0.382 234.4 113.1 243.0 134.6 80
2021000000210273 0.376 489.7 180.8 507.9 199.0 80
2021000000210273 0.370 357.4 69.7 386.9 95.2 80
2021000000210273 0.370 488.6 180.1 506.4 198.7 80
2021000000210273 0.366 447.7 72.2 479.6 110.0 80
2021000000210273 0.362 321.9 72.1 350.3 101.6 80
2021000000210273 0.361 595.3 80.7 632.4 123.0 4
2021000000210273 0.359 68.0 209.9 80.7 249.3 80
2021000000210273 0.359 357.4 69.7 386.9 95.2 4
2021000000210273 0.357 472.6 163.0 488.1 200.9 18
2021000000210273 0.353 308.7 228.8 374.8 271.1 80
2021000000210273 0.350 257.4 124.0 270.7 133.6 80
2021000000210273 0.350 45.0 60.4 616.3 283.3 80
2021000000210273 0.346 413.4 116.5 437.1 136.7 80
2021000000210273 0.344 205.1 125.8 213.8 153.3 80
2021000000210273 0.343 45.0 60.4 616.3 283.3 18
2021000000210273 0.343 404.6 99.6 430.5 119.4 80
2021000000210273 0.341 190.9 135.7 201.7 165.6 18
2021000000210273 0.341 157.2 170.2 176.5 190.1 80
2021000000210273 0.337 407.6 200.4 490.3 289.2 4
2021000000210273 0.336 157.2 170.2 176.5 190.1 18
2021000000210273 0.332 321.9 72.1 350.3 101.6 4
2021000000210273 0.331 190.9 135.7 201.7 165.6 80
2021000000210273 0.786 597.7 383.7 636.7 422.8 80
2021000000210273 0.712 8.3 253.2 23.4 290.1 80
2021000000210273 0.702 2.5 150.4 30.9 193.1 80
2021000000210273 0.699 67.3 212.8 79.1 249.9 80
2021000000210273 0.666 0.4 243.4 10.2 306.2 80
2021000000210273 0.649 0.4 254.7 18.1 308.3 80
2021000000210273 0.638 143.6 139.7 173.4 177.8 80
2021000000210273 0.626 93.1 186.6 226.3 330.8 4
2021000000210273 0.626 300.6 253.0 373.7 321.1 5
2021000000210273 0.623 575.8 156.9 587.4 185.0 80
2021000000210273 0.618 177.7 297.5 255.4 367.8 5
2021000000210273 0.615 58.5 144.5 241.0 237.1 80
2021000000210273 0.615 177.4 295.3 255.2 370.5 80
2021000000210273 0.614 554.9 129.6 649.3 203.8 80
2021000000210273 0.609 419.8 266.4 500.9 342.3 5
2021000000210273 0.598 634.5 109.3 640.8 147.9 80
2021000000210273 0.596 575.3 159.5 644.6 243.2 80
2021000000210273 0.595 301.0 249.2 373.7 319.9 80
2021000000210273 0.584 404.6 193.3 492.8 287.9 80
2021000000210273 0.575 320.5 310.1 375.5 365.9 80
2021000000210273 0.573 69.6 99.0 496.5 301.9 80
2021000000210273 0.568 69.5 212.2 81.5 251.2 80
2021000000210273 0.559 116.0 247.3 137.5 273.3 80
2021000000210273 0.554 268.4 219.9 326.8 268.9 5
2021000000210273 0.546 65.9 69.9 528.8 236.7 80
2021000000210273 0.541 225.2 134.8 297.4 224.6 4
2021000000210273 0.531 408.4 202.2 489.7 290.8 80
2021000000210273 0.528 367.7 121.0 426.7 195.2 4
2021000000210273 0.525 295.5 103.2 341.3 167.4 80
2021000000210273 0.524 354.2 67.4 582.7 182.6 80
2021000000210273 0.518 510.9 104.3 541.3 132.1 80
2021000000210273 0.514 266.4 164.9 285.5 187.3 80
2021000000210273 0.505 75.7 64.3 575.9 294.3 80
2021000000210273 0.501 253.5 55.0 594.9 222.8 80
2021000000210273 0.501 470.2 160.4 484.2 200.5 80
2021000000210273 0.498 505.3 140.5 540.8 168.7 5
2021000000210273 0.497 595.1 79.8 632.3 120.5 80
2021000000210273 0.497 313.3 143.4 378.5 223.1 4
2021000000210273 0.491 522.9 145.3 542.1 179.2 80
2021000000210273 0.477 570.5 70.5 611.3 114.4 4
2021000000210273 0.475 329.4 203.0 379.9 242.8 5
2021000000210273 0.475 115.0 168.7 128.9 189.8 80
2021000000210273 0.474 164.4 238.9 183.4 277.5 80
2021000000210273 0.472 221.7 112.8 231.4 137.2 80
2021000000210273 0.468 248.6 103.0 259.3 117.8 80
2021000000210273 0.467 126.1 50.3 615.5 298.4 80
2021000000210273 0.466 575.4 161.0 641.5 241.3 4
2021000000210273 0.459 533.0 158.9 551.2 197.5 18
2021000000210273 0.447 149.3 162.2 161.8 177.7 80
2021000000210273 0.446 0.6 256.1 19.0 315.4 18
2021000000210273 0.445 477.0 169.1 492.8 198.0 80
2021000000210273 0.440 318.0 309.7 392.4 373.4 5
2021000000210273 0.440 296.2 102.1 344.1 163.1 4
2021000000210273 0.440 148.1 170.1 160.0 190.6 80
2021000000210273 0.439 584.3 122.2 623.6 160.2 5
2021000000210273 0.438 341.1 90.8 387.5 145.9 80
2021000000210273 0.438 327.6 206.8 375.7 247.0 80
2021000000210273 0.436 449.9 73.9 481.6 112.9 4
2021000000210273 0.430 116.2 166.5 129.6 190.2 80
2021000000210273 0.429 147.5 173.6 158.8 191.4 80
2021000000210273 0.425 216.0 114.2 224.4 137.5 80
2021000000210273 0.424 256.1 124.4 269.8 134.6 80
2021000000210273 0.422 286.9 90.3 305.1 102.6 80
2021000000210273 0.422 234.3 115.0 243.1 135.5 80
2021000000210273 0.422 338.9 88.1 386.8 142.3 4
2021000000210273 0.404 628.4 133.4 640.1 169.6 80
2021000000210273 0.401 408.8 174.6 456.5 212.6 80
2021000000210273 0.400 111.7 246.2 144.3 275.5 80
2021000000210273 0.398 521.0 116.2 550.6 138.2 5
2021000000210273 0.397 114.8 166.3 127.9 193.6 80
2021000000210273 0.392 110.9 187.0 125.2 209.6 80
2021000000210273 0.392 532.5 84.2 551.8 99.6 80
2021000000210273 0.391 409.8 172.6 455.5 210.4 5
2021000000210273 0.391 498.4 76.9 520.4 97.4 80
2021000000210273 0.390 392.7 90.0 414.2 110.1 80
2021000000210273 0.386 191.9 147.1 203.2 169.0 80
2021000000210273 0.383 130.5 177.8 141.1 198.6 80
2021000000210273 0.382 234.4 113.1 243.0 134.6 80
2021000000210273 0.376 489.7 180.8 507.9 199.0 80
2021000000210273 0.370 357.4 69.7 386.9 95.2 80
2021000000210273 0.370 488.6 180.1 506.4 198.7 80
2021000000210273 0.366 447.7 72.2 479.6 110.0 80
2021000000210273 0.362 321.9 72.1 350.3 101.6 80
2021000000210273 0.361 595.3 80.7 632.4 123.0 4
2021000000210273 0.359 68.0 209.9 80.7 249.3 80
2021000000210273 0.359 357.4 69.7 386.9 95.2 4
2021000000210273 0.357 472.6 163.0 488.1 200.9 18
2021000000210273 0.353 308.7 228.8 374.8 271.1 80
2021000000210273 0.350 257.4 124.0 270.7 133.6 80
2021000000210273 0.350 45.0 60.4 616.3 283.3 80
2021000000210273 0.346 413.4 116.5 437.1 136.7 80
2021000000210273 0.344 205.1 125.8 213.8 153.3 80
2021000000210273 0.343 45.0 60.4 616.3 283.3 18
2021000000210273 0.343 404.6 99.6 430.5 119.4 80
2021000000210273 0.341 190.9 135.7 201.7 165.6 18
2021000000210273 0.341 157.2 170.2 176.5 190.1 80
2021000000210273 0.337 407.6 200.4 490.3 289.2 4
2021000000210273 0.336 157.2 170.2 176.5 190.1 18
2021000000210273 0.332 321.9 72.1 350.3 101.6 4
2021000000210273 0.331 190.9 135.7 201.7 165.6 80
2021000000210273 0.786 597.7 383.7 636.7 422.8 80
2021000000210273 0.712 8.3 253.2 23.4 290.1 80
2021000000210273 0.702 2.5 150.4 30.9 193.1 80
2021000000210273 0.699 67.3 212.8 79.1 249.9 80
2021000000210273 0.666 0.4 243.4 10.2 306.2 80
2021000000210273 0.649 0.4 254.7 18.1 308.3 80
2021000000210273 0.638 143.6 139.7 173.4 177.8 80
2021000000210273 0.626 93.1 186.6 226.3 330.8 4
2021000000210273 0.626 300.6 253.0 373.7 321.1 5
2021000000210273 0.623 575.8 156.9 587.4 185.0 80
2021000000210273 0.618 177.7 297.5 255.4 367.8 5
2021000000210273 0.615 58.5 144.5 241.0 237.1 80
2021000000210273 0.615 177.4 295.3 255.2 370.5 80
2021000000210273 0.614 554.9 129.6 649.3 203.8 80
2021000000210273 0.609 419.8 266.4 500.9 342.3 5
2021000000210273 0.598 634.5 109.3 640.8 147.9 80
2021000000210273 0.596 575.3 159.5 644.6 243.2 80
2021000000210273 0.595 301.0 249.2 373.7 319.9 80
2021000000210273 0.584 404.6 193.3 492.8 287.9 80
2021000000210273 0.575 320.5 310.1 375.5 365.9 80
2021000000210273 0.573 69.6 99.0 496.5 301.9 80
2021000000210273 0.568 69.5 212.2 81.5 251.2 80
2021000000210273 0.559 116.0 247.3 137.5 273.3 80
2021000000210273 0.554 268.4 219.9 326.8 268.9 5
2021000000210273 0.546 65.9 69.9 528.8 236.7 80
2021000000210273 0.541 225.2 134.8 297.4 224.6 4
2021000000210273 0.531 408.4 202.2 489.7 290.8 80
2021000000210273 0.528 367.7 121.0 426.7 195.2 4
2021000000210273 0.525 295.5 103.2 341.3 167.4 80
2021000000210273 0.524 354.2 67.4 582.7 182.6 80
2021000000210273 0.518 510.9 104.3 541.3 132.1 80
2021000000210273 0.514 266.4 164.9 285.5 187.3 80
2021000000210273 0.505 75.7 64.3 575.9 294.3 80
2021000000210273 0.501 253.5 55.0 594.9 222.8 80
2021000000210273 0.501 470.2 160.4 484.2 200.5 80
2021000000210273 0.498 505.3 140.5 540.8 168.7 5
2021000000210273 0.497 595.1 79.8 632.3 120.5 80
2021000000210273 0.497 313.3 143.4 378.5 223.1 4
2021000000210273 0.491 522.9 145.3 542.1 179.2 80
2021000000210273 0.477 570.5 70.5 611.3 114.4 4
2021000000210273 0.475 329.4 203.0 379.9 242.8 5
2021000000210273 0.475 115.0 168.7 128.9 189.8 80
2021000000210273 0.474 164.4 238.9 183.4 277.5 80
2021000000210273 0.472 221.7 112.8 231.4 137.2 80
2021000000210273 0.468 248.6 103.0 259.3 117.8 80
2021000000210273 0.467 126.1 50.3 615.5 298.4 80
2021000000210273 0.466 575.4 161.0 641.5 241.3 4
2021000000210273 0.459 533.0 158.9 551.2 197.5 18
2021000000210273 0.447 149.3 162.2 161.8 177.7 80
2021000000210273 0.446 0.6 256.1 19.0 315.4 18
2021000000210273 0.445 477.0 169.1 492.8 198.0 80
2021000000210273 0.440 318.0 309.7 392.4 373.4 5
2021000000210273 0.440 296.2 102.1 344.1 163.1 4
2021000000210273 0.440 148.1 170.1 160.0 190.6 80
2021000000210273 0.439 584.3 122.2 623.6 160.2 5
2021000000210273 0.438 341.1 90.8 387.5 145.9 80
2021000000210273 0.438 327.6 206.8 375.7 247.0 80
2021000000210273 0.436 449.9 73.9 481.6 112.9 4
2021000000210273 0.430 116.2 166.5 129.6 190.2 80
2021000000210273 0.429 147.5 173.6 158.8 191.4 80
2021000000210273 0.425 216.0 114.2 224.4 137.5 80
2021000000210273 0.424 256.1 124.4 269.8 134.6 80
2021000000210273 0.422 286.9 90.3 305.1 102.6 80
2021000000210273 0.422 234.3 115.0 243.1 135.5 80
2021000000210273 0.422 338.9 88.1 386.8 142.3 4
2021000000210273 0.404 628.4 133.4 640.1 169.6 80
2021000000210273 0.401 408.8 174.6 456.5 212.6 80
2021000000210273 0.400 111.7 246.2 144.3 275.5 80
2021000000210273 0.398 521.0 116.2 550.6 138.2 5
2021000000210273 0.397 114.8 166.3 127.9 193.6 80
2021000000210273 0.392 110.9 187.0 125.2 209.6 80
2021000000210273 0.392 532.5 84.2 551.8 99.6 80
2021000000210273 0.391 409.8 172.6 455.5 210.4 5
2021000000210273 0.391 498.4 76.9 520.4 97.4 80
2021000000210273 0.390 392.7 90.0 414.2 110.1 80
2021000000210273 0.386 191.9 147.1 203.2 169.0 80
2021000000210273 0.383 130.5 177.8 141.1 198.6 80
2021000000210273 0.382 234.4 113.1 243.0 134.6 80
2021000000210273 0.376 489.7 180.8 507.9 199.0 80
2021000000210273 0.370 357.4 69.7 386.9 95.2 80
2021000000210273 0.370 488.6 180.1 506.4 198.7 80
2021000000210273 0.366 447.7 72.2 479.6 110.0 80
2021000000210273 0.362 321.9 72.1 350.3 101.6 80
2021000000210273 0.361 595.3 80.7 632.4 123.0 4
2021000000210273 0.359 68.0 209.9 80.7 249.3 80
2021000000210273 0.359 357.4 69.7 386.9 95.2 4
2021000000210273 0.357 472.6 163.0 488.1 200.9 18
2021000000210273 0.353 308.7 228.8 374.8 271.1 80
2021000000210273 0.350 257.4 124.0 270.7 133.6 80
2021000000210273 0.350 45.0 60.4 616.3 283.3 80
2021000000210273 0.346 413.4 116.5 437.1 136.7 80
2021000000210273 0.344 205.1 125.8 213.8 153.3 80
2021000000210273 0.343 45.0 60.4 616.3 283.3 18
2021000000210273 0.343 404.6 99.6 430.5 119.4 80
2021000000210273 0.341 190.9 135.7 201.7 165.6 18
2021000000210273 0.341 157.2 170.2 176.5 190.1 80
2021000000210273 0.337 407.6 200.4 490.3 289.2 4
2021000000210273 0.336 157.2 170.2 176.5 190.1 18
2021000000210273 0.332 321.9 72.1 350.3 101.6 4
2021000000210273 0.331 190.9 135.7 201.7 165.6 80
2021000000210273 0.786 597.7 383.7 636.7 422.8 80
2021000000210273 0.712 8.3 253.2 23.4 290.1 80
2021000000210273 0.702 2.5 150.4 30.9 193.1 80
2021000000210273 0.699 67.3 212.8 79.1 249.9 80
2021000000210273 0.666 0.4 243.4 10.2 306.2 80
2021000000210273 0.649 0.4 254.7 18.1 308.3 80
2021000000210273 0.638 143.6 139.7 173.4 177.8 80
2021000000210273 0.626 93.1 186.6 226.3 330.8 4
2021000000210273 0.626 300.6 253.0 373.7 321.1 5
2021000000210273 0.623 575.8 156.9 587.4 185.0 80
2021000000210273 0.618 177.7 297.5 255.4 367.8 5
2021000000210273 0.615 58.5 144.5 241.0 237.1 80
2021000000210273 0.615 177.4 295.3 255.2 370.5 80
2021000000210273 0.614 554.9 129.6 649.3 203.8 80
2021000000210273 0.609 419.8 266.4 500.9 342.3 5
2021000000210273 0.598 634.5 109.3 640.8 147.9 80
2021000000210273 0.596 575.3 159.5 644.6 243.2 80
2021000000210273 0.595 301.0 249.2 373.7 319.9 80
2021000000210273 0.584 404.6 193.3 492.8 287.9 80
2021000000210273 0.575 320.5 310.1 375.5 365.9 80
2021000000210273 0.573 69.6 99.0 496.5 301.9 80
2021000000210273 0.568 69.5 212.2 81.5 251.2 80
2021000000210273 0.559 116.0 247.3 137.5 273.3 80
2021000000210273 0.554 268.4 219.9 326.8 268.9 5
2021000000210273 0.546 65.9 69.9 528.8 236.7 80
2021000000210273 0.541 225.2 134.8 297.4 224.6 4
2021000000210273 0.531 408.4 202.2 489.7 290.8 80
2021000000210273 0.528 367.7 121.0 426.7 195.2 4
2021000000210273 0.525 295.5 103.2 341.3 167.4 80
2021000000210273 0.524 354.2 67.4 582.7 182.6 80
2021000000210273 0.518 510.9 104.3 541.3 132.1 80
2021000000210273 0.514 266.4 164.9 285.5 187.3 80
2021000000210273 0.505 75.7 64.3 575.9 294.3 80
2021000000210273 0.501 253.5 55.0 594.9 222.8 80
2021000000210273 0.501 470.2 160.4 484.2 200.5 80
2021000000210273 0.498 505.3 140.5 540.8 168.7 5
2021000000210273 0.497 595.1 79.8 632.3 120.5 80
2021000000210273 0.497 313.3 143.4 378.5 223.1 4
2021000000210273 0.491 522.9 145.3 542.1 179.2 80
2021000000210273 0.477 570.5 70.5 611.3 114.4 4
2021000000210273 0.475 329.4 203.0 379.9 242.8 5
2021000000210273 0.475 115.0 168.7 128.9 189.8 80
2021000000210273 0.474 164.4 238.9 183.4 277.5 80
2021000000210273 0.472 221.7 112.8 231.4 137.2 80
2021000000210273 0.468 248.6 103.0 259.3 117.8 80
2021000000210273 0.467 126.1 50.3 615.5 298.4 80
2021000000210273 0.466 575.4 161.0 641.5 241.3 4
2021000000210273 0.459 533.0 158.9 551.2 197.5 18
2021000000210273 0.447 149.3 162.2 161.8 177.7 80
2021000000210273 0.446 0.6 256.1 19.0 315.4 18
2021000000210273 0.445 477.0 169.1 492.8 198.0 80
2021000000210273 0.440 318.0 309.7 392.4 373.4 5
2021000000210273 0.440 296.2 102.1 344.1 163.1 4
2021000000210273 0.440 148.1 170.1 160.0 190.6 80
2021000000210273 0.439 584.3 122.2 623.6 160.2 5
2021000000210273 0.438 341.1 90.8 387.5 145.9 80
2021000000210273 0.438 327.6 206.8 375.7 247.0 80
2021000000210273 0.436 449.9 73.9 481.6 112.9 4
2021000000210273 0.430 116.2 166.5 129.6 190.2 80
2021000000210273 0.429 147.5 173.6 158.8 191.4 80
2021000000210273 0.425 216.0 114.2 224.4 137.5 80
2021000000210273 0.424 256.1 124.4 269.8 134.6 80
2021000000210273 0.422 286.9 90.3 305.1 102.6 80
2021000000210273 0.422 234.3 115.0 243.1 135.5 80
2021000000210273 0.422 338.9 88.1 386.8 142.3 4
2021000000210273 0.404 628.4 133.4 640.1 169.6 80
2021000000210273 0.401 408.8 174.6 456.5 212.6 80
2021000000210273 0.400 111.7 246.2 144.3 275.5 80
2021000000210273 0.398 521.0 116.2 550.6 138.2 5
2021000000210273 0.397 114.8 166.3 127.9 193.6 80
2021000000210273 0.392 110.9 187.0 125.2 209.6 80
2021000000210273 0.392 532.5 84.2 551.8 99.6 80
2021000000210273 0.391 409.8 172.6 455.5 210.4 5
2021000000210273 0.391 498.4 76.9 520.4 97.4 80
2021000000210273 0.390 392.7 90.0 414.2 110.1 80
2021000000210273 0.386 191.9 147.1 203.2 169.0 80
2021000000210273 0.383 130.5 177.8 141.1 198.6 80
2021000000210273 0.382 234.4 113.1 243.0 134.6 80
2021000000210273 0.376 489.7 180.8 507.9 199.0 80
2021000000210273 0.370 357.4 69.7 386.9 95.2 80
2021000000210273 0.370 488.6 180.1 506.4 198.7 80
2021000000210273 0.366 447.7 72.2 479.6 110.0 80
2021000000210273 0.362 321.9 72.1 350.3 101.6 80
2021000000210273 0.361 595.3 80.7 632.4 123.0 4
2021000000210273 0.359 68.0 209.9 80.7 249.3 80
2021000000210273 0.359 357.4 69.7 386.9 95.2 4
2021000000210273 0.357 472.6 163.0 488.1 200.9 18
2021000000210273 0.353 308.7 228.8 374.8 271.1 80
2021000000210273 0.350 257.4 124.0 270.7 133.6 80
2021000000210273 0.350 45.0 60.4 616.3 283.3 80
2021000000210273 0.346 413.4 116.5 437.1 136.7 80
2021000000210273 0.344 205.1 125.8 213.8 153.3 80
2021000000210273 0.343 45.0 60.4 616.3 283.3 18
2021000000210273 0.343 404.6 99.6 430.5 119.4 80
2021000000210273 0.341 190.9 135.7 201.7 165.6 18
2021000000210273 0.341 157.2 170.2 176.5 190.1 80
2021000000210273 0.337 407.6 200.4 490.3 289.2 4
2021000000210273 0.336 157.2 170.2 176.5 190.1 18
2021000000210273 0.332 321.9 72.1 350.3 101.6 4
2021000000210273 0.331 190.9 135.7 201.7 165.6 80
