000002 0.713 31.9 319.7 62.0 349.4 80
000002 0.667 36.8 318.1 65.7 346.2 80
000002 0.649 313.6 459.0 336.8 495.1 80
000002 0.649 146.6 229.3 159.7 255.8 80
000002 0.648 142.2 205.8 201.9 274.5 80
000002 0.640 142.6 203.9 208.7 291.0 80
000002 0.624 300.1 251.8 331.3 307.9 80
000002 0.623 144.5 203.8 196.0 255.6 80
000002 0.613 167.7 213.6 195.4 242.2 80
000002 0.612 139.8 200.6 208.9 298.8 18
000002 0.600 330.8 261.5 335.3 306.2 80
000002 0.592 327.1 174.1 335.1 289.2 80
000002 0.586 141.8 201.1 209.6 298.7 80
000002 0.584 331.6 155.3 335.3 195.8 80
000002 0.575 138.2 231.2 203.2 298.3 80
000002 0.565 2.4 218.4 10.7 262.5 80
000002 0.524 333.0 329.5 335.3 381.1 80
000002 0.522 1.1 207.0 5.5 256.7 80
000002 0.507 0.8 225.9 5.5 276.5 80
000002 0.490 331.2 249.3 334.8 346.8 80
000002 0.344 1.5 133.2 5.7 404.9 80
000002 0.342 333.9 24.4 335.2 80.4 80
000002 0.341 327.3 34.3 336.1 368.6 80
000002 0.334 105.5 189.2 224.2 293.7 80
000002 0.293 1.1 36.0 2.6 124.2 80
000002 0.289 1.3 45.5 7.5 230.3 80
000002 0.271 333.9 343.5 335.2 441.7 80
000002 0.260 331.7 175.7 334.5 460.9 80
000002 0.253 35.9 435.8 314.3 501.6 80
000002 0.247 0.8 284.5 2.5 438.1 80
000002 0.229 333.1 58.0 335.5 236.3 80
000002 0.228 327.8 72.7 334.0 404.7 80
000002 0.227 0.6 80.6 9.8 367.0 80
000002 0.196 0.4 396.3 7.7 510.1 80
000002 0.188 1.4 224.2 12.4 493.5 80
000002 0.177 80.7 484.9 260.0 502.0 80
000002 0.172 208.9 481.1 325.6 504.1 80
000002 0.167 301.7 110.2 329.4 471.7 80
000002 0.160 155.7 472.5 280.8 501.7 80
000002 0.159 173.4 384.4 330.1 504.0 80
000002 0.159 144.6 270.3 212.3 311.6 80
000002 0.155 116.8 419.7 258.9 500.4 80
000002 0.155 139.8 200.6 208.9 298.8 12
000002 0.153 30.0 409.7 157.0 502.7 80
000002 0.151 79.5 413.4 213.8 497.9 80
000002 0.150 232.0 281.3 335.8 482.6 80
000002 0.144 66.1 223.9 208.9 315.7 80
000002 0.142 4.1 270.1 121.2 489.8 80
000002 0.142 275.5 451.3 335.5 500.3 80
000002 0.142 140.8 291.0 170.6 341.9 80
000002 0.138 195.6 308.2 221.1 351.4 80
000002 0.137 203.8 182.9 325.8 445.5 80
000002 0.137 9.1 443.5 60.3 498.8 80
000002 0.137 38.1 287.5 197.2 464.5 80
000002 0.136 63.6 147.7 270.9 362.1 80
000002 0.136 127.8 313.1 158.1 359.2 80
000002 0.135 131.1 276.9 292.5 463.0 80
000002 0.134 160.2 262.6 317.8 453.7 80
000002 0.134 135.8 222.4 207.1 288.8 80
000002 0.134 77.8 316.2 262.8 468.6 80
000002 0.132 89.1 269.1 250.7 443.7 80
000002 0.132 54.0 252.6 220.6 431.0 80
000002 0.131 16.5 225.2 165.0 436.7 80
000002 0.131 72.0 236.9 264.0 401.9 80
000002 0.127 32.4 336.3 59.5 386.3 80
000002 0.127 120.7 341.0 169.2 396.0 80
000002 0.125 72.9 470.1 155.5 502.7 80
000002 0.125 30.0 209.0 183.0 400.8 80
000002 0.125 29.3 475.5 110.4 503.6 80
000002 0.124 59.0 332.3 93.1 384.5 80
000002 0.123 32.6 235.2 111.4 362.9 80
000002 0.123 213.9 319.0 251.1 373.8 80
000002 0.120 149.3 190.6 298.4 309.8 80
000002 0.119 85.0 292.0 151.3 368.2 80
000002 0.117 60.7 237.1 134.6 315.2 80
000002 0.117 202.8 222.9 290.9 293.6 80
000002 0.116 149.8 249.3 289.2 366.2 80
000002 0.116 240.2 255.2 310.2 347.6 80
000002 0.113 237.7 176.3 332.1 284.2 80
000002 0.113 6.6 176.7 49.9 259.4 80
000002 0.112 25.6 112.3 212.3 211.3 80
000002 0.112 11.4 192.7 120.2 276.1 80
000002 0.109 -40.0 34.6 226.9 115.3 80
000002 0.108 31.9 9.2 355.8 100.5 80
000002 0.108 81.8 44.8 382.8 149.5 80
000002 0.107 1.0 -5.3 24.8 34.1 80
000002 0.107 125.5 28.8 411.7 115.3 80
000002 0.107 -77.2 25.5 202.3 100.2 80
000002 0.106 -30.4 -0.3 301.0 59.5 80
000002 0.106 0.5 -0.3 331.8 59.4 80
000002 0.106 197.0 20.8 412.9 90.9 80
000002 0.103 139.8 200.6 208.9 298.8 3
000002 0.102 48.5 -3.9 382.5 45.0 80
000002 0.100 -122.0 -1.8 210.6 27.6 80
000002 0.094 84.9 -6.2 418.9 35.1 80
000002 0.092 -57.3 -4.4 276.7 30.1 80
000002 0.092 -24.3 -4.1 309.7 28.6 80
000002 0.091 -92.1 -2.0 241.7 29.9 80
000002 0.091 106.5 -2.2 440.5 30.9 80
000002 0.091 55.7 -3.6 389.7 29.2 80
