001423 0.744 123.6 74.2 371.6 333.0 14
001423 0.702 130.6 65.3 181.7 146.3 80
001423 0.697 288.5 70.7 377.6 174.5 80
001423 0.696 128.6 63.3 279.9 332.3 80
001423 0.695 194.5 66.5 370.0 327.0 80
001423 0.690 2.1 17.5 38.0 96.3 80
001423 0.671 119.8 63.3 377.8 331.4 80
001423 0.668 277.3 60.7 379.6 331.5 80
001423 0.662 264.1 61.3 378.3 315.5 80
001423 0.656 112.7 73.1 394.7 328.3 80
001423 0.655 76.0 43.2 455.6 329.6 80
001423 0.655 467.2 304.4 498.2 332.8 80
001423 0.641 342.5 76.5 375.1 124.3 80
001423 0.641 108.7 50.4 366.2 330.5 80
001423 0.632 117.6 81.6 378.1 327.3 80
001423 0.621 125.4 56.0 210.6 326.3 80
001423 0.604 1.9 16.6 53.8 328.0 80
001423 0.602 117.0 49.1 504.2 328.3 80
001423 0.597 -3.8 12.1 124.8 329.9 80
001423 0.589 51.5 318.7 177.1 332.7 80
001423 0.586 116.3 76.1 376.1 322.6 80
001423 0.584 263.7 63.6 376.5 326.1 80
001423 0.578 361.3 39.9 502.4 336.6 80
001423 0.550 339.1 41.4 508.5 330.9 80
001423 0.539 4.2 314.9 61.0 333.0 80
001423 0.529 342.9 80.4 371.1 129.0 80
001423 0.523 2.7 8.2 113.3 329.3 80
001423 0.513 128.0 316.0 243.2 333.2 80
001423 0.503 39.3 316.6 133.3 333.2 80
001423 0.502 3.5 23.2 104.7 332.9 80
001423 0.498 120.9 59.7 216.8 329.4 80
001423 0.494 2.4 20.2 33.7 59.5 80
001423 0.471 497.2 114.7 500.0 234.0 80
001423 0.448 497.4 174.1 500.2 306.1 80
001423 0.428 0.4 -5.6 43.3 319.5 80
001423 0.411 -1.0 -8.6 11.9 322.7 80
001423 0.410 498.6 65.3 500.1 134.0 80
001423 0.369 -7.3 29.3 51.0 113.3 80
001423 0.306 101.1 321.5 409.0 334.7 80
001423 0.302 496.3 49.3 500.5 311.1 80
001423 0.288 393.8 41.5 505.9 325.6 80
001423 0.257 150.0 131.3 357.5 308.5 80
001423 0.245 426.9 23.2 514.3 349.8 80
001423 0.228 0.1 179.2 6.0 318.2 80
001423 0.226 -6.8 32.6 123.5 316.1 80
001423 0.220 -5.6 25.4 14.1 147.2 80
001423 0.220 498.8 48.2 500.4 243.6 80
001423 0.202 176.9 153.6 328.8 250.7 80
001423 0.196 13.2 19.1 134.9 311.9 80
001423 0.195 120.9 59.7 216.8 329.4 14
001423 0.160 265.6 83.3 503.5 304.4 80
001423 0.158 463.3 267.8 510.5 327.5 80
001423 0.156 156.1 319.3 334.4 333.0 80
001423 0.150 115.1 136.2 394.3 306.1 80
001423 0.150 -8.7 217.8 71.8 335.7 80
001423 0.146 311.8 152.9 518.3 328.0 80
001423 0.145 131.4 158.7 206.4 270.6 80
001423 0.144 193.6 284.5 342.0 332.5 80
001423 0.144 134.5 285.4 295.4 333.6 80
001423 0.142 336.7 321.0 461.6 335.7 80
001423 0.142 66.5 297.9 196.5 331.9 80
001423 0.142 15.9 209.8 168.6 327.4 80
001423 0.142 156.0 163.3 341.3 289.2 80
001423 0.141 298.1 300.9 428.1 330.6 80
001423 0.139 153.2 174.6 219.6 248.0 80
001423 0.139 208.1 210.6 299.1 271.8 80
001423 0.137 127.8 182.6 385.2 318.0 80
001423 0.136 263.7 63.6 376.5 326.1 14
001423 0.136 397.0 311.6 494.9 331.7 80
001423 0.134 12.0 74.2 165.8 293.9 80
001423 0.134 218.2 155.1 485.4 299.8 80
001423 0.134 81.2 137.6 355.8 298.9 80
001423 0.134 55.7 177.2 297.7 313.6 80
001423 0.133 183.5 168.6 440.8 303.9 80
001423 0.131 228.0 191.3 293.4 236.2 80
001423 0.128 20.6 144.3 250.4 288.3 80
001423 0.128 191.4 176.8 243.9 216.5 80
001423 0.127 258.6 314.0 379.2 334.2 80
001423 0.125 357.0 202.8 437.5 280.9 80
001423 0.123 118.7 182.0 183.0 276.0 80
001423 0.121 240.8 156.1 346.9 234.6 80
001423 0.115 35.4 142.3 144.8 226.5 80
001423 0.114 295.3 134.3 391.4 201.8 80
001423 0.109 270.5 106.9 550.5 193.5 80
001423 0.108 111.7 47.5 462.1 120.3 80
001423 0.107 -8.4 9.8 418.1 65.5 80
001423 0.106 -146.2 -1.6 265.3 25.2 80
001423 0.106 248.6 15.8 630.6 65.7 80
001423 0.105 16.6 2.9 491.2 47.4 80
001423 0.105 309.6 84.9 592.1 194.6 80
001423 0.104 -146.3 8.5 330.7 50.3 80
001423 0.103 -71.6 26.3 349.0 93.6 80
001423 0.102 73.9 -1.7 571.0 37.0 80
001423 0.100 273.9 10.3 682.7 45.9 80
001423 0.094 -82.9 -3.4 416.0 18.6 80
001423 0.092 -38.6 -1.5 460.4 19.7 80
001423 0.092 -138.4 -0.2 360.6 20.6 80
001423 0.091 20.7 -1.6 519.6 20.7 80
001423 0.090 156.9 -0.7 655.7 22.1 80
001423 0.090 82.3 -2.5 581.3 19.7 80
