001417 0.757 197.4 42.5 299.6 209.2 14
001417 0.734 30.0 124.2 135.2 381.3 80
001417 0.727 160.8 74.2 359.0 206.1 80
001417 0.702 26.8 93.9 143.5 389.0 80
001417 0.697 151.0 56.1 298.6 202.6 80
001417 0.695 31.8 184.0 140.1 374.2 80
001417 0.675 95.8 78.2 367.0 368.4 12
001417 0.671 105.8 195.4 145.0 371.2 80
001417 0.660 201.9 48.2 296.2 188.5 80
001417 0.643 449.5 368.1 480.2 395.9 80
001417 0.631 296.4 173.1 348.8 240.2 80
001417 0.608 0.9 22.2 10.2 102.4 80
001417 0.560 133.1 62.8 349.4 223.8 80
001417 0.558 0.8 31.2 8.0 184.5 80
001417 0.555 100.5 78.0 370.3 354.2 80
001417 0.517 1.1 276.8 6.4 337.9 80
001417 0.480 37.4 128.2 134.9 379.2 80
001417 0.469 477.6 161.4 480.1 251.8 80
001417 0.464 478.0 237.3 480.1 339.0 80
001417 0.460 101.5 79.4 347.0 358.3 80
001417 0.449 99.0 81.3 367.5 349.3 80
001417 0.449 478.5 71.9 480.2 144.4 80
001417 0.407 474.5 0.3 481.7 32.2 80
001417 0.387 1.2 184.8 3.7 315.2 80
001417 0.361 89.4 91.8 374.1 354.1 80
001417 0.272 139.0 387.1 375.6 397.1 80
001417 0.265 62.8 93.5 359.3 335.9 80
001417 0.264 478.3 115.4 480.3 339.9 80
001417 0.261 479.2 72.2 480.2 225.8 80
001417 0.245 0.8 9.4 6.8 287.4 80
001417 0.218 474.9 72.7 481.2 390.1 80
001417 0.214 227.2 148.3 277.1 221.7 80
001417 0.209 0.5 72.9 7.1 345.6 80
001417 0.201 -1.5 341.6 19.8 402.0 80
001417 0.185 448.1 329.1 489.4 389.0 80
001417 0.177 -0.3 182.4 22.5 406.5 80
001417 0.170 -2.5 54.4 27.9 353.8 80
001417 0.169 445.6 121.9 480.9 371.6 80
001417 0.161 318.9 383.5 445.4 398.8 80
001417 0.151 345.0 227.1 473.5 385.8 80
001417 0.147 365.2 97.5 473.3 366.5 80
001417 0.144 251.9 380.6 369.5 396.9 80
001417 0.142 66.9 324.3 186.7 397.4 80
001417 0.139 155.8 276.6 218.9 343.7 80
001417 0.138 106.5 155.8 379.3 324.7 80
001417 0.135 63.9 218.8 277.7 369.1 80
001417 0.135 125.5 235.7 365.4 372.7 80
001417 0.134 294.7 360.5 405.8 391.3 80
001417 0.134 127.7 153.7 336.5 316.7 80
001417 0.133 139.6 334.4 265.7 390.5 80
001417 0.133 121.2 191.5 364.9 347.4 80
001417 0.132 163.7 376.1 306.8 396.0 80
001417 0.132 184.6 213.8 416.7 360.5 80
001417 0.132 132.3 149.9 388.9 311.0 80
001417 0.131 113.6 149.5 369.7 274.0 80
001417 0.131 261.7 156.4 475.4 334.1 80
001417 0.131 388.2 364.3 474.3 394.6 80
001417 0.130 221.9 206.4 455.7 352.4 80
001417 0.130 72.6 185.5 333.4 341.6 80
001417 0.129 16.2 353.4 96.1 394.9 80
001417 0.128 213.6 203.9 341.3 280.7 80
001417 0.128 163.7 197.0 309.5 312.3 80
001417 0.127 203.4 352.8 316.3 389.3 80
001417 0.127 206.3 90.6 290.9 155.7 80
001417 0.126 404.1 233.6 458.2 327.1 80
001417 0.124 60.2 160.1 253.6 316.0 80
001417 0.123 -4.4 40.1 37.6 98.5 80
001417 0.123 45.9 375.8 149.8 399.5 80
001417 0.121 147.3 199.9 257.0 294.3 80
001417 0.121 342.4 236.9 410.5 298.9 80
001417 0.119 158.6 200.5 305.4 307.5 80
001417 0.119 91.0 195.8 196.6 269.7 80
001417 0.119 256.1 255.2 350.7 315.5 80
001417 0.119 111.1 369.5 211.4 398.9 80
001417 0.117 42.8 186.0 148.3 263.9 80
001417 0.117 65.6 168.0 147.1 300.5 80
001417 0.116 51.6 176.6 195.4 281.7 80
001417 0.115 201.7 161.0 367.3 274.2 80
001417 0.115 84.1 129.5 259.2 208.0 80
001417 0.113 95.8 78.2 367.0 368.4 80
001417 0.113 212.2 123.4 473.3 201.8 80
001417 0.112 196.4 101.7 416.7 172.8 80
001417 0.110 -75.5 97.2 202.6 168.9 80
001417 0.110 -20.1 47.9 284.4 109.5 80
001417 0.109 233.7 88.9 569.4 167.6 80
001417 0.107 -2.7 -3.7 42.2 21.8 80
001417 0.106 175.0 14.2 601.4 61.8 80
001417 0.106 -121.2 15.7 306.7 69.5 80
001417 0.105 361.8 74.2 538.0 155.2 80
001417 0.103 -35.4 1.2 427.1 67.1 80
001417 0.102 398.5 14.3 536.4 60.4 80
001417 0.101 196.4 8.2 660.7 40.9 80
001417 0.097 32.3 -8.5 511.3 21.3 80
001417 0.096 120.7 -2.8 599.7 25.5 80
001417 0.094 -176.7 -0.8 302.2 24.4 80
001417 0.093 -88.1 -0.9 390.8 24.5 80
001417 0.093 -133.5 -1.2 345.3 24.0 80
001417 0.092 -35.8 -3.1 443.2 22.6 80
001417 0.091 149.6 -0.6 628.3 26.6 80
001417 0.091 197.4 42.5 299.6 209.2 80
