001745 0.719 233.8 73.8 288.4 126.0 2
001745 0.683 6.3 136.4 121.9 319.0 80
001745 0.663 0.6 229.4 18.1 305.0 80
001745 0.663 103.6 136.6 133.0 181.9 2
001745 0.652 237.2 91.9 298.1 127.8 80
001745 0.650 301.5 88.2 342.1 147.6 2
001745 0.640 239.7 72.0 291.3 120.8 80
001745 0.639 468.9 304.5 498.2 332.5 80
001745 0.627 109.2 136.2 134.7 169.0 80
001745 0.624 58.6 143.8 87.6 182.1 2
001745 0.622 191.5 115.2 218.6 153.8 80
001745 0.618 58.0 143.4 83.5 178.5 80
001745 0.617 4.0 122.3 232.8 319.3 80
001745 0.615 492.1 208.4 500.4 274.3 80
001745 0.610 378.0 127.1 401.0 153.2 2
001745 0.608 190.7 119.2 215.8 155.1 80
001745 0.608 238.6 81.8 289.3 130.6 80
001745 0.596 450.1 94.2 475.4 144.0 80
001745 0.594 105.2 141.9 127.2 175.7 80
001745 0.591 368.2 131.8 393.2 154.3 80
001745 0.587 -1.3 139.6 177.3 322.4 80
001745 0.582 191.2 116.9 217.2 157.1 2
001745 0.573 1.3 200.7 11.8 285.8 80
001745 0.572 492.2 198.6 500.0 241.1 80
001745 0.569 238.5 95.4 260.7 129.9 80
001745 0.562 452.5 98.1 480.6 147.7 80
001745 0.559 324.0 134.3 349.5 154.8 80
001745 0.559 377.4 126.5 401.2 154.8 80
001745 0.557 0.4 249.4 25.2 325.4 80
001745 0.555 448.8 89.9 480.3 145.8 80
001745 0.553 379.3 130.4 396.7 149.7 80
001745 0.549 288.1 91.7 318.7 128.8 80
001745 0.546 186.5 124.5 208.3 158.8 80
001745 0.542 54.5 147.8 79.7 177.1 80
001745 0.541 243.1 85.3 271.3 136.0 80
001745 0.537 185.1 95.7 334.8 146.7 80
001745 0.516 279.0 90.3 395.2 150.6 80
001745 0.516 -2.0 96.8 496.5 313.0 80
001745 0.510 287.8 94.8 316.0 137.4 80
001745 0.509 113.7 138.2 128.3 159.1 80
001745 0.499 307.8 111.1 336.9 152.3 80
001745 0.480 73.0 149.4 86.7 170.9 80
001745 0.479 282.3 89.6 317.1 136.3 2
001745 0.457 497.5 83.4 500.1 135.3 80
001745 0.452 495.0 167.4 500.1 250.0 80
001745 0.448 197.8 321.6 320.0 332.8 80
001745 0.425 301.5 88.1 341.9 146.8 80
001745 0.368 0.6 125.5 16.3 327.0 80
001745 0.346 495.0 204.4 501.2 319.0 80
001745 0.338 1.4 12.9 498.0 327.1 80
001745 0.328 450.7 86.8 481.6 145.3 2
001745 0.296 489.7 57.1 499.1 318.6 80
001745 0.282 450.7 86.8 481.6 145.3 80
001745 0.279 74.4 130.0 242.9 180.7 80
001745 0.247 34.9 24.5 152.3 317.4 80
001745 0.234 94.4 159.1 132.1 178.2 80
001745 0.227 282.3 89.6 317.1 136.3 80
001745 0.223 301.5 88.1 341.9 146.8 2
001745 0.216 246.5 136.5 267.1 161.3 80
001745 0.213 0.2 5.7 5.5 65.1 80
001745 0.208 0.3 43.8 3.6 134.8 80
001745 0.193 0.4 53.9 9.0 245.1 80
001745 0.178 -4.3 158.8 46.9 333.3 80
001745 0.166 121.9 318.9 379.0 333.1 80
001745 0.156 161.0 185.5 189.4 211.8 80
001745 0.155 32.8 143.5 355.9 292.7 80
001745 0.150 334.6 319.1 458.6 336.1 80
001745 0.149 261.5 318.4 383.1 334.2 80
001745 0.148 333.1 168.8 505.2 324.2 80
001745 0.147 44.9 246.5 241.1 335.8 80
001745 0.144 300.1 299.9 428.8 330.5 80
001745 0.140 13.8 300.2 102.9 333.3 80
001745 0.139 30.3 172.6 315.3 307.1 80
001745 0.138 140.8 293.2 271.1 328.9 80
001745 0.136 93.4 194.7 411.6 315.2 80
001745 0.136 176.5 174.0 451.6 305.6 80
001745 0.135 47.1 318.2 157.1 335.8 80
001745 0.135 224.0 163.8 482.7 298.4 80
001745 0.134 209.1 298.9 331.8 328.6 80
001745 0.133 402.0 306.8 494.0 331.9 80
001745 0.132 109.0 171.1 393.8 295.4 80
001745 0.132 112.8 317.1 219.5 334.8 80
001745 0.127 119.7 198.3 159.9 225.1 80
001745 0.119 81.9 211.0 151.7 247.2 80
001745 0.119 415.6 125.9 460.9 166.2 80
001745 0.118 169.7 174.8 278.5 213.7 80
001745 0.117 320.1 146.8 481.2 186.5 80
001745 0.117 355.5 184.0 492.8 263.5 80
001745 0.115 158.2 113.6 443.9 151.4 80
001745 0.108 287.8 94.8 316.0 137.4 2
001745 0.108 318.6 98.4 582.9 145.7 80
001745 0.107 -107.5 37.0 192.7 88.9 80
001745 0.106 24.5 20.9 387.3 79.1 80
001745 0.100 128.0 -3.7 625.7 28.7 80
001745 0.094 -183.8 -0.2 315.2 19.9 80
001745 0.094 -177.0 -2.5 240.3 19.9 80
001745 0.093 288.1 91.7 318.7 128.8 2
001745 0.093 -139.3 -0.8 359.0 20.2 80
001745 0.093 -90.1 -0.8 408.8 19.8 80
001745 0.092 -38.0 -2.2 460.8 18.7 80
