001706 0.739 267.1 55.1 373.2 361.7 14
001706 0.734 89.1 55.1 192.8 342.2 14
001706 0.718 420.3 150.7 450.7 194.0 80
001706 0.670 191.9 221.8 206.5 262.7 80
001706 0.669 163.7 84.9 193.5 147.0 80
001706 0.669 366.2 172.7 494.8 369.1 80
001706 0.665 194.2 217.6 208.3 262.2 80
001706 0.658 88.5 54.3 194.8 158.2 80
001706 0.656 100.4 268.1 115.5 304.3 80
001706 0.654 274.3 146.0 366.2 356.5 80
001706 0.643 274.9 60.0 348.9 138.6 80
001706 0.641 252.0 138.4 267.7 174.0 80
001706 0.638 47.8 71.8 73.9 102.4 80
001706 0.635 48.1 74.2 66.9 98.7 80
001706 0.626 195.3 65.7 228.2 143.1 80
001706 0.625 478.1 330.5 499.4 375.1 80
001706 0.624 191.7 221.1 209.1 266.5 80
001706 0.619 443.6 63.7 473.9 85.2 80
001706 0.608 368.4 170.0 497.8 366.5 80
001706 0.603 96.2 56.3 193.8 332.1 80
001706 0.602 267.3 139.9 285.2 172.9 80
001706 0.601 368.7 177.2 488.1 371.3 80
001706 0.601 493.5 209.0 500.7 373.9 80
001706 0.598 494.9 138.2 500.1 260.0 80
001706 0.594 92.9 53.2 190.0 317.5 80
001706 0.591 96.3 212.1 172.8 347.6 80
001706 0.588 188.0 125.9 205.7 171.7 80
001706 0.583 485.6 281.7 500.6 372.5 80
001706 0.571 199.2 136.5 216.2 171.2 80
001706 0.568 1.6 51.9 10.8 97.4 80
001706 0.564 496.3 66.4 500.3 178.8 80
001706 0.561 173.7 100.9 195.8 181.0 4
001706 0.559 125.5 60.5 184.0 121.7 80
001706 0.542 271.9 145.5 286.3 174.1 80
001706 0.528 267.0 53.9 370.7 351.3 80
001706 0.525 6.4 38.6 30.5 81.8 80
001706 0.524 170.9 99.2 192.0 142.2 80
001706 0.516 269.9 53.8 367.2 340.7 80
001706 0.489 46.7 221.7 60.7 262.6 80
001706 0.484 196.5 134.0 212.6 173.4 80
001706 0.421 0.9 53.6 5.0 189.7 80
001706 0.414 91.3 68.5 198.5 284.0 80
001706 0.401 263.3 75.0 374.6 343.0 80
001706 0.363 1.2 230.5 5.3 360.5 80
001706 0.338 497.8 41.6 500.4 252.5 80
001706 0.308 497.1 79.6 500.6 359.9 80
001706 0.298 266.3 45.2 390.6 341.7 80
001706 0.237 0.5 100.7 3.2 256.4 80
001706 0.234 0.3 27.9 8.9 237.6 80
001706 0.227 77.1 76.6 204.7 331.5 80
001706 0.215 469.7 19.2 505.4 392.3 80
001706 0.208 335.4 364.8 485.0 376.5 80
001706 0.203 0.1 55.6 10.9 350.0 80
001706 0.201 -1.3 329.3 19.7 379.3 80
001706 0.195 196.5 134.0 212.6 173.4 4
001706 0.186 163.6 365.5 364.8 376.5 80
001706 0.170 -0.4 185.8 29.6 382.3 80
001706 0.166 232.8 192.6 279.2 242.7 80
001706 0.147 173.7 100.9 195.8 181.0 80
001706 0.146 299.0 323.6 441.8 375.9 80
001706 0.142 170.9 99.2 192.0 142.2 4
001706 0.140 166.0 357.8 328.6 375.1 80
001706 0.139 396.3 350.4 500.9 374.6 80
001706 0.137 85.2 138.5 187.8 268.0 80
001706 0.135 138.8 227.3 375.4 356.4 80
001706 0.135 257.5 176.3 439.7 335.7 80
001706 0.135 151.5 322.5 260.9 371.0 80
001706 0.134 281.1 191.4 337.7 279.0 80
001706 0.132 295.9 148.2 484.6 320.6 80
001706 0.131 57.4 160.4 215.6 314.4 80
001706 0.131 217.4 326.9 329.0 369.7 80
001706 0.131 77.8 198.8 262.9 345.5 80
001706 0.130 263.3 348.8 362.9 376.3 80
001706 0.128 150.7 198.5 362.3 333.3 80
001706 0.127 18.1 130.1 199.8 297.0 80
001706 0.127 112.4 354.1 218.1 377.5 80
001706 0.127 221.7 134.5 399.0 310.7 80
001706 0.127 18.5 336.7 99.2 371.6 80
001706 0.126 9.7 129.3 84.7 337.1 80
001706 0.125 47.5 356.2 153.4 378.2 80
001706 0.125 239.8 227.9 310.2 286.4 80
001706 0.125 55.6 243.4 100.9 286.3 80
001706 0.124 125.5 60.5 184.0 121.7 14
001706 0.123 325.9 88.5 463.3 295.7 80
001706 0.122 418.3 236.2 462.7 313.6 80
001706 0.122 174.9 175.1 335.9 255.2 80
001706 0.121 278.0 127.3 371.6 220.4 80
001706 0.121 82.9 186.4 163.2 278.1 80
001706 0.121 267.3 139.9 285.2 172.9 4
001706 0.121 188.0 125.9 205.7 171.7 4
001706 0.121 137.9 186.7 371.7 294.3 80
001706 0.120 311.8 185.6 362.4 253.2 80
001706 0.116 199.2 136.5 216.2 171.2 4
001706 0.110 155.0 165.0 402.5 234.7 80
001706 0.108 298.0 110.8 538.3 209.8 80
001706 0.107 -60.9 98.2 188.3 174.1 80
001706 0.104 183.9 12.9 623.0 64.2 80
001706 0.102 -164.0 22.3 253.0 79.3 80
001706 0.102 224.6 7.4 677.8 47.0 80
001706 0.099 343.9 11.8 621.7 59.2 80
