001788 0.674 218.6 45.0 244.2 69.8 80
001788 0.670 331.0 86.1 350.0 111.7 80
001788 0.667 465.5 340.9 499.2 374.6 80
001788 0.656 100.5 47.6 474.7 314.3 18
001788 0.633 336.0 83.6 354.5 109.8 80
001788 0.621 1.9 98.7 15.7 215.1 80
001788 0.570 494.3 170.9 500.3 246.3 80
001788 0.554 1.7 61.3 19.2 286.7 80
001788 0.552 226.2 41.8 256.2 66.6 80
001788 0.527 1.3 232.8 7.5 352.9 80
001788 0.509 1.2 169.2 6.1 302.0 80
001788 0.489 497.4 217.6 500.2 321.7 80
001788 0.379 353.2 365.6 484.0 375.3 80
001788 0.370 498.6 79.9 500.3 148.3 80
001788 0.344 1.7 56.2 9.1 350.4 80
001788 0.335 114.7 171.6 168.0 213.3 80
001788 0.277 0.7 18.4 4.7 122.1 80
001788 0.252 499.0 86.8 500.1 214.6 80
001788 0.248 498.8 111.8 500.3 304.4 80
001788 0.241 0.7 11.0 18.3 339.7 80
001788 0.239 140.4 74.3 463.3 278.2 80
001788 0.222 0.3 312.2 13.0 378.7 80
001788 0.194 1.5 49.5 35.1 380.7 80
001788 0.193 1.4 154.2 15.6 376.3 80
001788 0.177 473.0 91.8 500.6 359.1 80
001788 0.176 113.4 85.3 482.4 267.2 80
001788 0.163 136.5 229.5 211.3 285.5 80
001788 0.163 164.7 363.9 357.5 377.0 80
001788 0.162 475.8 302.0 507.9 365.5 80
001788 0.160 79.6 96.8 455.1 264.0 80
001788 0.160 -2.4 52.5 24.6 172.8 80
001788 0.153 368.8 86.8 492.6 352.5 80
001788 0.151 340.5 222.5 494.5 367.6 80
001788 0.150 107.7 129.7 461.4 287.0 80
001788 0.150 85.3 85.0 478.8 252.4 80
001788 0.149 83.2 123.7 420.5 244.9 80
001788 0.144 399.7 355.1 501.5 373.8 80
001788 0.143 116.3 224.1 395.7 343.6 80
001788 0.143 484.9 130.9 503.3 331.8 80
001788 0.140 59.8 214.9 294.8 346.8 80
001788 0.140 174.7 133.7 476.4 277.8 80
001788 0.139 174.8 239.5 229.9 281.5 80
001788 0.139 170.4 202.0 449.3 321.4 80
001788 0.138 14.8 193.0 162.0 372.4 80
001788 0.138 94.3 162.0 416.8 291.2 80
001788 0.138 206.2 166.2 357.3 244.9 80
001788 0.137 68.5 325.9 194.3 372.6 80
001788 0.137 106.4 194.5 406.6 316.7 80
001788 0.135 106.0 245.3 157.2 292.4 80
001788 0.135 219.5 195.2 477.7 318.9 80
001788 0.134 83.5 146.9 406.9 279.4 80
001788 0.132 74.2 194.8 342.5 307.5 80
001788 0.132 253.2 167.4 501.6 283.8 80
001788 0.131 173.9 186.1 365.0 269.9 80
001788 0.131 303.0 339.5 419.7 369.8 80
001788 0.130 19.6 336.9 87.1 372.6 80
001788 0.130 219.4 179.7 395.6 273.1 80
001788 0.130 75.1 147.2 339.2 263.8 80
001788 0.129 50.1 359.8 154.3 377.6 80
001788 0.128 22.9 179.7 245.6 315.4 80
001788 0.128 172.3 352.0 322.3 375.4 80
001788 0.127 81.8 214.5 137.9 259.1 80
001788 0.127 146.1 322.8 276.7 368.3 80
001788 0.127 19.0 203.5 71.0 275.2 80
001788 0.127 218.9 166.6 337.8 250.2 80
001788 0.126 17.1 131.2 173.8 303.7 80
001788 0.125 66.0 134.0 319.8 236.7 80
001788 0.123 210.6 330.5 334.0 367.7 80
001788 0.123 42.3 170.8 276.2 278.1 80
001788 0.123 96.1 130.9 373.5 244.0 80
001788 0.122 271.0 354.1 385.5 375.5 80
001788 0.120 191.7 153.5 394.6 275.6 80
001788 0.120 121.5 354.8 231.2 377.1 80
001788 0.119 166.0 140.9 428.5 256.5 80
001788 0.119 159.7 138.7 292.2 213.3 80
001788 0.118 366.3 195.6 500.5 280.7 80
001788 0.117 278.7 179.8 473.5 273.1 80
001788 0.116 49.1 164.4 198.8 247.1 80
001788 0.116 93.0 116.4 250.3 181.3 80
001788 0.110 168.9 109.0 522.2 217.3 80
001788 0.110 -26.7 96.3 129.4 167.7 80
001788 0.110 91.4 47.1 480.6 127.9 80
001788 0.108 214.1 94.4 599.7 185.0 80
001788 0.107 -68.6 20.2 351.4 78.4 80
001788 0.105 87.5 9.4 548.1 71.5 80
001788 0.105 172.3 26.1 615.0 92.2 80
001788 0.105 228.7 11.1 659.2 55.9 80
001788 0.104 271.5 71.7 642.5 160.1 80
001788 0.103 -155.2 8.4 338.9 43.7 80
001788 0.103 -46.6 -0.4 451.6 42.1 80
001788 0.101 272.9 10.7 687.6 47.5 80
001788 0.093 -172.0 -2.8 235.7 22.0 80
001788 0.092 -139.3 -0.5 359.4 23.3 80
001788 0.092 -185.1 1.2 313.7 24.5 80
001788 0.091 -91.5 -0.2 407.5 24.6 80
001788 0.090 156.7 -0.8 655.4 24.3 80
001788 0.090 202.4 -0.5 701.3 24.1 80
001788 0.089 85.4 -4.0 584.3 20.7 80
001788 0.089 234.9 2.9 731.7 27.8 80
001788 0.089 -31.2 -3.3 467.8 20.1 80
