001886 0.717 90.6 45.0 192.1 372.4 14
001886 0.679 456.0 348.4 498.0 374.4 80
001886 0.632 102.2 45.6 175.1 124.7 80
001886 0.609 93.8 50.1 185.7 187.6 80
001886 0.590 70.4 0.6 479.8 374.5 80
001886 0.565 167.4 358.6 352.8 375.1 80
001886 0.549 143.7 361.3 215.8 374.6 80
001886 0.549 75.4 3.0 419.9 374.4 80
001886 0.549 343.6 364.4 461.2 374.9 80
001886 0.514 42.3 363.5 161.5 374.9 80
001886 0.506 250.4 363.4 414.7 374.8 80
001886 0.502 496.9 223.4 500.2 332.2 80
001886 0.500 1.4 244.4 6.9 350.0 80
001886 0.499 496.3 155.5 500.2 255.6 80
001886 0.494 40.8 357.5 481.2 375.0 80
001886 0.470 95.7 44.3 185.1 330.6 80
001886 0.467 1.5 341.2 17.1 373.2 80
001886 0.465 90.1 45.8 195.7 362.4 80
001886 0.459 73.9 23.8 221.9 372.1 80
001886 0.456 400.9 360.5 511.4 374.7 80
001886 0.454 497.8 63.7 500.2 157.2 80
001886 0.446 6.2 360.2 144.0 375.2 80
001886 0.418 89.0 60.0 195.0 354.9 80
001886 0.401 1.4 97.4 4.3 188.3 80
001886 0.394 1.1 140.4 4.3 316.7 80
001886 0.321 76.3 24.2 160.1 374.4 80
001886 0.273 497.4 90.0 500.4 339.2 80
001886 0.260 0.9 10.5 3.8 98.2 80
001886 0.251 498.6 42.5 500.4 280.4 80
001886 0.239 492.3 15.5 501.3 386.6 80
001886 0.228 0.8 60.8 8.8 343.0 80
001886 0.217 0.7 23.9 7.0 286.9 80
001886 0.191 476.2 309.1 508.0 372.1 80
001886 0.185 -0.1 22.3 24.6 351.3 80
001886 0.183 291.1 356.0 448.0 373.8 80
001886 0.172 63.4 95.5 215.1 349.7 80
001886 0.168 -1.7 238.9 33.7 374.7 80
001886 0.167 451.3 103.5 503.1 359.1 80
001886 0.162 80.5 68.6 188.0 330.6 80
001886 0.153 331.1 270.8 495.4 373.7 80
001886 0.150 57.2 316.3 208.4 380.4 80
001886 0.149 358.6 77.0 502.1 360.5 80
001886 0.146 450.8 124.7 487.1 381.3 80
001886 0.143 192.7 239.9 445.6 360.0 80
001886 0.142 15.6 238.6 171.1 371.1 80
001886 0.141 206.3 350.7 341.9 372.1 80
001886 0.140 138.8 345.4 264.5 372.4 80
001886 0.140 124.9 268.9 398.4 366.0 80
001886 0.138 277.8 123.8 496.0 338.6 80
001886 0.138 228.1 194.1 484.5 347.9 80
001886 0.137 234.1 13.6 443.9 365.5 80
001886 0.137 -1.3 98.9 96.1 360.5 80
001886 0.133 95.4 118.1 182.1 210.2 80
001886 0.133 102.1 144.9 412.8 321.7 80
001886 0.133 72.9 202.4 264.9 356.8 80
001886 0.132 129.0 200.6 384.3 344.0 80
001886 0.132 325.1 192.2 360.9 224.1 80
001886 0.131 212.4 123.9 461.6 317.1 80
001886 0.129 23.2 101.6 199.8 329.5 80
001886 0.129 90.9 170.4 318.1 334.8 80
001886 0.128 155.4 138.7 420.7 314.5 80
001886 0.127 117.7 127.3 355.8 312.5 80
001886 0.122 138.7 95.1 373.4 299.9 80
001886 0.122 188.2 97.0 426.2 298.1 80
001886 0.120 105.6 177.3 161.1 259.9 80
001886 0.120 87.6 200.5 149.2 279.4 80
001886 0.119 133.9 96.9 201.6 148.8 80
001886 0.118 125.4 216.2 176.3 287.7 80
001886 0.118 189.2 188.1 257.8 254.1 80
001886 0.118 243.6 212.6 304.8 278.9 80
001886 0.117 284.1 149.4 450.8 214.0 80
001886 0.116 366.6 211.9 437.2 289.8 80
001886 0.116 262.0 175.4 401.5 254.7 80
001886 0.113 106.5 113.9 382.5 212.5 80
001886 0.112 -13.9 124.0 128.8 196.2 80
001886 0.112 95.7 93.5 304.4 164.7 80
001886 0.112 159.7 98.2 465.2 178.4 80
001886 0.112 -64.4 33.2 134.2 85.6 80
001886 0.112 28.7 158.7 122.5 278.1 80
001886 0.111 110.4 76.1 432.4 150.7 80
001886 0.111 277.8 95.7 561.7 173.6 80
001886 0.109 310.5 203.4 415.3 285.9 80
001886 0.106 176.4 11.6 636.5 56.0 80
001886 0.106 363.2 70.5 568.5 152.4 80
001886 0.104 38.6 1.5 537.2 49.6 80
001886 0.104 -146.1 9.4 339.0 54.5 80
001886 0.102 -0.8 -0.3 498.0 35.5 80
001886 0.099 193.4 5.6 692.1 33.2 80
001886 0.098 236.3 9.1 720.1 40.2 80
001886 0.093 -195.7 -2.3 259.7 22.2 80
001886 0.093 73.1 0.0 572.1 27.4 80
001886 0.092 -184.1 0.4 314.9 23.8 80
001886 0.092 -37.0 -2.0 462.0 22.0 80
001886 0.091 20.9 -1.7 519.8 22.8 80
001886 0.091 156.0 -0.3 655.0 24.7 80
001886 0.091 82.0 -2.0 581.0 21.2 80
001886 0.091 201.3 0.2 700.3 24.4 80
001886 0.090 122.8 0.3 621.8 26.2 80
001886 0.089 231.5 2.3 730.5 27.8 80
001886 0.088 -129.1 -4.2 369.9 20.4 80
