001808 0.710 233.8 188.7 313.5 333.2 80
001808 0.697 248.1 63.5 338.2 317.4 14
001808 0.689 305.0 92.2 350.0 192.8 80
001808 0.689 374.5 215.3 467.6 332.8 80
001808 0.684 3.1 3.7 181.2 166.5 80
001808 0.683 294.5 93.1 351.1 284.2 80
001808 0.682 372.6 216.6 493.8 330.9 80
001808 0.675 433.9 85.7 474.0 140.2 80
001808 0.674 437.2 162.3 498.3 330.8 80
001808 0.673 418.6 85.4 500.0 332.2 14
001808 0.672 252.4 65.0 346.7 222.4 80
001808 0.672 3.9 26.5 109.1 165.1 80
001808 0.662 1.5 17.1 57.0 184.7 80
001808 0.652 249.8 64.5 330.0 324.2 80
001808 0.650 301.6 88.9 352.1 170.7 80
001808 0.649 429.5 88.3 492.0 138.7 80
001808 0.645 467.1 83.7 501.6 194.9 80
001808 0.645 -0.5 9.2 255.7 168.7 80
001808 0.644 -1.7 67.4 56.4 291.7 80
001808 0.638 340.4 96.2 388.6 161.1 80
001808 0.633 423.6 83.1 499.9 331.4 80
001808 0.629 420.4 81.5 495.6 328.9 80
001808 0.617 252.2 62.0 330.1 297.6 80
001808 0.615 -4.1 5.0 413.5 177.1 80
001808 0.613 -9.7 4.3 301.2 161.7 80
001808 0.610 1.4 68.8 34.7 314.3 80
001808 0.597 5.8 2.6 326.5 167.7 80
001808 0.594 251.9 54.4 344.8 337.8 80
001808 0.592 236.3 182.8 320.4 336.4 80
001808 0.591 0.7 188.7 17.9 310.9 80
001808 0.591 486.8 81.2 501.0 325.8 80
001808 0.586 -3.4 -6.5 495.4 322.6 80
001808 0.582 375.1 45.2 440.6 309.2 80
001808 0.581 273.6 -6.3 492.4 323.9 80
001808 0.576 473.5 307.1 499.1 333.7 80
001808 0.572 367.6 2.5 496.0 332.0 80
001808 0.572 373.6 68.7 436.9 235.9 80
001808 0.562 61.9 1.3 122.2 16.8 80
001808 0.559 0.8 36.6 47.7 318.3 80
001808 0.548 364.3 79.1 393.5 137.9 80
001808 0.539 356.3 68.0 410.9 168.1 80
001808 0.534 113.4 0.4 176.9 14.4 80
001808 0.532 -1.3 67.3 57.4 310.5 14
001808 0.530 350.4 -2.4 512.3 134.7 80
001808 0.526 276.3 37.8 288.4 59.9 80
001808 0.516 -4.1 -1.3 313.5 175.5 5
001808 0.502 490.7 89.9 499.7 155.6 80
001808 0.497 -19.5 5.7 323.3 169.1 80
001808 0.489 -13.6 9.7 306.8 232.3 80
001808 0.478 491.1 63.2 499.9 234.5 80
001808 0.468 267.3 82.2 307.2 157.1 80
001808 0.460 370.2 69.1 444.1 226.2 14
001808 0.458 180.1 0.4 222.0 7.5 80
001808 0.452 493.8 51.0 499.8 136.9 80
001808 0.435 14.1 -0.1 64.2 8.1 80
001808 0.431 -11.8 23.2 341.6 189.4 80
001808 0.409 0.2 223.1 14.1 326.8 80
001808 0.395 40.2 0.8 108.5 9.9 80
001808 0.387 369.4 61.2 460.4 327.7 80
001808 0.386 -1.3 16.2 337.8 166.3 80
001808 0.376 352.3 1.5 503.6 162.6 80
001808 0.371 13.9 42.5 365.4 168.8 80
001808 0.363 355.3 68.7 411.8 178.7 80
001808 0.354 0.8 7.2 5.4 67.6 80
001808 0.347 352.3 1.5 503.6 162.6 5
001808 0.345 -4.2 84.3 35.9 343.7 80
001808 0.332 369.4 61.2 460.4 327.7 14
001808 0.312 318.6 212.3 500.8 343.4 80
001808 0.305 370.2 69.1 444.1 226.2 80
001808 0.256 -4.2 51.6 16.9 149.9 80
001808 0.248 -0.6 29.6 36.5 337.4 80
001808 0.194 355.3 68.7 411.8 178.7 14
001808 0.188 -4.1 -1.3 313.5 175.5 18
001808 0.171 10.5 55.1 169.4 308.8 80
001808 0.169 -2.3 66.2 328.5 172.7 80
001808 0.168 -1.3 67.3 57.4 310.5 80
001808 0.168 175.4 322.5 330.5 333.8 80
001808 0.158 336.8 309.8 471.1 339.6 80
001808 0.156 490.7 89.9 499.7 155.6 14
001808 0.151 373.6 68.7 436.9 235.9 14
001808 0.146 164.2 316.6 334.9 332.1 80
001808 0.141 356.3 68.0 410.9 168.1 14
001808 0.138 266.9 315.1 387.5 333.7 80
001808 0.137 71.8 288.6 195.7 330.7 80
001808 0.137 138.1 199.1 377.1 321.5 80
001808 0.136 65.9 177.9 282.4 313.3 80
001808 0.135 9.8 161.5 182.3 325.2 80
001808 0.134 -24.1 88.9 276.8 182.4 80
001808 0.134 153.7 294.0 264.3 329.0 80
001808 0.133 245.2 135.6 474.7 310.7 80
001808 0.132 213.6 152.8 414.0 306.6 80
001808 0.131 116.9 316.9 222.4 333.7 80
001808 0.130 117.8 127.0 386.4 275.3 80
001808 0.130 491.1 63.2 499.9 234.5 14
001808 0.130 80.9 153.5 326.0 288.8 80
001808 0.128 20.0 140.4 246.1 283.1 80
001808 0.128 50.4 318.9 161.5 334.1 80
001808 0.126 18.5 296.7 95.2 330.1 80
001808 0.126 136.8 118.0 341.9 274.3 80
001808 0.124 20.3 63.4 451.4 216.7 80
