001839 0.748 394.0 -3.6 463.1 155.0 14
001839 0.732 209.8 -1.0 252.6 139.9 14
001839 0.732 350.5 63.3 410.8 147.8 14
001839 0.709 119.8 1.7 185.9 177.8 14
001839 0.701 191.3 147.3 369.6 267.4 80
001839 0.685 89.7 137.8 402.9 287.7 80
001839 0.684 76.3 155.4 363.7 302.0 80
001839 0.683 9.7 0.9 111.1 158.1 80
001839 0.680 212.4 150.0 392.4 271.3 80
001839 0.674 346.0 53.3 425.0 143.2 80
001839 0.672 52.4 145.5 394.8 317.0 80
001839 0.669 349.1 63.7 409.3 143.1 80
001839 0.668 86.9 166.8 270.9 308.8 80
001839 0.667 291.9 67.8 352.0 140.0 80
001839 0.665 125.7 30.4 173.4 173.4 80
001839 0.663 81.4 166.3 271.4 323.2 80
001839 0.663 412.6 96.7 498.6 298.5 80
001839 0.662 456.1 349.2 499.9 375.8 80
001839 0.660 0.5 -5.1 245.5 365.4 80
001839 0.656 23.6 167.6 272.8 359.7 80
001839 0.655 415.0 120.1 500.4 289.8 80
001839 0.655 186.2 151.6 389.1 273.9 80
001839 0.654 383.7 23.5 454.9 148.8 80
001839 0.654 80.7 154.4 383.3 317.8 80
001839 0.648 194.5 147.1 285.1 181.2 80
001839 0.647 285.2 81.7 357.2 141.7 80
001839 0.644 70.7 165.9 268.9 334.3 80
001839 0.644 -2.6 1.1 113.9 132.8 80
001839 0.633 34.0 154.8 407.3 342.6 80
001839 0.630 208.6 30.6 245.3 124.7 80
001839 0.628 204.4 8.7 249.4 114.9 80
001839 0.627 119.6 3.7 184.6 127.8 80
001839 0.627 356.4 41.0 385.4 118.5 80
001839 0.625 197.4 155.1 373.7 251.8 80
001839 0.624 417.7 1.5 503.2 300.6 80
001839 0.616 336.1 48.2 426.6 190.5 80
001839 0.613 208.8 4.0 248.1 81.0 80
001839 0.612 180.9 -3.3 218.8 100.7 80
001839 0.611 32.8 164.2 263.5 339.2 80
001839 0.607 20.9 -3.7 193.1 352.8 80
001839 0.601 288.0 33.1 356.5 117.7 80
001839 0.596 96.9 34.3 117.1 135.9 80
001839 0.594 12.3 -0.7 467.9 372.3 80
001839 0.590 18.4 39.4 329.0 335.3 80
001839 0.577 409.9 -9.3 496.4 315.1 80
001839 0.569 100.0 0.7 128.3 140.4 14
001839 0.557 9.5 -0.7 112.6 356.0 80
001839 0.548 123.2 17.0 173.2 157.0 80
001839 0.544 179.9 1.6 218.4 142.3 80
001839 0.544 1.7 1.6 132.8 359.5 14
001839 0.543 0.2 2.3 38.2 23.1 80
001839 0.536 485.8 -3.0 501.4 90.2 80
001839 0.536 492.7 36.4 501.0 289.3 80
001839 0.535 105.3 -2.5 131.9 126.3 80
001839 0.525 7.2 26.7 27.9 138.4 80
001839 0.497 4.4 12.9 36.6 129.9 80
001839 0.490 2.1 5.5 29.4 135.0 80
001839 0.489 497.5 204.0 500.1 298.1 80
001839 0.479 279.3 32.3 356.9 140.1 80
001839 0.471 74.8 165.8 276.5 324.5 11
001839 0.454 183.4 166.4 398.6 276.0 80
001839 0.450 406.8 20.6 500.1 303.4 14
001839 0.447 188.2 146.9 392.5 274.9 11
001839 0.444 83.4 2.7 225.0 311.4 80
001839 0.439 2.4 14.6 27.9 145.4 80
001839 0.397 1.3 4.0 7.5 216.6 80
001839 0.387 427.1 12.9 453.3 50.4 80
001839 0.383 448.2 -5.0 502.5 358.1 80
001839 0.374 81.0 26.9 350.7 150.8 80
001839 0.344 490.5 111.3 501.7 369.3 80
001839 0.342 180.8 4.9 216.9 140.3 80
001839 0.337 5.4 1.6 118.6 346.1 80
001839 0.337 280.2 31.9 356.3 115.5 80
001839 0.331 5.4 1.6 118.6 346.1 14
001839 0.327 280.2 31.9 356.3 115.5 8
001839 0.311 180.8 4.9 216.9 140.3 14
001839 0.272 74.8 165.8 276.5 324.5 12
001839 0.254 188.2 146.9 392.5 274.9 9
001839 0.248 348.4 -4.0 485.0 123.1 80
001839 0.246 154.4 83.5 411.0 257.8 80
001839 0.231 406.8 20.6 500.1 303.4 80
001839 0.225 2.1 5.5 29.4 135.0 14
001839 0.219 279.3 32.3 356.9 140.1 8
001839 0.219 482.0 -24.8 508.7 141.5 80
001839 0.217 -0.3 -2.6 12.0 345.9 80
001839 0.217 2.4 14.6 27.9 145.4 14
001839 0.214 0.3 169.8 4.8 338.5 80
001839 0.190 188.2 146.9 392.5 274.9 12
001839 0.188 74.8 165.8 276.5 324.5 80
001839 0.171 4.4 12.9 36.6 129.9 14
001839 0.164 -4.6 316.3 28.4 385.3 80
001839 0.158 1.7 1.6 132.8 359.5 80
001839 0.157 384.2 125.0 492.0 388.8 80
001839 0.149 -4.2 158.9 56.2 385.7 80
001839 0.148 100.0 0.7 128.3 140.4 80
001839 0.148 120.6 267.3 283.8 376.1 80
001839 0.143 -16.4 176.2 244.1 354.6 80
001839 0.142 7.7 81.5 196.7 319.1 80
001839 0.138 182.1 247.9 269.6 306.2 80
001839 0.137 203.3 151.3 379.4 265.6 80
