001885 0.727 -4.6 159.5 229.7 376.9 80
001885 0.721 0.3 164.6 224.6 374.3 80
001885 0.706 121.5 152.1 147.2 175.9 80
001885 0.699 358.9 55.3 502.4 184.4 80
001885 0.695 47.8 154.5 140.1 178.5 80
001885 0.684 273.3 57.3 499.0 183.9 80
001885 0.683 23.3 153.6 94.2 175.1 80
001885 0.674 175.5 57.1 497.2 186.3 80
001885 0.669 12.4 154.9 127.7 186.4 80
001885 0.663 6.0 163.1 98.7 195.3 80
001885 0.659 -10.1 26.2 290.2 377.8 80
001885 0.653 6.3 57.4 389.9 190.9 80
001885 0.644 467.5 344.8 500.5 374.9 80
001885 0.644 0.3 50.2 498.2 200.1 0
001885 0.623 255.8 163.4 327.9 183.1 80
001885 0.605 487.8 109.5 500.9 154.2 80
001885 0.598 -0.1 44.2 498.9 359.6 80
001885 0.553 0.9 60.0 499.5 209.8 80
001885 0.526 77.3 145.4 147.5 171.7 80
001885 0.516 1.3 286.9 7.2 356.3 80
001885 0.500 496.5 136.7 500.2 192.6 80
001885 0.447 69.4 53.6 506.2 186.5 80
001885 0.443 497.6 205.3 500.4 311.5 80
001885 0.404 -2.5 56.6 420.4 183.9 80
001885 0.369 493.3 74.9 501.9 157.4 80
001885 0.362 58.0 368.0 175.8 375.3 80
001885 0.353 1.4 94.3 4.2 163.7 80
001885 0.344 35.2 54.2 455.4 182.3 80
001885 0.340 5.2 105.4 214.5 380.0 80
001885 0.321 0.9 134.7 26.1 189.8 80
001885 0.302 9.2 87.0 356.6 176.1 80
001885 0.299 13.6 61.0 461.9 186.6 80
001885 0.262 88.7 87.2 495.4 193.4 80
001885 0.258 115.9 70.6 521.3 187.5 80
001885 0.248 498.8 93.1 500.3 304.3 80
001885 0.246 0.8 120.5 2.9 266.9 80
001885 0.226 -0.3 317.5 12.6 378.4 80
001885 0.222 0.4 1.4 4.6 83.4 80
001885 0.208 0.2 58.2 9.3 345.8 80
001885 0.205 478.3 61.6 498.8 378.5 80
001885 0.203 51.0 160.2 127.1 197.2 80
001885 0.194 2.7 86.3 79.5 384.8 80
001885 0.175 19.1 236.5 242.7 390.8 80
001885 0.174 100.7 180.9 167.8 214.0 80
001885 0.173 -5.0 114.5 396.4 211.2 80
001885 0.172 -0.8 183.4 25.6 384.2 80
001885 0.161 66.4 84.2 490.1 188.6 80
001885 0.158 477.7 283.4 507.3 364.5 80
001885 0.158 171.4 365.0 336.6 376.8 80
001885 0.151 349.7 201.4 491.5 366.5 80
001885 0.148 0.5 127.6 50.0 192.0 80
001885 0.146 42.1 140.3 454.8 316.8 80
001885 0.144 163.1 102.3 494.8 218.1 80
001885 0.143 17.1 101.4 416.2 192.9 80
001885 0.143 73.4 213.1 426.3 352.2 80
001885 0.139 339.0 359.8 449.2 378.4 80
001885 0.137 44.8 200.3 265.6 345.3 80
001885 0.135 119.1 359.0 216.5 376.9 80
001885 0.135 183.8 199.8 443.0 346.1 80
001885 0.133 305.2 333.1 419.1 371.0 80
001885 0.133 142.8 329.1 267.7 370.1 80
001885 0.133 231.9 194.1 473.7 335.2 80
001885 0.131 3.0 128.4 334.3 198.0 80
001885 0.131 125.2 201.5 377.8 331.3 80
001885 0.131 67.4 181.7 332.7 328.3 80
001885 0.131 170.6 356.2 304.8 375.0 80
001885 0.130 16.9 342.9 105.0 373.4 80
001885 0.130 46.1 135.9 251.7 324.1 80
001885 0.126 403.4 344.7 494.3 373.1 80
001885 0.126 268.2 354.2 377.2 375.7 80
001885 0.125 211.8 331.2 327.4 368.5 80
001885 0.123 123.1 237.5 239.7 307.0 80
001885 0.122 135.8 103.5 411.0 182.0 80
001885 0.120 310.0 68.4 604.7 183.1 80
001885 0.119 310.9 83.1 538.3 188.0 80
001885 0.119 215.6 80.0 545.9 188.7 80
001885 0.118 280.9 242.5 477.3 310.5 80
001885 0.115 123.5 199.1 336.8 287.5 80
001885 0.112 63.6 146.4 473.5 201.6 80
001885 0.111 0.3 50.2 498.2 200.1 80
001885 0.111 9.5 49.0 377.9 122.4 80
001885 0.109 87.4 151.4 512.4 220.7 80
001885 0.109 117.2 82.4 591.3 152.4 80
001885 0.109 258.4 122.9 620.5 195.9 80
001885 0.108 232.5 160.2 618.1 245.7 80
001885 0.108 111.8 22.4 521.5 94.9 80
001885 0.108 35.8 23.4 456.3 93.6 80
001885 0.107 163.5 91.5 622.3 167.4 80
001885 0.107 111.2 110.8 574.9 169.7 80
001885 0.107 290.0 100.9 649.5 168.4 80
001885 0.106 165.8 6.5 579.5 76.3 80
001885 0.104 487.1 -1.3 506.2 22.2 80
001885 0.096 -182.8 -1.9 316.0 22.1 80
001885 0.095 163.5 -5.1 662.4 21.4 80
001885 0.094 -72.5 -2.9 133.3 21.8 80
001885 0.093 209.1 -4.8 708.0 20.3 80
001885 0.093 -89.0 -2.1 410.0 22.3 80
001885 0.092 -138.3 -1.8 359.9 22.8 80
001885 0.091 -37.2 -3.1 461.7 21.7 80
001885 0.091 26.1 -4.6 525.1 21.1 80
