001991 0.723 333.8 80.9 498.1 196.3 6
001991 0.717 -0.9 95.0 370.6 306.1 6
001991 0.666 460.7 92.4 499.6 176.1 80
001991 0.662 466.3 337.1 499.6 374.8 80
001991 0.655 442.6 91.6 500.9 180.3 80
001991 0.597 356.0 83.5 500.9 178.2 80
001991 0.586 343.7 91.8 502.4 204.8 80
001991 0.563 491.6 109.4 500.3 178.2 80
001991 0.537 492.6 87.5 500.4 176.2 80
001991 0.484 1.2 39.5 6.6 102.2 80
001991 0.465 497.7 177.0 500.2 320.0 80
001991 0.462 1.2 168.4 5.1 276.8 80
001991 0.419 310.6 95.0 508.9 204.4 80
001991 0.396 461.7 40.4 501.1 375.1 80
001991 0.363 497.1 58.6 500.4 333.7 80
001991 0.343 1.1 51.3 3.5 178.7 80
001991 0.285 491.0 -1.6 504.1 18.6 80
001991 0.262 0.1 75.0 9.9 315.1 80
001991 0.258 24.6 104.2 373.1 274.6 80
001991 0.253 0.8 192.2 3.4 325.0 80
001991 0.229 1.2 30.8 6.3 226.8 80
001991 0.210 -2.4 105.2 495.2 258.5 80
001991 0.200 -1.7 115.8 382.4 278.2 80
001991 0.195 2.0 148.0 16.3 378.9 80
001991 0.188 -1.1 46.2 26.3 309.6 80
001991 0.187 130.7 365.8 389.8 376.9 80
001991 0.183 -1.3 306.8 18.4 386.6 80
001991 0.169 -14.8 125.0 303.4 249.2 80
001991 0.168 479.2 275.6 506.8 368.4 80
001991 0.153 359.7 158.0 496.8 379.2 80
001991 0.147 1.8 98.2 73.1 349.8 80
001991 0.145 -8.8 142.1 340.9 278.8 80
001991 0.142 0.2 199.4 209.8 353.6 80
001991 0.141 -5.3 123.2 350.8 256.0 80
001991 0.141 336.7 359.8 460.0 378.6 80
001991 0.140 35.3 203.0 312.6 330.3 80
001991 0.140 27.5 137.7 349.3 269.0 80
001991 0.140 82.6 163.4 402.2 285.7 80
001991 0.139 63.8 148.9 376.7 277.1 80
001991 0.138 43.6 181.6 355.7 302.2 80
001991 0.137 384.6 165.2 464.6 218.7 80
001991 0.135 157.7 356.6 326.5 375.4 80
001991 0.135 114.6 226.9 388.1 348.2 80
001991 0.134 354.8 176.7 447.4 228.6 80
001991 0.134 -8.8 174.1 292.3 297.7 80
001991 0.134 186.8 197.7 442.1 347.0 80
001991 0.134 117.9 239.6 187.4 286.3 80
001991 0.133 230.4 185.3 477.6 341.1 80
001991 0.133 308.6 334.0 425.7 371.7 80
001991 0.133 71.3 321.4 199.9 370.4 80
001991 0.132 115.5 195.8 288.6 285.3 80
001991 0.130 149.5 237.8 230.6 285.9 80
001991 0.130 144.0 323.8 268.9 369.0 80
001991 0.130 363.0 153.7 441.0 214.3 80
001991 0.129 116.5 208.3 379.8 314.7 80
001991 0.128 405.2 345.9 495.2 373.4 80
001991 0.127 -15.2 152.5 239.8 277.2 80
001991 0.127 207.4 329.9 329.1 369.9 80
001991 0.127 363.5 187.5 474.6 338.1 80
001991 0.126 267.0 354.4 384.4 376.1 80
001991 0.124 174.9 213.8 266.1 269.6 80
001991 0.124 50.8 358.0 162.3 378.0 80
001991 0.123 117.2 355.5 221.2 377.3 80
001991 0.123 71.3 205.9 148.5 262.3 80
001991 0.123 43.1 224.3 112.8 280.6 80
001991 0.121 251.2 240.4 417.8 303.1 80
001991 0.121 19.9 333.2 101.1 372.2 80
001991 0.120 7.6 157.0 275.6 256.1 80
001991 0.119 190.4 218.4 361.0 286.4 80
001991 0.116 161.6 188.9 429.8 270.5 80
001991 0.116 175.9 168.1 515.2 273.9 80
001991 0.115 153.4 171.6 373.6 259.4 80
001991 0.114 181.6 134.9 345.6 190.9 80
001991 0.113 -41.2 30.0 102.0 80.4 80
001991 0.112 189.0 128.9 431.2 196.2 80
001991 0.111 109.4 130.8 375.1 200.4 80
001991 0.111 88.9 102.3 348.1 166.8 80
001991 0.111 -15.3 120.0 126.7 186.3 80
001991 0.111 171.1 122.8 524.6 204.9 80
001991 0.109 219.1 126.6 557.1 219.7 80
001991 0.108 17.7 60.9 341.6 122.0 80
001991 0.106 254.2 84.6 678.1 150.4 80
001991 0.106 244.7 131.0 623.6 226.0 80
001991 0.105 -69.8 12.5 357.1 55.5 80
001991 0.104 -133.1 10.8 324.3 49.2 80
001991 0.104 182.1 28.7 560.6 86.5 80
001991 0.103 49.2 3.7 545.2 41.9 80
001991 0.101 -46.4 0.4 452.5 28.0 80
001991 0.100 333.8 80.9 498.1 196.3 80
001991 0.099 0.6 0.6 499.5 27.0 80
001991 0.097 492.6 87.5 500.4 176.2 6
001991 0.096 74.5 -0.3 573.5 25.1 80
001991 0.095 208.9 -2.2 707.8 16.2 80
001991 0.094 -190.5 -1.6 254.7 21.3 80
001991 0.093 -184.9 0.6 313.9 23.4 80
001991 0.093 -138.2 -0.9 360.6 20.8 80
001991 0.093 126.0 -2.4 625.0 23.4 80
001991 0.093 -89.4 -1.5 409.6 21.8 80
001991 0.092 -37.2 -2.5 461.8 20.4 80
001991 0.092 81.6 -1.7 580.5 19.7 80
