002060 0.775 201.6 153.4 301.3 326.4 14
002060 0.738 90.6 166.9 205.7 312.6 80
002060 0.722 93.1 160.6 208.9 303.2 80
002060 0.707 205.0 160.0 299.1 328.4 80
002060 0.705 209.0 169.4 294.8 312.8 80
002060 0.704 197.4 235.9 238.3 316.4 80
002060 0.689 409.8 180.0 449.7 267.5 80
002060 0.677 211.4 233.2 286.6 368.3 80
002060 0.671 258.8 175.3 295.6 300.4 80
002060 0.671 396.2 166.5 445.0 365.6 80
002060 0.658 467.2 339.2 499.9 376.3 80
002060 0.654 431.2 176.8 456.4 231.6 80
002060 0.653 385.1 286.7 495.8 375.5 80
002060 0.646 433.5 176.6 458.2 235.5 80
002060 0.644 492.6 168.2 500.1 257.2 80
002060 0.644 261.3 223.7 292.9 299.0 80
002060 0.643 345.7 262.3 468.1 373.9 80
002060 0.639 0.8 236.8 51.4 353.5 80
002060 0.617 351.5 170.7 441.9 294.9 80
002060 0.614 1.0 245.1 52.5 371.4 80
002060 0.608 348.2 268.6 491.5 370.6 80
002060 0.596 345.3 182.3 444.0 331.5 80
002060 0.595 381.7 194.1 432.0 249.2 80
002060 0.589 200.3 246.9 218.5 301.0 80
002060 0.582 396.6 184.2 445.7 298.3 80
002060 0.578 342.9 157.1 457.9 327.0 80
002060 0.570 479.0 261.0 501.3 376.1 80
002060 0.563 496.2 212.8 500.0 340.4 80
002060 0.562 350.2 208.2 492.4 377.2 80
002060 0.555 152.1 231.6 349.9 371.4 80
002060 0.537 170.0 158.3 330.6 349.7 80
002060 0.524 491.4 76.2 500.5 268.1 80
002060 0.521 206.5 232.0 291.1 374.6 80
002060 0.520 1.3 45.5 7.9 112.9 80
002060 0.500 497.6 96.0 500.1 177.4 80
002060 0.468 1.8 237.0 54.7 376.7 80
002060 0.456 0.9 218.3 6.0 315.7 80
002060 0.452 203.8 288.8 301.0 380.1 80
002060 0.437 2.1 238.8 57.8 374.9 80
002060 0.407 209.0 228.2 289.9 375.8 1
002060 0.366 496.8 101.1 500.5 359.1 80
002060 0.359 3.7 -1.0 35.1 15.0 80
002060 0.347 1.1 91.0 3.5 183.2 80
002060 0.326 227.0 207.9 290.3 298.5 80
002060 0.304 -0.9 -0.4 11.4 351.9 80
002060 0.260 -1.3 25.3 30.2 371.0 80
002060 0.249 229.3 223.2 279.1 281.6 80
002060 0.231 209.0 228.2 289.9 375.8 80
002060 0.231 113.8 332.6 399.0 381.7 80
002060 0.229 239.5 211.7 280.8 252.1 80
002060 0.212 81.6 231.4 115.5 298.7 80
002060 0.204 350.2 208.2 492.4 377.2 8
002060 0.198 232.7 259.1 266.8 317.3 80
002060 0.187 129.2 244.4 173.4 288.6 80
002060 0.180 206.5 232.0 291.1 374.6 1
002060 0.179 0.2 105.6 40.4 379.8 80
002060 0.164 9.3 326.9 67.2 378.4 80
002060 0.161 369.8 247.6 414.7 296.1 80
002060 0.151 262.9 232.7 295.9 267.6 80
002060 0.149 1.8 237.0 54.7 376.7 17
002060 0.148 42.4 294.1 226.6 381.7 80
002060 0.146 396.6 184.2 445.7 298.3 8
002060 0.145 41.4 361.1 148.7 377.5 80
002060 0.144 211.9 233.8 246.0 266.1 80
002060 0.142 257.7 358.1 386.0 376.4 80
002060 0.141 105.9 359.7 229.3 377.0 80
002060 0.140 2.1 238.8 57.8 374.9 8
002060 0.136 74.1 133.2 287.8 281.6 80
002060 0.134 173.9 254.3 216.3 291.9 80
002060 0.134 152.2 197.8 352.2 316.7 80
002060 0.132 265.7 195.4 484.7 349.4 80
002060 0.131 62.3 227.3 291.4 346.1 80
002060 0.130 86.3 232.6 140.1 279.9 80
002060 0.129 29.2 85.4 180.4 290.7 80
002060 0.129 72.9 240.2 117.2 282.5 80
002060 0.129 385.1 286.7 495.8 375.5 8
002060 0.127 21.5 204.1 150.1 356.6 80
002060 0.126 311.9 253.9 362.6 294.8 80
002060 0.126 103.1 106.5 393.3 276.6 80
002060 0.125 246.6 90.1 450.0 298.6 80
002060 0.124 225.2 156.8 448.1 301.4 80
002060 0.124 39.2 193.5 226.0 314.5 80
002060 0.122 2.1 238.8 57.8 374.9 17
002060 0.119 1.8 237.0 54.7 376.7 8
002060 0.118 128.6 157.7 195.5 209.9 80
002060 0.117 22.2 149.1 110.6 271.3 80
002060 0.116 18.1 153.7 79.3 227.4 80
002060 0.115 194.7 161.5 318.0 231.9 80
002060 0.111 -45.3 46.6 106.5 119.5 80
002060 0.108 -63.1 22.7 336.3 84.2 80
002060 0.107 160.8 25.3 558.8 89.8 80
002060 0.106 54.1 4.4 539.2 52.0 80
002060 0.106 -118.8 16.7 306.3 74.2 80
002060 0.106 410.4 21.9 556.5 92.5 80
002060 0.105 210.0 12.8 616.2 63.7 80
002060 0.105 351.5 170.7 441.9 294.9 8
002060 0.105 253.1 9.7 645.1 57.9 80
002060 0.104 1.6 1.3 498.8 33.5 80
002060 0.099 -45.9 0.6 453.1 27.2 80
002060 0.095 -182.8 -1.5 316.2 21.7 80
