002009 0.690 -0.3 325.5 38.5 371.3 80
002009 0.673 466.4 342.0 499.5 375.0 80
002009 0.672 283.7 167.2 306.5 227.7 80
002009 0.652 285.1 165.9 307.3 217.3 80
002009 0.639 97.8 83.7 324.2 319.5 80
002009 0.628 100.0 81.5 502.7 331.5 18
002009 0.618 494.0 199.8 499.9 249.1 80
002009 0.609 494.5 69.9 500.4 139.8 80
002009 0.586 1.2 254.9 10.0 359.5 80
002009 0.548 496.3 205.7 500.2 313.1 80
002009 0.476 101.2 89.1 362.9 312.9 80
002009 0.468 107.0 85.4 501.9 308.6 80
002009 0.437 1.2 201.9 4.3 281.1 80
002009 0.427 495.7 27.8 500.5 77.8 80
002009 0.425 284.9 165.4 307.2 233.0 80
002009 0.363 1.2 90.0 3.7 186.2 80
002009 0.310 498.4 78.2 500.1 213.0 80
002009 0.304 1.3 37.9 8.9 293.4 80
002009 0.282 498.7 133.2 500.2 297.5 80
002009 0.277 1.3 93.5 8.4 351.5 80
002009 0.268 270.5 198.5 302.8 246.8 80
002009 0.255 0.9 10.2 3.9 98.4 80
002009 0.234 284.9 165.4 307.2 233.0 14
002009 0.232 492.3 82.4 499.9 371.8 80
002009 0.195 1.2 26.2 17.9 333.8 80
002009 0.188 0.6 196.2 20.3 380.2 80
002009 0.175 488.9 115.2 503.3 321.0 80
002009 0.174 483.4 287.7 506.2 367.3 80
002009 0.172 81.7 111.2 462.1 281.2 80
002009 0.170 91.6 125.6 488.2 294.0 80
002009 0.166 80.9 143.7 445.2 294.3 80
002009 0.162 1.4 76.0 49.1 373.8 80
002009 0.149 149.1 133.2 505.2 283.7 80
002009 0.148 323.3 200.1 506.0 360.5 80
002009 0.146 176.6 161.4 470.0 290.5 80
002009 0.143 79.4 119.0 423.7 255.5 80
002009 0.142 154.4 242.9 226.6 308.8 80
002009 0.142 115.9 225.6 399.2 347.8 80
002009 0.142 241.3 215.4 298.7 257.8 80
002009 0.141 64.9 221.4 288.2 347.5 80
002009 0.139 210.1 228.3 307.4 295.0 80
002009 0.139 69.5 319.7 190.3 373.6 80
002009 0.139 79.1 140.1 418.9 286.9 80
002009 0.138 17.7 204.5 160.7 369.2 80
002009 0.137 159.2 197.4 461.7 326.0 80
002009 0.137 204.1 188.1 492.7 319.7 80
002009 0.136 170.4 360.2 337.5 377.9 80
002009 0.136 17.7 337.8 84.9 373.7 80
002009 0.135 171.2 226.5 237.4 287.3 80
002009 0.134 107.9 194.0 406.0 321.6 80
002009 0.134 236.8 167.6 513.4 283.1 80
002009 0.133 299.2 337.6 416.9 369.6 80
002009 0.132 229.5 207.8 316.9 265.4 80
002009 0.132 71.0 188.4 348.5 314.2 80
002009 0.130 337.3 214.7 468.5 315.9 80
002009 0.130 143.1 319.8 283.3 368.9 80
002009 0.130 340.6 357.9 452.0 378.8 80
002009 0.129 47.3 358.3 148.2 378.2 80
002009 0.128 27.5 180.2 241.9 316.6 80
002009 0.128 40.7 156.9 283.3 286.7 80
002009 0.126 210.0 329.7 335.8 368.5 80
002009 0.126 290.9 202.3 438.2 283.2 80
002009 0.125 19.6 136.0 177.9 302.8 80
002009 0.125 77.3 144.5 324.4 254.9 80
002009 0.125 12.6 164.6 77.3 275.8 80
002009 0.124 175.4 347.9 316.7 375.3 80
002009 0.123 405.8 344.7 495.7 372.9 80
002009 0.123 114.3 202.0 181.1 260.0 80
002009 0.120 119.2 352.5 227.1 377.7 80
002009 0.119 279.2 182.7 437.1 251.2 80
002009 0.118 169.6 149.2 268.0 212.5 80
002009 0.117 268.9 349.9 377.6 375.5 80
002009 0.116 38.2 150.6 210.4 253.8 80
002009 0.115 27.7 164.8 171.7 231.9 80
002009 0.115 244.9 128.0 432.6 186.7 80
002009 0.115 10.9 128.2 83.7 200.8 80
002009 0.113 -40.3 44.1 103.3 106.4 80
002009 0.112 80.3 218.9 164.6 272.7 80
002009 0.111 38.6 78.0 320.8 152.2 80
002009 0.110 264.2 163.0 593.6 260.1 80
002009 0.110 241.9 131.6 559.1 217.3 80
002009 0.108 101.6 36.0 484.5 106.3 80
002009 0.108 473.2 11.7 511.3 69.4 80
002009 0.106 17.3 2.2 491.9 44.3 80
002009 0.106 -106.2 8.3 380.8 46.4 80
002009 0.105 191.2 26.5 605.0 88.4 80
002009 0.105 -47.0 0.1 450.5 38.3 80
002009 0.104 -156.5 7.6 339.9 36.6 80
002009 0.104 276.7 73.3 636.0 166.4 80
002009 0.103 238.4 11.2 654.7 56.7 80
002009 0.101 73.9 -0.6 572.7 29.8 80
002009 0.100 100.0 81.5 502.7 331.5 80
002009 0.095 -131.2 -2.2 193.6 21.2 80
002009 0.093 -139.6 -0.4 359.1 22.6 80
002009 0.093 -38.9 -2.0 460.0 21.5 80
002009 0.093 -186.3 2.3 312.0 25.3 80
002009 0.092 -93.0 0.5 405.9 24.8 80
002009 0.092 21.0 -2.7 520.0 22.5 80
002009 0.091 80.6 -2.4 579.6 21.6 80
002009 0.091 156.3 -0.9 655.1 24.3 80
