002160 0.709 1.0 103.8 236.5 250.1 11
002160 0.702 464.0 256.3 502.2 333.1 80
002160 0.684 207.3 126.0 500.3 305.8 11
002160 0.675 475.6 208.3 501.8 328.3 80
002160 0.667 290.3 149.6 498.7 296.5 80
002160 0.660 1.7 108.5 500.5 290.1 80
002160 0.657 192.4 123.3 404.5 284.5 80
002160 0.632 211.7 127.3 414.7 280.1 80
002160 0.622 189.0 118.5 498.5 304.8 80
002160 0.601 1.1 115.6 500.1 297.7 80
002160 0.596 -1.0 77.2 498.0 334.3 80
002160 0.583 471.8 338.2 500.4 376.8 80
002160 0.562 181.3 127.9 508.5 296.1 80
002160 0.534 4.3 108.2 240.9 245.8 80
002160 0.531 216.2 141.6 505.0 299.7 80
002160 0.500 496.2 127.4 500.3 271.7 80
002160 0.494 1.4 106.8 6.0 207.4 80
002160 0.492 -4.2 103.8 295.4 259.7 80
002160 0.486 371.0 185.7 503.0 298.5 80
002160 0.473 497.7 55.1 500.3 172.1 80
002160 0.464 435.4 99.0 496.7 325.9 80
002160 0.462 305.9 -0.4 358.0 8.1 80
002160 0.459 12.1 101.4 250.6 243.9 80
002160 0.451 235.1 134.5 500.6 283.7 80
002160 0.425 184.6 148.4 514.1 303.6 80
002160 0.421 378.0 -0.3 446.4 8.0 80
002160 0.414 428.3 -0.2 480.7 6.7 80
002160 0.409 1.0 136.2 4.3 263.6 80
002160 0.373 1.1 71.4 10.0 224.8 80
002160 0.355 496.3 28.1 500.6 281.1 80
002160 0.332 445.6 7.2 501.5 344.2 80
002160 0.298 -0.1 111.2 246.3 230.7 80
002160 0.227 0.7 0.9 4.0 91.9 80
002160 0.218 -1.7 51.7 23.6 308.6 80
002160 0.217 0.4 174.4 4.6 341.0 80
002160 0.214 0.9 54.7 7.1 319.2 80
002160 0.185 258.3 228.8 348.2 304.8 80
002160 0.174 0.4 158.9 26.6 383.4 80
002160 0.171 0.4 72.0 62.0 387.6 80
002160 0.171 139.6 198.7 193.8 244.6 80
002160 0.157 -4.9 319.7 32.9 383.2 80
002160 0.155 71.9 159.0 233.0 267.7 80
002160 0.154 305.7 247.4 401.0 307.7 80
002160 0.152 306.9 183.6 510.2 342.1 80
002160 0.151 113.1 203.9 151.0 236.7 80
002160 0.151 284.0 317.3 447.3 376.4 80
002160 0.150 68.1 218.9 170.8 273.9 80
002160 0.146 207.3 126.0 500.3 305.8 80
002160 0.146 157.7 361.8 362.1 377.5 80
002160 0.146 324.5 208.2 495.6 307.4 80
002160 0.142 60.4 295.2 213.4 377.6 80
002160 0.139 166.6 190.1 467.2 323.3 80
002160 0.138 -1.2 174.1 206.3 365.6 80
002160 0.137 25.0 151.2 271.6 262.1 80
002160 0.136 105.1 224.5 401.3 351.3 80
002160 0.136 139.4 317.0 283.6 370.9 80
002160 0.135 35.6 209.7 104.1 258.3 80
002160 0.135 345.5 241.2 397.7 280.3 80
002160 0.134 14.9 169.8 249.3 292.7 80
002160 0.134 166.2 181.7 224.8 228.2 80
002160 0.133 50.2 196.0 295.9 344.4 80
002160 0.132 285.0 225.7 338.3 268.6 80
002160 0.130 206.7 321.4 345.2 369.7 80
002160 0.129 117.0 202.8 389.7 325.3 80
002160 0.129 -143.8 -0.9 353.6 10.0 80
002160 0.128 60.3 187.0 340.4 310.7 80
002160 0.127 338.2 356.3 450.8 379.2 80
002160 0.127 221.5 231.1 332.0 290.9 80
002160 0.127 169.2 351.2 329.7 374.8 80
002160 0.126 -18.7 157.3 235.6 261.6 80
002160 0.125 183.9 207.3 252.4 253.8 80
002160 0.124 65.7 191.5 232.9 255.3 80
002160 0.124 50.8 356.5 159.2 378.4 80
002160 0.123 20.6 331.4 101.0 371.9 80
002160 0.122 130.0 215.8 329.2 287.0 80
002160 0.122 119.2 354.0 228.0 377.2 80
002160 0.121 403.2 338.5 492.0 373.3 80
002160 0.120 266.7 350.4 384.2 375.7 80
002160 0.119 -1.8 44.6 45.4 101.1 80
002160 0.118 108.7 182.4 237.9 264.7 80
002160 0.118 141.2 157.5 349.7 218.6 80
002160 0.118 355.1 191.5 453.8 247.2 80
002160 0.117 -29.8 143.5 215.6 225.9 80
002160 0.114 146.3 106.9 394.4 173.4 80
002160 0.108 -63.6 58.7 245.6 123.1 80
002160 0.107 157.4 29.3 556.5 96.6 80
002160 0.106 190.0 11.1 627.8 55.2 80
002160 0.105 -45.1 -0.5 448.3 42.2 80
002160 0.105 286.7 86.4 617.7 181.1 80
002160 0.102 -41.7 -1.7 457.3 15.8 80
002160 0.102 48.8 2.4 547.7 38.6 80
002160 0.101 201.3 6.7 688.9 38.0 80
002160 0.100 321.9 9.2 643.8 47.7 80
002160 0.100 0.8 0.3 499.8 28.8 80
002160 0.099 236.4 -1.0 734.7 18.2 80
002160 0.097 117.9 0.8 616.9 20.0 80
002160 0.096 -183.3 -1.8 246.5 19.7 80
002160 0.094 21.1 -1.6 520.1 20.1 80
002160 0.094 -185.0 0.5 313.9 24.0 80
002160 0.093 -91.5 -0.9 407.5 23.6 80
